47 62 1
11 18 1
19 52 1
33 70 1
10 14 1
14 62 1
10 62 1
14 47 1
12 68 1
58 69 1
15 19 1
15 52 1
16 32 1
2 11 1
2 18 1
45 51 1
38 41 1
0 13 1
35 69 1
35 58 1
22 67 1
34 68 1
12 34 1
46 59 1
1 63 1
42 49 1
42 46 1
46 49 1
42 59 1
68 68 1
18 20 1
2 20 1
11 20 1
7 10 1
7 62 1
7 14 1
25 48 1
56 67 1
22 56 1
11 70 1
18 70 1
20 70 1
2 70 1
11 33 1
37 39 1
0 11 1
11 13 1
0 33 1
0 2 1
0 70 1
0 18 1
0 20 1
38 55 1
41 55 1
73 117 1
95 140 1
100 119 1
90 118 1
105 134 1
82 135 1
77 88 1
90 110 1
110 118 1
96 139 1
91 140 1
91 95 1
132 134 1
105 132 1
132 139 1
105 139 1
134 139 1
96 132 1
75 111 1
88 134 1
77 134 1
88 105 1
88 139 1
88 132 1
125 135 1
82 125 1
88 130 1
130 132 1
130 134 1
105 130 1
130 139 1
77 130 1
77 107 1
88 107 1
107 130 1
107 134 1
128 139 1
96 128 1
128 130 1
128 132 1
128 134 1
105 128 1
88 128 1
121 143 1
95 109 1
91 109 1
109 140 1
72 87 1
100 130 1
119 130 1
100 128 1
100 107 1
100 132 1
100 134 1
100 105 1
100 139 1
77 100 1
88 100 1
170 178 1
164 174 1
165 211 1
178 209 1
170 209 1
185 211 1
165 185 1
167 208 1
165 183 1
183 185 1
183 211 1
172 182 1
171 196 1
159 215 1
149 154 1
156 184 1
161 213 1
146 209 1
146 178 1
146 170 1
155 198 1
169 206 1
149 184 1
154 184 1
149 156 1
186 202 1
144 214 1
153 183 1
153 185 1
153 211 1
153 165 1
176 207 1
173 215 1
159 173 1
181 206 1
169 181 1
158 210 1
202 208 1
186 208 1
167 202 1
196 208 1
171 208 1
196 202 1
186 196 1
167 196 1
196 200 1
167 200 1
200 202 1
171 200 1
200 208 1
186 200 1
165 201 1
153 201 1
185 201 1
201 211 1
183 201 1
226 226 1
241 257 1
224 276 1
216 228 1
235 273 1
249 267 1
228 277 1
216 277 1
225 246 1
241 250 1
250 257 1
216 234 1
228 234 1
234 277 1
249 277 1
267 277 1
216 249 1
234 249 1
228 249 1
222 274 1
244 259 1
257 284 1
241 284 1
250 284 1
224 232 1
232 276 1
259 269 1
244 269 1
252 271 1
230 244 1
230 259 1
230 269 1
220 237 1
235 258 1
258 273 1
220 270 1
237 270 1
218 236 1
238 284 1
238 257 1
238 250 1
238 241 1
245 267 1
245 249 1
245 277 1
221 222 1
221 274 1
228 261 1
216 261 1
249 261 1
234 261 1
261 277 1
225 247 1
246 247 1
289 345 1
304 335 1
323 326 1
302 332 1
350 359 1
313 330 1
289 320 1
320 345 1
298 352 1
350 357 1
357 359 1
296 344 1
325 346 1
308 336 1
313 345 1
330 345 1
313 320 1
289 313 1
289 299 1
299 320 1
299 345 1
299 313 1
313 359 1
320 359 1
289 359 1
330 359 1
299 359 1
345 359 1
313 357 1
313 350 1
338 352 1
298 338 1
290 327 1
330 350 1
345 350 1
330 357 1
347 350 1
347 357 1
347 359 1
330 347 1
345 347 1
313 347 1
288 295 1
288 307 1
295 307 1
302 320 1
320 332 1
289 302 1
302 359 1
299 302 1
302 345 1
302 313 1
296 337 1
337 344 1
360 413 1
370 427 1
381 406 1
422 424 1
370 413 1
413 427 1
360 370 1
362 431 1
369 422 1
369 424 1
396 425 1
362 399 1
399 431 1
361 408 1
381 388 1
388 406 1
364 385 1
364 405 1
385 405 1
371 417 1
394 430 1
373 425 1
373 396 1
417 423 1
371 423 1
378 415 1
369 397 1
397 424 1
397 422 1
391 425 1
391 396 1
373 391 1
362 421 1
399 421 1
421 431 1
375 405 1
375 385 1
364 375 1
367 385 1
364 367 1
367 405 1
367 375 1
370 395 1
360 395 1
395 427 1
395 413 1
375 404 1
385 404 1
364 404 1
404 405 1
367 404 1
394 398 1
398 430 1
387 413 1
360 387 1
370 387 1
387 427 1
387 395 1
444 450 1
465 496 1
458 499 1
443 468 1
437 447 1
441 485 1
440 496 1
440 465 1
441 463 1
463 485 1
451 501 1
461 494 1
500 503 1
440 495 1
495 496 1
465 495 1
468 486 1
443 486 1
457 485 1
441 457 1
457 463 1
441 491 1
457 491 1
485 491 1
463 491 1
442 466 1
472 503 1
472 500 1
445 464 1
452 482 1
458 458 1
476 478 1
473 482 1
452 473 1
447 459 1
437 459 1
476 491 1
478 491 1
476 485 1
457 476 1
463 476 1
441 476 1
434 471 1
449 498 1
449 450 1
450 498 1
444 449 1
447 457 1
457 459 1
437 457 1
447 485 1
447 491 1
447 463 1
441 447 1
447 476 1
510 575 1
521 570 1
515 530 1
509 574 1
517 536 1
518 545 1
524 558 1
517 571 1
536 571 1
513 526 1
504 538 1
532 567 1
511 519 1
514 526 1
513 514 1
514 571 1
513 571 1
526 571 1
514 536 1
514 517 1
562 562 1
519 564 1
511 564 1
547 550 1
507 557 1
546 568 1
504 572 1
538 572 1
540 550 1
540 547 1
510 517 1
517 575 1
510 536 1
510 514 1
510 571 1
511 570 1
564 570 1
519 570 1
511 521 1
523 555 1
517 527 1
514 527 1
527 536 1
527 571 1
510 527 1
527 575 1
547 561 1
540 561 1
550 561 1
547 553 1
553 561 1
540 553 1
550 553 1
510 537 1
514 537 1
517 537 1
527 537 1
536 537 1
537 571 1
537 575 1
582 587 1
591 628 1
611 620 1
634 643 1
622 634 1
622 643 1
593 619 1
634 635 1
635 643 1
622 635 1
609 634 1
609 635 1
609 643 1
609 622 1
596 616 1
591 598 1
598 628 1
614 632 1
590 611 1
590 620 1
637 638 1
600 627 1
627 634 1
600 634 1
609 627 1
627 643 1
622 627 1
627 635 1
591 638 1
628 638 1
598 638 1
591 637 1
579 621 1
642 643 1
609 642 1
622 642 1
627 642 1
634 642 1
635 642 1
595 647 1
588 600 1
588 634 1
588 627 1
622 641 1
609 641 1
641 642 1
641 643 1
627 641 1
634 641 1
635 641 1
627 637 1
609 637 1
637 642 1
637 643 1
637 641 1
588 637 1
622 637 1
600 637 1
634 637 1
635 637 1
591 627 1
627 638 1
682 684 1
685 691 1
657 674 1
686 717 1
656 704 1
683 706 1
659 713 1
660 719 1
651 707 1
664 705 1
662 702 1
659 681 1
681 713 1
679 702 1
662 679 1
684 703 1
682 703 1
695 714 1
688 700 1
652 694 1
670 672 1
693 715 1
654 656 1
654 704 1
704 707 1
656 707 1
654 707 1
651 704 1
676 702 1
662 676 1
676 679 1
674 680 1
657 680 1
662 718 1
676 718 1
702 718 1
679 718 1
649 660 1
649 719 1
696 697 1
680 702 1
657 702 1
674 702 1
676 680 1
679 680 1
680 718 1
662 680 1
652 658 1
658 694 1
670 707 1
672 707 1
670 704 1
651 670 1
654 670 1
656 670 1
742 769 1
737 770 1
744 754 1
730 753 1
773 777 1
723 735 1
754 787 1
744 787 1
777 782 1
773 782 1
731 784 1
724 786 1
773 774 1
774 777 1
774 782 1
784 786 1
731 786 1
724 784 1
735 759 1
723 759 1
730 751 1
751 753 1
731 739 1
739 784 1
739 786 1
777 786 1
774 786 1
773 786 1
782 786 1
739 777 1
777 784 1
724 777 1
731 777 1
767 777 1
739 767 1
767 773 1
767 774 1
767 782 1
767 784 1
767 786 1
724 767 1
731 767 1
762 775 1
778 779 1
730 748 1
748 753 1
748 751 1
764 788 1
732 783 1
737 767 1
767 770 1
737 739 1
737 773 1
737 774 1
737 777 1
737 782 1
737 784 1
737 786 1
724 737 1
731 737 1
840 846 1
854 855 1
818 859 1
817 821 1
860 861 1
829 848 1
804 834 1
792 801 1
801 805 1
792 805 1
812 830 1
794 827 1
806 841 1
809 841 1
806 809 1
807 822 1
818 822 1
822 859 1
807 818 1
838 841 1
809 838 1
806 838 1
848 853 1
829 853 1
835 838 1
835 841 1
806 835 1
809 835 1
802 817 1
802 821 1
802 831 1
817 831 1
821 831 1
824 838 1
824 841 1
824 835 1
806 824 1
809 824 1
793 802 1
793 817 1
793 821 1
793 831 1
810 841 1
810 835 1
806 810 1
810 838 1
809 810 1
810 824 1
833 842 1
810 861 1
835 861 1
806 861 1
838 861 1
841 861 1
809 861 1
824 861 1
810 860 1
867 906 1
899 930 1
890 923 1
917 931 1
881 931 1
881 917 1
874 884 1
900 923 1
890 900 1
905 914 1
868 906 1
867 868 1
918 933 1
881 894 1
894 931 1
894 917 1
884 886 1
874 886 1
882 913 1
882 909 1
909 913 1
887 913 1
882 887 1
887 909 1
893 905 1
893 914 1
914 926 1
905 926 1
893 926 1
867 884 1
884 906 1
868 884 1
867 874 1
867 886 1
887 924 1
913 924 1
882 924 1
909 924 1
890 899 1
899 923 1
899 900 1
890 930 1
876 927 1
925 930 1
890 925 1
899 925 1
864 883 1
892 932 1
920 923 1
890 920 1
899 920 1
900 920 1
875 902 1
908 915 1
975 981 1
947 954 1
990 997 1
978 1006 1
985 998 1
944 963 1
940 999 1
950 956 1
955 983 1
979 994 1
963 995 1
944 995 1
970 988 1
992 992 1
949 979 1
949 994 1
936 976 1
949 970 1
970 994 1
970 979 1
949 988 1
984 990 1
984 997 1
949 1000 1
994 1000 1
979 1000 1
988 1000 1
970 1000 1
953 979 1
953 970 1
953 1000 1
953 994 1
949 953 1
973 980 1
958 966 1
940 982 1
982 999 1
987 995 1
944 987 1
963 987 1
947 977 1
954 977 1
949 981 1
981 994 1
981 1000 1
970 981 1
979 981 1
953 981 1
981 988 1
949 975 1
983 984 1
955 984 1
983 997 1
983 990 1
1014 1021 1
1030 1039 1
1008 1062 1
1031 1052 1
1054 1062 1
1008 1054 1
1018 1073 1
1033 1070 1
1017 1043 1
1009 1034 1
1053 1055 1
1017 1056 1
1043 1056 1
1039 1078 1
1030 1078 1
1036 1039 1
1036 1078 1
1030 1036 1
1033 1067 1
1067 1070 1
1048 1068 1
1032 1074 1
1053 1069 1
1055 1069 1
1009 1079 1
1034 1079 1
1056 1061 1
1017 1061 1
1043 1061 1
1010 1052 1
1010 1031 1
1057 1070 1
1033 1057 1
1057 1067 1
1009 1011 1
1011 1034 1
1011 1079 1
1022 1071 1
1044 1060 1
1062 1066 1
1008 1066 1
1054 1066 1
1018 1071 1
1071 1073 1
1018 1022 1
1034 1059 1
1009 1059 1
1011 1059 1
1059 1079 1
1037 1065 1
1042 1074 1
1032 1042 1
1068 1071 1
1048 1071 1
1068 1073 1
1018 1068 1
1022 1068 1
1107 1150 1
1080 1111 1
1100 1124 1
1109 1111 1
1080 1109 1
1089 1120 1
1108 1150 1
1107 1108 1
1106 1107 1
1106 1108 1
1106 1150 1
1113 1144 1
1115 1146 1
1092 1135 1
1096 1109 1
1080 1096 1
1096 1111 1
1087 1142 1
1114 1141 1
1085 1123 1
1095 1140 1
1115 1129 1
1129 1146 1
1096 1097 1
1080 1097 1
1097 1109 1
1097 1111 1
1113 1151 1
1144 1151 1
1124 1147 1
1100 1147 1
1106 1141 1
1107 1141 1
1108 1141 1
1141 1150 1
1106 1114 1
1102 1120 1
1089 1102 1
1097 1099 1
1096 1099 1
1080 1099 1
1099 1109 1
1099 1111 1
1105 1119 1
1105 1109 1
1109 1119 1
1096 1105 1
1097 1105 1
1099 1105 1
1105 1111 1
1080 1105 1
1112 1124 1
1112 1147 1
1100 1112 1
1183 1185 1
1200 1212 1
1195 1216 1
1189 1214 1
1206 1221 1
1152 1215 1
1176 1177 1
1165 1166 1
1166 1174 1
1165 1174 1
1164 1175 1
1208 1217 1
1157 1187 1
1171 1200 1
1171 1212 1
1160 1207 1
1203 1214 1
1189 1203 1
1161 1187 1
1157 1161 1
1155 1206 1
1155 1221 1
1201 1218 1
1181 1206 1
1155 1181 1
1181 1221 1
1171 1203 1
1200 1203 1
1203 1212 1
1171 1189 1
1171 1214 1
1154 1193 1
1193 1195 1
1154 1195 1
1193 1216 1
1186 1194 1
1174 1216 1
1165 1216 1
1166 1216 1
1174 1193 1
1174 1195 1
1159 1208 1
1159 1217 1
1186 1208 1
1194 1208 1
1186 1217 1
1159 1186 1
1195 1212 1
1212 1216 1
1193 1212 1
1154 1212 1
1174 1212 1
1195 1203 1
1195 1200 1
1171 1195 1
1236 1282 1
1230 1276 1
1227 1266 1
1261 1293 1
1247 1253 1
1248 1283 1
1231 1278 1
1270 1295 1
1231 1274 1
1274 1278 1
1253 1288 1
1247 1288 1
1231 1257 1
1257 1274 1
1257 1278 1
1231 1277 1
1257 1277 1
1274 1277 1
1277 1278 1
1267 1286 1
1231 1244 1
1244 1257 1
1244 1274 1
1244 1277 1
1244 1278 1
1230 1290 1
1276 1290 1
1226 1268 1
1245 1252 1
1261 1289 1
1289 1293 1
1236 1238 1
1238 1282 1
1264 1277 1
1257 1264 1
1231 1264 1
1264 1274 1
1244 1264 1
1264 1278 1
1262 1269 1
1282 1282 1
1275 1281 1
1245 1283 1
1252 1283 1
1245 1248 1
1231 1289 1
1257 1289 1
1264 1289 1
1274 1289 1
1244 1289 1
1277 1289 1
1278 1289 1
1231 1261 1
1231 1293 1
1303 1322 1
1343 1354 1
1306 1350 1
1321 1354 1
1321 1343 1
1351 1360 1
1300 1351 1
1300 1360 1
1324 1364 1
1298 1360 1
1298 1300 1
1298 1351 1
1301 1365 1
1350 1350 1
1306 1354 1
1350 1354 1
1306 1321 1
1306 1343 1
1325 1359 1
1302 1309 1
1298 1320 1
1320 1360 1
1300 1320 1
1320 1351 1
1313 1326 1
1301 1313 1
1313 1365 1
1301 1326 1
1322 1360 1
1303 1360 1
1322 1351 1
1320 1322 1
1298 1322 1
1300 1322 1
1301 1323 1
1313 1323 1
1323 1365 1
1323 1326 1
1298 1338 1
1338 1351 1
1320 1338 1
1322 1338 1
1338 1360 1
1300 1338 1
1299 1316 1
1299 1329 1
1316 1329 1
1315 1341 1
1311 1331 1
1302 1366 1
1309 1366 1
1310 1356 1
1297 1362 1
1325 1341 1
1341 1359 1
1315 1325 1
1390 1415 1
1390 1439 1
1415 1439 1
1430 1439 1
1390 1430 1
1415 1430 1
1409 1420 1
1372 1434 1
1415 1415 1
1387 1426 1
1375 1389 1
1375 1417 1
1389 1417 1
1393 1399 1
1382 1383 1
1400 1433 1
1380 1409 1
1380 1420 1
1403 1407 1
1395 1422 1
1397 1437 1
1389 1415 1
1415 1417 1
1375 1415 1
1389 1390 1
1389 1430 1
1389 1439 1
1405 1426 1
1387 1405 1
1383 1399 1
1382 1399 1
1383 1393 1
1376 1436 1
1372 1375 1
1375 1434 1
1372 1417 1
1372 1389 1
1372 1415 1
1403 1433 1
1407 1433 1
1400 1403 1
1371 1436 1
1371 1376 1
1411 1423 1
1394 1417 1
1394 1415 1
1372 1394 1
1389 1394 1
1375 1394 1
1395 1415 1
1415 1422 1
1395 1417 1
1389 1395 1
1390 1395 1
1394 1395 1
1395 1430 1
1375 1395 1
1372 1395 1
1395 1439 1
301 503 -1
301 472 -1
301 500 -1
333 606 -1
685 1231 -1
691 1231 -1
685 1257 -1
685 1261 -1
685 1293 -1
685 1264 -1
685 1289 -1
685 1274 -1
685 1244 -1
685 1277 -1
685 1278 -1
554 1137 -1
441 1163 -1
485 1163 -1
457 1163 -1
491 1163 -1
463 1163 -1
476 1163 -1
447 1163 -1
1036 1211 -1
1030 1211 -1
1078 1211 -1
1039 1211 -1
502 1109 -1
502 1096 -1
502 1097 -1
502 1099 -1
502 1105 -1
502 1111 -1
502 1080 -1
502 1119 -1
44 596 -1
44 616 -1
795 1364 -1
795 1324 -1
808 1371 -1
808 1376 -1
808 1436 -1
1029 1378 -1
67 780 -1
56 780 -1
22 780 -1
22 982 -1
56 982 -1
67 982 -1
22 940 -1
22 999 -1
194 746 -1
1240 1369 -1
1001 1115 -1
1001 1129 -1
1001 1146 -1
286 1033 -1
286 1057 -1
286 1067 -1
286 1070 -1
1195 1353 -1
1216 1353 -1
1154 1353 -1
1171 1353 -1
1193 1353 -1
1200 1353 -1
1203 1353 -1
1174 1353 -1
1212 1353 -1
1135 1271 -1
1092 1271 -1
1059 1291 -1
1009 1291 -1
1034 1291 -1
1011 1291 -1
1079 1291 -1
575 918 -1
537 918 -1
517 918 -1
510 918 -1
527 918 -1
575 933 -1
993 1078 -1
993 1036 -1
993 1030 -1
993 1039 -1
453 1113 -1
453 1144 -1
453 1151 -1
324 1129 -1
324 1146 -1
324 1115 -1
276 956 -1
224 956 -1
232 956 -1
276 950 -1
232 794 -1
224 794 -1
276 794 -1
232 827 -1
103 434 -1
103 471 -1
13 995 -1
0 995 -1
11 995 -1
13 944 -1
13 963 -1
13 987 -1
135 349 -1
82 349 -1
125 349 -1
866 979 -1
866 994 -1
866 1000 -1
866 970 -1
866 981 -1
866 953 -1
866 949 -1
430 1355 -1
394 1355 -1
398 1355 -1
234 1204 -1
216 1204 -1
249 1204 -1
228 1204 -1
277 1204 -1
261 1204 -1
195 269 -1
195 259 -1
195 244 -1
195 230 -1
174 323 -1
164 323 -1
174 326 -1
392 1257 -1
392 1289 -1
392 1231 -1
392 1264 -1
392 1274 -1
392 1244 -1
392 1277 -1
392 1278 -1
509 1139 -1
574 1139 -1
463 1202 -1
485 1202 -1
457 1202 -1
491 1202 -1
441 1202 -1
476 1202 -1
447 1202 -1
739 952 -1
737 952 -1
777 952 -1
784 952 -1
786 952 -1
731 952 -1
767 952 -1
30 1167 -1
194 932 -1
194 892 -1
919 1224 -1
780 1431 -1
165 600 -1
153 600 -1
185 600 -1
201 600 -1
211 600 -1
183 600 -1
165 634 -1
165 627 -1
165 588 -1
165 637 -1
57 1363 -1
423 1301 -1
417 1301 -1
371 1301 -1
423 1313 -1
423 1323 -1
423 1365 -1
423 1326 -1
425 1070 -1
396 1070 -1
373 1070 -1
391 1070 -1
425 1033 -1
425 1067 -1
425 1057 -1
387 1348 -1
360 1348 -1
370 1348 -1
427 1348 -1
395 1348 -1
413 1348 -1
123 506 -1
585 1378 -1
315 1248 -1
315 1283 -1
315 1245 -1
362 1436 -1
399 1436 -1
421 1436 -1
431 1436 -1
362 1376 -1
362 1371 -1
770 872 -1
737 872 -1
767 872 -1
555 826 -1
523 826 -1
147 1169 -1
141 978 -1
141 1006 -1
653 1113 -1
653 1144 -1
653 1151 -1
391 740 -1
425 740 -1
396 740 -1
373 740 -1
573 1328 -1
137 684 -1
137 682 -1
137 703 -1
693 1438 -1
715 1438 -1
402 1388 -1
614 748 -1
632 748 -1
614 753 -1
614 730 -1
614 751 -1
175 700 -1
175 688 -1
676 1071 -1
718 1071 -1
680 1071 -1
662 1071 -1
702 1071 -1
679 1071 -1
676 1048 -1
676 1073 -1
676 1018 -1
676 1068 -1
676 1022 -1
160 935 -1
354 933 -1
354 918 -1
1019 1428 -1
527 930 -1
514 930 -1
517 930 -1
536 930 -1
537 930 -1
571 930 -1
510 930 -1
575 930 -1
527 890 -1
527 899 -1
527 925 -1
438 935 -1
90 296 -1
110 296 -1
118 296 -1
90 344 -1
90 337 -1
460 960 -1
27 1210 -1
511 1417 -1
521 1417 -1
570 1417 -1
564 1417 -1
519 1417 -1
511 1415 -1
511 1389 -1
511 1394 -1
511 1395 -1
511 1372 -1
511 1375 -1
812 969 -1
830 969 -1
681 1404 -1
713 1404 -1
659 1404 -1
787 1362 -1
744 1362 -1
754 1362 -1
787 1297 -1
373 465 -1
425 465 -1
396 465 -1
391 465 -1
373 496 -1
373 440 -1
373 495 -1
341 1241 -1
680 1324 -1
674 1324 -1
676 1324 -1
679 1324 -1
718 1324 -1
657 1324 -1
662 1324 -1
702 1324 -1
680 1364 -1
19 460 -1
52 460 -1
15 460 -1
269 507 -1
259 507 -1
244 507 -1
230 507 -1
269 557 -1
1133 1289 -1
1133 1257 -1
1133 1261 -1
1133 1231 -1
1133 1264 -1
1133 1293 -1
1133 1274 -1
1133 1244 -1
1133 1277 -1
1133 1278 -1
493 969 -1
282 722 -1
442 958 -1
466 958 -1
442 966 -1
342 1428 -1
468 1159 -1
443 1159 -1
486 1159 -1
468 1208 -1
468 1217 -1
468 1186 -1
830 985 -1
812 985 -1
830 998 -1
147 1333 -1
759 1128 -1
723 1128 -1
735 1128 -1
1113 1197 -1
1144 1197 -1
1151 1197 -1
562 680 -1
562 674 -1
562 676 -1
562 679 -1
562 718 -1
562 657 -1
562 662 -1
562 702 -1
447 1134 -1
491 1134 -1
485 1134 -1
457 1134 -1
459 1134 -1
463 1134 -1
437 1134 -1
441 1134 -1
476 1134 -1
320 934 -1
289 934 -1
359 934 -1
299 934 -1
332 934 -1
302 934 -1
345 934 -1
313 934 -1
787 858 -1
744 858 -1
754 858 -1
359 902 -1
320 902 -1
289 902 -1
357 902 -1
330 902 -1
299 902 -1
302 902 -1
345 902 -1
313 902 -1
347 902 -1
350 902 -1
359 875 -1
449 1189 -1
498 1189 -1
444 1189 -1
450 1189 -1
449 1203 -1
449 1171 -1
449 1214 -1
499 1395 -1
458 1395 -1
499 1415 -1
499 1417 -1
499 1389 -1
499 1390 -1
499 1394 -1
499 1422 -1
499 1430 -1
499 1439 -1
499 1372 -1
499 1375 -1
81 553 -1
81 561 -1
81 547 -1
81 540 -1
81 550 -1
468 1241 -1
443 1241 -1
486 1241 -1
801 902 -1
792 902 -1
805 902 -1
801 875 -1
421 913 -1
362 913 -1
431 913 -1
399 913 -1
421 882 -1
421 924 -1
421 909 -1
421 887 -1
709 875 -1
709 902 -1
1065 1124 -1
1037 1124 -1
1065 1112 -1
1065 1147 -1
1065 1100 -1
246 667 -1
225 667 -1
247 667 -1
285 414 -1
140 1330 -1
91 1330 -1
109 1330 -1
95 1330 -1
100 959 -1
128 959 -1
130 959 -1
139 959 -1
132 959 -1
134 959 -1
105 959 -1
107 959 -1
77 959 -1
119 959 -1
88 959 -1
618 738 -1
170 679 -1
209 679 -1
178 679 -1
146 679 -1
170 718 -1
170 680 -1
170 676 -1
170 662 -1
170 702 -1
630 1348 -1
629 963 -1
629 944 -1
629 995 -1
629 987 -1
361 739 -1
408 739 -1
361 737 -1
361 777 -1
361 784 -1
361 786 -1
361 731 -1
361 767 -1
265 1119 -1
265 1105 -1
265 1109 -1
91 1080 -1
140 1080 -1
109 1080 -1
95 1080 -1
91 1096 -1
91 1097 -1
91 1099 -1
91 1105 -1
91 1109 -1
91 1111 -1
936 1426 -1
976 1426 -1
936 1387 -1
936 1405 -1
941 1386 -1
694 778 -1
658 778 -1
652 778 -1
694 779 -1
547 943 -1
561 943 -1
540 943 -1
550 943 -1
553 943 -1
793 1303 -1
817 1303 -1
802 1303 -1
821 1303 -1
831 1303 -1
793 1360 -1
793 1322 -1
169 855 -1
181 855 -1
206 855 -1
169 854 -1
33 154 -1
0 154 -1
11 154 -1
70 154 -1
33 184 -1
33 149 -1
595 805 -1
647 805 -1
595 792 -1
595 801 -1
296 574 -1
344 574 -1
337 574 -1
296 509 -1
258 1297 -1
273 1297 -1
235 1297 -1
258 1362 -1
505 1089 -1
505 1120 -1
505 1102 -1
190 878 -1
1026 1156 -1
844 1098 -1
758 1378 -1
197 1174 -1
197 1216 -1
197 1193 -1
197 1195 -1
197 1165 -1
197 1166 -1
197 1212 -1
654 1367 -1
656 1367 -1
704 1367 -1
707 1367 -1
670 1367 -1
551 1143 -1
325 1190 -1
346 1190 -1
742 1226 -1
769 1226 -1
742 1268 -1
244 968 -1
259 968 -1
269 968 -1
230 968 -1
542 680 -1
542 674 -1
542 676 -1
542 679 -1
542 718 -1
542 657 -1
542 662 -1
542 702 -1
1103 1216 -1
1103 1193 -1
1103 1195 -1
1103 1165 -1
1103 1166 -1
1103 1174 -1
1103 1212 -1
292 628 -1
292 638 -1
292 598 -1
292 591 -1
172 624 -1
182 624 -1
296 1144 -1
344 1144 -1
337 1144 -1
296 1113 -1
296 1151 -1
159 1039 -1
173 1039 -1
215 1039 -1
159 1036 -1
159 1078 -1
159 1030 -1
169 570 -1
181 570 -1
206 570 -1
169 521 -1
169 519 -1
169 564 -1
169 511 -1
498 1194 -1
449 1194 -1
450 1194 -1
498 1208 -1
498 1186 -1
187 965 -1
248 406 -1
248 388 -1
248 381 -1
438 802 -1
438 817 -1
438 793 -1
438 821 -1
438 831 -1
553 1242 -1
561 1242 -1
547 1242 -1
540 1242 -1
550 1242 -1
159 257 -1
173 257 -1
215 257 -1
159 241 -1
159 250 -1
159 284 -1
159 238 -1
232 832 -1
224 832 -1
276 832 -1
870 948 -1
395 1043 -1
360 1043 -1
370 1043 -1
427 1043 -1
387 1043 -1
413 1043 -1
395 1056 -1
395 1017 -1
395 1061 -1
578 838 -1
578 835 -1
578 806 -1
578 841 -1
578 810 -1
578 809 -1
578 824 -1
578 861 -1
1183 1268 -1
1185 1268 -1
1183 1226 -1
198 592 -1
155 592 -1
610 1255 -1
303 766 -1
814 1176 -1
814 1177 -1
479 1227 -1
479 1266 -1
1044 1287 -1
1060 1287 -1
453 922 -1
645 1339 -1
362 453 -1
399 453 -1
421 453 -1
431 453 -1
109 292 -1
91 292 -1
140 292 -1
95 292 -1
940 1194 -1
982 1194 -1
999 1194 -1
940 1208 -1
940 1186 -1
888 1276 -1
888 1290 -1
888 1230 -1
551 1296 -1
409 1325 -1
409 1315 -1
409 1341 -1
409 1359 -1
717 1419 -1
686 1419 -1
655 1022 -1
655 1018 -1
655 1068 -1
655 1071 -1
1000 1243 -1
994 1243 -1
970 1243 -1
979 1243 -1
949 1243 -1
953 1243 -1
988 1243 -1
981 1243 -1
818 1357 -1
859 1357 -1
822 1357 -1
807 1357 -1
605 1195 -1
605 1216 -1
605 1154 -1
605 1171 -1
605 1193 -1
605 1200 -1
605 1203 -1
605 1174 -1
605 1212 -1
552 998 -1
552 985 -1
313 1361 -1
320 1361 -1
289 1361 -1
357 1361 -1
359 1361 -1
330 1361 -1
299 1361 -1
302 1361 -1
345 1361 -1
347 1361 -1
350 1361 -1
127 716 -1
378 663 -1
415 663 -1
771 838 -1
771 835 -1
771 806 -1
771 841 -1
771 810 -1
771 809 -1
771 824 -1
771 861 -1
1234 1352 -1
56 651 -1
67 651 -1
22 651 -1
56 704 -1
56 707 -1
56 670 -1
217 1210 -1
534 1037 -1
534 1065 -1
418 1230 -1
418 1290 -1
418 1276 -1
592 1183 -1
592 1185 -1
619 1167 -1
593 1167 -1
855 1301 -1
854 1301 -1
855 1313 -1
855 1323 -1
855 1365 -1
855 1326 -1
231 454 -1
218 470 -1
236 470 -1
625 1010 -1
625 1052 -1
625 1031 -1
499 1067 -1
458 1067 -1
499 1033 -1
499 1070 -1
499 1057 -1
213 622 -1
161 622 -1
213 609 -1
213 642 -1
213 643 -1
213 641 -1
213 627 -1
213 634 -1
213 635 -1
213 637 -1
967 1427 -1
661 796 -1
512 1120 -1
512 1089 -1
512 1102 -1
583 917 -1
583 881 -1
583 931 -1
583 894 -1
358 1416 -1
301 1248 -1
301 1283 -1
301 1245 -1
211 978 -1
153 978 -1
185 978 -1
201 978 -1
165 978 -1
183 978 -1
211 1006 -1
241 830 -1
257 830 -1
250 830 -1
284 830 -1
238 830 -1
241 812 -1
7 930 -1
10 930 -1
14 930 -1
62 930 -1
7 890 -1
7 899 -1
7 925 -1
580 1010 -1
580 1052 -1
580 1031 -1
358 722 -1
204 540 -1
204 561 -1
204 547 -1
204 550 -1
204 553 -1
453 788 -1
453 764 -1
278 961 -1
733 970 -1
733 994 -1
733 1000 -1
733 979 -1
733 949 -1
733 953 -1
733 988 -1
733 981 -1
1141 1312 -1
1114 1312 -1
1107 1312 -1
1108 1312 -1
1106 1312 -1
1150 1312 -1
224 1146 -1
232 1146 -1
276 1146 -1
224 1129 -1
224 1115 -1
73 341 -1
117 341 -1
565 691 -1
565 685 -1
169 352 -1
181 352 -1
206 352 -1
169 298 -1
169 338 -1
597 1387 -1
597 1426 -1
597 1405 -1
688 1045 -1
700 1045 -1
688 1188 -1
700 1188 -1
644 941 -1
109 905 -1
91 905 -1
140 905 -1
95 905 -1
109 914 -1
109 893 -1
109 926 -1
381 711 -1
388 711 -1
406 711 -1
879 956 -1
879 950 -1
1066 1387 -1
1008 1387 -1
1054 1387 -1
1062 1387 -1
1066 1426 -1
1066 1405 -1
313 1009 -1
320 1009 -1
289 1009 -1
357 1009 -1
359 1009 -1
330 1009 -1
299 1009 -1
302 1009 -1
345 1009 -1
347 1009 -1
350 1009 -1
313 1059 -1
313 1034 -1
313 1011 -1
313 1079 -1
107 1404 -1
88 1404 -1
130 1404 -1
100 1404 -1
77 1404 -1
134 1404 -1
68 73 -1
34 73 -1
12 73 -1
68 117 -1
857 1264 -1
857 1257 -1
857 1231 -1
857 1289 -1
857 1274 -1
857 1244 -1
857 1277 -1
857 1278 -1
652 1286 -1
658 1286 -1
694 1286 -1
652 1267 -1
1227 1351 -1
1266 1351 -1
1227 1320 -1
1227 1322 -1
1227 1360 -1
1227 1298 -1
1227 1300 -1
1227 1338 -1
571 1411 -1
513 1411 -1
514 1411 -1
517 1411 -1
526 1411 -1
527 1411 -1
536 1411 -1
537 1411 -1
510 1411 -1
571 1423 -1
165 353 -1
153 353 -1
185 353 -1
201 353 -1
211 353 -1
183 353 -1
137 671 -1
59 830 -1
42 830 -1
46 830 -1
59 812 -1
108 1060 -1
108 1044 -1
124 645 -1
1153 1394 -1
1153 1415 -1
1153 1417 -1
1153 1389 -1
1153 1395 -1
1153 1372 -1
1153 1375 -1
166 1168 -1
461 812 -1
494 812 -1
461 830 -1
428 1351 -1
428 1320 -1
428 1322 -1
428 1360 -1
428 1298 -1
428 1300 -1
428 1338 -1
375 781 -1
385 781 -1
404 781 -1
364 781 -1
405 781 -1
367 781 -1
844 1153 -1
225 771 -1
246 771 -1
247 771 -1
109 166 -1
91 166 -1
140 166 -1
95 166 -1
489 966 -1
489 958 -1
5 386 -1
409 1154 -1
409 1193 -1
409 1195 -1
409 1212 -1
398 737 -1
394 737 -1
430 737 -1
398 770 -1
398 739 -1
398 773 -1
398 774 -1
398 777 -1
398 782 -1
398 784 -1
398 786 -1
398 724 -1
398 731 -1
398 767 -1
453 748 -1
453 753 -1
453 730 -1
453 751 -1
13 1005 -1
0 1005 -1
11 1005 -1
34 1227 -1
12 1227 -1
68 1227 -1
34 1266 -1
549 649 -1
549 660 -1
549 719 -1
775 895 -1
762 895 -1
213 1275 -1
161 1275 -1
213 1281 -1
404 484 -1
385 484 -1
367 484 -1
364 484 -1
405 484 -1
375 484 -1
542 1197 -1
130 245 -1
128 245 -1
107 245 -1
132 245 -1
134 245 -1
105 245 -1
139 245 -1
77 245 -1
119 245 -1
88 245 -1
100 245 -1
130 249 -1
130 267 -1
130 277 -1
139 1400 -1
96 1400 -1
128 1400 -1
130 1400 -1
132 1400 -1
134 1400 -1
105 1400 -1
88 1400 -1
100 1400 -1
139 1433 -1
139 1403 -1
323 374 -1
326 374 -1
330 568 -1
357 568 -1
359 568 -1
345 568 -1
313 568 -1
347 568 -1
350 568 -1
330 546 -1
46 592 -1
49 592 -1
42 592 -1
59 592 -1
28 198 -1
28 155 -1
1052 1115 -1
1010 1115 -1
1031 1115 -1
1052 1129 -1
1052 1146 -1
197 302 -1
197 320 -1
197 289 -1
197 359 -1
197 299 -1
197 332 -1
197 313 -1
197 345 -1
67 1362 -1
56 1362 -1
22 1362 -1
67 1297 -1
