19 48 1
27 36 1
2 8 1
9 71 1
18 19 1
18 48 1
31 42 1
1 3 1
2 57 1
8 57 1
24 27 1
24 36 1
18 22 1
22 48 1
19 22 1
14 39 1
4 27 1
4 24 1
4 36 1
41 70 1
45 70 1
41 45 1
32 39 1
14 32 1
3 40 1
1 40 1
22 62 1
48 62 1
18 62 1
19 62 1
18 64 1
48 64 1
19 64 1
62 64 1
22 64 1
78 99 1
80 111 1
88 121 1
77 86 1
93 108 1
106 142 1
82 113 1
85 100 1
72 141 1
87 114 1
90 91 1
93 109 1
108 109 1
115 137 1
117 124 1
109 139 1
108 139 1
93 139 1
83 137 1
83 115 1
85 120 1
100 120 1
75 119 1
108 142 1
139 142 1
93 142 1
109 142 1
106 108 1
84 109 1
84 139 1
84 108 1
84 93 1
84 142 1
163 182 1
160 175 1
149 185 1
167 207 1
171 214 1
149 215 1
185 215 1
145 215 1
145 185 1
145 149 1
149 198 1
145 198 1
185 198 1
198 215 1
165 167 1
165 207 1
162 213 1
156 172 1
162 188 1
188 213 1
189 213 1
162 189 1
188 189 1
171 215 1
214 215 1
171 198 1
145 171 1
149 171 1
171 185 1
153 164 1
174 208 1
167 202 1
165 202 1
202 207 1
269 271 1
275 284 1
216 251 1
247 274 1
264 282 1
220 267 1
235 249 1
253 282 1
253 264 1
245 287 1
225 250 1
218 227 1
232 285 1
249 284 1
235 284 1
249 275 1
225 232 1
232 250 1
225 285 1
216 273 1
251 273 1
226 268 1
231 269 1
231 271 1
216 267 1
267 273 1
251 267 1
216 220 1
243 247 1
243 274 1
225 265 1
232 265 1
250 265 1
265 285 1
318 330 1
328 329 1
301 338 1
307 326 1
301 321 1
321 338 1
313 325 1
301 351 1
321 351 1
338 351 1
299 324 1
303 320 1
296 344 1
325 347 1
313 347 1
308 326 1
307 308 1
306 314 1
308 343 1
307 343 1
326 343 1
337 353 1
315 346 1
316 332 1
305 338 1
305 321 1
301 305 1
305 351 1
312 319 1
301 344 1
321 344 1
338 344 1
305 344 1
344 351 1
296 301 1
373 428 1
364 383 1
402 407 1
382 395 1
364 398 1
383 398 1
369 371 1
366 394 1
377 430 1
379 382 1
379 395 1
366 379 1
379 394 1
366 395 1
366 382 1
374 416 1
403 423 1
378 395 1
378 379 1
366 378 1
378 382 1
389 406 1
380 423 1
380 403 1
375 426 1
386 402 1
386 407 1
400 417 1
368 385 1
371 382 1
369 382 1
371 395 1
366 371 1
371 378 1
371 379 1
462 489 1
453 469 1
458 503 1
450 485 1
432 501 1
446 490 1
478 483 1
476 481 1
432 438 1
438 501 1
473 498 1
441 472 1
432 440 1
440 501 1
438 440 1
440 492 1
432 492 1
492 501 1
438 492 1
437 502 1
452 501 1
432 452 1
440 452 1
452 492 1
438 452 1
442 474 1
476 499 1
481 499 1
445 503 1
445 458 1
465 500 1
435 481 1
435 499 1
435 476 1
515 571 1
528 571 1
515 528 1
529 571 1
528 529 1
515 529 1
546 560 1
518 549 1
535 563 1
514 534 1
522 561 1
510 539 1
545 571 1
528 545 1
529 545 1
515 545 1
511 515 1
511 528 1
511 529 1
511 571 1
511 545 1
529 543 1
543 545 1
515 543 1
528 543 1
543 571 1
511 543 1
533 535 1
533 563 1
508 572 1
523 568 1
553 553 1
512 536 1
621 642 1
620 636 1
600 635 1
627 635 1
600 627 1
604 628 1
602 625 1
602 607 1
607 625 1
621 628 1
628 642 1
604 621 1
597 638 1
590 624 1
610 642 1
610 628 1
610 621 1
598 620 1
598 636 1
581 589 1
602 631 1
625 631 1
607 631 1
592 642 1
592 610 1
592 628 1
592 621 1
584 593 1
595 618 1
598 614 1
614 636 1
614 620 1
576 626 1
676 680 1
666 679 1
659 660 1
674 704 1
662 709 1
656 665 1
676 704 1
680 704 1
674 676 1
656 708 1
665 708 1
686 711 1
703 718 1
660 703 1
659 703 1
660 718 1
654 698 1
673 680 1
673 704 1
673 676 1
669 717 1
669 687 1
687 717 1
653 697 1
693 706 1
649 695 1
711 711 1
667 671 1
658 696 1
683 708 1
656 683 1
665 683 1
678 691 1
755 765 1
759 788 1
778 785 1
747 755 1
747 765 1
726 788 1
726 759 1
722 739 1
723 789 1
733 739 1
722 733 1
748 779 1
729 746 1
745 759 1
745 788 1
726 745 1
738 746 1
729 738 1
748 756 1
756 779 1
762 773 1
721 725 1
758 784 1
726 751 1
745 751 1
751 788 1
751 759 1
734 759 1
734 745 1
734 788 1
726 734 1
734 751 1
739 771 1
722 771 1
733 771 1
808 858 1
807 809 1
810 851 1
831 844 1
829 859 1
851 854 1
810 854 1
803 809 1
803 807 1
804 827 1
800 809 1
800 803 1
800 807 1
819 821 1
792 855 1
809 809 1
810 839 1
839 851 1
839 854 1
845 846 1
838 849 1
830 858 1
808 830 1
826 849 1
826 838 1
814 814 1
803 828 1
800 828 1
809 828 1
807 828 1
816 835 1
804 825 1
825 827 1
922 930 1
893 906 1
883 891 1
933 934 1
888 921 1
893 934 1
906 934 1
893 933 1
907 918 1
898 912 1
900 907 1
900 918 1
877 889 1
931 933 1
893 931 1
931 934 1
870 920 1
888 901 1
901 921 1
875 890 1
868 885 1
874 902 1
897 923 1
900 914 1
907 914 1
914 918 1
888 892 1
892 921 1
892 901 1
870 931 1
920 931 1
870 933 1
870 934 1
870 893 1
967 970 1
953 991 1
978 983 1
951 995 1
940 957 1
944 1007 1
947 989 1
949 963 1
961 983 1
961 978 1
949 987 1
963 987 1
960 962 1
937 983 1
937 961 1
937 978 1
960 995 1
962 995 1
951 960 1
971 997 1
950 967 1
950 970 1
971 1000 1
997 1000 1
946 948 1
942 1004 1
950 996 1
970 996 1
967 996 1
936 938 1
966 985 1
941 942 1
941 1004 1
1008 1071 1
1018 1062 1
1013 1030 1
1036 1062 1
1018 1036 1
1058 1067 1
1013 1059 1
1030 1059 1
1031 1048 1
1052 1061 1
1045 1067 1
1045 1058 1
1038 1043 1
1022 1062 1
1018 1022 1
1022 1036 1
1037 1060 1
1017 1062 1
1017 1018 1
1017 1036 1
1017 1022 1
1057 1067 1
1057 1058 1
1045 1057 1
1014 1079 1
1017 1054 1
1018 1054 1
1036 1054 1
1022 1054 1
1054 1062 1
1053 1069 1
1019 1042 1
1010 1058 1
1010 1057 1
1010 1067 1
1010 1045 1
1114 1139 1
1081 1144 1
1094 1099 1
1083 1099 1
1083 1094 1
1129 1133 1
1112 1129 1
1112 1133 1
1081 1119 1
1119 1144 1
1089 1134 1
1095 1136 1
1124 1127 1
1081 1122 1
1122 1144 1
1119 1122 1
1123 1147 1
1093 1151 1
1083 1120 1
1099 1120 1
1094 1120 1
1092 1117 1
1117 1144 1
1092 1144 1
1081 1117 1
1117 1122 1
1117 1119 1
1085 1138 1
1082 1123 1
1082 1147 1
1093 1113 1
1113 1151 1
1126 1145 1
1155 1183 1
1197 1205 1
1159 1177 1
1162 1187 1
1163 1191 1
1189 1217 1
1161 1221 1
1169 1209 1
1174 1201 1
1193 1198 1
1191 1194 1
1163 1194 1
1156 1160 1
1154 1220 1
1157 1198 1
1157 1193 1
1163 1187 1
1187 1194 1
1187 1191 1
1162 1163 1
1185 1210 1
1201 1207 1
1174 1207 1
1163 1217 1
1194 1217 1
1187 1217 1
1162 1217 1
1191 1217 1
1163 1189 1
1185 1199 1
1199 1210 1
1199 1206 1
1185 1206 1
1206 1210 1
1253 1266 1
1246 1283 1
1233 1243 1
1264 1271 1
1259 1291 1
1258 1274 1
1271 1289 1
1264 1289 1
1224 1262 1
1252 1284 1
1232 1256 1
1257 1290 1
1252 1261 1
1261 1284 1
1252 1259 1
1259 1284 1
1259 1261 1
1252 1291 1
1260 1281 1
1265 1280 1
1231 1250 1
1265 1291 1
1280 1291 1
1259 1265 1
1252 1265 1
1266 1291 1
1253 1291 1
1266 1280 1
1252 1266 1
1259 1266 1
1265 1266 1
1263 1264 1
1263 1289 1
1263 1271 1
1343 1345 1
1357 1366 1
1362 1365 1
1344 1356 1
1301 1316 1
1339 1341 1
1331 1349 1
1309 1315 1
1322 1342 1
1302 1328 1
1313 1355 1
1327 1367 1
1304 1352 1
1344 1357 1
1356 1357 1
1344 1366 1
1328 1331 1
1302 1331 1
1328 1349 1
1332 1344 1
1332 1356 1
1332 1357 1
1332 1366 1
1322 1332 1
1332 1342 1
1322 1344 1
1322 1356 1
1322 1357 1
1322 1366 1
1297 1310 1
1297 1316 1
1310 1316 1
1297 1301 1
1373 1374 1
1424 1432 1
1412 1416 1
1383 1439 1
1381 1400 1
1369 1396 1
1404 1405 1
1406 1434 1
1383 1390 1
1390 1439 1
1385 1425 1
1371 1401 1
1413 1425 1
1385 1413 1
1372 1381 1
1372 1400 1
1384 1433 1
1381 1430 1
1400 1430 1
1372 1430 1
1371 1436 1
1401 1436 1
1370 1395 1
1413 1413 1
1381 1437 1
1400 1437 1
1372 1437 1
1430 1437 1
1389 1426 1
1380 1382 1
1377 1401 1
1371 1377 1
1377 1436 1
16 214 1
214 214 1
16 16 1
16 171 1
16 215 1
934 1230 1
931 1230 1
933 1230 1
870 1230 1
906 1230 1
1230 1230 1
893 1230 1
934 934 1
203 833 1
833 833 1
203 203 1
229 1027 1
1027 1027 1
229 229 1
403 1263 1
1263 1263 1
380 1263 1
423 1263 1
403 1289 1
403 1264 1
403 403 1
403 1271 1
90 268 1
91 268 1
268 268 1
90 226 1
90 90 1
1062 1374 1
1036 1374 1
1374 1374 1
1022 1374 1
1017 1374 1
1018 1374 1
1054 1374 1
1062 1062 1
1062 1373 1
737 1254 1
1254 1254 1
737 737 1
24 518 1
4 518 1
27 518 1
36 518 1
518 518 1
24 549 1
24 24 1
1120 1397 1
1099 1397 1
1083 1397 1
1397 1397 1
1094 1397 1
1120 1120 1
271 406 1
269 406 1
406 406 1
231 406 1
271 389 1
271 271 1
817 1091 1
1091 1091 1
817 817 1
75 1369 1
1369 1369 1
119 1369 1
75 75 1
75 1396 1
113 1054 1
82 1054 1
1054 1054 1
113 1062 1
113 1036 1
113 113 1
113 1374 1
113 1017 1
113 1018 1
113 1022 1
298 1066 1
1066 1066 1
298 298 1
1143 1215 1
1215 1215 1
1143 1143 1
556 1232 1
1232 1232 1
556 1256 1
556 556 1
530 1362 1
1362 1362 1
530 530 1
530 1365 1
140 1284 1
1284 1284 1
140 140 1
140 1259 1
140 1252 1
140 1261 1
623 658 1
658 658 1
623 696 1
623 623 1
358 975 1
975 975 1
358 358 1
125 913 1
913 913 1
125 125 1
476 1393 1
481 1393 1
499 1393 1
435 1393 1
1393 1393 1
476 476 1
342 454 -1
21 474 -1
21 442 -1
467 629 -1
386 1323 -1
402 1323 -1
407 1323 -1
363 1335 -1
488 630 -1
429 1327 -1
429 1367 -1
534 776 -1
514 776 -1
198 415 -1
145 415 -1
171 415 -1
215 415 -1
149 415 -1
185 415 -1
92 1091 -1
58 1314 -1
341 467 -1
88 522 -1
121 522 -1
88 561 -1
1011 1351 -1
399 1299 -1
240 567 -1
406 1343 -1
389 1343 -1
406 1345 -1
201 418 -1
547 774 -1
419 1356 -1
419 1344 -1
419 1322 -1
419 1332 -1
419 1357 -1
71 1347 -1
9 1347 -1
178 1367 -1
178 1327 -1
403 1301 -1
380 1301 -1
423 1301 -1
403 1297 -1
403 1316 -1
378 1350 -1
379 1350 -1
371 1350 -1
395 1350 -1
382 1350 -1
366 1350 -1
380 1318 -1
403 1318 -1
423 1318 -1
196 411 -1
199 306 -1
199 314 -1
191 407 -1
191 402 -1
191 386 -1
421 1322 -1
421 1344 -1
421 1356 -1
421 1357 -1
421 1332 -1
421 1366 -1
421 1342 -1
50 1005 -1
240 570 -1
145 1298 -1
185 1298 -1
171 1298 -1
149 1298 -1
198 1298 -1
215 1298 -1
430 1328 -1
377 1328 -1
430 1331 -1
430 1349 -1
430 1302 -1
98 455 -1
1067 1312 -1
1057 1312 -1
1058 1312 -1
1045 1312 -1
1010 1312 -1
66 497 -1
210 1360 -1
186 1340 -1
548 777 -1
87 559 -1
114 559 -1
84 432 -1
139 432 -1
108 432 -1
109 432 -1
142 432 -1
93 432 -1
84 440 -1
84 452 -1
84 492 -1
84 501 -1
84 438 -1
215 1330 -1
198 1330 -1
171 1330 -1
145 1330 -1
149 1330 -1
214 1330 -1
185 1330 -1
20 475 -1
308 1314 -1
307 1314 -1
326 1314 -1
343 1314 -1
305 490 -1
344 490 -1
321 490 -1
338 490 -1
301 490 -1
351 490 -1
305 446 -1
411 1237 -1
363 1334 -1
342 455 -1
627 1347 -1
600 1347 -1
635 1347 -1
124 535 -1
117 535 -1
124 563 -1
124 533 -1
15 474 -1
15 442 -1
183 1337 -1
309 1353 -1
221 569 -1
179 396 -1
429 1331 -1
429 1328 -1
429 1349 -1
429 1302 -1
414 1350 -1
194 1310 -1
194 1297 -1
194 1316 -1
175 1365 -1
160 1365 -1
175 1362 -1
401 1302 -1
401 1328 -1
401 1331 -1
183 1298 -1
344 596 -1
321 596 -1
296 596 -1
301 596 -1
305 596 -1
338 596 -1
351 596 -1
502 593 -1
437 593 -1
502 584 -1
426 1362 -1
375 1362 -1
426 1365 -1
397 1334 -1
632 1007 -1
632 944 -1
129 492 -1
129 440 -1
129 432 -1
129 452 -1
129 501 -1
129 438 -1
0 1346 -1
350 1321 -1
467 628 -1
467 592 -1
467 642 -1
467 610 -1
467 604 -1
467 621 -1
174 392 -1
208 392 -1
129 484 -1
120 464 -1
100 464 -1
85 464 -1
93 525 -1
84 525 -1
139 525 -1
108 525 -1
109 525 -1
142 525 -1
201 1318 -1
148 365 -1
161 1009 -1
303 1311 -1
320 1311 -1
342 465 -1
342 500 -1
202 383 -1
207 383 -1
165 383 -1
167 383 -1
202 364 -1
202 398 -1
344 632 -1
321 632 -1
296 632 -1
301 632 -1
305 632 -1
338 632 -1
351 632 -1
471 595 -1
471 618 -1
192 407 -1
192 402 -1
192 386 -1
160 965 -1
175 965 -1
151 1301 -1
151 1297 -1
151 1316 -1
195 337 -1
195 353 -1
132 495 -1
372 1308 -1
117 1065 -1
124 1065 -1
161 1076 -1
125 572 -1
125 508 -1
94 449 -1
395 1330 -1
371 1330 -1
378 1330 -1
379 1330 -1
366 1330 -1
382 1330 -1
222 548 -1
503 594 -1
458 594 -1
445 594 -1
39 1316 -1
32 1316 -1
14 1316 -1
39 1297 -1
39 1301 -1
39 1310 -1
41 1352 -1
45 1352 -1
70 1352 -1
41 1304 -1
214 1366 -1
171 1366 -1
215 1366 -1
214 1344 -1
214 1322 -1
214 1332 -1
214 1357 -1
410 1235 -1
595 1015 -1
618 1015 -1
204 1356 -1
204 1344 -1
204 1322 -1
204 1332 -1
204 1357 -1
213 1330 -1
162 1330 -1
188 1330 -1
189 1330 -1
163 1316 -1
182 1316 -1
163 1297 -1
163 1301 -1
163 1310 -1
165 1357 -1
202 1357 -1
207 1357 -1
167 1357 -1
165 1344 -1
165 1332 -1
165 1322 -1
165 1356 -1
165 1366 -1
221 570 -1
335 621 -1
335 592 -1
335 604 -1
335 642 -1
335 628 -1
335 610 -1
2 75 -1
8 75 -1
57 75 -1
2 119 -1
424 1322 -1
424 1344 -1
424 1356 -1
424 1357 -1
424 1332 -1
424 1366 -1
424 1342 -1
199 1314 -1
210 1328 -1
210 1331 -1
210 1349 -1
210 1302 -1
273 511 -1
216 511 -1
267 511 -1
251 511 -1
273 545 -1
273 515 -1
273 528 -1
273 529 -1
273 571 -1
273 543 -1
18 474 -1
48 474 -1
64 474 -1
19 474 -1
62 474 -1
22 474 -1
18 442 -1
997 1352 -1
1000 1352 -1
971 1352 -1
997 1304 -1
173 391 -1
303 626 -1
320 626 -1
303 576 -1
121 839 -1
88 839 -1
121 810 -1
121 851 -1
121 854 -1
380 1316 -1
423 1316 -1
380 1297 -1
380 1310 -1
187 1302 -1
187 1328 -1
187 1331 -1
204 422 -1
537 737 -1
373 1308 -1
428 1308 -1
92 519 -1
338 626 -1
344 626 -1
321 626 -1
305 626 -1
301 626 -1
351 626 -1
338 576 -1
337 1310 -1
353 1310 -1
337 1297 -1
337 1316 -1
626 1313 -1
576 1313 -1
626 1355 -1
487 593 -1
487 584 -1
390 1362 -1
390 1365 -1
212 428 -1
212 373 -1
97 453 -1
97 469 -1
346 1318 -1
315 1318 -1
132 492 -1
132 440 -1
132 432 -1
132 452 -1
132 501 -1
132 438 -1
224 514 -1
224 534 -1
403 1303 -1
380 1303 -1
423 1303 -1
154 1341 -1
154 1339 -1
154 370 -1
304 1312 -1
210 390 -1
276 530 -1
307 632 -1
308 632 -1
326 632 -1
343 632 -1
472 633 -1
441 633 -1
214 1331 -1
171 1331 -1
215 1331 -1
214 1328 -1
214 1349 -1
214 1302 -1
84 499 -1
139 499 -1
108 499 -1
109 499 -1
142 499 -1
93 499 -1
84 481 -1
84 435 -1
84 476 -1
191 1308 -1
309 1354 -1
394 1364 -1
379 1364 -1
366 1364 -1
50 967 -1
50 970 -1
50 996 -1
50 950 -1
131 491 -1
404 1304 -1
404 1352 -1
235 565 -1
249 565 -1
284 565 -1
280 531 -1
125 514 -1
125 534 -1
201 417 -1
201 400 -1
149 1337 -1
145 1337 -1
185 1337 -1
171 1337 -1
198 1337 -1
215 1337 -1
549 773 -1
518 773 -1
549 762 -1
163 1279 -1
182 1279 -1
86 551 -1
77 551 -1
192 1342 -1
192 1322 -1
192 1332 -1
233 571 -1
233 545 -1
233 515 -1
233 528 -1
233 529 -1
233 543 -1
233 511 -1
393 1328 -1
393 1331 -1
393 1349 -1
393 1302 -1
368 1341 -1
385 1341 -1
368 1339 -1
72 497 -1
141 497 -1
362 1299 -1
301 625 -1
321 625 -1
296 625 -1
305 625 -1
338 625 -1
344 625 -1
351 625 -1
301 602 -1
301 631 -1
301 607 -1
158 335 -1
498 628 -1
473 628 -1
498 592 -1
498 642 -1
498 610 -1
498 604 -1
498 621 -1
348 601 -1
179 1367 -1
179 1327 -1
402 1302 -1
386 1302 -1
407 1302 -1
402 1328 -1
402 1331 -1
407 1307 -1
402 1307 -1
386 1307 -1
164 1318 -1
153 1318 -1
121 836 -1
88 836 -1
125 552 -1
637 1317 -1
220 568 -1
216 568 -1
267 568 -1
220 523 -1
90 557 -1
91 557 -1
222 549 -1
222 518 -1
369 1341 -1
371 1341 -1
382 1341 -1
369 1339 -1
310 635 -1
310 600 -1
310 627 -1
93 1096 -1
84 1096 -1
139 1096 -1
108 1096 -1
109 1096 -1
142 1096 -1
341 469 -1
341 453 -1
337 624 -1
353 624 -1
337 590 -1
150 1336 -1
210 1326 -1
204 1358 -1
369 1306 -1
371 1306 -1
382 1306 -1
407 1306 -1
402 1306 -1
386 1306 -1
126 573 -1
458 1239 -1
445 1239 -1
503 1239 -1
311 601 -1
414 1315 -1
414 1309 -1
22 471 -1
48 471 -1
64 471 -1
18 471 -1
19 471 -1
62 471 -1
398 1334 -1
364 1334 -1
383 1334 -1
148 364 -1
148 398 -1
148 383 -1
224 548 -1
405 1304 -1
405 1352 -1
203 382 -1
203 395 -1
203 366 -1
203 369 -1
203 371 -1
203 378 -1
203 379 -1
184 1301 -1
184 1297 -1
184 1316 -1
379 1351 -1
394 1351 -1
395 1351 -1
366 1351 -1
371 1351 -1
378 1351 -1
382 1351 -1
18 470 -1
48 470 -1
64 470 -1
19 470 -1
62 470 -1
22 470 -1
297 582 -1
304 495 -1
149 363 -1
145 363 -1
185 363 -1
171 363 -1
198 363 -1
215 363 -1
313 640 -1
347 640 -1
325 640 -1
49 1004 -1
49 941 -1
49 942 -1
345 599 -1
596 1079 -1
596 1014 -1
119 1059 -1
75 1059 -1
119 1013 -1
119 1030 -1
126 537 -1
387 1321 -1
239 569 -1
413 1007 -1
413 944 -1
391 1326 -1
546 775 -1
560 775 -1
265 513 -1
232 513 -1
225 513 -1
250 513 -1
285 513 -1
176 393 -1
278 530 -1
98 453 -1
98 469 -1
466 630 -1
139 1239 -1
84 1239 -1
108 1239 -1
109 1239 -1
142 1239 -1
93 1239 -1
121 837 -1
88 837 -1
384 1358 -1
86 1126 -1
77 1126 -1
86 1145 -1
164 1353 -1
153 1353 -1
163 1239 -1
182 1239 -1
1076 1313 -1
1076 1355 -1
197 1313 -1
197 1355 -1
202 1319 -1
207 1319 -1
165 1319 -1
167 1319 -1
398 1297 -1
364 1297 -1
383 1297 -1
398 1316 -1
398 1301 -1
398 1310 -1
117 1059 -1
124 1059 -1
117 1013 -1
117 1030 -1
378 1312 -1
379 1312 -1
371 1312 -1
395 1312 -1
382 1312 -1
366 1312 -1
