4 46 1
56 64 1
38 44 1
43 46 1
4 43 1
28 46 1
28 43 1
4 28 1
24 50 1
19 45 1
33 40 1
0 50 1
0 24 1
26 70 1
8 39 1
1 18 1
33 59 1
40 59 1
3 31 1
38 55 1
44 55 1
14 65 1
11 39 1
8 11 1
2 17 1
4 17 1
17 43 1
17 28 1
17 46 1
2 4 1
33 66 1
40 66 1
59 66 1
27 32 1
25 68 1
14 70 1
65 70 1
14 26 1
110 140 1
79 104 1
82 143 1
121 135 1
101 113 1
85 112 1
101 141 1
113 141 1
97 104 1
79 97 1
105 107 1
112 127 1
85 127 1
80 89 1
87 92 1
114 127 1
112 114 1
85 114 1
97 102 1
102 104 1
79 102 1
78 99 1
90 132 1
82 103 1
103 143 1
125 126 1
74 125 1
74 126 1
110 123 1
123 140 1
104 116 1
97 116 1
102 116 1
79 116 1
103 121 1
82 121 1
121 143 1
103 135 1
201 207 1
157 160 1
192 202 1
150 152 1
152 186 1
150 186 1
147 204 1
175 204 1
147 175 1
150 153 1
152 153 1
153 186 1
150 164 1
152 164 1
153 164 1
164 186 1
166 178 1
196 211 1
146 153 1
146 152 1
146 186 1
146 164 1
146 150 1
198 203 1
150 174 1
164 174 1
146 174 1
152 174 1
153 174 1
174 186 1
150 160 1
160 164 1
160 174 1
146 160 1
152 160 1
153 160 1
160 186 1
150 157 1
221 253 1
255 267 1
253 259 1
221 259 1
248 279 1
283 285 1
217 255 1
217 267 1
229 285 1
229 283 1
225 256 1
245 267 1
217 245 1
245 255 1
217 269 1
267 269 1
245 269 1
255 269 1
247 277 1
218 268 1
270 285 1
270 283 1
229 270 1
224 277 1
224 247 1
228 249 1
256 287 1
225 287 1
229 245 1
245 283 1
245 285 1
245 270 1
229 267 1
229 269 1
217 229 1
229 255 1
312 352 1
353 356 1
316 345 1
302 303 1
306 336 1
301 338 1
298 352 1
298 312 1
320 335 1
303 337 1
302 337 1
301 315 1
315 338 1
298 347 1
347 352 1
312 347 1
294 302 1
294 337 1
294 303 1
324 325 1
293 328 1
307 329 1
302 311 1
311 337 1
294 311 1
303 311 1
293 302 1
302 328 1
293 294 1
293 303 1
293 337 1
293 311 1
291 302 1
291 293 1
291 294 1
291 328 1
291 303 1
291 337 1
291 311 1
422 427 1
384 411 1
380 407 1
365 421 1
369 375 1
374 424 1
381 398 1
421 431 1
365 431 1
396 398 1
381 396 1
411 419 1
384 419 1
369 400 1
375 400 1
363 429 1
363 394 1
394 429 1
388 406 1
366 420 1
426 428 1
375 386 1
386 400 1
369 386 1
373 379 1
397 412 1
423 428 1
423 426 1
379 397 1
373 397 1
379 412 1
360 366 1
360 420 1
385 397 1
379 385 1
385 412 1
373 385 1
489 495 1
435 449 1
468 501 1
456 480 1
439 488 1
448 455 1
450 478 1
441 489 1
441 495 1
452 478 1
450 452 1
437 443 1
484 492 1
440 441 1
440 489 1
440 495 1
462 494 1
433 490 1
462 502 1
494 502 1
467 476 1
438 500 1
461 498 1
464 495 1
440 464 1
464 489 1
441 464 1
448 468 1
455 468 1
448 501 1
457 490 1
433 457 1
437 477 1
443 477 1
446 485 1
436 460 1
507 536 1
512 562 1
526 574 1
536 536 1
504 573 1
561 563 1
530 541 1
512 575 1
562 575 1
536 570 1
507 570 1
508 537 1
531 569 1
538 544 1
544 545 1
538 545 1
515 563 1
515 561 1
511 541 1
511 530 1
563 570 1
561 570 1
515 570 1
536 563 1
507 563 1
537 541 1
508 541 1
530 537 1
511 537 1
544 570 1
545 570 1
538 570 1
515 544 1
544 561 1
544 563 1
536 544 1
507 544 1
609 617 1
584 634 1
592 607 1
594 621 1
589 619 1
580 607 1
580 592 1
615 616 1
622 640 1
617 632 1
609 632 1
594 606 1
606 621 1
586 586 1
587 647 1
585 598 1
598 631 1
585 631 1
591 641 1
580 589 1
589 592 1
589 607 1
580 619 1
604 623 1
587 587 1
632 644 1
617 644 1
609 644 1
598 600 1
585 600 1
600 631 1
613 616 1
613 615 1
613 619 1
616 619 1
615 619 1
580 613 1
589 613 1
679 704 1
698 707 1
671 701 1
666 717 1
651 669 1
665 712 1
695 701 1
671 695 1
667 714 1
661 714 1
661 667 1
660 668 1
649 668 1
649 660 1
715 716 1
676 689 1
651 686 1
669 686 1
659 693 1
673 713 1
702 711 1
673 693 1
693 713 1
659 673 1
684 689 1
676 684 1
649 659 1
659 660 1
659 668 1
649 673 1
649 693 1
678 716 1
678 715 1
705 712 1
665 705 1
683 695 1
683 701 1
671 683 1
726 763 1
766 769 1
755 784 1
734 745 1
734 785 1
745 785 1
721 751 1
777 783 1
723 788 1
723 728 1
728 788 1
734 776 1
745 776 1
776 785 1
725 783 1
725 777 1
742 744 1
752 778 1
744 764 1
742 764 1
739 757 1
744 746 1
746 764 1
742 746 1
768 788 1
728 768 1
723 768 1
764 772 1
744 772 1
746 772 1
742 772 1
764 785 1
744 785 1
746 785 1
772 785 1
742 785 1
764 776 1
745 764 1
734 764 1
811 820 1
830 856 1
810 840 1
822 861 1
827 844 1
838 861 1
822 838 1
827 838 1
838 844 1
827 861 1
822 827 1
806 819 1
835 857 1
816 847 1
833 841 1
800 859 1
804 849 1
821 832 1
832 855 1
821 855 1
810 858 1
840 858 1
818 840 1
810 818 1
818 858 1
846 851 1
811 821 1
820 821 1
811 832 1
811 855 1
802 843 1
821 863 1
832 863 1
811 863 1
820 863 1
855 863 1
878 885 1
890 898 1
921 930 1
875 884 1
873 917 1
900 934 1
931 935 1
869 921 1
869 930 1
924 934 1
900 924 1
866 875 1
866 884 1
898 933 1
890 933 1
871 876 1
883 919 1
869 893 1
893 921 1
893 930 1
901 904 1
865 935 1
865 931 1
875 897 1
866 897 1
884 897 1
873 932 1
917 932 1
916 926 1
872 892 1
915 923 1
913 916 1
913 926 1
882 926 1
882 913 1
882 916 1
952 971 1
981 992 1
977 999 1
953 996 1
955 958 1
992 997 1
981 997 1
945 982 1
939 945 1
939 982 1
976 1004 1
967 970 1
940 981 1
940 992 1
940 997 1
974 987 1
937 947 1
939 942 1
942 945 1
942 982 1
994 1002 1
971 1000 1
952 1000 1
938 973 1
975 976 1
975 1004 1
977 1007 1
999 1007 1
945 973 1
939 973 1
942 973 1
973 982 1
938 945 1
957 969 1
941 999 1
941 977 1
941 1007 1
1077 1079 1
1028 1067 1
1041 1050 1
1054 1058 1
1017 1023 1
1024 1076 1
1016 1045 1
1039 1057 1
1015 1067 1
1015 1028 1
1041 1067 1
1050 1067 1
1028 1041 1
1015 1041 1
1038 1048 1
1067 1071 1
1041 1071 1
1050 1071 1
1028 1071 1
1015 1071 1
1022 1056 1
1070 1072 1
1010 1034 1
1047 1062 1
1008 1023 1
1008 1017 1
1011 1057 1
1011 1039 1
1051 1062 1
1047 1051 1
1039 1041 1
1041 1057 1
1011 1041 1
1028 1039 1
1039 1067 1
1015 1039 1
1039 1050 1
1039 1071 1
1084 1091 1
1092 1126 1
1125 1145 1
1085 1117 1
1112 1144 1
1087 1105 1
1111 1125 1
1111 1145 1
1096 1114 1
1096 1120 1
1114 1120 1
1114 1147 1
1096 1147 1
1120 1147 1
1087 1133 1
1105 1133 1
1128 1144 1
1112 1128 1
1135 1147 1
1096 1135 1
1120 1135 1
1114 1135 1
1125 1136 1
1136 1145 1
1111 1136 1
1114 1126 1
1096 1126 1
1120 1126 1
1126 1147 1
1126 1135 1
1092 1114 1
1143 1149 1
1146 1147 1
1120 1146 1
1126 1146 1
1096 1146 1
1135 1146 1
1114 1146 1
1196 1207 1
1200 1202 1
1181 1198 1
1153 1169 1
1179 1217 1
1172 1219 1
1154 1172 1
1154 1219 1
1179 1204 1
1204 1217 1
1196 1222 1
1207 1222 1
1204 1214 1
1214 1217 1
1179 1214 1
1155 1219 1
1154 1155 1
1155 1172 1
1173 1183 1
1181 1199 1
1198 1199 1
1157 1196 1
1157 1222 1
1157 1207 1
1183 1184 1
1173 1184 1
1165 1190 1
1174 1189 1
1192 1209 1
1168 1201 1
1198 1203 1
1181 1203 1
1199 1203 1
1173 1177 1
1177 1184 1
1177 1183 1
1230 1237 1
1231 1269 1
1248 1282 1
1230 1294 1
1237 1294 1
1246 1291 1
1251 1277 1
1238 1239 1
1272 1275 1
1269 1284 1
1231 1284 1
1263 1265 1
1237 1270 1
1270 1294 1
1230 1270 1
1227 1264 1
1276 1279 1
1227 1267 1
1264 1267 1
1241 1245 1
1265 1266 1
1263 1266 1
1225 1278 1
1232 1273 1
1224 1240 1
1285 1288 1
1246 1281 1
1281 1291 1
1280 1285 1
1280 1288 1
1224 1250 1
1240 1250 1
1275 1278 1
1272 1278 1
1225 1275 1
1264 1270 1
1227 1270 1
1267 1270 1
1230 1264 1
1264 1294 1
1237 1264 1
1330 1349 1
1306 1325 1
1348 1363 1
1307 1329 1
1356 1367 1
1332 1337 1
1300 1311 1
1314 1351 1
1361 1366 1
1317 1328 1
1301 1352 1
1321 1328 1
1317 1321 1
1340 1344 1
1331 1367 1
1331 1356 1
1342 1364 1
1336 1346 1
1305 1347 1
1298 1308 1
1355 1363 1
1348 1355 1
1357 1362 1
1343 1349 1
1330 1343 1
1300 1360 1
1311 1360 1
1317 1342 1
1328 1342 1
1321 1342 1
1317 1364 1
1330 1334 1
1334 1349 1
1334 1343 1
1314 1354 1
1351 1354 1
1402 1430 1
1368 1401 1
1387 1407 1
1388 1423 1
1422 1433 1
1379 1437 1
1372 1380 1
1383 1388 1
1383 1423 1
1405 1412 1
1369 1399 1
1394 1407 1
1387 1394 1
1381 1437 1
1379 1381 1
1376 1400 1
1408 1408 1
1398 1420 1
1411 1422 1
1411 1433 1
1381 1408 1
1379 1408 1
1408 1437 1
1390 1437 1
1390 1408 1
1379 1390 1
1381 1390 1
1405 1408 1
1408 1412 1
1379 1405 1
1381 1405 1
1390 1405 1
1405 1437 1
1368 1385 1
1385 1401 1
1387 1432 1
1394 1432 1
1407 1432 1
603 1391 -1
275 1419 -1
824 1208 -1
314 1001 -1
688 1340 -1
688 1344 -1
606 802 -1
594 802 -1
621 802 -1
606 843 -1
996 1275 -1
953 1275 -1
996 1272 -1
996 1225 -1
996 1278 -1
674 812 -1
237 1338 -1
890 1215 -1
898 1215 -1
933 1215 -1
571 1429 -1
658 1233 -1
761 1341 -1
535 755 -1
535 784 -1
752 966 -1
778 966 -1
38 314 -1
44 314 -1
55 314 -1
756 1237 -1
756 1264 -1
756 1270 -1
756 1294 -1
756 1230 -1
53 710 -1
94 288 -1
426 1114 -1
428 1114 -1
423 1114 -1
426 1120 -1
426 1092 -1
426 1126 -1
426 1096 -1
426 1135 -1
426 1146 -1
426 1147 -1
531 697 -1
569 697 -1
33 446 -1
40 446 -1
66 446 -1
59 446 -1
33 485 -1
479 1012 -1
46 299 -1
28 299 -1
43 299 -1
4 299 -1
17 299 -1
345 913 -1
316 913 -1
345 882 -1
345 916 -1
345 926 -1
638 1434 -1
593 681 -1
232 718 -1
696 1177 -1
696 1184 -1
696 1173 -1
696 1183 -1
212 1281 -1
212 1291 -1
212 1246 -1
995 1182 -1
967 1169 -1
970 1169 -1
967 1153 -1
1013 1208 -1
127 437 -1
112 437 -1
114 437 -1
85 437 -1
127 443 -1
127 477 -1
85 402 -1
112 402 -1
114 402 -1
127 402 -1
1176 1267 -1
1176 1264 -1
1176 1227 -1
1176 1270 -1
620 1208 -1
378 1361 -1
378 1366 -1
119 1249 -1
231 1007 -1
231 977 -1
231 941 -1
231 999 -1
657 1337 -1
657 1332 -1
961 1335 -1
679 1041 -1
704 1041 -1
679 1057 -1
679 1028 -1
679 1067 -1
679 1039 -1
679 1011 -1
679 1015 -1
679 1050 -1
679 1071 -1
539 1002 -1
539 994 -1
900 1239 -1
924 1239 -1
934 1239 -1
900 1238 -1
92 868 -1
87 868 -1
269 771 -1
229 771 -1
217 771 -1
267 771 -1
245 771 -1
255 771 -1
65 1307 -1
70 1307 -1
14 1307 -1
65 1329 -1
631 1375 -1
600 1375 -1
585 1375 -1
598 1375 -1
367 1102 -1
236 1005 -1
147 1401 -1
204 1401 -1
175 1401 -1
147 1368 -1
147 1385 -1
177 579 -1
307 1335 -1
329 1335 -1
736 856 -1
736 830 -1
240 580 -1
240 592 -1
240 619 -1
240 613 -1
240 589 -1
240 607 -1
523 756 -1
757 914 -1
739 914 -1
720 1350 -1
305 853 -1
809 934 -1
809 924 -1
809 900 -1
179 996 -1
179 953 -1
878 1232 -1
885 1232 -1
878 1273 -1
1006 1082 -1
599 1188 -1
550 742 -1
550 744 -1
550 772 -1
550 746 -1
550 764 -1
550 785 -1
383 875 -1
383 897 -1
383 866 -1
383 884 -1
600 776 -1
585 776 -1
598 776 -1
631 776 -1
600 745 -1
600 764 -1
600 734 -1
600 785 -1
473 1338 -1
421 433 -1
365 433 -1
431 433 -1
421 457 -1
421 490 -1
918 1030 -1
733 1412 -1
733 1408 -1
733 1405 -1
142 182 -1
753 1280 -1
753 1288 -1
753 1285 -1
901 1236 -1
904 1236 -1
360 968 -1
420 968 -1
366 968 -1
455 1248 -1
448 1248 -1
468 1248 -1
455 1282 -1
465 601 -1
75 1317 -1
75 1328 -1
75 1321 -1
75 1364 -1
75 1342 -1
56 476 -1
64 476 -1
56 467 -1
268 1270 -1
218 1270 -1
268 1227 -1
268 1230 -1
268 1264 -1
268 1294 -1
268 1267 -1
268 1237 -1
312 1418 -1
352 1418 -1
298 1418 -1
347 1418 -1
104 1388 -1
97 1388 -1
116 1388 -1
102 1388 -1
79 1388 -1
104 1383 -1
104 1423 -1
200 403 -1
341 1117 -1
341 1085 -1
366 539 -1
360 539 -1
420 539 -1
672 1256 -1
1103 1368 -1
1103 1401 -1
1103 1385 -1
1062 1213 -1
1051 1213 -1
1047 1213 -1
135 408 -1
121 408 -1
103 408 -1
430 1150 -1
229 519 -1
267 519 -1
269 519 -1
270 519 -1
245 519 -1
217 519 -1
283 519 -1
285 519 -1
255 519 -1
600 1154 -1
585 1154 -1
598 1154 -1
631 1154 -1
600 1219 -1
600 1172 -1
600 1155 -1
123 420 -1
140 420 -1
110 420 -1
123 360 -1
123 366 -1
70 1185 -1
65 1185 -1
26 1185 -1
14 1185 -1
271 1200 -1
271 1202 -1
349 528 -1
148 541 -1
148 537 -1
148 530 -1
148 508 -1
148 511 -1
116 1028 -1
104 1028 -1
97 1028 -1
102 1028 -1
79 1028 -1
116 1039 -1
116 1041 -1
116 1067 -1
116 1071 -1
116 1015 -1
1187 1252 -1
143 806 -1
121 806 -1
82 806 -1
103 806 -1
143 819 -1
901 1262 -1
904 1262 -1
1064 1376 -1
1064 1400 -1
402 1253 -1
343 997 -1
343 992 -1
343 940 -1
343 981 -1
480 1428 -1
456 1428 -1
441 754 -1
440 754 -1
489 754 -1
464 754 -1
495 754 -1
339 988 -1
130 183 -1
184 488 -1
184 439 -1
845 1019 -1
1160 1324 -1
328 1148 -1
291 1148 -1
293 1148 -1
302 1148 -1
332 456 -1
332 480 -1
255 976 -1
229 976 -1
217 976 -1
267 976 -1
245 976 -1
269 976 -1
255 1004 -1
255 975 -1
1185 1240 -1
1185 1224 -1
1185 1250 -1
356 600 -1
353 600 -1
356 585 -1
356 598 -1
356 631 -1
385 753 -1
379 753 -1
412 753 -1
397 753 -1
373 753 -1
29 895 -1
57 1132 -1
164 288 -1
160 288 -1
174 288 -1
146 288 -1
150 288 -1
152 288 -1
153 288 -1
186 288 -1
415 1179 -1
415 1217 -1
415 1204 -1
415 1214 -1
416 1354 -1
416 1314 -1
416 1351 -1
722 1434 -1
318 1335 -1
441 1387 -1
440 1387 -1
489 1387 -1
464 1387 -1
495 1387 -1
441 1432 -1
441 1394 -1
441 1407 -1
457 1186 -1
433 1186 -1
490 1186 -1
96 1011 -1
96 1057 -1
96 1041 -1
96 1039 -1
183 349 -1
442 1418 -1
209 712 -1
209 665 -1
209 705 -1
464 770 -1
440 770 -1
489 770 -1
441 770 -1
495 770 -1
79 344 -1
104 344 -1
97 344 -1
116 344 -1
102 344 -1
388 973 -1
406 973 -1
388 945 -1
388 938 -1
388 939 -1
388 982 -1
388 942 -1
282 1213 -1
481 772 -1
481 744 -1
481 785 -1
481 746 -1
481 764 -1
481 742 -1
583 1245 -1
583 1241 -1
1008 1234 -1
1017 1234 -1
1023 1234 -1
215 324 -1
215 325 -1
624 1327 -1
255 679 -1
229 679 -1
217 679 -1
267 679 -1
245 679 -1
269 679 -1
255 704 -1
816 896 -1
847 896 -1
716 1235 -1
715 1235 -1
678 1235 -1
572 840 -1
572 810 -1
572 818 -1
572 858 -1
836 1245 -1
836 1241 -1
381 1439 -1
396 1439 -1
398 1439 -1
82 609 -1
121 609 -1
103 609 -1
143 609 -1
82 632 -1
82 617 -1
82 644 -1
32 1290 -1
27 1290 -1
195 592 -1
195 580 -1
195 589 -1
195 607 -1
744 1005 -1
772 1005 -1
746 1005 -1
764 1005 -1
742 1005 -1
785 1005 -1
60 1348 -1
60 1355 -1
60 1363 -1
329 831 -1
307 831 -1
686 1317 -1
651 1317 -1
669 1317 -1
686 1328 -1
686 1321 -1
686 1364 -1
686 1342 -1
203 1152 -1
198 1152 -1
140 1239 -1
123 1239 -1
110 1239 -1
140 1238 -1
956 1211 -1
24 1021 -1
0 1021 -1
50 1021 -1
50 1265 -1
24 1265 -1
0 1265 -1
50 1266 -1
50 1263 -1
370 1134 -1
652 925 -1
1241 1391 -1
1245 1391 -1
214 378 -1
907 1163 -1
760 1133 -1
760 1105 -1
760 1087 -1
99 415 -1
78 415 -1
123 1420 -1
140 1420 -1
110 1420 -1
123 1398 -1
365 1327 -1
421 1327 -1
431 1327 -1
326 1053 -1
262 1194 -1
183 899 -1
301 1005 -1
338 1005 -1
315 1005 -1
510 1387 -1
510 1432 -1
510 1394 -1
510 1407 -1
27 1311 -1
32 1311 -1
27 1360 -1
27 1300 -1
404 476 -1
404 467 -1
477 866 -1
443 866 -1
437 866 -1
477 897 -1
477 875 -1
477 884 -1
343 595 -1
1319 1383 -1
1319 1388 -1
1319 1423 -1
1037 1212 -1
30 1016 -1
30 1045 -1
550 1131 -1
554 1359 -1
731 1033 -1
48 769 -1
48 766 -1
126 662 -1
74 662 -1
125 662 -1
443 1223 -1
437 1223 -1
477 1223 -1
1197 1267 -1
1197 1264 -1
1197 1227 -1
1197 1270 -1
265 353 -1
265 356 -1
121 359 -1
82 359 -1
103 359 -1
143 359 -1
135 359 -1
738 1010 -1
738 1034 -1
645 779 -1
380 1333 -1
407 1333 -1
361 1161 -1
771 817 -1
183 1363 -1
183 1355 -1
183 1348 -1
175 476 -1
147 476 -1
204 476 -1
175 467 -1
247 367 -1
224 367 -1
277 367 -1
226 1084 -1
226 1091 -1
605 1313 -1
967 1417 -1
970 1417 -1
895 1306 -1
895 1325 -1
61 315 -1
61 338 -1
61 301 -1
61 228 -1
61 249 -1
718 1190 -1
718 1165 -1
581 673 -1
581 713 -1
581 659 -1
581 693 -1
581 649 -1
152 911 -1
160 911 -1
164 911 -1
174 911 -1
146 911 -1
150 911 -1
153 911 -1
186 911 -1
287 513 -1
256 513 -1
225 513 -1
1025 1439 -1
126 973 -1
74 973 -1
125 973 -1
126 945 -1
126 938 -1
126 939 -1
126 982 -1
126 942 -1
412 1286 -1
385 1286 -1
379 1286 -1
397 1286 -1
420 773 -1
360 773 -1
366 773 -1
1278 1432 -1
1272 1432 -1
1225 1432 -1
1275 1432 -1
1278 1394 -1
1278 1387 -1
1278 1407 -1
362 1353 -1
289 962 -1
70 493 -1
65 493 -1
26 493 -1
14 493 -1
570 978 -1
544 978 -1
545 978 -1
515 978 -1
561 978 -1
563 978 -1
536 978 -1
538 978 -1
507 978 -1
347 1082 -1
352 1082 -1
312 1082 -1
298 1082 -1
278 1035 -1
625 1418 -1
204 1036 -1
147 1036 -1
175 1036 -1
152 464 -1
160 464 -1
164 464 -1
174 464 -1
146 464 -1
150 464 -1
153 464 -1
186 464 -1
152 440 -1
152 489 -1
152 441 -1
152 495 -1
502 741 -1
494 741 -1
462 741 -1
1308 1378 -1
1298 1378 -1
757 1384 -1
739 1384 -1
450 1162 -1
452 1162 -1
478 1162 -1
765 970 -1
765 967 -1
969 1328 -1
957 1328 -1
969 1321 -1
969 1317 -1
969 1342 -1
747 1286 -1
1234 1349 -1
1234 1330 -1
1234 1334 -1
1234 1343 -1
69 207 -1
69 201 -1
24 1154 -1
0 1154 -1
50 1154 -1
24 1219 -1
24 1172 -1
24 1155 -1
986 1147 -1
986 1120 -1
986 1126 -1
986 1096 -1
986 1135 -1
986 1114 -1
986 1146 -1
986 1431 -1
699 1183 -1
699 1184 -1
699 1177 -1
699 1173 -1
780 1232 -1
780 1273 -1
553 1433 -1
553 1411 -1
553 1422 -1
778 956 -1
752 956 -1
1094 1405 -1
1094 1408 -1
1094 1379 -1
1094 1412 -1
1094 1381 -1
1094 1390 -1
1094 1437 -1
