32 71 1
1 43 1
48 65 1
50 50 1
33 33 1
4 47 1
14 51 1
52 64 1
34 61 1
18 49 1
58 67 1
45 66 1
92 124 1
107 141 1
94 119 1
89 98 1
74 110 1
75 111 1
89 106 1
98 106 1
115 124 1
92 115 1
92 96 1
96 115 1
96 124 1
197 200 1
150 215 1
173 174 1
187 197 1
187 200 1
168 195 1
183 212 1
208 210 1
144 215 1
144 150 1
176 191 1
168 203 1
195 203 1
246 284 1
222 267 1
249 251 1
219 240 1
225 233 1
242 268 1
265 266 1
244 267 1
222 244 1
227 239 1
220 278 1
251 261 1
249 261 1
328 355 1
341 351 1
296 323 1
304 339 1
313 317 1
314 340 1
297 301 1
332 341 1
332 351 1
334 344 1
318 326 1
324 342 1
397 407 1
369 430 1
391 411 1
395 395 1
401 405 1
414 426 1
396 427 1
420 431 1
428 429 1
411 426 1
391 426 1
411 414 1
443 492 1
457 465 1
441 445 1
453 457 1
453 465 1
492 498 1
443 498 1
454 503 1
463 480 1
453 489 1
457 489 1
465 489 1
533 571 1
531 566 1
505 508 1
514 541 1
542 564 1
543 557 1
517 556 1
527 544 1
532 567 1
524 565 1
537 555 1
506 548 1
613 647 1
593 596 1
591 632 1
614 618 1
605 638 1
596 627 1
593 627 1
576 581 1
620 644 1
578 581 1
576 578 1
587 606 1
660 701 1
665 709 1
705 705 1
673 681 1
650 697 1
670 688 1
674 687 1
710 716 1
704 710 1
704 716 1
662 682 1
658 675 1
761 771 1
755 766 1
774 779 1
749 791 1
768 769 1
725 755 1
725 766 1
735 769 1
735 768 1
723 736 1
782 785 1
770 777 1
796 835 1
801 835 1
796 801 1
799 826 1
805 823 1
796 821 1
801 821 1
821 835 1
809 814 1
827 834 1
837 861 1
807 856 1
906 909 1
883 891 1
882 916 1
903 927 1
918 934 1
896 912 1
896 904 1
904 912 1
906 928 1
909 928 1
883 911 1
891 911 1
960 997 1
966 968 1
955 984 1
944 971 1
937 996 1
953 954 1
952 1006 1
951 993 1
951 1005 1
993 1005 1
975 989 1
992 1004 1
1011 1071 1
1044 1058 1
1054 1076 1
1048 1076 1
1048 1054 1
1017 1033 1
1052 1058 1
1044 1052 1
1019 1020 1
1009 1020 1
1009 1019 1
1018 1040 1
1123 1129 1
1096 1105 1
1114 1117 1
1090 1151 1
1083 1086 1
1082 1085 1
1123 1135 1
1129 1135 1
1104 1135 1
1104 1129 1
1104 1123 1
1102 1111 1
1160 1211 1
1160 1172 1
1172 1211 1
1153 1218 1
1162 1176 1
1218 1221 1
1153 1221 1
1169 1205 1
1159 1187 1
1160 1165 1
1165 1211 1
1165 1172 1
1246 1280 1
1246 1273 1
1273 1280 1
1259 1275 1
1276 1291 1
1260 1277 1
1257 1281 1
1235 1249 1
1230 1280 1
1230 1273 1
1230 1246 1
1242 1253 1
1335 1335 1
1302 1326 1
1307 1334 1
1319 1355 1
1317 1347 1
1310 1338 1
1327 1358 1
1360 1362 1
1321 1347 1
1317 1321 1
1349 1366 1
1326 1366 1
1302 1366 1
1326 1349 1
1407 1434 1
1394 1405 1
1371 1385 1
1418 1423 1
1384 1432 1
1404 1418 1
1404 1423 1
1383 1400 1
1374 1376 1
1401 1403 1
1385 1437 1
1371 1437 1
59 913 -1
418 617 -1
687 913 -1
674 913 -1
475 941 -1
89 476 -1
98 476 -1
106 476 -1
510 1207 -1
420 1192 -1
431 1192 -1
717 973 -1
669 773 -1
363 1127 -1
531 1051 -1
566 1051 -1
295 597 -1
432 658 -1
432 675 -1
477 1052 -1
477 1058 -1
477 1044 -1
383 1173 -1
54 1049 -1
690 1007 -1
235 1354 -1
1018 1334 -1
1040 1334 -1
1018 1307 -1
204 235 -1
678 1032 -1
319 989 -1
319 975 -1
298 624 -1
70 402 -1
240 916 -1
219 916 -1
240 882 -1
182 679 -1
1244 1369 -1
115 1068 -1
96 1068 -1
92 1068 -1
124 1068 -1
887 1022 -1
428 551 -1
429 551 -1
998 1415 -1
46 1241 -1
1124 1300 -1
229 1359 -1
668 1105 -1
668 1096 -1
30 1006 -1
30 952 -1
108 937 -1
108 996 -1
439 1387 -1
781 1019 -1
781 1009 -1
781 1020 -1
946 1035 -1
689 790 -1
93 1169 -1
93 1205 -1
580 1100 -1
19 646 -1
33 747 -1
553 749 -1
553 791 -1
721 1377 -1
2 422 -1
167 516 -1
524 1353 -1
565 1353 -1
119 735 -1
94 735 -1
119 768 -1
119 769 -1
133 870 -1
171 363 -1
810 1253 -1
810 1242 -1
600 848 -1
799 1073 -1
826 1073 -1
320 509 -1
726 979 -1
209 420 -1
209 431 -1
644 858 -1
620 858 -1
181 1171 -1
687 1044 -1
674 1044 -1
687 1058 -1
687 1052 -1
385 1037 -1
693 1325 -1
205 372 -1
341 1023 -1
332 1023 -1
351 1023 -1
405 919 -1
401 919 -1
206 547 -1
564 952 -1
542 952 -1
564 1006 -1
478 1381 -1
175 703 -1
578 892 -1
576 892 -1
581 892 -1
114 454 -1
114 503 -1
738 1090 -1
738 1151 -1
179 1207 -1
1025 1292 -1
64 1112 -1
52 1112 -1
501 571 -1
501 533 -1
789 1165 -1
789 1160 -1
789 1211 -1
789 1172 -1
694 880 -1
76 786 -1
439 1107 -1
47 1018 -1
4 1018 -1
47 1040 -1
728 1374 -1
728 1376 -1
292 709 -1
292 665 -1
1178 1293 -1
622 1405 -1
622 1394 -1
232 443 -1
232 498 -1
232 492 -1
69 198 -1
118 572 -1
722 1224 -1
535 1075 -1
638 1237 -1
605 1237 -1
310 406 -1
713 1108 -1
654 1421 -1
125 184 -1
127 681 -1
127 673 -1
156 1042 -1
949 1122 -1
1092 1394 -1
1092 1405 -1
10 683 -1
754 966 -1
754 968 -1
237 580 -1
1077 1180 -1
1093 1392 -1
51 683 -1
14 683 -1
729 1233 -1
1065 1281 -1
1065 1257 -1
478 1422 -1
146 1146 -1
261 507 -1
249 507 -1
251 507 -1
230 857 -1
98 481 -1
89 481 -1
106 481 -1
367 1372 -1
940 1301 -1
411 1400 -1
426 1400 -1
414 1400 -1
391 1400 -1
411 1383 -1
389 1072 -1
848 1025 -1
759 880 -1
685 852 -1
316 1386 -1
462 878 -1
192 1192 -1
729 1162 -1
729 1176 -1
44 1286 -1
36 1345 -1
284 580 -1
246 580 -1
1059 1081 -1
779 1092 -1
774 1092 -1
391 1114 -1
426 1114 -1
411 1114 -1
391 1117 -1
14 953 -1
51 953 -1
14 954 -1
135 852 -1
357 370 -1
180 909 -1
180 928 -1
180 906 -1
909 1164 -1
928 1164 -1
906 1164 -1
896 968 -1
912 968 -1
904 968 -1
896 966 -1
726 1295 -1
413 873 -1
731 1166 -1
43 382 -1
1 382 -1
190 382 -1
185 634 -1
81 968 -1
81 966 -1
246 300 -1
284 300 -1
227 485 -1
239 485 -1
949 1351 -1
19 378 -1
378 940 -1
90 1158 -1
460 504 -1
336 541 -1
336 514 -1
1343 1393 -1
243 1161 -1
900 1375 -1
352 898 -1
1010 1354 -1
149 1018 -1
149 1040 -1
267 294 -1
244 294 -1
222 294 -1
