15 29 1
27 37 1
3 15 1
3 29 1
9 29 1
3 9 1
9 15 1
6 69 1
7 51 1
52 56 1
40 63 1
5 33 1
3 28 1
9 28 1
28 29 1
15 28 1
12 15 1
9 12 1
3 12 1
12 28 1
12 29 1
9 46 1
3 46 1
12 46 1
15 46 1
28 46 1
29 46 1
60 61 1
24 30 1
30 40 1
24 40 1
30 63 1
18 44 1
8 21 1
44 63 1
18 63 1
40 44 1
30 44 1
85 86 1
129 138 1
135 140 1
83 107 1
112 130 1
118 129 1
118 138 1
98 130 1
98 112 1
95 124 1
104 129 1
104 138 1
104 118 1
89 115 1
134 140 1
134 135 1
105 122 1
73 143 1
84 101 1
85 100 1
86 100 1
72 93 1
104 136 1
129 136 1
136 138 1
118 136 1
81 88 1
76 129 1
76 104 1
76 136 1
76 138 1
76 118 1
107 120 1
83 120 1
126 133 1
109 139 1
166 174 1
148 214 1
167 207 1
185 191 1
192 209 1
167 215 1
207 215 1
186 191 1
185 186 1
198 206 1
161 179 1
203 207 1
203 215 1
167 203 1
153 200 1
153 209 1
200 209 1
153 192 1
161 200 1
179 200 1
153 161 1
161 209 1
173 176 1
160 210 1
155 191 1
155 185 1
155 186 1
147 191 1
147 185 1
147 186 1
147 155 1
180 210 1
160 180 1
168 174 1
166 168 1
183 215 1
183 207 1
183 203 1
167 183 1
238 252 1
238 249 1
249 252 1
233 280 1
251 282 1
224 224 1
241 271 1
250 285 1
232 241 1
232 271 1
219 220 1
244 264 1
244 265 1
264 265 1
222 250 1
222 285 1
246 255 1
231 262 1
247 275 1
226 236 1
224 243 1
218 223 1
223 254 1
218 254 1
238 257 1
249 257 1
252 257 1
247 259 1
259 275 1
224 281 1
243 281 1
282 287 1
251 287 1
250 251 1
251 285 1
222 251 1
250 282 1
250 287 1
313 357 1
288 343 1
309 346 1
308 330 1
288 333 1
333 343 1
291 302 1
300 305 1
309 320 1
320 346 1
289 334 1
292 309 1
292 320 1
292 346 1
312 325 1
296 347 1
328 359 1
298 338 1
310 347 1
296 310 1
326 353 1
338 353 1
298 353 1
326 338 1
303 306 1
333 355 1
288 355 1
343 355 1
288 341 1
341 355 1
333 341 1
341 343 1
293 359 1
293 328 1
290 302 1
290 291 1
384 406 1
389 418 1
406 417 1
384 417 1
360 387 1
376 377 1
367 421 1
419 421 1
367 419 1
387 419 1
360 419 1
387 421 1
367 387 1
380 431 1
425 431 1
380 425 1
360 405 1
387 405 1
405 419 1
390 404 1
378 426 1
381 416 1
379 430 1
375 418 1
375 389 1
371 398 1
363 411 1
363 404 1
404 411 1
363 390 1
367 407 1
407 419 1
387 407 1
407 421 1
372 414 1
367 392 1
392 419 1
387 392 1
392 421 1
392 407 1
442 471 1
482 486 1
453 457 1
445 487 1
440 489 1
433 446 1
477 487 1
445 477 1
436 443 1
445 476 1
476 477 1
476 487 1
436 451 1
443 451 1
462 468 1
472 487 1
472 476 1
445 472 1
472 477 1
437 464 1
467 470 1
452 469 1
462 462 1
449 454 1
480 490 1
464 480 1
437 480 1
464 490 1
460 486 1
460 482 1
457 466 1
453 466 1
450 476 1
450 472 1
450 487 1
445 450 1
450 477 1
515 540 1
505 518 1
533 536 1
531 547 1
536 545 1
533 545 1
536 573 1
545 573 1
533 573 1
509 511 1
528 569 1
536 549 1
545 549 1
533 549 1
549 573 1
528 551 1
551 569 1
518 557 1
505 557 1
540 564 1
515 564 1
528 547 1
547 569 1
547 551 1
528 531 1
531 568 1
528 568 1
547 568 1
519 569 1
519 528 1
519 547 1
519 551 1
551 571 1
528 571 1
569 571 1
547 571 1
519 571 1
585 599 1
594 607 1
580 593 1
600 609 1
617 643 1
631 633 1
596 626 1
597 623 1
591 601 1
602 613 1
588 606 1
600 606 1
606 609 1
588 600 1
596 635 1
626 635 1
594 630 1
607 630 1
576 628 1
622 630 1
594 622 1
607 622 1
614 631 1
614 633 1
598 629 1
583 596 1
583 626 1
583 635 1
584 621 1
604 616 1
591 628 1
601 628 1
576 591 1
617 638 1
638 643 1
585 604 1
599 604 1
585 616 1
698 714 1
688 694 1
680 681 1
684 707 1
693 716 1
649 678 1
696 698 1
696 714 1
658 691 1
667 713 1
672 684 1
672 707 1
672 687 1
687 707 1
684 687 1
651 687 1
651 672 1
651 707 1
651 684 1
650 693 1
650 716 1
659 696 1
659 698 1
659 714 1
663 674 1
677 709 1
676 704 1
672 718 1
707 718 1
684 718 1
651 718 1
687 718 1
675 690 1
661 664 1
651 689 1
672 689 1
689 707 1
684 689 1
689 718 1
687 689 1
738 775 1
725 746 1
730 781 1
776 785 1
752 780 1
748 765 1
774 774 1
728 761 1
757 788 1
741 774 1
746 762 1
725 762 1
728 751 1
751 761 1
752 754 1
754 780 1
722 784 1
751 780 1
728 780 1
761 780 1
751 752 1
751 754 1
750 788 1
750 757 1
732 761 1
728 732 1
732 780 1
732 751 1
754 785 1
752 785 1
780 785 1
751 785 1
754 776 1
743 782 1
785 788 1
776 788 1
780 788 1
751 788 1
752 788 1
754 788 1
750 785 1
757 785 1
859 863 1
812 829 1
800 825 1
804 855 1
799 800 1
799 825 1
830 852 1
821 843 1
815 850 1
818 842 1
799 802 1
800 802 1
802 825 1
797 854 1
794 856 1
826 852 1
826 830 1
794 840 1
840 856 1
812 830 1
829 830 1
812 826 1
812 852 1
834 837 1
814 834 1
814 837 1
793 818 1
793 842 1
842 863 1
793 863 1
818 863 1
842 859 1
825 861 1
800 861 1
802 861 1
799 861 1
873 916 1
916 922 1
873 922 1
873 909 1
909 922 1
909 916 1
868 883 1
887 905 1
901 912 1
866 917 1
874 899 1
898 915 1
893 898 1
893 915 1
882 894 1
895 902 1
893 920 1
898 920 1
915 920 1
874 919 1
899 919 1
876 887 1
876 905 1
912 922 1
901 922 1
873 912 1
912 916 1
909 912 1
876 920 1
905 920 1
887 920 1
876 898 1
876 915 1
876 893 1
878 915 1
878 920 1
878 898 1
876 878 1
878 893 1
955 968 1
955 988 1
968 988 1
937 998 1
1001 1006 1
940 978 1
987 987 1
960 993 1
967 993 1
960 967 1
986 995 1
939 984 1
975 995 1
975 986 1
950 1002 1
981 997 1
946 946 1
957 972 1
992 1002 1
950 992 1
955 976 1
968 976 1
976 988 1
955 1007 1
968 1007 1
976 1007 1
988 1007 1
939 974 1
974 984 1
971 996 1
953 976 1
953 968 1
953 955 1
953 988 1
953 1007 1
946 961 1
1030 1058 1
1043 1072 1
1070 1076 1
1026 1076 1
1026 1070 1
1048 1074 1
1023 1070 1
1023 1026 1
1023 1076 1
1022 1034 1
1023 1059 1
1026 1059 1
1059 1076 1
1059 1070 1
1024 1079 1
1049 1075 1
1054 1072 1
1043 1054 1
1044 1072 1
1043 1044 1
1044 1054 1
1019 1073 1
1069 1070 1
1026 1069 1
1059 1069 1
1069 1076 1
1023 1069 1
1029 1062 1
1018 1075 1
1018 1049 1
1058 1071 1
1030 1071 1
1022 1061 1
1034 1061 1
1021 1057 1
1077 1078 1
1115 1143 1
1118 1144 1
1124 1141 1
1091 1117 1
1090 1132 1
1096 1115 1
1096 1143 1
1092 1139 1
1145 1149 1
1126 1129 1
1083 1101 1
1093 1123 1
1093 1129 1
1123 1129 1
1093 1126 1
1124 1124 1
1081 1123 1
1081 1129 1
1081 1093 1
1094 1151 1
1080 1088 1
1110 1116 1
1085 1129 1
1081 1085 1
1085 1123 1
1085 1093 1
1085 1126 1
1088 1136 1
1080 1136 1
1097 1132 1
1090 1097 1
1081 1118 1
1118 1129 1
1118 1123 1
1093 1118 1
1085 1118 1
1081 1144 1
1154 1194 1
1175 1207 1
1170 1209 1
1166 1175 1
1166 1207 1
1164 1198 1
1160 1165 1
1211 1213 1
1154 1176 1
1176 1194 1
1169 1192 1
1161 1165 1
1160 1161 1
1219 1222 1
1158 1185 1
1187 1192 1
1169 1187 1
1181 1216 1
1162 1219 1
1162 1222 1
1164 1185 1
1185 1198 1
1158 1164 1
1201 1202 1
1159 1212 1
1153 1180 1
1173 1193 1
1167 1172 1
1159 1182 1
1182 1212 1
1166 1209 1
1207 1209 1
1175 1209 1
1166 1170 1
1166 1213 1
1209 1213 1
1170 1213 1
1207 1213 1
1175 1213 1
1166 1211 1
1246 1295 1
1236 1293 1
1228 1242 1
1227 1252 1
1229 1240 1
1238 1249 1
1243 1294 1
1251 1255 1
1258 1291 1
1256 1291 1
1256 1258 1
1276 1285 1
1267 1281 1
1247 1278 1
1232 1270 1
1277 1286 1
1237 1292 1
1226 1265 1
1233 1271 1
1239 1291 1
1239 1256 1
1239 1258 1
1237 1267 1
1267 1292 1
1237 1281 1
1227 1257 1
1252 1257 1
1265 1270 1
1226 1270 1
1232 1265 1
1238 1260 1
1249 1260 1
1238 1247 1
1247 1249 1
1247 1260 1
1238 1278 1
1355 1361 1
1342 1347 1
1306 1319 1
1319 1366 1
1306 1366 1
1302 1353 1
1302 1308 1
1308 1353 1
1308 1312 1
1312 1353 1
1302 1312 1
1306 1357 1
1357 1366 1
1319 1357 1
1308 1340 1
1312 1340 1
1340 1353 1
1302 1340 1
1316 1364 1
1353 1367 1
1312 1367 1
1340 1367 1
1308 1367 1
1302 1367 1
1297 1329 1
1357 1367 1
1306 1367 1
1366 1367 1
1319 1367 1
1312 1357 1
1353 1357 1
1308 1357 1
1302 1357 1
1340 1357 1
1310 1347 1
1310 1342 1
1386 1437 1
1371 1374 1
1374 1438 1
1371 1438 1
1392 1416 1
1408 1421 1
1382 1412 1
1380 1390 1
1386 1432 1
1432 1437 1
1382 1387 1
1387 1412 1
1372 1423 1
1380 1401 1
1390 1401 1
1369 1399 1
1368 1393 1
1392 1400 1
1400 1416 1
1375 1427 1
1381 1383 1
1384 1434 1
1395 1431 1
1383 1400 1
1381 1400 1
1383 1392 1
1383 1416 1
1402 1409 1
1391 1428 1
1397 1418 1
1395 1404 1
1404 1431 1
1410 1421 1
1408 1410 1
1414 1424 1
1429 1430 1
368 1339 -1
1078 1314 -1
1077 1314 -1
82 485 -1
213 393 -1
1009 1348 -1
370 1342 -1
370 1347 -1
370 1310 -1
187 403 -1
176 1363 -1
173 1363 -1
156 1343 -1
595 1079 -1
595 1024 -1
373 1307 -1
384 1321 -1
417 1321 -1
406 1321 -1
458 1240 -1
458 1229 -1
239 566 -1
385 1356 -1
154 369 -1
304 502 -1
1074 1351 -1
1048 1351 -1
376 1236 -1
377 1236 -1
376 1293 -1
547 776 -1
519 776 -1
551 776 -1
528 776 -1
531 776 -1
568 776 -1
569 776 -1
571 776 -1
547 785 -1
547 754 -1
547 788 -1
68 497 -1
1078 1312 -1
1077 1312 -1
1078 1353 -1
1078 1357 -1
1078 1340 -1
1078 1302 -1
1078 1367 -1
1078 1308 -1
73 1311 -1
143 1311 -1
172 390 -1
172 363 -1
172 404 -1
589 1311 -1
309 598 -1
320 598 -1
346 598 -1
292 598 -1
309 629 -1
201 1316 -1
201 1364 -1
125 572 -1
341 592 -1
288 592 -1
355 592 -1
333 592 -1
343 592 -1
346 1319 -1
320 1319 -1
292 1319 -1
309 1319 -1
346 1306 -1
346 1357 -1
346 1366 -1
346 1367 -1
213 428 -1
163 1239 -1
163 1256 -1
163 1258 -1
163 1291 -1
237 568 -1
237 528 -1
237 547 -1
237 531 -1
309 597 -1
320 597 -1
346 597 -1
292 597 -1
309 623 -1
215 1366 -1
207 1366 -1
183 1366 -1
203 1366 -1
167 1366 -1
215 1306 -1
215 1367 -1
215 1357 -1
215 1319 -1
261 513 -1
309 1315 -1
320 1315 -1
346 1315 -1
292 1315 -1
547 774 -1
519 774 -1
551 774 -1
528 774 -1
531 774 -1
568 774 -1
569 774 -1
571 774 -1
547 741 -1
322 642 -1
186 1301 -1
185 1301 -1
155 1301 -1
147 1301 -1
191 1301 -1
372 1306 -1
414 1306 -1
372 1367 -1
372 1357 -1
372 1366 -1
372 1319 -1
200 417 -1
153 417 -1
179 417 -1
161 417 -1
209 417 -1
200 384 -1
200 406 -1
307 596 -1
307 626 -1
307 635 -1
307 583 -1
405 1340 -1
360 1340 -1
387 1340 -1
419 1340 -1
405 1312 -1
405 1353 -1
405 1357 -1
405 1302 -1
405 1367 -1
405 1308 -1
306 630 -1
303 630 -1
306 594 -1
306 622 -1
306 607 -1
1015 1312 -1
1015 1353 -1
1015 1357 -1
1015 1340 -1
1015 1302 -1
1015 1367 -1
1015 1308 -1
182 1298 -1
344 597 -1
344 623 -1
363 1300 -1
411 1300 -1
404 1300 -1
390 1300 -1
303 1311 -1
306 1311 -1
164 346 -1
164 320 -1
164 292 -1
164 309 -1
143 375 -1
73 375 -1
143 418 -1
143 389 -1
366 1339 -1
202 382 -1
83 500 -1
120 500 -1
107 500 -1
203 384 -1
183 384 -1
215 384 -1
167 384 -1
207 384 -1
203 417 -1
203 406 -1
38 1352 -1
336 1310 -1
336 1347 -1
336 1342 -1
305 502 -1
300 502 -1
156 1340 -1
156 1312 -1
156 1353 -1
156 1357 -1
156 1302 -1
156 1367 -1
156 1308 -1
971 1349 -1
996 1349 -1
161 1074 -1
200 1074 -1
153 1074 -1
179 1074 -1
209 1074 -1
161 1048 -1
144 1367 -1
144 1312 -1
144 1366 -1
144 1319 -1
144 1353 -1
144 1357 -1
144 1308 -1
144 1302 -1
144 1306 -1
144 1340 -1
361 1336 -1
86 1129 -1
100 1129 -1
85 1129 -1
86 1123 -1
86 1093 -1
86 1126 -1
86 1081 -1
86 1085 -1
86 1118 -1
179 360 -1
200 360 -1
161 360 -1
179 387 -1
179 419 -1
179 405 -1
1074 1313 -1
1048 1313 -1
92 521 -1
212 1326 -1
344 415 -1
19 470 -1
19 467 -1
209 1327 -1
192 1327 -1
153 1327 -1
200 1327 -1
161 1327 -1
350 1321 -1
310 1354 -1
296 1354 -1
347 1354 -1
1011 1351 -1
131 1079 -1
131 1024 -1
153 1304 -1
200 1304 -1
209 1304 -1
192 1304 -1
161 1304 -1
323 643 -1
323 617 -1
323 638 -1
280 531 -1
233 531 -1
280 528 -1
280 568 -1
280 547 -1
122 836 -1
105 836 -1
349 1319 -1
349 1306 -1
349 1357 -1
349 1366 -1
349 1367 -1
52 975 -1
56 975 -1
52 986 -1
52 995 -1
384 1355 -1
417 1355 -1
406 1355 -1
384 1361 -1
157 1307 -1
195 410 -1
406 1340 -1
384 1340 -1
417 1340 -1
406 1312 -1
406 1353 -1
406 1357 -1
406 1302 -1
406 1367 -1
406 1308 -1
308 597 -1
330 597 -1
308 623 -1
88 558 -1
81 558 -1
153 1306 -1
200 1306 -1
209 1306 -1
192 1306 -1
161 1306 -1
153 1367 -1
153 1357 -1
153 1366 -1
153 1319 -1
431 1329 -1
425 1329 -1
380 1329 -1
431 1297 -1
157 1343 -1
306 500 -1
303 500 -1
184 1299 -1
313 1356 -1
357 1356 -1
198 343 -1
206 343 -1
198 288 -1
198 355 -1
198 333 -1
198 341 -1
93 1096 -1
72 1096 -1
93 1115 -1
93 1143 -1
547 775 -1
519 775 -1
551 775 -1
528 775 -1
531 775 -1
568 775 -1
569 775 -1
571 775 -1
547 738 -1
283 470 -1
283 467 -1
66 1347 -1
66 1310 -1
66 1342 -1
536 771 -1
545 771 -1
549 771 -1
533 771 -1
573 771 -1
426 1361 -1
378 1361 -1
426 1355 -1
414 1007 -1
372 1007 -1
414 968 -1
414 976 -1
414 955 -1
414 988 -1
414 953 -1
178 396 -1
346 636 -1
320 636 -1
292 636 -1
309 636 -1
306 486 -1
303 486 -1
306 482 -1
306 460 -1
231 564 -1
262 564 -1
231 515 -1
231 540 -1
130 494 -1
112 494 -1
98 494 -1
341 460 -1
288 460 -1
355 460 -1
333 460 -1
343 460 -1
341 482 -1
341 486 -1
189 1306 -1
189 1367 -1
189 1357 -1
189 1366 -1
189 1319 -1
129 493 -1
104 493 -1
136 493 -1
138 493 -1
76 493 -1
118 493 -1
374 1311 -1
623 1311 -1
597 1311 -1
323 644 -1
341 628 -1
288 628 -1
355 628 -1
333 628 -1
343 628 -1
341 576 -1
341 601 -1
341 591 -1
323 579 -1
95 463 -1
124 463 -1
631 1015 -1
633 1015 -1
614 1015 -1
122 845 -1
105 845 -1
337 587 -1
340 467 -1
340 470 -1
162 1352 -1
371 1342 -1
398 1342 -1
371 1347 -1
371 1310 -1
126 569 -1
133 569 -1
126 528 -1
126 519 -1
126 547 -1
126 571 -1
126 551 -1
2 1346 -1
206 421 -1
198 421 -1
206 392 -1
206 419 -1
206 387 -1
206 407 -1
206 367 -1
41 1352 -1
106 456 -1
93 525 -1
72 525 -1
262 508 -1
231 508 -1
340 466 -1
340 457 -1
340 453 -1
407 1344 -1
392 1344 -1
419 1344 -1
387 1344 -1
421 1344 -1
367 1344 -1
146 360 -1
146 387 -1
146 419 -1
146 405 -1
232 571 -1
241 571 -1
271 571 -1
232 528 -1
232 569 -1
232 547 -1
232 519 -1
232 551 -1
22 470 -1
22 467 -1
155 1304 -1
185 1304 -1
186 1304 -1
147 1304 -1
191 1304 -1
171 1323 -1
225 551 -1
225 528 -1
225 569 -1
225 547 -1
225 571 -1
225 519 -1
224 547 -1
281 547 -1
243 547 -1
224 519 -1
224 551 -1
224 528 -1
224 531 -1
224 568 -1
224 569 -1
224 571 -1
501 593 -1
501 580 -1
221 511 -1
221 509 -1
226 547 -1
236 547 -1
226 519 -1
226 551 -1
226 528 -1
226 531 -1
226 568 -1
226 569 -1
226 571 -1
151 1303 -1
187 1303 -1
336 1346 -1
169 1361 -1
169 1355 -1
4 77 -1
469 592 -1
452 592 -1
428 1330 -1
373 1308 -1
373 1312 -1
373 1353 -1
373 1357 -1
373 1302 -1
373 1367 -1
373 1340 -1
367 1304 -1
392 1304 -1
419 1304 -1
387 1304 -1
421 1304 -1
407 1304 -1
146 1299 -1
501 628 -1
501 576 -1
501 601 -1
501 591 -1
124 568 -1
95 568 -1
124 528 -1
124 547 -1
124 531 -1
1016 1315 -1
235 570 -1
332 1307 -1
235 565 -1
99 453 -1
99 457 -1
99 466 -1
271 511 -1
232 511 -1
241 511 -1
271 509 -1
168 1323 -1
166 1323 -1
174 1323 -1
206 422 -1
198 422 -1
684 1066 -1
672 1066 -1
707 1066 -1
651 1066 -1
718 1066 -1
687 1066 -1
689 1066 -1
190 1305 -1
339 411 -1
339 363 -1
339 404 -1
416 1247 -1
381 1247 -1
416 1249 -1
416 1260 -1
416 1238 -1
416 1278 -1
308 1352 -1
330 1352 -1
396 1367 -1
396 1312 -1
396 1366 -1
396 1319 -1
396 1353 -1
396 1357 -1
396 1308 -1
396 1302 -1
396 1306 -1
396 1340 -1
96 449 -1
96 454 -1
361 1335 -1
544 775 -1
544 738 -1
173 1327 -1
176 1327 -1
369 1340 -1
369 1312 -1
369 1353 -1
369 1357 -1
369 1302 -1
369 1367 -1
369 1308 -1
198 306 -1
206 306 -1
198 303 -1
309 635 -1
320 635 -1
346 635 -1
292 635 -1
309 626 -1
309 596 -1
309 583 -1
183 1334 -1
207 1334 -1
167 1334 -1
203 1334 -1
215 1334 -1
80 501 -1
123 515 -1
123 564 -1
123 540 -1
306 469 -1
303 469 -1
306 452 -1
279 531 -1
279 528 -1
279 568 -1
279 547 -1
224 545 -1
281 545 -1
243 545 -1
224 536 -1
224 549 -1
224 533 -1
224 573 -1
486 592 -1
482 592 -1
460 592 -1
187 1301 -1
89 518 -1
115 518 -1
89 505 -1
89 557 -1
20 470 -1
20 467 -1
156 1304 -1
222 568 -1
250 568 -1
251 568 -1
285 568 -1
222 528 -1
222 547 -1
222 531 -1
148 400 -1
214 400 -1
212 393 -1
348 604 -1
348 616 -1
348 585 -1
348 599 -1
415 1315 -1
87 558 -1
626 1347 -1
635 1347 -1
596 1347 -1
583 1347 -1
626 1310 -1
626 1342 -1
489 594 -1
440 594 -1
489 622 -1
489 630 -1
489 607 -1
130 491 -1
112 491 -1
98 491 -1
199 1315 -1
49 968 -1
49 976 -1
49 953 -1
49 955 -1
49 988 -1
49 1007 -1
627 1312 -1
627 1353 -1
627 1357 -1
627 1340 -1
627 1302 -1
627 1367 -1
627 1308 -1
132 1021 -1
132 1057 -1
174 1362 -1
168 1362 -1
166 1362 -1
337 1345 -1
210 426 -1
160 426 -1
180 426 -1
210 378 -1
706 778 -1
306 503 -1
303 503 -1
591 1070 -1
576 1070 -1
601 1070 -1
628 1070 -1
591 1026 -1
591 1059 -1
591 1076 -1
591 1069 -1
591 1023 -1
210 425 -1
160 425 -1
180 425 -1
210 380 -1
210 431 -1
144 395 -1
175 1365 -1
302 1312 -1
290 1312 -1
291 1312 -1
302 1353 -1
302 1357 -1
302 1340 -1
302 1302 -1
302 1367 -1
302 1308 -1
388 1362 -1
425 1324 -1
380 1324 -1
431 1324 -1
419 1321 -1
387 1321 -1
421 1321 -1
360 1321 -1
367 1321 -1
392 1321 -1
405 1321 -1
407 1321 -1
