24 44 1
9 58 1
20 51 1
15 25 1
21 52 1
5 30 1
22 43 1
2 63 1
48 57 1
42 43 1
22 42 1
37 42 1
37 43 1
22 37 1
18 46 1
2 41 1
41 63 1
0 6 1
14 38 1
58 58 1
7 36 1
1 71 1
1 66 1
66 71 1
24 48 1
44 48 1
24 57 1
3 32 1
13 45 1
31 45 1
13 31 1
10 67 1
70 71 1
1 70 1
66 70 1
0 13 1
6 13 1
0 45 1
0 31 1
93 106 1
79 125 1
100 143 1
75 100 1
75 143 1
80 121 1
128 136 1
83 110 1
78 139 1
88 113 1
108 128 1
108 136 1
116 118 1
81 107 1
78 88 1
88 139 1
78 113 1
91 134 1
74 86 1
80 90 1
90 121 1
76 117 1
78 96 1
88 96 1
96 113 1
96 139 1
85 137 1
130 142 1
124 141 1
79 91 1
91 125 1
79 134 1
97 138 1
98 133 1
93 126 1
106 126 1
184 198 1
198 209 1
184 209 1
158 215 1
145 149 1
182 193 1
150 163 1
155 215 1
155 158 1
182 195 1
193 195 1
176 182 1
176 193 1
176 195 1
149 174 1
145 174 1
202 209 1
184 202 1
198 202 1
167 169 1
180 197 1
155 178 1
158 178 1
178 215 1
150 153 1
153 163 1
206 208 1
190 192 1
166 183 1
187 200 1
195 214 1
176 214 1
193 214 1
182 214 1
171 204 1
166 187 1
183 187 1
166 200 1
216 239 1
240 281 1
226 235 1
239 279 1
216 279 1
218 225 1
254 258 1
217 249 1
223 234 1
264 272 1
251 276 1
278 280 1
238 284 1
225 251 1
218 251 1
225 276 1
259 261 1
247 276 1
225 247 1
247 251 1
255 276 1
225 255 1
251 255 1
247 255 1
245 251 1
225 245 1
245 276 1
245 247 1
218 245 1
245 255 1
245 257 1
225 257 1
257 276 1
247 257 1
218 257 1
251 257 1
255 257 1
292 293 1
305 324 1
296 326 1
299 313 1
326 336 1
296 336 1
319 325 1
304 339 1
327 332 1
295 339 1
295 304 1
296 310 1
310 336 1
310 326 1
340 344 1
313 320 1
299 320 1
326 358 1
296 358 1
336 358 1
310 358 1
314 353 1
297 333 1
304 315 1
315 339 1
295 315 1
305 347 1
324 347 1
326 346 1
296 346 1
336 346 1
346 358 1
310 346 1
315 358 1
304 358 1
339 358 1
295 358 1
315 326 1
296 315 1
315 336 1
310 315 1
315 346 1
380 427 1
395 424 1
368 384 1
370 412 1
361 393 1
385 396 1
366 427 1
366 380 1
412 419 1
370 419 1
407 428 1
369 427 1
369 380 1
366 369 1
392 426 1
392 408 1
408 426 1
380 383 1
369 383 1
383 427 1
366 383 1
374 396 1
374 385 1
370 386 1
386 419 1
386 412 1
368 405 1
384 405 1
407 419 1
419 428 1
370 407 1
407 412 1
386 407 1
366 378 1
369 378 1
378 427 1
378 380 1
378 383 1
436 474 1
434 467 1
433 462 1
440 501 1
457 492 1
482 502 1
439 490 1
436 468 1
468 474 1
452 494 1
440 451 1
451 501 1
455 498 1
455 493 1
493 498 1
463 486 1
446 502 1
446 482 1
448 469 1
454 464 1
474 490 1
468 490 1
436 490 1
439 474 1
436 477 1
474 477 1
468 477 1
477 490 1
456 475 1
477 503 1
468 503 1
474 503 1
436 503 1
490 503 1
433 488 1
462 488 1
549 561 1
506 570 1
528 568 1
525 541 1
546 551 1
517 565 1
525 550 1
541 550 1
506 544 1
544 570 1
540 545 1
527 559 1
514 550 1
514 525 1
514 541 1
544 549 1
506 549 1
549 570 1
544 561 1
510 556 1
541 567 1
514 567 1
525 567 1
550 567 1
530 540 1
530 545 1
508 570 1
508 544 1
506 508 1
508 549 1
564 565 1
517 564 1
528 555 1
555 568 1
552 572 1
524 556 1
510 524 1
605 631 1
631 647 1
605 647 1
630 643 1
581 644 1
597 628 1
584 618 1
622 629 1
618 635 1
584 635 1
630 637 1
637 643 1
639 641 1
615 628 1
597 615 1
617 647 1
605 617 1
617 631 1
601 644 1
581 601 1
600 628 1
597 600 1
600 615 1
576 642 1
579 642 1
576 579 1
637 637 1
599 616 1
606 630 1
606 643 1
606 637 1
634 634 1
584 621 1
618 621 1
621 635 1
577 585 1
656 714 1
703 718 1
689 706 1
655 707 1
680 714 1
656 680 1
663 716 1
689 710 1
706 710 1
648 700 1
693 718 1
693 703 1
671 714 1
656 671 1
671 680 1
668 680 1
656 668 1
668 714 1
668 671 1
658 671 1
656 658 1
658 680 1
658 714 1
658 668 1
665 691 1
650 695 1
660 679 1
671 702 1
680 702 1
702 714 1
656 702 1
658 702 1
668 702 1
676 697 1
664 707 1
655 664 1
724 759 1
779 790 1
747 755 1
741 761 1
721 781 1
785 790 1
779 785 1
742 750 1
737 759 1
724 737 1
751 763 1
736 763 1
736 751 1
751 774 1
736 774 1
763 774 1
743 787 1
722 736 1
722 763 1
722 774 1
722 751 1
732 749 1
747 774 1
755 774 1
736 747 1
747 751 1
722 747 1
747 763 1
739 791 1
744 787 1
743 744 1
735 757 1
740 759 1
737 740 1
724 740 1
750 782 1
742 782 1
830 835 1
830 845 1
835 845 1
836 854 1
793 858 1
799 810 1
842 857 1
829 860 1
821 824 1
814 847 1
801 848 1
833 848 1
801 833 1
819 830 1
819 835 1
819 845 1
800 862 1
805 836 1
805 854 1
832 848 1
801 832 1
832 833 1
815 852 1
814 850 1
847 850 1
801 844 1
844 848 1
833 844 1
832 844 1
809 826 1
814 814 1
824 857 1
821 857 1
824 842 1
800 860 1
860 862 1
800 829 1
875 920 1
901 921 1
885 934 1
884 930 1
885 904 1
904 934 1
895 935 1
866 924 1
898 906 1
908 922 1
902 930 1
884 902 1
901 923 1
921 923 1
910 921 1
910 923 1
901 910 1
917 935 1
895 917 1
893 898 1
893 906 1
908 915 1
915 922 1
885 914 1
904 914 1
914 934 1
894 903 1
881 909 1
891 911 1
866 901 1
901 924 1
866 921 1
866 923 1
866 910 1
899 921 1
866 899 1
899 923 1
899 901 1
899 910 1
992 999 1
940 961 1
939 991 1
944 968 1
975 1000 1
973 981 1
940 1007 1
961 1007 1
987 995 1
949 983 1
941 1004 1
988 998 1
949 1000 1
983 1000 1
949 975 1
944 969 1
968 969 1
947 957 1
986 1002 1
941 1000 1
1000 1004 1
941 983 1
941 949 1
941 975 1
949 985 1
985 1000 1
975 985 1
941 985 1
983 985 1
941 963 1
963 1000 1
963 1004 1
963 975 1
949 963 1
963 983 1
963 985 1
1056 1066 1
1054 1071 1
1045 1054 1
1045 1071 1
1026 1032 1
1028 1059 1
1022 1070 1
1010 1043 1
1039 1042 1
1033 1055 1
1009 1031 1
1064 1077 1
1009 1062 1
1031 1062 1
1068 1075 1
1023 1043 1
1010 1023 1
1030 1030 1
1013 1076 1
1071 1077 1
1045 1077 1
1054 1077 1
1064 1071 1
1032 1045 1
1026 1045 1
1032 1077 1
1032 1054 1
1032 1071 1
1010 1059 1
1043 1059 1
1023 1059 1
1010 1028 1
1012 1074 1
1052 1075 1
1052 1068 1
1011 1057 1
1092 1092 1
1097 1143 1
1117 1130 1
1095 1133 1
1092 1131 1
1113 1134 1
1112 1123 1
1093 1143 1
1093 1097 1
1095 1140 1
1133 1140 1
1080 1092 1
1080 1131 1
1117 1145 1
1130 1145 1
1080 1117 1
1117 1131 1
1092 1117 1
1080 1145 1
1080 1130 1
1131 1140 1
1080 1140 1
1092 1140 1
1117 1140 1
1095 1131 1
1131 1133 1
1097 1142 1
1093 1142 1
1142 1143 1
1093 1146 1
1097 1146 1
1142 1146 1
1143 1146 1
1123 1136 1
1112 1136 1
1117 1135 1
1092 1135 1
1130 1135 1
1131 1135 1
1135 1140 1
1080 1135 1
1135 1145 1
1152 1172 1
1156 1162 1
1184 1189 1
1206 1210 1
1181 1214 1
1162 1189 1
1156 1189 1
1162 1184 1
1181 1201 1
1201 1214 1
1156 1161 1
1161 1162 1
1161 1189 1
1174 1214 1
1174 1201 1
1174 1181 1
1153 1213 1
1179 1181 1
1179 1201 1
1174 1179 1
1179 1214 1
1180 1218 1
1197 1205 1
1162 1183 1
1183 1184 1
1161 1183 1
1156 1183 1
1183 1189 1
1164 1165 1
1162 1209 1
1184 1209 1
1156 1209 1
1189 1209 1
1161 1209 1
1183 1209 1
1161 1176 1
1156 1176 1
1176 1189 1
1162 1176 1
1176 1209 1
1176 1183 1
1256 1286 1
1243 1257 1
1236 1245 1
1288 1290 1
1231 1268 1
1234 1289 1
1225 1277 1
1239 1251 1
1240 1250 1
1237 1270 1
1224 1273 1
1252 1259 1
1263 1284 1
1261 1283 1
1252 1273 1
1259 1273 1
1224 1252 1
1236 1281 1
1245 1281 1
1239 1283 1
1251 1283 1
1239 1261 1
1244 1248 1
1276 1291 1
1269 1280 1
1274 1277 1
1225 1274 1
1237 1281 1
1270 1281 1
1236 1237 1
1237 1245 1
1271 1292 1
1267 1280 1
1267 1269 1
1227 1240 1
1227 1250 1
1324 1364 1
1308 1343 1
1312 1348 1
1330 1367 1
1346 1347 1
1349 1358 1
1297 1306 1
1342 1353 1
1307 1314 1
1330 1335 1
1335 1367 1
1304 1362 1
1340 1345 1
1309 1317 1
1330 1356 1
1335 1356 1
1356 1367 1
1339 1341 1
1298 1319 1
1303 1331 1
1303 1316 1
1316 1331 1
1305 1319 1
1298 1305 1
1323 1332 1
1348 1363 1
1312 1363 1
1344 1354 1
1346 1364 1
1347 1364 1
1324 1346 1
1309 1316 1
1316 1317 1
1309 1331 1
1303 1309 1
1328 1351 1
1388 1425 1
1409 1425 1
1388 1409 1
1382 1407 1
1373 1409 1
1373 1425 1
1373 1388 1
1375 1394 1
1388 1428 1
1425 1428 1
1373 1428 1
1409 1428 1
1369 1374 1
1380 1411 1
1381 1408 1
1396 1414 1
1371 1373 1
1371 1409 1
1371 1428 1
1371 1388 1
1371 1425 1
1391 1392 1
1399 1402 1
1410 1436 1
1375 1403 1
1394 1403 1
1384 1399 1
1384 1402 1
1393 1427 1
1377 1436 1
1377 1410 1
1394 1437 1
1403 1437 1
1375 1437 1
1369 1375 1
1374 1375 1
1369 1394 1
1369 1403 1
1369 1437 1
287 470 -1
225 549 -1
257 549 -1
276 549 -1
245 549 -1
247 549 -1
218 549 -1
251 549 -1
255 549 -1
225 544 -1
225 561 -1
225 506 -1
225 508 -1
225 570 -1
228 550 -1
228 514 -1
228 567 -1
228 525 -1
228 541 -1
1015 1312 -1
1015 1363 -1
1015 1348 -1
234 571 -1
223 571 -1
1075 1313 -1
1052 1313 -1
1068 1313 -1
400 1337 -1
122 840 -1
595 1015 -1
156 1343 -1
156 1308 -1
214 395 -1
176 395 -1
193 395 -1
195 395 -1
182 395 -1
214 424 -1
235 566 -1
226 566 -1
348 602 -1
346 417 -1
326 417 -1
358 417 -1
296 417 -1
336 417 -1
310 417 -1
315 417 -1
193 1344 -1
176 1344 -1
195 1344 -1
214 1344 -1
182 1344 -1
193 1354 -1
340 461 -1
344 461 -1
189 369 -1
189 378 -1
189 427 -1
189 380 -1
189 366 -1
189 383 -1
348 601 -1
348 644 -1
348 581 -1
158 1307 -1
178 1307 -1
155 1307 -1
215 1307 -1
158 1314 -1
173 1328 -1
173 1351 -1
18 475 -1
46 475 -1
18 456 -1
132 493 -1
132 498 -1
132 455 -1
145 361 -1
149 361 -1
174 361 -1
145 393 -1
22 1351 -1
42 1351 -1
43 1351 -1
37 1351 -1
22 1328 -1
375 1311 -1
224 551 -1
224 546 -1
377 1313 -1
98 453 -1
133 453 -1
119 1059 -1
119 1010 -1
119 1043 -1
119 1028 -1
119 1023 -1
230 564 -1
230 565 -1
230 517 -1
83 488 -1
110 488 -1
83 433 -1
83 462 -1
51 1004 -1
20 1004 -1
51 1000 -1
51 963 -1
51 941 -1
367 1301 -1
93 526 -1
106 526 -1
126 526 -1
486 629 -1
463 629 -1
486 622 -1
173 1325 -1
70 1347 -1
1 1347 -1
66 1347 -1
71 1347 -1
70 1346 -1
70 1364 -1
83 484 -1
110 484 -1
127 510 -1
127 524 -1
127 556 -1
210 1364 -1
210 1346 -1
210 1347 -1
210 1324 -1
178 395 -1
155 395 -1
158 395 -1
215 395 -1
178 424 -1
120 1061 -1
344 1314 -1
340 1314 -1
344 1307 -1
133 489 -1
98 489 -1
423 1360 -1
1015 1315 -1
90 560 -1
80 560 -1
121 560 -1
275 511 -1
498 627 -1
493 627 -1
455 627 -1
469 630 -1
448 630 -1
469 643 -1
469 637 -1
469 606 -1
343 460 -1
345 1352 -1
121 832 -1
80 832 -1
90 832 -1
121 848 -1
121 801 -1
121 844 -1
121 833 -1
266 513 -1
88 521 -1
96 521 -1
113 521 -1
139 521 -1
78 521 -1
468 629 -1
474 629 -1
503 629 -1
436 629 -1
490 629 -1
477 629 -1
468 622 -1
488 630 -1
433 630 -1
462 630 -1
488 643 -1
488 637 -1
488 606 -1
204 1319 -1
171 1319 -1
204 1305 -1
204 1298 -1
365 1301 -1
197 1076 -1
180 1076 -1
197 1013 -1
304 497 -1
315 497 -1
339 497 -1
358 497 -1
295 497 -1
309 1315 -1
340 627 -1
344 627 -1
312 602 -1
424 1322 -1
395 1322 -1
348 639 -1
348 641 -1
430 1328 -1
430 1351 -1
97 449 -1
138 449 -1
147 1334 -1
213 394 -1
126 569 -1
106 569 -1
93 569 -1
38 1353 -1
14 1353 -1
38 1342 -1
17 475 -1
17 456 -1
36 1316 -1
7 1316 -1
36 1317 -1
36 1331 -1
36 1309 -1
36 1303 -1
398 1298 -1
398 1305 -1
398 1319 -1
155 1343 -1
178 1343 -1
158 1343 -1
215 1343 -1
155 1308 -1
20 472 -1
51 472 -1
374 1310 -1
385 1310 -1
396 1310 -1
361 1335 -1
393 1335 -1
361 1330 -1
361 1356 -1
361 1367 -1
124 570 -1
141 570 -1
124 544 -1
124 506 -1
124 508 -1
124 549 -1
183 1298 -1
187 1298 -1
166 1298 -1
183 1305 -1
183 1319 -1
182 1298 -1
176 1298 -1
193 1298 -1
195 1298 -1
214 1298 -1
182 1305 -1
182 1319 -1
347 1320 -1
305 1320 -1
324 1320 -1
370 1306 -1
386 1306 -1
419 1306 -1
412 1306 -1
407 1306 -1
370 1297 -1
241 571 -1
535 736 -1
535 722 -1
535 763 -1
535 747 -1
535 774 -1
535 751 -1
301 589 -1
274 513 -1
705 741 -1
705 761 -1
409 1344 -1
409 1354 -1
96 465 -1
88 465 -1
113 465 -1
139 465 -1
78 465 -1
377 1349 -1
377 1358 -1
316 1320 -1
195 412 -1
176 412 -1
193 412 -1
214 412 -1
182 412 -1
195 370 -1
195 419 -1
195 386 -1
195 407 -1
162 1352 -1
145 398 -1
149 398 -1
174 398 -1
421 1320 -1
347 1353 -1
305 1353 -1
324 1353 -1
347 1342 -1
381 1318 -1
196 303 -1
197 1070 -1
180 1070 -1
197 1022 -1
154 1341 -1
154 1339 -1
195 338 -1
176 338 -1
193 338 -1
214 338 -1
182 338 -1
95 465 -1
223 513 -1
234 513 -1
304 628 -1
315 628 -1
339 628 -1
358 628 -1
295 628 -1
304 600 -1
304 597 -1
304 615 -1
154 1307 -1
154 1314 -1
198 1009 -1
184 1009 -1
209 1009 -1
202 1009 -1
198 1062 -1
198 1031 -1
306 488 -1
306 433 -1
306 462 -1
343 633 -1
124 513 -1
141 513 -1
194 336 -1
194 326 -1
194 358 -1
194 296 -1
194 310 -1
194 346 -1
194 315 -1
157 1340 -1
157 1345 -1
686 1021 -1
308 632 -1
348 1321 -1
312 1356 -1
312 1330 -1
312 1367 -1
312 1335 -1
1009 1312 -1
1062 1312 -1
1031 1312 -1
1009 1363 -1
1009 1348 -1
87 551 -1
87 546 -1
113 459 -1
88 459 -1
96 459 -1
78 459 -1
341 628 -1
341 600 -1
341 597 -1
341 615 -1
213 1330 -1
213 1335 -1
213 1356 -1
213 1367 -1
203 1357 -1
148 400 -1
196 413 -1
415 1313 -1
403 1304 -1
403 1362 -1
401 1336 -1
382 1318 -1
624 1311 -1
173 390 -1
341 461 -1
156 1339 -1
156 1341 -1
467 594 -1
434 594 -1
389 1361 -1
1013 1313 -1
1076 1313 -1
414 1313 -1
1009 1351 -1
1062 1351 -1
1031 1351 -1
1009 1328 -1
587 1310 -1
36 1353 -1
7 1353 -1
36 1342 -1
315 1322 -1
336 1322 -1
358 1322 -1
326 1322 -1
295 1322 -1
296 1322 -1
304 1322 -1
339 1322 -1
310 1322 -1
346 1322 -1
81 500 -1
107 500 -1
314 1320 -1
353 1320 -1
199 307 -1
128 235 -1
136 235 -1
108 235 -1
128 226 -1
98 450 -1
133 450 -1
191 371 -1
298 1309 -1
298 1331 -1
298 1316 -1
298 1317 -1
298 1303 -1
211 1329 -1
109 458 -1
350 1319 -1
350 1305 -1
350 1298 -1
336 585 -1
326 585 -1
358 585 -1
296 585 -1
310 585 -1
346 585 -1
315 585 -1
336 577 -1
96 452 -1
88 452 -1
113 452 -1
139 452 -1
78 452 -1
96 494 -1
85 503 -1
137 503 -1
85 436 -1
85 474 -1
85 468 -1
85 477 -1
85 490 -1
307 1316 -1
307 1317 -1
307 1331 -1
307 1309 -1
307 1303 -1
372 1343 -1
372 1308 -1
394 1365 -1
272 511 -1
264 511 -1
390 1324 -1
390 1346 -1
390 1364 -1
393 1363 -1
361 1363 -1
393 1312 -1
393 1348 -1
466 592 -1
214 1365 -1
176 1365 -1
193 1365 -1
195 1365 -1
182 1365 -1
183 1299 -1
187 1299 -1
166 1299 -1
1078 1314 -1
1078 1307 -1
129 482 -1
129 446 -1
129 502 -1
421 1322 -1
128 566 -1
136 566 -1
108 566 -1
194 1346 -1
194 1324 -1
194 1347 -1
194 1364 -1
158 1310 -1
178 1310 -1
155 1310 -1
215 1310 -1
150 1303 -1
153 1303 -1
163 1303 -1
150 1331 -1
150 1316 -1
150 1309 -1
300 1311 -1
422 1323 -1
422 1332 -1
391 1361 -1
105 456 -1
105 475 -1
386 1322 -1
370 1322 -1
419 1322 -1
412 1322 -1
407 1322 -1
152 1302 -1
207 1358 -1
207 1349 -1
311 1316 -1
311 1317 -1
311 1331 -1
311 1309 -1
311 1303 -1
341 466 -1
193 375 -1
176 375 -1
195 375 -1
214 375 -1
182 375 -1
227 550 -1
227 514 -1
227 567 -1
227 525 -1
227 541 -1
123 770 -1
501 593 -1
440 593 -1
451 593 -1
89 518 -1
80 498 -1
121 498 -1
90 498 -1
80 493 -1
80 455 -1
632 972 -1
194 337 -1
159 1344 -1
159 1354 -1
392 1327 -1
408 1327 -1
426 1327 -1
517 737 -1
564 737 -1
565 737 -1
517 740 -1
517 724 -1
517 759 -1
212 1363 -1
212 1312 -1
212 1348 -1
166 1318 -1
200 1318 -1
187 1318 -1
183 1318 -1
427 1363 -1
369 1363 -1
378 1363 -1
380 1363 -1
366 1363 -1
383 1363 -1
427 1312 -1
427 1348 -1
117 1059 -1
76 1059 -1
117 1010 -1
117 1043 -1
117 1028 -1
117 1023 -1
19 472 -1
385 1321 -1
396 1321 -1
374 1321 -1
99 454 -1
99 464 -1
145 396 -1
149 396 -1
174 396 -1
145 385 -1
145 374 -1
230 567 -1
230 514 -1
230 541 -1
230 550 -1
230 525 -1
183 1334 -1
187 1334 -1
166 1334 -1
309 635 -1
309 584 -1
309 618 -1
309 621 -1
52 967 -1
21 967 -1
307 490 -1
307 439 -1
307 436 -1
307 503 -1
307 468 -1
307 474 -1
307 477 -1
196 377 -1
194 1309 -1
194 1331 -1
194 1316 -1
194 1317 -1
194 1303 -1
109 457 -1
109 492 -1
305 593 -1
347 593 -1
324 593 -1
390 1326 -1
170 1322 -1
160 1346 -1
160 1324 -1
160 1347 -1
160 1364 -1
40 1352 -1
428 1329 -1
419 1329 -1
407 1329 -1
122 447 -1
92 1092 -1
92 1131 -1
92 1135 -1
92 1140 -1
92 1080 -1
92 1117 -1
83 501 -1
110 501 -1
83 440 -1
83 451 -1
94 452 -1
94 494 -1
502 593 -1
482 593 -1
446 593 -1
541 738 -1
514 738 -1
525 738 -1
550 738 -1
567 738 -1
162 1077 -1
162 1064 -1
162 1032 -1
162 1045 -1
162 1054 -1
162 1071 -1
208 1324 -1
206 1324 -1
208 1346 -1
208 1364 -1
1074 1313 -1
1012 1313 -1
337 588 -1
9 1349 -1
58 1349 -1
9 1358 -1
200 1316 -1
187 1316 -1
166 1316 -1
200 1317 -1
200 1331 -1
200 1309 -1
200 1303 -1
302 1311 -1
403 1337 -1
48 1004 -1
24 1004 -1
57 1004 -1
44 1004 -1
48 1000 -1
48 963 -1
48 941 -1
152 1304 -1
152 1362 -1
226 551 -1
235 551 -1
226 546 -1
98 455 -1
133 455 -1
98 498 -1
98 493 -1
334 584 -1
334 618 -1
334 635 -1
334 621 -1
379 1316 -1
379 1317 -1
379 1331 -1
379 1309 -1
379 1303 -1
231 570 -1
231 544 -1
231 506 -1
231 508 -1
231 549 -1
970 1349 -1
970 1358 -1
161 1079 -1
401 1302 -1
313 1320 -1
320 1320 -1
299 1320 -1
