7 59 1
2 7 1
2 59 1
11 34 1
63 71 1
28 37 1
39 50 1
19 23 1
28 41 1
37 41 1
54 71 1
54 63 1
9 35 1
57 70 1
47 70 1
47 57 1
36 54 1
36 63 1
36 71 1
20 38 1
10 46 1
27 43 1
32 44 1
18 20 1
18 38 1
35 46 1
9 46 1
10 35 1
54 56 1
56 63 1
36 56 1
56 71 1
39 68 1
50 68 1
52 68 1
50 52 1
39 52 1
88 113 1
121 124 1
96 97 1
78 96 1
78 97 1
92 93 1
112 141 1
73 121 1
73 124 1
81 98 1
122 125 1
106 120 1
101 108 1
110 139 1
76 80 1
103 106 1
103 120 1
102 130 1
97 136 1
96 136 1
78 136 1
103 114 1
114 120 1
106 114 1
121 141 1
73 141 1
124 141 1
112 121 1
83 87 1
86 87 1
83 86 1
102 117 1
117 130 1
108 115 1
101 115 1
96 102 1
102 136 1
97 102 1
78 102 1
96 130 1
96 117 1
167 171 1
172 175 1
152 188 1
162 185 1
162 197 1
185 197 1
202 215 1
166 167 1
166 171 1
170 193 1
174 200 1
144 164 1
147 170 1
147 193 1
158 192 1
153 180 1
182 182 1
189 205 1
156 201 1
203 207 1
147 182 1
182 193 1
170 182 1
213 215 1
202 213 1
158 159 1
159 192 1
181 201 1
156 181 1
155 204 1
174 187 1
187 200 1
166 201 1
171 201 1
167 201 1
156 166 1
166 181 1
224 226 1
284 286 1
225 239 1
242 275 1
219 240 1
218 231 1
262 276 1
239 246 1
225 246 1
261 280 1
261 285 1
280 285 1
242 273 1
273 275 1
253 260 1
246 271 1
225 271 1
239 271 1
268 280 1
261 268 1
268 285 1
253 281 1
260 281 1
248 252 1
216 284 1
216 286 1
256 258 1
251 271 1
225 251 1
246 251 1
239 251 1
220 250 1
217 250 1
217 220 1
245 246 1
225 245 1
245 271 1
245 251 1
239 245 1
318 319 1
293 339 1
309 341 1
305 337 1
327 340 1
327 329 1
329 340 1
325 350 1
295 321 1
294 298 1
312 343 1
325 357 1
350 357 1
295 325 1
321 325 1
295 357 1
295 350 1
291 305 1
291 337 1
321 331 1
325 331 1
295 331 1
293 305 1
305 339 1
293 337 1
291 293 1
346 351 1
303 306 1
310 324 1
290 351 1
290 346 1
338 345 1
324 355 1
310 355 1
322 337 1
305 322 1
291 322 1
293 322 1
379 428 1
361 378 1
395 421 1
402 421 1
395 402 1
365 373 1
415 422 1
377 392 1
381 429 1
369 417 1
367 373 1
365 367 1
373 385 1
365 385 1
367 385 1
368 389 1
363 413 1
363 419 1
413 419 1
387 423 1
367 417 1
385 417 1
373 417 1
365 417 1
367 369 1
377 429 1
392 429 1
377 381 1
367 420 1
385 420 1
417 420 1
365 420 1
369 420 1
373 420 1
373 397 1
385 397 1
397 420 1
397 417 1
365 397 1
367 397 1
438 471 1
468 472 1
469 494 1
442 501 1
457 470 1
432 436 1
465 489 1
447 460 1
466 500 1
440 477 1
468 474 1
472 474 1
434 488 1
475 500 1
466 475 1
445 460 1
445 447 1
433 496 1
478 491 1
448 466 1
448 475 1
448 500 1
438 473 1
471 473 1
433 445 1
445 496 1
433 460 1
433 447 1
472 483 1
474 483 1
468 483 1
465 470 1
470 489 1
457 465 1
459 491 1
459 478 1
518 541 1
525 553 1
513 553 1
513 525 1
545 568 1
521 555 1
556 566 1
518 529 1
529 541 1
509 549 1
548 554 1
509 569 1
549 569 1
509 547 1
547 569 1
547 549 1
554 563 1
548 563 1
504 505 1
535 542 1
541 572 1
529 572 1
518 572 1
526 548 1
526 554 1
526 563 1
510 521 1
510 555 1
550 567 1
556 570 1
566 570 1
505 521 1
504 521 1
505 555 1
505 510 1
536 548 1
536 554 1
536 563 1
526 536 1
609 638 1
580 645 1
591 607 1
581 620 1
606 633 1
639 647 1
606 642 1
633 642 1
597 605 1
585 591 1
585 607 1
603 646 1
600 618 1
594 613 1
621 630 1
577 590 1
595 620 1
581 595 1
587 627 1
589 598 1
617 621 1
617 630 1
614 620 1
595 614 1
581 614 1
618 636 1
600 636 1
586 592 1
584 643 1
591 601 1
585 601 1
601 607 1
593 610 1
600 615 1
615 618 1
615 636 1
686 717 1
650 706 1
677 719 1
666 671 1
659 700 1
658 708 1
650 666 1
666 706 1
650 671 1
700 713 1
659 713 1
660 680 1
694 703 1
650 684 1
684 706 1
666 684 1
671 684 1
649 657 1
675 696 1
680 700 1
660 700 1
680 713 1
659 680 1
715 717 1
686 715 1
692 712 1
659 691 1
680 691 1
691 713 1
691 700 1
687 718 1
705 714 1
685 699 1
699 699 1
705 713 1
713 714 1
680 705 1
659 705 1
691 705 1
700 705 1
751 757 1
746 756 1
730 754 1
756 778 1
746 778 1
722 767 1
748 758 1
756 783 1
746 783 1
778 783 1
733 776 1
750 758 1
748 750 1
760 768 1
732 766 1
721 771 1
778 785 1
746 785 1
756 785 1
783 785 1
736 764 1
775 781 1
721 774 1
771 774 1
723 769 1
776 782 1
733 782 1
722 760 1
760 767 1
722 768 1
734 762 1
724 735 1
736 773 1
764 773 1
722 746 1
746 760 1
746 768 1
746 767 1
722 778 1
722 783 1
722 785 1
722 756 1
815 833 1
817 839 1
814 819 1
798 839 1
798 817 1
827 862 1
833 857 1
815 857 1
840 847 1
813 817 1
798 813 1
813 839 1
830 854 1
848 863 1
792 834 1
815 835 1
833 835 1
835 857 1
795 802 1
807 809 1
844 863 1
844 848 1
827 859 1
859 862 1
804 828 1
827 836 1
836 859 1
836 862 1
799 816 1
793 827 1
793 859 1
793 836 1
793 862 1
794 841 1
816 835 1
799 835 1
816 833 1
816 857 1
815 816 1
904 919 1
875 924 1
871 931 1
894 935 1
886 904 1
886 919 1
915 921 1
882 929 1
888 903 1
915 934 1
921 934 1
877 890 1
876 917 1
888 919 1
903 919 1
888 904 1
886 888 1
876 896 1
896 917 1
878 888 1
878 904 1
878 919 1
878 886 1
878 903 1
871 889 1
889 931 1
894 896 1
896 935 1
876 894 1
894 917 1
872 898 1
910 911 1
917 919 1
896 919 1
876 919 1
894 919 1
903 917 1
904 917 1
878 917 1
886 917 1
888 917 1
943 987 1
939 949 1
939 967 1
949 967 1
988 993 1
969 989 1
945 981 1
936 967 1
936 939 1
936 949 1
964 1007 1
959 964 1
959 1007 1
945 1004 1
981 1004 1
996 999 1
991 996 1
991 999 1
943 974 1
974 987 1
987 999 1
974 999 1
943 999 1
987 996 1
987 991 1
944 1002 1
991 1001 1
987 1001 1
996 1001 1
999 1001 1
956 999 1
956 996 1
956 1001 1
956 974 1
943 956 1
956 987 1
956 991 1
1038 1053 1
1033 1053 1
1033 1038 1
1017 1018 1
1021 1052 1
1027 1058 1
1030 1078 1
1015 1051 1
1049 1062 1
1024 1061 1
1060 1065 1
1037 1039 1
1035 1052 1
1021 1035 1
1035 1044 1
1044 1052 1
1021 1044 1
1018 1048 1
1017 1048 1
1021 1070 1
1044 1070 1
1035 1070 1
1052 1070 1
1048 1065 1
1017 1065 1
1018 1065 1
1048 1060 1
1012 1021 1
1012 1044 1
1012 1035 1
1012 1052 1
1012 1070 1
1013 1026 1
1016 1024 1
1016 1061 1
1057 1077 1
1107 1140 1
1147 1149 1
1119 1131 1
1086 1130 1
1098 1139 1
1103 1113 1
1140 1144 1
1107 1144 1
1104 1132 1
1141 1151 1
1130 1144 1
1086 1144 1
1107 1130 1
1130 1140 1
1134 1150 1
1115 1116 1
1104 1125 1
1125 1132 1
1089 1151 1
1089 1141 1
1086 1148 1
1144 1148 1
1130 1148 1
1090 1095 1
1112 1128 1
1108 1124 1
1129 1148 1
1129 1144 1
1129 1130 1
1086 1129 1
1110 1147 1
1110 1149 1
1087 1143 1
1107 1107 1
1102 1129 1
1102 1144 1
1102 1130 1
1102 1148 1
1086 1102 1
1156 1176 1
1209 1221 1
1173 1219 1
1197 1207 1
1167 1189 1
1200 1210 1
1161 1222 1
1214 1219 1
1173 1214 1
1172 1217 1
1206 1218 1
1196 1217 1
1172 1196 1
1181 1197 1
1181 1207 1
1184 1210 1
1184 1200 1
1166 1205 1
1184 1187 1
1187 1200 1
1187 1210 1
1155 1220 1
1170 1178 1
1162 1171 1
1160 1171 1
1160 1162 1
1196 1218 1
1217 1218 1
1172 1218 1
1196 1206 1
1155 1157 1
1157 1220 1
1175 1175 1
1203 1212 1
1203 1213 1
1212 1213 1
1237 1259 1
1232 1245 1
1236 1273 1
1226 1249 1
1231 1234 1
1238 1245 1
1232 1238 1
1244 1261 1
1240 1281 1
1229 1260 1
1231 1259 1
1234 1259 1
1231 1237 1
1241 1293 1
1260 1261 1
1229 1261 1
1244 1260 1
1238 1266 1
1232 1266 1
1245 1266 1
1225 1257 1
1242 1259 1
1234 1242 1
1237 1242 1
1231 1242 1
1262 1280 1
1262 1273 1
1273 1280 1
1236 1262 1
1224 1263 1
1263 1272 1
1224 1272 1
1230 1253 1
1256 1268 1
1226 1259 1
1249 1259 1
1226 1231 1
1226 1234 1
1226 1237 1
1226 1242 1
1318 1364 1
1355 1361 1
1313 1357 1
1314 1355 1
1314 1361 1
1337 1345 1
1302 1348 1
1312 1345 1
1312 1337 1
1298 1332 1
1329 1365 1
1315 1335 1
1299 1347 1
1342 1356 1
1305 1349 1
1320 1360 1
1298 1312 1
1312 1332 1
1298 1345 1
1298 1337 1
1310 1334 1
1345 1365 1
1312 1365 1
1337 1365 1
1298 1365 1
1329 1345 1
1326 1351 1
1350 1358 1
1329 1344 1
1344 1345 1
1344 1365 1
1304 1310 1
1304 1334 1
1304 1322 1
1322 1334 1
1310 1322 1
1411 1420 1
1415 1425 1
1411 1439 1
1420 1439 1
1370 1387 1
1373 1393 1
1388 1428 1
1389 1421 1
1406 1426 1
1400 1421 1
1389 1400 1
1387 1439 1
1370 1439 1
1387 1411 1
1387 1420 1
1384 1397 1
1387 1404 1
1370 1404 1
1404 1411 1
1404 1420 1
1404 1439 1
1401 1421 1
1400 1401 1
1389 1401 1
1368 1421 1
1368 1400 1
1368 1401 1
1368 1389 1
1392 1425 1
1392 1415 1
1372 1407 1
1402 1439 1
1402 1411 1
1387 1402 1
1402 1420 1
1370 1402 1
1402 1404 1
128 482 -1
531 741 -1
381 1318 -1
377 1318 -1
429 1318 -1
381 1364 -1
69 1346 -1
172 1363 -1
175 1363 -1
164 935 -1
144 935 -1
164 896 -1
164 894 -1
230 570 -1
230 556 -1
230 566 -1
171 1363 -1
201 1363 -1
166 1363 -1
167 1363 -1
13 500 -1
13 448 -1
13 466 -1
13 475 -1
346 1319 -1
290 1319 -1
351 1319 -1
210 1362 -1
305 485 -1
337 485 -1
339 485 -1
291 485 -1
322 485 -1
293 485 -1
165 935 -1
165 896 -1
165 894 -1
467 630 -1
467 617 -1
467 621 -1
21 472 -1
21 474 -1
21 483 -1
21 468 -1
404 1305 -1
404 1349 -1
200 309 -1
187 309 -1
174 309 -1
200 341 -1
280 532 -1
268 532 -1
261 532 -1
285 532 -1
340 463 -1
329 463 -1
327 463 -1
312 601 -1
343 601 -1
312 585 -1
312 607 -1
312 591 -1
17 472 -1
17 474 -1
17 483 -1
17 468 -1
17 475 -1
17 448 -1
17 466 -1
17 500 -1
936 1349 -1
939 1349 -1
949 1349 -1
967 1349 -1
936 1305 -1
376 1236 -1
376 1273 -1
376 1262 -1
38 1353 -1
18 1353 -1
20 1353 -1
398 1298 -1
398 1312 -1
398 1345 -1
398 1332 -1
398 1365 -1
398 1337 -1
428 1363 -1
379 1363 -1
159 1311 -1
192 1311 -1
158 1311 -1
424 1360 -1
424 1320 -1
315 1321 -1
182 399 -1
193 399 -1
170 399 -1
147 399 -1
707 743 -1
458 1239 -1
344 1352 -1
149 1301 -1
152 367 -1
188 367 -1
152 385 -1
152 420 -1
152 417 -1
152 365 -1
152 397 -1
152 369 -1
152 373 -1
349 602 -1
50 968 -1
52 968 -1
68 968 -1
39 968 -1
306 489 -1
303 489 -1
306 465 -1
306 470 -1
223 549 -1
223 569 -1
223 547 -1
223 509 -1
123 571 -1
178 395 -1
178 402 -1
178 421 -1
69 497 -1
158 333 -1
192 333 -1
159 333 -1
193 1307 -1
170 1307 -1
147 1307 -1
182 1307 -1
383 1320 -1
383 1360 -1
361 1333 -1
378 1333 -1
189 369 -1
205 369 -1
189 417 -1
189 420 -1
189 367 -1
185 1303 -1
162 1303 -1
197 1303 -1
1009 1313 -1
1009 1357 -1
225 548 -1
271 548 -1
251 548 -1
245 548 -1
246 548 -1
239 548 -1
225 536 -1
225 554 -1
225 563 -1
225 526 -1
309 1316 -1
341 1316 -1
503 629 -1
207 1359 -1
203 1359 -1
514 736 -1
514 764 -1
514 773 -1
192 372 -1
158 372 -1
159 372 -1
225 549 -1
271 549 -1
251 549 -1
245 549 -1
246 549 -1
239 549 -1
225 569 -1
225 547 -1
225 509 -1
139 1238 -1
110 1238 -1
139 1232 -1
139 1266 -1
139 1245 -1
163 460 -1
163 433 -1
163 445 -1
163 447 -1
184 1335 -1
184 1315 -1
162 1070 -1
185 1070 -1
197 1070 -1
162 1052 -1
162 1012 -1
162 1035 -1
162 1044 -1
162 1021 -1
214 1367 -1
300 585 -1
300 601 -1
300 607 -1
300 591 -1
225 513 -1
271 513 -1
251 513 -1
245 513 -1
246 513 -1
239 513 -1
225 553 -1
225 525 -1
459 1239 -1
491 1239 -1
478 1239 -1
168 1323 -1
549 774 -1
569 774 -1
547 774 -1
509 774 -1
549 721 -1
549 771 -1
90 559 -1
360 1332 -1
360 1312 -1
360 1298 -1
95 454 -1
391 1364 -1
391 1318 -1
196 304 -1
300 1344 -1
300 1329 -1
300 1365 -1
300 1345 -1
179 1367 -1
121 464 -1
112 464 -1
73 464 -1
124 464 -1
141 464 -1
124 549 -1
121 549 -1
141 549 -1
73 549 -1
124 569 -1
124 547 -1
124 509 -1
591 1348 -1
585 1348 -1
601 1348 -1
607 1348 -1
591 1302 -1
472 595 -1
474 595 -1
483 595 -1
468 595 -1
472 620 -1
472 581 -1
472 614 -1
126 575 -1
262 511 -1
276 511 -1
146 1297 -1
129 494 -1
129 469 -1
193 374 -1
170 374 -1
147 374 -1
182 374 -1
340 1312 -1
329 1312 -1
327 1312 -1
340 1345 -1
340 1298 -1
340 1332 -1
340 1365 -1
340 1337 -1
338 1312 -1
345 1312 -1
338 1345 -1
338 1298 -1
338 1332 -1
338 1365 -1
338 1337 -1
166 1318 -1
201 1318 -1
171 1318 -1
156 1318 -1
181 1318 -1
167 1318 -1
166 1364 -1
313 1356 -1
313 1342 -1
160 1070 -1
160 1052 -1
160 1012 -1
160 1035 -1
160 1044 -1
160 1021 -1
95 448 -1
95 466 -1
95 475 -1
95 500 -1
332 1307 -1
118 1054 -1
535 735 -1
542 735 -1
535 724 -1
308 1352 -1
311 1353 -1
205 1322 -1
189 1322 -1
205 1304 -1
205 1310 -1
205 1334 -1
197 1015 -1
185 1015 -1
162 1015 -1
197 1051 -1
335 621 -1
335 617 -1
335 630 -1
184 400 -1
396 1366 -1
389 1325 -1
368 1325 -1
200 345 -1
187 345 -1
174 345 -1
200 338 -1
161 1009 -1
197 340 -1
185 340 -1
162 340 -1
197 329 -1
197 327 -1
590 1348 -1
577 1348 -1
590 1302 -1
385 1356 -1
417 1356 -1
420 1356 -1
397 1356 -1
367 1356 -1
373 1356 -1
365 1356 -1
385 1342 -1
335 622 -1
503 630 -1
503 617 -1
503 621 -1
228 550 -1
228 567 -1
158 1344 -1
192 1344 -1
159 1344 -1
158 1329 -1
158 1365 -1
158 1345 -1
335 620 -1
335 595 -1
335 581 -1
335 614 -1
424 1323 -1
121 835 -1
112 835 -1
73 835 -1
124 835 -1
141 835 -1
121 816 -1
121 833 -1
121 799 -1
121 857 -1
121 815 -1
177 1328 -1
310 598 -1
355 598 -1
324 598 -1
310 589 -1
206 1357 -1
206 1313 -1
347 600 -1
347 618 -1
347 636 -1
347 615 -1
153 1341 -1
180 1341 -1
307 1351 -1
307 1326 -1
624 1347 -1
624 1299 -1
379 1313 -1
428 1313 -1
379 1357 -1
105 456 -1
149 1335 -1
149 1315 -1
706 742 -1
650 742 -1
684 742 -1
666 742 -1
395 1364 -1
402 1364 -1
421 1364 -1
395 1318 -1
421 1321 -1
402 1321 -1
395 1321 -1
336 624 -1
413 1007 -1
363 1007 -1
419 1007 -1
413 964 -1
413 959 -1
537 737 -1
467 593 -1
467 610 -1
139 1239 -1
110 1239 -1
210 1361 -1
210 1314 -1
210 1355 -1
90 555 -1
90 521 -1
90 510 -1
90 505 -1
372 1341 -1
98 451 -1
81 451 -1
546 776 -1
546 733 -1
546 782 -1
428 1362 -1
379 1362 -1
148 1335 -1
148 1315 -1
94 452 -1
385 1320 -1
417 1320 -1
420 1320 -1
397 1320 -1
367 1320 -1
373 1320 -1
365 1320 -1
385 1360 -1
428 1364 -1
379 1364 -1
428 1318 -1
133 492 -1
379 1314 -1
428 1314 -1
379 1361 -1
379 1355 -1
68 1347 -1
50 1347 -1
52 1347 -1
39 1347 -1
68 1299 -1
86 553 -1
83 553 -1
87 553 -1
86 513 -1
86 525 -1
430 1366 -1
265 512 -1
91 525 -1
91 553 -1
91 513 -1
269 511 -1
4 77 -1
176 429 -1
176 392 -1
176 377 -1
176 381 -1
259 505 -1
259 504 -1
259 521 -1
259 555 -1
259 510 -1
423 1360 -1
387 1360 -1
423 1320 -1
1076 1314 -1
1076 1361 -1
1076 1355 -1
551 775 -1
551 781 -1
1005 1349 -1
1005 1305 -1
552 772 -1
119 1065 -1
119 1048 -1
119 1017 -1
119 1018 -1
119 1060 -1
53 975 -1
231 570 -1
218 570 -1
231 556 -1
231 566 -1
372 1343 -1
85 502 -1
337 626 -1
305 626 -1
322 626 -1
291 626 -1
293 626 -1
425 1326 -1
425 1351 -1
682 1066 -1
13 501 -1
13 442 -1
314 935 -1
314 896 -1
314 894 -1
192 409 -1
158 409 -1
159 409 -1
96 450 -1
97 450 -1
130 450 -1
102 450 -1
136 450 -1
78 450 -1
117 450 -1
174 1327 -1
200 1327 -1
187 1327 -1
170 1325 -1
193 1325 -1
147 1325 -1
182 1325 -1
634 1315 -1
634 1335 -1
425 1323 -1
311 601 -1
311 585 -1
311 607 -1
311 591 -1
158 1310 -1
192 1310 -1
159 1310 -1
158 1304 -1
158 1322 -1
158 1334 -1
174 1363 -1
200 1363 -1
187 1363 -1
597 1314 -1
605 1314 -1
597 1361 -1
597 1355 -1
155 1339 -1
204 1339 -1
469 630 -1
494 630 -1
469 617 -1
469 621 -1
343 1352 -1
312 1352 -1
384 1357 -1
384 1313 -1
588 1311 -1
85 503 -1
422 1323 -1
415 1323 -1
381 1317 -1
377 1317 -1
429 1317 -1
406 1306 -1
262 505 -1
276 505 -1
262 504 -1
262 521 -1
262 555 -1
262 510 -1
311 1355 -1
311 1361 -1
311 1314 -1
211 1326 -1
211 1351 -1
160 338 -1
160 345 -1
221 569 -1
221 547 -1
221 509 -1
221 549 -1
304 502 -1
132 494 -1
132 469 -1
536 734 -1
554 734 -1
563 734 -1
548 734 -1
526 734 -1
536 762 -1
182 398 -1
193 398 -1
170 398 -1
147 398 -1
209 390 -1
397 1367 -1
385 1367 -1
420 1367 -1
417 1367 -1
365 1367 -1
367 1367 -1
373 1367 -1
410 1346 -1
131 492 -1
148 364 -1
177 1365 -1
177 1312 -1
177 1344 -1
177 1345 -1
177 1329 -1
177 1298 -1
177 1337 -1
413 990 -1
363 990 -1
419 990 -1
199 307 -1
35 1352 -1
9 1352 -1
10 1352 -1
46 1352 -1
422 1358 -1
415 1358 -1
422 1350 -1
163 1240 -1
163 1281 -1
388 1360 -1
388 1320 -1
193 408 -1
170 408 -1
147 408 -1
182 408 -1
174 392 -1
200 392 -1
187 392 -1
174 377 -1
174 429 -1
181 1333 -1
201 1333 -1
156 1333 -1
166 1333 -1
429 1329 -1
392 1329 -1
377 1329 -1
381 1329 -1
429 1344 -1
429 1345 -1
429 1365 -1
362 1335 -1
362 1315 -1
123 573 -1
200 310 -1
187 310 -1
174 310 -1
200 355 -1
200 324 -1
211 392 -1
211 377 -1
211 429 -1
317 1321 -1
384 1322 -1
384 1304 -1
384 1310 -1
384 1334 -1
385 1323 -1
417 1323 -1
420 1323 -1
397 1323 -1
367 1323 -1
373 1323 -1
365 1323 -1
123 568 -1
123 545 -1
417 1317 -1
385 1317 -1
420 1317 -1
365 1317 -1
367 1317 -1
369 1317 -1
373 1317 -1
397 1317 -1
202 1317 -1
213 1317 -1
215 1317 -1
94 467 -1
184 1301 -1
161 1313 -1
161 1357 -1
120 1054 -1
106 1054 -1
114 1054 -1
103 1054 -1
110 460 -1
139 460 -1
110 433 -1
110 445 -1
110 447 -1
412 1235 -1
146 1296 -1
388 1362 -1
417 1354 -1
385 1354 -1
420 1354 -1
365 1354 -1
367 1354 -1
369 1354 -1
373 1354 -1
397 1354 -1
315 1322 -1
315 1304 -1
315 1310 -1
315 1334 -1
197 379 -1
185 379 -1
162 379 -1
197 428 -1
