16 48 1
6 22 1
17 59 1
11 28 1
2 36 1
24 43 1
8 8 1
11 55 1
28 55 1
12 27 1
15 18 1
31 48 1
16 31 1
12 45 1
27 45 1
33 50 1
23 29 1
10 47 1
37 63 1
31 59 1
48 59 1
16 59 1
17 31 1
34 49 1
22 22 1
16 17 1
17 48 1
5 10 1
5 47 1
14 62 1
29 31 1
23 31 1
16 29 1
29 48 1
17 29 1
29 59 1
136 138 1
107 137 1
100 118 1
73 137 1
73 107 1
101 105 1
89 115 1
104 130 1
77 113 1
121 128 1
123 129 1
122 123 1
122 129 1
115 119 1
89 119 1
102 102 1
80 116 1
116 140 1
80 140 1
140 141 1
80 141 1
116 141 1
99 131 1
109 114 1
94 106 1
89 89 1
87 110 1
96 126 1
98 120 1
101 109 1
105 109 1
101 114 1
93 112 1
116 131 1
80 131 1
131 140 1
131 141 1
99 116 1
154 195 1
156 197 1
203 215 1
152 155 1
155 158 1
152 158 1
206 213 1
191 215 1
191 203 1
191 210 1
203 210 1
210 215 1
173 174 1
171 181 1
153 206 1
153 213 1
161 171 1
161 181 1
160 183 1
145 195 1
145 154 1
182 186 1
160 207 1
183 207 1
187 197 1
156 187 1
181 189 1
161 189 1
171 189 1
159 191 1
159 210 1
159 203 1
159 215 1
161 177 1
171 177 1
177 181 1
177 189 1
227 242 1
253 280 1
227 273 1
242 273 1
217 228 1
217 280 1
228 280 1
217 253 1
234 249 1
257 287 1
221 279 1
266 280 1
217 266 1
228 266 1
253 266 1
233 248 1
236 266 1
236 280 1
217 236 1
228 236 1
236 253 1
216 221 1
216 279 1
243 256 1
221 256 1
216 256 1
256 279 1
221 243 1
216 241 1
241 256 1
221 241 1
241 279 1
230 234 1
230 249 1
226 229 1
229 274 1
226 274 1
320 329 1
343 344 1
324 352 1
296 301 1
329 335 1
320 335 1
306 334 1
305 345 1
345 358 1
305 358 1
314 320 1
314 329 1
314 335 1
320 322 1
322 329 1
314 322 1
322 335 1
298 315 1
317 348 1
347 356 1
288 315 1
288 298 1
309 347 1
309 356 1
293 347 1
293 356 1
293 309 1
303 321 1
321 323 1
303 323 1
338 346 1
309 346 1
346 347 1
346 356 1
293 346 1
309 338 1
374 431 1
390 412 1
377 395 1
384 429 1
411 431 1
374 411 1
365 398 1
371 430 1
407 420 1
385 423 1
381 426 1
391 420 1
391 407 1
372 376 1
379 406 1
367 391 1
367 420 1
367 407 1
389 422 1
404 408 1
382 403 1
387 425 1
392 406 1
379 392 1
383 412 1
383 390 1
390 392 1
392 412 1
383 392 1
379 390 1
390 406 1
372 420 1
376 420 1
367 372 1
372 391 1
372 407 1
450 500 1
470 472 1
436 485 1
463 483 1
486 502 1
449 487 1
443 449 1
443 487 1
474 482 1
433 464 1
440 488 1
452 500 1
450 452 1
445 466 1
454 492 1
460 491 1
447 488 1
440 447 1
435 493 1
460 488 1
488 491 1
440 460 1
447 460 1
481 495 1
442 487 1
442 449 1
442 443 1
440 477 1
477 488 1
460 477 1
447 477 1
446 453 1
447 503 1
488 503 1
440 503 1
460 503 1
477 503 1
551 553 1
542 571 1
547 563 1
505 563 1
505 547 1
527 542 1
527 571 1
566 570 1
515 538 1
545 564 1
506 551 1
506 553 1
543 575 1
526 534 1
544 555 1
513 568 1
527 554 1
554 571 1
542 554 1
529 557 1
563 567 1
505 567 1
547 567 1
526 561 1
534 561 1
528 535 1
541 555 1
541 544 1
517 531 1
522 571 1
522 554 1
522 542 1
522 527 1
524 538 1
515 524 1
504 558 1
609 610 1
588 623 1
584 642 1
605 639 1
606 617 1
619 634 1
580 625 1
578 611 1
631 639 1
605 631 1
598 620 1
597 645 1
609 639 1
610 639 1
605 609 1
609 631 1
598 630 1
620 630 1
606 612 1
612 617 1
580 598 1
598 625 1
580 620 1
580 630 1
594 621 1
587 645 1
587 597 1
591 610 1
591 609 1
591 639 1
627 633 1
596 623 1
588 596 1
604 610 1
604 609 1
591 604 1
604 639 1
649 653 1
650 694 1
678 699 1
683 700 1
670 712 1
679 680 1
665 684 1
650 661 1
661 694 1
681 689 1
666 677 1
684 719 1
665 719 1
698 712 1
670 698 1
695 709 1
666 676 1
676 677 1
673 710 1
684 686 1
665 686 1
686 719 1
662 685 1
667 694 1
650 667 1
661 667 1
692 709 1
692 695 1
692 703 1
703 709 1
695 703 1
682 699 1
678 682 1
659 676 1
659 666 1
659 677 1
724 737 1
755 765 1
732 788 1
790 791 1
752 778 1
771 786 1
744 771 1
744 786 1
744 748 1
748 786 1
748 771 1
739 746 1
766 772 1
748 764 1
744 764 1
764 786 1
764 771 1
720 750 1
722 747 1
745 791 1
745 790 1
771 776 1
744 776 1
764 776 1
776 786 1
748 776 1
748 782 1
771 782 1
744 782 1
776 782 1
782 786 1
764 782 1
756 773 1
733 746 1
733 739 1
727 788 1
727 732 1
825 861 1
829 859 1
803 818 1
804 837 1
801 822 1
814 848 1
822 842 1
801 842 1
802 850 1
832 862 1
836 837 1
804 836 1
804 840 1
836 840 1
837 840 1
826 847 1
820 835 1
809 845 1
828 838 1
800 828 1
800 838 1
829 863 1
859 863 1
815 853 1
842 844 1
801 844 1
822 844 1
833 837 1
833 840 1
833 836 1
804 833 1
805 839 1
804 838 1
838 840 1
833 838 1
836 838 1
837 838 1
800 804 1
804 828 1
908 917 1
881 930 1
876 901 1
879 914 1
883 911 1
890 916 1
927 931 1
881 898 1
898 930 1
899 933 1
866 876 1
866 901 1
925 932 1
879 893 1
893 914 1
896 933 1
896 899 1
881 887 1
887 930 1
887 898 1
870 927 1
870 931 1
882 909 1
897 914 1
893 897 1
879 897 1
867 915 1
869 913 1
894 911 1
883 894 1
881 892 1
892 930 1
892 898 1
887 892 1
877 891 1
869 891 1
891 913 1
869 877 1
946 1000 1
948 968 1
960 1004 1
957 988 1
961 964 1
1000 1005 1
946 1005 1
956 997 1
937 990 1
972 972 1
954 985 1
965 997 1
956 965 1
973 981 1
949 953 1
947 995 1
941 1001 1
968 982 1
948 982 1
955 965 1
955 956 1
955 997 1
980 995 1
947 980 1
959 1001 1
941 959 1
977 982 1
968 977 1
948 977 1
960 982 1
982 1004 1
960 968 1
960 977 1
948 960 1
968 1000 1
960 1000 1
977 1000 1
948 1000 1
982 1000 1
968 1005 1
946 968 1
1050 1073 1
1036 1036 1
1020 1077 1
1040 1055 1
1014 1076 1
1031 1056 1
1056 1058 1
1031 1058 1
1027 1032 1
1022 1031 1
1022 1056 1
1022 1058 1
1008 1044 1
1016 1078 1
1042 1048 1
1071 1071 1
1023 1026 1
1014 1027 1
1027 1076 1
1014 1032 1
1032 1032 1
1032 1071 1
1027 1071 1
1014 1071 1
1039 1044 1
1008 1039 1
1035 1040 1
1035 1055 1
1059 1070 1
1021 1023 1
1021 1026 1
1051 1051 1
1030 1069 1
1039 1054 1
1008 1054 1
1044 1054 1
1087 1125 1
1142 1148 1
1119 1130 1
1112 1125 1
1087 1112 1
1107 1135 1
1112 1128 1
1125 1128 1
1087 1128 1
1108 1143 1
1081 1099 1
1125 1140 1
1112 1140 1
1128 1140 1
1087 1140 1
1112 1150 1
1128 1150 1
1140 1150 1
1125 1150 1
1087 1150 1
1084 1129 1
1101 1120 1
1090 1090 1
1091 1138 1
1126 1130 1
1119 1126 1
1095 1151 1
1114 1127 1
1121 1149 1
1133 1148 1
1133 1142 1
1099 1099 1
1091 1139 1
1138 1139 1
1093 1138 1
1093 1139 1
1091 1093 1
1164 1203 1
1159 1199 1
1155 1193 1
1161 1212 1
1170 1204 1
1168 1201 1
1163 1207 1
1198 1220 1
1163 1163 1
1172 1183 1
1174 1176 1
1182 1207 1
1163 1182 1
1152 1152 1
1179 1223 1
1195 1202 1
1188 1207 1
1163 1188 1
1182 1188 1
1179 1203 1
1203 1223 1
1164 1179 1
1191 1221 1
1172 1174 1
1174 1183 1
1172 1176 1
1198 1208 1
1208 1220 1
1204 1220 1
1170 1220 1
1204 1208 1
1198 1204 1
1189 1210 1
1209 1220 1
1208 1209 1
1170 1209 1
1204 1209 1
1198 1209 1
1233 1236 1
1256 1283 1
1261 1270 1
1236 1255 1
1233 1255 1
1237 1271 1
1268 1268 1
1272 1283 1
1256 1272 1
1279 1293 1
1239 1290 1
1257 1264 1
1234 1249 1
1234 1241 1
1241 1249 1
1242 1290 1
1239 1242 1
1239 1258 1
1258 1290 1
1242 1258 1
1278 1282 1
1236 1266 1
1233 1266 1
1255 1266 1
1230 1251 1
1237 1247 1
1247 1271 1
1236 1240 1
1233 1240 1
1240 1266 1
1240 1255 1
1226 1277 1
1246 1259 1
1234 1253 1
1249 1253 1
1241 1253 1
1351 1363 1
1346 1353 1
1349 1358 1
1360 1360 1
1306 1360 1
1323 1335 1
1304 1306 1
1304 1360 1
1317 1347 1
1331 1353 1
1331 1346 1
1330 1363 1
1330 1351 1
1310 1340 1
1328 1329 1
1335 1357 1
1323 1357 1
1338 1349 1
1338 1358 1
1315 1325 1
1339 1360 1
1304 1339 1
1306 1339 1
1320 1365 1
1327 1341 1
1347 1356 1
1317 1356 1
1307 1350 1
1321 1325 1
1315 1321 1
1308 1334 1
1317 1317 1
1325 1338 1
1321 1338 1
1315 1338 1
1325 1349 1
1325 1358 1
1380 1386 1
1380 1397 1
1386 1397 1
1381 1432 1
1381 1426 1
1426 1432 1
1423 1435 1
1389 1421 1
1397 1426 1
1386 1426 1
1380 1426 1
1397 1432 1
1381 1397 1
1369 1417 1
1393 1439 1
1384 1425 1
1382 1411 1
1375 1419 1
1385 1394 1
1422 1431 1
1421 1425 1
1389 1425 1
1384 1421 1
1371 1387 1
1386 1423 1
1423 1426 1
1380 1423 1
1397 1423 1
1386 1435 1
1381 1384 1
1384 1432 1
1384 1426 1
1384 1397 1
1381 1421 1
1381 1425 1
1414 1431 1
1414 1422 1
323 642 -1
321 642 -1
303 642 -1
323 584 -1
379 1314 -1
392 1314 -1
390 1314 -1
406 1314 -1
469 630 -1
469 580 -1
469 620 -1
469 598 -1
345 1352 -1
305 1352 -1
358 1352 -1
126 571 -1
96 571 -1
126 554 -1
126 522 -1
126 542 -1
126 527 -1
159 1309 -1
210 1309 -1
203 1309 -1
215 1309 -1
191 1309 -1
88 521 -1
69 1346 -1
69 1353 -1
69 1331 -1
515 735 -1
538 735 -1
524 735 -1
146 1334 -1
146 1308 -1
344 1315 -1
343 1315 -1
344 1321 -1
344 1338 -1
344 1325 -1
539 737 -1
539 724 -1
402 1336 -1
199 378 -1
306 595 -1
334 595 -1
146 1335 -1
146 1323 -1
146 1357 -1
431 1329 -1
411 1329 -1
374 1329 -1
431 1328 -1
94 450 -1
106 450 -1
94 452 -1
94 500 -1
533 735 -1
159 1347 -1
210 1347 -1
203 1347 -1
215 1347 -1
191 1347 -1
159 1356 -1
159 1317 -1
376 1313 -1
420 1313 -1
372 1313 -1
300 1344 -1
82 498 -1
333 583 -1
157 1343 -1
96 450 -1
126 450 -1
96 452 -1
96 500 -1
1013 1349 -1
1013 1338 -1
1013 1325 -1
1013 1358 -1
427 1328 -1
427 1329 -1
130 490 -1
104 490 -1
424 1325 -1
424 1321 -1
424 1338 -1
424 1315 -1
424 1349 -1
424 1358 -1
96 454 -1
126 454 -1
96 492 -1
130 495 -1
104 495 -1
130 481 -1
282 470 -1
282 472 -1
340 461 -1
502 629 -1
486 629 -1
403 1304 -1
382 1304 -1
403 1360 -1
403 1306 -1
403 1339 -1
227 568 -1
273 568 -1
242 568 -1
227 513 -1
51 1004 -1
51 960 -1
51 982 -1
158 334 -1
152 334 -1
155 334 -1
158 306 -1
189 1303 -1
161 1303 -1
171 1303 -1
181 1303 -1
177 1303 -1
1078 1313 -1
1016 1313 -1
412 1235 -1
392 1235 -1
390 1235 -1
383 1235 -1
1016 1314 -1
1078 1314 -1
147 1336 -1
125 574 -1
426 1362 -1
381 1362 -1
502 594 -1
486 594 -1
502 621 -1
73 497 -1
137 497 -1
107 497 -1
238 566 -1
238 570 -1
88 518 -1
205 422 -1
205 389 -1
227 548 -1
273 548 -1
242 548 -1
340 627 -1
340 633 -1
472 633 -1
470 633 -1
472 627 -1
401 1298 -1
130 494 -1
104 494 -1
1009 1314 -1
345 597 -1
305 597 -1
358 597 -1
345 587 -1
345 645 -1
344 1317 -1
343 1317 -1
344 1347 -1
344 1356 -1
22 470 -1
6 470 -1
22 472 -1
280 532 -1
217 532 -1
266 532 -1
236 532 -1
228 532 -1
253 532 -1
174 1361 -1
173 1361 -1
314 1357 -1
320 1357 -1
329 1357 -1
322 1357 -1
335 1357 -1
314 1323 -1
314 1335 -1
223 549 -1
143 375 -1
82 487 -1
82 449 -1
82 442 -1
82 443 -1
264 511 -1
548 775 -1
121 465 -1
128 465 -1
83 485 -1
83 436 -1
212 1327 -1
212 1341 -1
304 497 -1
459 1239 -1
459 1258 -1
459 1290 -1
459 1242 -1
342 593 -1
503 592 -1
488 592 -1
440 592 -1
460 592 -1
477 592 -1
447 592 -1
94 464 -1
106 464 -1
94 433 -1
164 1319 -1
268 514 -1
518 737 -1
518 724 -1
236 567 -1
280 567 -1
217 567 -1
266 567 -1
228 567 -1
253 567 -1
236 505 -1
236 563 -1
236 547 -1
309 633 -1
338 633 -1
346 633 -1
347 633 -1
356 633 -1
293 633 -1
309 627 -1
299 586 -1
161 1074 -1
177 1074 -1
171 1074 -1
181 1074 -1
189 1074 -1
361 1333 -1
393 1364 -1
301 1311 -1
296 1311 -1
228 566 -1
280 566 -1
217 566 -1
266 566 -1
236 566 -1
228 570 -1
175 1363 -1
175 1330 -1
175 1351 -1
333 582 -1
363 1334 -1
363 1308 -1
168 1357 -1
168 1323 -1
168 1335 -1
430 1329 -1
371 1329 -1
430 1328 -1
177 1329 -1
161 1329 -1
171 1329 -1
181 1329 -1
189 1329 -1
177 1328 -1
37 114 -1
63 114 -1
37 109 -1
37 101 -1
388 1358 -1
388 1338 -1
388 1349 -1
388 1325 -1
299 1310 -1
299 1340 -1
230 567 -1
249 567 -1
234 567 -1
230 505 -1
230 563 -1
230 547 -1
171 1325 -1
161 1325 -1
181 1325 -1
177 1325 -1
189 1325 -1
171 1321 -1
171 1338 -1
171 1315 -1
171 1349 -1
171 1358 -1
303 497 -1
321 497 -1
323 497 -1
188 1342 -1
378 1351 -1
378 1330 -1
378 1363 -1
409 1345 -1
85 501 -1
8 1348 -1
95 464 -1
95 433 -1
532 739 -1
532 746 -1
532 733 -1
188 1305 -1
220 568 -1
220 513 -1
99 454 -1
131 454 -1
116 454 -1
99 492 -1
598 1352 -1
580 1352 -1
620 1352 -1
630 1352 -1
625 1352 -1
401 1337 -1
340 1347 -1
340 1356 -1
340 1317 -1
364 1338 -1
364 1321 -1
364 1315 -1
364 1349 -1
364 1358 -1
364 1325 -1
154 1337 -1
145 1337 -1
195 1337 -1
152 1300 -1
155 1300 -1
158 1300 -1
723 870 -1
723 931 -1
723 927 -1
193 410 -1
191 1343 -1
210 1343 -1
203 1343 -1
159 1343 -1
215 1343 -1
168 1358 -1
168 1338 -1
168 1349 -1
168 1325 -1
140 1238 -1
80 1238 -1
131 1238 -1
116 1238 -1
141 1238 -1
204 1358 -1
204 1338 -1
204 1349 -1
204 1325 -1
552 774 -1
264 514 -1
313 604 -1
313 609 -1
313 610 -1
313 639 -1
313 591 -1
339 411 -1
339 374 -1
339 431 -1
310 637 -1
106 457 -1
94 457 -1
124 567 -1
124 505 -1
124 563 -1
124 547 -1
312 603 -1
169 1360 -1
169 1304 -1
169 1306 -1
169 1339 -1
204 1322 -1
206 1323 -1
153 1323 -1
213 1323 -1
206 1357 -1
206 1335 -1
179 1297 -1
55 994 -1
11 994 -1
28 994 -1
313 640 -1
169 1358 -1
169 1338 -1
169 1349 -1
169 1325 -1
203 1357 -1
210 1357 -1
191 1357 -1
159 1357 -1
215 1357 -1
203 1323 -1
203 1335 -1
179 396 -1
631 1314 -1
609 1314 -1
605 1314 -1
639 1314 -1
368 1340 -1
368 1310 -1
299 1309 -1
161 1015 -1
177 1015 -1
171 1015 -1
181 1015 -1
189 1015 -1
90 522 -1
90 554 -1
90 571 -1
90 542 -1
90 527 -1
123 572 -1
129 572 -1
122 572 -1
336 1311 -1
18 471 -1
15 471 -1
587 1311 -1
645 1311 -1
597 1311 -1
94 447 -1
106 447 -1
94 488 -1
94 440 -1
94 460 -1
94 477 -1
94 503 -1
347 1353 -1
346 1353 -1
356 1353 -1
309 1353 -1
293 1353 -1
347 1346 -1
347 1331 -1
240 567 -1
240 505 -1
240 563 -1
240 547 -1
421 1321 -1
421 1338 -1
421 1315 -1
421 1325 -1
130 486 -1
104 486 -1
130 502 -1
418 1355 -1
308 632 -1
42 1352 -1
88 561 -1
88 534 -1
88 526 -1
377 1079 -1
395 1079 -1
126 569 -1
96 569 -1
349 1357 -1
349 1323 -1
349 1335 -1
199 416 -1
162 1000 -1
162 960 -1
162 968 -1
162 1005 -1
162 977 -1
162 946 -1
162 948 -1
162 982 -1
127 257 -1
127 287 -1
342 463 -1
342 483 -1
89 524 -1
115 524 -1
119 524 -1
89 538 -1
89 515 -1
362 1298 -1
181 1296 -1
161 1296 -1
171 1296 -1
189 1296 -1
177 1296 -1
123 770 -1
129 770 -1
122 770 -1
164 313 -1
182 399 -1
186 399 -1
84 484 -1
160 1311 -1
207 1311 -1
183 1311 -1
343 1351 -1
344 1351 -1
343 1330 -1
343 1363 -1
271 511 -1
340 464 -1
340 433 -1
156 1304 -1
187 1304 -1
197 1304 -1
156 1360 -1
156 1306 -1
156 1339 -1
89 557 -1
115 557 -1
119 557 -1
89 529 -1
370 1340 -1
370 1310 -1
409 1308 -1
409 1334 -1
128 485 -1
121 485 -1
128 436 -1
684 1020 -1
665 1020 -1
686 1020 -1
719 1020 -1
684 1077 -1
227 549 -1
273 549 -1
242 549 -1
333 1343 -1
373 1343 -1
22 471 -1
6 471 -1
368 1341 -1
368 1327 -1
177 1330 -1
161 1330 -1
171 1330 -1
181 1330 -1
189 1330 -1
177 1363 -1
177 1351 -1
144 1296 -1
37 1316 -1
63 1316 -1
261 504 -1
261 558 -1
126 515 -1
96 515 -1
126 538 -1
126 524 -1
399 1299 -1
208 1322 -1
335 1346 -1
320 1346 -1
329 1346 -1
314 1346 -1
322 1346 -1
335 1353 -1
335 1331 -1
15 474 -1
18 474 -1
15 482 -1
121 839 -1
128 839 -1
121 805 -1
334 1308 -1
306 1308 -1
334 1334 -1
203 421 -1
210 421 -1
191 421 -1
159 421 -1
215 421 -1
176 1363 -1
176 1330 -1
176 1351 -1
392 1364 -1
379 1364 -1
412 1364 -1
390 1364 -1
406 1364 -1
383 1364 -1
412 1312 -1
392 1312 -1
390 1312 -1
383 1312 -1
200 380 -1
55 975 -1
11 975 -1
28 975 -1
302 589 -1
215 1332 -1
210 1332 -1
203 1332 -1
159 1332 -1
191 1332 -1
3 76 -1
383 1357 -1
392 1357 -1
412 1357 -1
390 1357 -1
383 1323 -1
383 1335 -1
237 568 -1
237 513 -1
407 1307 -1
372 1307 -1
367 1307 -1
420 1307 -1
391 1307 -1
407 1350 -1
394 1364 -1
366 1337 -1
185 1301 -1
36 1316 -1
2 1316 -1
92 1091 -1
92 1138 -1
92 1139 -1
92 1093 -1
378 1313 -1
224 551 -1
224 553 -1
224 506 -1
269 509 -1
179 1334 -1
179 1308 -1
201 418 -1
207 1360 -1
160 1360 -1
183 1360 -1
207 1304 -1
207 1306 -1
207 1339 -1
186 1340 -1
182 1340 -1
186 1310 -1
214 1328 -1
214 1329 -1
81 500 -1
81 450 -1
81 452 -1
221 512 -1
216 512 -1
256 512 -1
243 512 -1
241 512 -1
279 512 -1
204 1319 -1
20 474 -1
20 482 -1
596 1316 -1
588 1316 -1
623 1316 -1
171 1324 -1
161 1324 -1
181 1324 -1
177 1324 -1
189 1324 -1
1010 1348 -1
1007 1349 -1
1007 1338 -1
1007 1325 -1
1007 1358 -1
553 773 -1
506 773 -1
551 773 -1
553 756 -1
160 1312 -1
207 1312 -1
183 1312 -1
87 555 -1
110 555 -1
87 544 -1
87 541 -1
19 471 -1
130 491 -1
104 491 -1
130 488 -1
130 460 -1
128 566 -1
121 566 -1
128 570 -1
426 1328 -1
381 1328 -1
426 1329 -1
417 1317 -1
417 1347 -1
417 1356 -1
152 1340 -1
155 1340 -1
158 1340 -1
152 1310 -1
207 424 -1
160 424 -1
183 424 -1
154 1304 -1
145 1304 -1
195 1304 -1
154 1360 -1
154 1306 -1
154 1339 -1
466 594 -1
445 594 -1
466 621 -1
303 1312 -1
321 1312 -1
323 1312 -1
382 1320 -1
403 1320 -1
382 1365 -1
627 1070 -1
633 1070 -1
627 1059 -1
171 1326 -1
161 1326 -1
181 1326 -1
177 1326 -1
189 1326 -1
