44 60 1
48 58 1
29 69 1
29 36 1
36 69 1
26 64 1
18 71 1
26 70 1
64 70 1
41 65 1
54 67 1
9 39 1
9 35 1
35 39 1
24 68 1
12 24 1
12 68 1
12 55 1
24 55 1
55 68 1
63 68 1
24 63 1
12 63 1
55 63 1
118 119 1
72 95 1
111 123 1
126 135 1
120 138 1
86 89 1
101 131 1
118 118 1
85 94 1
108 111 1
108 123 1
91 120 1
91 138 1
129 134 1
114 122 1
86 114 1
89 114 1
86 122 1
80 85 1
80 94 1
75 109 1
97 116 1
93 142 1
75 102 1
102 109 1
147 200 1
176 214 1
173 188 1
146 163 1
166 208 1
208 209 1
166 209 1
155 202 1
169 182 1
172 196 1
147 176 1
176 200 1
147 214 1
149 184 1
151 192 1
153 213 1
187 194 1
163 188 1
146 188 1
163 173 1
171 194 1
171 187 1
156 197 1
153 204 1
204 213 1
230 276 1
224 279 1
224 229 1
229 279 1
245 257 1
235 271 1
278 286 1
241 276 1
230 241 1
227 279 1
224 227 1
227 229 1
230 249 1
241 249 1
249 276 1
237 249 1
237 241 1
237 276 1
230 237 1
230 246 1
241 246 1
246 276 1
237 246 1
246 249 1
297 298 1
310 347 1
288 321 1
336 353 1
288 338 1
321 338 1
295 346 1
350 350 1
292 316 1
310 359 1
347 359 1
291 359 1
291 347 1
291 310 1
294 344 1
298 301 1
297 301 1
288 330 1
321 330 1
330 338 1
312 338 1
288 312 1
312 321 1
312 330 1
393 410 1
390 416 1
372 413 1
402 431 1
371 387 1
388 399 1
379 419 1
384 430 1
363 430 1
363 384 1
376 415 1
377 391 1
370 392 1
361 394 1
365 371 1
365 387 1
360 405 1
367 392 1
367 370 1
383 417 1
370 378 1
378 392 1
367 378 1
381 387 1
371 381 1
365 381 1
438 459 1
497 502 1
462 469 1
433 455 1
435 458 1
440 479 1
440 490 1
479 490 1
434 500 1
460 499 1
444 468 1
438 445 1
445 459 1
442 459 1
442 445 1
438 442 1
470 485 1
447 462 1
447 469 1
435 489 1
458 489 1
451 463 1
432 466 1
459 479 1
442 479 1
445 479 1
438 479 1
459 490 1
440 459 1
512 514 1
527 535 1
519 549 1
513 565 1
533 555 1
518 556 1
542 564 1
510 561 1
522 543 1
528 541 1
520 571 1
528 552 1
541 552 1
534 556 1
518 534 1
525 542 1
525 564 1
516 565 1
513 516 1
516 572 1
513 572 1
565 572 1
526 549 1
519 526 1
596 615 1
587 600 1
617 646 1
618 643 1
632 647 1
577 582 1
586 642 1
600 601 1
587 601 1
591 599 1
596 625 1
615 625 1
591 641 1
599 641 1
589 610 1
578 622 1
581 643 1
581 618 1
613 616 1
579 601 1
579 600 1
579 587 1
635 639 1
591 607 1
607 641 1
599 607 1
689 700 1
654 674 1
675 695 1
707 715 1
699 705 1
650 653 1
671 680 1
692 705 1
692 699 1
652 709 1
689 699 1
699 700 1
689 705 1
689 692 1
662 684 1
669 691 1
704 714 1
667 710 1
713 718 1
652 679 1
679 709 1
672 695 1
672 675 1
655 657 1
740 760 1
720 753 1
723 756 1
721 721 1
746 788 1
781 786 1
733 742 1
765 771 1
729 748 1
746 780 1
780 788 1
750 758 1
728 787 1
748 773 1
729 773 1
737 768 1
744 786 1
744 781 1
720 743 1
743 753 1
749 765 1
749 771 1
783 789 1
749 775 1
771 775 1
765 775 1
792 855 1
806 839 1
812 823 1
830 861 1
812 820 1
820 823 1
859 862 1
832 859 1
832 862 1
812 818 1
818 820 1
818 823 1
821 848 1
801 848 1
801 821 1
839 847 1
806 847 1
824 828 1
794 854 1
834 838 1
823 824 1
820 824 1
818 824 1
812 824 1
823 828 1
864 932 1
866 884 1
876 918 1
881 896 1
864 911 1
911 932 1
872 911 1
864 872 1
872 932 1
875 906 1
879 896 1
879 881 1
864 906 1
872 906 1
906 932 1
906 911 1
864 875 1
902 924 1
865 881 1
865 896 1
865 879 1
896 897 1
881 897 1
865 897 1
879 897 1
983 1003 1
963 969 1
958 968 1
956 960 1
941 946 1
1001 1004 1
982 998 1
950 1000 1
937 981 1
987 989 1
977 982 1
977 998 1
996 998 1
977 996 1
982 996 1
979 995 1
938 973 1
977 1003 1
996 1003 1
998 1003 1
982 1003 1
977 983 1
967 968 1
958 967 1
1020 1032 1
1066 1069 1
1025 1033 1
1025 1077 1
1033 1077 1
1033 1064 1
1025 1064 1
1064 1077 1
1033 1052 1
1052 1064 1
1025 1052 1
1052 1077 1
1055 1064 1
1033 1055 1
1052 1055 1
1055 1077 1
1025 1055 1
1020 1056 1
1032 1056 1
1027 1039 1
1018 1050 1
1051 1051 1
1017 1078 1
1019 1045 1
1133 1140 1
1085 1126 1
1088 1143 1
1140 1147 1
1133 1147 1
1104 1130 1
1106 1148 1
1102 1118 1
1088 1134 1
1134 1143 1
1144 1146 1
1122 1145 1
1107 1137 1
1091 1136 1
1096 1099 1
1084 1148 1
1084 1106 1
1097 1140 1
1097 1147 1
1097 1133 1
1104 1113 1
1113 1130 1
1123 1136 1
1091 1123 1
1171 1193 1
1155 1211 1
1152 1159 1
1189 1210 1
1164 1183 1
1171 1207 1
1193 1207 1
1166 1194 1
1158 1192 1
1162 1184 1
1202 1207 1
1193 1202 1
1171 1202 1
1160 1203 1
1156 1207 1
1156 1193 1
1156 1202 1
1156 1171 1
1185 1200 1
1170 1180 1
1177 1177 1
1204 1216 1
1172 1173 1
1199 1221 1
1230 1248 1
1272 1276 1
1246 1249 1
1285 1288 1
1224 1282 1
1255 1264 1
1258 1265 1
1267 1267 1
1229 1277 1
1230 1281 1
1248 1281 1
1229 1246 1
1246 1277 1
1229 1249 1
1226 1232 1
1261 1280 1
1254 1275 1
1271 1285 1
1271 1288 1
1238 1251 1
1244 1260 1
1254 1276 1
1275 1276 1
1254 1272 1
1308 1320 1
1343 1360 1
1341 1357 1
1341 1366 1
1357 1366 1
1354 1358 1
1312 1356 1
1310 1344 1
1296 1353 1
1333 1357 1
1333 1341 1
1333 1366 1
1307 1336 1
1302 1306 1
1320 1366 1
1308 1366 1
1320 1333 1
1320 1341 1
1320 1357 1
1297 1331 1
1306 1311 1
1302 1311 1
1305 1311 1
1305 1306 1
1302 1305 1
1374 1380 1
1395 1437 1
1384 1432 1
1395 1406 1
1406 1437 1
1386 1437 1
1386 1395 1
1386 1406 1
1400 1408 1
1436 1437 1
1386 1436 1
1395 1436 1
1406 1436 1
1373 1411 1
1377 1398 1
1402 1417 1
1407 1408 1
1400 1407 1
1375 1383 1
1391 1412 1
1403 1438 1
1384 1401 1
1401 1432 1
1376 1423 1
553 676 1
676 676 1
553 553 1
698 1217 1
1217 1217 1
698 698 1
961 1180 1
1180 1180 1
961 961 1
961 1170 1
705 881 1
689 881 1
699 881 1
692 881 1
881 881 1
705 896 1
705 865 1
705 897 1
705 705 1
705 879 1
26 341 1
64 341 1
341 341 1
70 341 1
26 26 1
504 1087 1
1087 1087 1
504 504 1
1042 1187 1
1187 1187 1
1042 1042 1
903 1202 1
1202 1202 1
903 1156 1
903 903 1
903 1193 1
903 1171 1
903 1207 1
761 1341 1
1341 1341 1
761 1320 1
761 1357 1
761 1333 1
761 1366 1
761 761 1
892 948 1
948 948 1
892 892 1
1029 1386 1
1386 1386 1
1029 1029 1
1029 1395 1
1029 1436 1
1029 1437 1
1029 1406 1
35 766 1
9 766 1
766 766 1
39 766 1
35 35 1
421 1149 1
1149 1149 1
421 421 1
521 1046 1
1046 1046 1
521 521 1
1241 1439 1
1439 1439 1
1241 1241 1
419 1417 1
1417 1417 1
379 1417 1
419 1402 1
419 419 1
866 1090 1
1090 1090 1
884 1090 1
866 866 1
636 648 1
648 648 1
636 636 1
254 1190 1
1190 1190 1
254 254 1
828 890 1
824 890 1
890 890 1
823 890 1
828 828 1
97 733 1
116 733 1
733 733 1
97 97 1
97 742 1
896 1198 1
897 1198 1
705 1198 1
1198 1198 1
879 1198 1
881 1198 1
865 1198 1
896 896 1
721 1008 1
1008 1008 1
76 701 1
701 701 1
76 76 1
338 1338 1
288 1338 1
321 1338 1
330 1338 1
1338 1338 1
312 1338 1
338 338 1
190 1306 1
1306 1306 1
190 1305 1
190 190 1
190 1302 1
190 1311 1
871 1438 1
1438 1438 1
871 1403 1
871 871 1
449 1118 1
1118 1118 1
449 449 1
449 1102 1
45 496 1
496 496 1
45 45 1
643 1385 1
1385 1385 1
618 1385 1
581 1385 1
643 643 1
986 1183 1
1183 1183 1
986 986 1
986 1164 1
210 706 1
706 706 1
210 210 1
741 1353 1
1353 1353 1
741 1296 1
741 741 1
61 180 1
180 180 1
61 61 1
1080 1197 1
1197 1197 1
1080 1080 1
440 1059 1
1059 1059 1
490 1059 1
459 1059 1
479 1059 1
440 440 1
214 1183 1
176 1183 1
147 1183 1
214 1164 1
214 214 1
214 986 1
546 938 1
938 938 1
546 546 1
546 973 1
349 1129 1
1129 1129 1
349 349 1
2 358 1
358 358 1
2 2 1
233 1436 1
1436 1436 1
233 1029 1
233 233 1
233 1386 1
233 1395 1
233 1437 1
233 1406 1
274 751 1
751 751 1
274 274 1
362 870 1
870 870 1
362 362 1
568 1081 1
1081 1081 1
568 568 1
319 695 1
695 695 1
319 672 1
319 675 1
319 319 1
339 1178 1
1178 1178 1
339 339 1
229 741 1
224 741 1
227 741 1
279 741 1
229 1353 1
229 1296 1
229 229 1
980 1195 1
1195 1195 1
980 980 1
803 990 1
990 990 1
803 803 1
768 1149 1
737 1149 1
768 768 1
421 768 1
634 764 1
764 764 1
634 634 1
16 458 1
458 458 1
16 16 1
16 489 1
16 435 1
390 1313 1
416 1313 1
1313 1313 1
390 390 1
53 1296 1
1296 1296 1
53 1353 1
53 53 1
53 741 1
53 229 1
1058 1371 1
1371 1371 1
1058 1058 1
443 1161 1
1161 1161 1
443 443 1
668 1113 1
1113 1113 1
668 1104 1
668 1130 1
668 668 1
757 1133 1
1133 1133 1
757 1097 1
757 1147 1
757 1140 1
757 757 1
67 405 1
405 405 1
54 405 1
67 360 1
67 67 1
261 312 1
312 312 1
261 288 1
261 321 1
261 261 1
261 330 1
261 338 1
261 1338 1
98 1422 1
1422 1422 1
98 98 1
1170 1404 1
961 1404 1
1180 1404 1
1404 1404 1
1170 1170 1
26 963 1
64 963 1
963 963 1
341 963 1
70 963 1
26 969 1
1148 1230 1
1106 1230 1
1084 1230 1
1230 1230 1
1148 1248 1
1148 1281 1
1148 1148 1
936 1293 1
1293 1293 1
936 936 1
381 698 1
371 698 1
387 698 1
365 698 1
381 1217 1
381 381 1
438 892 1
442 892 1
459 892 1
445 892 1
479 892 1
438 948 1
438 438 1
452 537 1
537 537 1
452 452 1
662 914 1
914 914 1
684 914 1
662 662 1
278 1219 1
1219 1219 1
286 1219 1
278 278 1
642 772 1
586 772 1
772 772 1
642 642 1
483 505 1
505 505 1
483 483 1
895 1202 1
895 1156 1
895 903 1
895 1193 1
895 1171 1
895 1207 1
895 895 1
300 1435 1
1435 1435 1
300 300 1
920 962 1
962 962 1
920 920 1
60 1144 1
1144 1144 1
44 1144 1
60 1146 1
60 60 1
67 1113 1
360 1113 1
405 1113 1
54 1113 1
67 1130 1
67 1104 1
67 668 1
558 840 1
840 840 1
558 558 1
887 1024 1
1024 1024 1
887 887 1
672 1255 1
319 1255 1
675 1255 1
1255 1255 1
695 1255 1
672 672 1
672 1264 1
403 804 1
804 804 1
403 403 1
445 916 1
459 916 1
916 916 1
438 916 1
442 916 1
892 916 1
479 916 1
445 445 1
207 920 1
207 962 1
207 207 1
1249 1322 1
1322 1322 1
1229 1322 1
1246 1322 1
1249 1249 1
142 1233 1
1233 1233 1
93 1233 1
142 142 1
523 738 1
738 738 1
523 523 1
298 544 1
544 544 1
297 544 1
301 544 1
298 298 1
40 960 1
960 960 1
40 40 1
40 956 1
633 1258 1
1258 1258 1
633 1265 1
633 633 1
24 1016 1
1016 1016 1
12 1016 1
63 1016 1
68 1016 1
55 1016 1
24 24 1
1144 1422 1
44 1422 1
1146 1422 1
60 1422 1
98 1144 1
177 997 1
997 997 1
177 177 1
256 540 1
540 540 1
256 256 1
35 891 1
891 891 1
9 891 1
766 891 1
39 891 1
859 1407 1
832 1407 1
862 1407 1
1407 1407 1
859 1408 1
859 1400 1
859 859 1
965 1413 1
1413 1413 1
965 965 1
338 543 1
288 543 1
321 543 1
261 543 1
330 543 1
312 543 1
543 1338 1
543 543 1
338 522 1
460 1325 1
499 1325 1
1325 1325 1
460 460 1
237 565 -1
249 565 -1
276 565 -1
246 565 -1
230 565 -1
241 565 -1
237 513 -1
237 516 -1
237 572 -1
80 495 -1
85 495 -1
94 495 -1
185 1337 -1
339 411 -1
498 591 -1
498 641 -1
498 607 -1
498 599 -1
167 1322 -1
184 400 -1
149 400 -1
469 630 -1
462 630 -1
447 630 -1
550 774 -1
368 1304 -1
405 1341 -1
360 1341 -1
405 1320 -1
405 1357 -1
405 1366 -1
405 1333 -1
145 1367 -1
634 1315 -1
688 1021 -1
410 1235 -1
393 1235 -1
241 570 -1
249 570 -1
276 570 -1
237 570 -1
230 570 -1
246 570 -1
153 1341 -1
204 1341 -1
213 1341 -1
153 1320 -1
153 1357 -1
153 1366 -1
153 1333 -1
91 518 -1
120 518 -1
138 518 -1
91 556 -1
91 534 -1
143 1238 -1
143 1251 -1
213 394 -1
153 394 -1
204 394 -1
213 361 -1
306 501 -1
35 1353 -1
9 1353 -1
39 1353 -1
35 1296 -1
201 382 -1
350 1320 -1
350 1357 -1
350 1308 -1
350 1333 -1
350 1366 -1
350 1341 -1
227 568 -1
224 568 -1
229 568 -1
279 568 -1
80 497 -1
85 497 -1
94 497 -1
80 502 -1
276 530 -1
241 530 -1
246 530 -1
237 530 -1
230 530 -1
249 530 -1
88 554 -1
414 971 -1
194 411 -1
187 411 -1
171 411 -1
415 1351 -1
376 1351 -1
91 557 -1
120 557 -1
138 557 -1
23 1351 -1
520 738 -1
571 738 -1
161 1009 -1
104 1353 -1
104 1296 -1
17 473 -1
193 410 -1
193 393 -1
222 548 -1
204 419 -1
153 419 -1
213 419 -1
204 379 -1
49 1005 -1
82 499 -1
82 460 -1
369 1339 -1
366 1337 -1
189 1340 -1
197 378 -1
156 378 -1
197 392 -1
197 370 -1
197 367 -1
413 1314 -1
372 1314 -1
344 1314 -1
294 1314 -1
131 487 -1
101 487 -1
348 1354 -1
348 1358 -1
416 1352 -1
390 1352 -1
551 774 -1
399 1300 -1
388 1300 -1
1007 1349 -1
166 1318 -1
208 1318 -1
209 1318 -1
148 1298 -1
503 594 -1
721 872 -1
721 864 -1
721 906 -1
721 932 -1
721 911 -1
396 1296 -1
396 1353 -1
192 372 -1
151 372 -1
192 413 -1
264 512 -1
264 514 -1
457 1240 -1
173 1360 -1
163 1360 -1
188 1360 -1
173 1343 -1
119 1055 -1
118 1055 -1
119 1064 -1
119 1033 -1
119 1052 -1
119 1077 -1
119 1025 -1
595 1015 -1
385 1322 -1
375 1309 -1
110 460 -1
110 499 -1
297 1308 -1
298 1308 -1
301 1308 -1
297 1320 -1
297 1366 -1
416 1248 -1
390 1248 -1
416 1281 -1
416 1230 -1
223 570 -1
163 1271 -1
146 1271 -1
188 1271 -1
173 1271 -1
163 1288 -1
163 1285 -1
401 1336 -1
401 1307 -1
127 510 -1
127 561 -1
182 1336 -1
169 1336 -1
182 1307 -1
262 512 -1
262 514 -1
92 519 -1
92 549 -1
92 526 -1
121 840 -1
125 570 -1
1018 1314 -1
1050 1314 -1
27 1351 -1
73 497 -1
73 502 -1
177 1365 -1
213 393 -1
153 393 -1
204 393 -1
213 410 -1
404 1301 -1
518 737 -1
556 737 -1
534 737 -1
518 768 -1
211 1363 -1
118 1061 -1
119 1061 -1
287 471 -1
545 776 -1
122 838 -1
114 838 -1
86 838 -1
122 834 -1
126 571 -1
135 571 -1
126 520 -1
40 1352 -1
169 1321 -1
182 1321 -1
458 1240 -1
489 1240 -1
435 1240 -1
117 1066 -1
117 1069 -1
149 1302 -1
184 1302 -1
149 1305 -1
149 1306 -1
149 1311 -1
631 1013 -1
178 395 -1
143 462 -1
143 469 -1
143 447 -1
589 1311 -1
610 1311 -1
589 1305 -1
589 1306 -1
589 1302 -1
147 1299 -1
200 1299 -1
176 1299 -1
214 1299 -1
171 1360 -1
194 1360 -1
187 1360 -1
171 1343 -1
178 1330 -1
169 1324 -1
182 1324 -1
970 1350 -1
382 1317 -1
499 627 -1
460 627 -1
155 1303 -1
202 1303 -1
147 364 -1
200 364 -1
176 364 -1
214 364 -1
212 392 -1
212 370 -1
212 378 -1
212 367 -1
1013 1314 -1
148 1299 -1
214 430 -1
176 430 -1
147 430 -1
214 384 -1
214 363 -1
191 1308 -1
191 1320 -1
191 1366 -1
199 344 -1
199 294 -1
402 1336 -1
431 1336 -1
402 1307 -1
372 1344 -1
413 1344 -1
372 1310 -1
348 1318 -1
230 566 -1
241 566 -1
276 566 -1
237 566 -1
246 566 -1
249 566 -1
165 1354 -1
165 1358 -1
146 1334 -1
163 1334 -1
188 1334 -1
380 1239 -1
72 1310 -1
95 1310 -1
72 1344 -1
313 1355 -1
427 1329 -1
686 1068 -1
409 1310 -1
409 1344 -1
126 538 -1
135 538 -1
377 1314 -1
391 1314 -1
338 624 -1
288 624 -1
321 624 -1
330 624 -1
312 624 -1
133 492 -1
122 835 -1
114 835 -1
86 835 -1
990 1349 -1
160 1074 -1
87 554 -1
989 1350 -1
987 1350 -1
418 1319 -1
190 372 -1
190 413 -1
126 568 -1
135 568 -1
241 571 -1
249 571 -1
276 571 -1
237 571 -1
230 571 -1
246 571 -1
241 520 -1
157 1343 -1
157 1360 -1
210 1363 -1
164 1317 -1
203 1318 -1
143 1310 -1
143 1344 -1
198 343 -1
145 1335 -1
532 740 -1
532 760 -1
634 1316 -1
279 532 -1
224 532 -1
227 532 -1
229 532 -1
305 499 -1
305 460 -1
96 464 -1
305 498 -1
90 558 -1
551 773 -1
551 729 -1
551 748 -1
81 485 -1
81 470 -1
267 513 -1
267 572 -1
267 516 -1
267 565 -1
335 1309 -1
83 486 -1
52 967 -1
52 968 -1
52 958 -1
126 574 -1
135 574 -1
212 427 -1
163 1240 -1
146 1240 -1
188 1240 -1
173 1240 -1
334 1345 -1
123 512 -1
108 512 -1
111 512 -1
123 514 -1
534 776 -1
556 776 -1
518 776 -1
400 1299 -1
123 567 -1
108 567 -1
111 567 -1
342 454 -1
185 1301 -1
180 1331 -1
180 1297 -1
339 1346 -1
187 1302 -1
194 1302 -1
171 1302 -1
187 1305 -1
187 1306 -1
187 1311 -1
301 1311 -1
297 1311 -1
298 1311 -1
301 1305 -1
301 1306 -1
301 1302 -1
158 1308 -1
158 1320 -1
158 1366 -1
370 1305 -1
392 1305 -1
378 1305 -1
367 1305 -1
370 1306 -1
370 1302 -1
370 1311 -1
228 566 -1
94 453 -1
80 453 -1
85 453 -1
90 522 -1
90 543 -1
489 594 -1
458 594 -1
435 594 -1
120 1054 -1
138 1054 -1
91 1054 -1
1076 1312 -1
1076 1356 -1
312 638 -1
288 638 -1
321 638 -1
338 638 -1
330 638 -1
315 1357 -1
315 1320 -1
315 1341 -1
315 1366 -1
315 1333 -1
221 570 -1
345 636 -1
2 1347 -1
136 493 -1
343 633 -1
59 1314 -1
349 1321 -1
92 1090 -1
192 1308 -1
151 1308 -1
192 1320 -1
192 1366 -1
198 377 -1
198 391 -1
81 502 -1
81 497 -1
472 595 -1
225 551 -1
213 1366 -1
204 1366 -1
213 1320 -1
213 1333 -1
213 1308 -1
213 1357 -1
322 642 -1
322 586 -1
122 839 -1
114 839 -1
86 839 -1
122 806 -1
122 847 -1
161 1074 -1
337 626 -1
129 491 -1
134 491 -1
345 635 -1
345 639 -1
129 494 -1
134 494 -1
224 549 -1
227 549 -1
229 549 -1
279 549 -1
224 526 -1
224 519 -1
970 1004 -1
970 1001 -1
1210 1213 -1
1189 1213 -1
1247 1286 -1
984 989 -1
984 987 -1
334 338 -1
288 334 -1
321 334 -1
330 334 -1
312 334 -1
334 1338 -1
814 819 -1
865 900 -1
896 900 -1
705 900 -1
897 900 -1
900 1198 -1
879 900 -1
881 900 -1
