29 68 1
11 26 1
20 42 1
18 63 1
39 49 1
3 57 1
43 61 1
23 56 1
24 52 1
4 40 1
21 46 1
4 29 1
29 40 1
4 68 1
38 55 1
12 36 1
30 66 1
28 36 1
12 28 1
23 62 1
56 62 1
45 48 1
0 42 1
0 20 1
102 120 1
85 100 1
126 141 1
87 142 1
75 125 1
77 130 1
100 137 1
85 137 1
79 113 1
72 90 1
115 120 1
102 115 1
126 133 1
133 141 1
109 124 1
77 81 1
81 130 1
104 110 1
82 143 1
76 116 1
79 95 1
95 113 1
101 104 1
101 110 1
190 193 1
177 197 1
167 181 1
169 211 1
151 166 1
197 200 1
177 200 1
164 194 1
187 204 1
161 180 1
166 207 1
151 207 1
181 196 1
167 196 1
174 191 1
152 180 1
152 161 1
195 202 1
187 194 1
194 204 1
164 187 1
172 195 1
172 202 1
147 213 1
255 273 1
281 283 1
225 268 1
230 274 1
218 232 1
236 261 1
226 261 1
226 236 1
264 279 1
225 253 1
253 268 1
261 269 1
226 269 1
236 269 1
218 230 1
230 232 1
218 274 1
229 259 1
235 284 1
239 245 1
216 251 1
263 279 1
263 264 1
217 245 1
217 239 1
347 351 1
328 352 1
299 347 1
299 351 1
307 333 1
304 357 1
288 351 1
288 299 1
288 347 1
319 350 1
315 346 1
290 335 1
303 346 1
303 315 1
290 345 1
335 345 1
318 330 1
331 351 1
288 331 1
299 331 1
331 347 1
299 300 1
288 300 1
300 331 1
300 347 1
300 351 1
365 409 1
374 392 1
362 385 1
367 412 1
382 399 1
360 413 1
388 412 1
367 388 1
407 424 1
367 425 1
388 425 1
412 425 1
401 430 1
386 388 1
386 425 1
386 412 1
367 386 1
360 385 1
385 413 1
360 362 1
418 426 1
377 382 1
377 399 1
400 401 1
400 430 1
434 503 1
486 493 1
464 503 1
434 464 1
437 493 1
437 486 1
460 483 1
446 458 1
453 455 1
435 468 1
459 491 1
463 477 1
462 495 1
478 501 1
442 499 1
435 487 1
468 487 1
433 469 1
443 460 1
443 483 1
441 495 1
441 462 1
444 490 1
476 497 1
509 512 1
506 537 1
537 566 1
506 566 1
534 555 1
504 556 1
552 569 1
566 573 1
537 573 1
506 573 1
529 543 1
509 550 1
512 550 1
540 555 1
534 540 1
528 570 1
512 560 1
509 560 1
550 560 1
507 550 1
507 512 1
507 560 1
507 509 1
512 517 1
517 560 1
507 517 1
509 517 1
517 550 1
611 619 1
611 620 1
619 620 1
579 598 1
579 607 1
598 607 1
612 622 1
586 598 1
579 586 1
586 607 1
609 638 1
623 625 1
647 647 1
589 643 1
591 601 1
603 616 1
617 625 1
617 623 1
614 624 1
593 612 1
593 622 1
588 638 1
588 609 1
597 603 1
597 616 1
699 714 1
674 691 1
672 681 1
679 711 1
686 695 1
708 711 1
679 708 1
657 661 1
660 693 1
650 676 1
683 703 1
673 717 1
648 688 1
688 701 1
648 701 1
652 693 1
652 660 1
674 692 1
691 692 1
657 692 1
661 692 1
657 674 1
657 691 1
667 717 1
667 673 1
764 769 1
721 721 1
733 742 1
744 779 1
771 775 1
742 768 1
733 768 1
755 780 1
732 768 1
732 733 1
732 742 1
743 759 1
720 751 1
720 761 1
751 761 1
747 779 1
744 747 1
750 791 1
756 782 1
728 756 1
728 782 1
752 782 1
728 752 1
752 756 1
846 860 1
845 849 1
832 834 1
803 824 1
813 856 1
844 856 1
813 844 1
802 807 1
809 838 1
806 815 1
792 830 1
839 850 1
820 833 1
819 849 1
819 845 1
805 809 1
805 838 1
810 848 1
827 839 1
827 850 1
799 812 1
844 850 1
850 856 1
813 850 1
827 844 1
839 844 1
894 895 1
880 933 1
883 924 1
899 909 1
891 913 1
890 905 1
904 916 1
877 923 1
909 915 1
899 915 1
910 926 1
892 894 1
892 895 1
887 925 1
867 870 1
892 899 1
894 899 1
895 899 1
892 915 1
892 909 1
886 888 1
864 870 1
864 867 1
877 896 1
896 923 1
947 952 1
948 981 1
945 1002 1
936 992 1
976 983 1
960 996 1
936 973 1
973 992 1
989 1007 1
960 982 1
982 996 1
962 978 1
955 985 1
967 981 1
948 967 1
942 969 1
965 1005 1
943 1007 1
943 989 1
965 973 1
973 1005 1
936 965 1
965 992 1
961 969 1
942 961 1
1020 1039 1
1035 1060 1
1053 1059 1
1025 1029 1
1014 1043 1
1034 1053 1
1034 1059 1
1025 1041 1
1029 1041 1
1008 1047 1
1049 1053 1
1034 1049 1
1049 1059 1
1011 1062 1
1024 1049 1
1024 1034 1
1024 1059 1
1024 1053 1
1040 1060 1
1035 1040 1
1025 1063 1
1041 1063 1
1029 1063 1
1024 1054 1
1049 1054 1
1034 1054 1
1054 1059 1
1053 1054 1
1086 1107 1
1083 1105 1
1087 1132 1
1080 1096 1
1083 1094 1
1094 1105 1
1125 1132 1
1087 1125 1
1136 1139 1
1082 1112 1
1109 1121 1
1129 1136 1
1129 1139 1
1091 1099 1
1097 1143 1
1089 1138 1
1092 1141 1
1131 1148 1
1114 1127 1
1097 1115 1
1115 1143 1
1108 1138 1
1089 1108 1
1088 1094 1
1088 1105 1
1083 1088 1
1200 1201 1
1164 1188 1
1180 1195 1
1169 1191 1
1176 1217 1
1217 1221 1
1176 1221 1
1170 1173 1
1156 1168 1
1200 1217 1
1201 1217 1
1176 1200 1
1200 1221 1
1153 1160 1
1152 1171 1
1164 1193 1
1188 1193 1
1175 1201 1
1175 1200 1
1175 1217 1
1160 1220 1
1153 1220 1
1188 1189 1
1189 1193 1
1164 1189 1
1241 1263 1
1239 1287 1
1237 1281 1
1252 1280 1
1251 1275 1
1257 1284 1
1238 1271 1
1225 1244 1
1226 1248 1
1236 1236 1
1237 1257 1
1257 1281 1
1237 1284 1
1241 1257 1
1257 1263 1
1241 1281 1
1241 1284 1
1237 1241 1
1245 1262 1
1225 1261 1
1244 1261 1
1233 1290 1
1231 1254 1
1283 1289 1
1352 1354 1
1352 1357 1
1354 1357 1
1332 1365 1
1313 1329 1
1321 1332 1
1321 1365 1
1324 1335 1
1315 1336 1
1353 1358 1
1319 1367 1
1326 1328 1
1305 1355 1
1310 1341 1
1343 1349 1
1302 1316 1
1343 1343 1
1302 1361 1
1316 1361 1
1341 1356 1
1310 1356 1
1328 1337 1
1326 1337 1
1321 1322 1
1322 1332 1
1322 1365 1
1382 1419 1
1403 1416 1
1400 1417 1
1409 1412 1
1393 1437 1
1429 1438 1
1385 1395 1
1372 1407 1
1384 1421 1
1371 1432 1
1384 1400 1
1400 1421 1
1384 1417 1
1390 1417 1
1390 1400 1
1384 1390 1
1405 1428 1
1385 1424 1
1395 1424 1
1397 1410 1
1382 1403 1
1403 1419 1
1382 1416 1
1372 1403 1
1403 1407 1
1372 1416 1
1372 1419 1
1372 1382 1
262 697 1
697 697 1
262 262 1
809 1369 1
1369 1369 1
805 1369 1
838 1369 1
809 809 1
225 955 1
955 955 1
268 955 1
253 955 1
225 985 1
225 225 1
186 769 1
769 769 1
186 186 1
186 764 1
816 1413 1
1413 1413 1
816 816 1
171 574 1
574 574 1
171 171 1
48 1163 1
1163 1163 1
45 1163 1
48 48 1
94 1403 1
1403 1403 1
94 1382 1
94 1416 1
94 1419 1
94 1372 1
94 94 1
94 1407 1
405 1028 1
1028 1028 1
405 405 1
906 1427 1
1427 1427 1
906 906 1
301 670 1
670 670 1
301 301 1
812 1295 1
1295 1295 1
799 1295 1
812 812 1
274 415 1
218 415 1
230 415 1
415 415 1
274 274 1
32 652 1
652 652 1
32 32 1
32 660 1
32 693 1
864 990 1
867 990 1
990 990 1
870 990 1
864 864 1
272 668 1
668 668 1
272 272 1
143 1203 1
82 1203 1
1203 1203 1
143 143 1
319 1007 1
350 1007 1
1007 1007 1
319 319 1
319 989 1
319 943 1
752 1066 1
728 1066 1
1066 1066 1
756 1066 1
782 1066 1
752 752 1
107 333 1
333 333 1
107 107 1
107 307 1
462 804 1
441 804 1
804 804 1
495 804 1
462 462 1
60 1106 1
1106 1106 1
60 60 1
506 1107 1
537 1107 1
1107 1107 1
573 1107 1
566 1107 1
506 506 1
506 1086 1
1177 1317 1
1317 1317 1
1177 1177 1
796 1323 1
1323 1323 1
796 796 1
379 1410 1
1410 1410 1
379 379 1
379 1397 1
1029 1239 1
1025 1239 1
1063 1239 1
1239 1239 1
1041 1239 1
1029 1029 1
1029 1287 1
473 769 1
186 473 1
473 764 1
473 473 1
903 1231 1
1231 1231 1
903 1254 1
903 903 1
160 932 1
932 932 1
160 160 1
950 1040 1
1040 1040 1
950 1035 1
950 1060 1
950 950 1
827 1337 1
1337 1337 1
850 1337 1
844 1337 1
839 1337 1
827 1326 1
827 1328 1
827 827 1
518 1348 1
1348 1348 1
518 518 1
1033 1380 1
1380 1380 1
1033 1033 1
109 177 1
177 177 1
124 177 1
109 200 1
109 197 1
109 109 1
77 392 1
392 392 1
81 392 1
130 392 1
77 77 1
77 374 1
689 1280 1
1280 1280 1
689 689 1
689 1252 1
789 1102 1
1102 1102 1
789 789 1
565 694 1
694 694 1
565 565 1
334 1185 1
1185 1185 1
334 334 1
654 983 1
983 983 1
654 976 1
654 654 1
956 1388 1
1388 1388 1
956 956 1
342 1344 1
1344 1344 1
342 342 1
312 888 1
888 888 1
312 312 1
312 886 1
172 248 1
248 248 1
202 248 1
195 248 1
172 172 1
145 1299 1
1299 1299 1
145 145 1
785 1280 1
689 785 1
785 1252 1
785 785 1
142 731 1
731 731 1
87 731 1
142 142 1
57 285 1
3 285 1
285 285 1
57 57 1
564 927 1
927 927 1
564 564 1
951 1043 1
1043 1043 1
951 1014 1
951 951 1
276 1220 1
1220 1220 1
276 1160 1
276 1153 1
276 276 1
195 225 1
225 248 1
202 225 1
172 225 1
195 195 1
195 268 1
195 985 1
195 955 1
195 253 1
155 691 1
691 691 1
155 657 1
155 674 1
155 155 1
155 692 1
54 1100 1
1100 1100 1
54 54 1
532 1075 1
1075 1075 1
532 532 1
668 799 1
272 799 1
799 799 1
668 812 1
668 1295 1
233 511 1
511 511 1
233 233 1
516 904 1
904 904 1
516 516 1
516 916 1
417 434 1
434 434 1
417 464 1
417 417 1
417 503 1
371 642 1
642 642 1
371 371 1
608 722 1
722 722 1
608 608 1
217 882 1
882 882 1
245 882 1
239 882 1
217 217 1
389 1215 1
1215 1215 1
389 389 1
484 870 1
870 870 1
484 864 1
484 867 1
484 484 1
484 990 1
216 1011 1
251 1011 1
1011 1011 1
216 216 1
216 1062 1
812 1224 1
1224 1224 1
668 1224 1
1224 1295 1
799 1224 1
1312 1397 1
1397 1397 1
1312 1312 1
1312 1410 1
379 1312 1
526 867 1
867 867 1
526 864 1
484 526 1
526 870 1
526 526 1
526 990 1
151 518 1
166 518 1
207 518 1
151 1348 1
151 151 1
656 1134 1
1134 1134 1
656 656 1
271 683 1
683 683 1
271 271 1
271 703 1
343 1359 1
1359 1359 1
343 343 1
135 1009 1
1009 1009 1
135 135 1
620 1099 1
619 1099 1
1099 1099 1
611 1099 1
620 1091 1
620 620 1
417 1177 1
464 1177 1
434 1177 1
503 1177 1
417 1317 1
36 1431 1
28 1431 1
12 1431 1
1431 1431 1
36 36 1
270 1018 1
1018 1018 1
270 270 1
333 1234 1
107 1234 1
1234 1234 1
307 1234 1
54 1052 1
1052 1052 1
1052 1100 1
721 893 1
893 893 1
502 560 1
560 560 1
502 512 1
502 517 1
502 550 1
502 502 1
502 507 1
502 509 1
171 1049 1
1049 1049 1
574 1049 1
171 1024 1
171 1059 1
171 1034 1
171 1053 1
171 1054 1
838 1039 1
809 1039 1
1039 1039 1
805 1039 1
1039 1369 1
838 838 1
838 1020 1
130 688 1
392 688 1
81 688 1
688 688 1
77 688 1
130 130 1
130 648 1
130 701 1
369 774 1
774 774 1
369 369 1
1236 1314 1
1314 1314 1
1130 1176 1
1176 1176 1
1130 1200 1
1130 1217 1
1130 1130 1
1130 1221 1
527 633 1
633 633 1
527 527 1
264 607 1
607 607 1
263 607 1
279 607 1
264 579 1
264 264 1
264 586 1
264 598 1
200 603 1
177 603 1
603 603 1
197 603 1
109 603 1
200 616 1
200 200 1
200 597 1
278 458 1
458 458 1
278 278 1
278 446 1
764 1307 1
769 1307 1
186 1307 1
1307 1307 1
473 1307 1
764 764 1
763 1354 1
1354 1354 1
763 1352 1
763 763 1
763 1357 1
69 998 1
998 998 1
69 69 1
145 735 1
735 1299 1
735 735 1
179 805 1
805 805 1
179 838 1
179 809 1
179 1039 1
179 179 1
179 1369 1
215 903 1
215 215 1
215 1254 1
215 1231 1
342 1108 1
1108 1344 1
1108 1108 1
342 1089 1
342 1138 1
537 750 1
750 750 1
506 750 1
750 1107 1
573 750 1
566 750 1
537 791 1
537 537 1
594 1255 -1
742 1128 -1
768 1128 -1
732 1128 -1
733 1128 -1
352 409 -1
328 409 -1
352 365 -1
345 560 -1
290 560 -1
335 560 -1
345 512 -1
345 507 -1
345 509 -1
345 550 -1
345 517 -1
634 1310 -1
634 1356 -1
634 1341 -1
163 518 -1
582 904 -1
582 916 -1
668 793 -1
47 595 -1
609 753 -1
588 753 -1
638 753 -1
660 1238 -1
652 1238 -1
693 1238 -1
660 1271 -1
12 1237 -1
28 1237 -1
36 1237 -1
12 1281 -1
12 1241 -1
12 1284 -1
12 1257 -1
870 1381 -1
864 1381 -1
867 1381 -1
584 1318 -1
213 894 -1
147 894 -1
213 899 -1
213 892 -1
213 895 -1
566 1218 -1
537 1218 -1
506 1218 -1
573 1218 -1
168 789 -1
895 1072 -1
899 1072 -1
892 1072 -1
894 1072 -1
587 925 -1
587 887 -1
46 796 -1
21 796 -1
91 408 -1
902 1149 -1
723 880 -1
723 933 -1
468 980 -1
435 980 -1
487 980 -1
6 492 -1
79 373 -1
113 373 -1
95 373 -1
443 636 -1
483 636 -1
460 636 -1
463 1106 -1
477 1106 -1
418 1367 -1
426 1367 -1
418 1319 -1
1361 1368 -1
1316 1368 -1
1302 1368 -1
1280 1363 -1
1252 1363 -1
912 1200 -1
912 1176 -1
912 1201 -1
912 1175 -1
912 1221 -1
912 1217 -1
313 709 -1
619 1142 -1
611 1142 -1
620 1142 -1
168 1112 -1
168 1082 -1
132 398 -1
490 758 -1
444 758 -1
739 918 -1
440 1121 -1
440 1109 -1
553 928 -1
513 1046 -1
48 102 -1
45 102 -1
48 120 -1
48 115 -1
242 1263 -1
242 1241 -1
242 1257 -1
1020 1128 -1
1039 1128 -1
48 178 -1
45 178 -1
82 583 -1
143 583 -1
307 723 -1
333 723 -1
303 1149 -1
346 1149 -1
315 1149 -1
149 247 -1
480 1404 -1
605 922 -1
566 1068 -1
537 1068 -1
506 1068 -1
573 1068 -1
96 373 -1
104 903 -1
101 903 -1
110 903 -1
86 1409 -1
86 1412 -1
207 241 -1
166 241 -1
151 241 -1
117 193 -1
117 190 -1
14 791 -1
14 750 -1
151 787 -1
166 787 -1
207 787 -1
816 1406 -1
117 1082 -1
117 1112 -1
538 722 -1
153 807 -1
153 802 -1
470 1040 -1
470 1035 -1
470 1060 -1
651 1351 -1
837 1068 -1
522 1228 -1
201 649 -1
898 1199 -1
1023 1169 -1
1023 1191 -1
1151 1370 -1
371 1419 -1
371 1403 -1
371 1372 -1
371 1382 -1
279 1420 -1
264 1420 -1
263 1420 -1
115 616 -1
120 616 -1
102 616 -1
115 603 -1
115 597 -1
247 788 -1
240 771 -1
240 775 -1
697 1327 -1
412 450 -1
425 450 -1
386 450 -1
388 450 -1
367 450 -1
177 325 -1
200 325 -1
197 325 -1
707 1408 -1
655 1088 -1
655 1105 -1
655 1083 -1
655 1094 -1
196 1334 -1
181 1334 -1
167 1334 -1
646 1403 -1
646 1416 -1
646 1419 -1
646 1372 -1
646 1382 -1
646 1407 -1
507 1294 -1
512 1294 -1
560 1294 -1
509 1294 -1
550 1294 -1
517 1294 -1
476 653 -1
497 653 -1
425 1101 -1
412 1101 -1
386 1101 -1
388 1101 -1
367 1101 -1
138 392 -1
138 374 -1
209 957 -1
184 740 -1
157 461 -1
38 1045 -1
55 1045 -1
1158 1422 -1
795 1239 -1
795 1287 -1
204 807 -1
194 807 -1
187 807 -1
204 802 -1
627 1418 -1
182 698 -1
853 1353 -1
853 1358 -1
874 1058 -1
700 1069 -1
216 1123 -1
251 1123 -1
958 1112 -1
958 1082 -1
1194 1303 -1
613 1137 -1
175 1103 -1
244 1261 -1
244 1225 -1
244 1244 -1
933 1014 -1
880 1014 -1
933 1043 -1
7 1402 -1
238 522 -1
990 1117 -1
52 1024 -1
24 1024 -1
52 1049 -1
52 1034 -1
52 1059 -1
52 1053 -1
52 1054 -1
851 981 -1
851 948 -1
851 967 -1
480 795 -1
813 1418 -1
856 1418 -1
850 1418 -1
844 1418 -1
485 567 -1
304 977 -1
357 977 -1
352 1223 -1
328 1223 -1
194 751 -1
204 751 -1
187 751 -1
164 751 -1
194 720 -1
194 761 -1
205 1136 -1
205 1129 -1
205 1139 -1
705 1395 -1
705 1424 -1
705 1385 -1
165 1372 -1
165 1416 -1
165 1403 -1
165 1419 -1
165 1382 -1
165 1407 -1
1307 1404 -1
964 1209 -1
476 637 -1
497 637 -1
519 1267 -1
273 396 -1
255 396 -1
417 1295 -1
508 945 -1
508 1002 -1
171 928 -1
228 633 -1
584 1004 -1
576 949 -1
877 1077 -1
896 1077 -1
923 1077 -1
206 1320 -1
705 1031 -1
437 1244 -1
493 1244 -1
486 1244 -1
437 1225 -1
437 1261 -1
40 222 -1
4 222 -1
29 222 -1
540 1188 -1
555 1188 -1
534 1188 -1
540 1193 -1
540 1164 -1
540 1189 -1
782 821 -1
728 821 -1
752 821 -1
756 821 -1
59 103 -1
457 1157 -1
639 994 -1
324 584 -1
543 1224 -1
529 1224 -1
619 1111 -1
611 1111 -1
620 1111 -1
86 382 -1
86 377 -1
86 399 -1
240 807 -1
240 802 -1
196 1153 -1
181 1153 -1
167 1153 -1
196 1160 -1
196 1220 -1
104 1154 -1
101 1154 -1
110 1154 -1
1018 1082 -1
1018 1112 -1
211 1404 -1
169 1404 -1
79 1188 -1
113 1188 -1
95 1188 -1
79 1193 -1
79 1164 -1
79 1189 -1
181 419 -1
196 419 -1
167 419 -1
235 805 -1
284 805 -1
235 809 -1
235 838 -1
678 737 -1
267 772 -1
314 642 -1
712 977 -1
1007 1112 -1
989 1112 -1
943 1112 -1
1007 1082 -1
349 897 -1
343 1427 -1
257 802 -1
257 807 -1
688 1060 -1
648 1060 -1
701 1060 -1
688 1040 -1
688 1035 -1
580 872 -1
391 1196 -1
239 433 -1
217 433 -1
245 433 -1
239 469 -1
824 1273 -1
803 1273 -1
150 723 -1
121 1417 -1
121 1400 -1
121 1384 -1
121 1390 -1
20 218 -1
0 218 -1
42 218 -1
20 232 -1
20 274 -1
20 230 -1
189 398 -1
1112 1346 -1
1082 1346 -1
96 960 -1
96 996 -1
96 982 -1
1290 1321 -1
1233 1321 -1
1290 1322 -1
1290 1332 -1
1290 1365 -1
208 495 -1
208 441 -1
208 462 -1
230 373 -1
232 373 -1
274 373 -1
218 373 -1
614 1402 -1
624 1402 -1
750 962 -1
791 962 -1
750 978 -1
35 513 -1
446 775 -1
458 775 -1
446 771 -1
232 1136 -1
218 1136 -1
230 1136 -1
232 1129 -1
232 1139 -1
801 951 -1
323 1384 -1
323 1400 -1
323 1417 -1
323 1421 -1
323 1390 -1
673 1079 -1
667 1079 -1
717 1079 -1
535 1338 -1
561 1248 -1
561 1226 -1
794 1142 -1
289 1434 -1
411 1331 -1
50 456 -1
559 807 -1
559 802 -1
369 830 -1
369 792 -1
400 1017 -1
401 1017 -1
430 1017 -1
650 1287 -1
676 1287 -1
650 1239 -1
222 1023 -1
411 593 -1
411 612 -1
411 622 -1
154 708 -1
154 679 -1
154 711 -1
1056 1085 -1
191 436 -1
174 436 -1
597 943 -1
616 943 -1
603 943 -1
597 989 -1
597 1007 -1
105 1220 -1
105 1160 -1
105 1153 -1
173 225 -1
173 268 -1
173 253 -1
143 475 -1
82 475 -1
466 592 -1
342 1229 -1
440 1269 -1
41 849 -1
41 819 -1
41 845 -1
54 786 -1
74 1299 -1
158 1117 -1
630 1270 -1
17 40 -1
4 17 -1
17 29 -1
218 273 -1
232 273 -1
273 274 -1
230 273 -1
273 415 -1
218 255 -1
406 414 -1
