8 51 1
22 67 1
30 39 1
40 54 1
0 41 1
31 69 1
52 56 1
55 57 1
31 38 1
38 69 1
14 62 1
0 1 1
1 41 1
54 59 1
40 59 1
7 63 1
1 12 1
0 12 1
12 41 1
9 34 1
29 60 1
11 21 1
8 48 1
48 51 1
22 47 1
47 67 1
3 58 1
12 64 1
0 64 1
1 64 1
41 64 1
6 14 1
6 62 1
39 58 1
30 58 1
3 39 1
2 49 1
6 23 1
23 62 1
14 23 1
18 45 1
66 67 1
22 66 1
47 66 1
16 27 1
37 39 1
37 58 1
3 37 1
30 37 1
49 56 1
2 56 1
49 52 1
4 7 1
4 63 1
0 35 1
35 64 1
35 41 1
12 35 1
1 35 1
13 68 1
39 67 1
58 67 1
3 67 1
37 67 1
30 67 1
39 66 1
39 47 1
22 39 1
47 53 1
53 66 1
53 67 1
22 53 1
39 53 1
81 90 1
94 102 1
135 137 1
105 126 1
92 131 1
82 124 1
102 119 1
94 119 1
112 122 1
76 129 1
75 88 1
102 123 1
94 123 1
119 123 1
93 127 1
84 128 1
86 119 1
86 123 1
86 94 1
86 102 1
122 122 1
82 109 1
109 124 1
127 141 1
93 141 1
75 100 1
88 100 1
87 133 1
99 117 1
110 133 1
87 110 1
117 142 1
99 142 1
118 123 1
86 118 1
94 118 1
102 118 1
118 119 1
79 123 1
79 86 1
79 102 1
79 118 1
79 119 1
79 94 1
75 101 1
88 101 1
100 101 1
75 98 1
88 98 1
98 100 1
98 101 1
79 126 1
86 126 1
102 126 1
118 126 1
119 126 1
123 126 1
94 126 1
79 105 1
104 136 1
81 97 1
90 97 1
95 117 1
95 99 1
95 142 1
75 128 1
88 128 1
98 128 1
100 128 1
101 128 1
75 84 1
101 112 1
112 128 1
98 112 1
100 112 1
75 112 1
88 112 1
101 122 1
169 183 1
168 201 1
169 200 1
183 200 1
146 167 1
179 181 1
164 208 1
190 204 1
155 194 1
173 190 1
173 204 1
183 208 1
200 208 1
169 208 1
164 183 1
169 175 1
175 200 1
175 208 1
175 183 1
175 184 1
184 200 1
169 184 1
184 208 1
183 184 1
154 202 1
167 188 1
146 188 1
157 178 1
159 163 1
177 188 1
146 177 1
167 177 1
174 184 1
174 200 1
169 174 1
174 175 1
174 208 1
174 183 1
156 159 1
156 163 1
176 176 1
170 186 1
156 195 1
163 195 1
159 195 1
210 211 1
187 197 1
195 212 1
163 212 1
156 212 1
159 212 1
157 197 1
178 197 1
157 187 1
178 189 1
157 189 1
189 197 1
152 180 1
178 199 1
189 199 1
157 199 1
197 199 1
161 214 1
171 201 1
168 171 1
147 214 1
147 161 1
181 182 1
179 182 1
172 210 1
172 211 1
180 198 1
152 198 1
237 285 1
220 242 1
239 284 1
240 272 1
219 268 1
258 266 1
260 273 1
221 266 1
221 258 1
222 284 1
222 239 1
269 281 1
271 273 1
260 271 1
239 276 1
276 284 1
222 276 1
247 249 1
258 259 1
259 266 1
221 259 1
260 280 1
273 280 1
271 280 1
248 259 1
248 258 1
248 266 1
221 248 1
224 228 1
227 271 1
227 280 1
227 273 1
227 260 1
237 271 1
271 285 1
227 237 1
237 260 1
237 273 1
237 280 1
264 285 1
237 264 1
264 271 1
253 285 1
253 264 1
237 253 1
253 271 1
269 269 1
225 274 1
237 246 1
227 246 1
246 260 1
246 264 1
246 271 1
246 273 1
246 253 1
246 280 1
246 285 1
252 268 1
219 252 1
257 279 1
243 262 1
253 259 1
259 264 1
237 259 1
259 271 1
246 259 1
259 285 1
253 258 1
253 266 1
221 253 1
248 253 1
219 273 1
252 273 1
268 273 1
219 227 1
219 260 1
219 237 1
219 271 1
219 246 1
219 280 1
316 339 1
294 358 1
320 325 1
312 349 1
289 310 1
307 328 1
313 343 1
326 341 1
301 343 1
301 313 1
290 299 1
312 329 1
329 349 1
350 354 1
305 312 1
305 329 1
305 349 1
342 349 1
312 342 1
329 342 1
305 342 1
293 358 1
293 294 1
307 323 1
323 328 1
310 355 1
289 355 1
303 313 1
301 303 1
303 343 1
318 333 1
328 334 1
323 334 1
307 334 1
290 341 1
299 341 1
290 326 1
297 301 1
297 313 1
297 303 1
297 343 1
304 321 1
294 314 1
293 314 1
314 358 1
292 295 1
312 320 1
320 329 1
320 349 1
320 342 1
305 320 1
312 325 1
296 326 1
290 296 1
296 341 1
319 347 1
342 350 1
320 350 1
329 350 1
305 350 1
312 350 1
349 350 1
342 354 1
288 304 1
288 321 1
318 339 1
333 339 1
316 318 1
291 340 1
337 354 1
337 342 1
337 350 1
391 404 1
402 425 1
388 403 1
370 423 1
397 422 1
376 422 1
376 397 1
395 397 1
376 395 1
395 422 1
389 400 1
370 393 1
393 423 1
380 403 1
380 388 1
361 383 1
403 411 1
380 411 1
388 411 1
394 425 1
394 402 1
387 431 1
411 414 1
388 414 1
403 414 1
380 414 1
406 429 1
384 415 1
368 382 1
366 416 1
419 420 1
396 409 1
383 404 1
361 404 1
383 391 1
390 431 1
387 390 1
410 412 1
379 405 1
409 419 1
396 419 1
409 420 1
362 379 1
362 405 1
369 385 1
370 417 1
393 417 1
417 423 1
375 403 1
375 380 1
375 411 1
375 388 1
375 414 1
366 412 1
412 416 1
366 410 1
405 422 1
362 422 1
379 422 1
395 405 1
397 405 1
376 405 1
398 427 1
375 417 1
388 417 1
403 417 1
411 417 1
380 417 1
414 417 1
375 423 1
375 393 1
370 375 1
447 448 1
447 453 1
448 453 1
481 488 1
491 498 1
449 465 1
473 479 1
481 487 1
487 488 1
438 481 1
438 488 1
438 487 1
437 476 1
438 463 1
463 488 1
463 481 1
463 487 1
437 440 1
440 476 1
456 488 1
456 481 1
456 463 1
438 456 1
456 487 1
436 469 1
478 482 1
438 496 1
481 496 1
487 496 1
488 496 1
463 496 1
456 496 1
451 473 1
451 479 1
488 492 1
481 492 1
487 492 1
456 492 1
463 492 1
492 496 1
438 492 1
441 452 1
486 500 1
456 462 1
462 481 1
462 487 1
462 488 1
462 492 1
462 463 1
462 496 1
438 462 1
466 497 1
461 465 1
449 461 1
445 470 1
446 503 1
455 489 1
453 490 1
448 490 1
447 490 1
451 493 1
473 493 1
479 493 1
439 489 1
439 455 1
485 488 1
481 485 1
485 487 1
456 485 1
485 492 1
462 485 1
463 485 1
485 496 1
438 485 1
531 532 1
522 530 1
518 564 1
564 573 1
518 573 1
558 565 1
521 527 1
506 509 1
510 534 1
557 560 1
526 569 1
508 564 1
508 573 1
508 518 1
541 553 1
513 555 1
527 544 1
521 544 1
541 542 1
542 553 1
524 565 1
524 558 1
559 568 1
509 518 1
506 518 1
508 509 1
509 564 1
509 573 1
520 522 1
520 530 1
538 558 1
524 538 1
538 565 1
518 571 1
509 571 1
564 571 1
506 571 1
508 571 1
571 573 1
535 559 1
535 568 1
504 549 1
545 570 1
515 535 1
515 568 1
515 559 1
526 563 1
563 569 1
527 572 1
544 572 1
521 572 1
525 541 1
525 553 1
525 542 1
528 543 1
515 533 1
533 568 1
533 559 1
533 535 1
532 535 1
531 535 1
515 532 1
532 559 1
532 533 1
532 568 1
507 519 1
554 559 1
515 554 1
532 554 1
533 554 1
535 554 1
554 568 1
604 636 1
601 628 1
634 642 1
603 630 1
585 642 1
585 634 1
623 626 1
631 644 1
578 631 1
578 644 1
610 630 1
603 610 1
626 627 1
623 627 1
603 642 1
610 642 1
630 642 1
585 603 1
603 634 1
632 637 1
576 605 1
589 615 1
592 642 1
592 610 1
585 592 1
592 630 1
592 634 1
592 603 1
591 614 1
620 639 1
600 623 1
600 626 1
600 627 1
630 640 1
592 640 1
610 640 1
603 640 1
640 642 1
582 613 1
591 616 1
614 616 1
598 619 1
629 640 1
610 629 1
629 642 1
592 629 1
629 630 1
603 629 1
577 589 1
577 615 1
634 643 1
592 643 1
585 643 1
642 643 1
603 643 1
630 644 1
640 644 1
610 644 1
642 644 1
592 644 1
629 644 1
603 644 1
578 630 1
630 631 1
590 607 1
586 592 1
586 640 1
586 642 1
586 643 1
586 644 1
585 586 1
586 610 1
586 629 1
586 630 1
586 634 1
586 603 1
665 669 1
662 663 1
656 673 1
681 689 1
650 667 1
677 717 1
651 668 1
685 699 1
650 674 1
667 674 1
681 714 1
689 714 1
655 696 1
699 702 1
685 702 1
651 709 1
668 709 1
693 698 1
663 689 1
662 689 1
663 681 1
663 714 1
683 686 1
652 668 1
651 652 1
652 709 1
657 716 1
693 705 1
698 705 1
654 656 1
654 673 1
679 681 1
679 689 1
679 714 1
663 679 1
662 666 1
666 689 1
663 666 1
695 712 1
661 673 1
656 661 1
654 661 1
681 685 1
685 689 1
685 714 1
679 685 1
663 685 1
681 699 1
681 702 1
650 653 1
653 674 1
653 667 1
668 676 1
651 676 1
652 676 1
676 709 1
650 717 1
674 717 1
667 717 1
653 717 1
650 677 1
662 676 1
676 689 1
666 676 1
663 676 1
662 709 1
651 662 1
652 662 1
662 668 1
705 711 1
698 711 1
693 711 1
732 750 1
734 771 1
760 767 1
725 740 1
722 767 1
722 760 1
744 757 1
765 770 1
750 779 1
732 779 1
729 762 1
720 770 1
720 765 1
767 774 1
760 774 1
722 774 1
739 766 1
754 784 1
726 768 1
749 769 1
753 771 1
734 753 1
760 779 1
722 779 1
774 779 1
767 779 1
750 760 1
732 760 1
720 753 1
753 770 1
753 765 1
720 771 1
720 734 1
776 790 1
744 770 1
757 770 1
720 744 1
744 753 1
744 765 1
732 770 1
760 770 1
770 779 1
750 770 1
732 744 1
720 732 1
732 753 1
732 757 1
732 765 1
727 784 1
727 754 1
748 788 1
729 772 1
762 772 1
738 750 1
738 760 1
738 770 1
738 779 1
732 738 1
738 764 1
764 770 1
732 764 1
764 779 1
750 764 1
760 764 1
723 766 1
723 739 1
727 768 1
768 784 1
754 768 1
726 727 1
728 738 1
728 770 1
728 732 1
728 779 1
728 750 1
728 760 1
728 764 1
826 838 1
796 843 1
831 859 1
812 824 1
859 861 1
831 861 1
808 834 1
804 808 1
804 834 1
797 852 1
811 861 1
811 859 1
811 831 1
799 820 1
822 843 1
796 822 1
826 837 1
837 838 1
836 849 1
824 827 1
812 827 1
808 812 1
812 834 1
804 812 1
808 824 1
808 827 1
796 816 1
816 843 1
816 822 1
810 844 1
842 861 1
811 842 1
842 859 1
831 842 1
797 812 1
812 852 1
797 834 1
797 804 1
797 808 1
797 824 1
797 827 1
793 862 1
842 854 1
854 859 1
811 854 1
854 861 1
831 854 1
795 836 1
795 849 1
798 855 1
803 848 1
803 834 1
834 848 1
803 804 1
803 808 1
803 812 1
797 803 1
812 854 1
834 854 1
803 854 1
804 854 1
808 854 1
852 854 1
824 854 1
827 854 1
797 854 1
812 842 1
811 812 1
812 859 1
812 861 1
812 831 1
819 837 1
819 826 1
819 838 1
895 917 1
868 922 1
889 908 1
872 905 1
916 924 1
870 893 1
910 933 1
920 925 1
882 932 1
904 927 1
870 883 1
883 893 1
864 909 1
887 892 1
919 922 1
868 919 1
874 916 1
874 924 1
902 907 1
907 935 1
902 935 1
920 929 1
925 929 1
868 918 1
918 922 1
918 919 1
888 903 1
924 934 1
874 934 1
916 934 1
867 903 1
867 888 1
890 906 1
895 930 1
917 930 1
909 910 1
864 910 1
909 933 1
895 906 1
906 930 1
906 917 1
890 895 1
915 922 1
868 915 1
915 918 1
915 919 1
901 925 1
901 920 1
901 929 1
883 915 1
893 915 1
870 915 1
868 883 1
883 918 1
883 919 1
883 922 1
884 930 1
884 906 1
884 917 1
884 895 1
868 893 1
893 918 1
893 919 1
893 922 1
868 870 1
882 913 1
913 932 1
866 935 1
866 907 1
866 902 1
867 889 1
888 889 1
889 903 1
867 908 1
944 977 1
940 953 1
940 974 1
953 974 1
947 978 1
936 1003 1
949 967 1
953 958 1
940 958 1
958 974 1
956 987 1
937 1002 1
989 993 1
956 980 1
980 987 1
955 986 1
986 1000 1
955 1000 1
940 964 1
953 964 1
958 964 1
964 974 1
964 978 1
953 978 1
940 978 1
974 978 1
958 978 1
947 964 1
939 939 1
951 1001 1
946 957 1
950 1001 1
950 951 1
944 989 1
977 989 1
944 993 1
972 1003 1
936 972 1
946 946 1
945 983 1
944 949 1
949 977 1
949 989 1
949 993 1
944 967 1
959 977 1
944 959 1
959 989 1
949 959 1
969 976 1
967 990 1
944 990 1
949 990 1
967 985 1
944 985 1
949 985 1
985 990 1
973 986 1
973 1000 1
955 973 1
941 978 1
941 964 1
940 941 1
941 974 1
941 947 1
941 953 1
941 958 1
954 996 1
937 940 1
940 1002 1
937 964 1
937 941 1
937 974 1
937 978 1
937 953 1
937 958 1
1012 1074 1
1058 1068 1
1021 1057 1
1057 1059 1
1021 1059 1
1047 1059 1
1047 1057 1
1021 1047 1
1053 1055 1
1014 1046 1
1072 1075 1
1013 1035 1
1044 1069 1
1034 1056 1
1028 1076 1
1021 1074 1
1057 1074 1
1059 1074 1
1047 1074 1
1012 1021 1
1050 1067 1
1025 1068 1
1025 1058 1
1067 1077 1
1050 1077 1
1030 1036 1
1026 1064 1
1060 1072 1
1060 1075 1
1008 1037 1
1014 1070 1
1046 1070 1
1025 1052 1
1052 1058 1
1052 1068 1
1021 1022 1
1022 1057 1
1022 1059 1
1022 1074 1
1012 1022 1
1022 1047 1
1027 1074 1
1027 1057 1
1027 1059 1
1012 1027 1
1027 1047 1
1021 1027 1
1022 1027 1
1024 1038 1
1011 1021 1
1011 1057 1
1011 1059 1
1011 1074 1
1011 1027 1
1011 1012 1
1011 1047 1
1011 1022 1
1012 1075 1
1027 1075 1
1074 1075 1
1021 1075 1
1022 1075 1
1011 1075 1
1012 1060 1
1012 1072 1
1030 1051 1
1036 1051 1
1030 1076 1
1051 1076 1
1036 1076 1
1028 1030 1
1033 1056 1
1033 1034 1
1085 1136 1
1085 1131 1
1131 1136 1
1126 1128 1
1090 1149 1
1092 1110 1
1089 1097 1
1101 1123 1
1132 1142 1
1103 1135 1
1120 1133 1
1102 1112 1
1106 1145 1
1101 1150 1
1123 1150 1
1097 1109 1
1089 1109 1
1085 1095 1
1095 1136 1
1095 1131 1
1114 1138 1
1093 1124 1
1120 1134 1
1133 1134 1
1123 1147 1
1101 1147 1
1147 1150 1
1114 1144 1
1138 1144 1
1081 1105 1
1090 1116 1
1116 1149 1
1099 1135 1
1099 1103 1
1093 1141 1
1124 1141 1
1086 1094 1
1133 1150 1
1120 1150 1
1134 1150 1
1123 1133 1
1101 1133 1
1133 1147 1
1082 1146 1
1109 1144 1
1097 1144 1
1089 1144 1
1109 1114 1
1109 1138 1
1082 1095 1
1095 1146 1
1082 1136 1
1082 1131 1
1082 1085 1
1094 1149 1
1086 1149 1
1090 1094 1
1094 1116 1
1084 1090 1
1084 1116 1
1084 1149 1
1084 1094 1
1098 1138 1
1098 1144 1
1098 1114 1
1098 1109 1
1081 1101 1
1101 1105 1
1081 1123 1
1081 1133 1
1081 1147 1
1081 1150 1
1196 1211 1
1179 1179 1
1166 1221 1
1164 1213 1
1180 1202 1
1176 1220 1
1171 1218 1
1155 1215 1
1199 1209 1
1171 1175 1
1175 1218 1
1179 1193 1
1182 1204 1
1156 1159 1
1167 1175 1
1167 1218 1
1167 1171 1
1205 1210 1
1211 1219 1
1196 1219 1
1169 1175 1
1169 1218 1
1169 1171 1
1167 1169 1
1153 1181 1
1154 1172 1
1202 1213 1
1180 1213 1
1164 1202 1
1173 1212 1
1154 1201 1
1172 1201 1
1166 1206 1
1206 1221 1
1157 1200 1
1193 1223 1
1179 1223 1
1156 1197 1
1159 1197 1
1171 1215 1
1169 1215 1
1215 1218 1
1167 1215 1
1175 1215 1
1155 1171 1
1154 1176 1
1176 1201 1
1172 1176 1
1154 1220 1
1168 1183 1
1153 1161 1
1161 1181 1
1190 1193 1
1179 1190 1
1190 1223 1
1191 1221 1
1191 1206 1
1166 1191 1
1163 1173 1
1163 1212 1
1159 1180 1
1156 1180 1
1180 1197 1
1159 1202 1
1159 1213 1
1204 1213 1
1182 1213 1
1159 1204 1
1164 1204 1
1202 1204 1
1180 1204 1
1156 1214 1
1180 1214 1
1197 1214 1
1159 1214 1
1234 1247 1
1247 1267 1
1234 1267 1
1262 1264 1
1261 1262 1
1261 1264 1
1252 1270 1
1273 1293 1
1266 1284 1
1233 1292 1
1253 1274 1
1249 1261 1
1249 1264 1
1249 1262 1
1261 1278 1
1264 1278 1
1249 1278 1
1262 1278 1
1229 1260 1
1237 1251 1
1227 1277 1
1256 1274 1
1253 1256 1
1234 1272 1
1267 1272 1
1247 1272 1
1242 1274 1
1242 1256 1
1242 1253 1
1240 1260 1
1229 1240 1
1234 1249 1
1249 1272 1
1249 1267 1
1247 1249 1
1234 1261 1
1234 1262 1
1234 1264 1
1234 1278 1
1228 1245 1
1258 1276 1
1235 1265 1
1225 1233 1
1225 1292 1
1232 1293 1
1232 1273 1
1271 1283 1
1260 1287 1
1240 1287 1
1229 1287 1
1248 1257 1
1231 1232 1
1231 1273 1
1231 1293 1
1229 1295 1
1240 1295 1
1260 1295 1
1287 1295 1
1236 1278 1
1236 1249 1
1236 1261 1
1236 1262 1
1236 1264 1
1234 1236 1
1269 1273 1
1232 1269 1
1269 1293 1
1231 1269 1
1227 1258 1
1258 1277 1
1227 1276 1
1240 1274 1
1274 1295 1
1260 1274 1
1229 1274 1
1274 1287 1
1240 1253 1
1240 1256 1
1240 1242 1
1335 1359 1
1357 1360 1
1307 1348 1
1317 1329 1
1314 1319 1
1341 1364 1
1334 1355 1
1309 1331 1
1334 1361 1
1355 1361 1
1316 1361 1
1316 1355 1
1316 1334 1
1328 1348 1
1307 1328 1
1333 1366 1
1345 1364 1
1341 1345 1
1322 1357 1
1322 1360 1
1320 1347 1
1360 1360 1
1312 1331 1
1309 1312 1
1308 1350 1
1308 1321 1
1321 1350 1
1305 1341 1
1305 1345 1
1305 1364 1
1306 1364 1
1306 1345 1
1306 1341 1
1305 1306 1
1356 1366 1
1333 1356 1
1332 1361 1
1332 1355 1
1316 1332 1
1332 1334 1
1310 1363 1
1315 1364 1
1315 1345 1
1306 1315 1
1315 1341 1
1305 1315 1
1335 1355 1
1355 1359 1
1316 1335 1
1335 1361 1
1332 1335 1
1334 1335 1
1357 1364 1
1360 1364 1
1322 1364 1
1345 1357 1
1315 1357 1
1305 1357 1
1306 1357 1
1341 1357 1
1342 1355 1
1316 1342 1
1342 1359 1
1342 1361 1
1332 1342 1
1334 1342 1
1335 1342 1
1303 1366 1
1303 1356 1
1303 1333 1
1324 1329 1
1317 1324 1
1422 1430 1
1386 1430 1
1386 1422 1
1388 1396 1
1378 1405 1
1380 1409 1
1368 1405 1
1368 1378 1
1391 1393 1
1374 1433 1
1410 1411 1
1436 1436 1
1376 1419 1
1381 1431 1
1371 1431 1
1371 1381 1
1379 1428 1
1378 1383 1
1368 1383 1
1383 1405 1
1372 1416 1
1369 1430 1
1369 1386 1
1369 1422 1
1410 1422 1
1411 1422 1
1369 1410 1
1386 1410 1
1410 1430 1
1386 1392 1
1369 1392 1
1392 1410 1
1392 1422 1
1392 1430 1
1389 1409 1
1380 1389 1
1421 1436 1
1387 1413 1
1433 1436 1
1374 1436 1
1421 1433 1
1373 1429 1
1375 1435 1
1402 1403 1
1397 1407 1
1371 1388 1
1381 1388 1
1388 1431 1
1371 1396 1
1383 1383 1
1416 1418 1
1372 1418 1
1388 1405 1
1371 1405 1
1396 1405 1
1381 1405 1
1405 1431 1
1378 1388 1
1383 1388 1
1368 1388 1
1379 1418 1
1418 1428 1
1379 1416 1
1372 1379 1
1379 1389 1
1389 1416 1
1372 1389 1
1389 1418 1
1389 1428 1
1379 1409 1
1379 1380 1
1417 1425 1
126 186 -1
86 186 -1
102 186 -1
105 186 -1
79 186 -1
118 186 -1
119 186 -1
123 186 -1
94 186 -1
126 170 -1
428 801 -1
80 1129 -1
80 775 -1
782 1122 -1
13 1374 -1
68 1374 -1
13 1433 -1
13 1436 -1
642 1264 -1
640 1264 -1
610 1264 -1
643 1264 -1
644 1264 -1
585 1264 -1
586 1264 -1
592 1264 -1
629 1264 -1
630 1264 -1
634 1264 -1
603 1264 -1
642 1249 -1
642 1261 -1
642 1262 -1
642 1234 -1
642 1236 -1
642 1278 -1
186 861 -1
170 861 -1
186 842 -1
186 811 -1
186 812 -1
186 854 -1
186 859 -1
186 831 -1
308 655 -1
308 696 -1
482 1394 -1
478 1394 -1
4 595 -1
63 595 -1
7 595 -1
310 812 -1
289 812 -1
355 812 -1
310 834 -1
310 803 -1
310 804 -1
310 808 -1
310 842 -1
310 811 -1
310 861 -1
310 859 -1
310 852 -1
310 854 -1
310 824 -1
310 827 -1
310 797 -1
310 831 -1
928 1089 -1
928 1144 -1
928 1097 -1
928 1109 -1
795 895 -1
849 895 -1
836 895 -1
795 930 -1
795 890 -1
795 884 -1
795 917 -1
795 906 -1
658 1304 -1
890 1373 -1
906 1373 -1
895 1373 -1
890 1429 -1
694 1179 -1
694 1193 -1
694 1190 -1
694 1223 -1
358 679 -1
314 679 -1
293 679 -1
294 679 -1
358 681 -1
358 714 -1
358 663 -1
358 685 -1
358 689 -1
582 655 -1
613 655 -1
582 696 -1
693 823 -1
705 823 -1
698 823 -1
711 823 -1
548 640 -1
548 610 -1
548 644 -1
548 586 -1
548 642 -1
548 592 -1
548 629 -1
548 630 -1
548 603 -1
16 1290 -1
27 1290 -1
96 503 -1
96 446 -1
646 1426 -1
431 1033 -1
387 1033 -1
390 1033 -1
431 1056 -1
431 1034 -1
1297 1409 -1
1297 1379 -1
1297 1380 -1
1297 1389 -1
352 809 -1
381 872 -1
381 905 -1
677 1415 -1
650 1415 -1
717 1415 -1
411 855 -1
417 855 -1
388 855 -1
403 855 -1
375 855 -1
380 855 -1
414 855 -1
411 798 -1
700 1142 -1
700 1132 -1
824 1235 -1
808 1235 -1
827 1235 -1
812 1235 -1
797 1235 -1
854 1235 -1
824 1265 -1
161 1127 -1
147 1127 -1
214 1127 -1
121 200 -1
121 169 -1
121 174 -1
121 175 -1
121 208 -1
121 183 -1
121 184 -1
270 345 -1
157 1406 -1
178 1406 -1
187 1406 -1
197 1406 -1
199 1406 -1
189 1406 -1
273 652 -1
227 652 -1
260 652 -1
268 652 -1
237 652 -1
271 652 -1
246 652 -1
280 652 -1
219 652 -1
252 652 -1
273 676 -1
273 651 -1
273 668 -1
273 709 -1
273 662 -1
74 663 -1
74 676 -1
74 679 -1
74 681 -1
74 714 -1
74 685 -1
74 689 -1
74 662 -1
74 666 -1
1233 1376 -1
1225 1376 -1
1292 1376 -1
1233 1419 -1
879 1053 -1
879 1055 -1
110 966 -1
133 966 -1
87 966 -1
149 682 -1
62 926 -1
6 926 -1
14 926 -1
23 926 -1
221 772 -1
248 772 -1
266 772 -1
259 772 -1
258 772 -1
253 772 -1
221 729 -1
221 762 -1
478 593 -1
482 593 -1
1063 1100 -1
606 1233 -1
606 1225 -1
606 1292 -1
1289 1434 -1
522 626 -1
520 626 -1
530 626 -1
522 600 -1
522 627 -1
522 623 -1
957 1072 -1
946 1072 -1
957 1012 -1
957 1075 -1
957 1060 -1
159 926 -1
212 926 -1
163 926 -1
156 926 -1
195 926 -1
133 1326 -1
110 1326 -1
87 1326 -1
98 853 -1
128 853 -1
100 853 -1
101 853 -1
75 853 -1
112 853 -1
88 853 -1
436 937 -1
469 937 -1
436 964 -1
436 1002 -1
436 940 -1
436 941 -1
436 974 -1
436 978 -1
436 953 -1
436 958 -1
286 668 -1
286 676 -1
286 651 -1
286 652 -1
286 709 -1
286 662 -1
546 1178 -1
1122 1175 -1
1122 1169 -1
1122 1218 -1
1122 1171 -1
1122 1215 -1
1122 1167 -1
13 1427 -1
68 1427 -1
65 813 -1
314 1208 -1
358 1208 -1
293 1208 -1
294 1208 -1
622 856 -1
860 1261 -1
860 1249 -1
860 1262 -1
860 1264 -1
860 1234 -1
860 1236 -1
860 1278 -1
83 429 -1
83 406 -1
886 1082 -1
886 1136 -1
886 1146 -1
886 1131 -1
886 1085 -1
886 1095 -1
196 306 -1
913 1132 -1
882 1132 -1
932 1132 -1
913 1142 -1
69 512 -1
38 512 -1
31 512 -1
608 1082 -1
608 1136 -1
608 1146 -1
608 1131 -1
608 1085 -1
608 1095 -1
250 360 -1
1162 1295 -1
1162 1240 -1
1162 1274 -1
1162 1260 -1
1162 1229 -1
1162 1287 -1
583 1135 -1
583 1099 -1
583 1103 -1
537 633 -1
359 883 -1
359 868 -1
359 870 -1
359 915 -1
359 918 -1
359 919 -1
359 922 -1
359 893 -1
51 500 -1
8 500 -1
48 500 -1
51 486 -1
306 776 -1
306 790 -1
136 395 -1
104 395 -1
136 376 -1
136 397 -1
136 422 -1
136 405 -1
1358 1411 -1
1358 1410 -1
1358 1422 -1
610 960 -1
640 960 -1
642 960 -1
644 960 -1
586 960 -1
592 960 -1
629 960 -1
630 960 -1
603 960 -1
764 1111 -1
738 1111 -1
779 1111 -1
770 1111 -1
750 1111 -1
728 1111 -1
760 1111 -1
732 1111 -1
282 1314 -1
282 1319 -1
510 910 -1
534 910 -1
510 864 -1
510 933 -1
510 909 -1
75 477 -1
128 477 -1
98 477 -1
100 477 -1
101 477 -1
112 477 -1
84 477 -1
88 477 -1
360 1037 -1
360 1008 -1
156 988 -1
163 988 -1
212 988 -1
195 988 -1
159 988 -1
200 845 -1
169 845 -1
174 845 -1
175 845 -1
208 845 -1
183 845 -1
184 845 -1
183 1313 -1
164 1313 -1
200 1313 -1
169 1313 -1
174 1313 -1
175 1313 -1
208 1313 -1
184 1313 -1
269 1088 -1
281 1088 -1
122 192 -1
112 192 -1
101 192 -1
439 941 -1
489 941 -1
455 941 -1
439 964 -1
439 937 -1
439 940 -1
439 974 -1
439 978 -1
439 947 -1
439 953 -1
439 958 -1
361 1170 -1
404 1170 -1
383 1170 -1
153 518 -1
153 509 -1
153 564 -1
153 506 -1
153 571 -1
153 508 -1
153 573 -1
616 1328 -1
614 1328 -1
591 1328 -1
616 1307 -1
616 1348 -1
1019 1102 -1
1019 1112 -1
494 1419 -1
494 1376 -1
508 921 -1
571 921 -1
564 921 -1
573 921 -1
518 921 -1
509 921 -1
1291 1430 -1
1291 1392 -1
1291 1369 -1
1291 1386 -1
1291 1410 -1
1291 1422 -1
167 721 -1
177 721 -1
146 721 -1
188 721 -1
412 497 -1
416 497 -1
410 497 -1
366 497 -1
412 466 -1
438 785 -1
481 785 -1
485 785 -1
487 785 -1
488 785 -1
492 785 -1
462 785 -1
463 785 -1
496 785 -1
456 785 -1
867 1393 -1
888 1393 -1
889 1393 -1
908 1393 -1
903 1393 -1
867 1391 -1
656 747 -1
673 747 -1
661 747 -1
654 747 -1
219 725 -1
227 725 -1
260 725 -1
268 725 -1
237 725 -1
271 725 -1
273 725 -1
246 725 -1
280 725 -1
252 725 -1
219 740 -1
655 1236 -1
696 1236 -1
655 1249 -1
655 1261 -1
655 1262 -1
655 1264 -1
655 1234 -1
655 1278 -1
1212 1326 -1
1163 1326 -1
1173 1326 -1
271 1287 -1
227 1287 -1
260 1287 -1
264 1287 -1
237 1287 -1
253 1287 -1
273 1287 -1
259 1287 -1
246 1287 -1
280 1287 -1
219 1287 -1
285 1287 -1
271 1240 -1
271 1274 -1
271 1260 -1
271 1229 -1
271 1295 -1
769 1203 -1
749 1203 -1
882 1407 -1
913 1407 -1
932 1407 -1
882 1397 -1
89 883 -1
89 868 -1
89 870 -1
89 915 -1
89 918 -1
89 919 -1
89 922 -1
89 893 -1
192 360 -1
902 1298 -1
866 1298 -1
907 1298 -1
935 1298 -1
190 565 -1
204 565 -1
173 565 -1
190 538 -1
190 524 -1
190 558 -1
894 1168 -1
894 1183 -1
1348 1430 -1
1328 1430 -1
1307 1430 -1
1348 1392 -1
1348 1369 -1
1348 1386 -1
1348 1410 -1
1348 1422 -1
469 546 -1
436 546 -1
980 1055 -1
987 1055 -1
956 1055 -1
980 1053 -1
108 943 -1
1065 1087 -1
852 1384 -1
812 1384 -1
797 1384 -1
854 1384 -1
729 833 -1
762 833 -1
772 833 -1
672 1185 -1
400 886 -1
389 886 -1
73 362 -1
73 379 -1
73 405 -1
73 422 -1
1079 1322 -1
1079 1360 -1
1079 1364 -1
1079 1357 -1
197 1365 -1
178 1365 -1
187 1365 -1
157 1365 -1
199 1365 -1
189 1365 -1
942 1155 -1
942 1171 -1
942 1215 -1
790 981 -1
776 981 -1
211 415 -1
210 415 -1
172 415 -1
211 384 -1
577 1157 -1
589 1157 -1
615 1157 -1
577 1200 -1
118 1014 -1
102 1014 -1
79 1014 -1
126 1014 -1
86 1014 -1
119 1014 -1
123 1014 -1
94 1014 -1
118 1070 -1
118 1046 -1
80 1159 -1
80 1156 -1
80 1197 -1
80 1202 -1
80 1204 -1
80 1180 -1
80 1213 -1
80 1214 -1
48 1239 -1
8 1239 -1
51 1239 -1
699 730 -1
681 730 -1
685 730 -1
702 730 -1
651 1303 -1
652 1303 -1
676 1303 -1
668 1303 -1
709 1303 -1
662 1303 -1
651 1356 -1
651 1333 -1
651 1366 -1
788 1313 -1
748 1313 -1
1118 1175 -1
1118 1169 -1
1118 1218 -1
1118 1171 -1
1118 1215 -1
1118 1167 -1
62 588 -1
6 588 -1
14 588 -1
23 588 -1
277 441 -1
277 452 -1
55 800 -1
57 800 -1
474 910 -1
474 864 -1
474 933 -1
474 909 -1
343 778 -1
313 778 -1
297 778 -1
301 778 -1
303 778 -1
753 922 -1
770 922 -1
771 922 -1
744 922 -1
720 922 -1
732 922 -1
765 922 -1
734 922 -1
753 868 -1
753 883 -1
753 918 -1
753 919 -1
753 915 -1
753 893 -1
580 828 -1
511 757 -1
511 744 -1
511 770 -1
511 732 -1
63 176 -1
4 176 -1
7 176 -1
390 1294 -1
387 1294 -1
431 1294 -1
963 1266 -1
963 1284 -1
18 197 -1
45 197 -1
18 178 -1
18 187 -1
18 157 -1
18 199 -1
18 189 -1
1208 1360 -1
1208 1322 -1
1208 1364 -1
1208 1357 -1
537 736 -1
197 836 -1
178 836 -1
187 836 -1
157 836 -1
199 836 -1
189 836 -1
197 849 -1
197 795 -1
1027 1089 -1
1057 1089 -1
1059 1089 -1
1075 1089 -1
1074 1089 -1
1011 1089 -1
1012 1089 -1
1047 1089 -1
1021 1089 -1
1022 1089 -1
1027 1144 -1
1027 1097 -1
1027 1109 -1
722 801 -1
760 801 -1
779 801 -1
774 801 -1
767 801 -1
1203 1243 -1
473 934 -1
451 934 -1
493 934 -1
479 934 -1
473 916 -1
473 874 -1
473 924 -1
222 1323 -1
276 1323 -1
284 1323 -1
239 1323 -1
246 1358 -1
227 1358 -1
260 1358 -1
264 1358 -1
237 1358 -1
271 1358 -1
273 1358 -1
259 1358 -1
285 1358 -1
280 1358 -1
219 1358 -1
253 1358 -1
241 372 -1
177 640 -1
146 640 -1
188 640 -1
167 640 -1
177 610 -1
177 644 -1
177 586 -1
177 642 -1
177 592 -1
177 629 -1
177 630 -1
177 603 -1
429 995 -1
406 995 -1
881 1116 -1
881 1090 -1
881 1084 -1
881 1149 -1
881 1094 -1
174 1359 -1
200 1359 -1
169 1359 -1
175 1359 -1
208 1359 -1
183 1359 -1
184 1359 -1
174 1355 -1
174 1342 -1
174 1335 -1
282 619 -1
282 598 -1
144 312 -1
144 320 -1
144 325 -1
144 329 -1
144 305 -1
144 342 -1
144 349 -1
144 350 -1
472 1414 -1
1167 1268 -1
1169 1268 -1
1218 1268 -1
1171 1268 -1
1215 1268 -1
1175 1268 -1
56 1085 -1
49 1085 -1
2 1085 -1
52 1085 -1
56 1136 -1
56 1082 -1
56 1131 -1
56 1095 -1
66 617 -1
39 617 -1
67 617 -1
53 617 -1
22 617 -1
47 617 -1
29 1270 -1
60 1270 -1
29 1252 -1
553 1432 -1
541 1432 -1
542 1432 -1
525 1432 -1
8 884 -1
48 884 -1
51 884 -1
8 930 -1
8 895 -1
8 906 -1
8 917 -1
487 1095 -1
481 1095 -1
485 1095 -1
488 1095 -1
492 1095 -1
462 1095 -1
463 1095 -1
496 1095 -1
456 1095 -1
438 1095 -1
487 1136 -1
487 1146 -1
487 1082 -1
487 1131 -1
487 1085 -1
130 756 -1
657 1006 -1
716 1006 -1
358 1410 -1
314 1410 -1
293 1410 -1
294 1410 -1
358 1411 -1
358 1386 -1
358 1422 -1
358 1392 -1
358 1430 -1
358 1369 -1
978 1435 -1
964 1435 -1
937 1435 -1
940 1435 -1
941 1435 -1
974 1435 -1
947 1435 -1
953 1435 -1
958 1435 -1
978 1375 -1
285 439 -1
259 439 -1
264 439 -1
237 439 -1
271 439 -1
246 439 -1
253 439 -1
285 489 -1
285 455 -1
408 1366 -1
408 1356 -1
408 1333 -1
408 1303 -1
120 224 -1
120 228 -1
439 981 -1
489 981 -1
455 981 -1
293 1075 -1
314 1075 -1
294 1075 -1
358 1075 -1
293 1027 -1
293 1060 -1
293 1072 -1
293 1074 -1
293 1011 -1
293 1012 -1
293 1021 -1
293 1022 -1
58 265 -1
67 265 -1
3 265 -1
37 265 -1
30 265 -1
39 265 -1
1104 1279 -1
112 590 -1
128 590 -1
98 590 -1
100 590 -1
101 590 -1
75 590 -1
88 590 -1
122 590 -1
112 607 -1
208 1176 -1
164 1176 -1
200 1176 -1
169 1176 -1
174 1176 -1
175 1176 -1
183 1176 -1
184 1176 -1
208 1201 -1
208 1154 -1
208 1220 -1
208 1172 -1
693 1415 -1
705 1415 -1
698 1415 -1
711 1415 -1
380 1406 -1
417 1406 -1
388 1406 -1
403 1406 -1
375 1406 -1
411 1406 -1
414 1406 -1
208 840 -1
164 840 -1
200 840 -1
169 840 -1
174 840 -1
175 840 -1
183 840 -1
184 840 -1
191 887 -1
191 892 -1
428 1431 -1
428 1371 -1
428 1388 -1
428 1381 -1
428 1405 -1
276 293 -1
284 293 -1
222 293 -1
239 293 -1
276 314 -1
276 294 -1
276 358 -1
38 627 -1
69 627 -1
31 627 -1
38 600 -1
38 626 -1
38 623 -1
10 1367 -1
259 354 -1
258 354 -1
264 354 -1
266 354 -1
237 354 -1
221 354 -1
285 354 -1
246 354 -1
248 354 -1
271 354 -1
253 354 -1
259 337 -1
259 342 -1
259 350 -1
113 1255 -1
579 809 -1
811 929 -1
842 929 -1
812 929 -1
854 929 -1
859 929 -1
861 929 -1
831 929 -1
811 920 -1
811 925 -1
811 901 -1
304 1211 -1
288 1211 -1
321 1211 -1
304 1219 -1
304 1196 -1
898 1067 -1
898 1050 -1
898 1077 -1
505 590 -1
505 607 -1
936 1071 -1
1003 1071 -1
972 1071 -1
299 1174 -1
290 1174 -1
341 1174 -1
551 1434 -1
401 944 -1
401 993 -1
401 967 -1
401 977 -1
401 949 -1
401 985 -1
401 989 -1
401 990 -1
401 959 -1
136 358 -1
104 358 -1
136 314 -1
136 293 -1
136 294 -1
93 327 -1
141 327 -1
127 327 -1
446 1282 -1
503 1282 -1
561 880 -1
278 460 -1
649 936 -1
649 1003 -1
649 972 -1
310 1259 -1
289 1259 -1
355 1259 -1
500 1159 -1
486 1159 -1
500 1156 -1
500 1197 -1
500 1202 -1
500 1204 -1
500 1180 -1
500 1213 -1
500 1214 -1
649 828 -1
431 1203 -1
387 1203 -1
390 1203 -1
1254 1299 -1
360 1435 -1
360 1375 -1
739 1262 -1
723 1262 -1
766 1262 -1
739 1249 -1
739 1261 -1
739 1264 -1
739 1234 -1
739 1236 -1
739 1278 -1
21 655 -1
11 655 -1
21 696 -1
262 1335 -1
243 1335 -1
262 1316 -1
262 1355 -1
262 1359 -1
262 1361 -1
262 1332 -1
262 1334 -1
262 1342 -1
217 701 -1
451 781 -1
473 781 -1
493 781 -1
479 781 -1
312 470 -1
320 470 -1
325 470 -1
329 470 -1
305 470 -1
342 470 -1
349 470 -1
350 470 -1
312 445 -1
433 1286 -1
322 1138 -1
322 1144 -1
322 1114 -1
322 1098 -1
322 1109 -1
497 1419 -1
466 1419 -1
497 1376 -1
17 941 -1
17 964 -1
17 937 -1
17 940 -1
17 974 -1
17 978 -1
17 947 -1
17 953 -1
17 958 -1
1059 1322 -1
1057 1322 -1
1027 1322 -1
1074 1322 -1
1011 1322 -1
1047 1322 -1
1021 1322 -1
1022 1322 -1
1059 1360 -1
1059 1364 -1
1059 1357 -1
250 948 -1
967 1094 -1
944 1094 -1
985 1094 -1
949 1094 -1
990 1094 -1
967 1084 -1
967 1090 -1
967 1116 -1
967 1149 -1
967 1086 -1
238 1339 -1
294 700 -1
314 700 -1
293 700 -1
358 700 -1
639 891 -1
620 891 -1
740 1216 -1
725 1216 -1
858 1260 -1
858 1240 -1
858 1274 -1
858 1295 -1
858 1229 -1
858 1287 -1
449 1382 -1
465 1382 -1
461 1382 -1
916 1313 -1
874 1313 -1
924 1313 -1
934 1313 -1
237 324 -1
227 324 -1
260 324 -1
264 324 -1
259 324 -1
271 324 -1
273 324 -1
253 324 -1
246 324 -1
280 324 -1
219 324 -1
285 324 -1
30 1169 -1
58 1169 -1
67 1169 -1
37 1169 -1
39 1169 -1
30 1218 -1
30 1171 -1
30 1167 -1
30 1215 -1
30 1175 -1
404 621 -1
361 621 -1
383 621 -1
391 621 -1
394 686 -1
425 686 -1
402 686 -1
394 683 -1
31 187 -1
69 187 -1
38 187 -1
31 197 -1
31 157 -1
1337 1424 -1
64 206 -1
0 206 -1
1 206 -1
35 206 -1
12 206 -1
41 206 -1
928 1363 -1
928 1310 -1
576 881 -1
605 881 -1
503 1081 -1
446 1081 -1
503 1123 -1
503 1101 -1
503 1133 -1
503 1105 -1
503 1147 -1
503 1150 -1
993 1083 -1
944 1083 -1
989 1083 -1
949 1083 -1
633 827 -1
633 824 -1
633 808 -1
633 812 -1
633 797 -1
633 854 -1
106 1345 -1
106 1315 -1
106 1357 -1
106 1364 -1
106 1305 -1
106 1306 -1
106 1341 -1
568 1210 -1
515 1210 -1
554 1210 -1
559 1210 -1
532 1210 -1
533 1210 -1
535 1210 -1
568 1205 -1
110 749 -1
133 749 -1
87 749 -1
110 769 -1
428 445 -1
428 470 -1
141 356 -1
93 356 -1
127 356 -1
507 1014 -1
519 1014 -1
507 1070 -1
507 1046 -1
541 1262 -1
553 1262 -1
525 1262 -1
542 1262 -1
541 1249 -1
541 1261 -1
541 1264 -1
541 1234 -1
541 1236 -1
541 1278 -1
490 1174 -1
448 1174 -1
453 1174 -1
447 1174 -1
250 467 -1
249 1008 -1
247 1008 -1
249 1037 -1
783 1240 -1
783 1253 -1
783 1287 -1
783 1256 -1
783 1260 -1
783 1229 -1
783 1295 -1
783 1274 -1
783 1242 -1
48 658 -1
8 658 -1
51 658 -1
194 1401 -1
155 1401 -1
271 678 -1
227 678 -1
260 678 -1
264 678 -1
237 678 -1
253 678 -1
273 678 -1
259 678 -1
246 678 -1
280 678 -1
219 678 -1
285 678 -1
691 1128 -1
691 1126 -1
142 1215 -1
99 1215 -1
117 1215 -1
95 1215 -1
142 1218 -1
142 1155 -1
142 1167 -1
142 1169 -1
142 1171 -1
142 1175 -1
740 1067 -1
725 1067 -1
740 1050 -1
740 1077 -1
371 483 -1
270 984 -1
1211 1285 -1
1219 1285 -1
1196 1285 -1
7 1056 -1
4 1056 -1
63 1056 -1
7 1033 -1
7 1034 -1
449 882 -1
465 882 -1
461 882 -1
449 913 -1
449 932 -1
520 1354 -1
522 1354 -1
530 1354 -1
769 1304 -1
749 1304 -1
430 1223 -1
430 1193 -1
430 1179 -1
430 1190 -1
294 815 -1
314 815 -1
293 815 -1
358 815 -1
33 815 -1
45 511 -1
18 511 -1
1145 1306 -1
1106 1306 -1
1145 1345 -1
1145 1315 -1
1145 1357 -1
1145 1364 -1
1145 1305 -1
1145 1341 -1
56 835 -1
49 835 -1
2 835 -1
52 835 -1
823 1042 -1
481 1408 -1
485 1408 -1
487 1408 -1
488 1408 -1
492 1408 -1
462 1408 -1
463 1408 -1
496 1408 -1
456 1408 -1
438 1408 -1
797 879 -1
834 879 -1
803 879 -1
804 879 -1
808 879 -1
812 879 -1
852 879 -1
854 879 -1
824 879 -1
827 879 -1
339 1279 -1
316 1279 -1
333 1279 -1
318 1279 -1
129 1082 -1
76 1082 -1
129 1136 -1
129 1146 -1
129 1131 -1
129 1085 -1
129 1095 -1
253 1097 -1
258 1097 -1
259 1097 -1
264 1097 -1
266 1097 -1
237 1097 -1
271 1097 -1
221 1097 -1
246 1097 -1
248 1097 -1
285 1097 -1
253 1144 -1
253 1089 -1
253 1109 -1
133 838 -1
110 838 -1
87 838 -1
133 826 -1
133 819 -1
133 837 -1
207 1353 -1
508 626 -1
571 626 -1
564 626 -1
573 626 -1
518 626 -1
509 626 -1
508 600 -1
508 627 -1
508 623 -1
627 1297 -1
600 1297 -1
626 1297 -1
623 1297 -1
1352 1388 -1
1352 1378 -1
1352 1381 -1
1352 1383 -1
1352 1396 -1
1352 1431 -1
1352 1368 -1
1352 1371 -1
1352 1405 -1
772 1011 -1
729 1011 -1
762 1011 -1
772 1057 -1
772 1027 -1
772 1075 -1
772 1074 -1
772 1059 -1
772 1012 -1
772 1047 -1
772 1021 -1
772 1022 -1
1022 1403 -1
1057 1403 -1
1059 1403 -1
1075 1403 -1
1074 1403 -1
1027 1403 -1
1012 1403 -1
1047 1403 -1
1021 1403 -1
1011 1403 -1
1022 1402 -1
710 1403 -1
710 1402 -1
624 1322 -1
624 1360 -1
624 1364 -1
624 1357 -1
223 1360 -1
223 1322 -1
223 1364 -1
223 1357 -1
360 712 -1
360 695 -1
790 1167 -1
776 1167 -1
790 1169 -1
790 1218 -1
790 1171 -1
790 1215 -1
790 1175 -1
