13 71 1
32 68 1
24 40 1
0 51 1
2 36 1
43 64 1
43 52 1
52 64 1
24 52 1
40 52 1
24 64 1
24 43 1
19 70 1
11 38 1
1 46 1
55 56 1
9 39 1
54 57 1
13 41 1
41 71 1
27 29 1
40 53 1
24 53 1
52 53 1
0 14 1
14 51 1
18 18 1
125 137 1
73 116 1
129 134 1
77 122 1
94 116 1
73 94 1
97 106 1
75 92 1
94 119 1
73 119 1
116 119 1
97 99 1
99 106 1
76 128 1
80 114 1
122 130 1
77 130 1
104 142 1
73 113 1
113 116 1
94 113 1
113 119 1
91 98 1
101 125 1
101 137 1
83 109 1
75 93 1
92 93 1
161 214 1
167 210 1
167 200 1
200 210 1
156 176 1
153 196 1
174 191 1
167 178 1
178 200 1
178 210 1
186 200 1
186 210 1
178 186 1
167 186 1
204 209 1
148 209 1
148 204 1
176 198 1
156 198 1
181 208 1
168 179 1
168 186 1
179 186 1
167 168 1
168 200 1
168 178 1
168 210 1
223 275 1
216 233 1
246 258 1
220 278 1
223 273 1
273 275 1
254 278 1
220 254 1
275 278 1
273 278 1
223 278 1
220 275 1
254 275 1
272 283 1
229 237 1
226 233 1
216 226 1
233 268 1
216 268 1
226 268 1
248 249 1
249 273 1
248 273 1
249 275 1
249 278 1
223 249 1
226 286 1
216 286 1
233 286 1
268 286 1
322 344 1
322 347 1
344 347 1
293 355 1
292 349 1
324 326 1
313 323 1
299 307 1
302 342 1
327 345 1
316 335 1
310 347 1
310 344 1
310 322 1
306 343 1
332 359 1
322 356 1
344 356 1
347 356 1
310 356 1
312 314 1
307 340 1
299 340 1
292 330 1
330 349 1
292 324 1
324 330 1
324 349 1
292 326 1
398 431 1
389 393 1
361 388 1
374 382 1
366 424 1
382 393 1
374 393 1
382 389 1
384 399 1
383 401 1
361 378 1
378 388 1
383 422 1
401 422 1
372 424 1
366 372 1
370 415 1
364 369 1
362 409 1
364 398 1
369 398 1
364 431 1
378 391 1
361 391 1
388 391 1
377 383 1
377 401 1
377 422 1
439 453 1
434 450 1
450 473 1
434 473 1
487 489 1
461 484 1
458 480 1
441 459 1
464 467 1
462 473 1
450 462 1
434 462 1
449 459 1
441 449 1
490 496 1
447 491 1
464 477 1
467 477 1
486 500 1
471 498 1
451 458 1
451 480 1
458 485 1
480 485 1
451 485 1
473 492 1
450 492 1
434 492 1
462 492 1
519 544 1
529 541 1
508 515 1
515 525 1
508 525 1
513 564 1
504 554 1
526 575 1
507 566 1
504 533 1
533 554 1
506 551 1
514 570 1
565 575 1
526 565 1
558 567 1
511 553 1
562 573 1
556 571 1
507 569 1
566 569 1
517 562 1
517 573 1
513 563 1
563 564 1
517 520 1
520 562 1
520 573 1
585 628 1
576 576 1
594 609 1
614 639 1
597 627 1
587 640 1
576 591 1
580 628 1
580 585 1
612 627 1
597 612 1
593 635 1
619 624 1
610 621 1
609 624 1
594 624 1
609 619 1
577 589 1
584 607 1
613 614 1
613 639 1
591 608 1
576 608 1
634 640 1
587 634 1
615 623 1
627 638 1
612 638 1
597 638 1
669 674 1
675 677 1
651 664 1
657 700 1
673 696 1
661 680 1
659 718 1
652 696 1
652 673 1
649 686 1
706 710 1
709 718 1
659 709 1
680 690 1
661 690 1
694 696 1
673 694 1
652 694 1
701 709 1
659 701 1
701 718 1
704 719 1
652 719 1
696 719 1
673 719 1
694 719 1
652 704 1
743 785 1
742 779 1
729 740 1
725 743 1
725 785 1
755 773 1
771 775 1
754 774 1
721 787 1
738 754 1
738 774 1
762 781 1
739 790 1
740 740 1
743 782 1
782 785 1
725 782 1
734 790 1
734 739 1
761 786 1
730 736 1
760 782 1
760 785 1
725 760 1
743 760 1
740 757 1
729 757 1
821 850 1
820 860 1
813 854 1
831 858 1
799 808 1
805 844 1
796 822 1
807 858 1
807 831 1
824 837 1
816 854 1
813 816 1
831 847 1
847 858 1
807 847 1
830 836 1
797 799 1
797 808 1
830 837 1
836 837 1
824 830 1
797 849 1
808 849 1
799 849 1
801 803 1
810 824 1
810 837 1
810 830 1
880 902 1
907 935 1
933 934 1
899 911 1
913 929 1
889 907 1
889 935 1
897 930 1
923 935 1
889 923 1
907 923 1
890 926 1
926 930 1
890 930 1
897 926 1
916 921 1
872 933 1
872 934 1
896 906 1
902 933 1
880 933 1
872 902 1
902 934 1
878 912 1
910 928 1
902 907 1
880 907 1
872 907 1
907 933 1
907 934 1
902 935 1
889 902 1
902 923 1
953 993 1
996 1002 1
980 998 1
961 974 1
945 970 1
943 963 1
950 978 1
943 948 1
948 963 1
978 1006 1
950 1006 1
960 1001 1
941 956 1
940 969 1
988 1001 1
960 988 1
950 995 1
978 995 1
995 1006 1
939 988 1
939 960 1
939 1001 1
985 1001 1
960 985 1
939 985 1
985 988 1
957 1007 1
1035 1073 1
1052 1061 1
1045 1050 1
1023 1044 1
1012 1043 1
1040 1053 1
1011 1017 1
1025 1041 1
1032 1033 1
1051 1065 1
1008 1068 1
1020 1040 1
1020 1053 1
1061 1069 1
1052 1069 1
1063 1073 1
1035 1063 1
1027 1045 1
1027 1050 1
1017 1078 1
1011 1078 1
1064 1078 1
1017 1064 1
1011 1064 1
1033 1058 1
1032 1058 1
1036 1076 1
1120 1122 1
1122 1151 1
1120 1151 1
1081 1141 1
1119 1150 1
1093 1118 1
1104 1121 1
1085 1085 1
1107 1108 1
1090 1103 1
1135 1149 1
1128 1150 1
1119 1128 1
1082 1115 1
1124 1137 1
1109 1133 1
1081 1123 1
1123 1141 1
1137 1144 1
1124 1144 1
1141 1146 1
1081 1146 1
1123 1146 1
1126 1126 1
1084 1120 1
1084 1122 1
1084 1151 1
1171 1208 1
1189 1214 1
1194 1202 1
1156 1159 1
1191 1206 1
1189 1206 1
1206 1214 1
1189 1191 1
1202 1221 1
1194 1221 1
1195 1222 1
1161 1163 1
1204 1209 1
1166 1182 1
1167 1179 1
1165 1212 1
1204 1215 1
1209 1215 1
1191 1204 1
1189 1204 1
1204 1206 1
1191 1209 1
1191 1215 1
1172 1197 1
1167 1222 1
1179 1222 1
1167 1195 1
1266 1282 1
1231 1284 1
1287 1294 1
1227 1248 1
1259 1285 1
1237 1281 1
1263 1275 1
1248 1267 1
1227 1267 1
1286 1295 1
1270 1275 1
1263 1270 1
1241 1273 1
1240 1274 1
1235 1237 1
1235 1281 1
1271 1274 1
1240 1271 1
1238 1257 1
1245 1253 1
1229 1256 1
1279 1293 1
1235 1242 1
1242 1281 1
1237 1242 1
1249 1271 1
1240 1249 1
1249 1274 1
1329 1365 1
1325 1359 1
1302 1305 1
1296 1353 1
1297 1316 1
1320 1358 1
1299 1364 1
1327 1353 1
1296 1327 1
1298 1362 1
1310 1324 1
1309 1337 1
1317 1331 1
1297 1313 1
1313 1316 1
1343 1361 1
1326 1353 1
1296 1326 1
1326 1327 1
1299 1362 1
1362 1364 1
1298 1299 1
1317 1321 1
1321 1331 1
1351 1357 1
1313 1357 1
1297 1357 1
1316 1357 1
1313 1351 1
1390 1402 1
1393 1405 1
1404 1406 1
1371 1404 1
1371 1406 1
1402 1410 1
1390 1410 1
1404 1409 1
1371 1409 1
1406 1409 1
1394 1422 1
1381 1417 1
1422 1434 1
1394 1434 1
1408 1410 1
1402 1408 1
1390 1408 1
1371 1403 1
1403 1409 1
1403 1404 1
1403 1406 1
1380 1401 1
1373 1374 1
1414 1426 1
1387 1414 1
1387 1426 1
1385 1416 1
499 1081 1
1081 1081 1
499 1146 1
499 1123 1
499 1141 1
499 499 1
382 957 1
393 957 1
389 957 1
374 957 1
957 957 1
382 1007 1
382 382 1
476 1130 1
1130 1130 1
476 476 1
376 1259 1
1259 1259 1
376 376 1
376 1285 1
336 1257 1
1257 1257 1
336 336 1
336 1238 1
812 1405 1
1405 1405 1
812 1393 1
812 812 1
114 453 1
80 453 1
453 453 1
114 114 1
114 439 1
344 963 1
322 963 1
347 963 1
356 963 1
310 963 1
963 963 1
344 943 1
344 948 1
344 344 1
248 556 1
249 556 1
556 556 1
273 556 1
248 248 1
248 571 1
66 1294 1
1294 1294 1
66 66 1
66 1287 1
183 1080 1
1080 1080 1
183 183 1
1 776 1
776 776 1
46 776 1
1 1 1
327 1306 1
345 1306 1
1306 1306 1
327 327 1
77 1092 1
122 1092 1
1092 1092 1
130 1092 1
77 77 1
361 449 1
449 449 1
378 449 1
388 449 1
391 449 1
361 361 1
361 459 1
361 441 1
1247 1343 1
1343 1343 1
1247 1361 1
1247 1247 1
136 241 1
241 241 1
136 136 1
90 580 1
580 580 1
90 585 1
90 90 1
90 628 1
154 541 1
541 541 1
154 529 1
154 154 1
1032 1267 1
1033 1267 1
1058 1267 1
1267 1267 1
1032 1248 1
1032 1032 1
1032 1227 1
894 1433 1
1433 1433 1
894 894 1
200 1089 1
1089 1089 1
167 1089 1
168 1089 1
178 1089 1
210 1089 1
186 1089 1
200 200 1
616 673 1
673 673 1
616 616 1
616 652 1
616 719 1
616 694 1
616 696 1
423 1167 1
1167 1167 1
423 1179 1
423 1195 1
423 1222 1
423 423 1
196 423 1
153 423 1
196 196 1
196 1222 1
196 1195 1
196 1167 1
196 1179 1
406 1031 1
1031 1031 1
406 406 1
71 1247 1
41 1247 1
13 1247 1
71 71 1
71 1361 1
71 1343 1
324 1435 1
330 1435 1
1435 1435 1
292 1435 1
349 1435 1
326 1435 1
324 324 1
458 1026 1
480 1026 1
1026 1026 1
451 1026 1
485 1026 1
458 458 1
287 986 1
986 986 1
287 287 1
352 1047 1
1047 1047 1
352 352 1
145 1150 1
1150 1150 1
145 1128 1
145 145 1
145 1119 1
400 1398 1
1398 1398 1
400 400 1
405 1272 1
1272 1272 1
405 405 1
643 739 1
739 739 1
643 643 1
643 734 1
643 790 1
82 735 1
735 735 1
82 82 1
136 201 1
201 241 1
201 201 1
225 1163 1
1163 1163 1
225 1161 1
225 225 1
29 1172 1
27 1172 1
1172 1172 1
29 1197 1
29 29 1
49 579 1
579 579 1
49 49 1
398 1017 1
369 1017 1
1017 1017 1
364 1017 1
431 1017 1
398 1064 1
398 398 1
398 1011 1
398 1078 1
1128 1394 1
145 1394 1
1394 1394 1
1150 1394 1
1119 1394 1
1128 1128 1
1128 1422 1
1128 1434 1
532 1230 1
1230 1230 1
532 532 1
689 1334 1
1334 1334 1
689 689 1
73 344 1
113 344 1
116 344 1
94 344 1
119 344 1
73 322 1
73 963 1
73 356 1
73 73 1
73 943 1
73 948 1
73 310 1
73 347 1
274 381 1
381 381 1
274 274 1
725 1026 1
760 1026 1
785 1026 1
782 1026 1
743 1026 1
480 725 1
451 725 1
485 725 1
458 725 1
725 725 1
552 752 1
752 752 1
552 552 1
849 1244 1
808 1244 1
1244 1244 1
797 1244 1
799 1244 1
849 849 1
19 996 1
996 996 1
70 996 1
19 1002 1
19 19 1
429 593 1
593 593 1
429 635 1
429 429 1
720 1064 1
1064 1064 1
398 720 1
720 720 1
720 1011 1
720 1078 1
720 1017 1
126 1227 1
1227 1227 1
126 1248 1
126 1032 1
126 1267 1
126 126 1
602 1085 1
602 602 1
37 812 1
37 1393 1
37 1405 1
37 37 1
428 1052 1
1052 1052 1
428 428 1
428 1061 1
428 1069 1
454 1129 1
1129 1129 1
454 454 1
62 91 1
91 91 1
62 98 1
62 62 1
153 243 1
243 243 1
196 243 1
243 423 1
153 153 1
25 1349 1
1349 1349 1
25 25 1
248 939 1
939 939 1
556 939 1
273 939 1
249 939 1
571 939 1
248 960 1
248 1001 1
248 985 1
248 988 1
697 1055 1
1055 1055 1
697 697 1
641 1294 1
641 641 1
66 641 1
641 1287 1
155 684 1
684 684 1
155 155 1
36 782 1
2 782 1
782 782 1
36 1026 1
36 36 1
36 743 1
36 785 1
36 725 1
36 760 1
153 1139 1
243 1139 1
196 1139 1
1139 1139 1
423 1139 1
514 740 -1
570 740 -1
514 729 -1
514 757 -1
1 601 -1
46 601 -1
665 1081 -1
665 1146 -1
665 1123 -1
665 1141 -1
307 1334 -1
299 1334 -1
340 1334 -1
152 1299 -1
152 1362 -1
152 1364 -1
152 1298 -1
616 1391 -1
70 1349 -1
19 1349 -1
518 1400 -1
556 855 -1
571 855 -1
462 837 -1
473 837 -1
450 837 -1
492 837 -1
434 837 -1
462 824 -1
462 810 -1
462 836 -1
462 830 -1
97 903 -1
106 903 -1
99 903 -1
676 1247 -1
343 1332 -1
306 1332 -1
633 989 -1
385 956 -1
385 941 -1
489 791 -1
487 791 -1
465 1193 -1
9 931 -1
39 931 -1
23 987 -1
319 576 -1
319 608 -1
319 591 -1
118 1173 -1
522 1036 -1
522 1076 -1
804 902 -1
804 933 -1
804 934 -1
804 935 -1
804 872 -1
804 907 -1
804 880 -1
804 889 -1
804 923 -1
333 1430 -1
24 904 -1
40 904 -1
64 904 -1
43 904 -1
52 904 -1
53 904 -1
713 920 -1
4 252 -1
231 472 -1
856 915 -1
686 1347 -1
649 1347 -1
225 1096 -1
1118 1203 -1
1093 1203 -1
282 539 -1
334 817 -1
1049 1328 -1
511 1301 -1
553 1301 -1
227 767 -1
69 379 -1
649 1325 -1
686 1325 -1
649 1359 -1
144 1427 -1
23 873 -1
420 657 -1
420 700 -1
69 1111 -1
130 1181 -1
122 1181 -1
77 1181 -1
749 972 -1
92 943 -1
75 943 -1
93 943 -1
92 963 -1
92 948 -1
148 1360 -1
209 1360 -1
204 1360 -1
27 1138 -1
29 1138 -1
174 638 -1
191 638 -1
174 627 -1
174 612 -1
174 597 -1
311 1272 -1
933 1383 -1
872 1383 -1
880 1383 -1
907 1383 -1
902 1383 -1
934 1383 -1
233 1310 -1
216 1310 -1
226 1310 -1
268 1310 -1
286 1310 -1
233 1324 -1
228 982 -1
53 381 -1
40 381 -1
24 381 -1
52 381 -1
264 339 -1
56 400 -1
55 400 -1
591 729 -1
576 729 -1
608 729 -1
591 740 -1
591 757 -1
889 1163 -1
907 1163 -1
923 1163 -1
902 1163 -1
935 1163 -1
889 1161 -1
315 1341 -1
181 320 -1
208 320 -1
775 1225 -1
771 1225 -1
198 1285 -1
176 1285 -1
156 1285 -1
198 1259 -1
762 1377 -1
781 1377 -1
722 887 -1
528 678 -1
543 1180 -1
320 587 -1
320 640 -1
320 634 -1
431 1161 -1
364 1161 -1
398 1161 -1
431 1163 -1
419 1360 -1
116 666 -1
73 666 -1
113 666 -1
94 666 -1
119 666 -1
1108 1412 -1
1107 1412 -1
65 802 -1
537 1224 -1
649 965 -1
686 965 -1
909 1243 -1
877 1164 -1
944 1010 -1
263 668 -1
146 1297 -1
146 1313 -1
146 1316 -1
146 1357 -1
1119 1244 -1
1128 1244 -1
1150 1244 -1
769 1151 -1
769 1120 -1
769 1122 -1
769 1084 -1
817 1253 -1
817 1245 -1
92 811 -1
75 811 -1
93 811 -1
585 974 -1
580 974 -1
628 974 -1
585 961 -1
479 1379 -1
1136 1366 -1
482 1424 -1
883 1363 -1
919 1167 -1
919 1179 -1
919 1195 -1
919 1222 -1
67 1352 -1
670 1263 -1
670 1275 -1
670 1270 -1
404 852 -1
915 1211 -1
197 860 -1
197 820 -1
871 1312 -1
420 897 -1
420 930 -1
420 926 -1
49 1394 -1
49 1434 -1
49 1422 -1
99 297 -1
97 297 -1
106 297 -1
610 894 -1
621 894 -1
681 1055 -1
406 1164 -1
721 887 -1
787 887 -1
182 259 -1
137 1198 -1
125 1198 -1
101 1198 -1
656 1127 -1
745 1288 -1
421 922 -1
717 1333 -1
1023 1337 -1
1044 1337 -1
1023 1309 -1
486 1199 -1
500 1199 -1
571 1022 -1
556 1022 -1
788 857 -1
574 1077 -1
340 1019 -1
299 1019 -1
307 1019 -1
25 817 -1
1069 1083 -1
1052 1083 -1
1061 1083 -1
750 916 -1
750 921 -1
12 1134 -1
321 1108 -1
321 1107 -1
764 1283 -1
924 991 -1
139 981 -1
195 453 -1
195 439 -1
550 825 -1
44 1160 -1
767 927 -1
861 948 -1
861 963 -1
861 943 -1
209 351 -1
148 351 -1
204 351 -1
49 883 -1
936 1009 -1
47 182 -1
1072 1321 -1
1072 1331 -1
1072 1317 -1
1118 1215 -1
1093 1215 -1
1118 1209 -1
1118 1204 -1
1118 1191 -1
363 1069 -1
363 1052 -1
363 1061 -1
894 1350 -1
591 1375 -1
576 1375 -1
608 1375 -1
233 704 -1
216 704 -1
226 704 -1
268 704 -1
286 704 -1
233 652 -1
233 719 -1
1295 1306 -1
1286 1306 -1
1078 1426 -1
1064 1426 -1
1017 1426 -1
1011 1426 -1
1078 1387 -1
1078 1414 -1
126 270 -1
121 1209 -1
121 1191 -1
121 1204 -1
121 1215 -1
779 973 -1
742 973 -1
809 1128 -1
809 1150 -1
809 1119 -1
1022 1223 -1
69 1413 -1
553 897 -1
511 897 -1
553 930 -1
553 926 -1
172 753 -1
801 941 -1
803 941 -1
801 956 -1
23 74 -1
322 713 -1
344 713 -1
347 713 -1
356 713 -1
310 713 -1
92 1392 -1
75 1392 -1
93 1392 -1
529 1145 -1
541 1145 -1
54 388 -1
57 388 -1
54 361 -1
54 378 -1
54 391 -1
74 514 -1
74 570 -1
498 645 -1
471 645 -1
86 245 -1
328 1372 -1
379 747 -1
971 1280 -1
134 1374 -1
129 1374 -1
134 1373 -1
348 783 -1
1007 1347 -1
957 1347 -1
1199 1349 -1
386 752 -1
406 1362 -1
406 1298 -1
406 1299 -1
406 1364 -1
189 1188 -1
58 580 -1
58 585 -1
58 628 -1
58 1079 -1
205 415 -1
205 370 -1
359 388 -1
332 388 -1
359 361 -1
359 378 -1
359 391 -1
89 885 -1
188 341 -1
267 680 -1
267 690 -1
267 661 -1
617 934 -1
617 872 -1
617 907 -1
617 933 -1
617 902 -1
64 1072 -1
24 1072 -1
43 1072 -1
52 1072 -1
466 641 -1
255 901 -1
1175 1371 -1
1175 1409 -1
1175 1403 -1
1175 1404 -1
1175 1406 -1
59 503 -1
305 874 -1
591 884 -1
576 884 -1
608 884 -1
414 680 -1
414 690 -1
414 661 -1
920 1256 -1
920 1229 -1
203 1288 -1
1067 1278 -1
455 1428 -1
132 380 -1
127 302 -1
127 342 -1
103 1081 -1
103 1146 -1
103 1123 -1
103 1141 -1
1082 1218 -1
1115 1218 -1
325 1093 -1
325 1118 -1
880 1214 -1
907 1214 -1
933 1214 -1
902 1214 -1
880 1189 -1
880 1206 -1
356 814 -1
344 814 -1
322 814 -1
347 814 -1
310 814 -1
951 1357 -1
951 1313 -1
951 1297 -1
951 1316 -1
951 1351 -1
19 1397 -1
70 1397 -1
785 960 -1
760 960 -1
725 960 -1
782 960 -1
743 960 -1
785 1001 -1
785 939 -1
785 988 -1
785 985 -1
1005 1439 -1
659 903 -1
709 903 -1
718 903 -1
701 903 -1
754 1433 -1
738 1433 -1
774 1433 -1
663 783 -1
419 473 -1
419 450 -1
419 492 -1
419 434 -1
419 462 -1
712 1000 -1
481 718 -1
481 659 -1
481 709 -1
481 701 -1
248 584 -1
249 584 -1
273 584 -1
248 607 -1
135 289 -1
687 749 -1
404 1425 -1
306 933 -1
343 933 -1
306 872 -1
306 880 -1
306 907 -1
306 902 -1
306 934 -1
562 877 -1
520 877 -1
573 877 -1
517 877 -1
878 954 -1
912 954 -1
884 1102 -1
650 1243 -1
789 1373 -1
789 1374 -1
416 640 -1
416 634 -1
416 587 -1
1149 1165 -1
1135 1165 -1
1149 1212 -1
75 1222 -1
92 1222 -1
93 1222 -1
75 1195 -1
75 1179 -1
75 1167 -1
487 624 -1
489 624 -1
487 609 -1
487 594 -1
487 619 -1
637 876 -1
55 1318 -1
56 1318 -1
447 1011 -1
491 1011 -1
447 1064 -1
447 1017 -1
447 1078 -1
531 695 -1
485 746 -1
480 746 -1
458 746 -1
451 746 -1
1108 1335 -1
1107 1335 -1
346 889 -1
346 907 -1
346 923 -1
346 902 -1
346 935 -1
501 1110 -1
326 899 -1
292 899 -1
324 899 -1
326 911 -1
18 1099 -1
1124 1255 -1
1144 1255 -1
1137 1255 -1
646 1388 -1
924 1067 -1
517 1108 -1
520 1108 -1
562 1108 -1
573 1108 -1
517 1107 -1
455 525 -1
455 515 -1
455 508 -1
103 107 -1
1385 1423 -1
1416 1423 -1
508 529 -1
515 529 -1
525 529 -1
154 508 -1
508 541 -1
408 424 -1
372 408 -1
366 408 -1
1314 1332 -1
1082 1106 -1
1106 1115 -1
