0 1346 -1
0 1347 -1
0 75 -1
1 1347 -1
1 1346 -1
1 75 -1
2 1347 -1
2 75 -1
2 1346 -1
3 1347 -1
8 1348 -1
9 1349 -1
10 1349 -1
12 501 -1
13 501 -1
13 500 -1
14 501 -1
14 474 -1
14 475 -1
15 474 -1
15 475 -1
15 473 -1
15 476 -1
15 472 -1
16 474 -1
16 475 -1
16 473 -1
16 476 -1
16 472 -1
16 477 -1
16 471 -1
17 474 -1
17 473 -1
17 475 -1
17 472 -1
17 476 -1
17 471 -1
18 474 -1
18 473 -1
18 475 -1
18 472 -1
18 471 -1
18 476 -1
18 470 -1
19 473 -1
19 474 -1
19 472 -1
19 475 -1
19 471 -1
19 470 -1
20 473 -1
20 474 -1
20 472 -1
20 471 -1
20 470 -1
20 475 -1
21 471 -1
21 473 -1
21 472 -1
21 470 -1
21 474 -1
22 471 -1
22 470 -1
22 1351 -1
23 1351 -1
24 1351 -1
25 1351 -1
26 1351 -1
27 1351 -1
27 1350 -1
28 1351 -1
34 1352 -1
35 1352 -1
35 1353 -1
36 1352 -1
36 1353 -1
36 1316 -1
37 1352 -1
37 1353 -1
37 1316 -1
37 1315 -1
38 1352 -1
38 1353 -1
38 1316 -1
39 1352 -1
39 1353 -1
39 1316 -1
40 1352 -1
41 1352 -1
42 1352 -1
47 1004 -1
48 1004 -1
48 1005 -1
48 1003 -1
48 968 -1
49 1004 -1
49 1005 -1
49 1003 -1
49 968 -1
50 1004 -1
50 1003 -1
50 1005 -1
50 968 -1
50 967 -1
51 1004 -1
51 1003 -1
51 968 -1
51 967 -1
52 1003 -1
52 975 -1
52 967 -1
52 994 -1
53 975 -1
53 976 -1
53 967 -1
54 976 -1
54 967 -1
55 994 -1
55 975 -1
56 1314 -1
56 994 -1
57 1349 -1
58 1314 -1
59 1314 -1
60 1314 -1
66 497 -1
66 1347 -1
67 1347 -1
67 497 -1
67 1346 -1
68 1347 -1
68 1346 -1
68 497 -1
69 1347 -1
69 1346 -1
69 497 -1
70 1347 -1
70 1346 -1
70 497 -1
71 1346 -1
71 1347 -1
71 75 -1
71 74 -1
72 1310 -1
72 497 -1
72 1311 -1
73 497 -1
73 498 -1
73 1311 -1
74 497 -1
74 498 -1
3 75 -1
4 76 -1
3 76 -1
4 77 -1
78 498 -1
79 499 -1
79 498 -1
79 497 -1
79 500 -1
79 495 -1
79 496 -1
80 499 -1
80 500 -1
80 498 -1
80 497 -1
80 501 -1
80 495 -1
80 496 -1
81 500 -1
81 499 -1
81 501 -1
81 498 -1
81 497 -1
81 485 -1
81 502 -1
81 496 -1
81 495 -1
82 501 -1
82 500 -1
82 499 -1
82 502 -1
82 485 -1
82 498 -1
82 497 -1
82 487 -1
82 484 -1
82 486 -1
83 501 -1
83 500 -1
83 502 -1
83 485 -1
83 499 -1
83 486 -1
83 487 -1
83 484 -1
83 498 -1
83 488 -1
83 503 -1
84 501 -1
84 502 -1
84 485 -1
84 500 -1
84 486 -1
84 503 -1
84 487 -1
84 484 -1
84 488 -1
84 483 -1
84 499 -1
84 432 -1
85 502 -1
85 432 -1
85 503 -1
85 433 -1
85 486 -1
85 501 -1
85 485 -1
85 434 -1
85 487 -1
85 484 -1
85 483 -1
85 500 -1
85 488 -1
86 552 -1
86 554 -1
86 553 -1
86 555 -1
86 551 -1
86 556 -1
86 557 -1
86 434 -1
86 433 -1
86 550 -1
86 1129 -1
86 1130 -1
86 1128 -1
86 1126 -1
87 556 -1
87 555 -1
87 554 -1
87 557 -1
87 553 -1
87 558 -1
87 552 -1
87 559 -1
87 551 -1
87 560 -1
87 1130 -1
87 1129 -1
87 1128 -1
87 1126 -1
87 1127 -1
88 557 -1
88 556 -1
88 558 -1
88 555 -1
88 559 -1
88 560 -1
88 554 -1
88 520 -1
88 519 -1
88 521 -1
88 518 -1
88 522 -1
88 561 -1
88 517 -1
88 553 -1
89 557 -1
89 558 -1
89 520 -1
89 521 -1
89 559 -1
89 556 -1
89 522 -1
89 519 -1
89 560 -1
89 555 -1
89 518 -1
89 523 -1
89 561 -1
89 554 -1
89 517 -1
89 524 -1
90 520 -1
90 522 -1
90 521 -1
90 519 -1
90 557 -1
90 558 -1
90 518 -1
90 559 -1
90 523 -1
90 556 -1
90 560 -1
90 555 -1
90 517 -1
90 524 -1
90 561 -1
91 522 -1
91 521 -1
91 523 -1
91 520 -1
91 524 -1
91 519 -1
91 560 -1
91 559 -1
91 518 -1
91 558 -1
91 525 -1
91 561 -1
91 557 -1
91 1091 -1
91 1092 -1
92 523 -1
92 522 -1
92 524 -1
92 521 -1
92 525 -1
92 520 -1
92 526 -1
92 1092 -1
92 1091 -1
92 519 -1
92 1096 -1
92 1090 -1
92 1097 -1
92 1093 -1
92 1089 -1
93 448 -1
93 447 -1
93 449 -1
93 446 -1
93 524 -1
93 526 -1
93 525 -1
93 445 -1
93 450 -1
93 523 -1
93 527 -1
93 1096 -1
93 1092 -1
94 449 -1
94 450 -1
94 448 -1
94 451 -1
94 447 -1
94 452 -1
94 446 -1
94 453 -1
94 465 -1
94 464 -1
94 466 -1
94 467 -1
94 445 -1
95 451 -1
95 450 -1
95 452 -1
95 449 -1
95 448 -1
95 453 -1
95 447 -1
95 454 -1
95 464 -1
95 465 -1
95 463 -1
95 466 -1
96 451 -1
96 452 -1
96 450 -1
96 453 -1
96 454 -1
96 449 -1
96 448 -1
96 455 -1
96 464 -1
96 465 -1
97 452 -1
97 453 -1
97 451 -1
97 450 -1
97 454 -1
97 455 -1
97 449 -1
97 456 -1
98 453 -1
98 452 -1
98 454 -1
98 451 -1
98 455 -1
98 450 -1
99 453 -1
99 454 -1
99 452 -1
99 455 -1
99 342 -1
99 451 -1
100 454 -1
104 1353 -1
105 1353 -1
105 456 -1
106 1353 -1
106 456 -1
106 457 -1
107 1353 -1
107 459 -1
107 457 -1
107 458 -1
108 459 -1
108 457 -1
108 458 -1
108 456 -1
108 1353 -1
109 459 -1
109 458 -1
109 460 -1
109 461 -1
109 457 -1
110 459 -1
110 460 -1
110 461 -1
110 458 -1
111 459 -1
111 461 -1
111 460 -1
111 458 -1
111 1354 -1
112 461 -1
112 459 -1
112 460 -1
37 113 -1
113 461 -1
113 459 -1
37 114 -1
36 114 -1
37 115 -1
117 1065 -1
117 1066 -1
117 1061 -1
117 1059 -1
118 1059 -1
118 1061 -1
118 1060 -1
118 1056 -1
118 1058 -1
118 1066 -1
118 1057 -1
118 1065 -1
118 1055 -1
118 1054 -1
118 1064 -1
119 1059 -1
119 1056 -1
119 1060 -1
119 1058 -1
119 1057 -1
119 1061 -1
119 1055 -1
119 1054 -1
119 1066 -1
119 1065 -1
119 1053 -1
120 463 -1
120 465 -1
120 464 -1
120 462 -1
120 1059 -1
120 1056 -1
120 461 -1
120 1057 -1
120 1055 -1
120 1058 -1
120 1060 -1
120 1054 -1
120 1061 -1
121 465 -1
121 464 -1
121 839 -1
121 834 -1
121 840 -1
121 463 -1
121 835 -1
121 837 -1
121 831 -1
121 466 -1
121 845 -1
121 841 -1
121 836 -1
121 832 -1
122 839 -1
122 840 -1
122 834 -1
122 835 -1
122 831 -1
122 447 -1
122 845 -1
122 832 -1
122 837 -1
122 829 -1
122 836 -1
122 838 -1
122 841 -1
122 842 -1
122 446 -1
123 569 -1
123 570 -1
123 571 -1
123 572 -1
123 568 -1
123 514 -1
123 515 -1
123 549 -1
123 550 -1
123 770 -1
123 573 -1
123 548 -1
123 567 -1
123 512 -1
123 513 -1
124 572 -1
124 571 -1
124 570 -1
124 569 -1
124 573 -1
124 515 -1
124 514 -1
124 568 -1
124 536 -1
124 535 -1
124 516 -1
124 550 -1
124 567 -1
124 513 -1
124 549 -1
124 537 -1
125 574 -1
125 573 -1
125 538 -1
125 537 -1
125 539 -1
125 515 -1
125 572 -1
125 516 -1
125 571 -1
125 514 -1
125 570 -1
125 540 -1
125 575 -1
125 569 -1
125 551 -1
125 552 -1
125 536 -1
126 574 -1
126 573 -1
126 538 -1
126 571 -1
126 575 -1
126 572 -1
126 537 -1
126 539 -1
126 570 -1
126 569 -1
126 540 -1
126 515 -1
126 514 -1
126 568 -1
126 504 -1
126 567 -1
127 566 -1
127 567 -1
127 568 -1
127 570 -1
127 569 -1
127 574 -1
127 565 -1
127 571 -1
127 575 -1
127 257 -1
127 544 -1
127 513 -1
127 256 -1
127 510 -1
127 545 -1
127 507 -1
128 485 -1
128 484 -1
128 486 -1
128 483 -1
128 778 -1
128 487 -1
128 779 -1
128 566 -1
128 228 -1
128 482 -1
128 235 -1
128 227 -1
128 567 -1
128 229 -1
129 485 -1
129 487 -1
129 488 -1
129 486 -1
129 489 -1
129 484 -1
129 490 -1
129 483 -1
129 491 -1
129 492 -1
129 482 -1
129 493 -1
129 780 -1
129 494 -1
130 488 -1
130 489 -1
130 490 -1
130 491 -1
130 487 -1
130 485 -1
130 492 -1
130 493 -1
130 486 -1
130 494 -1
130 484 -1
130 495 -1
130 483 -1
131 491 -1
131 490 -1
131 492 -1
131 493 -1
131 489 -1
131 488 -1
131 494 -1
131 487 -1
131 485 -1
131 495 -1
131 1079 -1
132 491 -1
132 493 -1
132 492 -1
132 494 -1
132 490 -1
132 489 -1
132 495 -1
132 1074 -1
132 1079 -1
132 1021 -1
133 493 -1
133 492 -1
133 491 -1
133 494 -1
133 495 -1
133 490 -1
133 489 -1
133 496 -1
134 493 -1
134 492 -1
134 494 -1
134 491 -1
136 493 -1
137 493 -1
138 1237 -1
138 1238 -1
139 1237 -1
139 1238 -1
139 1239 -1
140 1237 -1
140 1238 -1
140 1239 -1
141 1237 -1
141 1238 -1
141 1239 -1
142 1238 -1
142 1237 -1
142 1239 -1
142 462 -1
143 1310 -1
143 1238 -1
143 462 -1
143 1237 -1
144 1296 -1
144 1367 -1
144 1366 -1
144 1297 -1
144 1331 -1
144 1332 -1
144 1330 -1
144 1333 -1
144 396 -1
144 397 -1
144 360 -1
145 1297 -1
145 360 -1
145 1296 -1
145 1298 -1
145 1366 -1
145 1367 -1
145 1333 -1
145 397 -1
145 1335 -1
145 1334 -1
145 398 -1
146 1298 -1
146 1297 -1
146 1335 -1
146 1296 -1
146 1334 -1
146 1299 -1
146 1333 -1
146 362 -1
146 398 -1
146 360 -1
147 1298 -1
147 1335 -1
147 1299 -1
147 1300 -1
147 1297 -1
147 1336 -1
147 1334 -1
147 399 -1
147 362 -1
147 363 -1
148 1300 -1
148 1299 -1
148 1335 -1
148 1298 -1
148 1336 -1
148 363 -1
148 1301 -1
148 364 -1
148 362 -1
148 1297 -1
148 399 -1
149 1300 -1
149 1301 -1
149 1299 -1
149 1336 -1
149 364 -1
149 1335 -1
149 1302 -1
149 365 -1
149 1337 -1
149 1298 -1
149 363 -1
150 1301 -1
150 1300 -1
150 1302 -1
150 365 -1
150 1338 -1
150 1303 -1
150 1337 -1
150 1336 -1
150 364 -1
150 1299 -1
150 366 -1
150 1335 -1
151 1303 -1
151 1302 -1
151 1301 -1
151 1338 -1
151 1300 -1
151 1304 -1
151 366 -1
151 1339 -1
151 1337 -1
151 1336 -1
152 1303 -1
152 1304 -1
152 1302 -1
152 1339 -1
152 1340 -1
152 1338 -1
152 1301 -1
152 1305 -1
152 367 -1
152 1300 -1
152 1337 -1
153 1304 -1
153 1305 -1
153 1303 -1
153 1340 -1
153 1339 -1
153 1341 -1
153 1338 -1
153 1302 -1
153 1306 -1
153 368 -1
153 1337 -1
154 1306 -1
154 1305 -1
154 1341 -1
154 1340 -1
154 1304 -1
154 1342 -1
154 1339 -1
154 1303 -1
154 1338 -1
154 1307 -1
154 1337 -1
154 369 -1
155 1307 -1
155 1306 -1
155 1342 -1
155 1341 -1
155 1343 -1
155 1305 -1
155 1340 -1
155 1339 -1
155 1304 -1
155 1308 -1
155 1338 -1
155 1303 -1
156 1307 -1
156 1308 -1
156 1343 -1
156 1342 -1
156 1306 -1
156 1341 -1
156 1344 -1
156 1340 -1
156 1305 -1
156 1339 -1
156 1304 -1
157 1344 -1
157 1309 -1
157 1343 -1
157 1308 -1
157 1342 -1
157 1345 -1
157 1307 -1
157 1341 -1
157 1306 -1
157 333 -1
157 1340 -1
157 332 -1
158 1345 -1
158 1344 -1
158 1310 -1
158 1309 -1
158 1346 -1
158 1343 -1
158 1308 -1
158 335 -1
158 334 -1
158 333 -1
158 1342 -1
158 1307 -1
159 1346 -1
159 1347 -1
159 1345 -1
159 1311 -1
159 1310 -1
159 336 -1
159 335 -1
159 337 -1
159 1344 -1
159 1309 -1
159 334 -1
160 1347 -1
160 1348 -1
160 1312 -1
160 1313 -1
160 338 -1
160 337 -1
160 339 -1
160 1346 -1
160 1311 -1
160 1070 -1
160 965 -1
160 1074 -1
160 1077 -1
160 301 -1
161 1070 -1
161 1314 -1
161 1074 -1
161 1076 -1
161 1078 -1
161 1077 -1
161 1015 -1
161 1072 -1
161 1313 -1
161 1079 -1
161 1009 -1
161 1068 -1
161 1021 -1
161 1017 -1
161 1066 -1
161 1010 -1
162 1314 -1
162 1315 -1
162 462 -1
162 463 -1
162 1352 -1
162 340 -1
162 461 -1
162 460 -1
162 1070 -1
162 341 -1
162 1000 -1
162 459 -1
162 464 -1
162 1077 -1
162 1074 -1
163 1239 -1
163 1274 -1
163 1279 -1
163 1240 -1
163 1273 -1
163 1272 -1
163 1278 -1
163 1271 -1
163 1316 -1
163 460 -1
163 1241 -1
163 1277 -1
163 1270 -1
163 1276 -1
163 1243 -1
163 1275 -1
164 1353 -1
164 1354 -1
164 1317 -1
164 1316 -1
164 1318 -1
164 1355 -1
164 1319 -1
164 312 -1
164 311 -1
164 347 -1
164 346 -1
164 313 -1
165 1318 -1
165 1354 -1
165 1355 -1
165 1319 -1
165 1317 -1
165 1356 -1
165 1320 -1
165 1357 -1
165 1353 -1
165 313 -1
165 314 -1
166 1320 -1
166 1357 -1
166 1319 -1
166 1356 -1
166 1355 -1
166 1321 -1
166 1318 -1
166 1322 -1
166 1358 -1
167 1320 -1
167 1357 -1
167 1321 -1
167 1356 -1
167 1319 -1
167 1358 -1
167 1322 -1
167 1359 -1
167 1355 -1
167 1323 -1
168 1321 -1
168 1357 -1
168 1320 -1
168 1322 -1
168 1358 -1
168 1359 -1
168 1323 -1
168 1356 -1
168 1360 -1
168 1324 -1
169 1322 -1
169 1321 -1
169 1323 -1
169 1358 -1
169 1357 -1
169 1359 -1
169 1360 -1
169 1324 -1
169 1361 -1
169 1320 -1
170 1323 -1
170 1324 -1
170 1322 -1
170 1359 -1
170 1360 -1
170 1325 -1
170 1358 -1
170 1361 -1
170 1326 -1
171 1324 -1
171 1325 -1
171 1360 -1
171 1323 -1
171 1361 -1
171 1359 -1
171 1326 -1
171 1362 -1
171 1322 -1
171 1363 -1
172 1325 -1
172 1324 -1
172 1326 -1
172 1361 -1
172 1360 -1
172 1362 -1
172 1363 -1
172 390 -1
172 1327 -1
172 1323 -1
173 1326 -1
173 1362 -1
173 1325 -1
173 1361 -1
173 1363 -1
173 1324 -1
173 1327 -1
173 390 -1
173 391 -1
173 1328 -1
173 1360 -1
174 1326 -1
174 1327 -1
174 1363 -1
174 1362 -1
174 1328 -1
174 1325 -1
174 1329 -1
174 392 -1
174 1364 -1
174 391 -1
174 1361 -1
175 1328 -1
175 1329 -1
175 1363 -1
175 1327 -1
175 1364 -1
175 1330 -1
175 1326 -1
175 1365 -1
175 428 -1
176 1330 -1
176 1329 -1
176 1328 -1
176 1365 -1
176 1364 -1
176 429 -1
176 1366 -1
176 1363 -1
177 1330 -1
177 1329 -1
177 1366 -1
177 1365 -1
177 1331 -1
177 1328 -1
177 430 -1
177 1332 -1
178 1330 -1
178 1331 -1
178 1366 -1
178 1332 -1
178 1333 -1
178 1367 -1
178 1329 -1
178 1296 -1
178 1365 -1
179 1333 -1
179 1332 -1
179 1331 -1
179 1334 -1
179 1330 -1
179 1296 -1
179 1367 -1
179 1297 -1
179 1366 -1
179 396 -1
180 1333 -1
180 1334 -1
180 1332 -1
180 1297 -1
180 1296 -1
180 1331 -1
180 1367 -1
180 1335 -1
180 1330 -1
181 1334 -1
181 1333 -1
181 1335 -1
181 1297 -1
181 1332 -1
181 1298 -1
181 1296 -1
181 1299 -1
182 1335 -1
182 1334 -1
182 1298 -1
182 1336 -1
182 1299 -1
182 1333 -1
182 1297 -1
182 1300 -1
182 399 -1
183 1335 -1
183 1336 -1
183 1334 -1
183 1300 -1
183 1299 -1
183 1337 -1
183 1298 -1
183 1301 -1
184 1336 -1
184 1337 -1
184 1335 -1
184 1300 -1
184 1301 -1
184 1299 -1
184 1338 -1
184 1302 -1
185 1337 -1
185 1338 -1
185 1301 -1
185 1336 -1
185 1302 -1
185 1300 -1
185 402 -1
185 1335 -1
185 1303 -1
185 1339 -1
185 401 -1
186 1338 -1
186 1302 -1
186 1339 -1
186 1337 -1
186 1303 -1
186 1301 -1
186 1340 -1
186 402 -1
186 403 -1
186 1304 -1
186 1336 -1
187 1303 -1
187 1340 -1
187 1304 -1
187 1339 -1
187 1302 -1
187 1305 -1
187 1338 -1
187 1301 -1
187 1337 -1
187 403 -1
188 1340 -1
188 1304 -1
188 1305 -1
188 1341 -1
188 1303 -1
188 1339 -1
188 1302 -1
188 1306 -1
188 1342 -1
188 405 -1
189 1341 -1
189 1305 -1
189 1342 -1
189 1306 -1
189 1340 -1
189 1304 -1
189 405 -1
189 406 -1
189 369 -1
189 370 -1
189 1303 -1
189 1307 -1
190 1342 -1
190 1306 -1
190 1341 -1
190 1305 -1
190 1307 -1
190 1343 -1
190 371 -1
190 407 -1
190 406 -1
190 370 -1
190 1340 -1
190 1304 -1
191 1343 -1
191 1342 -1
191 1307 -1
191 1306 -1
191 407 -1
191 1308 -1
191 371 -1
191 372 -1
191 1344 -1
191 1341 -1
191 408 -1
191 1305 -1
191 406 -1
192 1308 -1
192 1344 -1
192 1307 -1
192 1343 -1
192 408 -1
192 372 -1
192 1309 -1
192 373 -1
192 1342 -1
192 407 -1
192 409 -1
192 1306 -1
192 371 -1
193 1309 -1
193 1345 -1
193 1308 -1
193 409 -1
193 373 -1
193 1344 -1
193 1310 -1
193 374 -1
193 410 -1
193 408 -1
193 372 -1
193 1307 -1
193 1343 -1
194 1310 -1
194 1346 -1
194 410 -1
194 1311 -1
194 1345 -1
194 1309 -1
194 374 -1
194 1347 -1
194 409 -1
194 411 -1
194 375 -1
194 373 -1
194 336 -1
194 337 -1
195 1347 -1
195 1311 -1
195 411 -1
195 375 -1
195 339 -1
195 1310 -1
195 1312 -1
195 338 -1
195 1346 -1
195 410 -1
195 412 -1
195 337 -1
195 376 -1
195 301 -1
195 1236 -1
196 1312 -1
196 1313 -1
196 1348 -1
196 1347 -1
196 339 -1
196 412 -1
196 376 -1
196 340 -1
196 304 -1
196 303 -1
196 1311 -1
196 411 -1
196 1314 -1
197 1313 -1
197 1312 -1
197 1314 -1
197 340 -1
197 341 -1
197 304 -1
197 1070 -1
197 1348 -1
197 342 -1
197 1079 -1
197 1009 -1
197 1077 -1
197 305 -1
197 1015 -1
197 1076 -1
198 1314 -1
198 1315 -1
198 1313 -1
198 342 -1
198 1351 -1
198 343 -1
198 306 -1
198 1079 -1
198 415 -1
198 1070 -1
198 341 -1
198 1015 -1
198 1009 -1
198 1350 -1
199 1315 -1
199 1314 -1
199 1351 -1
199 415 -1
199 343 -1
199 416 -1
199 379 -1
199 307 -1
199 344 -1
199 1352 -1
199 308 -1
199 1316 -1
199 342 -1
199 306 -1
200 1316 -1
200 1352 -1
200 416 -1
200 1353 -1
200 1315 -1
200 380 -1
200 417 -1
200 1317 -1
200 381 -1
200 345 -1
200 346 -1
200 309 -1
200 310 -1
200 308 -1
201 1317 -1
201 1353 -1
201 1354 -1
201 417 -1
201 1318 -1
201 418 -1
201 381 -1
201 1316 -1
201 382 -1
201 419 -1
201 346 -1
201 347 -1
202 1318 -1
202 1354 -1
202 419 -1
202 1355 -1
202 1319 -1
202 418 -1
202 1317 -1
202 382 -1
202 383 -1
202 420 -1
202 1320 -1
202 1356 -1
202 348 -1
203 1319 -1
203 1355 -1
203 419 -1
203 1320 -1
203 1318 -1
203 420 -1
203 1356 -1
203 383 -1
203 1357 -1
203 384 -1
203 1321 -1
203 421 -1
204 1320 -1
204 1357 -1
204 1321 -1
204 420 -1
204 1356 -1
204 421 -1
204 1319 -1
204 1322 -1
204 385 -1
204 384 -1
204 1358 -1
204 422 -1
205 1357 -1
205 1321 -1
205 1322 -1
205 1358 -1
205 421 -1
205 1320 -1
205 422 -1
205 1323 -1
205 385 -1
205 1359 -1
205 386 -1
205 423 -1
206 1322 -1
206 1323 -1
206 1358 -1
206 1359 -1
206 1321 -1
206 1357 -1
206 422 -1
206 423 -1
206 1324 -1
206 1360 -1
206 421 -1
206 386 -1
206 424 -1
207 1323 -1
207 1324 -1
207 1359 -1
207 1322 -1
207 1360 -1
207 1325 -1
207 1358 -1
207 423 -1
207 424 -1
207 422 -1
208 1324 -1
208 1325 -1
208 1323 -1
208 1360 -1
208 1359 -1
208 424 -1
208 1326 -1
208 1361 -1
208 389 -1
208 425 -1
208 1322 -1
209 1325 -1
209 1326 -1
209 1361 -1
209 1360 -1
209 1324 -1
209 1327 -1
209 1362 -1
209 425 -1
209 424 -1
209 1323 -1
209 1363 -1
210 1326 -1
210 1362 -1
210 1327 -1
210 1325 -1
210 1361 -1
210 1363 -1
210 1328 -1
210 1364 -1
210 426 -1
210 391 -1
210 1360 -1
210 425 -1
211 1327 -1
211 1363 -1
211 1328 -1
211 1364 -1
211 1362 -1
211 1326 -1
211 1329 -1
211 1325 -1
211 392 -1
211 1365 -1
211 427 -1
212 1364 -1
212 1328 -1
212 1363 -1
212 1329 -1
212 1327 -1
212 1365 -1
212 1366 -1
212 1362 -1
212 428 -1
212 1330 -1
212 1326 -1
213 1364 -1
213 1329 -1
213 1365 -1
213 1366 -1
213 1328 -1
213 1330 -1
213 1363 -1
213 1327 -1
213 429 -1
213 1331 -1
214 1366 -1
214 1330 -1
214 1365 -1
214 1329 -1
214 1367 -1
214 1331 -1
214 1364 -1
214 1328 -1
214 430 -1
214 395 -1
215 1366 -1
215 1367 -1
215 1331 -1
215 1330 -1
215 1296 -1
215 1332 -1
215 1365 -1
215 1329 -1
215 396 -1
215 1297 -1
216 470 -1
216 469 -1
127 217 -1
217 570 -1
218 569 -1
218 570 -1
219 569 -1
219 570 -1
220 570 -1
220 569 -1
220 568 -1
220 546 -1
220 545 -1
220 547 -1
220 571 -1
220 512 -1
220 548 -1
221 547 -1
221 546 -1
221 570 -1
221 545 -1
221 548 -1
221 569 -1
221 568 -1
221 512 -1
221 513 -1
221 511 -1
222 547 -1
222 548 -1
222 546 -1
222 570 -1
222 549 -1
222 513 -1
222 545 -1
222 512 -1
222 511 -1
222 569 -1
222 568 -1
223 548 -1
223 547 -1
223 549 -1
223 546 -1
223 550 -1
223 513 -1
223 570 -1
223 545 -1
223 514 -1
223 512 -1
223 551 -1
224 548 -1
224 547 -1
224 549 -1
224 550 -1
224 551 -1
224 546 -1
224 513 -1
224 552 -1
224 545 -1
224 514 -1
225 548 -1
225 549 -1
225 550 -1
225 547 -1
225 551 -1
225 552 -1
225 546 -1
225 513 -1
225 514 -1
225 512 -1
226 548 -1
226 551 -1
226 549 -1
226 550 -1
226 547 -1
226 552 -1
226 513 -1
226 514 -1
226 512 -1
227 548 -1
227 551 -1
227 550 -1
227 549 -1
227 552 -1
227 513 -1
227 567 -1
227 547 -1
227 568 -1
228 567 -1
228 551 -1
228 568 -1
228 550 -1
228 566 -1
228 548 -1
228 565 -1
228 549 -1
229 567 -1
229 568 -1
229 566 -1
229 569 -1
229 565 -1
229 551 -1
229 570 -1
230 568 -1
230 567 -1
230 569 -1
230 570 -1
230 566 -1
230 565 -1
230 564 -1
230 571 -1
231 570 -1
231 569 -1
231 568 -1
231 567 -1
231 571 -1
231 566 -1
231 565 -1
231 564 -1
232 570 -1
232 571 -1
232 569 -1
232 568 -1
232 567 -1
232 572 -1
233 571 -1
233 570 -1
233 572 -1
233 569 -1
233 573 -1
233 568 -1
233 567 -1
234 571 -1
234 570 -1
234 573 -1
234 569 -1
234 568 -1
234 572 -1
235 567 -1
235 566 -1
235 568 -1
235 569 -1
235 565 -1
235 570 -1
236 567 -1
236 568 -1
236 566 -1
236 569 -1
236 570 -1
236 565 -1
237 568 -1
237 567 -1
237 566 -1
237 569 -1
237 570 -1
237 565 -1
237 571 -1
238 568 -1
238 567 -1
238 569 -1
238 570 -1
238 566 -1
238 571 -1
239 568 -1
239 570 -1
239 569 -1
239 567 -1
239 566 -1
240 569 -1
240 570 -1
240 568 -1
240 571 -1
240 567 -1
241 569 -1
241 570 -1
241 568 -1
241 571 -1
258 510 -1
258 507 -1
259 513 -1
259 512 -1
259 510 -1
259 509 -1
259 511 -1
259 505 -1
259 568 -1
260 505 -1
260 511 -1
260 512 -1
260 513 -1
260 514 -1
260 504 -1
261 505 -1
261 509 -1
261 511 -1
261 512 -1
261 508 -1
261 513 -1
261 506 -1
261 504 -1
262 511 -1
262 509 -1
262 512 -1
262 505 -1
262 508 -1
262 513 -1
263 511 -1
263 512 -1
263 514 -1
263 509 -1
263 513 -1
264 511 -1
264 512 -1
264 514 -1
264 513 -1
265 511 -1
265 512 -1
265 513 -1
266 511 -1
266 512 -1
266 513 -1
267 513 -1
267 512 -1
268 514 -1
268 513 -1
268 512 -1
269 509 -1
269 511 -1
269 513 -1
270 511 -1
270 509 -1
271 511 -1
272 511 -1
272 512 -1
273 512 -1
273 511 -1
274 511 -1
274 513 -1
275 511 -1
276 531 -1
276 532 -1
276 530 -1
277 531 -1
277 532 -1
277 530 -1
277 533 -1
277 567 -1
278 532 -1
278 531 -1
278 533 -1
278 567 -1
278 530 -1
279 532 -1
279 531 -1
279 533 -1
279 567 -1
279 534 -1
280 532 -1
280 531 -1
280 533 -1
281 471 -1
282 470 -1
283 470 -1
283 471 -1
284 470 -1
284 471 -1
285 470 -1
285 471 -1
286 470 -1
286 471 -1
286 469 -1
287 470 -1
287 471 -1
295 1342 -1
296 1343 -1
296 1342 -1
296 1307 -1
297 1343 -1
297 1344 -1
297 1308 -1
297 1307 -1
298 1344 -1
298 1345 -1
298 1309 -1
298 584 -1
298 1308 -1
298 583 -1
298 1343 -1
299 1345 -1
299 1309 -1
299 585 -1
299 1310 -1
299 1344 -1
299 1346 -1
299 584 -1
299 586 -1
299 1308 -1
300 1346 -1
300 1310 -1
300 1345 -1
300 586 -1
300 1309 -1
300 587 -1
300 1311 -1
300 585 -1
300 1344 -1
300 623 -1
300 622 -1
301 1347 -1
301 1311 -1
301 1310 -1
301 1346 -1
301 588 -1
301 587 -1
301 1345 -1
301 1309 -1
301 624 -1
301 623 -1
301 625 -1
301 586 -1
302 1311 -1
302 1347 -1
302 589 -1
302 590 -1
302 1312 -1
302 1310 -1
302 626 -1
302 625 -1
302 1346 -1
302 1348 -1
302 588 -1
302 624 -1
303 1312 -1
303 1347 -1
303 1311 -1
303 1348 -1
303 591 -1
303 590 -1
303 627 -1
303 498 -1
303 1346 -1
303 497 -1
303 1313 -1
303 500 -1
304 500 -1
304 499 -1
304 498 -1
304 501 -1
304 497 -1
304 1312 -1
304 502 -1
304 496 -1
304 490 -1
304 488 -1
304 495 -1
304 592 -1
304 489 -1
304 487 -1
304 486 -1
304 491 -1
305 502 -1
305 501 -1
305 487 -1
305 488 -1
305 500 -1
305 489 -1
305 503 -1
305 499 -1
305 486 -1
305 490 -1
305 498 -1
305 485 -1
305 491 -1
305 497 -1
305 492 -1
306 489 -1
306 488 -1
306 502 -1
306 490 -1
306 594 -1
306 487 -1
306 470 -1
306 503 -1
306 501 -1
306 469 -1
306 500 -1
306 491 -1
306 432 -1
306 1315 -1
306 486 -1
307 1315 -1
307 1316 -1
307 1352 -1
307 472 -1
307 595 -1
307 471 -1
307 473 -1
307 1314 -1
307 470 -1
307 474 -1
307 490 -1
307 1351 -1
308 1316 -1
308 1315 -1
308 1352 -1
308 1317 -1
308 1353 -1
308 596 -1
308 597 -1
308 1351 -1
308 472 -1
308 1314 -1
308 473 -1
308 1354 -1
309 1316 -1
309 1317 -1
309 1352 -1
309 1315 -1
309 1353 -1
309 1318 -1
309 1354 -1
309 598 -1
309 597 -1
309 635 -1
309 634 -1
309 599 -1
310 1317 -1
310 1318 -1
310 1316 -1
310 1353 -1
310 1354 -1
310 1319 -1
310 636 -1
310 1355 -1
310 637 -1
310 600 -1
311 1318 -1
311 1317 -1
311 1319 -1
311 1354 -1
311 1355 -1
311 1320 -1
311 1353 -1
311 637 -1
311 638 -1
311 1356 -1
311 602 -1
312 1318 -1
312 1319 -1
312 1320 -1
312 1354 -1
312 1317 -1
312 1355 -1
312 1356 -1
312 639 -1
312 638 -1
313 1319 -1
313 1318 -1
313 1320 -1
313 1355 -1
313 1321 -1
313 1356 -1
313 1357 -1
313 1322 -1
314 1319 -1
314 1320 -1
314 1321 -1
314 1356 -1
314 1322 -1
314 1357 -1
314 1318 -1
315 1320 -1
315 1321 -1
315 1322 -1
315 1319 -1
315 1357 -1
316 1320 -1
316 1321 -1
317 1321 -1
330 1342 -1
330 1341 -1
331 1342 -1
331 1343 -1
332 1343 -1
332 1307 -1
332 1342 -1
333 1343 -1
333 1344 -1
333 1308 -1
333 1307 -1
333 1342 -1
334 1344 -1
334 1309 -1
334 1308 -1
334 1343 -1
334 1345 -1
334 1307 -1
334 584 -1
335 1345 -1
335 1309 -1
335 1344 -1
335 1308 -1
335 1310 -1
335 1343 -1
335 585 -1
335 584 -1
335 620 -1
336 1310 -1
336 1309 -1
336 1345 -1
336 1346 -1
336 586 -1
336 622 -1
336 1311 -1
336 623 -1
336 585 -1
336 1344 -1
336 1308 -1
337 1310 -1
337 1311 -1
337 1346 -1
337 1309 -1
337 587 -1
337 1345 -1
337 1347 -1
337 623 -1
337 588 -1
337 586 -1
337 624 -1
338 1311 -1
338 1347 -1
338 1310 -1
338 1346 -1
338 1312 -1
338 625 -1
338 626 -1
338 588 -1
338 589 -1
338 1345 -1
338 1309 -1
338 590 -1
339 1347 -1
339 1311 -1
339 1312 -1
339 1310 -1
339 1346 -1
339 627 -1
339 626 -1
339 463 -1
339 590 -1
339 591 -1
339 462 -1
340 465 -1
340 464 -1
340 463 -1
340 1347 -1
340 628 -1
340 466 -1
340 1312 -1
340 462 -1
340 1311 -1
340 461 -1
340 467 -1
340 460 -1
340 627 -1
341 467 -1
341 466 -1
341 465 -1
341 468 -1
341 464 -1
341 469 -1
341 463 -1
341 462 -1
341 461 -1
341 629 -1
341 593 -1
341 460 -1
341 459 -1
341 455 -1
341 454 -1
342 469 -1
342 468 -1
342 464 -1
342 463 -1
342 465 -1
342 467 -1
342 594 -1
342 462 -1
342 466 -1
342 1314 -1
342 455 -1
342 1315 -1
342 454 -1
342 461 -1
342 456 -1
343 1315 -1
343 1314 -1
343 1316 -1
343 1352 -1
343 1351 -1
343 595 -1
343 631 -1
343 632 -1
343 458 -1
343 460 -1
343 462 -1
343 596 -1
344 1316 -1
344 1315 -1
344 1352 -1
344 596 -1
344 597 -1
344 1351 -1
344 1353 -1
344 633 -1
344 1317 -1
344 632 -1
344 1314 -1
344 634 -1
345 1317 -1
345 1316 -1
345 1353 -1
345 1354 -1
345 1318 -1
345 1352 -1
345 598 -1
345 635 -1
345 597 -1
345 599 -1
345 1315 -1
346 1317 -1
346 1318 -1
346 1354 -1
346 1319 -1
346 636 -1
346 1353 -1
346 1316 -1
346 1355 -1
346 637 -1
346 638 -1
347 1318 -1
347 1319 -1
347 1317 -1
347 1354 -1
347 1355 -1
347 1320 -1
347 1356 -1
347 638 -1
347 637 -1
348 1319 -1
348 1318 -1
348 1320 -1
348 1356 -1
348 1355 -1
348 1357 -1
348 1321 -1
348 639 -1
349 1319 -1
349 1320 -1
349 1321 -1
349 1356 -1
349 1357 -1
349 1318 -1
349 1355 -1
350 1320 -1
350 1319 -1
350 1321 -1
350 1357 -1
350 1356 -1
351 1320 -1
351 1321 -1
351 1357 -1
351 1322 -1
352 1321 -1
360 1333 -1
360 1334 -1
360 1332 -1
360 1297 -1
360 1296 -1
360 1330 -1
179 360 -1
360 1331 -1
361 1335 -1
145 361 -1
146 361 -1
361 1298 -1
361 1334 -1
361 1336 -1
361 1333 -1
147 361 -1
361 1297 -1
148 361 -1
362 1335 -1
362 1298 -1
362 1336 -1
362 1334 -1
362 1299 -1
145 362 -1
182 362 -1
363 1336 -1
363 1335 -1
363 1299 -1
363 1300 -1
363 1298 -1
363 1337 -1
146 363 -1
363 1334 -1
364 1336 -1
364 1300 -1
364 1337 -1
364 1335 -1
364 1301 -1
364 1299 -1
364 1338 -1
147 364 -1
365 1301 -1
365 1338 -1
365 1337 -1
365 1302 -1
365 1336 -1
365 1300 -1
148 365 -1
365 1335 -1
365 1339 -1
366 1302 -1
366 1338 -1
366 1301 -1
366 1303 -1
366 1339 -1
366 1337 -1
366 1336 -1
149 366 -1
366 1300 -1
367 1303 -1
367 1304 -1
367 1339 -1
367 1302 -1
367 1340 -1
367 1338 -1
367 1337 -1
367 1301 -1
151 367 -1
186 367 -1
368 1304 -1
368 1340 -1
368 1303 -1
368 1305 -1
368 1339 -1
368 1341 -1
368 1302 -1
368 1338 -1
152 368 -1
369 1305 -1
369 1304 -1
369 1341 -1
369 1340 -1
369 1306 -1
369 1342 -1
369 1303 -1
369 1339 -1
153 369 -1
370 1306 -1
370 1305 -1
370 1342 -1
370 1341 -1
370 1307 -1
370 1340 -1
370 1304 -1
370 1343 -1
154 370 -1
371 1307 -1
371 1306 -1
371 1342 -1
371 1343 -1
371 1308 -1
371 1341 -1
371 1305 -1
189 371 -1
371 1344 -1
372 1308 -1
372 1307 -1
372 1343 -1
372 1344 -1
372 1342 -1
372 1306 -1
372 1309 -1
372 1341 -1
190 372 -1
373 1309 -1
373 1308 -1
373 1344 -1
373 1345 -1
373 1343 -1
191 373 -1
373 1307 -1
373 1342 -1
373 1310 -1
374 1310 -1
374 1309 -1
374 1345 -1
374 1346 -1
192 374 -1
374 1344 -1
374 1308 -1
374 1311 -1
191 374 -1
375 1347 -1
375 1310 -1
375 1311 -1
375 1346 -1
193 375 -1
375 1345 -1
375 1309 -1
143 375 -1
375 1236 -1
375 1235 -1
142 375 -1
376 1347 -1
376 1312 -1
376 1311 -1
376 1348 -1
197 376 -1
376 1313 -1
376 1346 -1
194 376 -1
376 1236 -1
376 1310 -1
377 1313 -1
377 1314 -1
377 1349 -1
377 1348 -1
377 1312 -1
196 377 -1
197 377 -1
198 377 -1
377 1350 -1
377 1315 -1
377 1079 -1
377 1009 -1
378 1314 -1
378 1313 -1
378 1350 -1
378 1351 -1
378 1349 -1
198 378 -1
378 1315 -1
197 378 -1
199 378 -1
378 1348 -1
378 1312 -1
378 1079 -1
379 1315 -1
379 1316 -1
379 1314 -1
379 1352 -1
379 1351 -1
200 379 -1
198 379 -1
379 1353 -1
379 1313 -1
197 379 -1
380 1316 -1
380 1353 -1
201 380 -1
380 1352 -1
380 1317 -1
380 1315 -1
380 1354 -1
202 380 -1
380 1247 -1
380 1239 -1
380 1318 -1
381 1317 -1
381 1353 -1
381 1354 -1
381 1318 -1
202 381 -1
381 1316 -1
381 1355 -1
203 381 -1
381 1319 -1
382 1318 -1
382 1354 -1
382 1319 -1
382 1355 -1
382 1317 -1
203 382 -1
382 1356 -1
382 1320 -1
382 1353 -1
204 382 -1
383 1319 -1
383 1320 -1
383 1355 -1
383 1318 -1
383 1356 -1
204 383 -1
383 1357 -1
383 1321 -1
383 1354 -1
384 1320 -1
384 1321 -1
384 1356 -1
384 1319 -1
384 1357 -1
384 1322 -1
384 1355 -1
205 384 -1
384 1358 -1
385 1321 -1
385 1320 -1
385 1357 -1
385 1322 -1
385 1358 -1
385 1356 -1
385 1323 -1
206 385 -1
386 1322 -1
386 1321 -1
386 1323 -1
386 1358 -1
386 1357 -1
386 1359 -1
386 1324 -1
386 1360 -1
386 1320 -1
387 1323 -1
387 1322 -1
387 1359 -1
387 1324 -1
387 1358 -1
387 1360 -1
387 1325 -1
387 1321 -1
387 1357 -1
387 1361 -1
388 1324 -1
388 1323 -1
388 1360 -1
388 1359 -1
388 1325 -1
388 1361 -1
388 1326 -1
388 1322 -1
388 1358 -1
388 1362 -1
389 1325 -1
389 1324 -1
389 1360 -1
389 1326 -1
389 1361 -1
389 1362 -1
389 1323 -1
389 1359 -1
209 389 -1
210 389 -1
390 1325 -1
390 1326 -1
390 1361 -1
390 1362 -1
390 1360 -1
390 1324 -1
390 1363 -1
390 1327 -1
210 390 -1
209 390 -1
391 1362 -1
391 1326 -1
391 1363 -1
391 1327 -1
391 1361 -1
391 1364 -1
391 1325 -1
391 1328 -1
211 391 -1
392 1363 -1
392 1362 -1
392 1364 -1
392 1327 -1
392 1328 -1
392 1326 -1
212 392 -1
392 1329 -1
392 1365 -1
393 1363 -1
393 1364 -1
393 1365 -1
393 1328 -1
393 1329 -1
212 393 -1
393 1362 -1
213 393 -1
176 393 -1
394 1365 -1
394 1364 -1
394 1329 -1
213 394 -1
394 1330 -1
394 1366 -1
214 394 -1
212 394 -1
394 1328 -1
177 394 -1
395 1365 -1
395 1366 -1
395 1330 -1
144 395 -1
213 395 -1
395 1364 -1
178 395 -1
395 1367 -1
177 395 -1
396 1366 -1
396 1367 -1
145 396 -1
178 396 -1
396 1330 -1
214 396 -1
396 1332 -1
396 1296 -1
397 1367 -1
397 1296 -1
397 1297 -1
397 1333 -1
146 397 -1
397 1366 -1
397 1332 -1
397 1298 -1
397 1334 -1
398 1297 -1
398 1298 -1
398 1335 -1
398 1334 -1
398 1296 -1
398 1333 -1
147 398 -1
182 398 -1
399 1335 -1
399 1298 -1
399 1297 -1
399 1299 -1
399 1336 -1
399 1334 -1
146 399 -1
399 1300 -1
400 1336 -1
400 1335 -1
400 1299 -1
400 1300 -1
400 1298 -1
400 1337 -1
400 1301 -1
148 400 -1
147 400 -1
183 400 -1
184 400 -1
401 1337 -1
401 1336 -1
401 1301 -1
401 1300 -1
401 1302 -1
401 1299 -1
401 1338 -1
401 1335 -1
184 401 -1
401 1298 -1
402 1338 -1
402 1302 -1
402 1337 -1
402 1301 -1
402 1303 -1
402 1336 -1
402 1300 -1
402 1339 -1
184 402 -1
403 1339 -1
403 1303 -1
403 1302 -1
403 1338 -1
403 1304 -1
403 1301 -1
403 1340 -1
403 1337 -1
404 1304 -1
404 1340 -1
404 1339 -1
404 1303 -1
404 1305 -1
404 1302 -1
404 1338 -1
404 1341 -1
404 1301 -1
405 1305 -1
405 1341 -1
405 1340 -1
405 1304 -1
405 1306 -1
405 1303 -1
405 1339 -1
405 1342 -1
406 1306 -1
406 1342 -1
406 1341 -1
406 1305 -1
406 1307 -1
406 1340 -1
406 1304 -1
406 1343 -1
407 1342 -1
407 1307 -1
407 1343 -1
407 1306 -1
407 1308 -1
407 1341 -1
407 1305 -1
407 1344 -1
408 1308 -1
408 1344 -1
408 1343 -1
408 1307 -1
408 1309 -1
408 1342 -1
408 1306 -1
409 1309 -1
409 1344 -1
409 1345 -1
409 1308 -1
409 1310 -1
409 1343 -1
409 1307 -1
410 1310 -1
410 1345 -1
410 1346 -1
410 1309 -1
410 1311 -1
410 1308 -1
192 410 -1
410 1344 -1
410 1235 -1
410 1236 -1
411 1311 -1
411 1347 -1
411 1346 -1
411 1310 -1
411 1235 -1
411 1236 -1
411 1234 -1
411 1237 -1
339 411 -1
411 1312 -1
411 1233 -1
412 1312 -1
412 1347 -1
412 1348 -1
412 1311 -1
412 1313 -1
197 412 -1
412 1235 -1
412 1236 -1
339 412 -1
412 1237 -1
338 412 -1
413 1349 -1
413 1313 -1
413 1350 -1
413 1348 -1
413 1314 -1
413 1312 -1
196 413 -1
198 413 -1
197 413 -1
413 990 -1
413 1007 -1
413 936 -1
413 989 -1
414 1350 -1
414 1349 -1
414 1314 -1
414 1313 -1
198 414 -1
414 1351 -1
414 1007 -1
414 990 -1
197 414 -1
414 936 -1
199 414 -1
414 989 -1
414 1315 -1
414 971 -1
414 1006 -1
415 1315 -1
415 1351 -1
415 1314 -1
415 1352 -1
200 415 -1
415 1316 -1
343 415 -1
415 1313 -1
344 415 -1
197 415 -1
416 1352 -1
416 1316 -1
416 1315 -1
416 1353 -1
201 416 -1
416 1317 -1
416 1239 -1
416 1247 -1
416 1248 -1
416 1240 -1
416 1249 -1
417 1353 -1
417 1317 -1
417 1354 -1
417 1316 -1
417 1318 -1
202 417 -1
417 1247 -1
346 417 -1
417 1248 -1
347 417 -1
418 1354 -1
418 1318 -1
418 1317 -1
418 1355 -1
418 1319 -1
203 418 -1
418 1353 -1
418 1320 -1
418 1248 -1
419 1355 -1
419 1319 -1
419 1318 -1
419 1320 -1
419 1356 -1
204 419 -1
419 1354 -1
419 1321 -1
420 1320 -1
420 1356 -1
420 1319 -1
420 1357 -1
420 1321 -1
205 420 -1
420 1355 -1
420 1322 -1
421 1357 -1
421 1321 -1
421 1320 -1
421 1322 -1
421 1358 -1
421 1323 -1
421 1356 -1
421 1359 -1
422 1322 -1
422 1358 -1
422 1323 -1
422 1321 -1
422 1359 -1
422 1357 -1
422 1324 -1
423 1323 -1
423 1359 -1
423 1322 -1
423 1324 -1
423 1360 -1
423 1358 -1
423 1325 -1
423 1321 -1
208 423 -1
424 1324 -1
424 1325 -1
424 1360 -1
424 1323 -1
424 1359 -1
424 1326 -1
424 1361 -1
424 1322 -1
425 1325 -1
425 1326 -1
425 1361 -1
425 1324 -1
425 1360 -1
425 1362 -1
425 1327 -1
425 1323 -1
425 1363 -1
426 1326 -1
426 1362 -1
426 1327 -1
426 1325 -1
426 1361 -1
426 1363 -1
426 1328 -1
426 1324 -1
426 1364 -1
427 1363 -1
427 1328 -1
427 1327 -1
427 1326 -1
427 1362 -1
427 1364 -1
427 1329 -1
212 427 -1
427 1325 -1
427 1330 -1
428 1329 -1
428 1328 -1
428 1364 -1
428 1363 -1
428 1327 -1
428 1330 -1
428 1365 -1
428 1326 -1
213 428 -1
428 1362 -1
429 1329 -1
429 1330 -1
429 1365 -1
429 1328 -1
429 1364 -1
429 1366 -1
429 1331 -1
212 429 -1
429 1327 -1
214 429 -1
430 1330 -1
430 1329 -1
430 1331 -1
430 1365 -1
430 1366 -1
430 1332 -1
213 430 -1
430 1328 -1
178 430 -1
430 1367 -1
431 1332 -1
431 1330 -1
431 1333 -1
145 431 -1
431 1331 -1
144 431 -1
178 431 -1
431 1366 -1
431 1329 -1
431 1365 -1
431 1334 -1
457 1240 -1
458 1240 -1
458 1239 -1
459 1240 -1
459 1239 -1
323 578 -1
323 579 -1
324 579 -1
322 579 -1
324 580 -1
323 580 -1
324 581 -1
323 581 -1
332 581 -1
324 582 -1
297 582 -1
333 582 -1
334 583 -1
297 583 -1
333 583 -1
334 585 -1
586 1310 -1
335 586 -1
336 587 -1
587 1311 -1
587 1310 -1
588 1311 -1
588 1347 -1
588 1312 -1
588 1310 -1
589 1312 -1
301 589 -1
589 1311 -1
337 589 -1
589 1347 -1
339 589 -1
590 1312 -1
590 1348 -1
590 1311 -1
590 1347 -1
590 1313 -1
590 1070 -1
304 591 -1
340 591 -1
591 1312 -1
591 1313 -1
591 1348 -1
500 591 -1
498 591 -1
499 591 -1
497 591 -1
591 1070 -1
501 591 -1
340 592 -1
501 592 -1
502 592 -1
468 592 -1
467 592 -1
500 592 -1
341 592 -1
487 592 -1
469 592 -1
503 592 -1
486 592 -1
466 592 -1
468 593 -1
469 593 -1
305 593 -1
467 593 -1
502 593 -1
487 593 -1
488 593 -1
503 593 -1
470 593 -1
466 593 -1
501 593 -1
489 593 -1
342 593 -1
469 594 -1
468 594 -1
470 594 -1
467 594 -1
488 594 -1
487 594 -1
305 594 -1
489 594 -1
502 594 -1
466 594 -1
503 594 -1
341 594 -1
471 595 -1
470 595 -1
472 595 -1
342 595 -1
306 595 -1
469 595 -1
595 1015 -1
595 1079 -1
489 595 -1
490 595 -1
595 1315 -1
595 1070 -1
596 1315 -1
307 596 -1
472 596 -1
473 596 -1
471 596 -1
596 1316 -1
596 1314 -1
596 1079 -1
596 1015 -1
597 1315 -1
597 1316 -1
597 1352 -1
343 597 -1
597 1314 -1
473 597 -1
472 597 -1
346 598 -1
344 598 -1
310 598 -1
308 598 -1
598 1315 -1
598 1316 -1
598 1352 -1
346 599 -1
310 599 -1
347 599 -1
599 1316 -1
311 599 -1
346 600 -1
347 600 -1
311 600 -1
348 600 -1
345 600 -1
347 601 -1
348 601 -1
311 601 -1
346 601 -1
312 601 -1
348 602 -1
347 602 -1
312 602 -1
349 602 -1
313 602 -1
348 603 -1
349 603 -1
313 603 -1
312 603 -1
313 604 -1
349 604 -1
348 604 -1
314 605 -1
314 606 -1
334 619 -1
334 620 -1
336 621 -1
335 621 -1
622 1310 -1
337 622 -1
335 622 -1
623 1311 -1
623 1310 -1
338 624 -1
624 1311 -1
336 624 -1
624 1312 -1
624 1347 -1
625 1311 -1
337 625 -1
625 1312 -1
625 1347 -1
339 625 -1
626 1312 -1
626 1311 -1
626 1347 -1
303 626 -1
337 626 -1
626 1313 -1
627 1312 -1
498 627 -1
627 1347 -1
500 627 -1
499 627 -1
304 627 -1
497 627 -1
627 1070 -1
627 1311 -1
627 1313 -1
500 628 -1
501 628 -1
499 628 -1
502 628 -1
304 628 -1
465 628 -1
466 628 -1
498 628 -1
467 628 -1
341 628 -1
486 628 -1
628 1070 -1
467 629 -1
468 629 -1
502 629 -1
469 629 -1
466 629 -1
503 629 -1
305 629 -1
501 629 -1
486 629 -1
487 629 -1
488 629 -1
485 629 -1
465 629 -1
468 630 -1
342 630 -1
469 630 -1
467 630 -1
502 630 -1
503 630 -1
341 630 -1
305 630 -1
306 630 -1
487 630 -1
466 630 -1
432 630 -1
488 630 -1
342 631 -1
470 631 -1
631 1314 -1
631 1079 -1
631 1009 -1
631 1015 -1
631 1018 -1
631 1014 -1
631 1021 -1
631 1017 -1
469 631 -1
631 1070 -1
631 1013 -1
632 1315 -1
632 1314 -1
632 1351 -1
632 936 -1
308 632 -1
632 1007 -1
307 632 -1
632 971 -1
632 972 -1
472 632 -1
632 1079 -1
308 633 -1
633 1315 -1
345 633 -1
633 1351 -1
633 1314 -1
309 633 -1
343 633 -1
472 633 -1
633 1079 -1
345 634 -1
634 1315 -1
308 634 -1
634 1316 -1
346 634 -1
634 1352 -1
346 635 -1
310 635 -1
635 1316 -1
635 1315 -1
347 635 -1
635 1352 -1
347 636 -1
636 1316 -1
311 636 -1
636 1317 -1
345 636 -1
348 637 -1
637 1317 -1
312 637 -1
348 638 -1
638 1317 -1
349 639 -1
313 639 -1
349 640 -1
313 640 -1
348 640 -1
349 641 -1
323 642 -1
322 642 -1
323 643 -1
324 643 -1
323 644 -1
681 1066 -1
681 1068 -1
682 1066 -1
682 1068 -1
683 1066 -1
683 1068 -1
683 1021 -1
684 1066 -1
684 1068 -1
684 1021 -1
684 1020 -1
685 1066 -1
685 1021 -1
685 1020 -1
685 1068 -1
686 1021 -1
686 1066 -1
686 1020 -1
686 1068 -1
687 1066 -1
687 1021 -1
687 1020 -1
688 1021 -1
688 1066 -1
536 734 -1
514 734 -1
536 735 -1
535 735 -1
515 735 -1
514 735 -1
533 735 -1
536 736 -1
535 736 -1
537 736 -1
538 736 -1
515 736 -1
516 736 -1
514 736 -1
534 736 -1
516 737 -1
517 737 -1
538 737 -1
518 737 -1
537 737 -1
515 737 -1
540 737 -1
539 737 -1
536 737 -1
519 737 -1
517 738 -1
518 738 -1
516 738 -1
519 738 -1
520 738 -1
538 738 -1
515 738 -1
541 738 -1
554 738 -1
543 739 -1
542 739 -1
544 739 -1
545 739 -1
533 739 -1
532 739 -1
535 739 -1
564 739 -1
532 740 -1
531 740 -1
533 740 -1
534 740 -1
545 740 -1
530 740 -1
544 740 -1
706 741 -1
705 741 -1
532 741 -1
707 741 -1
531 741 -1
707 742 -1
706 742 -1
705 742 -1
708 742 -1
707 743 -1
708 743 -1
536 770 -1
515 770 -1
536 771 -1
515 771 -1
550 771 -1
516 771 -1
535 771 -1
549 771 -1
516 772 -1
551 772 -1
550 772 -1
552 772 -1
517 772 -1
515 772 -1
553 772 -1
536 772 -1
552 773 -1
553 773 -1
551 773 -1
554 773 -1
516 773 -1
550 773 -1
517 773 -1
518 773 -1
555 773 -1
549 773 -1
552 774 -1
551 774 -1
550 774 -1
553 774 -1
554 774 -1
549 774 -1
548 774 -1
547 774 -1
548 775 -1
547 775 -1
545 775 -1
549 775 -1
551 775 -1
546 775 -1
550 775 -1
544 775 -1
547 776 -1
548 776 -1
545 776 -1
546 776 -1
534 776 -1
544 776 -1
549 776 -1
548 777 -1
547 777 -1
706 777 -1
707 778 -1
706 778 -1
313 864 -1
314 864 -1
312 864 -1
605 864 -1
721 868 -1
721 869 -1
757 869 -1
723 869 -1
721 870 -1
723 870 -1
757 870 -1
722 870 -1
721 871 -1
723 871 -1
722 871 -1
721 872 -1
313 935 -1
312 935 -1
165 935 -1
314 935 -1
164 935 -1
1070 1312 -1
1077 1312 -1
1066 1312 -1
1072 1312 -1
1068 1312 -1
1074 1312 -1
1076 1312 -1
1015 1312 -1
1009 1312 -1
1079 1312 -1
1078 1312 -1
1067 1312 -1
1074 1313 -1
1076 1313 -1
1077 1313 -1
1078 1313 -1
1015 1313 -1
1072 1313 -1
1009 1313 -1
1079 1313 -1
1010 1313 -1
1075 1313 -1
1013 1313 -1
1011 1313 -1
1014 1313 -1
1070 1313 -1
1012 1313 -1
1015 1314 -1
1074 1314 -1
1076 1314 -1
1017 1314 -1
1078 1314 -1
1077 1314 -1
1079 1314 -1
1009 1314 -1
1072 1314 -1
1014 1314 -1
1016 1314 -1
1010 1314 -1
1013 1314 -1
1012 1314 -1
1018 1314 -1
1015 1315 -1
1070 1315 -1
1079 1315 -1
1077 1315 -1
1017 1315 -1
1074 1315 -1
1009 1315 -1
1076 1315 -1
1016 1315 -1
1072 1315 -1
1078 1315 -1
311 1316 -1
348 1317 -1
422 1320 -1
335 1346 -1
1075 1348 -1
1073 1348 -1
1074 1348 -1
1076 1348 -1
1072 1348 -1
1077 1348 -1
1071 1348 -1
1078 1348 -1
1079 1348 -1
1010 1348 -1
1009 1348 -1
1011 1348 -1
1069 1348 -1
1013 1348 -1
1008 1348 -1
936 1349 -1
971 1349 -1
972 1349 -1
1007 1349 -1
990 1349 -1
989 1349 -1
970 1349 -1
1075 1349 -1
1073 1349 -1
1006 1349 -1
1014 1349 -1
1013 1349 -1
1018 1349 -1
954 1349 -1
1005 1349 -1
936 1350 -1
1007 1350 -1
971 1350 -1
972 1350 -1
990 1350 -1
937 1350 -1
989 1350 -1
973 1350 -1
1006 1350 -1
970 1350 -1
954 1350 -1
953 1350 -1
991 1350 -1
1075 1350 -1
993 1351 -1
1014 1351 -1
1015 1351 -1
1013 1351 -1
1016 1351 -1
1017 1351 -1
1079 1351 -1
1009 1351 -1
1012 1351 -1
1073 1351 -1
1074 1351 -1
1011 1351 -1
996 1352 -1
310 1352 -1
997 1352 -1
995 1352 -1
998 1352 -1
347 1353 -1
348 1354 -1
204 1355 -1
