4 44 1
9 31 1
9 55 1
31 55 1
56 68 1
32 69 1
13 63 1
59 69 1
32 59 1
15 45 1
0 15 1
0 45 1
37 62 1
15 43 1
0 43 1
43 45 1
9 52 1
52 55 1
31 52 1
78 132 1
92 119 1
83 111 1
137 142 1
130 141 1
75 91 1
79 126 1
126 131 1
79 131 1
119 122 1
92 122 1
86 137 1
86 142 1
94 117 1
129 139 1
72 112 1
78 112 1
112 132 1
72 78 1
198 207 1
175 204 1
176 200 1
206 215 1
190 205 1
164 201 1
147 183 1
167 186 1
164 166 1
166 201 1
187 189 1
152 159 1
163 177 1
148 165 1
164 204 1
201 204 1
166 204 1
164 175 1
277 285 1
242 243 1
235 248 1
232 257 1
260 281 1
241 271 1
253 255 1
223 241 1
223 271 1
243 266 1
242 266 1
225 249 1
232 240 1
240 257 1
271 272 1
241 272 1
223 272 1
225 259 1
249 259 1
292 301 1
296 337 1
306 321 1
307 310 1
294 328 1
298 320 1
310 346 1
307 346 1
294 319 1
319 328 1
295 322 1
337 349 1
296 349 1
301 332 1
292 332 1
290 331 1
311 350 1
319 337 1
328 337 1
294 337 1
296 319 1
319 349 1
375 391 1
396 411 1
390 393 1
392 397 1
372 422 1
381 414 1
395 416 1
363 423 1
374 427 1
367 381 1
367 414 1
372 393 1
393 422 1
372 390 1
408 427 1
374 408 1
419 421 1
415 425 1
439 498 1
473 483 1
471 476 1
480 491 1
437 476 1
437 471 1
479 493 1
446 470 1
455 463 1
458 488 1
443 488 1
443 458 1
460 478 1
437 450 1
450 476 1
450 471 1
494 503 1
457 473 1
457 483 1
512 545 1
547 575 1
511 512 1
511 545 1
527 540 1
513 542 1
564 572 1
530 533 1
507 524 1
527 549 1
540 549 1
505 561 1
557 560 1
525 531 1
510 545 1
510 512 1
510 511 1
525 530 1
530 531 1
525 533 1
599 643 1
625 647 1
588 605 1
632 638 1
599 612 1
612 643 1
601 623 1
590 599 1
590 643 1
590 612 1
632 642 1
638 642 1
617 633 1
581 608 1
581 635 1
608 635 1
612 634 1
634 643 1
590 634 1
599 634 1
676 701 1
672 700 1
702 706 1
667 687 1
655 691 1
651 712 1
665 716 1
648 672 1
648 700 1
651 691 1
691 712 1
651 655 1
656 717 1
655 664 1
664 691 1
651 664 1
665 675 1
675 716 1
744 747 1
757 762 1
739 786 1
750 775 1
740 789 1
783 791 1
752 784 1
727 757 1
727 762 1
731 775 1
731 750 1
722 781 1
763 765 1
741 747 1
741 744 1
720 760 1
740 777 1
777 789 1
811 831 1
819 855 1
793 806 1
808 817 1
803 825 1
811 844 1
831 844 1
813 842 1
819 824 1
824 855 1
804 821 1
855 857 1
824 857 1
819 857 1
800 810 1
804 822 1
821 822 1
798 863 1
889 917 1
891 918 1
873 895 1
876 897 1
894 914 1
878 921 1
912 924 1
865 880 1
896 919 1
866 896 1
866 919 1
905 906 1
874 934 1
885 886 1
908 928 1
903 920 1
882 905 1
882 906 1
947 954 1
949 1006 1
943 1006 1
943 949 1
968 995 1
972 980 1
973 998 1
943 991 1
949 991 1
991 1006 1
944 990 1
969 992 1
944 984 1
984 990 1
965 986 1
938 976 1
939 962 1
959 990 1
944 959 1
959 984 1
1027 1043 1
1018 1044 1
1009 1049 1
1020 1048 1
1048 1055 1
1020 1055 1
1026 1030 1
1010 1015 1
1040 1055 1
1040 1048 1
1020 1040 1
1028 1056 1
1011 1017 1
1044 1047 1
1018 1047 1
1068 1069 1
1038 1064 1
1014 1047 1
1014 1018 1
1014 1044 1
1104 1107 1
1087 1134 1
1089 1125 1
1127 1147 1
1088 1097 1
1088 1113 1
1097 1113 1
1088 1134 1
1097 1134 1
1113 1134 1
1087 1088 1
1120 1133 1
1083 1087 1
1083 1088 1
1083 1134 1
1085 1103 1
1081 1114 1
1131 1146 1
1173 1189 1
1157 1162 1
1174 1178 1
1164 1169 1
1162 1218 1
1157 1218 1
1160 1223 1
1187 1201 1
1155 1177 1
1174 1204 1
1178 1204 1
1168 1187 1
1168 1201 1
1186 1217 1
1179 1200 1
1183 1188 1
1198 1204 1
1178 1198 1
1174 1198 1
1282 1282 1
1232 1282 1
1231 1232 1
1231 1282 1
1242 1275 1
1277 1294 1
1255 1282 1
1232 1255 1
1231 1255 1
1230 1285 1
1240 1258 1
1237 1272 1
1240 1285 1
1258 1285 1
1230 1240 1
1231 1281 1
1232 1281 1
1281 1282 1
1255 1281 1
1299 1351 1
1348 1350 1
1335 1355 1
1322 1365 1
1323 1348 1
1323 1350 1
1299 1313 1
1313 1351 1
1350 1351 1
1323 1351 1
1348 1351 1
1313 1350 1
1299 1350 1
1300 1310 1
1315 1323 1
1315 1348 1
1315 1350 1
1315 1351 1
1378 1427 1
1388 1413 1
1370 1422 1
1391 1433 1
1368 1427 1
1368 1378 1
1412 1419 1
1388 1419 1
1413 1419 1
1388 1412 1
1407 1430 1
1380 1416 1
1374 1400 1
1431 1436 1
1392 1415 1
1380 1383 1
1383 1416 1
1389 1433 1
1389 1391 1
212 393 -1
212 372 -1
212 422 -1
212 390 -1
128 482 -1
212 1362 -1
407 1342 -1
239 567 -1
1072 1348 -1
1072 1315 -1
1072 1323 -1
1072 1350 -1
1072 1351 -1
159 1346 -1
152 1346 -1
598 1352 -1
120 1058 -1
340 460 -1
340 478 -1
97 452 -1
370 1341 -1
189 1307 -1
187 1307 -1
311 1318 -1
350 1318 -1
387 1325 -1
223 514 -1
272 514 -1
241 514 -1
271 514 -1
262 508 -1
71 74 -1
204 382 -1
201 382 -1
164 382 -1
166 382 -1
175 382 -1
346 601 -1
307 601 -1
310 601 -1
346 623 -1
341 630 -1
391 1362 -1
375 1362 -1
363 1300 -1
423 1300 -1
363 1310 -1
414 990 -1
381 990 -1
367 990 -1
414 944 -1
414 984 -1
414 959 -1
1075 1350 -1
1075 1313 -1
1075 1315 -1
1075 1348 -1
1075 1351 -1
1075 1323 -1
1075 1299 -1
122 840 -1
92 840 -1
119 840 -1
348 1355 -1
348 1335 -1
361 1297 -1
201 1317 -1
204 1317 -1
164 1317 -1
166 1317 -1
164 311 -1
201 311 -1
204 311 -1
166 311 -1
175 311 -1
164 350 -1
278 531 -1
278 530 -1
278 525 -1
90 558 -1
489 595 -1
517 772 -1
384 1321 -1
209 1361 -1
204 385 -1
201 385 -1
164 385 -1
166 385 -1
175 385 -1
626 1347 -1
224 514 -1
345 1352 -1
632 1314 -1
642 1314 -1
638 1314 -1
129 488 -1
139 488 -1
129 458 -1
129 443 -1
170 1322 -1
170 1365 -1
388 1322 -1
388 1365 -1
405 1341 -1
158 1344 -1
1007 1350 -1
1007 1313 -1
1007 1315 -1
1007 1348 -1
1007 1351 -1
1007 1323 -1
1007 1299 -1
421 1358 -1
419 1358 -1
345 636 -1
176 1328 -1
200 1328 -1
346 1355 -1
307 1355 -1
310 1355 -1
346 1335 -1
166 1322 -1
201 1322 -1
164 1322 -1
204 1322 -1
166 1365 -1
155 1340 -1
146 397 -1
146 392 -1
200 309 -1
176 309 -1
598 1316 -1
467 630 -1
346 1353 -1
307 1353 -1
310 1353 -1
341 468 -1
68 1346 -1
56 1346 -1
188 1302 -1
89 522 -1
233 571 -1
184 1300 -1
184 1310 -1
314 605 -1
314 588 -1
466 593 -1
399 1299 -1
399 1313 -1
399 1350 -1
399 1351 -1
400 1335 -1
400 1355 -1
305 503 -1
305 494 -1
128 235 -1
128 248 -1
411 1310 -1
396 1310 -1
411 1300 -1
372 1306 -1
393 1306 -1
390 1306 -1
422 1306 -1
147 361 -1
183 361 -1
223 548 -1
272 548 -1
241 548 -1
271 548 -1
198 343 -1
207 343 -1
181 1298 -1
237 570 -1
173 1326 -1
158 333 -1
487 593 -1
1078 1315 -1
1078 1323 -1
1078 1348 -1
1078 1350 -1
1078 1351 -1
151 1301 -1
309 597 -1
391 1327 -1
375 1327 -1
377 1350 -1
377 1313 -1
377 1315 -1
377 1348 -1
377 1351 -1
377 1323 -1
377 1299 -1
220 569 -1
193 1343 -1
140 1239 -1
1015 1315 -1
1010 1315 -1
1015 1323 -1
1015 1348 -1
1015 1350 -1
1015 1351 -1
432 630 -1
212 1326 -1
169 1358 -1
430 1331 -1
79 499 -1
131 499 -1
126 499 -1
365 1337 -1
339 1311 -1
344 1352 -1
191 372 -1
191 393 -1
191 390 -1
191 422 -1
195 338 -1
335 1309 -1
94 465 -1
117 465 -1
226 549 -1
226 540 -1
226 527 -1
203 1355 -1
203 1335 -1
236 569 -1
163 1239 -1
177 1239 -1
118 1065 -1
197 1015 -1
197 1010 -1
426 1328 -1
121 834 -1
214 430 -1
1078 1314 -1
410 1236 -1
1 1346 -1
348 1357 -1
2 1347 -1
199 378 -1
60 1314 -1
391 1363 -1
375 1363 -1
587 1311 -1
503 592 -1
494 592 -1
147 363 -1
183 363 -1
147 423 -1
349 639 -1
296 639 -1
337 639 -1
319 639 -1
204 1320 -1
201 1320 -1
164 1320 -1
166 1320 -1
175 1320 -1
302 588 -1
302 605 -1
224 551 -1
156 1307 -1
186 1303 -1
167 1303 -1
142 375 -1
137 375 -1
86 375 -1
142 391 -1
388 1362 -1
86 551 -1
137 551 -1
142 551 -1
260 513 -1
281 513 -1
260 542 -1
684 1066 -1
1011 1348 -1
1017 1348 -1
1011 1315 -1
1011 1323 -1
1011 1350 -1
1011 1351 -1
300 1344 -1
339 463 -1
339 455 -1
333 1344 -1
95 464 -1
226 512 -1
226 545 -1
226 510 -1
226 511 -1
262 511 -1
262 512 -1
262 545 -1
262 510 -1
538 736 -1
88 555 -1
315 1321 -1
198 378 -1
207 378 -1
127 568 -1
274 513 -1
274 542 -1
213 430 -1
186 1338 -1
167 1338 -1
123 573 -1
535 771 -1
342 461 -1
145 360 -1
420 1319 -1
304 499 -1
162 459 -1
993 1351 -1
993 1313 -1
993 1315 -1
993 1348 -1
993 1350 -1
993 1323 -1
993 1299 -1
390 1325 -1
393 1325 -1
372 1325 -1
365 1302 -1
345 1316 -1
21 470 -1
21 446 -1
121 845 -1
144 1330 -1
385 1357 -1
179 1330 -1
370 1342 -1
304 498 -1
304 439 -1
82 486 -1
406 1304 -1
122 838 -1
92 838 -1
119 838 -1
55 975 -1
9 975 -1
52 975 -1
31 975 -1
183 1336 -1
147 1336 -1
125 574 -1
1009 1314 -1
1049 1314 -1
214 1367 -1
309 1318 -1
226 513 -1
226 542 -1
34 1352 -1
154 1304 -1
312 1355 -1
312 1335 -1
147 1335 -1
183 1335 -1
147 1355 -1
315 1320 -1
