6 35 1
7 22 1
10 69 1
11 12 1
1 1 1
1 48 1
19 48 1
1 19 1
35 64 1
6 64 1
62 67 1
16 32 1
5 12 1
5 11 1
2 6 1
2 64 1
2 35 1
43 45 1
23 50 1
5 16 1
11 16 1
12 16 1
5 32 1
38 71 1
2 62 1
62 64 1
35 62 1
6 62 1
2 67 1
91 139 1
82 135 1
130 135 1
82 130 1
75 123 1
115 132 1
88 111 1
100 102 1
95 120 1
131 135 1
82 131 1
130 131 1
81 138 1
99 116 1
101 128 1
84 143 1
85 85 1
76 91 1
76 139 1
86 93 1
106 124 1
85 122 1
82 118 1
118 130 1
118 131 1
118 135 1
91 121 1
121 139 1
76 121 1
177 209 1
144 177 1
144 209 1
209 211 1
144 211 1
177 211 1
167 205 1
148 185 1
154 203 1
181 212 1
146 210 1
150 181 1
150 212 1
148 177 1
177 185 1
144 148 1
148 209 1
148 211 1
179 196 1
182 203 1
154 182 1
158 208 1
167 190 1
190 205 1
162 172 1
155 193 1
144 190 1
177 190 1
190 211 1
148 190 1
190 209 1
144 167 1
144 205 1
218 232 1
244 260 1
239 268 1
249 267 1
244 284 1
260 284 1
221 231 1
223 227 1
239 261 1
261 268 1
280 284 1
260 280 1
244 280 1
225 255 1
233 284 1
233 280 1
233 260 1
233 244 1
225 282 1
255 282 1
235 275 1
263 267 1
249 263 1
236 284 1
236 280 1
236 260 1
236 244 1
233 236 1
293 333 1
317 357 1
317 346 1
346 357 1
296 354 1
297 312 1
320 333 1
293 320 1
345 356 1
346 353 1
317 353 1
353 357 1
290 328 1
335 356 1
335 345 1
309 358 1
335 349 1
345 349 1
349 356 1
303 323 1
336 345 1
336 356 1
336 349 1
335 336 1
295 297 1
295 312 1
312 341 1
297 341 1
295 341 1
380 386 1
376 413 1
361 428 1
370 415 1
386 390 1
380 390 1
374 431 1
406 431 1
374 406 1
404 412 1
389 389 1
379 424 1
421 427 1
399 416 1
401 412 1
401 404 1
371 391 1
380 431 1
386 431 1
390 431 1
380 406 1
374 380 1
365 378 1
376 401 1
401 413 1
376 404 1
376 412 1
456 475 1
447 498 1
455 470 1
451 498 1
447 451 1
442 448 1
476 491 1
455 488 1
470 488 1
433 498 1
433 451 1
433 447 1
438 479 1
463 484 1
456 483 1
475 483 1
481 498 1
433 481 1
451 481 1
447 481 1
449 477 1
442 444 1
444 448 1
476 486 1
486 491 1
472 500 1
446 474 1
504 522 1
521 560 1
510 554 1
529 531 1
511 556 1
516 531 1
516 529 1
531 558 1
529 558 1
516 558 1
548 567 1
527 536 1
514 569 1
552 570 1
511 552 1
552 556 1
511 570 1
547 554 1
510 547 1
535 564 1
512 538 1
548 555 1
555 567 1
517 556 1
517 552 1
511 517 1
529 548 1
531 548 1
516 548 1
548 558 1
529 555 1
529 567 1
613 621 1
582 642 1
595 647 1
584 636 1
637 640 1
589 630 1
643 644 1
608 641 1
584 607 1
607 636 1
601 645 1
607 624 1
584 624 1
624 636 1
610 627 1
606 643 1
606 644 1
594 644 1
594 643 1
594 606 1
579 642 1
579 582 1
586 586 1
624 635 1
584 635 1
635 636 1
607 635 1
682 706 1
675 711 1
660 675 1
660 711 1
648 678 1
658 690 1
656 675 1
656 660 1
656 711 1
653 675 1
653 656 1
653 660 1
653 711 1
655 701 1
662 695 1
662 670 1
670 695 1
659 691 1
676 714 1
674 708 1
671 714 1
671 676 1
665 691 1
659 665 1
665 675 1
675 691 1
659 675 1
665 711 1
653 665 1
656 665 1
660 665 1
737 775 1
758 771 1
733 780 1
735 743 1
727 774 1
738 752 1
777 782 1
723 742 1
748 783 1
738 773 1
752 773 1
748 780 1
780 783 1
733 748 1
735 782 1
743 782 1
735 777 1
762 767 1
727 750 1
750 774 1
725 768 1
722 771 1
722 758 1
722 783 1
771 783 1
758 783 1
722 780 1
722 748 1
843 849 1
826 849 1
826 843 1
795 853 1
812 816 1
807 809 1
809 850 1
807 850 1
799 801 1
843 848 1
848 849 1
826 848 1
794 822 1
817 843 1
817 848 1
817 849 1
817 826 1
857 862 1
823 849 1
823 848 1
817 823 1
823 826 1
823 843 1
850 857 1
809 857 1
807 857 1
850 862 1
877 885 1
884 893 1
923 925 1
881 914 1
900 904 1
912 915 1
900 908 1
904 908 1
883 916 1
876 903 1
866 879 1
864 935 1
932 933 1
865 871 1
874 885 1
874 877 1
870 929 1
869 918 1
884 935 1
893 935 1
864 884 1
931 933 1
931 932 1
895 917 1
921 931 1
921 932 1
921 933 1
954 988 1
973 983 1
954 971 1
971 988 1
947 970 1
948 974 1
947 956 1
956 970 1
995 1002 1
937 966 1
947 987 1
970 987 1
956 987 1
947 1002 1
970 1002 1
987 1002 1
956 1002 1
947 995 1
992 997 1
996 1003 1
967 998 1
936 960 1
965 968 1
949 995 1
949 1002 1
947 949 1
944 980 1
1053 1055 1
1041 1077 1
1024 1030 1
1045 1073 1
1047 1059 1
1033 1041 1
1033 1077 1
1019 1061 1
1059 1069 1
1047 1069 1
1012 1057 1
1030 1038 1
1024 1038 1
1015 1076 1
1029 1052 1
1047 1061 1
1059 1061 1
1061 1069 1
1019 1047 1
1064 1065 1
1060 1074 1
1040 1058 1
1021 1060 1
1021 1074 1
1046 1068 1
1023 1032 1
1025 1079 1
1104 1132 1
1097 1122 1
1094 1098 1
1103 1108 1
1120 1143 1
1087 1100 1
1107 1145 1
1088 1098 1
1088 1094 1
1082 1139 1
1107 1125 1
1125 1145 1
1087 1131 1
1100 1131 1
1126 1137 1
1102 1140 1
1138 1149 1
1104 1142 1
1132 1142 1
1090 1137 1
1090 1126 1
1109 1139 1
1082 1109 1
1088 1088 1
1101 1136 1
1081 1134 1
1088 1131 1
1098 1131 1
1094 1131 1
1088 1100 1
1087 1088 1
1188 1198 1
1178 1215 1
1152 1157 1
1199 1203 1
1168 1189 1
1203 1223 1
1199 1223 1
1155 1185 1
1174 1221 1
1172 1218 1
1171 1199 1
1171 1203 1
1171 1223 1
1159 1159 1
1157 1161 1
1152 1161 1
1174 1196 1
1196 1221 1
1154 1192 1
1167 1192 1
1154 1167 1
1161 1165 1
1152 1165 1
1157 1165 1
1183 1219 1
1166 1171 1
1166 1203 1
1166 1223 1
1166 1199 1
1275 1282 1
1247 1255 1
1238 1275 1
1238 1282 1
1224 1239 1
1230 1269 1
1271 1284 1
1241 1259 1
1237 1241 1
1237 1259 1
1252 1257 1
1251 1288 1
1242 1246 1
1245 1282 1
1245 1275 1
1238 1245 1
1244 1255 1
1244 1247 1
1236 1266 1
1251 1275 1
1275 1288 1
1251 1282 1
1245 1251 1
1238 1251 1
1284 1292 1
1271 1292 1
1224 1252 1
1239 1252 1
1224 1257 1
1339 1352 1
1322 1332 1
1300 1334 1
1317 1358 1
1339 1342 1
1342 1352 1
1301 1320 1
1309 1367 1
1313 1367 1
1309 1313 1
1340 1347 1
1311 1362 1
1301 1312 1
1312 1320 1
1341 1354 1
1355 1362 1
1311 1355 1
1306 1325 1
1327 1354 1
1327 1341 1
1322 1351 1
1332 1351 1
1335 1337 1
1330 1339 1
1330 1352 1
1330 1342 1
1334 1351 1
1300 1351 1
1322 1334 1
1332 1334 1
1415 1437 1
1423 1427 1
1431 1439 1
1390 1413 1
1401 1406 1
1377 1413 1
1377 1390 1
1393 1428 1
1406 1414 1
1401 1414 1
1374 1426 1
1396 1397 1
1369 1391 1
1379 1405 1
1396 1428 1
1397 1428 1
1393 1396 1
1369 1410 1
1391 1410 1
1379 1409 1
1405 1409 1
1369 1435 1
1410 1435 1
1391 1435 1
1393 1420 1
1396 1420 1
1420 1428 1
14 1270 1
1270 1270 1
14 14 1
305 549 1
549 549 1
305 305 1
294 393 1
393 393 1
294 294 1
246 1154 1
1154 1154 1
246 1192 1
246 246 1
246 1167 1
668 1150 1
1150 1150 1
668 668 1
148 659 1
177 659 1
144 659 1
209 659 1
211 659 1
659 659 1
185 659 1
190 659 1
148 675 1
148 691 1
148 148 1
148 665 1
349 630 1
336 630 1
345 630 1
356 630 1
630 630 1
335 630 1
349 589 1
349 349 1
355 530 1
530 530 1
355 355 1
439 1381 1
1381 1381 1
439 439 1
117 855 1
855 855 1
117 117 1
11 647 1
16 647 1
12 647 1
5 647 1
647 647 1
11 11 1
11 595 1
688 843 1
843 843 1
688 688 1
688 817 1
688 848 1
688 849 1
688 823 1
688 826 1
404 719 1
376 719 1
401 719 1
412 719 1
719 719 1
404 404 1
873 1424 1
1424 1424 1
873 873 1
775 1317 1
737 1317 1
1317 1317 1
775 1358 1
775 775 1
789 875 1
875 875 1
789 789 1
704 1392 1
1392 1392 1
704 704 1
50 559 1
559 559 1
23 559 1
50 50 1
778 1318 1
1318 1318 1
778 778 1
185 1009 1
177 1009 1
659 1009 1
148 1009 1
1009 1009 1
185 185 1
155 253 1
193 253 1
253 253 1
155 155 1
184 490 1
490 490 1
184 184 1
643 1324 1
1324 1324 1
594 1324 1
644 1324 1
606 1324 1
643 643 1
505 822 1
822 822 1
505 505 1
505 794 1
947 1275 1
995 1275 1
970 1275 1
949 1275 1
1275 1275 1
987 1275 1
956 1275 1
1002 1275 1
947 1282 1
947 1251 1
947 1288 1
947 947 1
947 1238 1
947 1245 1
753 1313 1
1313 1313 1
753 753 1
753 1309 1
753 1367 1
94 1296 1
1296 1296 1
94 94 1
1136 1273 1
1273 1273 1
1101 1273 1
1136 1136 1
585 1169 1
1169 1169 1
585 585 1
209 567 1
567 659 1
144 567 1
177 567 1
211 567 1
148 567 1
567 567 1
190 567 1
209 548 1
209 209 1
209 555 1
209 529 1
660 988 1
675 988 1
711 988 1
653 988 1
656 988 1
665 988 1
988 988 1
660 971 1
660 660 1
660 954 1
926 951 1
951 951 1
926 926 1
14 758 1
758 758 1
758 1270 1
14 771 1
14 783 1
14 722 1
1018 1198 1
1198 1198 1
1018 1018 1
1018 1188 1
598 1167 1
1167 1167 1
598 1192 1
598 1154 1
598 598 1
246 598 1
692 927 1
927 927 1
692 692 1
231 1064 1
1064 1064 1
221 1064 1
231 1065 1
231 231 1
185 644 1
644 644 1
644 1009 1
177 644 1
644 659 1
148 644 1
185 643 1
185 1324 1
185 594 1
185 606 1
142 1035 1
1035 1035 1
142 142 1
919 1332 1
1332 1332 1
919 1322 1
919 919 1
919 1334 1
919 1351 1
247 1259 1
1259 1259 1
247 1241 1
247 1237 1
247 247 1
15 722 1
722 722 1
15 771 1
15 780 1
15 748 1
14 15 1
15 783 1
15 758 1
15 15 1
242 369 1
369 369 1
242 242 1
441 1048 1
1048 1048 1
441 441 1
42 364 1
364 364 1
42 42 1
107 444 1
444 444 1
107 448 1
107 442 1
107 107 1
441 1335 1
1048 1335 1
1335 1335 1
441 1337 1
753 968 1
968 968 1
968 1313 1
968 1367 1
968 1309 1
753 965 1
396 1279 1
1279 1279 1
396 396 1
604 1417 1
1417 1417 1
604 604 1
7 405 1
405 405 1
22 405 1
7 7 1
1 665 1
48 665 1
19 665 1
665 665 1
1 148 1
1 675 1
1 711 1
1 653 1
1 656 1
1 691 1
1 659 1
1 660 1
1 988 1
841 1164 1
1164 1164 1
841 841 1
951 1150 1
926 1150 1
668 951 1
616 667 1
667 667 1
616 616 1
1099 1290 1
1290 1290 1
1099 1099 1
162 1344 1
1344 1344 1
172 1344 1
162 162 1
376 732 1
732 732 1
719 732 1
401 732 1
404 732 1
412 732 1
413 732 1
376 376 1
44 504 1
504 504 1
44 522 1
44 44 1
449 1106 1
1106 1106 1
477 1106 1
449 449 1
1043 1190 1
1190 1190 1
1043 1043 1
1061 1091 1
1059 1091 1
1091 1091 1
1019 1091 1
1069 1091 1
1047 1091 1
1061 1061 1
61 1371 1
1371 1371 1
61 61 1
52 168 1
168 168 1
52 52 1
830 1052 1
1052 1052 1
830 1029 1
830 830 1
253 477 1
193 477 1
155 477 1
477 477 1
253 449 1
253 1106 1
483 1068 1
456 1068 1
475 1068 1
1068 1068 1
483 483 1
483 1046 1
553 1342 1
1342 1342 1
553 1352 1
553 553 1
553 1330 1
553 1339 1
148 1335 -1
177 1335 -1
144 1335 -1
209 1335 -1
211 1335 -1
185 1335 -1
190 1335 -1
148 1337 -1
303 1313 -1
323 1313 -1
303 1309 -1
303 1367 -1
516 772 -1
529 772 -1
531 772 -1
548 772 -1
558 772 -1
178 396 -1
224 547 -1
224 554 -1
224 510 -1
140 1237 -1
140 1241 -1
140 1259 -1
276 530 -1
1079 1315 -1
1025 1315 -1
264 512 -1
264 538 -1
307 490 -1
196 340 -1
179 340 -1
427 1326 -1
421 1326 -1
222 568 -1
127 575 -1
409 1310 -1
196 412 -1
179 412 -1
196 376 -1
196 401 -1
196 404 -1
374 1311 -1
380 1311 -1
406 1311 -1
431 1311 -1
374 1362 -1
374 1355 -1
197 1015 -1
197 1076 -1
407 1307 -1
705 742 -1
705 723 -1
157 332 -1
391 1363 -1
371 1363 -1
397 1332 -1
397 1322 -1
397 1334 -1
397 1351 -1
684 1020 -1
301 624 -1
301 584 -1
301 635 -1
301 636 -1
301 607 -1
157 1342 -1
157 1352 -1
157 1330 -1
157 1339 -1
418 1353 -1
133 492 -1
488 594 -1
470 594 -1
455 594 -1
488 643 -1
488 644 -1
488 606 -1
213 1328 -1
304 497 -1
95 452 -1
120 452 -1
150 364 -1
212 364 -1
181 364 -1
401 1301 -1
376 1301 -1
404 1301 -1
412 1301 -1
413 1301 -1
401 1320 -1
401 1312 -1
364 1337 -1
364 1335 -1
405 1304 -1
379 1316 -1
424 1316 -1
627 1311 -1
610 1311 -1
627 1362 -1
627 1355 -1
127 565 -1
80 497 -1
193 372 -1
155 372 -1
125 574 -1
411 1347 -1
411 1340 -1
1072 1312 -1
1072 1320 -1
1072 1301 -1
429 1329 -1
340 592 -1
310 1318 -1
335 621 -1
336 621 -1
345 621 -1
356 621 -1
349 621 -1
335 613 -1
128 483 -1
101 483 -1
128 456 -1
128 475 -1
131 492 -1
82 492 -1
130 492 -1
118 492 -1
135 492 -1
1070 1313 -1
1070 1309 -1
1070 1367 -1
52 967 -1
52 998 -1
341 630 -1
312 630 -1
297 630 -1
295 630 -1
341 589 -1
164 1316 -1
406 1343 -1
380 1343 -1
374 1343 -1
431 1343 -1
168 1320 -1
168 1312 -1
168 1301 -1
18 472 -1
18 500 -1
387 1322 -1
387 1332 -1
387 1334 -1
387 1351 -1
306 489 -1
87 551 -1
122 840 -1
85 840 -1
517 737 -1
552 737 -1
556 737 -1
511 737 -1
517 775 -1
154 1338 -1
203 1338 -1
182 1338 -1
220 571 -1
126 572 -1
146 362 -1
210 362 -1
390 1327 -1
386 1327 -1
380 1327 -1
431 1327 -1
390 1354 -1
390 1341 -1
193 374 -1
155 374 -1
193 380 -1
193 406 -1
193 431 -1
489 594 -1
489 643 -1
489 644 -1
489 606 -1
488 593 -1
470 593 -1
455 593 -1
196 339 -1
179 339 -1
234 570 -1
234 552 -1
234 511 -1
193 1345 -1
155 1345 -1
687 1066 -1
134 494 -1
595 1015 -1
647 1015 -1
595 1076 -1
264 511 -1
264 552 -1
264 570 -1
264 556 -1
264 517 -1
262 505 -1
587 1310 -1
551 775 -1
551 737 -1
591 1312 -1
591 1320 -1
591 1301 -1
92 1097 -1
92 1122 -1
340 466 -1
342 1315 -1
84 501 -1
143 501 -1
403 1339 -1
403 1352 -1
403 1330 -1
403 1342 -1
149 1337 -1
149 1335 -1
429 1365 -1
94 452 -1
331 1342 -1
331 1352 -1
331 1330 -1
331 1339 -1
226 513 -1
632 1079 -1
632 1025 -1
173 1361 -1
396 1366 -1
191 374 -1
191 380 -1
191 406 -1
191 431 -1
308 1315 -1
148 364 -1
177 364 -1
144 364 -1
209 364 -1
211 364 -1
185 364 -1
190 364 -1
341 592 -1
312 592 -1
297 592 -1
295 592 -1
153 368 -1
378 1313 -1
365 1313 -1
378 1309 -1
378 1367 -1
363 1337 -1
363 1335 -1
15 476 -1
15 491 -1
15 486 -1
309 597 -1
358 597 -1
131 1079 -1
82 1079 -1
130 1079 -1
118 1079 -1
135 1079 -1
131 1025 -1
35 1352 -1
64 1352 -1
2 1352 -1
62 1352 -1
6 1352 -1
35 1330 -1
35 1339 -1
35 1342 -1
408 1344 -1
378 1312 -1
365 1312 -1
378 1320 -1
378 1301 -1
635 1316 -1
624 1316 -1
584 1316 -1
636 1316 -1
607 1316 -1
97 456 -1
97 475 -1
97 483 -1
85 487 -1
122 487 -1
428 1329 -1
361 1329 -1
406 1305 -1
380 1305 -1
374 1305 -1
431 1305 -1
428 1327 -1
361 1327 -1
428 1354 -1
428 1341 -1
1078 1312 -1
1078 1320 -1
1078 1301 -1
190 1340 -1
167 1340 -1
209 1340 -1
205 1340 -1
144 1340 -1
177 1340 -1
211 1340 -1
148 1340 -1
190 1347 -1
349 1319 -1
336 1319 -1
345 1319 -1
356 1319 -1
335 1319 -1
346 1317 -1
353 1317 -1
317 1317 -1
357 1317 -1
346 1358 -1
131 490 -1
82 490 -1
130 490 -1
118 490 -1
135 490 -1
146 360 -1
210 360 -1
307 596 -1
302 588 -1
169 1321 -1
374 1344 -1
380 1344 -1
406 1344 -1
431 1344 -1
84 500 -1
143 500 -1
84 472 -1
150 1303 -1
212 1303 -1
181 1303 -1
364 1299 -1
130 486 -1
82 486 -1
131 486 -1
118 486 -1
135 486 -1
130 491 -1
130 476 -1
1009 1348 -1
209 1361 -1
144 1361 -1
177 1361 -1
211 1361 -1
148 1361 -1
190 1361 -1
150 1299 -1
212 1299 -1
181 1299 -1
222 513 -1
304 501 -1
185 1339 -1
177 1339 -1
148 1339 -1
185 1352 -1
185 1330 -1
185 1342 -1
427 1364 -1
421 1364 -1
212 428 -1
181 428 -1
150 428 -1
212 361 -1
277 532 -1
194 376 -1
194 401 -1
194 412 -1
194 404 -1
194 413 -1
21 471 -1
303 1311 -1
323 1311 -1
303 1362 -1
303 1355 -1
165 1353 -1
193 1309 -1
155 1309 -1
193 1313 -1
193 1367 -1
60 1314 -1
309 1354 -1
358 1354 -1
309 1341 -1
309 1327 -1
374 1345 -1
380 1345 -1
406 1345 -1
431 1345 -1
227 552 -1
223 552 -1
227 570 -1
227 556 -1
227 517 -1
227 511 -1
333 582 -1
320 582 -1
293 582 -1
333 642 -1
333 579 -1
177 395 -1
144 395 -1
209 395 -1
211 395 -1
148 395 -1
185 395 -1
190 395 -1
94 451 -1
94 433 -1
94 498 -1
94 481 -1
94 447 -1
205 1322 -1
144 1322 -1
190 1322 -1
167 1322 -1
205 1332 -1
205 1334 -1
205 1351 -1
262 509 -1
308 1354 -1
308 1341 -1
308 1327 -1
186 1336 -1
177 1332 -1
144 1332 -1
209 1332 -1
211 1332 -1
148 1332 -1
185 1332 -1
190 1332 -1
177 1322 -1
177 1334 -1
177 1351 -1
205 386 -1
144 386 -1
190 386 -1
167 386 -1
205 380 -1
205 390 -1
205 431 -1
185 1336 -1
177 1336 -1
148 1336 -1
165 1354 -1
165 1341 -1
165 1327 -1
404 1304 -1
376 1304 -1
401 1304 -1
412 1304 -1
18 474 -1
18 446 -1
423 1321 -1
312 1355 -1
297 1355 -1
341 1355 -1
295 1355 -1
312 1362 -1
312 1311 -1
154 1304 -1
203 1304 -1
182 1304 -1
156 1341 -1
156 1354 -1
156 1327 -1
536 771 -1
527 771 -1
536 722 -1
536 758 -1
536 783 -1
89 517 -1
89 552 -1
89 556 -1
89 511 -1
164 312 -1
164 297 -1
164 341 -1
164 295 -1
313 639 -1
298 1343 -1
212 1365 -1
181 1365 -1
150 1365 -1
259 511 -1
259 552 -1
259 570 -1
259 556 -1
259 517 -1
308 1353 -1
301 1347 -1
301 1340 -1
153 1340 -1
153 1347 -1
414 1315 -1
427 1325 -1
421 1325 -1
427 1306 -1
54 967 -1
54 998 -1
543 739 -1
155 1308 -1
193 1308 -1
95 464 -1
120 464 -1
344 634 -1
199 378 -1
199 365 -1
199 307 -1
279 531 -1
279 529 -1
279 516 -1
279 558 -1
279 548 -1
297 582 -1
312 582 -1
341 582 -1
295 582 -1
297 642 -1
297 579 -1
537 736 -1
302 1311 -1
302 1362 -1
302 1355 -1
195 339 -1
224 548 -1
224 516 -1
224 555 -1
224 558 -1
224 529 -1
224 531 -1
224 567 -1
706 777 -1
682 777 -1
706 782 -1
706 735 -1
211 1365 -1
144 1365 -1
209 1365 -1
148 1365 -1
190 1365 -1
177 1365 -1
464 472 -1
464 500 -1
313 324 -1
288 327 -1
1011 1018 -1
28 33 -1
237 241 -1
