53 57 1
44 47 1
5 12 1
13 57 1
13 53 1
12 15 1
5 15 1
10 59 1
9 17 1
38 65 1
18 60 1
63 65 1
38 63 1
10 65 1
59 65 1
10 38 1
10 63 1
10 60 1
60 65 1
59 60 1
38 60 1
60 63 1
10 18 1
31 36 1
33 65 1
33 38 1
10 33 1
33 59 1
33 60 1
33 63 1
36 47 1
31 47 1
36 44 1
13 62 1
57 62 1
53 62 1
82 123 1
75 119 1
73 107 1
86 112 1
99 135 1
84 121 1
73 76 1
76 107 1
78 120 1
87 87 1
95 112 1
86 95 1
88 99 1
88 135 1
75 96 1
96 119 1
79 143 1
87 94 1
101 132 1
122 136 1
128 129 1
124 139 1
106 139 1
106 124 1
88 133 1
99 133 1
133 135 1
86 131 1
112 131 1
95 131 1
95 137 1
112 137 1
131 137 1
86 137 1
112 139 1
137 139 1
131 139 1
86 139 1
95 139 1
106 112 1
112 124 1
171 207 1
169 182 1
162 175 1
161 166 1
184 195 1
191 195 1
184 191 1
153 172 1
160 210 1
153 215 1
172 215 1
154 192 1
165 209 1
165 210 1
209 210 1
160 165 1
158 165 1
158 160 1
158 209 1
158 210 1
200 211 1
181 195 1
181 184 1
181 191 1
166 176 1
161 176 1
148 212 1
186 202 1
170 170 1
175 207 1
162 207 1
171 175 1
160 196 1
196 210 1
165 196 1
158 196 1
220 250 1
220 222 1
222 250 1
242 260 1
222 260 1
250 260 1
220 260 1
222 242 1
229 267 1
237 276 1
240 244 1
236 242 1
236 260 1
222 236 1
266 270 1
246 274 1
218 224 1
247 263 1
216 250 1
216 260 1
216 220 1
216 222 1
229 283 1
267 283 1
228 257 1
217 274 1
217 246 1
238 262 1
237 250 1
250 276 1
237 260 1
216 237 1
220 237 1
222 237 1
260 280 1
236 280 1
237 280 1
242 280 1
216 280 1
250 280 1
220 280 1
222 280 1
296 340 1
288 309 1
308 318 1
340 358 1
296 358 1
307 349 1
309 348 1
288 348 1
307 323 1
323 349 1
299 333 1
323 338 1
307 338 1
338 349 1
295 324 1
303 354 1
352 355 1
306 347 1
328 333 1
299 328 1
343 352 1
343 355 1
290 317 1
289 358 1
289 296 1
289 340 1
299 302 1
302 328 1
302 333 1
295 323 1
323 324 1
295 338 1
295 307 1
295 349 1
294 357 1
290 357 1
317 357 1
290 294 1
411 427 1
366 383 1
406 417 1
375 384 1
379 410 1
364 375 1
364 384 1
395 397 1
415 416 1
382 408 1
388 393 1
375 408 1
384 408 1
364 408 1
375 382 1
379 384 1
384 410 1
379 408 1
364 379 1
375 379 1
381 401 1
362 378 1
408 421 1
384 421 1
364 421 1
375 421 1
379 421 1
382 421 1
376 389 1
418 428 1
389 410 1
376 410 1
384 389 1
379 389 1
366 408 1
383 408 1
366 384 1
366 421 1
364 366 1
366 375 1
366 379 1
366 382 1
457 462 1
434 488 1
484 494 1
434 442 1
442 488 1
477 478 1
477 489 1
478 489 1
483 503 1
443 491 1
448 476 1
453 466 1
469 496 1
453 457 1
457 466 1
453 462 1
448 449 1
449 476 1
470 488 1
434 470 1
442 470 1
460 496 1
460 469 1
451 476 1
448 451 1
449 451 1
434 473 1
473 488 1
442 473 1
470 473 1
442 500 1
488 500 1
473 500 1
434 500 1
470 500 1
446 486 1
514 517 1
526 571 1
505 555 1
505 552 1
552 555 1
544 564 1
513 530 1
531 571 1
526 531 1
508 521 1
540 566 1
523 540 1
523 566 1
533 569 1
543 547 1
542 562 1
557 560 1
514 566 1
517 566 1
514 523 1
514 540 1
524 573 1
517 528 1
514 528 1
528 566 1
553 559 1
547 560 1
543 560 1
547 557 1
519 575 1
508 510 1
510 521 1
571 571 1
506 533 1
506 569 1
522 552 1
505 522 1
522 555 1
577 622 1
578 634 1
587 645 1
599 619 1
620 635 1
599 628 1
619 628 1
606 620 1
606 635 1
639 643 1
580 628 1
580 619 1
580 599 1
628 640 1
619 640 1
580 640 1
599 640 1
602 631 1
633 634 1
578 633 1
576 607 1
602 603 1
603 631 1
598 645 1
587 598 1
625 633 1
625 634 1
578 625 1
626 633 1
625 626 1
626 634 1
578 626 1
588 597 1
590 626 1
590 633 1
590 634 1
578 590 1
590 625 1
657 684 1
707 708 1
694 719 1
651 670 1
656 660 1
656 671 1
660 671 1
649 682 1
652 656 1
652 660 1
652 671 1
659 686 1
695 711 1
649 719 1
682 719 1
649 694 1
676 700 1
682 707 1
649 707 1
707 719 1
682 708 1
655 701 1
651 688 1
670 688 1
683 698 1
714 718 1
682 698 1
649 698 1
698 707 1
698 708 1
698 719 1
682 683 1
694 709 1
649 709 1
709 719 1
654 654 1
756 791 1
762 770 1
722 737 1
726 737 1
722 726 1
767 783 1
766 781 1
733 781 1
733 766 1
731 757 1
748 766 1
748 781 1
733 748 1
736 778 1
771 775 1
735 762 1
735 770 1
725 727 1
737 752 1
722 752 1
726 752 1
735 781 1
762 781 1
770 781 1
735 748 1
733 735 1
735 766 1
725 733 1
727 733 1
725 748 1
725 781 1
725 766 1
725 735 1
746 766 1
746 748 1
746 781 1
725 746 1
733 746 1
735 746 1
832 837 1
798 824 1
825 832 1
825 837 1
797 801 1
806 818 1
802 860 1
819 827 1
819 836 1
827 836 1
846 849 1
823 853 1
814 824 1
798 814 1
794 841 1
797 827 1
801 827 1
797 819 1
797 836 1
796 822 1
809 859 1
793 844 1
816 823 1
816 853 1
837 852 1
832 852 1
825 852 1
816 844 1
844 853 1
823 844 1
793 816 1
793 861 1
816 861 1
844 861 1
814 817 1
817 824 1
798 817 1
901 903 1
880 904 1
876 932 1
877 886 1
902 917 1
872 892 1
875 880 1
875 904 1
868 870 1
925 927 1
875 881 1
880 881 1
881 904 1
883 925 1
883 927 1
880 900 1
900 904 1
881 900 1
875 900 1
922 925 1
883 922 1
922 927 1
871 935 1
909 920 1
887 892 1
872 887 1
900 925 1
880 925 1
904 925 1
875 925 1
881 925 1
883 900 1
900 922 1
900 927 1
923 929 1
885 923 1
885 929 1
984 992 1
964 965 1
948 976 1
986 998 1
977 977 1
939 973 1
951 953 1
962 999 1
971 987 1
965 998 1
964 998 1
965 986 1
979 989 1
943 967 1
961 974 1
947 997 1
939 977 1
973 977 1
947 960 1
960 997 1
950 999 1
950 962 1
975 985 1
970 988 1
942 943 1
942 967 1
968 987 1
968 971 1
939 988 1
977 988 1
973 988 1
939 970 1
952 979 1
952 989 1
967 1002 1
942 1002 1
943 1002 1
1008 1045 1
1039 1050 1
1039 1058 1
1050 1058 1
1037 1073 1
1011 1073 1
1011 1037 1
1036 1060 1
1034 1050 1
1034 1058 1
1034 1039 1
1036 1073 1
1060 1073 1
1011 1036 1
1036 1037 1
1014 1021 1
1031 1071 1
1074 1075 1
1064 1071 1
1031 1064 1
1011 1063 1
1063 1073 1
1036 1063 1
1037 1063 1
1013 1061 1
1060 1070 1
1070 1073 1
1036 1070 1
1015 1060 1
1015 1073 1
1015 1036 1
1015 1070 1
1042 1048 1
1034 1041 1
1041 1050 1
1041 1058 1
1039 1041 1
1130 1138 1
1100 1148 1
1092 1095 1
1097 1140 1
1116 1137 1
1103 1131 1
1086 1099 1
1089 1143 1
1116 1121 1
1121 1137 1
1111 1126 1
1092 1098 1
1095 1098 1
1092 1136 1
1098 1136 1
1095 1136 1
1129 1129 1
1135 1145 1
1118 1118 1
1081 1143 1
1081 1089 1
1146 1151 1
1083 1113 1
1102 1141 1
1120 1150 1
1098 1131 1
1131 1136 1
1092 1131 1
1095 1131 1
1098 1103 1
1112 1145 1
1112 1135 1
1132 1142 1
1118 1128 1
1083 1146 1
1113 1146 1
1083 1151 1
1168 1222 1
1153 1178 1
1191 1219 1
1166 1182 1
1160 1173 1
1179 1218 1
1168 1195 1
1195 1222 1
1187 1198 1
1155 1171 1
1165 1209 1
1196 1198 1
1187 1196 1
1169 1173 1
1160 1169 1
1182 1219 1
1166 1219 1
1182 1191 1
1192 1221 1
1194 1221 1
1192 1194 1
1193 1206 1
1155 1190 1
1171 1190 1
1184 1202 1
1185 1202 1
1184 1185 1
1178 1222 1
1153 1222 1
1168 1178 1
1178 1195 1
1171 1189 1
1155 1189 1
1189 1190 1
1165 1203 1
1203 1209 1
1231 1277 1
1229 1294 1
1269 1290 1
1226 1260 1
1236 1242 1
1248 1263 1
1246 1254 1
1234 1263 1
1234 1248 1
1229 1261 1
1261 1294 1
1251 1286 1
1233 1276 1
1245 1287 1
1267 1272 1
1231 1248 1
1248 1277 1
1231 1234 1
1231 1263 1
1268 1277 1
1248 1268 1
1231 1268 1
1274 1291 1
1240 1261 1
1229 1240 1
1240 1294 1
1263 1269 1
1248 1269 1
1234 1269 1
1231 1269 1
1263 1290 1
1229 1253 1
1240 1253 1
1253 1261 1
1253 1294 1
1249 1292 1
1342 1360 1
1327 1336 1
1343 1357 1
1329 1333 1
1339 1363 1
1324 1353 1
1306 1314 1
1298 1323 1
1339 1354 1
1354 1363 1
1308 1356 1
1314 1367 1
1306 1367 1
1337 1350 1
1296 1360 1
1296 1342 1
1355 1357 1
1343 1355 1
1345 1351 1
1343 1349 1
1349 1355 1
1349 1357 1
1314 1358 1
1306 1358 1
1358 1367 1
1333 1336 1
1329 1336 1
1327 1333 1
1321 1326 1
1309 1357 1
1309 1355 1
1309 1349 1
1309 1343 1
1298 1319 1
1319 1323 1
1323 1346 1
1298 1346 1
1319 1346 1
1389 1426 1
1381 1389 1
1381 1426 1
1372 1437 1
1375 1398 1
1368 1420 1
1386 1386 1
1408 1411 1
1379 1387 1
1392 1395 1
1397 1398 1
1375 1397 1
1388 1398 1
1388 1397 1
1375 1388 1
1387 1437 1
1379 1437 1
1372 1387 1
1400 1406 1
1380 1439 1
1404 1423 1
1411 1438 1
1408 1438 1
1390 1411 1
1390 1408 1
1390 1438 1
1389 1403 1
1403 1426 1
1381 1403 1
1423 1428 1
1404 1428 1
1375 1408 1
1388 1408 1
1397 1408 1
1398 1408 1
1375 1411 1
1375 1390 1
1375 1438 1
1141 1203 -1
1102 1203 -1
1141 1209 -1
1141 1165 -1
526 1077 -1
531 1077 -1
571 1077 -1
94 538 -1
87 538 -1
659 1042 -1
686 1042 -1
659 1048 -1
465 1343 -1
465 1355 -1
465 1309 -1
465 1357 -1
465 1349 -1
59 996 -1
65 996 -1
10 996 -1
60 996 -1
33 996 -1
442 1264 -1
488 1264 -1
473 1264 -1
434 1264 -1
500 1264 -1
470 1264 -1
45 876 -1
45 932 -1
292 988 -1
292 977 -1
292 970 -1
292 939 -1
292 973 -1
146 1162 -1
685 749 -1
703 1166 -1
703 1219 -1
703 1182 -1
366 1218 -1
384 1218 -1
421 1218 -1
364 1218 -1
375 1218 -1
408 1218 -1
379 1218 -1
382 1218 -1
383 1218 -1
366 1179 -1
551 1041 -1
551 1034 -1
551 1058 -1
551 1050 -1
551 1039 -1
1212 1312 -1
998 1012 -1
986 1012 -1
964 1012 -1
965 1012 -1
216 332 -1
260 332 -1
237 332 -1
280 332 -1
250 332 -1
220 332 -1
222 332 -1
297 921 -1
533 903 -1
569 903 -1
506 903 -1
533 901 -1
106 850 -1
112 850 -1
139 850 -1
124 850 -1
116 346 -1
100 530 -1
100 513 -1
607 909 -1
576 909 -1
607 920 -1
1290 1432 -1
1269 1432 -1
1263 1432 -1
395 1345 -1
397 1345 -1
395 1351 -1
430 853 -1
430 816 -1
430 844 -1
430 823 -1
568 609 -1
343 388 -1
352 388 -1
355 388 -1
343 393 -1
510 1083 -1
521 1083 -1
508 1083 -1
510 1113 -1
510 1146 -1
510 1151 -1
164 924 -1
974 1051 -1
961 1051 -1
162 1014 -1
207 1014 -1
175 1014 -1
162 1021 -1
910 1326 -1
910 1321 -1
308 1020 -1
318 1020 -1
1004 1396 -1
339 1085 -1
93 1169 -1
93 1160 -1
93 1173 -1
234 409 -1
107 701 -1
73 701 -1
76 701 -1
107 655 -1
652 1237 -1
656 1237 -1
660 1237 -1
671 1237 -1
416 1384 -1
415 1384 -1
935 1115 -1
871 1115 -1
917 1267 -1
902 1267 -1
917 1272 -1
718 798 -1
714 798 -1
718 824 -1
718 817 -1
718 814 -1
695 1172 -1
711 1172 -1
456 608 -1
331 648 -1
831 1142 -1
831 1132 -1
525 840 -1
433 580 -1
433 640 -1
433 619 -1
433 628 -1
433 599 -1
934 1185 -1
934 1184 -1
934 1202 -1
321 779 -1
218 988 -1
224 988 -1
218 977 -1
218 970 -1
218 939 -1
218 973 -1
648 1298 -1
648 1346 -1
648 1323 -1
648 1319 -1
146 820 -1
138 1258 -1
645 1435 -1
587 1435 -1
598 1435 -1
1215 1237 -1
774 947 -1
774 960 -1
774 997 -1
766 933 -1
746 933 -1
748 933 -1
781 933 -1
725 933 -1
733 933 -1
735 933 -1
823 1242 -1
816 1242 -1
844 1242 -1
853 1242 -1
823 1236 -1
640 1005 -1
580 1005 -1
619 1005 -1
628 1005 -1
599 1005 -1
887 1313 -1
872 1313 -1
892 1313 -1
11 889 -1
1051 1235 -1
858 1122 -1
631 1029 -1
602 1029 -1
603 1029 -1
198 616 -1
865 1117 -1
509 682 -1
509 707 -1
509 708 -1
509 649 -1
509 683 -1
509 719 -1
509 698 -1
127 391 -1
534 1057 -1
288 1163 -1
348 1163 -1
309 1163 -1
568 1425 -1
385 664 -1
1125 1317 -1
559 851 -1
553 851 -1
1136 1171 -1
1098 1171 -1
1131 1171 -1
1092 1171 -1
1095 1171 -1
1136 1155 -1
1136 1189 -1
1136 1190 -1
1129 1431 -1
313 463 -1
28 500 -1
28 488 -1
28 473 -1
28 442 -1
28 434 -1
28 470 -1
744 1360 -1
744 1296 -1
744 1342 -1
846 1414 -1
849 1414 -1
347 510 -1
306 510 -1
347 521 -1
347 508 -1
502 1236 -1
502 1242 -1
580 821 -1
640 821 -1
619 821 -1
628 821 -1
599 821 -1
1139 1402 -1
262 588 -1
238 588 -1
262 597 -1
117 780 -1
890 1150 -1
890 1120 -1
824 1358 -1
817 1358 -1
814 1358 -1
798 1358 -1
824 1314 -1
824 1306 -1
824 1367 -1
299 1225 -1
328 1225 -1
333 1225 -1
302 1225 -1
529 945 -1
1314 1392 -1
1306 1392 -1
1358 1392 -1
1367 1392 -1
1314 1395 -1
733 874 -1
746 874 -1
748 874 -1
781 874 -1
725 874 -1
727 874 -1
766 874 -1
735 874 -1
429 1336 -1
429 1329 -1
429 1333 -1
429 1327 -1
333 1175 -1
328 1175 -1
299 1175 -1
302 1175 -1
396 744 -1
1117 1232 -1
519 1190 -1
575 1190 -1
519 1155 -1
519 1171 -1
519 1189 -1
1179 1271 -1
1218 1271 -1
287 463 -1
411 658 -1
427 658 -1
305 1107 -1
310 733 -1
310 746 -1
310 748 -1
310 781 -1
310 725 -1
310 727 -1
310 766 -1
310 735 -1
431 1065 -1
567 1412 -1
559 1321 -1
553 1321 -1
559 1326 -1
309 630 -1
288 630 -1
348 630 -1
935 959 -1
871 959 -1
365 1034 -1
365 1041 -1
365 1050 -1
365 1058 -1
365 1039 -1
563 1230 -1
739 895 -1
822 1000 -1
796 1000 -1
567 678 -1
92 1021 -1
92 1014 -1
186 608 -1
202 608 -1
88 197 -1
99 197 -1
133 197 -1
135 197 -1
214 781 -1
214 770 -1
214 746 -1
214 748 -1
214 725 -1
214 762 -1
214 733 -1
214 766 -1
214 735 -1
25 741 -1
296 438 -1
289 438 -1
340 438 -1
358 438 -1
322 513 -1
322 530 -1
285 533 -1
285 569 -1
285 506 -1
1083 1224 -1
1113 1224 -1
1146 1224 -1
1151 1224 -1
308 620 -1
318 620 -1
308 635 -1
308 606 -1
84 260 -1
121 260 -1
84 236 -1
84 237 -1
84 280 -1
84 242 -1
84 216 -1
84 250 -1
84 220 -1
84 222 -1
440 706 -1
887 1261 -1
872 1261 -1
892 1261 -1
887 1240 -1
887 1229 -1
887 1294 -1
887 1253 -1
1089 1361 -1
1081 1361 -1
1143 1361 -1
400 757 -1
400 731 -1
777 1132 -1
777 1142 -1
686 724 -1
659 724 -1
130 1092 -1
130 1136 -1
130 1098 -1
130 1131 -1
130 1095 -1
1195 1313 -1
1168 1313 -1
1178 1313 -1
1222 1313 -1
871 966 -1
935 966 -1
463 1226 -1
463 1260 -1
770 1219 -1
762 1219 -1
781 1219 -1
735 1219 -1
770 1166 -1
770 1182 -1
770 1191 -1
142 587 -1
142 645 -1
142 598 -1
206 529 -1
967 1166 -1
1002 1166 -1
942 1166 -1
943 1166 -1
967 1219 -1
967 1182 -1
218 959 -1
224 959 -1
715 751 -1
562 1003 -1
542 1003 -1
417 534 -1
406 534 -1
551 1290 -1
551 1269 -1
551 1263 -1
262 1422 -1
238 1422 -1
333 1129 -1
328 1129 -1
299 1129 -1
302 1129 -1
1105 1172 -1
1258 1371 -1
596 1206 -1
596 1193 -1
355 827 -1
352 827 -1
343 827 -1
355 801 -1
355 819 -1
355 836 -1
355 797 -1
541 898 -1
17 877 -1
9 877 -1
17 886 -1
584 1066 -1
451 1218 -1
448 1218 -1
449 1218 -1
476 1218 -1
451 1179 -1
186 698 -1
202 698 -1
186 707 -1
186 708 -1
186 649 -1
186 682 -1
186 683 -1
186 719 -1
25 279 -1
241 1065 -1
52 788 -1
686 832 -1
659 832 -1
686 825 -1
686 852 -1
686 837 -1
413 645 -1
413 587 -1
413 598 -1
734 873 -1
66 892 -1
66 872 -1
66 887 -1
271 930 -1
706 985 -1
706 975 -1
310 410 -1
310 384 -1
310 376 -1
310 379 -1
310 389 -1
13 1097 -1
57 1097 -1
53 1097 -1
62 1097 -1
13 1140 -1
31 1433 -1
36 1433 -1
47 1433 -1
858 1125 -1
654 979 -1
654 952 -1
654 989 -1
1066 1320 -1
324 1032 -1
323 1032 -1
295 1032 -1
10 524 -1
65 524 -1
38 524 -1
33 524 -1
18 524 -1
59 524 -1
60 524 -1
63 524 -1
10 573 -1
955 1430 -1
811 1414 -1
804 1248 -1
804 1231 -1
804 1234 -1
804 1268 -1
804 1269 -1
804 1263 -1
804 1277 -1
143 1092 -1
79 1092 -1
143 1136 -1
143 1098 -1
143 1131 -1
143 1095 -1
1066 1351 -1
1066 1345 -1
125 920 -1
125 909 -1
877 941 -1
886 941 -1
340 959 -1
296 959 -1
289 959 -1
358 959 -1
1019 1081 -1
1019 1089 -1
1019 1143 -1
248 827 -1
248 801 -1
248 819 -1
248 836 -1
248 797 -1
340 741 -1
296 741 -1
289 741 -1
358 741 -1
174 811 -1
174 1119 -1
195 1394 -1
184 1394 -1
181 1394 -1
191 1394 -1
601 770 -1
601 762 -1
601 781 -1
601 735 -1
145 1425 -1
715 912 -1
88 1347 -1
99 1347 -1
133 1347 -1
135 1347 -1
539 694 -1
539 649 -1
539 709 -1
539 719 -1
620 1085 -1
635 1085 -1
606 1085 -1
589 1412 -1
925 1143 -1
900 1143 -1
904 1143 -1
875 1143 -1
880 1143 -1
881 1143 -1
883 1143 -1
922 1143 -1
927 1143 -1
925 1089 -1
925 1081 -1
0 1064 -1
0 1031 -1
0 1071 -1
365 751 -1
821 893 -1
90 265 -1
1285 1408 -1
1285 1411 -1
1285 1388 -1
1285 1390 -1
1285 1397 -1
1285 1398 -1
1285 1438 -1
1285 1375 -1
215 1159 -1
153 1159 -1
172 1159 -1
113 179 -1
566 757 -1
528 757 -1
514 757 -1
523 757 -1
540 757 -1
517 757 -1
566 731 -1
475 599 -1
475 640 -1
475 580 -1
475 619 -1
475 628 -1
185 719 -1
185 707 -1
185 709 -1
185 649 -1
185 682 -1
185 694 -1
185 698 -1
776 1120 -1
776 1150 -1
296 1367 -1
289 1367 -1
340 1367 -1
358 1367 -1
296 1314 -1
296 1306 -1
296 1358 -1
243 1046 -1
168 991 -1
1018 1110 -1
1195 1402 -1
1168 1402 -1
1178 1402 -1
1222 1402 -1
353 416 -1
353 415 -1
665 1008 -1
665 1045 -1
416 859 -1
415 859 -1
416 809 -1
72 926 -1
147 607 -1
147 576 -1
866 1115 -1
0 405 -1
454 820 -1
862 1388 -1
862 1408 -1
862 1397 -1
862 1398 -1
862 1375 -1
79 1395 -1
143 1395 -1
79 1392 -1
190 619 -1
190 640 -1
190 580 -1
190 628 -1
190 599 -1
346 839 -1
549 804 -1
282 585 -1
603 1229 -1
602 1229 -1
631 1229 -1
603 1240 -1
603 1261 -1
603 1294 -1
603 1253 -1
1070 1122 -1
1073 1122 -1
1060 1122 -1
1036 1122 -1
1015 1122 -1
10 713 -1
65 713 -1
38 713 -1
33 713 -1
18 713 -1
59 713 -1
60 713 -1
63 713 -1
590 1183 -1
633 1183 -1
626 1183 -1
578 1183 -1
634 1183 -1
625 1183 -1
410 1150 -1
384 1150 -1
376 1150 -1
379 1150 -1
389 1150 -1
410 1120 -1
693 906 -1
488 1117 -1
473 1117 -1
434 1117 -1
500 1117 -1
442 1117 -1
470 1117 -1
58 276 -1
58 250 -1
58 237 -1
570 1118 -1
570 1128 -1
15 1196 -1
12 1196 -1
5 1196 -1
15 1187 -1
15 1198 -1
