51 61 1
38 50 1
23 37 1
14 61 1
14 51 1
28 52 1
1 20 1
7 49 1
15 43 1
81 116 1
115 126 1
79 137 1
97 124 1
96 104 1
77 88 1
110 138 1
90 108 1
79 88 1
88 137 1
77 79 1
155 170 1
144 205 1
152 185 1
183 191 1
182 184 1
148 181 1
201 209 1
165 174 1
162 169 1
222 240 1
222 285 1
240 285 1
221 232 1
217 237 1
221 242 1
232 242 1
228 251 1
263 273 1
319 353 1
293 347 1
298 355 1
317 317 1
324 358 1
297 327 1
313 350 1
301 329 1
317 327 1
297 317 1
389 430 1
398 419 1
391 421 1
411 430 1
389 411 1
386 413 1
369 375 1
408 414 1
374 406 1
473 480 1
462 463 1
439 451 1
480 498 1
473 498 1
472 503 1
474 477 1
479 497 1
452 475 1
531 563 1
531 540 1
540 563 1
531 567 1
563 567 1
540 567 1
534 556 1
520 549 1
525 547 1
612 636 1
607 645 1
578 635 1
591 607 1
591 645 1
576 619 1
607 623 1
623 645 1
591 623 1
661 712 1
713 718 1
681 705 1
698 709 1
708 712 1
661 708 1
648 670 1
663 701 1
708 717 1
712 717 1
661 717 1
732 770 1
750 761 1
721 790 1
723 726 1
733 789 1
753 775 1
745 789 1
733 745 1
731 781 1
795 832 1
827 827 1
796 814 1
804 821 1
806 814 1
796 806 1
816 818 1
794 847 1
823 830 1
870 921 1
871 903 1
899 902 1
906 929 1
872 877 1
924 929 1
906 924 1
874 879 1
910 923 1
975 1005 1
960 984 1
943 982 1
951 1003 1
1000 1001 1
974 994 1
953 988 1
974 988 1
988 994 1
953 974 1
1008 1013 1
1011 1014 1
1016 1018 1
1023 1050 1
1013 1022 1
1008 1022 1
1042 1064 1
1032 1060 1
1022 1064 1
1008 1064 1
1013 1064 1
1022 1042 1
1096 1125 1
1102 1124 1
1085 1117 1
1102 1112 1
1112 1124 1
1083 1130 1
1113 1145 1
1080 1083 1
1080 1130 1
1169 1175 1
1157 1169 1
1157 1175 1
1193 1215 1
1162 1198 1
1175 1193 1
1169 1193 1
1157 1193 1
1175 1215 1
1286 1290 1
1258 1268 1
1244 1273 1
1249 1249 1
1274 1283 1
1236 1240 1
1231 1269 1
1248 1291 1
1250 1292 1
1325 1356 1
1298 1301 1
1367 1367 1
1324 1362 1
1306 1328 1
1312 1348 1
1327 1344 1
1307 1311 1
1329 1340 1
1385 1404 1
1422 1429 1
1383 1400 1
1406 1408 1
1375 1427 1
1396 1413 1
1381 1433 1
1398 1401 1
1436 1438 1
259 505 -1
222 546 -1
240 546 -1
285 546 -1
228 567 -1
251 567 -1
228 563 -1
228 531 -1
228 540 -1
424 1323 -1
373 1345 -1
172 1360 -1
205 1320 -1
144 1320 -1
188 1341 -1
303 500 -1
205 1359 -1
144 1359 -1
314 935 -1
146 1334 -1
369 1306 -1
375 1306 -1
369 1328 -1
990 1350 -1
88 556 -1
137 556 -1
77 556 -1
79 556 -1
88 534 -1
112 460 -1
147 399 -1
430 1330 -1
411 1330 -1
389 1330 -1
92 1091 -1
954 1350 -1
146 362 -1
312 638 -1
336 623 -1
336 591 -1
336 645 -1
336 607 -1
346 1316 -1
337 1345 -1
152 1338 -1
185 1338 -1
195 410 -1
74 498 -1
74 480 -1
74 473 -1
170 1358 -1
155 1358 -1
169 1321 -1
162 1321 -1
391 1325 -1
421 1325 -1
391 1356 -1
123 514 -1
340 465 -1
213 1328 -1
213 1306 -1
157 1308 -1
426 1328 -1
426 1306 -1
422 1358 -1
118 1056 -1
280 533 -1
192 371 -1
129 492 -1
213 429 -1
121 834 -1
300 1345 -1
346 1354 -1
279 532 -1
306 486 -1
417 1317 -1
96 448 -1
104 448 -1
88 518 -1
137 518 -1
77 518 -1
79 518 -1
432 630 -1
153 369 -1
153 375 -1
261 504 -1
221 568 -1
232 568 -1
242 568 -1
124 513 -1
97 513 -1
200 1317 -1
156 1341 -1
107 459 -1
269 511 -1
180 1335 -1
93 524 -1
193 1310 -1
262 508 -1
590 1348 -1
590 1312 -1
342 462 -1
342 463 -1
410 1308 -1
15 472 -1
43 472 -1
15 503 -1
1013 1313 -1
1008 1313 -1
1064 1313 -1
1022 1313 -1
341 592 -1
1078 1313 -1
192 373 -1
405 1339 -1
213 1365 -1
304 497 -1
304 479 -1
312 603 -1
339 627 -1
388 1325 -1
388 1356 -1
18 473 -1
18 480 -1
18 498 -1
117 1065 -1
150 1300 -1
311 1354 -1
206 1359 -1
222 548 -1
240 548 -1
285 548 -1
187 1337 -1
199 343 -1
214 429 -1
536 770 -1
536 732 -1
160 1313 -1
1077 1313 -1
632 1079 -1
236 567 -1
236 563 -1
236 531 -1
236 540 -1
48 968 -1
296 1342 -1
89 522 -1
1014 1313 -1
1011 1313 -1
413 1007 -1
386 1007 -1
419 1319 -1
398 1319 -1
402 1302 -1
214 394 -1
229 567 -1
229 563 -1
229 531 -1
229 540 -1
210 1326 -1
425 1327 -1
425 1344 -1
309 597 -1
69 497 -1
69 479 -1
233 571 -1
334 1309 -1
127 567 -1
127 563 -1
127 531 -1
127 540 -1
161 1017 -1
110 459 -1
138 459 -1
549 776 -1
520 776 -1
169 1360 -1
162 1360 -1
197 304 -1
413 1313 -1
386 1313 -1
