29 69 1
28 46 1
9 54 1
32 47 1
4 65 1
19 49 1
62 65 1
4 62 1
40 53 1
27 47 1
27 32 1
17 33 1
46 54 1
28 54 1
9 46 1
10 40 1
10 53 1
33 66 1
17 66 1
39 64 1
60 63 1
48 54 1
9 48 1
28 48 1
46 48 1
28 50 1
48 50 1
50 54 1
46 50 1
30 62 1
30 65 1
4 30 1
40 67 1
10 67 1
53 67 1
37 67 1
37 40 1
10 37 1
37 53 1
92 137 1
103 127 1
112 116 1
96 130 1
111 114 1
129 134 1
115 131 1
78 96 1
78 130 1
75 141 1
90 120 1
126 136 1
80 85 1
89 142 1
131 136 1
115 136 1
126 131 1
118 120 1
90 118 1
74 113 1
110 139 1
115 138 1
136 138 1
131 138 1
83 133 1
73 131 1
73 136 1
73 138 1
73 115 1
73 126 1
74 86 1
86 113 1
122 128 1
103 116 1
116 127 1
103 112 1
153 175 1
201 215 1
162 176 1
165 194 1
155 159 1
146 211 1
199 207 1
192 206 1
177 189 1
152 204 1
185 206 1
185 192 1
154 184 1
144 175 1
144 153 1
164 188 1
203 214 1
196 214 1
196 203 1
167 209 1
168 198 1
198 199 1
168 199 1
198 207 1
184 212 1
154 212 1
172 211 1
146 172 1
155 174 1
159 174 1
146 178 1
178 211 1
172 178 1
161 202 1
186 196 1
186 203 1
186 214 1
236 276 1
231 243 1
218 287 1
234 240 1
238 284 1
282 287 1
218 282 1
253 277 1
262 272 1
250 275 1
231 276 1
243 276 1
231 236 1
242 286 1
271 272 1
262 271 1
221 248 1
261 273 1
225 230 1
249 251 1
222 240 1
222 234 1
253 259 1
259 277 1
253 270 1
259 270 1
270 277 1
261 276 1
273 276 1
243 261 1
236 261 1
231 261 1
228 239 1
222 251 1
240 251 1
234 251 1
222 249 1
304 321 1
304 329 1
321 329 1
293 321 1
293 304 1
293 329 1
320 352 1
328 348 1
332 348 1
328 332 1
344 345 1
322 350 1
334 347 1
316 343 1
316 325 1
325 343 1
312 315 1
352 358 1
320 358 1
307 352 1
307 320 1
307 358 1
292 307 1
292 352 1
292 320 1
292 358 1
293 303 1
303 304 1
303 321 1
303 329 1
307 341 1
341 352 1
320 341 1
292 341 1
341 358 1
329 357 1
304 357 1
321 357 1
293 357 1
303 357 1
371 387 1
377 391 1
413 428 1
367 422 1
395 415 1
406 408 1
379 398 1
366 392 1
370 375 1
426 430 1
396 425 1
413 430 1
428 430 1
413 426 1
382 400 1
361 400 1
361 382 1
363 399 1
394 427 1
396 409 1
409 425 1
371 382 1
382 387 1
371 400 1
361 371 1
364 410 1
388 407 1
390 419 1
370 407 1
375 407 1
370 388 1
406 418 1
408 418 1
378 416 1
380 395 1
380 415 1
458 471 1
457 500 1
492 498 1
482 485 1
469 503 1
445 488 1
475 487 1
451 468 1
465 484 1
448 496 1
474 492 1
474 498 1
460 478 1
447 488 1
445 447 1
496 501 1
448 501 1
465 479 1
479 484 1
439 467 1
462 479 1
462 465 1
462 484 1
441 446 1
469 495 1
495 503 1
454 478 1
454 460 1
438 485 1
438 482 1
487 491 1
475 491 1
445 491 1
488 491 1
447 491 1
445 475 1
445 487 1
508 562 1
527 537 1
520 556 1
505 542 1
537 574 1
527 574 1
520 544 1
544 556 1
524 538 1
544 562 1
520 562 1
556 562 1
508 544 1
572 575 1
535 555 1
560 561 1
540 559 1
553 569 1
525 546 1
546 548 1
525 548 1
539 545 1
520 575 1
544 575 1
562 575 1
556 575 1
520 572 1
552 558 1
565 565 1
537 573 1
573 574 1
527 573 1
536 575 1
536 544 1
520 536 1
536 556 1
536 562 1
536 572 1
588 589 1
623 624 1
636 646 1
591 616 1
619 619 1
606 621 1
586 591 1
586 616 1
596 623 1
596 624 1
580 588 1
580 589 1
603 618 1
580 631 1
588 631 1
589 631 1
600 602 1
577 616 1
577 586 1
577 591 1
599 615 1
610 633 1
602 609 1
600 609 1
586 589 1
589 616 1
577 589 1
589 591 1
580 586 1
586 588 1
586 631 1
618 635 1
603 635 1
608 619 1
588 647 1
586 647 1
580 647 1
589 647 1
631 647 1
691 693 1
650 695 1
657 693 1
657 691 1
673 673 1
670 676 1
667 679 1
654 681 1
660 686 1
659 671 1
681 711 1
654 711 1
653 686 1
653 660 1
656 693 1
656 657 1
656 691 1
652 711 1
652 681 1
652 654 1
659 709 1
671 709 1
692 713 1
689 689 1
690 706 1
677 686 1
660 677 1
653 677 1
649 659 1
649 709 1
649 671 1
689 706 1
689 690 1
701 712 1
657 702 1
656 702 1
691 702 1
693 702 1
768 775 1
754 762 1
737 781 1
784 786 1
773 784 1
773 786 1
736 752 1
723 742 1
723 775 1
742 775 1
723 768 1
735 743 1
720 731 1
721 738 1
720 781 1
731 781 1
720 737 1
774 788 1
768 778 1
723 778 1
775 778 1
723 790 1
768 790 1
778 790 1
742 790 1
775 790 1
764 790 1
764 768 1
742 764 1
764 775 1
764 778 1
723 764 1
742 778 1
742 768 1
748 771 1
737 739 1
720 739 1
739 781 1
826 834 1
799 800 1
812 851 1
834 841 1
826 841 1
824 844 1
846 849 1
792 807 1
814 819 1
792 800 1
800 807 1
792 799 1
797 835 1
823 859 1
816 846 1
816 849 1
815 857 1
808 819 1
808 814 1
827 841 1
827 834 1
826 827 1
803 861 1
812 856 1
851 856 1
817 839 1
828 852 1
803 831 1
831 861 1
811 840 1
822 862 1
851 855 1
855 856 1
812 855 1
793 824 1
793 844 1
890 924 1
885 909 1
909 913 1
885 913 1
878 919 1
884 916 1
873 928 1
864 927 1
885 934 1
913 934 1
909 934 1
870 873 1
870 928 1
917 921 1
868 913 1
868 909 1
868 934 1
868 885 1
880 892 1
886 896 1
879 898 1
913 919 1
868 919 1
909 919 1
919 934 1
885 919 1
878 913 1
867 914 1
884 923 1
916 923 1
887 891 1
869 903 1
886 900 1
896 900 1
901 912 1
889 892 1
880 889 1
954 973 1
938 949 1
940 957 1
942 960 1
959 965 1
1001 1007 1
965 988 1
959 988 1
961 996 1
962 996 1
961 962 1
953 953 1
979 1006 1
939 953 1
966 989 1
948 980 1
945 973 1
945 954 1
939 987 1
953 987 1
983 988 1
965 983 1
959 983 1
958 978 1
992 1001 1
992 1007 1
964 990 1
969 975 1
939 966 1
953 966 1
966 987 1
939 989 1
991 996 1
961 991 1
962 991 1
938 971 1
949 971 1
1034 1043 1
1040 1074 1
1011 1019 1
1044 1050 1
1059 1070 1
1022 1045 1
1056 1068 1
1024 1052 1
1020 1023 1
1033 1047 1
1044 1079 1
1050 1079 1
1044 1068 1
1050 1068 1
1068 1079 1
1044 1056 1
1064 1078 1
1032 1053 1
1029 1060 1
1047 1066 1
1033 1066 1
1012 1051 1
1058 1065 1
1029 1067 1
1060 1067 1
1019 1026 1
1011 1026 1
1024 1049 1
1049 1052 1
1021 1040 1
1021 1074 1
1021 1066 1
1040 1066 1
1066 1074 1
1021 1033 1
1021 1047 1
1097 1109 1
1113 1148 1
1104 1115 1
1141 1151 1
1104 1116 1
1115 1116 1
1135 1148 1
1113 1135 1
1117 1123 1
1116 1135 1
1104 1135 1
1115 1135 1
1113 1116 1
1116 1148 1
1095 1107 1
1101 1146 1
1101 1115 1
1115 1146 1
1101 1104 1
1101 1116 1
1101 1135 1
1080 1115 1
1080 1101 1
1080 1135 1
1080 1104 1
1080 1146 1
1080 1116 1
1091 1119 1
1088 1118 1
1086 1115 1
1086 1101 1
1086 1135 1
1086 1104 1
1080 1086 1
1086 1146 1
1086 1116 1
1164 1217 1
1172 1194 1
1154 1196 1
1202 1213 1
1182 1218 1
1187 1223 1
1152 1167 1
1154 1184 1
1184 1196 1
1155 1185 1
1179 1223 1
1179 1187 1
1185 1206 1
1155 1206 1
1209 1221 1
1190 1203 1
1209 1222 1
1221 1222 1
1159 1175 1
1177 1213 1
1177 1202 1
1176 1217 1
1164 1176 1
1188 1212 1
1166 1211 1
1189 1196 1
1184 1189 1
1154 1189 1
1160 1192 1
1211 1217 1
1166 1217 1
1176 1211 1
1164 1211 1
1157 1189 1
1157 1184 1
1154 1157 1
1157 1196 1
1252 1277 1
1256 1293 1
1268 1288 1
1224 1262 1
1237 1238 1
1230 1243 1
1250 1295 1
1252 1283 1
1277 1283 1
1244 1262 1
1224 1244 1
1249 1295 1
1249 1250 1
1228 1257 1
1257 1282 1
1228 1282 1
1241 1270 1
1247 1253 1
1254 1256 1
1254 1293 1
1241 1262 1
1262 1270 1
1224 1241 1
1241 1244 1
1265 1275 1
1276 1294 1
1263 1269 1
1237 1274 1
1238 1274 1
1231 1252 1
1231 1283 1
1231 1277 1
1262 1292 1
1224 1292 1
1241 1292 1
1244 1292 1
1270 1292 1
1315 1316 1
1339 1342 1
1300 1357 1
1335 1340 1
1300 1310 1
1310 1357 1
1345 1354 1
1306 1364 1
1299 1317 1
1318 1345 1
1318 1354 1
1296 1325 1
1332 1362 1
1319 1345 1
1319 1354 1
1318 1319 1
1320 1340 1
1320 1335 1
1305 1307 1
1305 1337 1
1307 1337 1
1323 1367 1
1308 1333 1
1343 1362 1
1332 1343 1
1324 1331 1
1308 1353 1
1333 1353 1
1338 1367 1
1323 1338 1
1327 1364 1
1306 1327 1
1304 1336 1
1329 1366 1
1337 1342 1
1305 1342 1
1307 1342 1
1337 1339 1
1410 1419 1
1381 1435 1
1420 1432 1
1387 1409 1
1379 1428 1
1391 1433 1
1368 1405 1
1410 1424 1
1419 1424 1
1397 1429 1
1373 1406 1
1381 1397 1
1397 1435 1
1381 1429 1
1386 1401 1
1376 1434 1
1385 1416 1
1436 1436 1
1408 1423 1
1403 1422 1
1432 1434 1
1420 1434 1
1376 1432 1
1392 1411 1
1377 1396 1
1429 1435 1
1411 1432 1
1392 1432 1
1376 1411 1
1411 1434 1
1411 1420 1
1382 1406 1
1373 1382 1
1385 1438 1
1416 1438 1
1377 1381 1
1381 1396 1
1377 1435 1
1377 1397 1
1377 1429 1
494 1366 -1
494 1329 -1
355 1203 -1
355 1190 -1
498 611 -1
474 611 -1
492 611 -1
236 891 -1
276 891 -1
261 891 -1
231 891 -1
236 887 -1
253 752 -1
259 752 -1
277 752 -1
270 752 -1
253 736 -1
490 1217 -1
490 1176 -1
490 1211 -1
490 1164 -1
490 1166 -1
218 926 -1
282 926 -1
287 926 -1
792 1200 -1
800 1200 -1
799 1200 -1
807 1200 -1
654 768 -1
681 768 -1
652 768 -1
711 768 -1
654 742 -1
654 775 -1
654 778 -1
654 723 -1
654 790 -1
654 764 -1
570 612 -1
1258 1421 -1
82 454 -1
82 460 -1
82 478 -1
629 986 -1
36 611 -1
544 810 -1
520 810 -1
556 810 -1
562 810 -1
536 810 -1
508 810 -1
575 810 -1
562 1303 -1
544 1303 -1
520 1303 -1
556 1303 -1
536 1303 -1
508 1303 -1
575 1303 -1
116 1284 -1
112 1284 -1
127 1284 -1
103 1284 -1
103 1429 -1
112 1429 -1
116 1429 -1
127 1429 -1
103 1377 -1
103 1435 -1
103 1397 -1
103 1381 -1
417 828 -1
417 852 -1
1133 1338 -1
1133 1323 -1
1133 1367 -1
636 1263 -1
646 1263 -1
636 1269 -1
475 1101 -1
491 1101 -1
445 1101 -1
487 1101 -1
475 1135 -1
475 1104 -1
475 1080 -1
475 1146 -1
475 1115 -1
475 1116 -1
475 1086 -1
465 864 -1
484 864 -1
462 864 -1
479 864 -1
465 927 -1
291 1156 -1
870 951 -1
928 951 -1
873 951 -1
14 1424 -1
14 1410 -1
14 1419 -1
487 812 -1
475 812 -1
445 812 -1
491 812 -1
487 856 -1
487 851 -1
487 855 -1
480 987 -1
480 953 -1
480 939 -1
480 966 -1
900 1107 -1
896 1107 -1
886 1107 -1
900 1095 -1
45 1319 -1
45 1345 -1
45 1354 -1
45 1318 -1
663 853 -1
160 954 -1
160 945 -1
160 973 -1
514 1407 -1
912 1222 -1
901 1222 -1
912 1209 -1
912 1221 -1
1172 1259 -1
1194 1259 -1
261 1352 -1
273 1352 -1
243 1352 -1
276 1352 -1
236 1352 -1
231 1352 -1
114 471 -1
111 471 -1
114 458 -1
44 103 -1
44 112 -1
44 116 -1
44 127 -1
403 771 -1
403 748 -1
78 327 -1
96 327 -1
130 327 -1
397 795 -1
444 1434 -1
444 1376 -1
444 1432 -1
444 1411 -1
444 1420 -1
588 901 -1
586 901 -1
647 901 -1
580 901 -1
589 901 -1
631 901 -1
588 912 -1
201 297 -1
215 297 -1
150 602 -1
150 600 -1
150 609 -1
236 800 -1
276 800 -1
261 800 -1
231 800 -1
236 792 -1
236 807 -1
236 799 -1
697 1437 -1
39 109 -1
64 109 -1
180 647 -1
180 580 -1
180 586 -1
180 588 -1
180 589 -1
180 631 -1
35 1342 -1
35 1307 -1
35 1337 -1
35 1339 -1
35 1305 -1
234 1169 -1
240 1169 -1
251 1169 -1
222 1169 -1
293 511 -1
304 511 -1
321 511 -1
303 511 -1
357 511 -1
329 511 -1
1002 1255 -1
1250 1320 -1
1249 1320 -1
1295 1320 -1
1250 1340 -1
1250 1335 -1
24 959 -1
24 988 -1
24 965 -1
24 983 -1
302 916 -1
302 923 -1
302 884 -1
199 954 -1
168 954 -1
198 954 -1
207 954 -1
199 945 -1
199 973 -1
121 1205 -1
509 1413 -1
975 1093 -1
969 1093 -1
127 701 -1
116 701 -1
103 701 -1
127 712 -1
148 717 -1
195 307 -1
195 352 -1
195 320 -1
195 292 -1
195 341 -1
195 358 -1
772 1217 -1
772 1176 -1
772 1211 -1
772 1164 -1
772 1166 -1
84 750 -1
210 720 -1
210 737 -1
210 731 -1
210 781 -1
210 739 -1
894 1137 -1
306 1013 -1
514 605 -1
151 783 -1
273 968 -1
276 968 -1
261 968 -1
342 887 -1
342 891 -1
988 1035 -1
983 1035 -1
965 1035 -1
959 1035 -1
7 324 -1
374 647 -1
374 580 -1
374 586 -1
374 588 -1
374 589 -1
374 631 -1
671 1439 -1
649 1439 -1
659 1439 -1
709 1439 -1
792 1161 -1
800 1161 -1
799 1161 -1
807 1161 -1
210 1269 -1
210 1263 -1
105 319 -1
416 1134 -1
378 1134 -1
354 1412 -1
434 1414 -1
614 902 -1
441 1360 -1
446 1360 -1
1047 1385 -1
1033 1385 -1
1066 1385 -1
1021 1385 -1
1047 1416 -1
1047 1438 -1
1297 1423 -1
1297 1408 -1
431 661 -1
313 1062 -1
129 1160 -1
134 1160 -1
129 1192 -1
949 1288 -1
938 1288 -1
971 1288 -1
949 1268 -1
543 719 -1
454 669 -1
460 669 -1
478 669 -1
575 600 -1
544 600 -1
520 600 -1
556 600 -1
562 600 -1
536 600 -1
572 600 -1
575 609 -1
575 602 -1
759 920 -1
262 1169 -1
272 1169 -1
271 1169 -1
869 1027 -1
903 1027 -1
654 1094 -1
681 1094 -1
652 1094 -1
711 1094 -1
709 1211 -1
649 1211 -1
659 1211 -1
671 1211 -1
709 1176 -1
709 1217 -1
709 1164 -1
709 1166 -1
103 811 -1
112 811 -1
116 811 -1
127 811 -1
103 840 -1
1108 1214 -1
1101 1310 -1
1135 1310 -1
1104 1310 -1
1080 1310 -1
1146 1310 -1
1115 1310 -1
1116 1310 -1
1086 1310 -1
1101 1300 -1
1101 1357 -1
228 568 -1
239 568 -1
226 523 -1
420 1364 -1
420 1306 -1
420 1327 -1
830 1228 -1
830 1257 -1
830 1282 -1
812 1133 -1
856 1133 -1
851 1133 -1
855 1133 -1
17 1375 -1
33 1375 -1
66 1375 -1
622 1414 -1
930 1077 -1
491 1183 -1
488 1183 -1
447 1183 -1
475 1183 -1
445 1183 -1
487 1183 -1
659 1231 -1
649 1231 -1
709 1231 -1
671 1231 -1
659 1283 -1
659 1252 -1
659 1277 -1
284 308 -1
238 308 -1
308 1355 -1
830 1184 -1
830 1154 -1
830 1196 -1
830 1189 -1
830 1157 -1
19 481 -1
49 481 -1
694 1288 -1
694 1268 -1
418 712 -1
408 712 -1
406 712 -1
418 701 -1
94 1394 -1
760 1409 -1
760 1387 -1
1222 1226 -1
1209 1226 -1
1221 1226 -1
555 1417 -1
535 1417 -1
536 1239 -1
544 1239 -1
520 1239 -1
556 1239 -1
562 1239 -1
572 1239 -1
575 1239 -1
327 944 -1
961 1110 -1
962 1110 -1
996 1110 -1
991 1110 -1
525 1042 -1
546 1042 -1
548 1042 -1
561 676 -1
560 676 -1
561 670 -1
6 387 -1
6 371 -1
6 382 -1
679 835 -1
667 835 -1
679 797 -1
620 1003 -1
1113 1156 -1
1116 1156 -1
1148 1156 -1
1135 1156 -1
531 1138 -1
35 1148 -1
35 1113 -1
35 1116 -1
35 1135 -1
416 963 -1
378 963 -1
539 1205 -1
545 1205 -1
114 1247 -1
111 1247 -1
114 1253 -1
496 1281 -1
448 1281 -1
501 1281 -1
17 1436 -1
33 1436 -1
66 1436 -1
63 968 -1
60 968 -1
45 730 -1
510 730 -1
962 1049 -1
961 1049 -1
996 1049 -1
991 1049 -1
962 1024 -1
962 1052 -1
637 1142 -1
432 742 -1
432 768 -1
432 775 -1
432 778 -1
432 723 -1
432 790 -1
432 764 -1
1021 1382 -1
1040 1382 -1
1033 1382 -1
1074 1382 -1
1066 1382 -1
1047 1382 -1
1021 1373 -1
1021 1406 -1
512 929 -1
44 573 -1
44 537 -1
44 574 -1
44 527 -1
795 1162 -1
794 1201 -1
306 583 -1
512 987 -1
512 953 -1
512 939 -1
512 966 -1
338 826 -1
338 841 -1
338 834 -1
338 827 -1
184 555 -1
154 555 -1
212 555 -1
184 535 -1
155 641 -1
174 641 -1
159 641 -1
245 1113 -1
245 1116 -1
245 1148 -1
245 1135 -1
925 1287 -1
296 1061 -1
666 1309 -1
1265 1305 -1
1275 1305 -1
1265 1337 -1
1265 1307 -1
1265 1342 -1
666 1069 -1
101 696 -1
456 1016 -1
131 469 -1
136 469 -1
73 469 -1
138 469 -1
115 469 -1
126 469 -1
131 495 -1
131 503 -1
998 1202 -1
998 1177 -1
998 1213 -1
371 1217 -1
400 1217 -1
361 1217 -1
387 1217 -1
382 1217 -1
371 1176 -1
371 1211 -1
371 1164 -1
371 1166 -1
669 1262 -1
669 1224 -1
669 1241 -1
669 1244 -1
669 1270 -1
669 1292 -1
387 1136 -1
371 1136 -1
382 1136 -1
587 1166 -1
587 1217 -1
587 1211 -1
179 1103 -1
502 755 -1
985 1296 -1
985 1325 -1
284 1287 -1
238 1287 -1
601 1198 -1
266 1319 -1
266 1345 -1
266 1354 -1
266 1318 -1
303 518 -1
304 518 -1
321 518 -1
357 518 -1
293 518 -1
329 518 -1
28 1363 -1
48 1363 -1
50 1363 -1
54 1363 -1
46 1363 -1
105 1291 -1
193 396 -1
193 425 -1
193 409 -1
122 426 -1
128 426 -1
122 413 -1
122 430 -1
226 1325 -1
226 1296 -1
830 882 -1
632 1409 -1
632 1387 -1
503 1230 -1
469 1230 -1
495 1230 -1
503 1243 -1
1359 1434 -1
1359 1376 -1
1359 1432 -1
1359 1411 -1
1359 1420 -1
336 431 -1
623 1367 -1
624 1367 -1
596 1367 -1
623 1338 -1
623 1323 -1
181 1331 -1
181 1324 -1
87 1231 -1
87 1283 -1
87 1252 -1
87 1277 -1
685 1304 -1
685 1336 -1
650 1158 -1
695 1158 -1
445 1051 -1
488 1051 -1
491 1051 -1
487 1051 -1
475 1051 -1
447 1051 -1
445 1012 -1
40 163 -1
10 163 -1
67 163 -1
53 163 -1
37 163 -1
35 428 -1
35 413 -1
35 430 -1
374 1305 -1
374 1337 -1
374 1307 -1
374 1342 -1
238 683 -1
284 683 -1
88 693 -1
88 656 -1
88 657 -1
88 691 -1
88 702 -1
415 1052 -1
395 1052 -1
380 1052 -1
415 1024 -1
415 1049 -1
203 1199 -1
186 1199 -1
196 1199 -1
214 1199 -1
874 1106 -1
169 872 -1
685 1161 -1
87 485 -1
87 482 -1
87 438 -1
62 312 -1
65 312 -1
4 312 -1
30 312 -1
62 315 -1
640 687 -1
308 532 -1
161 619 -1
202 619 -1
161 608 -1
853 1024 -1
853 1049 -1
853 1052 -1
875 982 -1
512 875 -1
299 526 -1
166 295 -1
507 1198 -1
46 621 -1
48 621 -1
9 621 -1
50 621 -1
28 621 -1
54 621 -1
46 606 -1
229 1355 -1
265 704 -1
698 1113 -1
698 1116 -1
698 1148 -1
698 1135 -1
687 1335 -1
687 1320 -1
687 1340 -1
731 1297 -1
720 1297 -1
781 1297 -1
289 633 -1
289 610 -1
723 815 -1
768 815 -1
742 815 -1
775 815 -1
778 815 -1
790 815 -1
764 815 -1
723 857 -1
135 1185 -1
135 1155 -1
135 1206 -1
530 1329 -1
530 1366 -1
800 1002 -1
792 1002 -1
807 1002 -1
799 1002 -1
302 747 -1
1165 1256 -1
1165 1293 -1
1165 1254 -1
634 1421 -1
562 871 -1
544 871 -1
520 871 -1
556 871 -1
536 871 -1
508 871 -1
575 871 -1
596 1125 -1
624 1125 -1
623 1125 -1
197 539 -1
197 545 -1
679 1020 -1
667 1020 -1
679 1023 -1
