7 51 1
14 26 1
13 32 1
17 68 1
0 34 1
1 21 1
9 34 1
0 9 1
32 33 1
13 33 1
26 50 1
14 50 1
45 61 1
8 34 1
0 8 1
8 9 1
1 12 1
12 21 1
48 53 1
25 64 1
58 63 1
0 30 1
8 30 1
9 30 1
30 34 1
3 9 1
0 3 1
3 8 1
3 34 1
3 30 1
44 64 1
25 44 1
6 15 1
30 43 1
0 43 1
34 43 1
3 43 1
8 43 1
9 43 1
97 110 1
115 134 1
84 129 1
101 108 1
78 95 1
86 140 1
86 114 1
114 140 1
109 123 1
74 139 1
75 92 1
126 141 1
92 114 1
75 114 1
92 140 1
86 92 1
81 132 1
82 133 1
102 131 1
72 113 1
84 104 1
104 129 1
77 77 1
113 130 1
72 130 1
115 130 1
130 134 1
72 115 1
113 115 1
105 127 1
82 132 1
132 133 1
81 82 1
92 125 1
114 125 1
75 125 1
125 140 1
86 125 1
165 183 1
157 205 1
155 201 1
213 215 1
169 185 1
164 174 1
157 194 1
194 205 1
148 173 1
162 172 1
164 170 1
170 174 1
177 195 1
163 179 1
178 205 1
178 194 1
157 178 1
184 186 1
161 192 1
150 160 1
167 206 1
162 167 1
167 172 1
162 206 1
161 162 1
162 192 1
161 172 1
161 206 1
161 167 1
170 178 1
164 178 1
174 178 1
170 194 1
170 205 1
157 170 1
172 201 1
161 201 1
162 201 1
167 201 1
155 172 1
256 273 1
255 263 1
252 260 1
234 260 1
234 252 1
222 273 1
222 256 1
249 273 1
249 256 1
222 249 1
267 270 1
258 260 1
234 258 1
252 258 1
235 270 1
235 267 1
222 226 1
226 256 1
226 273 1
226 249 1
262 270 1
262 267 1
235 262 1
222 238 1
238 256 1
238 273 1
226 238 1
238 249 1
236 246 1
226 277 1
256 277 1
238 277 1
273 277 1
249 277 1
222 277 1
236 242 1
242 246 1
309 341 1
317 345 1
331 349 1
323 336 1
298 347 1
296 340 1
291 300 1
306 353 1
313 350 1
344 347 1
298 344 1
327 343 1
288 359 1
338 349 1
331 338 1
315 332 1
311 350 1
311 313 1
309 310 1
310 341 1
318 334 1
302 337 1
298 306 1
306 344 1
306 347 1
298 353 1
290 329 1
336 353 1
323 353 1
306 336 1
298 336 1
321 328 1
332 348 1
315 348 1
356 359 1
288 356 1
360 375 1
374 411 1
373 401 1
388 394 1
380 410 1
412 431 1
377 377 1
377 380 1
377 410 1
369 410 1
369 377 1
369 380 1
417 423 1
386 402 1
404 412 1
404 431 1
375 415 1
360 415 1
398 417 1
398 423 1
386 423 1
402 423 1
386 417 1
386 398 1
368 391 1
370 414 1
370 399 1
399 414 1
390 412 1
390 404 1
390 431 1
394 428 1
388 428 1
390 399 1
399 404 1
399 412 1
399 431 1
370 390 1
390 414 1
436 487 1
459 465 1
457 486 1
438 458 1
444 448 1
477 503 1
465 487 1
459 487 1
436 465 1
447 457 1
447 486 1
455 490 1
438 452 1
452 458 1
476 500 1
445 470 1
433 452 1
433 458 1
433 438 1
441 446 1
433 466 1
458 466 1
452 466 1
438 466 1
458 496 1
433 496 1
466 496 1
452 496 1
438 496 1
435 469 1
461 485 1
434 442 1
433 476 1
452 476 1
458 476 1
476 496 1
466 476 1
438 476 1
433 500 1
504 513 1
510 525 1
561 574 1
522 554 1
526 547 1
529 544 1
550 555 1
504 516 1
513 516 1
518 541 1
511 525 1
510 511 1
505 507 1
505 537 1
507 537 1
532 537 1
505 532 1
507 532 1
562 573 1
524 536 1
516 543 1
504 543 1
513 543 1
537 572 1
505 572 1
507 572 1
532 572 1
545 558 1
521 575 1
544 567 1
529 567 1
513 521 1
504 521 1
516 521 1
521 543 1
513 575 1
583 599 1
630 637 1
589 631 1
578 607 1
613 646 1
607 638 1
578 638 1
583 633 1
599 633 1
598 644 1
576 636 1
579 631 1
579 589 1
597 604 1
599 610 1
610 633 1
583 610 1
586 604 1
586 597 1
640 646 1
613 640 1
599 615 1
615 633 1
610 615 1
583 615 1
592 623 1
620 623 1
592 620 1
607 630 1
578 630 1
630 638 1
607 637 1
607 635 1
578 635 1
630 635 1
635 638 1
635 637 1
695 696 1
681 711 1
689 695 1
689 696 1
654 701 1
680 699 1
650 698 1
675 718 1
666 669 1
662 684 1
648 653 1
650 689 1
689 698 1
650 696 1
650 695 1
659 665 1
654 656 1
656 701 1
655 713 1
702 704 1
669 690 1
666 690 1
670 699 1
670 680 1
698 712 1
689 712 1
650 712 1
703 708 1
682 697 1
685 703 1
685 708 1
671 694 1
688 697 1
682 688 1
687 698 1
687 712 1
687 689 1
650 687 1
735 755 1
744 781 1
769 780 1
739 751 1
741 776 1
736 740 1
758 788 1
769 770 1
770 780 1
720 746 1
729 769 1
729 770 1
729 780 1
720 722 1
722 746 1
754 787 1
765 774 1
740 752 1
736 752 1
774 788 1
765 788 1
758 774 1
720 790 1
746 790 1
722 790 1
740 750 1
736 750 1
750 752 1
731 775 1
729 741 1
741 769 1
741 770 1
741 780 1
729 776 1
720 791 1
746 791 1
722 791 1
790 791 1
803 844 1
834 861 1
819 843 1
806 810 1
832 849 1
806 825 1
810 825 1
841 863 1
841 862 1
862 863 1
804 822 1
805 852 1
810 855 1
825 855 1
806 855 1
806 853 1
825 853 1
810 853 1
853 855 1
849 849 1
841 856 1
856 862 1
856 863 1
831 850 1
831 858 1
850 858 1
830 855 1
825 830 1
810 830 1
830 853 1
806 830 1
834 856 1
856 861 1
834 841 1
834 862 1
834 863 1
890 906 1
902 926 1
902 911 1
911 926 1
875 897 1
880 911 1
880 926 1
880 902 1
876 881 1
882 912 1
870 879 1
868 927 1
901 926 1
880 901 1
901 902 1
901 911 1
864 922 1
864 865 1
865 922 1
875 911 1
897 911 1
875 901 1
875 902 1
875 880 1
875 926 1
867 914 1
888 893 1
900 917 1
884 933 1
893 906 1
888 906 1
890 893 1
876 913 1
881 913 1
879 885 1
870 885 1
999 1006 1
949 967 1
973 997 1
962 988 1
944 1005 1
950 957 1
940 950 1
940 957 1
962 991 1
988 991 1
971 981 1
967 975 1
949 975 1
943 950 1
940 943 1
943 957 1
940 976 1
957 976 1
950 976 1
943 976 1
946 957 1
946 976 1
940 946 1
946 950 1
943 946 1
936 955 1
952 998 1
938 989 1
951 970 1
940 985 1
943 985 1
976 985 1
946 985 1
950 985 1
957 985 1
1006 1007 1
999 1007 1
1049 1072 1
1051 1061 1
1033 1060 1
1038 1054 1
1023 1047 1
1059 1073 1
1038 1050 1
1050 1054 1
1036 1063 1
1008 1041 1
1023 1029 1
1029 1047 1
1046 1068 1
1037 1073 1
1037 1059 1
1021 1037 1
1021 1073 1
1021 1059 1
1064 1073 1
1059 1064 1
1037 1064 1
1021 1064 1
1051 1067 1
1061 1067 1
1025 1032 1
1056 1078 1
1055 1076 1
1043 1075 1
1019 1033 1
1019 1060 1
1036 1073 1
1063 1073 1
1036 1059 1
1036 1064 1
1036 1037 1
1021 1036 1
1097 1139 1
1112 1122 1
1085 1132 1
1104 1143 1
1088 1106 1
1095 1096 1
1117 1139 1
1097 1117 1
1089 1142 1
1083 1144 1
1120 1151 1
1096 1144 1
1095 1144 1
1083 1096 1
1091 1141 1
1105 1106 1
1088 1105 1
1126 1136 1
1089 1135 1
1135 1142 1
1137 1144 1
1096 1137 1
1083 1137 1
1095 1137 1
1087 1126 1
1087 1136 1
1080 1114 1
1096 1109 1
1109 1144 1
1109 1137 1
1083 1109 1
1095 1109 1
1087 1098 1
1098 1136 1
1098 1126 1
1127 1130 1
1157 1203 1
1153 1219 1
1160 1166 1
1199 1221 1
1185 1200 1
1163 1189 1
1179 1196 1
1152 1222 1
1204 1214 1
1201 1219 1
1153 1201 1
1182 1193 1
1155 1211 1
1186 1210 1
1164 1198 1
1194 1199 1
1194 1221 1
1184 1190 1
1174 1219 1
1153 1174 1
1174 1201 1
1195 1213 1
1153 1199 1
1199 1201 1
1199 1219 1
1174 1199 1
1153 1221 1
1153 1194 1
1212 1216 1
1167 1199 1
1153 1167 1
1167 1219 1
1167 1221 1
1167 1194 1
1167 1201 1
1167 1174 1
1272 1290 1
1255 1268 1
1241 1245 1
1229 1236 1
1269 1282 1
1237 1287 1
1242 1246 1
1279 1288 1
1247 1252 1
1242 1284 1
1246 1284 1
1266 1277 1
1237 1261 1
1261 1287 1
1239 1271 1
1246 1293 1
1242 1293 1
1284 1293 1
1224 1262 1
1272 1295 1
1290 1295 1
1258 1266 1
1258 1277 1
1240 1269 1
1240 1282 1
1273 1283 1
1236 1263 1
1229 1263 1
1251 1257 1
1239 1278 1
1271 1278 1
1233 1243 1
1252 1280 1
1247 1280 1
1224 1283 1
1262 1283 1
1224 1273 1
1331 1339 1
1331 1352 1
1339 1352 1
1302 1365 1
1362 1363 1
1308 1358 1
1304 1348 1
1300 1328 1
1306 1313 1
1350 1362 1
1350 1363 1
1302 1342 1
1342 1365 1
1314 1322 1
1337 1365 1
1337 1342 1
1302 1337 1
1305 1367 1
1337 1350 1
1302 1350 1
1350 1365 1
1342 1350 1
1337 1362 1
1337 1363 1
1341 1359 1
1344 1344 1
1306 1314 1
1313 1314 1
1306 1322 1
1321 1331 1
1321 1352 1
1321 1339 1
1303 1304 1
1303 1348 1
1300 1315 1
1315 1328 1
1368 1404 1
1391 1402 1
1377 1425 1
1395 1402 1
1391 1395 1
1368 1434 1
1404 1434 1
1404 1435 1
1368 1435 1
1434 1435 1
1416 1421 1
1415 1429 1
1377 1414 1
1414 1425 1
1411 1429 1
1411 1415 1
1394 1409 1
1376 1378 1
1395 1423 1
1402 1423 1
1391 1423 1
1390 1433 1
1433 1436 1
1390 1436 1
1382 1427 1
1379 1388 1
1415 1437 1
1411 1437 1
1429 1437 1
1377 1385 1
1385 1425 1
1385 1414 1
1379 1380 1
1380 1388 1
1370 1430 1
1388 1424 1
1379 1424 1
1380 1424 1
1076 1248 -1
1055 1248 -1
454 1317 -1
828 1225 -1
267 800 -1
235 800 -1
262 800 -1
270 800 -1
465 1312 -1
459 1312 -1
436 1312 -1
487 1312 -1
31 218 -1
252 1252 -1
234 1252 -1
260 1252 -1
258 1252 -1
252 1280 -1
252 1247 -1
111 558 -1
111 545 -1
19 1143 -1
19 1104 -1
52 234 -1
52 252 -1
52 258 -1
52 260 -1
151 383 -1
19 1231 -1
639 1178 -1
154 283 -1
249 510 -1
256 510 -1
226 510 -1
238 510 -1
273 510 -1
277 510 -1
222 510 -1
249 525 -1
249 511 -1
1016 1169 -1
182 622 -1
656 1009 -1
701 1009 -1
654 1009 -1
1348 1426 -1
1304 1426 -1
1303 1426 -1
796 1260 -1
340 491 -1
296 491 -1
240 1068 -1
240 1046 -1
623 656 -1
592 656 -1
620 656 -1
623 701 -1
623 654 -1
1014 1231 -1
90 1284 -1
90 1242 -1
90 1293 -1
90 1246 -1
748 1100 -1
692 727 -1
619 1284 -1
619 1242 -1
619 1293 -1
619 1246 -1
819 1221 -1
843 1221 -1
819 1153 -1
819 1194 -1
819 1167 -1
819 1199 -1
581 662 -1
581 684 -1
830 1030 -1
825 1030 -1
810 1030 -1
853 1030 -1
806 1030 -1
855 1030 -1
199 1045 -1
945 1050 -1
945 1054 -1
945 1038 -1
393 1127 -1
393 1130 -1
663 1137 -1
663 1144 -1
663 1096 -1
663 1083 -1
663 1109 -1
663 1095 -1
395 1068 -1
395 1046 -1
1050 1185 -1
1054 1185 -1
1038 1185 -1
1050 1200 -1
1140 1298 -1
416 1392 -1
164 614 -1
170 614 -1
178 614 -1
174 614 -1
568 1161 -1
252 417 -1
234 417 -1
260 417 -1
258 417 -1
252 386 -1
252 398 -1
252 423 -1
757 1402 -1
757 1395 -1
757 1423 -1
757 1391 -1
751 919 -1
739 919 -1
517 1399 -1
594 700 -1
236 1015 -1
242 1015 -1
246 1015 -1
512 1054 -1
512 1050 -1
512 1038 -1
561 636 -1
574 636 -1
561 576 -1
592 888 -1
620 888 -1
623 888 -1
592 906 -1
592 893 -1
25 637 -1
64 637 -1
44 637 -1
25 635 -1
25 630 -1
25 607 -1
141 1101 -1
126 1101 -1
25 1227 -1
64 1227 -1
44 1227 -1
718 1219 -1
675 1219 -1
718 1153 -1
718 1199 -1
718 1167 -1
718 1174 -1
718 1201 -1
68 1071 -1
17 1071 -1
407 587 -1
345 365 -1
317 365 -1
860 1088 -1
860 1105 -1
860 1106 -1
186 490 -1
184 490 -1
186 455 -1
763 814 -1
254 1193 -1
254 1182 -1
1057 1395 -1
1057 1402 -1
1057 1423 -1
1057 1391 -1
1012 1105 -1
1012 1088 -1
1012 1106 -1
382 1350 -1
382 1362 -1
382 1363 -1
382 1365 -1
382 1302 -1
382 1337 -1
382 1342 -1
30 935 -1
0 935 -1
34 935 -1
3 935 -1
8 935 -1
9 935 -1
43 935 -1
651 1188 -1
328 844 -1
321 844 -1
328 803 -1
564 651 -1
740 865 -1
736 865 -1
752 865 -1
750 865 -1
740 864 -1
740 922 -1
1231 1427 -1
1231 1382 -1
159 1191 -1
188 687 -1
188 712 -1
188 689 -1
188 698 -1
188 650 -1
44 531 -1
64 531 -1
25 531 -1
435 1293 -1
469 1293 -1
435 1242 -1
435 1284 -1
435 1246 -1
49 1030 -1
106 788 -1
106 774 -1
106 758 -1
106 765 -1
474 688 -1
474 697 -1
474 682 -1
88 183 -1
88 165 -1
690 918 -1
666 918 -1
669 918 -1
452 1175 -1
458 1175 -1
496 1175 -1
433 1175 -1
466 1175 -1
438 1175 -1
476 1175 -1
89 313 -1
89 350 -1
89 311 -1
986 1302 -1
986 1337 -1
986 1350 -1
986 1365 -1
986 1342 -1
614 902 -1
614 880 -1
614 875 -1
614 901 -1
614 926 -1
614 911 -1
649 759 -1
296 1404 -1
340 1404 -1
296 1368 -1
296 1434 -1
296 1435 -1
199 1317 -1
704 769 -1
702 769 -1
704 729 -1
704 770 -1
704 780 -1
704 741 -1
213 505 -1
215 505 -1
213 537 -1
213 507 -1
213 532 -1
213 572 -1
278 306 -1
278 344 -1
278 353 -1
278 298 -1
278 347 -1
278 336 -1
46 1018 -1
694 964 -1
671 964 -1
318 859 -1
334 859 -1
1057 1308 -1
1057 1358 -1
324 948 -1
187 344 -1
187 298 -1
187 347 -1
187 306 -1
19 1434 -1
19 1368 -1
19 1435 -1
19 1404 -1
33 469 -1
32 469 -1
13 469 -1
33 435 -1
43 511 -1
0 511 -1
34 511 -1
3 511 -1
8 511 -1
9 511 -1
30 511 -1
43 525 -1
43 510 -1
791 1001 -1
720 1001 -1
746 1001 -1
722 1001 -1
790 1001 -1
357 1208 -1
900 1013 -1
917 1013 -1
4 1137 -1
4 1144 -1
4 1096 -1
4 1083 -1
4 1109 -1
4 1095 -1
341 415 -1
309 415 -1
310 415 -1
341 360 -1
341 375 -1
13 701 -1
32 701 -1
33 701 -1
13 656 -1
13 654 -1
830 1345 -1
825 1345 -1
810 1345 -1
853 1345 -1
806 1345 -1
855 1345 -1
282 950 -1
282 940 -1
282 943 -1
282 976 -1
282 946 -1
282 985 -1
282 957 -1
492 788 -1
492 774 -1
492 758 -1
492 765 -1
231 975 -1
231 949 -1
231 967 -1
1020 1180 -1
1062 1272 -1
1062 1290 -1
1062 1295 -1
89 920 -1
165 946 -1
183 946 -1
165 940 -1
165 943 -1
165 976 -1
165 950 -1
165 985 -1
165 957 -1
287 1092 -1
89 540 -1
353 923 -1
336 923 -1
306 923 -1
323 923 -1
298 923 -1
690 1333 -1
666 1333 -1
669 1333 -1
993 1119 -1
251 1370 -1
251 1430 -1
440 1124 -1
592 687 -1
620 687 -1
623 687 -1
592 712 -1
592 689 -1
592 698 -1
592 650 -1
11 557 -1
204 354 -1
209 1207 -1
312 1293 -1
312 1242 -1
312 1284 -1
312 1246 -1
597 1056 -1
586 1056 -1
604 1056 -1
597 1078 -1
107 1150 -1
926 1212 -1
880 1212 -1
875 1212 -1
901 1212 -1
902 1212 -1
911 1212 -1
926 1216 -1
1261 1351 -1
1237 1351 -1
1287 1351 -1
828 1240 -1
828 1282 -1
828 1269 -1
268 362 -1
1038 1360 -1
1050 1360 -1
1054 1360 -1
808 1159 -1
202 365 -1
459 943 -1
465 943 -1
487 943 -1
459 940 -1
459 976 -1
459 946 -1
459 950 -1
459 985 -1
459 957 -1
213 810 -1
215 810 -1
213 825 -1
213 830 -1
213 853 -1
213 806 -1
213 855 -1
443 799 -1
202 1345 -1
119 1264 -1
582 1271 -1
582 1278 -1
582 1239 -1
911 1148 -1
897 1148 -1
901 1148 -1
902 1148 -1
875 1148 -1
880 1148 -1
926 1148 -1
487 1109 -1
465 1109 -1
459 1109 -1
436 1109 -1
487 1096 -1
487 1144 -1
487 1095 -1
487 1083 -1
487 1137 -1
311 571 -1
313 571 -1
350 571 -1
514 902 -1
514 880 -1
514 875 -1
514 901 -1
514 926 -1
514 911 -1
970 1182 -1
951 1182 -1
970 1193 -1
620 1065 -1
592 1065 -1
623 1065 -1
1255 1350 -1
1268 1350 -1
1255 1362 -1
1255 1363 -1
1255 1365 -1
1255 1302 -1
1255 1337 -1
1255 1342 -1
140 1309 -1
114 1309 -1
92 1309 -1
125 1309 -1
86 1309 -1
19 585 -1
119 1270 -1
712 1289 -1
689 1289 -1
698 1289 -1
650 1289 -1
687 1289 -1
245 453 -1
281 406 -1
2 125 -1
2 140 -1
2 114 -1
2 75 -1
2 92 -1
2 86 -1
64 221 -1
25 221 -1
44 221 -1
368 866 -1
391 866 -1
636 687 -1
576 687 -1
636 712 -1
636 689 -1
636 698 -1
636 650 -1
871 1256 -1
720 1242 -1
746 1242 -1
722 1242 -1
790 1242 -1
791 1242 -1
720 1284 -1
720 1293 -1
720 1246 -1
900 947 -1
917 947 -1
497 1026 -1
2 437 -1
643 798 -1
563 641 -1
1033 1150 -1
1019 1150 -1
1060 1150 -1
144 1089 -1
144 1142 -1
144 1135 -1
395 896 -1
574 672 -1
561 672 -1
559 904 -1
179 474 -1
163 474 -1
273 294 -1
256 294 -1
226 294 -1
238 294 -1
277 294 -1
249 294 -1
222 294 -1
44 76 -1
64 76 -1
25 76 -1
236 1037 -1
242 1037 -1
246 1037 -1
236 1064 -1
236 1073 -1
236 1059 -1
236 1036 -1
236 1021 -1
960 1185 -1
960 1200 -1
413 609 -1
267 1390 -1
235 1390 -1
262 1390 -1
270 1390 -1
267 1433 -1
267 1436 -1
1108 1322 -1
1108 1314 -1
1108 1306 -1
447 918 -1
457 918 -1
486 918 -1
264 584 -1
1052 1239 -1
1052 1278 -1
1052 1271 -1
287 598 -1
287 644 -1
6 916 -1
15 916 -1
172 245 -1
161 245 -1
162 245 -1
201 245 -1
155 245 -1
167 245 -1
46 843 -1
46 819 -1
310 1339 -1
309 1339 -1
341 1339 -1
310 1352 -1
310 1321 -1
310 1331 -1
107 1233 -1
107 1243 -1
308 1333 -1
966 1335 -1
287 645 -1
618 865 -1
618 864 -1
618 922 -1
740 1274 -1
736 1274 -1
752 1274 -1
750 1274 -1
824 1373 -1
605 887 -1
490 1280 -1
455 1280 -1
490 1252 -1
490 1247 -1
735 1206 -1
755 1206 -1
876 1327 -1
881 1327 -1
913 1327 -1
693 1083 -1
693 1144 -1
693 1096 -1
693 1109 -1
693 1137 -1
19 1263 -1
19 1236 -1
19 1229 -1
595 1066 -1
989 1073 -1
938 1073 -1
989 1059 -1
989 1063 -1
989 1064 -1
989 1036 -1
989 1037 -1
989 1021 -1
489 638 -1
489 578 -1
489 635 -1
489 630 -1
489 607 -1
253 351 -1
259 939 -1
583 818 -1
633 818 -1
610 818 -1
615 818 -1
599 818 -1
336 779 -1
353 779 -1
306 779 -1
323 779 -1
298 779 -1
760 1397 -1
61 1097 -1
45 1097 -1
61 1139 -1
61 1117 -1
578 883 -1
635 883 -1
630 883 -1
638 883 -1
607 883 -1
456 828 -1
526 1144 -1
547 1144 -1
526 1096 -1
526 1137 -1
526 1083 -1
526 1109 -1
526 1095 -1
348 365 -1
315 365 -1
332 365 -1
943 1280 -1
940 1280 -1
976 1280 -1
946 1280 -1
950 1280 -1
985 1280 -1
957 1280 -1
943 1252 -1
943 1247 -1
955 1233 -1
936 1233 -1
955 1243 -1
19 1167 -1
19 1153 -1
19 1219 -1
19 1221 -1
19 1194 -1
19 1199 -1
19 1201 -1
19 1174 -1
328 1248 -1
321 1248 -1
705 1148 -1
55 883 -1
335 1358 -1
335 1308 -1
421 1052 -1
257 482 -1
725 1386 -1
112 227 -1
191 464 -1
1343 1437 -1
1343 1411 -1
1343 1429 -1
1343 1415 -1
656 1415 -1
701 1415 -1
654 1415 -1
656 1411 -1
656 1429 -1
656 1437 -1
365 934 -1
388 1013 -1
394 1013 -1
428 1013 -1
165 964 -1
183 964 -1
627 753 -1
1111 1346 -1
728 903 -1
243 563 -1
590 1295 -1
590 1272 -1
590 1290 -1
