40 59 1
35 70 1
51 57 1
7 29 1
8 39 1
0 67 1
9 58 1
2 39 1
2 8 1
52 61 1
29 39 1
7 39 1
8 29 1
2 29 1
2 42 1
8 42 1
29 42 1
39 42 1
1 51 1
1 57 1
51 58 1
57 58 1
1 58 1
9 51 1
22 70 1
22 35 1
25 39 1
2 25 1
7 25 1
8 25 1
25 42 1
25 29 1
13 20 1
2 23 1
23 39 1
8 23 1
23 42 1
23 25 1
23 29 1
112 115 1
102 135 1
79 139 1
75 114 1
91 134 1
97 99 1
124 129 1
116 139 1
79 116 1
86 134 1
86 91 1
97 136 1
99 136 1
93 133 1
137 143 1
76 114 1
75 76 1
78 122 1
72 136 1
72 97 1
72 99 1
78 104 1
104 122 1
75 124 1
114 124 1
76 124 1
75 129 1
102 132 1
132 135 1
73 123 1
99 118 1
118 136 1
97 118 1
72 118 1
87 131 1
118 126 1
126 136 1
97 126 1
99 126 1
72 126 1
156 207 1
155 203 1
188 199 1
171 187 1
172 202 1
176 179 1
171 192 1
187 192 1
204 209 1
183 214 1
176 193 1
179 193 1
148 161 1
200 213 1
187 214 1
192 214 1
171 214 1
183 187 1
167 189 1
149 161 1
148 149 1
160 192 1
160 171 1
160 187 1
160 214 1
182 190 1
150 189 1
150 167 1
156 200 1
200 207 1
156 213 1
151 202 1
151 172 1
164 174 1
182 210 1
190 210 1
253 275 1
255 277 1
243 269 1
228 284 1
221 250 1
237 261 1
220 262 1
281 285 1
227 280 1
254 279 1
245 265 1
225 251 1
266 275 1
253 266 1
246 281 1
246 285 1
237 265 1
261 265 1
237 245 1
226 227 1
226 280 1
224 269 1
224 243 1
232 267 1
235 274 1
223 258 1
217 242 1
220 270 1
262 270 1
248 250 1
221 248 1
248 265 1
250 265 1
221 265 1
248 261 1
237 248 1
245 248 1
311 313 1
317 325 1
306 316 1
327 340 1
322 344 1
301 317 1
301 325 1
297 298 1
298 352 1
297 352 1
293 300 1
313 343 1
311 343 1
309 325 1
309 317 1
301 309 1
339 351 1
332 332 1
312 336 1
334 347 1
318 329 1
304 334 1
304 347 1
289 349 1
311 348 1
313 348 1
343 348 1
314 345 1
335 352 1
297 335 1
298 335 1
315 317 1
309 315 1
315 325 1
301 315 1
308 357 1
370 372 1
370 394 1
372 394 1
385 418 1
406 423 1
384 418 1
384 385 1
390 396 1
360 406 1
360 423 1
372 390 1
370 390 1
390 394 1
372 396 1
405 427 1
421 430 1
368 402 1
406 408 1
360 408 1
408 423 1
379 413 1
390 395 1
372 395 1
370 395 1
395 396 1
394 395 1
377 381 1
385 429 1
384 429 1
418 429 1
362 370 1
362 394 1
362 395 1
362 372 1
362 390 1
401 418 1
384 401 1
385 401 1
401 429 1
441 486 1
438 490 1
451 499 1
436 468 1
457 482 1
490 498 1
438 498 1
482 502 1
457 502 1
439 448 1
460 502 1
457 460 1
460 482 1
467 488 1
446 471 1
466 500 1
476 477 1
480 503 1
499 501 1
451 501 1
467 496 1
488 496 1
474 500 1
466 474 1
448 451 1
439 451 1
448 499 1
448 501 1
470 483 1
449 491 1
455 497 1
446 472 1
471 472 1
466 470 1
470 474 1
470 500 1
466 483 1
521 546 1
545 575 1
517 551 1
531 538 1
538 540 1
531 540 1
528 541 1
511 559 1
554 565 1
547 550 1
511 544 1
544 559 1
506 547 1
506 550 1
513 535 1
545 557 1
557 575 1
514 516 1
552 573 1
529 558 1
514 524 1
516 524 1
528 556 1
541 556 1
516 530 1
514 530 1
524 530 1
550 575 1
506 575 1
547 575 1
545 550 1
550 557 1
519 558 1
519 529 1
519 575 1
529 575 1
558 575 1
519 545 1
519 547 1
519 550 1
519 557 1
506 519 1
581 600 1
622 624 1
578 640 1
590 596 1
592 607 1
580 591 1
610 646 1
581 626 1
600 626 1
584 631 1
596 597 1
590 597 1
611 645 1
594 638 1
578 629 1
629 640 1
579 605 1
579 580 1
580 605 1
579 591 1
580 632 1
579 632 1
605 632 1
591 632 1
607 623 1
592 623 1
587 601 1
586 597 1
586 596 1
586 590 1
604 640 1
578 604 1
604 629 1
588 601 1
587 588 1
588 637 1
601 637 1
587 637 1
683 709 1
712 713 1
648 669 1
684 712 1
684 713 1
648 682 1
669 682 1
657 693 1
657 711 1
693 711 1
669 687 1
648 687 1
682 687 1
650 695 1
676 702 1
672 685 1
668 716 1
669 711 1
648 711 1
682 711 1
687 711 1
657 669 1
669 693 1
672 699 1
685 699 1
709 714 1
683 714 1
697 705 1
686 716 1
668 686 1
673 691 1
670 687 1
648 670 1
670 682 1
669 670 1
670 711 1
740 790 1
760 768 1
740 791 1
790 791 1
727 764 1
743 756 1
742 770 1
758 758 1
735 777 1
731 737 1
726 740 1
726 790 1
726 791 1
776 785 1
738 789 1
735 753 1
753 777 1
721 758 1
762 782 1
728 790 1
728 740 1
726 728 1
728 791 1
748 769 1
736 758 1
721 736 1
758 767 1
736 767 1
721 767 1
755 769 1
748 755 1
725 787 1
760 786 1
768 786 1
720 772 1
734 753 1
734 777 1
734 735 1
829 854 1
816 822 1
796 807 1
813 814 1
813 848 1
814 848 1
817 863 1
805 841 1
797 832 1
817 838 1
838 863 1
797 852 1
832 852 1
798 800 1
813 846 1
846 848 1
814 846 1
800 853 1
798 853 1
804 815 1
822 849 1
816 849 1
802 853 1
800 802 1
798 802 1
806 818 1
835 849 1
816 835 1
822 835 1
796 819 1
807 819 1
818 847 1
806 847 1
825 839 1
815 848 1
804 848 1
815 846 1
813 815 1
814 815 1
882 925 1
901 920 1
871 914 1
890 904 1
885 898 1
869 906 1
901 906 1
906 920 1
869 901 1
877 891 1
865 888 1
895 901 1
895 920 1
895 906 1
869 895 1
893 928 1
913 931 1
878 899 1
884 934 1
892 930 1
866 906 1
866 920 1
866 895 1
866 869 1
866 901 1
865 885 1
885 888 1
865 898 1
870 934 1
870 884 1
873 900 1
877 899 1
891 899 1
877 878 1
899 921 1
891 921 1
877 921 1
878 921 1
986 1005 1
960 965 1
936 954 1
962 974 1
959 994 1
946 948 1
983 984 1
944 1007 1
948 969 1
946 969 1
964 968 1
956 997 1
992 1005 1
986 992 1
947 979 1
971 998 1
940 955 1
954 1004 1
936 1004 1
939 970 1
953 969 1
946 953 1
948 953 1
984 992 1
983 992 1
984 986 1
984 1005 1
977 984 1
977 992 1
977 986 1
977 1005 1
977 983 1
936 979 1
954 979 1
979 1004 1
936 947 1
1038 1064 1
1033 1071 1
1029 1076 1
1029 1039 1
1039 1076 1
1008 1018 1
1032 1079 1
1015 1026 1
1045 1056 1
1020 1026 1
1015 1020 1
1025 1063 1
1061 1072 1
1047 1070 1
1050 1057 1
1060 1070 1
1047 1060 1
1054 1076 1
1029 1054 1
1039 1054 1
1031 1039 1
1031 1076 1
1029 1031 1
1031 1054 1
1051 1068 1
1015 1061 1
1026 1061 1
1020 1061 1
1015 1072 1
1030 1040 1
1008 1056 1
1018 1056 1
1008 1045 1
1071 1077 1
1033 1077 1
1069 1075 1
1112 1132 1
1095 1111 1
1100 1143 1
1105 1146 1
1138 1148 1
1110 1119 1
1086 1104 1
1084 1114 1
1134 1142 1
1106 1111 1
1095 1106 1
1090 1141 1
1110 1112 1
1112 1119 1
1110 1132 1
1082 1117 1
1080 1084 1
1080 1114 1
1121 1126 1
1100 1102 1
1102 1143 1
1094 1118 1
1121 1128 1
1126 1128 1
1080 1128 1
1114 1128 1
1084 1128 1
1080 1121 1
1080 1126 1
1086 1116 1
1104 1116 1
1104 1145 1
1116 1145 1
1086 1145 1
1119 1149 1
1112 1149 1
1110 1149 1
1154 1156 1
1163 1201 1
1172 1218 1
1172 1209 1
1209 1218 1
1213 1221 1
1183 1204 1
1206 1214 1
1159 1180 1
1155 1223 1
1153 1154 1
1153 1156 1
1169 1199 1
1206 1210 1
1210 1214 1
1212 1222 1
1206 1223 1
1210 1223 1
1214 1223 1
1155 1206 1
1175 1196 1
1179 1197 1
1215 1220 1
1166 1215 1
1166 1220 1
1199 1216 1
1169 1216 1
1170 1204 1
1170 1183 1
1171 1197 1
1171 1179 1
1191 1197 1
1179 1191 1
1171 1191 1
1183 1208 1
1170 1208 1
1204 1208 1
1264 1276 1
1226 1241 1
1267 1272 1
1278 1290 1
1252 1264 1
1252 1276 1
1235 1253 1
1236 1273 1
1232 1240 1
1232 1278 1
1240 1278 1
1232 1290 1
1252 1277 1
1264 1277 1
1276 1277 1
1258 1292 1
1247 1275 1
1234 1287 1
1249 1274 1
1233 1293 1
1269 1276 1
1264 1269 1
1252 1269 1
1269 1277 1
1235 1250 1
1250 1253 1
1231 1293 1
1231 1233 1
1236 1289 1
1273 1289 1
1283 1285 1
1264 1288 1
1252 1288 1
1276 1288 1
1277 1288 1
1269 1288 1
1301 1305 1
1316 1360 1
1320 1322 1
1330 1355 1
1308 1344 1
1307 1311 1
1319 1322 1
1319 1320 1
1351 1352 1
1307 1343 1
1311 1343 1
1318 1367 1
1320 1363 1
1322 1363 1
1319 1363 1
1338 1364 1
1323 1336 1
1340 1351 1
1340 1352 1
1297 1345 1
1314 1315 1
1300 1352 1
1300 1340 1
1300 1351 1
1306 1315 1
1306 1314 1
1328 1346 1
1338 1347 1
1347 1364 1
1324 1352 1
1300 1324 1
1324 1340 1
1324 1351 1
1320 1340 1
1322 1340 1
1340 1363 1
1319 1340 1
1320 1351 1
1320 1352 1
1320 1324 1
1300 1320 1
1431 1439 1
1376 1400 1
1400 1420 1
1376 1420 1
1373 1429 1
1413 1427 1
1402 1420 1
1400 1402 1
1376 1402 1
1411 1430 1
1381 1401 1
1410 1428 1
1390 1425 1
1398 1436 1
1382 1416 1
1404 1438 1
1406 1423 1
1372 1414 1
1384 1413 1
1384 1427 1
1376 1379 1
1379 1400 1
1379 1402 1
1379 1420 1
1372 1425 1
1414 1425 1
1372 1390 1
1397 1407 1
1369 1382 1
1369 1416 1
1375 1380 1
1410 1421 1
1421 1428 1
1406 1430 1
1423 1430 1
1406 1411 1
480 880 -1
503 880 -1
60 726 -1
60 728 -1
60 740 -1
60 790 -1
60 791 -1
148 1120 -1
161 1120 -1
149 1120 -1
281 1278 -1
285 1278 -1
246 1278 -1
281 1232 -1
281 1240 -1
281 1290 -1
870 1341 -1
884 1341 -1
934 1341 -1
725 1229 -1
787 1229 -1
485 521 -1
485 546 -1
284 682 -1
228 682 -1
284 648 -1
284 711 -1
284 669 -1
284 670 -1
284 687 -1
23 714 -1
2 714 -1
39 714 -1
8 714 -1
42 714 -1
25 714 -1
29 714 -1
23 683 -1
23 709 -1
68 737 -1
68 731 -1
155 604 -1
203 604 -1
155 640 -1
155 578 -1
155 629 -1
266 1200 -1
275 1200 -1
253 1200 -1
627 1103 -1
132 304 -1
102 304 -1
135 304 -1
132 347 -1
132 334 -1
156 674 -1
200 674 -1
213 674 -1
207 674 -1
79 1238 -1
139 1238 -1
116 1238 -1
495 628 -1
426 953 -1
426 969 -1
426 946 -1
426 948 -1
995 1351 -1
995 1352 -1
995 1300 -1
995 1340 -1
995 1320 -1
995 1324 -1
740 1349 -1
728 1349 -1
726 1349 -1
790 1349 -1
791 1349 -1
47 607 -1
47 592 -1
47 623 -1
281 811 -1
285 811 -1
246 811 -1
72 705 -1
136 705 -1
97 705 -1
99 705 -1
126 705 -1
118 705 -1
72 697 -1
143 1017 -1
137 1017 -1
719 753 -1
719 777 -1
719 734 -1
719 735 -1
881 1389 -1
14 97 -1
14 136 -1
14 72 -1
14 99 -1
14 126 -1
14 118 -1
143 781 -1
137 781 -1
709 1006 -1
714 1006 -1
683 1006 -1
954 1348 -1
936 1348 -1
979 1348 -1
1004 1348 -1
1124 1157 -1
196 633 -1
935 1021 -1
303 1217 -1
614 1026 -1
614 1020 -1
614 1061 -1
614 1015 -1
418 641 -1
384 641 -1
385 641 -1
429 641 -1
401 641 -1
225 938 -1
251 938 -1
402 1378 -1
368 1378 -1
407 837 -1
867 1192 -1
515 1042 -1
561 933 -1
602 1062 -1
917 939 -1
917 970 -1
16 411 -1
796 905 -1
819 905 -1
807 905 -1
860 991 -1
1019 1434 -1
1031 1122 -1
1076 1122 -1
1029 1122 -1
1054 1122 -1
1039 1122 -1
199 976 -1
188 976 -1
911 1318 -1
911 1367 -1
509 1436 -1
509 1398 -1
18 448 -1
18 451 -1
18 499 -1
18 501 -1
18 439 -1
995 1233 -1
995 1293 -1
995 1231 -1
722 1398 -1
722 1436 -1
75 578 -1
124 578 -1
114 578 -1
76 578 -1
129 578 -1
75 640 -1
75 604 -1
75 629 -1
288 463 -1
822 1254 -1
816 1254 -1
849 1254 -1
835 1254 -1
540 876 -1
538 876 -1
531 876 -1
636 651 -1
217 989 -1
242 989 -1
415 682 -1
415 648 -1
415 711 -1
415 669 -1
415 670 -1
415 687 -1
595 1200 -1
716 1253 -1
668 1253 -1
686 1253 -1
716 1250 -1
716 1235 -1
192 314 -1
160 314 -1
171 314 -1
187 314 -1
214 314 -1
192 345 -1
714 1211 -1
683 1211 -1
709 1211 -1
568 1245 -1
192 501 -1
160 501 -1
171 501 -1
187 501 -1
214 501 -1
192 448 -1
192 499 -1
192 451 -1
1144 1342 -1
826 1033 -1
826 1077 -1
826 1071 -1
560 668 -1
560 716 -1
560 686 -1
236 627 -1
723 1357 -1
932 959 -1
932 994 -1
105 1379 -1
105 1376 -1
105 1400 -1
105 1402 -1
105 1420 -1
536 1327 -1
478 973 -1
208 486 -1
208 441 -1
104 1345 -1
122 1345 -1
78 1345 -1
104 1297 -1
63 615 -1
421 959 -1
430 959 -1
421 994 -1
778 852 -1
778 832 -1
778 797 -1
1158 1324 -1
1158 1352 -1
1158 1340 -1
1158 1300 -1
1158 1320 -1
1158 1351 -1
163 1252 -1
163 1264 -1
163 1288 -1
163 1276 -1
163 1277 -1
163 1269 -1
497 1223 -1
455 1223 -1
497 1210 -1
497 1155 -1
497 1214 -1
497 1206 -1
226 879 -1
280 879 -1
227 879 -1
850 1058 -1
748 1297 -1
769 1297 -1
755 1297 -1
748 1345 -1
731 1155 -1
737 1155 -1
731 1206 -1
731 1223 -1
233 692 -1
560 975 -1
802 1124 -1
800 1124 -1
853 1124 -1
798 1124 -1
524 798 -1
514 798 -1
516 798 -1
530 798 -1
524 800 -1
524 802 -1
524 853 -1
21 1029 -1
21 1031 -1
21 1076 -1
21 1054 -1
21 1039 -1
31 1059 -1
203 419 -1
155 419 -1
598 1112 -1
598 1132 -1
598 1149 -1
598 1110 -1
598 1119 -1
100 1396 -1
399 478 -1
577 1004 -1
577 936 -1
577 954 -1
577 979 -1
149 951 -1
161 951 -1
148 951 -1
638 657 -1
594 657 -1
638 669 -1
638 693 -1
638 711 -1
267 346 -1
232 346 -1
0 390 -1
67 390 -1
0 362 -1
0 395 -1
0 396 -1
0 370 -1
0 372 -1
0 394 -1
249 546 -1
249 521 -1
64 1351 -1
64 1352 -1
64 1300 -1
64 1340 -1
64 1320 -1
64 1324 -1
650 1131 -1
695 1131 -1
169 762 -1
169 782 -1
820 1013 -1
341 1344 -1
341 1308 -1
280 932 -1
226 932 -1
227 932 -1
634 1356 -1
492 1310 -1
992 1105 -1
984 1105 -1
977 1105 -1
986 1105 -1
1005 1105 -1
983 1105 -1
992 1146 -1
229 1415 -1
99 227 -1
136 227 -1
97 227 -1
126 227 -1
118 227 -1
72 227 -1
99 280 -1
99 226 -1
484 957 -1
168 762 -1
168 782 -1
526 1061 -1
526 1072 -1
526 1026 -1
526 1020 -1
526 1015 -1
799 931 -1
799 913 -1
473 1176 -1
958 1065 -1
1254 1420 -1
1254 1400 -1
1254 1376 -1
1254 1402 -1
1254 1379 -1
269 376 -1
224 376 -1
243 376 -1
876 1430 -1
876 1411 -1
876 1406 -1
876 1423 -1
824 995 -1
476 820 -1
477 820 -1
255 348 -1
277 348 -1
255 313 -1
255 343 -1
255 311 -1
342 703 -1
591 848 -1
632 848 -1
579 848 -1
580 848 -1
591 804 -1
591 846 -1
591 813 -1
591 814 -1
591 815 -1
1044 1106 -1
1044 1095 -1
1044 1111 -1
129 1084 -1
75 1084 -1
124 1084 -1
129 1080 -1
129 1128 -1
129 1114 -1
400 1395 -1
991 1144 -1
479 795 -1
723 1293 -1
723 1233 -1
723 1231 -1
215 373 -1
383 572 -1
112 691 -1
115 691 -1
112 673 -1
14 932 -1
93 1123 -1
133 1123 -1
631 758 -1
584 758 -1
631 736 -1
631 721 -1
631 767 -1
715 912 -1
499 553 -1
448 553 -1
451 553 -1
501 553 -1
163 742 -1
163 770 -1
1131 1219 -1
714 910 -1
683 910 -1
709 910 -1
319 1216 -1
319 1169 -1
319 1199 -1
691 751 -1
673 751 -1
126 984 -1
136 984 -1
97 984 -1
99 984 -1
118 984 -1
72 984 -1
126 992 -1
126 977 -1
126 986 -1
126 1005 -1
126 983 -1
318 416 -1
329 416 -1
427 910 -1
405 910 -1
117 1369 -1
117 1416 -1
117 1382 -1
835 1328 -1
816 1328 -1
849 1328 -1
822 1328 -1
835 1346 -1
415 1025 -1
415 1063 -1
393 825 -1
393 839 -1
436 1362 -1
468 1362 -1
535 635 -1
513 635 -1
450 1419 -1
232 1190 -1
267 1190 -1
80 166 -1
77 731 -1
77 737 -1
730 1201 -1
730 1163 -1
372 905 -1
390 905 -1
362 905 -1
395 905 -1
396 905 -1
370 905 -1
394 905 -1
465 675 -1
586 1056 -1
596 1056 -1
597 1056 -1
590 1056 -1
586 1008 -1
586 1018 -1
586 1045 -1
104 198 -1
122 198 -1
78 198 -1
970 1054 -1
939 1054 -1
970 1031 -1
970 1076 -1
970 1029 -1
970 1039 -1
958 1214 -1
958 1210 -1
958 1206 -1
958 1223 -1
771 903 -1
1177 1424 -1
890 1133 -1
904 1133 -1
473 670 -1
473 648 -1
473 682 -1
473 711 -1
473 669 -1
473 687 -1
81 716 -1
81 668 -1
81 686 -1
749 1204 -1
749 1208 -1
749 1170 -1
749 1183 -1
342 1352 -1
342 1320 -1
342 1300 -1
342 1340 -1
342 1324 -1
342 1351 -1
110 797 -1
110 832 -1
110 852 -1
609 875 -1
379 1190 -1
413 1190 -1
282 1402 -1
282 1400 -1
282 1376 -1
282 1379 -1
282 1420 -1
362 720 -1
370 720 -1
395 720 -1
372 720 -1
394 720 -1
390 720 -1
362 772 -1
358 631 -1
358 584 -1
456 946 -1
456 969 -1
456 948 -1
456 953 -1
126 663 -1
136 663 -1
97 663 -1
99 663 -1
118 663 -1
72 663 -1
120 693 -1
120 657 -1
120 669 -1
120 711 -1
236 572 -1
282 1257 -1
469 869 -1
469 906 -1
469 866 -1
469 901 -1
469 895 -1
27 698 -1
424 1308 -1
424 1344 -1
785 1415 -1
776 1415 -1
543 1319 -1
543 1320 -1
543 1322 -1
543 1363 -1
543 1340 -1
818 1189 -1
806 1189 -1
847 1189 -1
586 1017 -1
596 1017 -1
597 1017 -1
590 1017 -1
955 1381 -1
940 1381 -1
955 1401 -1
73 1396 -1
123 1396 -1
635 1423 -1
635 1430 -1
635 1406 -1
327 472 -1
340 472 -1
327 446 -1
327 471 -1
251 704 -1
225 704 -1
1236 1425 -1
1273 1425 -1
1289 1425 -1
1236 1372 -1
1236 1414 -1
1236 1390 -1
569 1119 -1
569 1112 -1
569 1149 -1
569 1110 -1
149 739 -1
161 739 -1
148 739 -1
1009 1287 -1
1009 1234 -1
315 954 -1
301 954 -1
317 954 -1
325 954 -1
309 954 -1
315 936 -1
315 979 -1
315 1004 -1
1221 1244 -1
1213 1244 -1
577 1135 -1
629 1121 -1
640 1121 -1
578 1121 -1
604 1121 -1
629 1128 -1
629 1080 -1
629 1126 -1
526 1423 -1
526 1430 -1
526 1406 -1
767 1320 -1
736 1320 -1
721 1320 -1
758 1320 -1
767 1351 -1
767 1352 -1
767 1322 -1
767 1319 -1
767 1324 -1
767 1363 -1
767 1300 -1
767 1340 -1
656 1349 -1
581 1348 -1
600 1348 -1
626 1348 -1
305 1127 -1
418 972 -1
384 972 -1
385 972 -1
429 972 -1
401 972 -1
516 1142 -1
514 1142 -1
524 1142 -1
530 1142 -1
516 1134 -1
106 1059 -1
642 648 -1
642 682 -1
642 711 -1
642 669 -1
642 670 -1
642 687 -1
297 1075 -1
352 1075 -1
298 1075 -1
335 1075 -1
297 1069 -1
1317 1408 -1
431 818 -1
431 806 -1
431 847 -1
558 878 -1
529 878 -1
575 878 -1
519 878 -1
558 921 -1
558 899 -1
558 877 -1
711 1349 -1
648 1349 -1
682 1349 -1
687 1349 -1
657 1349 -1
693 1349 -1
669 1349 -1
670 1349 -1
267 868 -1
232 868 -1
300 653 -1
293 653 -1
488 866 -1
496 866 -1
467 866 -1
488 920 -1
488 901 -1
488 906 -1
488 869 -1
488 895 -1
102 1056 -1
132 1056 -1
135 1056 -1
102 1008 -1
102 1018 -1
102 1045 -1
