31 49 1
37 44 1
37 45 1
44 45 1
49 61 1
31 61 1
16 57 1
1 23 1
0 63 1
23 60 1
1 60 1
7 38 1
74 133 1
83 138 1
93 126 1
94 123 1
77 134 1
73 105 1
90 93 1
90 126 1
130 141 1
80 82 1
96 110 1
82 94 1
80 94 1
82 123 1
147 192 1
168 206 1
212 213 1
165 193 1
152 153 1
173 202 1
164 169 1
147 163 1
163 192 1
144 183 1
176 209 1
171 176 1
171 209 1
252 270 1
249 258 1
220 243 1
258 267 1
249 267 1
224 280 1
221 232 1
227 239 1
233 275 1
234 271 1
216 250 1
223 250 1
216 223 1
292 297 1
309 317 1
306 355 1
293 337 1
333 333 1
323 357 1
305 320 1
322 325 1
316 338 1
335 348 1
325 331 1
322 331 1
404 413 1
391 422 1
362 416 1
372 374 1
383 403 1
377 423 1
389 428 1
360 362 1
360 416 1
371 401 1
416 428 1
360 428 1
362 428 1
389 416 1
492 499 1
465 497 1
436 490 1
447 468 1
450 472 1
440 495 1
485 499 1
485 492 1
432 493 1
454 499 1
454 492 1
454 485 1
507 521 1
548 560 1
522 564 1
554 557 1
505 509 1
510 561 1
560 572 1
548 572 1
566 567 1
530 562 1
565 569 1
518 566 1
518 567 1
605 621 1
580 615 1
598 642 1
576 590 1
584 645 1
590 600 1
576 600 1
585 593 1
580 585 1
585 615 1
580 593 1
588 640 1
704 719 1
700 714 1
687 689 1
665 706 1
648 658 1
677 706 1
665 677 1
659 689 1
659 687 1
659 691 1
689 691 1
687 691 1
745 763 1
737 768 1
747 781 1
729 780 1
739 790 1
722 740 1
760 770 1
723 771 1
767 790 1
739 767 1
783 785 1
763 764 1
745 764 1
797 833 1
792 854 1
798 846 1
795 839 1
806 859 1
819 857 1
799 846 1
798 799 1
847 863 1
845 863 1
845 847 1
844 858 1
895 904 1
874 926 1
882 918 1
915 918 1
882 915 1
875 883 1
878 924 1
919 933 1
910 929 1
907 908 1
865 913 1
874 879 1
879 926 1
939 945 1
945 1004 1
939 1004 1
969 978 1
980 993 1
996 1005 1
960 1001 1
984 992 1
968 975 1
978 990 1
969 990 1
1002 1006 1
1051 1056 1
1064 1076 1
1016 1023 1
1011 1032 1
1068 1069 1
1015 1079 1
1038 1069 1
1038 1068 1
1008 1074 1
1054 1071 1
1035 1054 1
1035 1071 1
1104 1143 1
1083 1126 1
1085 1130 1
1089 1120 1
1117 1124 1
1118 1127 1
1105 1142 1
1100 1126 1
1083 1100 1
1080 1149 1
1137 1143 1
1104 1137 1
1157 1220 1
1204 1217 1
1177 1205 1
1154 1166 1
1174 1221 1
1177 1223 1
1205 1223 1
1199 1199 1
1176 1221 1
1174 1176 1
1202 1208 1
1163 1212 1
1235 1240 1
1290 1292 1
1230 1268 1
1237 1241 1
1246 1259 1
1259 1283 1
1246 1283 1
1232 1282 1
1224 1294 1
1227 1245 1
1233 1262 1
1229 1292 1
1229 1290 1
1336 1366 1
1316 1332 1
1311 1346 1
1304 1360 1
1322 1351 1
1312 1318 1
1339 1352 1
1304 1364 1
1360 1364 1
1311 1367 1
1346 1367 1
1315 1359 1
1371 1377 1
1398 1406 1
1388 1430 1
1374 1386 1
1396 1439 1
1379 1438 1
1397 1413 1
1380 1400 1
1391 1422 1
1407 1407 1
1381 1387 1
1414 1436 1
90 1353 -1
93 1353 -1
126 1353 -1
509 1345 -1
505 1345 -1
1153 1325 -1
523 627 -1
182 1086 -1
856 1413 -1
856 1397 -1
224 604 -1
280 604 -1
10 358 -1
388 1039 -1
494 1386 -1
494 1374 -1
489 634 -1
501 1100 -1
501 1083 -1
501 1126 -1
666 807 -1
1138 1163 -1
1138 1212 -1
948 1169 -1
927 1435 -1
917 1245 -1
917 1227 -1
732 1173 -1
583 1349 -1
625 861 -1
191 1435 -1
193 1416 -1
165 1416 -1
368 578 -1
376 864 -1
263 810 -1
454 783 -1
499 783 -1
492 783 -1
485 783 -1
454 785 -1
250 322 -1
216 322 -1
223 322 -1
250 331 -1
250 325 -1
323 855 -1
357 855 -1
573 1096 -1
317 698 -1
309 698 -1
748 1072 -1
756 1295 -1
271 833 -1
234 833 -1
271 797 -1
719 1249 -1
704 1249 -1
564 848 -1
522 848 -1
2 890 -1
289 1044 -1
457 534 -1
1024 1405 -1
331 513 -1
322 513 -1
325 513 -1
168 752 -1
206 752 -1
711 815 -1
157 715 -1
13 801 -1
162 1276 -1
506 1073 -1
640 1167 -1
588 1167 -1
220 666 -1
243 666 -1
76 518 -1
76 566 -1
76 567 -1
541 789 -1
271 608 -1
234 608 -1
9 1067 -1
985 1239 -1
81 848 -1
383 1229 -1
403 1229 -1
383 1290 -1
383 1292 -1
127 361 -1
110 811 -1
96 811 -1
15 781 -1
15 747 -1
145 580 -1
145 585 -1
145 593 -1
145 615 -1
407 1194 -1
1073 1327 -1
244 833 -1
244 797 -1
350 674 -1
475 1223 -1
475 1177 -1
475 1205 -1
150 634 -1
315 727 -1
725 1114 -1
311 937 -1
81 537 -1
1050 1254 -1
1271 1402 -1
39 732 -1
916 1339 -1
916 1352 -1
35 489 -1
359 820 -1
173 1147 -1
202 1147 -1
36 107 -1
110 536 -1
96 536 -1
236 1385 -1
92 1182 -1
582 1212 -1
582 1163 -1
671 857 -1
671 819 -1
253 545 -1
471 1401 -1
52 820 -1
617 1070 -1
614 754 -1
1081 1327 -1
939 1210 -1
945 1210 -1
1004 1210 -1
810 1126 -1
810 1083 -1
810 1100 -1
460 1291 -1
65 261 -1
481 1240 -1
481 1235 -1
189 782 -1
34 220 -1
34 243 -1
10 148 -1
746 1004 -1
746 945 -1
746 939 -1
762 1083 -1
762 1100 -1
762 1126 -1
31 462 -1
49 462 -1
61 462 -1
626 1413 -1
626 1397 -1
733 1313 -1
454 1417 -1
499 1417 -1
492 1417 -1
485 1417 -1
149 501 -1
656 1226 -1
908 1158 -1
907 1158 -1
1185 1350 -1
763 1364 -1
745 1364 -1
764 1364 -1
763 1304 -1
763 1360 -1
282 1350 -1
413 1195 -1
404 1195 -1
197 958 -1
845 1370 -1
847 1370 -1
863 1370 -1
141 561 -1
130 561 -1
141 510 -1
777 1396 -1
777 1439 -1
500 941 -1
180 571 -1
1042 1322 -1
1042 1351 -1
347 1039 -1
380 552 -1
1136 1235 -1
1136 1240 -1
1216 1274 -1
136 320 -1
136 305 -1
972 1125 -1
961 1230 -1
961 1268 -1
426 579 -1
413 1023 -1
404 1023 -1
413 1016 -1
154 722 -1
154 740 -1
214 653 -1
295 903 -1
430 1083 -1
430 1100 -1
430 1126 -1
236 981 -1
177 1372 -1
1005 1250 -1
996 1250 -1
1 921 -1
60 921 -1
23 921 -1
138 772 -1
83 772 -1
461 522 -1
461 564 -1
838 1173 -1
5 924 -1
5 878 -1
41 1328 -1
293 1374 -1
337 1374 -1
293 1386 -1
385 780 -1
385 729 -1
518 626 -1
566 626 -1
567 626 -1
101 951 -1
571 1386 -1
571 1374 -1
355 1013 -1
306 1013 -1
640 786 -1
588 786 -1
886 1329 -1
194 223 -1
194 216 -1
194 250 -1
967 1208 -1
967 1202 -1
