23 48 1
10 21 1
3 21 1
3 10 1
7 33 1
3 53 1
10 53 1
21 53 1
39 48 1
23 39 1
32 40 1
9 31 1
13 29 1
3 19 1
10 19 1
19 21 1
19 53 1
3 66 1
10 66 1
19 66 1
21 66 1
53 66 1
28 39 1
28 48 1
23 28 1
25 70 1
4 29 1
4 13 1
8 43 1
30 49 1
18 53 1
18 66 1
3 18 1
10 18 1
18 19 1
18 21 1
19 50 1
50 66 1
3 50 1
10 50 1
18 50 1
21 50 1
50 53 1
5 69 1
20 38 1
39 39 1
7 12 1
12 33 1
42 46 1
38 68 1
20 68 1
37 42 1
37 46 1
0 23 1
0 48 1
0 28 1
0 39 1
81 83 1
75 119 1
82 134 1
81 139 1
83 139 1
75 137 1
119 137 1
103 140 1
84 107 1
135 135 1
83 98 1
81 98 1
98 139 1
100 117 1
84 135 1
107 135 1
94 120 1
100 110 1
110 117 1
93 111 1
121 131 1
88 141 1
72 98 1
72 81 1
72 83 1
72 139 1
92 109 1
102 134 1
82 102 1
76 109 1
76 92 1
121 135 1
131 135 1
107 121 1
84 121 1
82 103 1
102 103 1
103 134 1
82 140 1
95 105 1
74 143 1
114 132 1
79 132 1
79 114 1
126 133 1
88 119 1
119 141 1
88 137 1
75 88 1
84 104 1
104 121 1
104 107 1
104 135 1
109 123 1
76 123 1
92 123 1
175 203 1
164 193 1
174 189 1
158 173 1
157 200 1
183 195 1
166 205 1
145 180 1
184 203 1
175 184 1
169 171 1
186 206 1
167 174 1
167 189 1
148 214 1
165 204 1
186 190 1
190 206 1
151 204 1
151 165 1
182 197 1
178 200 1
157 178 1
185 200 1
178 185 1
157 185 1
146 205 1
146 166 1
192 203 1
184 192 1
175 192 1
179 209 1
211 213 1
144 195 1
144 183 1
158 195 1
173 195 1
144 158 1
158 183 1
192 215 1
184 215 1
203 215 1
175 215 1
173 213 1
195 213 1
158 213 1
173 211 1
165 207 1
204 207 1
151 207 1
167 182 1
182 189 1
174 182 1
167 197 1
247 282 1
231 284 1
232 277 1
218 258 1
227 251 1
241 274 1
223 229 1
221 224 1
249 261 1
216 224 1
216 221 1
271 275 1
233 277 1
232 233 1
241 279 1
274 279 1
239 266 1
218 240 1
240 258 1
280 283 1
247 252 1
252 282 1
241 254 1
254 274 1
254 279 1
228 283 1
228 280 1
231 270 1
270 284 1
216 228 1
224 228 1
221 228 1
216 280 1
216 283 1
245 252 1
245 282 1
245 247 1
259 270 1
259 284 1
231 259 1
236 287 1
282 287 1
252 287 1
245 287 1
247 287 1
236 282 1
261 276 1
249 276 1
235 259 1
235 284 1
235 270 1
231 235 1
251 271 1
227 271 1
251 275 1
299 325 1
321 342 1
338 349 1
333 336 1
329 331 1
336 352 1
333 352 1
324 340 1
315 320 1
349 359 1
338 359 1
289 298 1
302 317 1
298 315 1
289 315 1
298 320 1
305 329 1
305 331 1
338 339 1
339 349 1
339 359 1
291 294 1
288 354 1
352 353 1
336 353 1
333 353 1
313 319 1
327 357 1
297 326 1
290 300 1
310 329 1
305 310 1
310 331 1
293 348 1
324 359 1
340 359 1
324 338 1
324 339 1
324 349 1
302 323 1
317 323 1
346 353 1
346 352 1
336 346 1
333 346 1
337 346 1
337 352 1
337 353 1
333 337 1
336 337 1
326 328 1
297 328 1
308 337 1
308 352 1
308 353 1
308 333 1
308 336 1
308 346 1
404 413 1
377 431 1
380 423 1
403 404 1
403 413 1
391 399 1
373 385 1
363 406 1
368 430 1
428 430 1
368 428 1
423 426 1
380 426 1
381 417 1
429 431 1
377 429 1
395 422 1
408 425 1
390 416 1
368 373 1
373 428 1
373 430 1
368 385 1
401 423 1
401 426 1
380 401 1
382 402 1
425 425 1
397 430 1
368 397 1
397 428 1
373 397 1
370 401 1
370 426 1
370 380 1
370 423 1
414 415 1
400 411 1
397 413 1
368 413 1
413 428 1
373 413 1
413 430 1
397 403 1
397 404 1
379 408 1
379 425 1
383 395 1
383 422 1
416 429 1
390 429 1
377 416 1
416 431 1
376 386 1
466 503 1
486 503 1
466 486 1
440 465 1
442 459 1
439 458 1
458 480 1
439 480 1
440 470 1
465 470 1
435 437 1
446 485 1
473 486 1
466 473 1
473 503 1
455 485 1
446 455 1
481 499 1
496 497 1
480 480 1
435 435 1
437 501 1
435 501 1
478 491 1
455 464 1
464 485 1
446 464 1
444 477 1
485 490 1
464 490 1
446 490 1
455 490 1
446 453 1
453 464 1
453 490 1
453 485 1
453 455 1
443 489 1
470 490 1
440 490 1
465 490 1
453 470 1
455 470 1
464 470 1
446 470 1
470 485 1
443 454 1
454 489 1
462 481 1
462 499 1
434 466 1
434 473 1
434 486 1
434 503 1
504 549 1
519 556 1
510 547 1
526 544 1
541 572 1
526 569 1
544 569 1
540 554 1
518 574 1
520 569 1
520 544 1
520 526 1
510 544 1
544 547 1
510 520 1
510 569 1
510 526 1
532 562 1
513 523 1
535 538 1
507 517 1
548 568 1
507 534 1
517 534 1
518 567 1
567 574 1
530 543 1
525 545 1
517 537 1
507 537 1
534 537 1
525 562 1
545 562 1
525 532 1
523 561 1
513 561 1
542 571 1
562 566 1
545 566 1
532 566 1
525 566 1
513 568 1
561 568 1
523 568 1
513 548 1
549 572 1
504 572 1
541 549 1
548 575 1
568 575 1
513 575 1
511 557 1
514 571 1
514 542 1
636 642 1
602 635 1
607 616 1
578 611 1
641 647 1
615 635 1
602 615 1
614 638 1
629 634 1
581 620 1
576 615 1
576 602 1
576 635 1
579 640 1
577 635 1
576 577 1
577 602 1
577 615 1
600 633 1
617 629 1
617 634 1
578 644 1
611 644 1
582 624 1
634 647 1
617 647 1
629 647 1
634 641 1
587 604 1
579 594 1
594 640 1
594 630 1
630 640 1
579 630 1
603 647 1
603 641 1
603 634 1
603 629 1
603 617 1
584 608 1
631 638 1
614 631 1
622 645 1
619 646 1
601 629 1
601 617 1
601 634 1
601 603 1
601 647 1
625 646 1
619 625 1
589 642 1
589 636 1
577 612 1
576 612 1
602 612 1
612 635 1
612 615 1
655 673 1
670 717 1
669 675 1
660 661 1
669 708 1
675 708 1
672 715 1
686 719 1
685 692 1
692 698 1
685 698 1
656 718 1
665 666 1
686 695 1
695 719 1
648 673 1
648 655 1
655 674 1
648 674 1
673 674 1
684 718 1
656 684 1
692 695 1
695 698 1
685 695 1
686 692 1
692 719 1
686 690 1
690 695 1
690 692 1
690 719 1
650 674 1
648 650 1
650 673 1
650 655 1
651 672 1
651 715 1
667 670 1
667 717 1
655 695 1
648 695 1
673 695 1
674 695 1
650 695 1
655 685 1
655 686 1
655 719 1
655 690 1
655 692 1
655 698 1
672 702 1
702 715 1
651 702 1
671 695 1
671 673 1
671 674 1
648 671 1
650 671 1
671 685 1
671 686 1
671 719 1
671 690 1
671 692 1
671 698 1
655 671 1
757 768 1
735 748 1
762 787 1
751 762 1
751 787 1
738 783 1
761 770 1
728 732 1
738 764 1
764 783 1
743 752 1
765 786 1
734 788 1
720 739 1
743 788 1
752 788 1
734 743 1
723 760 1
771 789 1
722 723 1
722 760 1
725 780 1
742 757 1
742 768 1
751 781 1
762 781 1
781 787 1
728 736 1
732 736 1
725 763 1
763 780 1
747 757 1
747 768 1
742 747 1
772 774 1
723 775 1
760 775 1
722 775 1
734 761 1
761 788 1
743 761 1
734 770 1
752 770 1
770 788 1
743 770 1
752 761 1
734 752 1
778 783 1
738 778 1
764 778 1
780 785 1
763 785 1
725 785 1
730 775 1
730 760 1
722 730 1
723 730 1
794 858 1
809 824 1
801 835 1
799 831 1
816 823 1
825 851 1
828 830 1
819 849 1
818 828 1
818 830 1
815 837 1
794 859 1
858 859 1
801 834 1
834 835 1
850 855 1
819 837 1
837 849 1
815 819 1
805 810 1
816 847 1
823 847 1
808 829 1
801 826 1
826 834 1
826 835 1
792 857 1
808 810 1
810 829 1
805 808 1
833 853 1
807 860 1
841 862 1
845 853 1
833 845 1
824 826 1
809 826 1
801 824 1
824 834 1
824 835 1
839 856 1
798 836 1
813 839 1
813 856 1
827 852 1
817 822 1
833 838 1
838 853 1
838 845 1
810 816 1
808 816 1
805 816 1
816 829 1
810 847 1
810 823 1
873 894 1
897 912 1
898 932 1
912 925 1
897 925 1
917 935 1
906 922 1
870 897 1
870 912 1
870 925 1
900 933 1
894 916 1
873 916 1
904 910 1
864 930 1
881 882 1
902 922 1
902 906 1
916 924 1
873 924 1
894 924 1
876 916 1
873 876 1
876 924 1
876 894 1
905 935 1
905 917 1
904 907 1
907 910 1
878 902 1
878 922 1
878 906 1
866 880 1
886 930 1
864 886 1
865 897 1
865 912 1
865 925 1
865 870 1
882 935 1
881 935 1
882 905 1
882 917 1
873 883 1
883 924 1
883 916 1
883 894 1
876 883 1
886 922 1
864 922 1
922 930 1
886 902 1
886 906 1
878 886 1
965 996 1
960 993 1
952 977 1
946 1006 1
950 981 1
964 977 1
952 964 1
958 977 1
952 958 1
958 964 1
972 981 1
950 972 1
990 1003 1
993 1000 1
960 1000 1
976 1003 1
976 990 1
943 951 1
945 976 1
945 1003 1
945 990 1
948 986 1
964 993 1
952 993 1
977 993 1
958 993 1
960 964 1
964 1000 1
974 981 1
972 974 1
950 974 1
936 983 1
943 996 1
951 996 1
943 965 1
960 972 1
972 1000 1
972 993 1
964 972 1
960 974 1
960 981 1
950 960 1
955 977 1
952 955 1
955 993 1
955 964 1
955 958 1
947 1006 1
946 947 1
974 1005 1
960 1005 1
972 1005 1
981 1005 1
950 1005 1
1042 1064 1
1019 1056 1
1012 1038 1
1076 1076 1
1027 1031 1
1014 1048 1
1045 1070 1
1038 1065 1
1012 1065 1
1016 1055 1
1045 1068 1
1068 1070 1
1039 1067 1
1011 1019 1
1011 1056 1
1067 1075 1
1039 1075 1
1023 1037 1
1013 1071 1
1049 1056 1
1019 1049 1
1011 1049 1
1046 1053 1
1046 1074 1
1053 1074 1
1038 1061 1
1061 1065 1
1012 1061 1
1019 1070 1
1056 1070 1
1049 1070 1
1011 1070 1
1019 1068 1
1019 1045 1
1028 1029 1
1051 1059 1
1074 1076 1
1053 1076 1
1046 1076 1
1033 1062 1
1029 1051 1
1028 1051 1
1029 1059 1
1048 1070 1
1014 1070 1
1048 1056 1
1048 1068 1
1011 1048 1
1045 1048 1
1048 1049 1
1019 1048 1
1027 1043 1
1031 1043 1
1008 1066 1
1096 1098 1
1127 1130 1
1092 1097 1
1107 1122 1
1097 1123 1
1092 1123 1
1097 1147 1
1123 1147 1
1092 1147 1
1106 1112 1
1104 1138 1
1084 1122 1
1084 1107 1
1115 1121 1
1095 1144 1
1128 1144 1
1095 1128 1
1132 1143 1
1129 1136 1
1121 1138 1
1115 1138 1
1104 1121 1
1100 1118 1
1115 1145 1
1121 1145 1
1138 1145 1
1102 1133 1
1119 1132 1
1119 1143 1
1082 1112 1
1082 1106 1
1088 1141 1
1133 1133 1
1092 1148 1
1097 1148 1
1123 1148 1
1147 1148 1
1119 1136 1
1132 1136 1
1136 1143 1
1119 1129 1
1084 1131 1
1122 1131 1
1107 1131 1
1110 1120 1
1120 1130 1
1110 1130 1
1120 1127 1
1108 1122 1
1108 1131 1
1107 1108 1
1084 1108 1
1115 1127 1
1121 1127 1
1127 1138 1
1127 1145 1
1115 1120 1
1115 1130 1
1204 1223 1
1215 1216 1
1189 1199 1
1195 1202 1
1154 1192 1
1187 1221 1
1155 1200 1
1171 1203 1
1178 1213 1
1202 1221 1
1195 1221 1
1187 1202 1
1189 1216 1
1199 1216 1
1189 1215 1
1191 1201 1
1183 1207 1
1158 1190 1
1206 1210 1
1169 1218 1
1168 1219 1
1180 1207 1
1180 1183 1
1156 1184 1
1183 1204 1
1180 1204 1
1204 1207 1
1183 1223 1
1186 1200 1
1155 1186 1
1168 1217 1
1217 1219 1
1187 1216 1
1202 1216 1
1216 1221 1
1187 1199 1
1187 1215 1
1187 1189 1
1179 1196 1
1191 1221 1
1201 1221 1
1191 1216 1
1187 1191 1
1191 1195 1
1191 1202 1
1181 1218 1
1169 1181 1
1161 1173 1
1187 1222 1
1216 1222 1
1221 1222 1
1189 1222 1
1191 1222 1
1199 1222 1
1202 1222 1
1215 1222 1
1231 1260 1
1234 1277 1
1226 1267 1
1254 1263 1
1234 1242 1
1242 1277 1
1239 1243 1
1231 1231 1
1256 1294 1
1251 1286 1
1271 1275 1
1240 1279 1
1228 1257 1
1257 1289 1
1228 1289 1
1243 1284 1
1239 1284 1
1249 1286 1
1249 1251 1
1237 1249 1
1237 1251 1
1237 1286 1
1280 1285 1
1233 1290 1
1240 1292 1
1279 1292 1
1263 1293 1
1254 1293 1
1241 1255 1
1224 1252 1
1243 1279 1
1279 1284 1
1239 1279 1
1240 1243 1
1243 1292 1
1259 1261 1
1245 1276 1
1241 1294 1
1255 1294 1
1241 1256 1
1259 1260 1
1260 1261 1
1231 1259 1
1228 1258 1
1257 1258 1
1258 1289 1
1279 1286 1
1284 1286 1
1286 1292 1
1239 1286 1
1240 1286 1
1243 1286 1
1249 1279 1
1251 1279 1
1237 1279 1
1298 1327 1
1342 1357 1
1297 1341 1
1349 1355 1
1321 1365 1
1306 1356 1
1306 1321 1
1321 1356 1
1306 1365 1
1321 1322 1
1306 1322 1
1322 1356 1
1322 1365 1
1308 1366 1
1304 1322 1
1304 1321 1
1304 1306 1
1304 1356 1
1304 1365 1
1305 1357 1
1305 1342 1
1342 1359 1
1305 1359 1
1357 1359 1
1319 1359 1
1305 1319 1
1319 1357 1
1319 1342 1
1301 1334 1
1338 1347 1
1328 1347 1
1328 1338 1
1310 1335 1
1296 1303 1
1318 1358 1
1314 1360 1
1298 1336 1
1327 1336 1
1322 1323 1
1321 1323 1
1323 1356 1
1323 1365 1
1304 1323 1
1306 1323 1
1348 1352 1
1316 1332 1
1322 1331 1
1321 1331 1
1323 1331 1
1331 1356 1
1331 1365 1
1304 1331 1
1306 1331 1
1297 1302 1
1302 1341 1
1403 1437 1
1373 1407 1
1372 1419 1
1371 1402 1
1369 1373 1
1369 1407 1
1369 1390 1
1373 1390 1
1390 1407 1
1406 1416 1
1372 1395 1
1395 1419 1
1396 1432 1
1387 1388 1
1400 1433 1
1385 1428 1
1398 1437 1
1398 1403 1
1408 1418 1
1415 1427 1
1397 1434 1
1387 1394 1
1388 1394 1
1381 1428 1
1381 1385 1
1419 1422 1
1395 1422 1
1372 1422 1
1409 1419 1
1395 1409 1
1372 1409 1
1409 1422 1
1393 1434 1
1393 1397 1
1370 1379 1
1376 1439 1
1386 1435 1
1376 1384 1
1384 1439 1
1394 1431 1
1387 1431 1
1388 1431 1
1407 1437 1
1369 1437 1
1373 1437 1
1390 1437 1
1398 1407 1
1403 1407 1
1408 1413 1
1413 1418 1
1395 1404 1
1404 1409 1
1404 1419 1
1372 1404 1
1404 1422 1
367 1338 -1
367 1328 -1
367 1347 -1
414 1315 -1
415 1315 -1
213 1363 -1
211 1363 -1
173 1363 -1
195 1363 -1
158 1363 -1
94 464 -1
120 464 -1
94 453 -1
94 455 -1
94 490 -1
94 470 -1
94 446 -1
94 485 -1
1012 1314 -1
1065 1314 -1
1061 1314 -1
1038 1314 -1
1012 1360 -1
37 1353 -1
42 1353 -1
46 1353 -1
148 1297 -1
214 1297 -1
148 1341 -1
148 1302 -1
1077 1313 -1
420 1355 -1
420 1349 -1
323 642 -1
317 642 -1
302 642 -1
323 636 -1
323 589 -1
163 1243 -1
163 1284 -1
163 1286 -1
163 1292 -1
163 1239 -1
163 1240 -1
163 1279 -1
82 501 -1
140 501 -1
102 501 -1
134 501 -1
103 501 -1
82 435 -1
82 437 -1
517 772 -1
537 772 -1
507 772 -1
534 772 -1
517 774 -1
1074 1312 -1
1076 1312 -1
1053 1312 -1
1046 1312 -1
214 395 -1
148 395 -1
214 422 -1
214 383 -1
22 471 -1
1074 1315 -1
1076 1315 -1
1053 1315 -1
1046 1315 -1
152 1302 -1
152 1297 -1
152 1341 -1
126 539 -1
133 539 -1
312 1355 -1
312 1349 -1
545 775 -1
562 775 -1
525 775 -1
566 775 -1
545 760 -1
545 722 -1
545 723 -1
545 730 -1
179 1296 -1
209 1296 -1
179 1303 -1
189 1304 -1
182 1304 -1
174 1304 -1
167 1304 -1
189 1321 -1
189 1322 -1
189 1323 -1
189 1356 -1
189 1331 -1
189 1365 -1
189 1306 -1
310 636 -1
329 636 -1
331 636 -1
305 636 -1
310 642 -1
310 589 -1
406 1340 -1
363 1340 -1
124 573 -1
538 738 -1
535 738 -1
538 778 -1
538 764 -1
538 783 -1
199 415 -1
199 414 -1
539 737 -1
155 1308 -1
155 1366 -1
129 489 -1
129 443 -1
129 454 -1
502 629 -1
502 617 -1
502 634 -1
502 603 -1
502 601 -1
502 647 -1
162 1074 -1
162 1076 -1
162 1053 -1
162 1046 -1
638 1317 -1
614 1317 -1
631 1317 -1
220 545 -1
220 562 -1
220 525 -1
220 566 -1
300 1310 -1
290 1310 -1
300 1335 -1
333 1344 -1
352 1344 -1
353 1344 -1
336 1344 -1
337 1344 -1
308 1344 -1
346 1344 -1
3 76 -1
66 76 -1
10 76 -1
50 76 -1
18 76 -1
19 76 -1
21 76 -1
53 76 -1
3 123 -1
3 92 -1
3 109 -1
338 1345 -1
339 1345 -1
324 1345 -1
349 1345 -1
359 1345 -1
142 1239 -1
142 1243 -1
142 1284 -1
142 1286 -1
142 1279 -1
285 471 -1
391 1327 -1
399 1327 -1
391 1336 -1
391 1298 -1
119 1058 -1
88 1058 -1
137 1058 -1
75 1058 -1
141 1058 -1
336 1311 -1
352 1311 -1
353 1311 -1
333 1311 -1
337 1311 -1
308 1311 -1
346 1311 -1
196 413 -1
196 428 -1
196 397 -1
196 430 -1
196 368 -1
196 403 -1
196 404 -1
196 373 -1
111 458 -1
93 458 -1
111 480 -1
111 439 -1
88 556 -1
137 556 -1
75 556 -1
141 556 -1
119 556 -1
88 519 -1
423 1358 -1
401 1358 -1
426 1358 -1
380 1358 -1
370 1358 -1
423 1318 -1
379 1314 -1
408 1314 -1
425 1314 -1
379 1360 -1
184 1301 -1
192 1301 -1
203 1301 -1
215 1301 -1
175 1301 -1
184 1334 -1
156 1341 -1
156 1297 -1
156 1302 -1
93 450 -1
111 450 -1
123 567 -1
92 567 -1
76 567 -1
109 567 -1
123 574 -1
123 518 -1
554 773 -1
540 773 -1
410 1310 -1
410 1335 -1
235 570 -1
259 570 -1
284 570 -1
270 570 -1
231 570 -1
623 1310 -1
623 1335 -1
1070 1315 -1
1056 1315 -1
1068 1315 -1
1011 1315 -1
1045 1315 -1
1014 1315 -1
1048 1315 -1
1049 1315 -1
1019 1315 -1
499 591 -1
481 591 -1
462 591 -1
183 1336 -1
144 1336 -1
195 1336 -1
158 1336 -1
183 1298 -1
183 1327 -1
199 1351 -1
125 569 -1
125 544 -1
125 520 -1
125 510 -1
125 526 -1
428 1364 -1
368 1364 -1
413 1364 -1
373 1364 -1
430 1364 -1
397 1364 -1
308 1315 -1
352 1315 -1
353 1315 -1
333 1315 -1
336 1315 -1
337 1315 -1
346 1315 -1
92 522 -1
123 522 -1
76 522 -1
109 522 -1
241 569 -1
274 569 -1
254 569 -1
279 569 -1
241 544 -1
241 520 -1
241 510 -1
241 526 -1
198 341 -1
121 831 -1
107 831 -1
104 831 -1
131 831 -1
84 831 -1
135 831 -1
121 799 -1
274 511 -1
241 511 -1
254 511 -1
279 511 -1
274 557 -1
50 1005 -1
66 1005 -1
3 1005 -1
10 1005 -1
18 1005 -1
19 1005 -1
21 1005 -1
53 1005 -1
50 960 -1
50 972 -1
50 981 -1
50 974 -1
50 950 -1
410 1344 -1
81 502 -1
72 502 -1
98 502 -1
83 502 -1
139 502 -1
154 1339 -1
233 567 -1
232 567 -1
277 567 -1
233 574 -1
233 518 -1
1011 1348 -1
1056 1348 -1
1049 1348 -1
1019 1348 -1
1070 1348 -1
1048 1348 -1
1011 1352 -1
303 497 -1
303 496 -1
231 566 -1
259 566 -1
284 566 -1
270 566 -1
235 566 -1
231 545 -1
231 562 -1
231 532 -1
231 525 -1
186 1302 -1
190 1302 -1
206 1302 -1
186 1297 -1
186 1341 -1
1079 1314 -1
1079 1360 -1
311 1317 -1
162 463 -1
401 1299 -1
426 1299 -1
380 1299 -1
370 1299 -1
423 1299 -1
187 1337 -1
188 1339 -1
228 548 -1
280 548 -1
216 548 -1
283 548 -1
224 548 -1
221 548 -1
228 568 -1
228 513 -1
228 575 -1
86 1126 -1
972 1350 -1
960 1350 -1
993 1350 -1
964 1350 -1
1000 1350 -1
1005 1350 -1
974 1350 -1
981 1350 -1
950 1350 -1
161 1313 -1
188 1340 -1
200 310 -1
185 310 -1
178 310 -1
157 310 -1
200 329 -1
200 331 -1
200 305 -1
422 1321 -1
395 1321 -1
383 1321 -1
422 1322 -1
422 1323 -1
422 1356 -1
422 1331 -1
422 1365 -1
422 1304 -1
422 1306 -1
128 482 -1
346 599 -1
352 599 -1
353 599 -1
333 599 -1
336 599 -1
337 599 -1
308 599 -1
395 1367 -1
422 1367 -1
383 1367 -1
150 1338 -1
150 1328 -1
150 1347 -1
380 1317 -1
401 1317 -1
426 1317 -1
370 1317 -1
423 1317 -1
348 1317 -1
293 1317 -1
127 569 -1
127 544 -1
127 520 -1
127 510 -1
127 526 -1
340 463 -1
324 463 -1
359 463 -1
163 1316 -1
163 1332 -1
165 1318 -1
207 1318 -1
204 1318 -1
151 1318 -1
165 1358 -1
341 466 -1
341 473 -1
341 434 -1
341 486 -1
341 503 -1
241 568 -1
274 568 -1
254 568 -1
279 568 -1
241 513 -1
241 523 -1
241 548 -1
241 575 -1
241 561 -1
209 424 -1
179 424 -1
688 1021 -1
131 494 -1
121 494 -1
135 494 -1
205 1323 -1
146 1323 -1
166 1323 -1
205 1321 -1
205 1322 -1
205 1356 -1
205 1331 -1
205 1365 -1
205 1304 -1
205 1306 -1
196 1314 -1
196 1360 -1
349 1319 -1
338 1319 -1
339 1319 -1
324 1319 -1
359 1319 -1
349 1305 -1
349 1357 -1
349 1342 -1
349 1359 -1
597 1352 -1
597 1348 -1
230 569 -1
230 544 -1
230 520 -1
230 510 -1
230 526 -1
721 871 -1
205 420 -1
146 420 -1
166 420 -1
211 1327 -1
213 1327 -1
173 1327 -1
211 1336 -1
211 1298 -1
187 1301 -1
187 1334 -1
177 1365 -1
177 1321 -1
177 1322 -1
177 1323 -1
177 1331 -1
177 1304 -1
177 1306 -1
186 367 -1
190 367 -1
206 367 -1
210 426 -1
210 401 -1
210 370 -1
210 380 -1
210 423 -1
361 1297 -1
361 1341 -1
361 1302 -1
205 1359 -1
146 1359 -1
166 1359 -1
205 1305 -1
205 1357 -1
205 1342 -1
205 1319 -1
53 967 -1
66 967 -1
3 967 -1
10 967 -1
50 967 -1
18 967 -1
19 967 -1
21 967 -1
35 1352 -1
35 1348 -1
197 305 -1
182 305 -1
167 305 -1
197 329 -1
197 331 -1
197 310 -1
347 1318 -1
347 1358 -1
376 1346 -1
386 1346 -1
334 1344 -1
202 382 -1
202 402 -1
487 594 -1
487 640 -1
487 579 -1
487 630 -1
200 309 -1
185 309 -1
178 309 -1
157 309 -1
317 1321 -1
323 1321 -1
302 1321 -1
317 1322 -1
317 1323 -1
317 1356 -1
317 1331 -1
317 1365 -1
317 1304 -1
317 1306 -1
1013 1348 -1
1071 1348 -1
1013 1352 -1
144 1331 -1
195 1331 -1
158 1331 -1
183 1331 -1
144 1321 -1
144 1322 -1
144 1323 -1
144 1356 -1
144 1365 -1
144 1304 -1
144 1306 -1
706 742 -1
706 768 -1
706 747 -1
706 757 -1
278 530 -1
278 543 -1
274 513 -1
254 513 -1
279 513 -1
274 561 -1
274 523 -1
274 548 -1
274 575 -1
308 597 -1
352 597 -1
353 597 -1
333 597 -1
336 597 -1
337 597 -1
346 597 -1
105 1353 -1
95 1353 -1
262 511 -1
262 557 -1
390 1324 -1
416 1324 -1
429 1324 -1
382 1355 -1
402 1355 -1
382 1349 -1
418 1248 -1
1075 1350 -1
1067 1350 -1
1039 1350 -1
78 498 -1
1077 1348 -1
1077 1352 -1
209 1324 -1
179 1324 -1
176 1366 -1
176 1308 -1
200 415 -1
185 415 -1
178 415 -1
157 415 -1
200 414 -1
201 1316 -1
201 1332 -1
192 1306 -1
184 1306 -1
203 1306 -1
215 1306 -1
175 1306 -1
192 1321 -1
192 1322 -1
192 1323 -1
192 1356 -1
192 1331 -1
192 1365 -1
192 1304 -1
336 1346 -1
352 1346 -1
353 1346 -1
333 1346 -1
337 1346 -1
308 1346 -1
346 1346 -1
215 1330 -1
192 1330 -1
184 1330 -1
203 1330 -1
175 1330 -1
185 1336 -1
200 1336 -1
178 1336 -1
157 1336 -1
185 1298 -1
185 1327 -1
191 406 -1
191 363 -1
51 1004 -1
637 1317 -1
170 1359 -1
170 1305 -1
170 1357 -1
170 1342 -1
170 1319 -1
177 395 -1
177 422 -1
177 383 -1
200 417 -1
185 417 -1
178 417 -1
157 417 -1
200 381 -1
227 548 -1
251 548 -1
271 548 -1
227 568 -1
227 513 -1
227 575 -1
190 1340 -1
186 1340 -1
206 1340 -1
340 464 -1
324 464 -1
359 464 -1
340 453 -1
340 455 -1
340 490 -1
340 470 -1
340 446 -1
340 485 -1
212 393 -1
591 1070 -1
591 1056 -1
591 1068 -1
591 1011 -1
591 1045 -1
591 1014 -1
591 1048 -1
591 1049 -1
591 1019 -1
97 451 -1
276 532 -1
249 532 -1
261 532 -1
276 562 -1
276 525 -1
276 566 -1
338 589 -1
339 589 -1
324 589 -1
349 589 -1
359 589 -1
338 642 -1
338 636 -1
205 1358 -1
146 1358 -1
166 1358 -1
205 1318 -1
681 1066 -1
681 1008 -1
186 1303 -1
190 1303 -1
206 1303 -1
186 1296 -1
162 1315 -1
335 1345 -1
370 1340 -1
401 1340 -1
426 1340 -1
380 1340 -1
423 1340 -1
142 1237 -1
142 1249 -1
142 1251 -1
1009 1351 -1
343 597 -1
214 1331 -1
148 1331 -1
214 1321 -1
214 1322 -1
214 1323 -1
214 1356 -1
214 1365 -1
214 1304 -1
214 1306 -1
305 485 -1
329 485 -1
331 485 -1
310 485 -1
305 453 -1
305 455 -1
305 490 -1
305 464 -1
305 470 -1
305 446 -1
189 1342 -1
182 1342 -1
174 1342 -1
167 1342 -1
189 1305 -1
189 1319 -1
189 1357 -1
189 1359 -1
84 485 -1
104 485 -1
121 485 -1
107 485 -1
135 485 -1
84 453 -1
84 455 -1
84 490 -1
84 464 -1
84 470 -1
84 446 -1
305 497 -1
329 497 -1
331 497 -1
310 497 -1
305 496 -1
373 1307 -1
385 1307 -1
428 1307 -1
397 1307 -1
430 1307 -1
368 1307 -1
413 1307 -1
304 498 -1
385 1321 -1
368 1321 -1
373 1321 -1
385 1322 -1
385 1323 -1
385 1356 -1
385 1331 -1
385 1365 -1
385 1304 -1
385 1306 -1
98 454 -1
72 454 -1
81 454 -1
83 454 -1
139 454 -1
98 489 -1
98 443 -1
170 1324 -1
757 870 -1
768 870 -1
747 870 -1
742 870 -1
757 912 -1
757 897 -1
757 925 -1
757 865 -1
240 569 -1
218 569 -1
258 569 -1
240 544 -1
240 520 -1
240 510 -1
240 526 -1
346 598 -1
352 598 -1
353 598 -1
333 598 -1
336 598 -1
337 598 -1
308 598 -1
302 1312 -1
323 1312 -1
317 1312 -1
431 1334 -1
416 1334 -1
377 1334 -1
429 1334 -1
431 1301 -1
368 1339 -1
385 1339 -1
428 1339 -1
397 1339 -1
430 1339 -1
373 1339 -1
413 1339 -1
466 594 -1
473 594 -1
434 594 -1
486 594 -1
503 594 -1
466 640 -1
466 579 -1
466 630 -1
596 1315 -1
0 1346 -1
48 1346 -1
39 1346 -1
28 1346 -1
23 1346 -1
307 473 -1
307 466 -1
307 434 -1
307 486 -1
307 503 -1
147 1300 -1
81 497 -1
72 497 -1
98 497 -1
83 497 -1
139 497 -1
81 496 -1
89 517 -1
89 537 -1
89 507 -1
89 534 -1
49 968 -1
30 968 -1
229 566 -1
223 566 -1
229 545 -1
229 562 -1
229 532 -1
229 525 -1
501 591 -1
435 591 -1
437 591 -1
157 1345 -1
200 1345 -1
185 1345 -1
178 1345 -1
374 1345 -1
68 1347 -1
20 1347 -1
38 1347 -1
68 1328 -1
68 1338 -1
362 1298 -1
362 1336 -1
362 1327 -1
142 1238 -1
222 568 -1
222 513 -1
222 523 -1
222 548 -1
222 575 -1
222 561 -1
349 640 -1
338 640 -1
339 640 -1
324 640 -1
359 640 -1
349 594 -1
349 579 -1
349 630 -1
194 1346 -1
99 452 -1
126 569 -1
133 569 -1
126 544 -1
126 520 -1
126 510 -1
126 526 -1
159 334 -1
124 515 -1
299 1310 -1
325 1310 -1
299 1335 -1
18 476 -1
66 476 -1
3 476 -1
10 476 -1
50 476 -1
19 476 -1
53 476 -1
21 476 -1
633 1079 -1
600 1079 -1
685 1066 -1
698 1066 -1
655 1066 -1
692 1066 -1
671 1066 -1
695 1066 -1
685 1008 -1
187 1304 -1
187 1321 -1
187 1322 -1
187 1323 -1
187 1356 -1
187 1331 -1
187 1365 -1
187 1306 -1
55 975 -1
342 467 -1
321 467 -1
109 459 -1
76 459 -1
123 459 -1
92 459 -1
109 442 -1
231 567 -1
259 567 -1
284 567 -1
270 567 -1
235 567 -1
231 574 -1
231 518 -1
467 630 -1
467 640 -1
467 594 -1
467 579 -1
197 413 -1
182 413 -1
167 413 -1
197 428 -1
197 397 -1
197 430 -1
197 368 -1
197 403 -1
197 404 -1
197 373 -1
147 1297 -1
147 1341 -1
147 1302 -1
312 1318 -1
312 1358 -1
405 1339 -1
17 472 -1
158 1342 -1
144 1342 -1
213 1342 -1
195 1342 -1
173 1342 -1
183 1342 -1
158 1305 -1
158 1319 -1
158 1357 -1
158 1359 -1
632 1314 -1
632 1360 -1
351 1357 -1
351 1305 -1
351 1319 -1
351 1342 -1
351 1359 -1
303 500 -1
210 1364 -1
468 630 -1
468 640 -1
468 594 -1
468 579 -1
314 1319 -1
314 1305 -1
314 1357 -1
314 1342 -1
314 1359 -1
118 1059 -1
118 1051 -1
118 1029 -1
14 474 -1
332 1307 -1
267 513 -1
267 568 -1
267 561 -1
267 523 -1
267 548 -1
267 575 -1
56 1314 -1
56 1360 -1
179 1334 -1
209 1334 -1
179 1301 -1
400 1300 -1
411 1300 -1
684 1066 -1
656 1066 -1
718 1066 -1
684 1008 -1
309 1316 -1
309 1332 -1
431 1331 -1
416 1331 -1
377 1331 -1
429 1331 -1
431 1321 -1
431 1322 -1
431 1323 -1
431 1356 -1
431 1365 -1
431 1304 -1
431 1306 -1
147 400 -1
147 411 -1
151 1304 -1
204 1304 -1
165 1304 -1
207 1304 -1
151 1321 -1
151 1322 -1
151 1323 -1
151 1356 -1
151 1331 -1
151 1365 -1
151 1306 -1
344 1352 -1
344 1348 -1
125 538 -1
125 535 -1
193 1343 -1
164 1343 -1
399 1336 -1
399 1298 -1
623 1311 -1
71 75 -1
71 88 -1
71 137 -1
71 119 -1
310 1355 -1
329 1355 -1
331 1355 -1
305 1355 -1
310 1349 -1
37 115 -1
42 115 -1
46 115 -1
