43 63 1
45 54 1
48 52 1
25 38 1
56 60 1
6 12 1
13 49 1
17 32 1
3 26 1
13 40 1
40 49 1
23 33 1
20 30 1
7 42 1
6 40 1
12 40 1
6 49 1
6 13 1
48 57 1
52 57 1
7 16 1
16 42 1
0 42 1
0 16 1
0 7 1
11 45 1
11 54 1
43 54 1
54 63 1
11 43 1
43 45 1
41 62 1
33 52 1
23 52 1
33 48 1
33 57 1
109 131 1
108 109 1
108 131 1
88 94 1
82 131 1
82 108 1
82 109 1
80 111 1
104 108 1
82 104 1
104 131 1
104 109 1
108 141 1
104 141 1
82 141 1
131 141 1
109 141 1
91 107 1
113 139 1
72 89 1
75 104 1
75 131 1
75 108 1
75 109 1
75 141 1
75 82 1
73 133 1
93 143 1
105 125 1
124 134 1
79 124 1
79 134 1
130 134 1
124 130 1
79 130 1
167 175 1
175 188 1
167 188 1
149 206 1
209 213 1
169 212 1
150 190 1
166 192 1
155 165 1
144 181 1
208 215 1
189 193 1
173 184 1
147 195 1
200 207 1
157 179 1
202 207 1
200 202 1
175 212 1
188 212 1
167 212 1
169 175 1
152 194 1
145 167 1
145 212 1
145 188 1
145 175 1
144 174 1
174 181 1
177 205 1
150 162 1
162 190 1
176 176 1
261 265 1
256 263 1
216 270 1
233 238 1
216 278 1
270 278 1
228 257 1
240 256 1
240 263 1
244 249 1
219 260 1
233 283 1
238 283 1
248 273 1
226 241 1
218 224 1
228 259 1
257 259 1
222 248 1
222 273 1
260 264 1
219 264 1
234 283 1
233 234 1
234 238 1
229 245 1
270 287 1
216 287 1
278 287 1
233 277 1
234 277 1
277 283 1
238 277 1
300 314 1
322 337 1
299 348 1
348 356 1
299 356 1
293 333 1
300 340 1
314 340 1
290 330 1
308 311 1
304 336 1
305 335 1
309 341 1
317 345 1
316 325 1
318 358 1
293 304 1
304 333 1
293 336 1
296 347 1
317 344 1
344 345 1
321 328 1
290 311 1
311 330 1
290 308 1
321 348 1
328 348 1
299 321 1
321 356 1
314 350 1
340 350 1
300 350 1
410 426 1
379 411 1
368 382 1
401 430 1
362 421 1
386 430 1
386 401 1
387 408 1
388 402 1
378 413 1
395 396 1
409 412 1
377 414 1
365 425 1
372 418 1
426 427 1
410 427 1
364 425 1
364 365 1
429 429 1
410 414 1
414 426 1
414 427 1
377 410 1
382 391 1
368 391 1
414 415 1
377 415 1
410 415 1
415 427 1
415 426 1
404 424 1
404 429 1
424 429 1
488 500 1
441 475 1
462 477 1
434 454 1
463 484 1
482 490 1
441 494 1
475 494 1
461 480 1
436 441 1
436 475 1
436 494 1
447 452 1
448 479 1
438 496 1
466 502 1
471 482 1
471 490 1
436 499 1
441 499 1
475 499 1
494 499 1
453 484 1
453 463 1
447 482 1
452 482 1
447 490 1
447 471 1
453 478 1
478 484 1
463 478 1
432 499 1
432 441 1
432 475 1
432 436 1
432 494 1
530 531 1
522 527 1
521 557 1
530 555 1
531 555 1
523 538 1
512 529 1
545 556 1
536 552 1
535 536 1
535 552 1
516 556 1
516 545 1
516 543 1
543 545 1
543 556 1
544 561 1
526 534 1
527 543 1
522 543 1
527 545 1
516 527 1
527 556 1
533 564 1
509 571 1
552 555 1
536 555 1
535 555 1
530 552 1
531 552 1
534 551 1
526 551 1
525 538 1
523 525 1
630 640 1
589 625 1
601 609 1
579 594 1
587 601 1
587 609 1
608 626 1
581 587 1
581 601 1
581 609 1
597 608 1
597 626 1
582 585 1
613 647 1
593 641 1
581 598 1
598 601 1
587 598 1
598 609 1
579 624 1
594 624 1
578 632 1
586 615 1
591 637 1
616 627 1
594 614 1
614 624 1
579 614 1
588 628 1
612 643 1
588 591 1
591 628 1
588 637 1
664 708 1
696 701 1
670 677 1
656 711 1
666 716 1
711 717 1
656 717 1
683 694 1
659 686 1
651 713 1
663 669 1
689 697 1
687 698 1
653 672 1
677 717 1
670 717 1
656 677 1
677 711 1
693 707 1
677 681 1
656 681 1
681 717 1
670 681 1
681 711 1
672 713 1
653 713 1
651 672 1
669 710 1
663 710 1
648 712 1
665 698 1
665 687 1
685 717 1
677 685 1
685 711 1
681 685 1
656 685 1
670 685 1
750 781 1
759 784 1
735 742 1
740 770 1
723 769 1
722 740 1
722 770 1
736 738 1
746 784 1
746 759 1
751 777 1
724 733 1
721 755 1
764 784 1
746 764 1
759 764 1
759 774 1
774 784 1
746 774 1
764 774 1
780 790 1
745 752 1
744 766 1
729 766 1
729 744 1
722 728 1
728 770 1
728 740 1
743 775 1
738 779 1
736 779 1
759 772 1
772 784 1
746 772 1
764 772 1
772 774 1
792 801 1
812 825 1
833 860 1
797 810 1
843 857 1
812 841 1
825 841 1
842 845 1
857 861 1
843 861 1
816 839 1
806 854 1
818 853 1
842 849 1
845 849 1
820 863 1
825 832 1
832 841 1
812 832 1
811 820 1
811 863 1
805 823 1
843 849 1
849 857 1
849 861 1
842 843 1
843 845 1
853 855 1
818 855 1
831 854 1
806 831 1
826 839 1
816 826 1
866 920 1
911 921 1
885 903 1
909 917 1
875 878 1
871 893 1
908 924 1
882 889 1
884 920 1
866 884 1
877 879 1
891 913 1
873 921 1
873 911 1
875 930 1
878 930 1
876 896 1
900 906 1
892 895 1
893 895 1
871 895 1
892 893 1
880 896 1
876 880 1
911 927 1
921 927 1
873 927 1
895 934 1
892 934 1
893 934 1
871 934 1
879 912 1
877 912 1
993 999 1
958 962 1
960 1002 1
957 1007 1
977 977 1
948 998 1
964 991 1
948 1000 1
998 1000 1
964 1007 1
991 1007 1
957 964 1
967 986 1
946 964 1
946 1007 1
946 957 1
946 991 1
952 967 1
952 986 1
950 977 1
942 980 1
947 977 1
947 950 1
945 957 1
945 946 1
945 964 1
945 1007 1
987 1006 1
959 977 1
947 959 1
950 959 1
951 970 1
937 1003 1
1012 1057 1
1045 1077 1
1025 1067 1
1052 1064 1
1009 1066 1
1033 1068 1
1037 1061 1
1032 1061 1
1032 1037 1
1015 1044 1
1026 1078 1
1014 1062 1
1036 1062 1
1014 1036 1
1013 1045 1
1013 1077 1
1048 1067 1
1025 1048 1
1055 1058 1
1060 1061 1
1032 1060 1
1037 1060 1
1057 1057 1
1076 1079 1
1031 1050 1
1046 1068 1
1033 1046 1
1038 1039 1
1011 1020 1
1049 1074 1
1034 1079 1
1034 1076 1
1037 1042 1
1032 1042 1
1042 1060 1
1042 1061 1
1095 1132 1
1132 1140 1
1095 1140 1
1110 1149 1
1118 1134 1
1087 1115 1
1092 1136 1
1102 1127 1
1080 1133 1
1143 1144 1
1133 1148 1
1080 1148 1
1114 1130 1
1104 1134 1
1104 1118 1
1129 1145 1
1120 1148 1
1080 1120 1
1120 1133 1
1089 1095 1
1089 1140 1
1089 1132 1
1106 1113 1
1132 1135 1
1089 1135 1
1135 1140 1
1095 1135 1
1117 1137 1
1084 1121 1
1143 1148 1
1144 1148 1
1080 1143 1
1120 1143 1
1133 1143 1
1174 1189 1
1201 1203 1
1195 1211 1
1159 1205 1
1155 1161 1
1185 1220 1
1208 1217 1
1206 1217 1
1206 1208 1
1160 1177 1
1157 1160 1
1157 1177 1
1165 1221 1
1177 1205 1
1160 1205 1
1157 1205 1
1159 1177 1
1173 1223 1
1175 1202 1
1156 1166 1
1185 1210 1
1210 1220 1
1182 1219 1
1161 1190 1
1155 1190 1
1213 1219 1
1182 1213 1
1184 1188 1
1161 1180 1
1155 1180 1
1180 1190 1
1170 1172 1
1170 1221 1
1172 1221 1
1165 1170 1
1272 1274 1
1238 1245 1
1245 1293 1
1238 1293 1
1236 1263 1
1245 1267 1
1267 1293 1
1238 1267 1
1236 1254 1
1254 1263 1
1252 1258 1
1242 1271 1
1252 1254 1
1254 1258 1
1236 1252 1
1252 1263 1
1273 1290 1
1258 1270 1
1252 1270 1
1254 1270 1
1283 1291 1
1249 1261 1
1249 1254 1
1254 1261 1
1249 1252 1
1249 1258 1
1249 1263 1
1236 1249 1
1249 1270 1
1248 1285 1
1244 1274 1
1244 1272 1
1264 1280 1
1314 1359 1
1326 1329 1
1297 1331 1
1308 1329 1
1308 1326 1
1313 1321 1
1308 1330 1
1329 1330 1
1326 1330 1
1304 1309 1
1331 1360 1
1297 1360 1
1322 1352 1
1314 1332 1
1332 1359 1
1312 1352 1
1312 1322 1
1313 1352 1
1321 1352 1
1312 1313 1
1313 1322 1
1309 1343 1
1304 1343 1
1317 1323 1
1336 1346 1
1296 1339 1
1329 1356 1
1330 1356 1
1308 1356 1
1326 1356 1
1344 1357 1
1321 1363 1
1352 1363 1
1313 1363 1
1414 1426 1
1401 1417 1
1408 1419 1
1387 1431 1
1398 1416 1
1380 1390 1
1392 1417 1
1392 1401 1
1415 1422 1
1370 1417 1
1370 1392 1
1370 1401 1
1405 1417 1
1392 1405 1
1401 1405 1
1370 1405 1
1378 1436 1
1419 1434 1
1408 1434 1
1405 1423 1
1392 1423 1
1417 1423 1
1370 1423 1
1401 1423 1
1372 1416 1
1372 1398 1
1394 1402 1
1382 1400 1
1378 1390 1
1390 1436 1
1378 1380 1
1390 1439 1
1436 1439 1
1378 1439 1
1380 1439 1
69 1434 1
1434 1434 1
69 1408 1
69 1419 1
69 69 1
477 628 1
628 628 1
462 628 1
477 588 1
477 477 1
477 591 1
718 1083 1
1083 1083 1
718 718 1
74 610 1
610 610 1
74 74 1
593 794 1
641 794 1
794 794 1
593 593 1
622 709 1
709 709 1
622 622 1
144 850 1
850 850 1
181 850 1
174 850 1
144 144 1
786 1267 1
1267 1267 1
786 786 1
786 1245 1
786 1238 1
786 1293 1
263 530 1
256 530 1
240 530 1
530 530 1
263 263 1
263 552 1
263 555 1
263 531 1
759 826 1
772 826 1
774 826 1
746 826 1
784 826 1
826 826 1
764 826 1
759 839 1
759 816 1
759 759 1
526 1037 1
1037 1037 1
534 1037 1
551 1037 1
526 1060 1
526 1061 1
526 1032 1
526 526 1
526 1042 1
289 466 1
466 466 1
289 289 1
289 502 1
951 1265 1
1265 1265 1
970 1265 1
951 951 1
653 849 1
672 849 1
713 849 1
849 849 1
653 842 1
653 843 1
653 653 1
653 845 1
653 857 1
653 861 1
285 1203 1
1203 1203 1
285 1201 1
285 285 1
84 681 1
681 681 1
84 677 1
84 711 1
84 685 1
84 717 1
84 656 1
84 84 1
84 670 1
826 1378 1
784 1378 1
1378 1378 1
772 1378 1
774 1378 1
839 1378 1
746 1378 1
816 1378 1
759 1378 1
764 1378 1
826 1380 1
826 1390 1
826 1436 1
826 1439 1
337 443 1
322 443 1
443 443 1
337 337 1
448 796 1
796 796 1
479 796 1
448 448 1
225 1051 1
1051 1051 1
225 225 1
833 1031 -1
860 1031 -1
833 1050 -1
105 1282 -1
125 1282 -1
972 1035 -1
563 1407 -1
513 608 -1
513 626 -1
513 597 -1
842 1170 -1
849 1170 -1
843 1170 -1
845 1170 -1
842 1172 -1
842 1221 -1
842 1165 -1
648 1069 -1
712 1069 -1
584 888 -1
1250 1421 -1
281 432 -1
281 441 -1
281 499 -1
281 436 -1
281 494 -1
281 475 -1
978 1177 -1
978 1160 -1
978 1159 -1
978 1157 -1
978 1205 -1
462 837 -1
477 837 -1
946 1363 -1
945 1363 -1
991 1363 -1
964 1363 -1
957 1363 -1
1007 1363 -1
946 1352 -1
946 1321 -1
946 1313 -1
354 1350 -1
262 1185 -1
262 1210 -1
262 1220 -1
605 1321 -1
605 1352 -1
605 1313 -1
605 1363 -1
342 585 -1
342 582 -1
339 1272 -1
339 1274 -1
339 1244 -1
965 1135 -1
965 1089 -1
965 1095 -1
965 1132 -1
965 1140 -1
207 271 -1
200 271 -1
202 271 -1
929 1419 -1
929 1408 -1
929 1434 -1
704 1413 -1
360 608 -1
360 626 -1
360 597 -1
502 923 -1
466 923 -1
144 274 -1
181 274 -1
174 274 -1
44 906 -1
44 900 -1
44 1055 -1
44 1058 -1
1222 1343 -1
1222 1304 -1
1222 1309 -1
795 1323 -1
795 1317 -1
556 664 -1
545 664 -1
527 664 -1
516 664 -1
543 664 -1
556 708 -1
254 344 -1
254 345 -1
254 317 -1
101 736 -1
101 738 -1
101 779 -1
173 1073 -1
184 1073 -1
873 1103 -1
921 1103 -1
927 1103 -1
911 1103 -1
371 862 -1
397 1104 -1
397 1118 -1
397 1134 -1
50 1154 -1
861 1435 -1
857 1435 -1
843 1435 -1
849 1435 -1
607 1432 -1
268 859 -1
1018 1114 -1
1018 1130 -1
477 743 -1
462 743 -1
477 775 -1
390 1223 -1
390 1173 -1
314 1092 -1
340 1092 -1
300 1092 -1
350 1092 -1
314 1136 -1
58 776 -1
458 1093 -1
70 1168 -1
930 1218 -1
875 1218 -1
878 1218 -1
542 1239 -1
972 1022 -1
308 1117 -1
290 1117 -1
311 1117 -1
308 1137 -1
155 1212 -1
165 1212 -1
84 419 -1
225 1063 -1
578 1162 -1
632 1162 -1
522 1163 -1
543 1163 -1
527 1163 -1
959 1344 -1
977 1344 -1
947 1344 -1
950 1344 -1
959 1357 -1
975 1243 -1
204 611 -1
27 1071 -1
497 981 -1
234 612 -1
233 612 -1
283 612 -1
277 612 -1
238 612 -1
234 643 -1
316 1135 -1
325 1135 -1
316 1089 -1
316 1095 -1
316 1132 -1
316 1140 -1
1019 1214 -1
352 600 -1
43 1370 -1
11 1370 -1
45 1370 -1
54 1370 -1
63 1370 -1
43 1392 -1
43 1417 -1
43 1423 -1
43 1405 -1
43 1401 -1
566 801 -1
566 792 -1
167 701 -1
145 701 -1
212 701 -1
188 701 -1
175 701 -1
167 696 -1
108 1301 -1
131 1301 -1
104 1301 -1
75 1301 -1
109 1301 -1
141 1301 -1
82 1301 -1
287 1191 -1
216 1191 -1
278 1191 -1
270 1191 -1
552 1404 -1
536 1404 -1
531 1404 -1
530 1404 -1
555 1404 -1
535 1404 -1
589 859 -1
625 859 -1
539 1101 -1
53 946 -1
53 945 -1
53 991 -1
53 964 -1
53 957 -1
53 1007 -1
112 429 -1
112 424 -1
112 404 -1
217 350 -1
217 300 -1
217 314 -1
217 340 -1
781 1011 -1
750 1011 -1
781 1020 -1
758 1229 -1
1222 1306 -1
698 1238 -1
665 1238 -1
687 1238 -1
698 1267 -1
698 1245 -1
698 1293 -1
954 1395 -1
670 1036 -1
681 1036 -1
677 1036 -1
685 1036 -1
717 1036 -1
670 1014 -1
670 1062 -1
4 1301 -1
844 1056 -1
680 913 -1
680 891 -1
91 294 -1
107 294 -1
724 1264 -1
733 1264 -1
724 1280 -1
477 602 -1
462 602 -1
675 1067 -1
675 1048 -1
675 1025 -1
73 155 -1
133 155 -1
73 165 -1
153 920 -1
153 866 -1
153 884 -1
61 800 -1
696 1389 -1
701 1389 -1
709 1171 -1
111 459 -1
80 459 -1
231 384 -1
489 856 -1
459 1257 -1
498 886 -1
163 618 -1
59 755 -1
59 721 -1
396 1339 -1
395 1339 -1
396 1296 -1
448 1284 -1
479 1284 -1
14 291 -1
850 908 -1
850 924 -1
424 913 -1
404 913 -1
429 913 -1
424 891 -1
435 691 -1
1019 1235 -1
799 1197 -1
811 1226 -1
820 1226 -1
863 1226 -1
1159 1259 -1
1177 1259 -1
1205 1259 -1
622 679 -1
595 1361 -1
343 430 -1
343 401 -1
343 386 -1
1280 1316 -1
1264 1316 -1
965 1418 -1
989 1405 -1
989 1392 -1
989 1417 -1
989 1370 -1
989 1423 -1
989 1401 -1
951 1232 -1
970 1232 -1
109 1248 -1
131 1248 -1
104 1248 -1
75 1248 -1
108 1248 -1
141 1248 -1
82 1248 -1
109 1285 -1
1039 1179 -1
1038 1179 -1
453 670 -1
484 670 -1
478 670 -1
463 670 -1
453 681 -1
453 677 -1
453 685 -1
453 717 -1
553 655 -1
312 679 -1
13 246 -1
40 246 -1
49 246 -1
6 246 -1
37 523 -1
37 538 -1
37 525 -1
203 379 -1
203 411 -1
1008 1348 -1
140 546 -1
349 823 -1
349 805 -1
917 1242 -1
909 1242 -1
917 1271 -1
584 788 -1
660 977 -1
660 947 -1
660 950 -1
660 959 -1
462 684 -1
477 684 -1
798 1203 -1
798 1201 -1
244 848 -1
249 848 -1
737 881 -1
449 1280 -1
449 1264 -1
343 1057 -1
343 1012 -1
415 1256 -1
377 1256 -1
410 1256 -1
427 1256 -1
426 1256 -1
414 1256 -1
49 272 -1
40 272 -1
13 272 -1
6 272 -1
183 253 -1
280 704 -1
323 366 -1
177 1246 -1
205 1246 -1
307 1261 -1
307 1249 -1
307 1254 -1
138 499 -1
138 432 -1
138 441 -1
138 475 -1
138 436 -1
138 494 -1
914 1241 -1
156 1299 -1
64 1427 -1
452 1295 -1
482 1295 -1
447 1295 -1
627 804 -1
616 804 -1
966 1295 -1
1006 1302 -1
987 1302 -1
752 970 -1
745 970 -1
752 951 -1
641 1306 -1
593 1306 -1
990 1041 -1
692 842 -1
692 849 -1
692 843 -1
692 845 -1
906 1201 -1
900 1201 -1
906 1203 -1
238 505 -1
233 505 -1
234 505 -1
283 505 -1
277 505 -1
768 1150 -1
784 984 -1
772 984 -1
746 984 -1
764 984 -1
774 984 -1
759 984 -1
880 1362 -1
896 1362 -1
876 1362 -1
286 307 -1
817 965 -1
702 742 -1
702 735 -1
707 1052 -1
693 1052 -1
707 1064 -1
213 850 -1
209 850 -1
869 1251 -1
15 1066 -1
15 1009 -1
197 862 -1
257 1202 -1
259 1202 -1
228 1202 -1
257 1175 -1
23 1384 -1
33 1384 -1
52 1384 -1
747 982 -1
548 662 -1
575 1146 -1
219 1220 -1
264 1220 -1
260 1220 -1
219 1185 -1
219 1210 -1
6 1196 -1
40 1196 -1
49 1196 -1
12 1196 -1
13 1196 -1
242 1431 -1
242 1387 -1
673 951 -1
673 970 -1
316 1430 -1
325 1430 -1
715 967 -1
715 952 -1
715 986 -1
669 1371 -1
710 1371 -1
663 1371 -1
238 825 -1
233 825 -1
234 825 -1
283 825 -1
277 825 -1
238 832 -1
238 841 -1
238 812 -1
271 602 -1
1241 1362 -1
410 1366 -1
377 1366 -1
426 1366 -1
427 1366 -1
414 1366 -1
415 1366 -1
252 378 -1
252 413 -1
250 1157 -1
250 1160 -1
250 1177 -1
250 1205 -1
426 720 -1
410 720 -1
427 720 -1
414 720 -1
415 720 -1
1147 1375 -1
124 842 -1
130 842 -1
134 842 -1
79 842 -1
124 849 -1
124 843 -1
124 845 -1
726 1032 -1
726 1042 -1
726 1060 -1
726 1061 -1
726 1037 -1
112 253 -1
356 1318 -1
321 1318 -1
299 1318 -1
348 1318 -1
523 993 -1
538 993 -1
525 993 -1
523 999 -1
137 715 -1
962 1287 -1
958 1287 -1
671 1056 -1
21 282 -1
617 1002 -1
617 960 -1
465 803 -1
505 1205 -1
505 1160 -1
505 1177 -1
505 1157 -1
505 1159 -1
232 1226 -1
455 1267 -1
455 1245 -1
455 1238 -1
455 1293 -1
375 936 -1
814 1222 -1
942 1327 -1
980 1327 -1
207 1428 -1
200 1428 -1
202 1428 -1
739 844 -1
234 300 -1
233 300 -1
283 300 -1
277 300 -1
238 300 -1
234 314 -1
234 340 -1
234 350 -1
652 1240 -1
951 1081 -1
970 1081 -1
229 670 -1
245 670 -1
229 681 -1
229 677 -1
229 685 -1
229 717 -1
163 871 -1
163 893 -1
163 934 -1
163 895 -1
357 405 -1
688 1105 -1
1189 1394 -1
1174 1394 -1
1189 1402 -1
751 1049 -1
777 1049 -1
751 1074 -1
667 1119 -1
315 486 -1
345 1077 -1
344 1077 -1
317 1077 -1
345 1045 -1
345 1013 -1
1187 1433 -1
12 575 -1
40 575 -1
6 575 -1
224 975 -1
218 975 -1
556 1050 -1
545 1050 -1
527 1050 -1
516 1050 -1
543 1050 -1
556 1031 -1
171 1313 -1
171 1352 -1
171 1321 -1
171 1322 -1
171 1363 -1
171 1312 -1
28 865 -1
75 1254 -1
131 1254 -1
104 1254 -1
108 1254 -1
109 1254 -1
141 1254 -1
82 1254 -1
75 1249 -1
75 1252 -1
75 1258 -1
75 1261 -1
75 1263 -1
75 1236 -1
75 1270 -1
633 806 -1
633 854 -1
633 831 -1
335 1437 -1
305 1437 -1
468 783 -1
207 1316 -1
200 1316 -1
202 1316 -1
1010 1110 -1
1010 1149 -1
1339 1393 -1
1296 1393 -1
223 1287 -1
736 1282 -1
738 1282 -1
779 1282 -1
76 842 -1
76 849 -1
76 843 -1
76 845 -1
539 1066 -1
539 1009 -1
76 1266 -1
153 547 -1
540 1427 -1
1206 1411 -1
1208 1411 -1
1217 1411 -1
62 1078 -1
41 1078 -1
62 1026 -1
187 621 -1
332 681 -1
332 677 -1
332 711 -1
332 685 -1
332 717 -1
332 656 -1
332 670 -1
444 1323 -1
444 1317 -1
973 1108 -1
92 940 -1
86 382 -1
86 368 -1
86 391 -1
656 1260 -1
677 1260 -1
685 1260 -1
717 1260 -1
681 1260 -1
711 1260 -1
