7 17 1
61 69 1
37 67 1
6 45 1
13 52 1
52 66 1
13 66 1
24 38 1
21 70 1
8 62 1
32 39 1
39 67 1
32 67 1
37 39 1
31 34 1
65 69 1
61 65 1
26 45 1
6 26 1
4 12 1
16 71 1
54 69 1
54 65 1
54 61 1
30 34 1
30 31 1
1 45 1
1 26 1
1 6 1
47 55 1
11 19 1
7 14 1
14 17 1
1 35 1
26 35 1
35 45 1
6 35 1
101 120 1
78 134 1
92 118 1
117 118 1
92 117 1
91 136 1
85 108 1
92 120 1
117 120 1
118 120 1
92 101 1
90 113 1
79 100 1
124 129 1
77 94 1
105 137 1
75 91 1
75 136 1
126 136 1
75 126 1
91 126 1
77 81 1
81 94 1
108 117 1
85 117 1
108 120 1
92 108 1
108 118 1
83 91 1
83 136 1
75 83 1
83 126 1
100 135 1
79 135 1
83 96 1
96 136 1
75 96 1
91 96 1
96 126 1
156 169 1
168 199 1
170 210 1
155 191 1
162 215 1
161 163 1
168 209 1
199 209 1
158 170 1
158 210 1
163 178 1
161 178 1
196 197 1
151 171 1
161 203 1
178 203 1
163 203 1
166 175 1
187 214 1
165 166 1
165 175 1
157 190 1
152 182 1
201 208 1
155 206 1
191 206 1
149 209 1
149 168 1
149 199 1
185 187 1
185 214 1
181 197 1
181 196 1
178 186 1
161 186 1
163 186 1
186 203 1
236 263 1
218 266 1
219 279 1
219 235 1
235 279 1
240 263 1
236 240 1
235 280 1
219 280 1
279 280 1
216 232 1
270 279 1
270 280 1
219 270 1
235 270 1
218 274 1
266 274 1
233 241 1
261 284 1
249 278 1
266 280 1
218 280 1
274 280 1
235 266 1
266 270 1
266 279 1
219 266 1
217 286 1
237 271 1
249 251 1
251 278 1
232 255 1
216 255 1
229 232 1
216 229 1
229 255 1
307 324 1
305 359 1
288 295 1
296 338 1
290 294 1
304 356 1
324 339 1
307 339 1
310 338 1
296 310 1
301 341 1
289 331 1
317 356 1
304 317 1
292 345 1
315 359 1
305 315 1
292 334 1
334 345 1
297 353 1
294 317 1
290 317 1
294 304 1
294 356 1
304 332 1
332 356 1
317 332 1
294 332 1
323 327 1
306 338 1
296 306 1
306 310 1
297 355 1
353 355 1
332 358 1
304 358 1
356 358 1
317 358 1
294 358 1
368 412 1
377 383 1
396 430 1
382 419 1
368 401 1
401 412 1
379 421 1
375 418 1
397 407 1
372 372 1
390 414 1
369 424 1
399 430 1
396 399 1
360 424 1
360 369 1
365 417 1
361 382 1
361 419 1
421 424 1
379 424 1
360 421 1
369 421 1
401 420 1
368 420 1
412 420 1
424 425 1
360 425 1
369 425 1
379 425 1
421 425 1
364 406 1
361 414 1
414 419 1
382 414 1
361 390 1
445 490 1
492 495 1
442 469 1
466 483 1
459 476 1
462 500 1
457 488 1
447 454 1
470 475 1
446 499 1
462 473 1
473 500 1
481 486 1
493 500 1
473 493 1
462 493 1
447 469 1
454 469 1
442 447 1
462 490 1
473 490 1
490 500 1
490 493 1
445 462 1
452 491 1
470 489 1
475 489 1
441 485 1
438 498 1
450 450 1
448 450 1
466 498 1
483 498 1
438 466 1
472 484 1
443 454 1
443 469 1
443 447 1
557 570 1
541 556 1
560 572 1
530 547 1
517 519 1
521 535 1
538 554 1
507 519 1
507 517 1
524 536 1
558 565 1
526 549 1
521 574 1
535 574 1
554 569 1
538 569 1
514 566 1
520 541 1
520 556 1
563 563 1
513 551 1
506 507 1
506 517 1
506 519 1
546 560 1
546 572 1
505 532 1
517 533 1
506 533 1
507 533 1
519 533 1
511 521 1
511 574 1
511 535 1
565 569 1
558 569 1
554 565 1
538 565 1
604 647 1
599 646 1
597 622 1
596 647 1
596 604 1
577 630 1
602 604 1
596 602 1
602 647 1
615 646 1
599 615 1
605 607 1
616 616 1
592 599 1
592 646 1
592 615 1
599 642 1
592 642 1
642 646 1
615 642 1
577 637 1
630 637 1
607 610 1
605 610 1
585 595 1
606 615 1
592 606 1
606 642 1
606 646 1
599 606 1
579 605 1
579 610 1
579 607 1
605 616 1
610 616 1
579 616 1
607 616 1
707 714 1
666 677 1
685 705 1
684 718 1
670 683 1
655 698 1
656 694 1
650 705 1
650 685 1
662 708 1
664 692 1
670 681 1
681 683 1
689 708 1
662 689 1
687 714 1
687 707 1
673 708 1
673 689 1
662 673 1
677 715 1
666 715 1
661 691 1
659 682 1
703 714 1
703 707 1
687 703 1
685 702 1
702 705 1
650 702 1
668 704 1
657 719 1
696 713 1
698 714 1
655 714 1
698 707 1
698 703 1
687 698 1
749 750 1
721 781 1
739 775 1
755 786 1
779 791 1
764 789 1
725 769 1
738 791 1
738 779 1
751 775 1
739 751 1
754 768 1
728 755 1
728 786 1
723 725 1
723 769 1
745 782 1
731 732 1
775 778 1
739 778 1
751 778 1
765 782 1
745 765 1
776 783 1
737 751 1
737 778 1
737 739 1
737 775 1
741 771 1
773 783 1
773 776 1
773 777 1
776 777 1
777 783 1
735 744 1
783 788 1
776 788 1
777 788 1
773 788 1
841 860 1
816 817 1
796 820 1
844 850 1
800 838 1
814 863 1
822 830 1
792 829 1
822 858 1
830 858 1
802 847 1
799 842 1
796 797 1
797 820 1
836 845 1
796 798 1
798 820 1
797 798 1
813 853 1
855 857 1
799 803 1
803 842 1
809 855 1
809 857 1
817 820 1
816 820 1
796 817 1
797 817 1
798 817 1
812 857 1
809 812 1
812 855 1
816 830 1
817 830 1
820 830 1
816 858 1
816 822 1
899 904 1
866 916 1
907 932 1
904 920 1
899 920 1
874 928 1
906 920 1
904 906 1
899 906 1
877 931 1
881 922 1
889 922 1
881 889 1
893 922 1
881 893 1
889 893 1
915 928 1
874 915 1
874 889 1
889 928 1
889 915 1
874 881 1
874 922 1
874 893 1
871 925 1
897 932 1
897 907 1
869 882 1
896 908 1
909 924 1
929 934 1
875 903 1
922 927 1
881 927 1
874 927 1
893 927 1
889 927 1
949 969 1
963 997 1
993 1006 1
954 1000 1
972 978 1
942 944 1
939 959 1
996 1002 1
964 983 1
959 975 1
939 975 1
958 998 1
947 959 1
939 947 1
947 975 1
939 997 1
975 997 1
947 997 1
959 997 1
939 963 1
951 1000 1
951 954 1
957 1001 1
937 997 1
937 963 1
937 939 1
937 975 1
937 947 1
937 959 1
960 982 1
936 989 1
961 1003 1
938 952 1
990 999 1
942 969 1
944 969 1
942 949 1
1015 1055 1
1015 1041 1
1041 1055 1
1048 1049 1
1037 1042 1
1024 1047 1
1035 1060 1
1044 1079 1
1011 1019 1
1015 1023 1
1023 1041 1
1023 1055 1
1042 1061 1
1037 1061 1
1046 1063 1
1016 1027 1
1050 1075 1
1043 1043 1
1017 1065 1
1071 1078 1
1039 1065 1
1017 1039 1
1019 1025 1
1011 1025 1
1055 1075 1
1041 1075 1
1023 1075 1
1015 1075 1
1050 1055 1
1022 1037 1
1022 1042 1
1022 1061 1
1050 1065 1
1065 1075 1
1055 1065 1
1017 1050 1
1039 1050 1
1115 1137 1
1106 1144 1
1089 1091 1
1095 1125 1
1127 1144 1
1106 1127 1
1100 1143 1
1084 1115 1
1084 1137 1
1093 1125 1
1093 1095 1
1087 1122 1
1128 1134 1
1119 1126 1
1091 1096 1
1089 1096 1
1080 1125 1
1080 1093 1
1080 1095 1
1115 1122 1
1122 1137 1
1084 1122 1
1087 1115 1
1085 1135 1
1083 1149 1
1103 1134 1
1103 1128 1
1134 1140 1
1128 1140 1
1103 1140 1
1089 1148 1
1096 1148 1
1091 1148 1
1092 1149 1
1083 1092 1
1129 1147 1
1156 1214 1
1156 1198 1
1198 1214 1
1183 1218 1
1182 1183 1
1182 1218 1
1156 1183 1
1183 1198 1
1183 1214 1
1156 1218 1
1156 1182 1
1161 1190 1
1165 1178 1
1169 1218 1
1156 1169 1
1169 1182 1
1169 1183 1
1182 1214 1
1169 1214 1
1214 1218 1
1182 1198 1
1173 1202 1
1214 1221 1
1218 1221 1
1156 1221 1
1198 1221 1
1169 1221 1
1182 1221 1
1183 1221 1
1201 1210 1
1186 1221 1
1186 1218 1
1156 1186 1
1186 1198 1
1169 1186 1
1186 1214 1
1182 1186 1
1183 1186 1
1231 1247 1
1265 1293 1
1254 1282 1
1255 1286 1
1248 1266 1
1254 1287 1
1282 1287 1
1268 1287 1
1268 1282 1
1254 1268 1
1281 1287 1
1281 1282 1
1268 1281 1
1254 1281 1
1245 1272 1
1256 1293 1
1256 1265 1
1255 1280 1
1280 1286 1
1274 1275 1
1261 1272 1
1245 1261 1
1273 1274 1
1273 1275 1
1243 1294 1
1244 1288 1
1234 1242 1
1229 1289 1
1294 1295 1
1243 1295 1
1249 1287 1
1249 1281 1
1249 1282 1
1249 1268 1
1249 1254 1
1276 1283 1
1300 1314 1
1306 1338 1
1331 1343 1
1303 1352 1
1316 1351 1
1305 1335 1
1326 1343 1
1326 1331 1
1322 1358 1
1308 1366 1
1324 1329 1
1322 1353 1
1353 1358 1
1309 1349 1
1304 1360 1
1307 1335 1
1305 1307 1
1322 1365 1
1353 1365 1
1358 1365 1
1331 1336 1
1326 1336 1
1336 1343 1
1317 1356 1
1307 1347 1
1305 1347 1
1335 1347 1
1296 1323 1
1318 1353 1
1318 1322 1
1318 1365 1
1318 1358 1
1299 1331 1
1299 1336 1
1299 1326 1
1299 1343 1
1392 1434 1
1380 1416 1
1409 1423 1
1406 1435 1
1372 1428 1
1370 1378 1
1424 1429 1
1400 1419 1
1410 1437 1
1375 1400 1
1375 1419 1
1412 1427 1
1396 1428 1
1372 1396 1
1422 1435 1
1406 1422 1
1384 1397 1
1384 1403 1
1397 1403 1
1388 1412 1
1388 1427 1
1371 1429 1
1371 1424 1
1388 1430 1
1427 1430 1
1412 1430 1
1385 1413 1
1373 1394 1
1385 1418 1
1413 1418 1
1416 1436 1
1380 1436 1
1410 1414 1
1414 1437 1
1372 1389 1
1389 1396 1
1389 1428 1
269 509 -1
175 1329 -1
165 1329 -1
166 1329 -1
175 1324 -1
208 1361 -1
201 1361 -1
410 1235 -1
226 514 -1
226 566 -1
626 1347 -1
626 1305 -1
626 1307 -1
626 1335 -1
175 428 -1
165 428 -1
166 428 -1
145 1333 -1
392 1363 -1
176 1364 -1
220 546 -1
220 560 -1
220 572 -1
201 380 -1
208 380 -1
180 1296 -1
180 1323 -1
366 1336 -1
366 1299 -1
366 1331 -1
366 1326 -1
366 1343 -1
209 1362 -1
168 1362 -1
149 1362 -1
199 1362 -1
162 462 -1
215 462 -1
162 473 -1
162 490 -1
162 500 -1
162 493 -1
162 445 -1
391 1361 -1
51 968 -1
411 1347 -1
411 1305 -1
411 1307 -1
411 1335 -1
81 499 -1
77 499 -1
94 499 -1
81 446 -1
301 1309 -1
341 1309 -1
301 1349 -1
121 832 -1
535 735 -1
521 735 -1
574 735 -1
511 735 -1
535 744 -1
1017 1351 -1
1065 1351 -1
1050 1351 -1
1039 1351 -1
1017 1316 -1
364 1301 -1
406 1301 -1
80 498 -1
80 466 -1
80 483 -1
80 438 -1
412 1237 -1
368 1237 -1
401 1237 -1
420 1237 -1
208 1323 -1
201 1323 -1
208 1296 -1
335 1310 -1
407 1344 -1
397 1344 -1
380 1317 -1
380 1356 -1
305 630 -1
315 630 -1
359 630 -1
305 577 -1
305 637 -1
347 601 -1
194 1309 -1
194 1349 -1
381 1353 -1
381 1322 -1
381 1318 -1
381 1365 -1
381 1358 -1
79 499 -1
100 499 -1
135 499 -1
79 446 -1
155 1305 -1
206 1305 -1
191 1305 -1
155 1347 -1
155 1307 -1
155 1335 -1
299 1346 -1
298 1344 -1
267 512 -1
237 569 -1
271 569 -1
237 554 -1
237 538 -1
237 558 -1
237 565 -1
122 832 -1
499 627 -1
446 627 -1
126 537 -1
136 537 -1
83 537 -1
91 537 -1
75 537 -1
96 537 -1
175 1363 -1
165 1363 -1
166 1363 -1
164 935 -1
472 633 -1
484 633 -1
206 1322 -1
155 1322 -1
191 1322 -1
206 1353 -1
206 1318 -1
206 1365 -1
206 1358 -1
382 1318 -1
361 1318 -1
419 1318 -1
414 1318 -1
382 1353 -1
382 1322 -1
382 1365 -1
382 1358 -1
145 1334 -1
340 463 -1
390 1362 -1
361 1362 -1
414 1362 -1
278 531 -1
249 531 -1
251 531 -1
404 1301 -1
192 372 -1
201 1316 -1
208 1316 -1
201 1351 -1
145 360 -1
145 424 -1
145 369 -1
145 421 -1
145 425 -1
151 1338 -1
171 1338 -1
151 1306 -1
12 501 -1
4 501 -1
241 569 -1
233 569 -1
241 554 -1
241 538 -1
241 558 -1
241 565 -1
379 1353 -1
424 1353 -1
425 1353 -1
421 1353 -1
379 1322 -1
379 1318 -1
379 1365 -1
379 1358 -1
179 1334 -1
111 460 -1
221 568 -1
90 524 -1
113 524 -1
90 536 -1
195 1311 -1
349 640 -1
349 1319 -1
207 1324 -1
207 1329 -1
235 570 -1
280 570 -1
266 570 -1
219 570 -1
270 570 -1
279 570 -1
235 557 -1
198 1313 -1
203 1321 -1
161 1321 -1
178 1321 -1
163 1321 -1
186 1321 -1
554 773 -1
569 773 -1
538 773 -1
565 773 -1
554 776 -1
554 777 -1
554 788 -1
554 783 -1
155 1341 -1
206 1341 -1
191 1341 -1
204 1356 -1
204 1317 -1
84 485 -1
84 441 -1
401 1337 -1
368 1337 -1
420 1337 -1
412 1337 -1
301 624 -1
341 624 -1
201 418 -1
208 418 -1
201 375 -1
168 1324 -1
209 1324 -1
149 1324 -1
199 1324 -1
168 1329 -1
306 1315 -1
296 1315 -1
338 1315 -1
310 1315 -1
189 1342 -1
126 573 -1
136 573 -1
83 573 -1
91 573 -1
75 573 -1
96 573 -1
400 1300 -1
400 1314 -1
1072 1315 -1
426 1364 -1
1068 1312 -1
129 493 -1
124 493 -1
129 473 -1
129 490 -1
129 500 -1
129 462 -1
195 338 -1
195 296 -1
195 306 -1
195 310 -1
154 1304 -1
154 1360 -1
92 526 -1
120 526 -1
108 526 -1
117 526 -1
118 526 -1
101 526 -1
92 549 -1
626 1311 -1
312 1317 -1
312 1356 -1
164 313 -1
269 511 -1
269 521 -1
269 574 -1
269 535 -1
229 565 -1
232 565 -1
216 565 -1
255 565 -1
229 569 -1
229 554 -1
229 538 -1
229 558 -1
130 487 -1
363 1334 -1
466 629 -1
498 629 -1
483 629 -1
438 629 -1
228 548 -1
229 567 -1
232 567 -1
216 567 -1
255 567 -1
155 1303 -1
206 1303 -1
191 1303 -1
155 1352 -1
201 1354 -1
208 1354 -1
148 400 -1
297 1308 -1
353 1308 -1
355 1308 -1
297 1366 -1
126 538 -1
136 538 -1
83 538 -1
91 538 -1
75 538 -1
96 538 -1
126 569 -1
126 554 -1
126 565 -1
181 1333 -1
196 1333 -1
197 1333 -1
73 498 -1
73 466 -1
73 483 -1
73 438 -1
343 460 -1
189 1306 -1
189 1338 -1
174 391 -1
186 402 -1
161 402 -1
178 402 -1
163 402 -1
203 402 -1
627 1312 -1
348 1355 -1
176 1365 -1
176 1353 -1
176 1322 -1
176 1318 -1
176 1358 -1
161 1068 -1
178 1068 -1
163 1068 -1
186 1068 -1
203 1068 -1
426 1328 -1
187 403 -1
185 403 -1
214 403 -1
91 525 -1
136 525 -1
96 525 -1
83 525 -1
75 525 -1
126 525 -1
406 1342 -1
364 1342 -1
469 593 -1
442 593 -1
443 593 -1
454 593 -1
447 593 -1
144 431 -1
991 1350 -1
309 1354 -1
224 551 -1
224 513 -1
191 1344 -1
155 1344 -1
206 1344 -1
341 594 -1
301 594 -1
390 1326 -1
361 1326 -1
414 1326 -1
390 1336 -1
390 1299 -1
390 1331 -1
390 1343 -1
379 1315 -1
424 1315 -1
425 1315 -1
421 1315 -1
130 492 -1
130 495 -1
538 736 -1
569 736 -1
554 736 -1
565 736 -1
348 1317 -1
348 1356 -1
298 1343 -1
298 1336 -1
298 1299 -1
298 1331 -1
298 1326 -1
337 1309 -1
337 1349 -1
108 1353 -1
120 1353 -1
92 1353 -1
85 1353 -1
118 1353 -1
117 1353 -1
108 1322 -1
108 1318 -1
108 1365 -1
108 1358 -1
146 1333 -1
389 1323 -1
389 1296 -1
707 778 -1
714 778 -1
703 778 -1
698 778 -1
687 778 -1
707 737 -1
707 739 -1
707 751 -1
707 775 -1
162 460 -1
215 460 -1
347 599 -1
347 592 -1
347 642 -1
347 606 -1
347 646 -1
347 615 -1
123 549 -1
123 526 -1
499 628 -1
446 628 -1
403 1339 -1
302 1347 -1
302 1305 -1
302 1307 -1
302 1335 -1
415 1315 -1
268 512 -1
416 1239 -1
193 409 -1
150 1337 -1
1073 1348 -1
121 464 -1
79 500 -1
100 500 -1
135 500 -1
79 473 -1
79 490 -1
79 493 -1
79 462 -1
408 1306 -1
408 1338 -1
226 549 -1
226 526 -1
685 1066 -1
705 1066 -1
650 1066 -1
702 1066 -1
368 1339 -1
401 1339 -1
420 1339 -1
412 1339 -1
311 1355 -1
52 994 -1
66 994 -1
13 994 -1
227 551 -1
227 513 -1
83 487 -1
136 487 -1
96 487 -1
75 487 -1
91 487 -1
126 487 -1
153 1306 -1
153 1338 -1
365 1300 -1
417 1300 -1
365 1314 -1
128 778 -1
128 737 -1
128 739 -1
128 751 -1
128 775 -1
156 1344 -1
169 1344 -1
308 472 -1
308 484 -1
186 367 -1
161 367 -1
178 367 -1
163 367 -1
203 367 -1
221 570 -1
221 557 -1
517 772 -1
506 772 -1
507 772 -1
533 772 -1
519 772 -1
285 470 -1
285 489 -1
285 475 -1
212 1366 -1
212 1308 -1
387 1360 -1
387 1304 -1
384 1356 -1
384 1317 -1
190 1342 -1
157 1342 -1
360 1334 -1
424 1334 -1
369 1334 -1
421 1334 -1
425 1334 -1
157 1343 -1
190 1343 -1
157 1336 -1
157 1299 -1
157 1331 -1
157 1326 -1
221 548 -1
87 1127 -1
87 1144 -1
87 1106 -1
373 1308 -1
373 1366 -1
972 1350 -1
978 1350 -1
588 1310 -1
1018 1349 -1
1018 1309 -1
624 1347 -1
624 1305 -1
624 1307 -1
624 1335 -1
394 1365 -1
394 1353 -1
394 1322 -1
394 1318 -1
394 1358 -1
330 1341 -1
148 1300 -1
148 1314 -1
467 592 -1
467 642 -1
467 615 -1
467 606 -1
467 646 -1
467 599 -1
377 1315 -1
383 1315 -1
164 311 -1
414 1349 -1
361 1349 -1
419 1349 -1
382 1349 -1
390 1349 -1
414 1309 -1
18 475 -1
18 489 -1
18 470 -1
128 567 -1
590 1347 -1
590 1305 -1
590 1307 -1
590 1335 -1
123 513 -1
123 551 -1
227 549 -1
227 526 -1
1075 1348 -1
1065 1348 -1
1041 1348 -1
1015 1348 -1
1050 1348 -1
1055 1348 -1
1023 1348 -1
345 1317 -1
292 1317 -1
334 1317 -1
345 1356 -1
302 1348 -1
207 1358 -1
207 1353 -1
207 1322 -1
207 1365 -1
207 1318 -1
502 594 -1
195 337 -1
466 628 -1
498 628 -1
483 628 -1
438 628 -1
168 1357 -1
209 1357 -1
149 1357 -1
199 1357 -1
344 1317 -1
344 1356 -1
169 1357 -1
156 1357 -1
532 740 -1
505 740 -1
163 1270 -1
161 1270 -1
178 1270 -1
203 1270 -1
186 1270 -1
205 386 -1
305 487 -1
315 487 -1
359 487 -1
261 508 -1
284 508 -1
153 1304 -1
153 1360 -1
486 629 -1
481 629 -1
145 1367 -1
544 739 -1
544 737 -1
544 778 -1
544 751 -1
544 775 -1
410 1345 -1
132 490 -1
132 473 -1
132 500 -1
132 445 -1
132 462 -1
132 493 -1
231 567 -1
385 1323 -1
385 1296 -1
190 406 -1
157 406 -1
190 364 -1
631 1014 -1
596 1314 -1
602 1314 -1
604 1314 -1
647 1314 -1
596 1300 -1
50 1005 -1
336 1345 -1
279 532 -1
280 532 -1
266 532 -1
219 532 -1
270 532 -1
235 532 -1
279 505 -1
190 1340 -1
157 1340 -1
393 1329 -1
393 1324 -1
155 1308 -1
206 1308 -1
191 1308 -1
155 1366 -1
393 1365 -1
393 1353 -1
393 1322 -1
393 1318 -1
393 1358 -1
93 450 -1
93 448 -1
304 592 -1
332 592 -1
358 592 -1
356 592 -1
317 592 -1
294 592 -1
304 642 -1
304 615 -1
304 606 -1
304 646 -1
304 599 -1
1066 1312 -1
87 560 -1
87 546 -1
87 572 -1
225 513 -1
225 551 -1
336 1344 -1
124 537 -1
129 537 -1
419 1356 -1
361 1356 -1
414 1356 -1
382 1356 -1
419 1317 -1
85 432 -1
108 432 -1
117 432 -1
95 450 -1
95 448 -1
311 602 -1
311 596 -1
311 604 -1
311 647 -1
112 461 -1
124 572 -1
129 572 -1
124 560 -1
124 546 -1
333 583 -1
469 595 -1
442 595 -1
443 595 -1
454 595 -1
447 595 -1
469 585 -1
218 569 -1
280 569 -1
266 569 -1
274 569 -1
218 554 -1
218 538 -1
218 558 -1
218 565 -1
