2 45 1
1 46 1
11 33 1
10 33 1
10 11 1
70 71 1
12 41 1
25 29 1
52 61 1
57 66 1
23 43 1
8 18 1
86 103 1
113 124 1
80 124 1
80 113 1
94 122 1
78 118 1
89 126 1
138 143 1
120 121 1
86 100 1
100 103 1
89 137 1
126 137 1
162 173 1
146 170 1
160 206 1
166 208 1
145 147 1
178 183 1
188 211 1
181 194 1
161 196 1
146 153 1
153 170 1
195 207 1
245 249 1
270 277 1
222 236 1
253 265 1
251 281 1
224 283 1
229 269 1
234 257 1
224 265 1
265 283 1
224 253 1
266 270 1
266 277 1
295 296 1
306 337 1
310 350 1
331 344 1
298 359 1
290 301 1
349 350 1
310 349 1
295 300 1
296 300 1
315 328 1
319 354 1
421 427 1
371 393 1
389 425 1
376 380 1
371 391 1
391 393 1
383 414 1
365 380 1
365 376 1
368 369 1
380 390 1
376 390 1
365 390 1
460 495 1
461 492 1
454 485 1
451 461 1
451 492 1
437 465 1
441 449 1
453 456 1
476 499 1
442 459 1
433 474 1
441 493 1
449 493 1
508 560 1
548 551 1
524 571 1
531 556 1
519 556 1
519 531 1
507 568 1
534 542 1
559 568 1
507 559 1
529 541 1
557 572 1
610 616 1
576 606 1
620 626 1
598 601 1
577 620 1
577 626 1
592 601 1
592 598 1
637 644 1
580 604 1
599 615 1
577 596 1
596 626 1
596 620 1
694 705 1
698 703 1
672 700 1
673 686 1
714 717 1
687 710 1
653 677 1
665 674 1
700 708 1
672 708 1
686 710 1
673 710 1
686 687 1
735 777 1
731 776 1
747 759 1
751 790 1
721 769 1
749 756 1
728 756 1
728 749 1
732 739 1
769 772 1
721 772 1
741 756 1
728 741 1
741 749 1
825 854 1
845 856 1
819 849 1
801 854 1
801 825 1
804 808 1
807 843 1
814 839 1
809 816 1
807 841 1
841 843 1
795 842 1
903 915 1
919 920 1
921 929 1
876 899 1
877 889 1
869 886 1
891 924 1
869 890 1
886 890 1
877 898 1
889 898 1
903 920 1
915 920 1
903 919 1
937 997 1
949 951 1
938 947 1
968 1006 1
967 967 1
943 949 1
943 951 1
977 983 1
984 987 1
954 956 1
938 943 1
943 947 1
938 949 1
938 951 1
1029 1040 1
1066 1074 1
1020 1057 1
1050 1067 1
1060 1067 1
1050 1060 1
1033 1052 1
1032 1043 1
1073 1077 1
1012 1028 1
1033 1066 1
1052 1066 1
1033 1074 1
1129 1132 1
1100 1119 1
1085 1116 1
1125 1136 1
1128 1145 1
1119 1146 1
1100 1146 1
1095 1115 1
1103 1106 1
1086 1095 1
1086 1115 1
1099 1103 1
1099 1106 1
1153 1160 1
1166 1175 1
1170 1219 1
1157 1186 1
1176 1185 1
1169 1194 1
1177 1179 1
1186 1192 1
1157 1192 1
1162 1187 1
1180 1195 1
1191 1200 1
1244 1262 1
1292 1295 1
1238 1292 1
1238 1295 1
1266 1269 1
1248 1274 1
1229 1264 1
1231 1250 1
1247 1253 1
1233 1266 1
1233 1269 1
1241 1255 1
1329 1354 1
1298 1300 1
1352 1355 1
1322 1359 1
1312 1330 1
1297 1313 1
1325 1325 1
1308 1345 1
1331 1362 1
1320 1361 1
1305 1306 1
1323 1333 1
1368 1383 1
1369 1421 1
1381 1411 1
1400 1416 1
1372 1410 1
1368 1378 1
1378 1383 1
1401 1404 1
1381 1398 1
1398 1411 1
1381 1406 1
1406 1411 1
1398 1406 1
966 1389 -1
720 1156 -1
1255 1406 -1
1241 1406 -1
1255 1411 -1
1255 1381 -1
1255 1398 -1
791 1015 -1
775 1400 -1
775 1416 -1
235 613 -1
833 1260 -1
433 1131 -1
474 1131 -1
289 865 -1
425 741 -1
389 741 -1
425 728 -1
425 756 -1
425 749 -1
1184 1358 -1
129 494 -1
821 1016 -1
476 883 -1
499 883 -1
562 1037 -1
304 1094 -1
855 1322 -1
855 1359 -1
88 353 -1
753 953 -1
985 1255 -1
985 1241 -1
523 1394 -1
1048 1188 -1
8 358 -1
18 358 -1
448 1078 -1
352 604 -1
352 580 -1
368 1215 -1
369 1215 -1
269 1301 -1
229 1301 -1
179 1082 -1
55 1159 -1
1279 1307 -1
161 484 -1
196 484 -1
71 900 -1
70 900 -1
10 270 -1
33 270 -1
11 270 -1
10 266 -1
10 277 -1
277 563 -1
266 563 -1
270 563 -1
763 1246 -1
215 423 -1
160 1031 -1
206 1031 -1
574 747 -1
574 759 -1
44 415 -1
917 1373 -1
211 1045 -1
188 1045 -1
118 924 -1
78 924 -1
118 891 -1
539 706 -1
546 702 -1
54 757 -1
39 1123 -1
222 803 -1
236 803 -1
173 420 -1
162 420 -1
328 1150 -1
315 1150 -1
90 738 -1
1110 1283 -1
472 510 -1
27 996 -1
102 554 -1
470 705 -1
470 694 -1
563 1143 -1
4 1009 -1
1288 1393 -1
641 763 -1
274 625 -1
5 794 -1
1020 1311 -1
1057 1311 -1
634 1292 -1
634 1238 -1
634 1295 -1
898 970 -1
889 970 -1
877 970 -1
396 563 -1
84 762 -1
84 1278 -1
1126 1193 -1
517 893 -1
76 424 -1
673 1290 -1
710 1290 -1
686 1290 -1
940 1114 -1
814 1300 -1
839 1300 -1
814 1298 -1
180 853 -1
731 1216 -1
776 1216 -1
109 994 -1
634 1178 -1
910 990 -1
1065 1095 -1
1065 1115 -1
1065 1086 -1
332 883 -1
208 1327 -1
166 1327 -1
539 1156 -1
200 285 -1
1082 1338 -1
686 1329 -1
673 1329 -1
710 1329 -1
687 1329 -1
686 1354 -1
642 1219 -1
642 1170 -1
563 1385 -1
1014 1168 -1
300 1217 -1
296 1217 -1
295 1217 -1
594 947 -1
594 938 -1
594 943 -1
63 187 -1
21 87 -1
116 273 -1
404 1077 -1
404 1073 -1
216 868 -1
689 1139 -1
0 1168 -1
314 415 -1
664 1062 -1
268 961 -1
693 1179 -1
693 1177 -1
542 590 -1
534 590 -1
623 1406 -1
623 1411 -1
623 1381 -1
623 1398 -1
393 445 -1
371 445 -1
391 445 -1
165 1207 -1
161 229 -1
196 229 -1
161 269 -1
612 1392 -1
1002 1128 -1
1002 1145 -1
199 952 -1
385 560 -1
385 508 -1
839 1399 -1
814 1399 -1
338 1405 -1
323 1198 -1
4 429 -1
209 811 -1
862 1034 -1
819 1049 -1
849 1049 -1
351 1060 -1
351 1050 -1
351 1067 -1
242 992 -1
982 1157 -1
982 1192 -1
982 1186 -1
535 1117 -1
762 975 -1
1001 1151 -1
49 130 -1
177 623 -1
124 1388 -1
80 1388 -1
113 1388 -1
480 1433 -1
1207 1419 -1
481 533 -1
1172 1249 -1
755 1297 -1
755 1313 -1
287 612 -1
492 1376 -1
451 1376 -1
461 1376 -1
449 816 -1
441 816 -1
493 816 -1
449 809 -1
737 1344 -1
134 975 -1
561 710 -1
561 673 -1
561 686 -1
561 687 -1
275 942 -1
105 1333 -1
105 1323 -1
336 1014 -1
210 1352 -1
210 1355 -1
39 332 -1
8 1161 -1
18 1161 -1
166 667 -1
208 667 -1
345 729 -1
128 767 -1
345 1220 -1
997 1212 -1
937 1212 -1
610 1174 -1
616 1174 -1
687 1023 -1
686 1023 -1
710 1023 -1
578 1274 -1
578 1248 -1
466 581 -1
12 578 -1
41 578 -1
40 823 -1
164 1306 -1
164 1305 -1
