11 32 1
24 60 1
21 65 1
44 50 1
39 58 1
31 71 1
5 25 1
38 67 1
51 66 1
12 58 1
12 39 1
11 42 1
32 42 1
59 66 1
51 59 1
54 57 1
2 21 1
2 65 1
94 136 1
74 112 1
79 99 1
104 112 1
74 104 1
75 133 1
112 143 1
104 143 1
74 143 1
96 116 1
97 117 1
87 127 1
128 133 1
75 128 1
97 136 1
117 136 1
94 97 1
77 121 1
146 167 1
206 210 1
151 161 1
182 211 1
150 177 1
185 204 1
187 206 1
187 210 1
198 202 1
154 181 1
181 213 1
154 213 1
173 205 1
158 162 1
146 166 1
166 167 1
185 199 1
199 204 1
221 238 1
260 283 1
253 268 1
233 272 1
242 282 1
231 261 1
233 250 1
250 272 1
219 283 1
219 260 1
247 272 1
233 247 1
247 250 1
246 275 1
217 247 1
217 272 1
217 233 1
217 250 1
294 345 1
288 319 1
288 306 1
306 319 1
288 340 1
306 340 1
319 340 1
341 345 1
294 341 1
319 349 1
288 349 1
306 349 1
340 349 1
320 336 1
348 353 1
295 323 1
289 320 1
289 336 1
371 416 1
393 419 1
361 394 1
368 421 1
364 389 1
388 427 1
382 410 1
378 410 1
378 382 1
401 416 1
371 401 1
376 388 1
376 427 1
385 395 1
370 428 1
398 403 1
381 412 1
364 394 1
389 394 1
361 364 1
452 494 1
454 500 1
441 472 1
490 491 1
467 502 1
440 466 1
443 502 1
443 467 1
452 484 1
484 494 1
467 493 1
443 493 1
493 502 1
438 478 1
452 501 1
484 501 1
494 501 1
446 498 1
550 569 1
522 545 1
546 560 1
510 549 1
554 567 1
533 541 1
524 532 1
522 546 1
545 546 1
522 560 1
532 572 1
524 572 1
535 561 1
528 532 1
528 572 1
524 528 1
562 572 1
528 562 1
524 562 1
532 562 1
585 611 1
579 630 1
589 631 1
596 611 1
585 596 1
629 643 1
625 641 1
579 637 1
630 637 1
623 642 1
597 622 1
633 633 1
576 616 1
618 626 1
615 634 1
587 620 1
609 611 1
585 609 1
596 609 1
674 684 1
669 681 1
653 669 1
653 681 1
661 698 1
674 697 1
684 697 1
658 687 1
664 686 1
657 702 1
682 697 1
674 682 1
682 684 1
681 700 1
669 700 1
653 700 1
660 697 1
660 674 1
660 684 1
660 682 1
724 781 1
761 765 1
749 771 1
763 783 1
735 762 1
751 788 1
772 772 1
730 781 1
724 730 1
784 787 1
759 761 1
759 765 1
741 748 1
737 770 1
742 786 1
747 777 1
752 762 1
735 752 1
796 804 1
829 859 1
808 821 1
856 857 1
808 826 1
821 826 1
802 830 1
807 840 1
822 834 1
823 844 1
803 808 1
803 826 1
803 821 1
855 862 1
796 844 1
804 844 1
796 823 1
811 836 1
867 867 1
868 874 1
875 883 1
891 902 1
882 919 1
898 932 1
866 906 1
922 924 1
872 875 1
872 883 1
898 915 1
915 932 1
869 913 1
865 923 1
869 925 1
913 925 1
907 918 1
880 934 1
939 998 1
941 966 1
989 1001 1
975 988 1
986 1006 1
986 999 1
999 1006 1
947 997 1
953 955 1
947 954 1
954 997 1
958 994 1
981 983 1
939 958 1
958 998 1
939 994 1
943 993 1
946 966 1
941 946 1
1012 1060 1
1015 1046 1
1008 1010 1
1023 1071 1
1030 1067 1
1017 1038 1
1014 1075 1
1056 1062 1
1018 1034 1
1018 1068 1
1034 1068 1
1032 1036 1
1012 1026 1
1026 1060 1
1024 1054 1
1016 1024 1
1016 1054 1
1040 1045 1
1102 1104 1
1126 1137 1
1121 1145 1
1080 1135 1
1090 1133 1
1083 1092 1
1100 1115 1
1101 1106 1
1084 1143 1
1110 1144 1
1127 1148 1
1091 1112 1
1081 1147 1
1093 1125 1
1129 1146 1
1096 1112 1
1091 1096 1
1111 1138 1
1156 1158 1
1164 1167 1
1167 1186 1
1164 1186 1
1208 1219 1
1159 1179 1
1193 1211 1
1187 1208 1
1187 1219 1
1176 1177 1
1154 1166 1
1192 1206 1
1152 1181 1
1171 1190 1
1184 1197 1
1162 1188 1
1162 1213 1
1188 1213 1
1248 1281 1
1235 1273 1
1246 1278 1
1278 1291 1
1246 1291 1
1261 1291 1
1246 1261 1
1261 1278 1
1283 1287 1
1226 1279 1
1266 1276 1
1243 1291 1
1243 1246 1
1243 1278 1
1243 1261 1
1224 1253 1
1275 1285 1
1251 1264 1
1299 1330 1
1321 1336 1
1309 1335 1
1337 1366 1
1309 1341 1
1335 1341 1
1311 1330 1
1299 1311 1
1362 1367 1
1333 1361 1
1332 1340 1
1307 1349 1
1307 1365 1
1349 1365 1
1337 1355 1
1355 1366 1
1325 1331 1
1326 1356 1
1429 1439 1
1386 1423 1
1402 1428 1
1400 1417 1
1372 1372 1
1400 1433 1
1417 1433 1
1416 1424 1
1368 1418 1
1381 1422 1
1376 1426 1
1377 1388 1
1368 1413 1
1413 1418 1
1378 1388 1
1377 1378 1
1397 1428 1
1397 1402 1
177 217 -1
150 217 -1
177 272 -1
177 233 -1
177 250 -1
177 247 -1
722 945 -1
113 717 -1
115 939 -1
115 994 -1
115 958 -1
115 998 -1
433 1010 -1
433 1008 -1
615 1248 -1
634 1248 -1
615 1281 -1
46 171 -1
541 1410 -1
533 1410 -1
799 888 -1
622 1155 -1
597 1155 -1
174 705 -1
213 356 -1
154 356 -1
181 356 -1
30 1362 -1
30 1367 -1
280 847 -1
207 1041 -1
1097 1185 -1
867 1095 -1
520 1336 -1
520 1321 -1
860 1210 -1
453 764 -1
982 1285 -1
982 1275 -1
43 189 -1
604 699 -1
588 832 -1
98 668 -1
443 710 -1
467 710 -1
493 710 -1
502 710 -1
243 620 -1
243 587 -1
686 728 -1
664 728 -1
979 1276 -1
979 1266 -1
520 1316 -1
151 446 -1
161 446 -1
151 498 -1
475 1410 -1
796 1290 -1
844 1290 -1
804 1290 -1
823 1290 -1
277 912 -1
999 1313 -1
986 1313 -1
1006 1313 -1
44 1034 -1
50 1034 -1
44 1018 -1
44 1068 -1
60 1421 -1
24 1421 -1
125 1108 -1
797 991 -1
483 1389 -1
145 486 -1
638 1383 -1
330 1363 -1
1127 1378 -1
1148 1378 -1
1127 1377 -1
1127 1388 -1
495 1108 -1
255 1167 -1
255 1186 -1
255 1164 -1
459 1044 -1
362 1328 -1
1127 1408 -1
1148 1408 -1
349 380 -1
288 380 -1
306 380 -1
340 380 -1
319 380 -1
528 758 -1
572 758 -1
562 758 -1
532 758 -1
524 758 -1
798 1404 -1
759 1188 -1
761 1188 -1
765 1188 -1
759 1162 -1
759 1213 -1
1134 1429 -1
1134 1439 -1
723 1291 -1
723 1243 -1
723 1246 -1
723 1278 -1
723 1261 -1
65 1211 -1
2 1211 -1
21 1211 -1
65 1193 -1
311 629 -1
311 643 -1
76 1031 -1
314 392 -1
530 1232 -1
89 1362 -1
89 1367 -1
90 783 -1
90 763 -1
266 1205 -1
271 314 -1
494 807 -1
484 807 -1
452 807 -1
501 807 -1
494 840 -1
441 875 -1
472 875 -1
441 872 -1
441 883 -1
307 1026 -1
307 1060 -1
307 1012 -1
99 1040 -1
79 1040 -1
99 1045 -1
212 451 -1
365 820 -1
293 944 -1
331 1233 -1
142 1430 -1
368 1426 -1
421 1426 -1
368 1376 -1
116 1147 -1
96 1147 -1
116 1081 -1
162 1056 -1
158 1056 -1
162 1062 -1
265 308 -1
381 477 -1
412 477 -1
408 1149 -1
939 1086 -1
994 1086 -1
958 1086 -1
998 1086 -1
122 494 -1
122 484 -1
122 452 -1
122 501 -1
16 1181 -1
16 1152 -1
68 783 -1
68 763 -1
242 1303 -1
282 1303 -1
116 706 -1
96 706 -1
175 1330 -1
175 1299 -1
175 1311 -1
171 792 -1
120 1250 -1
402 1056 -1
402 1062 -1
634 1431 -1
615 1431 -1
832 1044 -1
992 1140 -1
714 996 -1
994 1279 -1
939 1279 -1
958 1279 -1
994 1226 -1
504 803 -1
504 808 -1
504 826 -1
504 821 -1
37 1019 -1
719 851 -1
128 1328 -1
75 1328 -1
133 1328 -1
3 886 -1
548 763 -1
548 783 -1
189 822 -1
189 834 -1
6 170 -1
19 98 -1
50 374 -1
44 374 -1
594 718 -1
95 1170 -1
147 1149 -1
381 581 -1
412 581 -1
330 761 -1
330 765 -1
330 759 -1
192 1225 -1
79 1183 -1
99 1183 -1
547 1400 -1
547 1417 -1
547 1433 -1
58 514 -1
12 514 -1
39 514 -1
375 514 -1
32 265 -1
42 265 -1
11 265 -1
886 952 -1
997 1139 -1
954 1139 -1
947 1139 -1
408 1021 -1
526 966 -1
526 946 -1
526 941 -1
861 1187 -1
861 1208 -1
861 1219 -1
618 997 -1
626 997 -1
618 954 -1
618 947 -1
79 1162 -1
99 1162 -1
79 1188 -1
79 1213 -1
233 1258 -1
272 1258 -1
217 1258 -1
250 1258 -1
247 1258 -1
495 1151 -1
335 1151 -1
949 1012 -1
949 1026 -1
949 1060 -1
700 925 -1
681 925 -1
669 925 -1
653 925 -1
700 913 -1
700 869 -1
137 1004 -1
23 554 -1
23 567 -1
907 1019 -1
918 1019 -1
801 922 -1
801 924 -1
212 1379 -1
146 1167 -1
166 1167 -1
167 1167 -1
146 1186 -1
146 1164 -1
932 1382 -1
898 1382 -1
915 1382 -1
234 1324 -1
773 1172 -1
125 1284 -1
611 1203 -1
585 1203 -1
596 1203 -1
609 1203 -1
895 977 -1
179 1422 -1
179 1381 -1
229 639 -1
681 1258 -1
700 1258 -1
669 1258 -1
653 1258 -1
442 1006 -1
442 986 -1
442 999 -1
602 789 -1
196 328 -1
722 1051 -1
1304 1412 -1
582 1304 -1
251 936 -1
144 1198 -1
156 1179 -1
156 1159 -1
946 1374 -1
941 1374 -1
966 1374 -1
142 589 -1
142 631 -1
591 1092 -1
591 1083 -1
150 1421 -1
177 1421 -1
731 923 -1
731 865 -1
127 319 -1
87 319 -1
127 288 -1
127 306 -1
127 340 -1
127 349 -1
433 607 -1
504 1029 -1
622 1175 -1
597 1175 -1
353 488 -1
348 488 -1
139 840 -1
139 807 -1
78 843 -1
146 980 -1
166 980 -1
167 980 -1
334 656 -1
13 1430 -1
423 1131 -1
369 721 -1
233 1295 -1
272 1295 -1
217 1295 -1
250 1295 -1
247 1295 -1
819 1143 -1
819 1084 -1
819 1295 -1
588 805 -1
145 612 -1
214 1306 -1
887 1301 -1
321 1049 -1
697 992 -1
660 992 -1
674 992 -1
684 992 -1
682 992 -1
