18 61 1
2 58 1
13 23 1
35 61 1
18 35 1
40 59 1
53 55 1
10 60 1
18 37 1
35 37 1
37 61 1
104 135 1
113 127 1
103 139 1
82 122 1
99 140 1
80 121 1
123 126 1
83 124 1
85 115 1
153 169 1
166 189 1
203 211 1
183 183 1
159 168 1
146 208 1
155 181 1
154 214 1
160 200 1
227 261 1
224 255 1
246 248 1
275 278 1
226 250 1
222 240 1
243 274 1
250 251 1
226 251 1
334 359 1
291 327 1
302 351 1
329 354 1
322 334 1
322 359 1
300 311 1
302 314 1
314 351 1
421 424 1
378 391 1
369 417 1
400 413 1
390 410 1
407 415 1
367 431 1
389 417 1
369 389 1
479 493 1
444 465 1
438 448 1
437 503 1
442 452 1
474 497 1
465 481 1
444 481 1
470 496 1
507 528 1
554 555 1
552 560 1
509 565 1
549 571 1
537 562 1
543 557 1
517 522 1
509 521 1
521 565 1
589 628 1
596 614 1
615 624 1
576 580 1
623 646 1
622 637 1
594 610 1
579 644 1
594 623 1
610 623 1
594 646 1
685 700 1
714 715 1
656 674 1
682 704 1
672 685 1
672 700 1
652 655 1
687 718 1
672 684 1
684 700 1
684 685 1
732 741 1
745 759 1
741 780 1
732 780 1
725 776 1
735 751 1
724 748 1
722 781 1
727 743 1
855 860 1
801 825 1
792 822 1
825 861 1
801 861 1
804 827 1
801 838 1
825 838 1
838 861 1
890 897 1
896 934 1
880 900 1
919 922 1
876 928 1
875 904 1
868 881 1
878 927 1
869 912 1
965 983 1
949 991 1
972 1007 1
975 978 1
938 1000 1
937 984 1
936 948 1
956 958 1
955 998 1
1023 1051 1
1012 1017 1
1050 1068 1
1048 1069 1
1034 1045 1
1038 1048 1
1038 1069 1
1042 1062 1
1017 1021 1
1012 1021 1
1102 1121 1
1136 1137 1
1101 1107 1
1092 1137 1
1092 1136 1
1108 1143 1
1098 1126 1
1121 1124 1
1102 1124 1
1155 1213 1
1173 1189 1
1159 1167 1
1171 1186 1
1177 1212 1
1152 1193 1
1179 1189 1
1173 1179 1
1197 1210 1
1240 1250 1
1243 1286 1
1232 1295 1
1267 1281 1
1256 1293 1
1267 1282 1
1281 1282 1
1233 1280 1
1234 1260 1
1305 1350 1
1320 1355 1
1299 1340 1
1298 1360 1
1322 1339 1
1314 1323 1
1311 1323 1
1311 1314 1
1327 1344 1
1381 1391 1
1371 1436 1
1407 1422 1
1385 1419 1
1372 1379 1
1378 1383 1
1408 1434 1
1428 1431 1
1373 1394 1
216 1264 -1
1164 1254 -1
1139 1263 -1
354 874 -1
329 874 -1
314 1308 -1
302 1308 -1
351 1308 -1
166 907 -1
189 907 -1
693 778 -1
0 1066 -1
1076 1360 -1
1076 1298 -1
773 1362 -1
463 621 -1
99 1134 -1
140 1134 -1
301 1158 -1
85 267 -1
115 267 -1
151 284 -1
30 1241 -1
1191 1323 -1
1191 1314 -1
1191 1311 -1
1113 1181 -1
206 524 -1
321 1046 -1
131 1333 -1
101 1300 -1
927 1164 -1
878 1164 -1
358 1008 -1
454 547 -1
36 861 -1
36 825 -1
36 838 -1
36 801 -1
793 947 -1
127 850 -1
113 850 -1
306 891 -1
754 1081 -1
953 1253 -1
659 1045 -1
659 1034 -1
528 726 -1
507 726 -1
336 952 -1
689 879 -1
1145 1206 -1
665 1278 -1
261 1037 -1
227 1037 -1
530 755 -1
732 1350 -1
780 1350 -1
741 1350 -1
732 1305 -1
907 1331 -1
1140 1238 -1
46 691 -1
2 1389 -1
58 1389 -1
483 752 -1
414 822 -1
414 792 -1
268 761 -1
889 1204 -1
1091 1262 -1
850 1322 -1
850 1339 -1
476 1017 -1
476 1012 -1
476 1021 -1
772 968 -1
679 1405 -1
688 1312 -1
648 1106 -1
149 1165 -1
33 1347 -1
871 1130 -1
25 430 -1
792 1179 -1
822 1179 -1
792 1189 -1
792 1173 -1
445 632 -1
1260 1299 -1
1234 1299 -1
1260 1340 -1
202 235 -1
79 1035 -1
365 776 -1
365 725 -1
80 379 -1
121 379 -1
46 1024 -1
731 847 -1
620 799 -1
646 1326 -1
594 1326 -1
623 1326 -1
984 1348 -1
937 1348 -1
395 1173 -1
395 1179 -1
395 1189 -1
247 1263 -1
522 639 -1
517 639 -1
113 1319 -1
127 1319 -1
218 776 -1
218 725 -1
117 1044 -1
192 990 -1
416 857 -1
107 646 -1
107 594 -1
107 623 -1
506 874 -1
1042 1107 -1
1062 1107 -1
1042 1101 -1
1040 1149 -1
441 947 -1
469 727 -1
469 743 -1
36 1018 -1
505 1069 -1
505 1048 -1
505 1038 -1
461 1276 -1
242 518 -1
264 989 -1
1326 1419 -1
1326 1385 -1
831 1215 -1
32 892 -1
403 1175 -1
176 657 -1
978 1272 -1
975 1272 -1
817 1244 -1
186 777 -1
978 1241 -1
975 1241 -1
274 1327 -1
243 1327 -1
274 1344 -1
84 499 -1
254 1335 -1
345 475 -1
281 294 -1
32 688 -1
457 1286 -1
457 1243 -1
113 488 -1
127 488 -1
187 365 -1
575 741 -1
575 780 -1
575 732 -1
148 902 -1
44 1213 -1
44 1155 -1
90 549 -1
90 571 -1
294 1242 -1
946 1327 -1
946 1344 -1
769 1162 -1
752 1055 -1
178 1380 -1
849 872 -1
43 142 -1
694 1156 -1
346 869 -1
346 912 -1
