7 10 1
16 20 1
22 48 1
50 62 1
58 68 1
23 47 1
29 65 1
5 70 1
27 47 1
23 27 1
17 20 1
16 17 1
118 124 1
96 105 1
77 86 1
79 89 1
88 101 1
111 135 1
98 135 1
98 111 1
86 102 1
77 102 1
77 97 1
97 102 1
86 97 1
178 186 1
167 174 1
145 197 1
167 207 1
174 207 1
166 187 1
146 202 1
181 195 1
145 154 1
154 197 1
158 191 1
187 200 1
166 200 1
254 264 1
217 274 1
256 257 1
225 261 1
218 250 1
262 277 1
236 266 1
224 234 1
227 235 1
243 263 1
269 277 1
262 269 1
296 323 1
313 313 1
349 357 1
341 345 1
320 331 1
322 330 1
306 316 1
317 328 1
305 322 1
305 330 1
323 348 1
296 348 1
368 395 1
374 415 1
362 382 1
400 419 1
361 418 1
377 390 1
362 417 1
382 417 1
413 423 1
415 429 1
374 429 1
374 400 1
400 429 1
400 415 1
374 419 1
440 489 1
481 489 1
440 481 1
444 448 1
483 502 1
439 468 1
453 493 1
442 497 1
457 461 1
437 488 1
450 452 1
432 484 1
516 552 1
526 571 1
505 559 1
569 575 1
505 527 1
527 559 1
511 569 1
511 575 1
542 568 1
513 552 1
513 516 1
520 563 1
590 625 1
591 625 1
590 591 1
577 582 1
607 639 1
583 602 1
643 647 1
584 593 1
639 642 1
607 642 1
594 638 1
587 642 1
587 607 1
587 639 1
686 705 1
696 706 1
655 698 1
657 675 1
653 712 1
669 682 1
663 701 1
649 696 1
649 706 1
651 699 1
662 680 1
664 667 1
729 783 1
782 787 1
727 785 1
721 788 1
723 739 1
780 784 1
783 785 1
729 785 1
727 783 1
772 785 1
729 772 1
772 783 1
727 772 1
794 815 1
840 842 1
810 824 1
838 861 1
839 859 1
794 845 1
815 845 1
815 835 1
794 835 1
835 845 1
807 850 1
826 848 1
887 903 1
893 923 1
890 894 1
867 904 1
882 905 1
866 870 1
872 894 1
872 890 1
870 879 1
866 879 1
897 916 1
875 880 1
952 995 1
939 983 1
937 953 1
947 961 1
940 945 1
972 1000 1
939 941 1
941 983 1
990 1001 1
956 972 1
956 1000 1
947 984 1
961 984 1
1031 1053 1
1009 1023 1
1038 1046 1
1030 1032 1
1072 1077 1
1024 1027 1
1021 1063 1
1056 1070 1
1057 1078 1
1045 1058 1
1026 1034 1
1019 1036 1
1087 1122 1
1106 1132 1
1114 1144 1
1101 1147 1
1096 1147 1
1096 1101 1
1082 1088 1
1108 1125 1
1080 1096 1
1080 1147 1
1080 1101 1
1139 1140 1
1164 1206 1
1177 1208 1
1214 1222 1
1159 1160 1
1197 1200 1
1163 1174 1
1156 1195 1
1157 1175 1
1161 1219 1
1154 1208 1
1154 1177 1
1156 1213 1
1195 1213 1
1246 1252 1
1240 1288 1
1281 1294 1
1232 1274 1
1253 1278 1
1229 1250 1
1242 1262 1
1258 1269 1
1263 1271 1
1262 1293 1
1242 1293 1
1260 1269 1
1258 1260 1
1303 1338 1
1303 1331 1
1331 1338 1
1303 1315 1
1315 1338 1
1315 1331 1
1299 1357 1
1322 1336 1
1343 1348 1
1356 1356 1
1328 1340 1
1303 1305 1
1305 1315 1
1305 1338 1
1305 1331 1
1369 1387 1
1386 1423 1
1375 1438 1
1382 1392 1
1381 1420 1
1372 1385 1
1401 1412 1
1392 1412 1
1382 1412 1
1392 1401 1
1372 1381 1
1381 1385 1
1372 1420 1
1109 1343 -1
1109 1348 -1
1313 1417 -1
460 906 -1
1012 1336 -1
1012 1322 -1
186 700 -1
178 700 -1
495 550 -1
478 1067 -1
148 964 -1
405 1427 -1
424 783 -1
424 729 -1
424 727 -1
424 772 -1
424 785 -1
679 1176 -1
784 921 -1
780 921 -1
172 288 -1
669 887 -1
682 887 -1
669 903 -1
518 626 -1
438 674 -1
165 1139 -1
165 1140 -1
104 940 -1
104 945 -1
139 151 -1
63 1164 -1
63 1206 -1
1184 1293 -1
1184 1242 -1
1184 1262 -1
1016 1086 -1
365 1399 -1
411 1402 -1
344 722 -1
174 600 -1
207 600 -1
167 600 -1
476 959 -1
239 442 -1
239 497 -1
554 1331 -1
554 1305 -1
554 1338 -1
554 1315 -1
554 1303 -1
418 655 -1
361 655 -1
418 698 -1
278 644 -1
648 1018 -1
616 1142 -1
385 1027 -1
385 1024 -1
726 905 -1
726 882 -1
388 559 -1
388 505 -1
388 527 -1
203 1427 -1
494 618 -1
71 894 -1
71 872 -1
71 890 -1
825 1025 -1
484 1416 -1
432 1416 -1
427 1375 -1
427 1438 -1
565 1182 -1
667 915 -1
664 915 -1
649 988 -1
696 988 -1
706 988 -1
410 690 -1
957 1086 -1
210 348 -1
210 296 -1
210 323 -1
395 1127 -1
368 1127 -1
1263 1324 -1
1271 1324 -1
744 1311 -1
1078 1221 -1
1057 1221 -1
354 1400 -1
627 1307 -1
1021 1353 -1
1063 1353 -1
96 218 -1
105 218 -1
96 250 -1
359 1283 -1
325 1152 -1
422 444 -1
422 448 -1
302 1028 -1
410 1102 -1
703 1436 -1
107 1369 -1
107 1387 -1
580 648 -1
302 784 -1
302 780 -1
144 1403 -1
18 994 -1
286 1039 -1
1081 1251 -1
210 993 -1
271 316 -1
271 306 -1
336 1279 -1
523 1286 -1
927 1356 -1
1158 1251 -1
449 1024 -1
449 1027 -1
316 908 -1
306 908 -1
237 389 -1
650 761 -1
191 610 -1
158 610 -1
1031 1113 -1
1053 1113 -1
1256 1333 -1
41 599 -1
645 1300 -1
597 974 -1
625 759 -1
590 759 -1
591 759 -1
508 1071 -1
127 1429 -1
220 655 -1
220 698 -1
953 1328 -1
937 1328 -1
953 1340 -1
292 865 -1
936 1091 -1
330 482 -1
305 482 -1
322 482 -1
648 1189 -1
444 551 -1
448 551 -1
746 1203 -1
779 1088 -1
779 1082 -1
551 1287 -1
226 1191 -1
590 1325 -1
625 1325 -1
591 1325 -1
844 1378 -1
536 1143 -1
510 734 -1
345 737 -1
341 737 -1
638 1036 -1
594 1036 -1
638 1019 -1
32 851 -1
18 1367 -1
368 845 -1
395 845 -1
368 794 -1
368 835 -1
368 815 -1
312 1123 -1
1181 1409 -1
450 1006 -1
452 1006 -1
99 901 -1
785 1147 -1
729 1147 -1
783 1147 -1
772 1147 -1
727 1147 -1
785 1096 -1
785 1080 -1
785 1101 -1
136 496 -1
324 403 -1
8 1313 -1
260 1151 -1
917 1299 -1
917 1357 -1
721 1185 -1
788 1185 -1
293 869 -1
1105 1260 -1
1105 1258 -1
1105 1269 -1
724 885 -1
345 1169 -1
341 1169 -1
349 1383 -1
357 1383 -1
1196 1323 -1
86 1067 -1
97 1067 -1
77 1067 -1
102 1067 -1
820 1233 -1
897 940 -1
916 940 -1
897 945 -1
162 1019 -1
162 1036 -1
313 1336 -1
313 1322 -1
438 569 -1
438 511 -1
438 575 -1
984 1026 -1
961 1026 -1
947 1026 -1
984 1034 -1
177 449 -1
190 467 -1
410 1112 -1
700 1321 -1
361 1390 -1
418 1390 -1
631 1386 -1
631 1423 -1
854 1061 -1
752 967 -1
303 1054 -1
766 1084 -1
304 892 -1
677 1029 -1
687 1126 -1
345 1360 -1
341 1360 -1
819 891 -1
876 1193 -1
628 704 -1
746 1169 -1
634 1360 -1
391 978 -1
