6 49 1
6 47 1
47 49 1
27 38 1
7 70 1
34 61 1
4 17 1
16 71 1
56 61 1
34 56 1
1 6 1
1 49 1
1 47 1
13 47 1
13 49 1
6 13 1
1 13 1
33 54 1
51 52 1
0 11 1
6 39 1
39 49 1
1 39 1
13 39 1
39 47 1
0 71 1
11 71 1
0 16 1
9 46 1
53 53 1
121 136 1
112 136 1
112 121 1
115 129 1
80 119 1
122 138 1
72 78 1
130 143 1
90 136 1
90 112 1
90 121 1
112 120 1
120 136 1
120 121 1
90 120 1
105 142 1
140 142 1
105 140 1
79 88 1
95 119 1
80 95 1
78 133 1
72 133 1
77 77 1
77 107 1
90 122 1
122 136 1
112 122 1
120 122 1
121 122 1
90 138 1
151 162 1
154 191 1
158 213 1
173 197 1
188 201 1
173 186 1
186 197 1
168 214 1
152 187 1
150 197 1
150 186 1
150 173 1
209 214 1
168 209 1
157 176 1
161 177 1
159 169 1
158 166 1
166 213 1
182 213 1
166 182 1
158 182 1
157 173 1
173 176 1
157 186 1
157 197 1
150 157 1
168 185 1
185 209 1
185 214 1
250 262 1
258 283 1
259 285 1
266 271 1
264 281 1
253 278 1
224 279 1
236 277 1
231 261 1
249 279 1
224 249 1
250 268 1
262 268 1
240 250 1
240 268 1
240 262 1
229 251 1
225 236 1
225 277 1
237 276 1
255 262 1
240 255 1
250 255 1
255 268 1
233 264 1
233 281 1
260 262 1
240 260 1
250 260 1
260 268 1
255 260 1
311 357 1
300 311 1
300 357 1
291 355 1
290 348 1
307 344 1
345 359 1
293 308 1
298 304 1
290 355 1
348 355 1
290 291 1
346 352 1
297 352 1
297 346 1
295 353 1
320 356 1
344 351 1
307 351 1
331 358 1
297 334 1
334 352 1
334 346 1
316 321 1
336 354 1
308 311 1
293 311 1
300 308 1
308 357 1
293 354 1
308 354 1
311 354 1
293 336 1
360 381 1
400 403 1
363 424 1
363 399 1
399 424 1
392 399 1
392 424 1
363 392 1
395 419 1
362 401 1
371 377 1
373 394 1
418 430 1
404 408 1
427 429 1
402 406 1
388 416 1
386 430 1
386 418 1
396 405 1
411 427 1
411 429 1
409 409 1
363 369 1
369 424 1
369 392 1
369 399 1
398 409 1
396 417 1
405 417 1
499 500 1
489 496 1
439 455 1
443 472 1
456 498 1
438 468 1
459 492 1
444 501 1
457 501 1
444 457 1
447 461 1
440 473 1
458 501 1
457 458 1
444 458 1
434 435 1
460 489 1
460 496 1
436 500 1
436 499 1
480 481 1
440 503 1
473 503 1
447 458 1
458 461 1
447 457 1
444 447 1
447 501 1
432 441 1
451 472 1
443 451 1
507 569 1
560 562 1
508 541 1
537 563 1
521 561 1
507 564 1
564 569 1
527 537 1
527 563 1
523 566 1
511 528 1
542 570 1
516 551 1
524 539 1
508 537 1
537 541 1
508 563 1
508 527 1
514 566 1
514 523 1
526 549 1
528 567 1
511 567 1
522 564 1
522 569 1
507 522 1
534 569 1
522 534 1
507 534 1
534 564 1
578 644 1
588 632 1
632 638 1
588 638 1
582 620 1
620 626 1
582 626 1
616 628 1
593 604 1
623 632 1
588 623 1
623 638 1
580 622 1
591 647 1
600 610 1
591 594 1
594 647 1
609 612 1
643 647 1
594 643 1
591 643 1
595 612 1
595 609 1
589 609 1
589 595 1
589 612 1
579 625 1
611 625 1
579 611 1
590 631 1
658 670 1
685 689 1
649 715 1
655 671 1
653 683 1
674 681 1
648 684 1
700 701 1
681 700 1
674 700 1
681 701 1
700 705 1
681 705 1
674 705 1
701 705 1
651 684 1
648 651 1
657 700 1
657 681 1
657 674 1
657 701 1
657 705 1
678 690 1
681 715 1
705 715 1
674 715 1
657 715 1
700 715 1
701 715 1
649 681 1
722 786 1
736 776 1
746 753 1
755 782 1
766 773 1
721 747 1
760 788 1
721 785 1
747 785 1
741 753 1
741 746 1
742 742 1
730 773 1
730 766 1
735 766 1
730 735 1
735 773 1
747 747 1
728 784 1
757 790 1
735 753 1
730 753 1
753 773 1
753 766 1
735 746 1
735 741 1
733 764 1
729 733 1
729 764 1
733 775 1
729 775 1
764 775 1
818 854 1
831 834 1
793 828 1
818 825 1
825 854 1
795 798 1
854 858 1
825 858 1
818 858 1
794 802 1
815 818 1
815 825 1
815 858 1
815 854 1
816 835 1
796 862 1
850 856 1
796 856 1
856 862 1
796 850 1
794 797 1
797 802 1
812 862 1
812 856 1
796 812 1
804 823 1
804 838 1
823 838 1
806 838 1
804 806 1
806 823 1
868 879 1
913 929 1
888 906 1
875 915 1
891 891 1
898 925 1
887 898 1
887 925 1
889 907 1
920 929 1
913 920 1
884 910 1
873 904 1
925 931 1
898 931 1
887 931 1
878 932 1
891 906 1
888 891 1
873 911 1
904 911 1
891 923 1
888 923 1
906 923 1
899 904 1
873 899 1
899 911 1
896 918 1
871 874 1
874 930 1
871 930 1
944 987 1
983 1001 1
967 968 1
939 955 1
985 1005 1
962 975 1
940 993 1
993 1003 1
940 1003 1
957 985 1
957 1005 1
936 941 1
957 961 1
961 985 1
961 1005 1
966 989 1
941 997 1
936 997 1
971 977 1
941 990 1
936 990 1
990 997 1
974 990 1
936 974 1
941 974 1
974 997 1
961 1007 1
985 1007 1
957 1007 1
1005 1007 1
1029 1059 1
1039 1058 1
1069 1070 1
1015 1034 1
1021 1024 1
1066 1071 1
1012 1041 1
1014 1019 1
1017 1020 1
1033 1054 1
1046 1078 1
1023 1051 1
1030 1042 1
1011 1060 1
1018 1033 1
1018 1054 1
1054 1065 1
1033 1065 1
1018 1065 1
1037 1072 1
1049 1079 1
1045 1057 1
1032 1054 1
1032 1033 1
1018 1032 1
1032 1065 1
1024 1072 1
1021 1072 1
1024 1037 1
1040 1069 1
1040 1070 1
1100 1130 1
1094 1146 1
1126 1126 1
1126 1151 1
1112 1119 1
1085 1103 1
1106 1147 1
1098 1107 1
1121 1125 1
1148 1149 1
1098 1101 1
1101 1107 1
1086 1147 1
1086 1106 1
1135 1139 1
1126 1132 1
1132 1151 1
1088 1133 1
1105 1147 1
1105 1106 1
1086 1105 1
1106 1126 1
1105 1126 1
1126 1147 1
1086 1126 1
1106 1132 1
1106 1151 1
1113 1130 1
1100 1113 1
1097 1115 1
1157 1166 1
1156 1204 1
1163 1181 1
1194 1195 1
1164 1194 1
1164 1195 1
1169 1215 1
1196 1200 1
1196 1207 1
1200 1207 1
1175 1217 1
1173 1177 1
1171 1176 1
1152 1164 1
1152 1194 1
1152 1195 1
1183 1208 1
1176 1183 1
1171 1183 1
1176 1208 1
1177 1206 1
1173 1206 1
1170 1200 1
1170 1196 1
1170 1207 1
1186 1198 1
1186 1205 1
1198 1205 1
1167 1198 1
1167 1186 1
1167 1205 1
1237 1256 1
1241 1248 1
1260 1279 1
1241 1264 1
1248 1264 1
1266 1278 1
1262 1263 1
1234 1258 1
1228 1257 1
1232 1233 1
1241 1252 1
1248 1252 1
1252 1264 1
1242 1290 1
1251 1274 1
1252 1275 1
1248 1275 1
1241 1275 1
1264 1275 1
1259 1284 1
1248 1285 1
1264 1285 1
1241 1285 1
1275 1285 1
1252 1285 1
1225 1239 1
1245 1251 1
1245 1274 1
1236 1290 1
1236 1242 1
1304 1319 1
1303 1350 1
1334 1365 1
1296 1333 1
1298 1338 1
1306 1344 1
1307 1329 1
1326 1354 1
1358 1367 1
1317 1325 1
1298 1342 1
1338 1342 1
1314 1366 1
1358 1358 1
1307 1319 1
1319 1329 1
1304 1307 1
1327 1337 1
1320 1366 1
1314 1320 1
1296 1328 1
1328 1333 1
1334 1343 1
1343 1365 1
1334 1351 1
1351 1365 1
1343 1351 1
1333 1343 1
1296 1343 1
1328 1343 1
1333 1351 1
1333 1334 1
1333 1365 1
1369 1438 1
1375 1388 1
1380 1432 1
1375 1397 1
1388 1397 1
1407 1418 1
1387 1435 1
1387 1396 1
1396 1435 1
1417 1428 1
1399 1408 1
1427 1435 1
1387 1427 1
1396 1427 1
1391 1397 1
1388 1391 1
1375 1391 1
1428 1433 1
1417 1433 1
1403 1421 1
1400 1437 1
1377 1437 1
1377 1400 1
1387 1405 1
1405 1435 1
1396 1405 1
1405 1427 1
1406 1409 1
1382 1414 1
1413 1432 1
1380 1413 1
858 1169 1
1169 1169 1
825 1169 1
818 1169 1
854 1169 1
815 1169 1
858 858 1
858 1215 1
837 868 1
868 868 1
837 837 1
837 879 1
157 1112 1
197 1112 1
173 1112 1
176 1112 1
150 1112 1
1112 1112 1
186 1112 1
157 157 1
157 1119 1
29 415 1
415 415 1
29 29 1
701 948 1
705 948 1
681 948 1
715 948 1
657 948 1
948 948 1
700 948 1
701 701 1
1034 1304 1
1304 1304 1
1015 1304 1
1034 1034 1
1034 1307 1
1034 1319 1
762 1096 1
1096 1096 1
762 762 1
227 1069 1
1069 1069 1
227 1040 1
227 227 1
227 1070 1
465 1109 1
1109 1109 1
465 465 1
270 615 1
615 615 1
270 270 1
626 758 1
620 758 1
758 758 1
582 758 1
626 626 1
506 740 1
740 740 1
506 506 1
497 650 1
650 650 1
497 497 1
275 517 1
517 517 1
275 275 1
322 571 1
571 571 1
322 322 1
484 808 1
808 808 1
484 484 1
351 630 1
344 630 1
307 630 1
630 630 1
351 351 1
591 918 1
594 918 1
643 918 1
918 918 1
647 918 1
591 896 1
591 591 1
835 1379 1
816 1379 1
1379 1379 1
835 835 1
394 634 1
634 634 1
373 634 1
394 394 1
31 439 1
439 439 1
31 31 1
31 455 1
173 1341 1
197 1341 1
1341 1341 1
176 1341 1
150 1341 1
1112 1341 1
186 1341 1
157 1341 1
173 173 1
740 910 1
506 910 1
910 910 1
740 884 1
793 1089 1
1089 1089 1
828 1089 1
793 793 1
445 729 1
729 729 1
445 445 1
445 764 1
445 733 1
445 775 1
908 1168 1
1168 1168 1
908 908 1
68 420 1
420 420 1
68 68 1
428 1435 1
1435 1435 1
428 1387 1
428 428 1
428 1427 1
428 1396 1
428 1405 1
296 1235 1
1235 1235 1
296 296 1
138 930 1
122 930 1
90 930 1
930 930 1
138 871 1
138 874 1
138 138 1
1290 1309 1
1242 1309 1
1236 1309 1
1309 1309 1
1290 1290 1
118 436 1
436 436 1
118 499 1
118 500 1
118 118 1
1093 1315 1
1315 1315 1
1093 1093 1
293 584 1
336 584 1
584 584 1
354 584 1
308 584 1
311 584 1
293 293 1
361 1250 1
1250 1250 1
361 361 1
539 1082 1
1082 1082 1
524 1082 1
539 539 1
1189 1411 1
1411 1411 1
1189 1189 1
94 228 1
228 228 1
94 94 1
196 270 1
196 196 1
196 615 1
623 1263 1
632 1263 1
588 1263 1
638 1263 1
1263 1263 1
623 1262 1
623 623 1
368 892 1
892 892 1
368 368 1
867 1189 1
867 867 1
867 1411 1
40 1394 1
1394 1394 1
40 40 1
480 1359 1
481 1359 1
1359 1359 1
480 480 1
962 1347 1
1347 1347 1
975 1347 1
962 962 1
279 1233 1
224 1233 1
249 1233 1
1233 1233 1
279 1232 1
279 279 1
584 1094 1
354 1094 1
293 1094 1
1094 1094 1
336 1094 1
308 1094 1
311 1094 1
584 1146 1
913 1091 1
920 1091 1
929 1091 1
1091 1091 1
913 913 1
273 1435 1
273 1387 1
273 428 1
273 273 1
273 1427 1
273 1396 1
273 1405 1
1 823 1
6 823 1
39 823 1
13 823 1
47 823 1
49 823 1
823 823 1
1 1 1
1 804 1
1 806 1
1 838 1
386 1322 -1
418 1322 -1
430 1322 -1
52 967 -1
51 967 -1
52 968 -1
223 570 -1
223 542 -1
191 1306 -1
154 1306 -1
191 1344 -1
173 1327 -1
176 1327 -1
186 1327 -1
197 1327 -1
150 1327 -1
157 1327 -1
173 1337 -1
119 1053 -1
80 1053 -1
95 1053 -1
369 1305 -1
424 1305 -1
392 1305 -1
363 1305 -1
399 1305 -1
261 506 -1
231 506 -1
87 551 -1
87 516 -1
86 553 -1
390 1324 -1
429 1329 -1
427 1329 -1
411 1329 -1
429 1307 -1
429 1319 -1
635 1315 -1
128 235 -1
427 1362 -1
411 1362 -1
429 1362 -1
80 501 -1
95 501 -1
119 501 -1
80 457 -1
80 458 -1
80 444 -1
80 447 -1
373 1310 -1
394 1310 -1
1071 1348 -1
1066 1348 -1
196 376 -1
87 1126 -1
87 1132 -1
87 1105 -1
87 1106 -1
87 1147 -1
87 1086 -1
87 1151 -1
200 1316 -1
86 1126 -1
86 1132 -1
86 1105 -1
86 1106 -1
86 1147 -1
86 1086 -1
86 1151 -1
590 1312 -1
631 1312 -1
209 389 -1
168 389 -1
185 389 -1
214 389 -1
315 1322 -1
162 340 -1
151 340 -1
370 1341 -1
413 1350 -1
413 1303 -1
192 371 -1
192 377 -1
306 488 -1
156 1343 -1
156 1328 -1
156 1351 -1
156 1296 -1
156 1333 -1
156 1334 -1
156 1365 -1
153 1304 -1
153 1307 -1
153 1319 -1
545 739 -1
224 514 -1
249 514 -1
279 514 -1
224 523 -1
224 566 -1
953 1350 -1
953 1303 -1
88 518 -1
79 518 -1
1076 1314 -1
1076 1320 -1
1076 1366 -1
230 569 -1
230 522 -1
230 507 -1
230 564 -1
230 534 -1
164 935 -1
259 513 -1
285 513 -1
168 1321 -1
209 1321 -1
214 1321 -1
185 1321 -1
424 1360 -1
392 1360 -1
369 1360 -1
363 1360 -1
399 1360 -1
360 1297 -1
381 1297 -1
178 1329 -1
178 1307 -1
178 1319 -1
182 1297 -1
213 1297 -1
166 1297 -1
158 1297 -1
163 1273 -1
153 1306 -1
153 1344 -1
129 489 -1
115 489 -1
129 496 -1
129 460 -1
361 1335 -1
306 470 -1
313 1320 -1
313 1314 -1
313 1366 -1
162 1000 -1
151 1000 -1
311 601 -1
308 601 -1
354 601 -1
300 601 -1
357 601 -1
293 601 -1
591 1070 -1
594 1070 -1
643 1070 -1
647 1070 -1
591 1040 -1
591 1069 -1
108 456 -1
108 498 -1
131 1079 -1
131 1049 -1
204 1358 -1
204 1367 -1
111 1354 -1
111 1326 -1
409 1345 -1
398 1345 -1
596 1079 -1
596 1049 -1
278 533 -1
253 533 -1
497 627 -1
1075 1313 -1
407 1344 -1
407 1306 -1
182 399 -1
213 399 -1
166 399 -1
158 399 -1
182 424 -1
182 392 -1
182 363 -1
182 369 -1
307 1315 -1
344 1315 -1
351 1315 -1
323 643 -1
323 594 -1
323 591 -1
323 647 -1
198 343 -1
70 1347 -1
7 1347 -1
469 630 -1
194 336 -1
194 354 -1
194 293 -1
124 537 -1
124 563 -1
124 508 -1
124 541 -1
124 527 -1
423 1325 -1
423 1317 -1
213 1330 -1
166 1330 -1
158 1330 -1
182 1330 -1
366 1337 -1
366 1327 -1
136 493 -1
112 493 -1
121 493 -1
90 493 -1
122 493 -1
120 493 -1
372 1344 -1
372 1306 -1
34 1352 -1
56 1352 -1
61 1352 -1
48 968 -1
48 967 -1
628 1070 -1
616 1070 -1
628 1040 -1
628 1069 -1
217 570 -1
217 542 -1
371 1344 -1
377 1344 -1
371 1306 -1
304 498 -1
298 498 -1
304 456 -1
88 519 -1
79 519 -1
707 743 -1
213 394 -1
166 394 -1
158 394 -1
182 394 -1
213 373 -1
305 503 -1
305 440 -1
305 473 -1
204 420 -1
531 741 -1
531 753 -1
531 746 -1
531 735 -1
345 1354 -1
359 1354 -1
345 1326 -1
129 493 -1
115 493 -1
22 471 -1
378 1314 -1
378 1320 -1
378 1366 -1
269 509 -1
338 626 -1
338 620 -1
338 582 -1
128 485 -1
406 1341 -1
402 1341 -1
95 454 -1
80 454 -1
119 454 -1
342 464 -1
129 488 -1
115 488 -1
21 470 -1
410 1309 -1
88 553 -1
79 553 -1
378 1348 -1
194 373 -1
194 394 -1
129 487 -1
115 487 -1
309 633 -1
401 1302 -1
362 1302 -1
13 501 -1
49 501 -1
39 501 -1
1 501 -1
6 501 -1
47 501 -1
13 457 -1
13 458 -1
13 444 -1
13 447 -1
311 1355 -1
308 1355 -1
354 1355 -1
300 1355 -1
357 1355 -1
293 1355 -1
129 491 -1
115 491 -1
224 550 -1
249 550 -1
279 550 -1
16 475 -1
0 475 -1
71 475 -1
146 399 -1
146 424 -1
146 392 -1
146 363 -1
146 369 -1
227 513 -1
467 594 -1
467 647 -1
467 643 -1
467 591 -1
398 1334 -1
409 1334 -1
398 1333 -1
398 1351 -1
398 1365 -1
398 1343 -1
206 1324 -1
69 497 -1
234 569 -1
234 522 -1
234 507 -1
234 564 -1
234 534 -1
96 448 -1
202 1354 -1
202 1326 -1
22 470 -1
148 364 -1
84 503 -1
84 440 -1
84 473 -1
372 1342 -1
372 1298 -1
372 1338 -1
425 1362 -1
304 502 -1
298 502 -1
191 374 -1
154 374 -1
214 1330 -1
168 1330 -1
209 1330 -1
185 1330 -1
130 494 -1
143 494 -1
382 1318 -1
260 504 -1
240 504 -1
250 504 -1
268 504 -1
262 504 -1
255 504 -1
489 595 -1
496 595 -1
460 595 -1
489 609 -1
489 612 -1
489 589 -1
200 1317 -1
200 1325 -1
224 545 -1
249 545 -1
279 545 -1
366 1336 -1
165 935 -1
343 1352 -1
175 1364 -1
376 1311 -1
226 547 -1
196 1314 -1
196 1320 -1
196 1366 -1
502 629 -1
127 256 -1
52 994 -1
51 994 -1
151 1338 -1
162 1338 -1
151 1298 -1
151 1342 -1
92 1097 -1
92 1115 -1
109 458 -1
109 457 -1
109 461 -1
109 444 -1
109 501 -1
109 447 -1
588 1311 -1
632 1311 -1
638 1311 -1
623 1311 -1
123 549 -1
123 526 -1
421 1358 -1
421 1367 -1
224 552 -1
249 552 -1
279 552 -1
346 1355 -1
352 1355 -1
297 1355 -1
334 1355 -1
376 1313 -1
214 1331 -1
168 1331 -1
209 1331 -1
185 1331 -1
554 774 -1
346 637 -1
352 637 -1
297 637 -1
334 637 -1
189 1340 -1
197 342 -1
186 342 -1
173 342 -1
150 342 -1
157 342 -1
423 1324 -1
210 1364 -1
431 1366 -1
431 1320 -1
431 1314 -1
211 1327 -1
211 1337 -1
431 1330 -1
202 380 -1
311 1354 -1
308 1354 -1
354 1354 -1
300 1354 -1
357 1354 -1
293 1354 -1
311 1326 -1
40 1352 -1
399 1335 -1
424 1335 -1
392 1335 -1
363 1335 -1
369 1335 -1
330 1341 -1
143 1237 -1
130 1237 -1
143 1256 -1
184 1338 -1
184 1298 -1
184 1342 -1
278 530 -1
253 530 -1
174 1362 -1
92 1091 -1
184 1336 -1
266 511 -1
271 511 -1
266 528 -1
266 567 -1
15 472 -1
15 443 -1
15 451 -1
169 1323 -1
159 1323 -1
721 869 -1
785 869 -1
747 869 -1
232 569 -1
232 522 -1
232 507 -1
232 564 -1
232 534 -1
415 1313 -1
111 458 -1
111 457 -1
111 461 -1
111 444 -1
111 501 -1
111 447 -1
126 574 -1
197 412 -1
186 412 -1
173 412 -1
150 412 -1
157 412 -1
190 406 -1
190 402 -1
205 384 -1
202 1320 -1
202 1314 -1
202 1366 -1
1008 1348 -1
86 1128 -1
373 1308 -1
394 1308 -1
681 1066 -1
705 1066 -1
674 1066 -1
649 1066 -1
715 1066 -1
657 1066 -1
700 1066 -1
701 1066 -1
681 1071 -1
156 1305 -1
622 1310 -1
580 1310 -1
389 1362 -1
112 459 -1
136 459 -1
121 459 -1
90 459 -1
122 459 -1
120 459 -1
112 492 -1
168 1359 -1
209 1359 -1
214 1359 -1
185 1359 -1
547 777 -1
995 1352 -1
150 364 -1
157 364 -1
186 364 -1
197 364 -1
173 364 -1
228 548 -1
632 1351 -1
588 1351 -1
638 1351 -1
623 1351 -1
632 1333 -1
632 1365 -1
632 1334 -1
632 1343 -1
198 1350 -1
198 1303 -1
161 1313 -1
177 1313 -1
430 1367 -1
418 1367 -1
386 1367 -1
430 1358 -1
1018 1349 -1
1032 1349 -1
1033 1349 -1
1054 1349 -1
1065 1349 -1
549 774 -1
526 774 -1
118 1060 -1
118 1011 -1
195 339 -1
335 1344 -1
335 1306 -1
124 515 -1
1078 1315 -1
1046 1315 -1
191 372 -1
154 372 -1
118 1066 -1
118 1071 -1
213 395 -1
166 395 -1
158 395 -1
182 395 -1
213 419 -1
1015 1314 -1
1034 1314 -1
1015 1320 -1
1015 1366 -1
187 1339 -1
152 1339 -1
208 1360 -1
300 1346 -1
308 1346 -1
357 1346 -1
311 1346 -1
84 485 -1
341 468 -1
341 438 -1
226 550 -1
55 975 -1
55 962 -1
86 1129 -1
306 489 -1
306 496 -1
306 460 -1
110 460 -1
110 496 -1
110 489 -1
163 1272 -1
262 511 -1
240 511 -1
260 511 -1
250 511 -1
268 511 -1
255 511 -1
262 528 -1
262 567 -1
