6 67 1
16 34 1
6 48 1
48 67 1
2 38 1
16 65 1
34 65 1
14 28 1
12 64 1
49 52 1
55 60 1
15 32 1
11 39 1
59 64 1
12 59 1
9 71 1
0 38 1
0 2 1
20 44 1
16 16 1
12 23 1
23 64 1
23 59 1
5 26 1
12 38 1
38 64 1
38 59 1
23 38 1
0 12 1
2 12 1
31 56 1
12 33 1
33 64 1
0 33 1
2 33 1
33 38 1
23 33 1
33 59 1
101 119 1
96 112 1
92 96 1
92 112 1
79 95 1
102 137 1
114 118 1
112 130 1
96 130 1
92 130 1
79 88 1
88 95 1
95 142 1
88 142 1
79 142 1
95 133 1
88 133 1
133 142 1
79 133 1
85 116 1
92 141 1
96 141 1
112 141 1
130 141 1
75 77 1
105 135 1
86 110 1
120 139 1
77 82 1
75 82 1
77 80 1
80 82 1
75 80 1
120 127 1
127 139 1
82 137 1
80 137 1
75 137 1
77 137 1
82 102 1
192 215 1
160 179 1
159 211 1
198 207 1
190 201 1
152 213 1
151 201 1
151 190 1
144 159 1
144 211 1
171 209 1
148 169 1
165 192 1
165 215 1
148 165 1
165 169 1
148 192 1
148 215 1
158 208 1
191 211 1
144 191 1
159 191 1
144 175 1
175 211 1
175 191 1
159 175 1
145 194 1
191 207 1
144 207 1
207 211 1
175 207 1
159 207 1
191 198 1
166 188 1
187 196 1
191 197 1
197 198 1
175 197 1
144 197 1
197 211 1
197 207 1
159 197 1
220 225 1
218 267 1
221 231 1
236 262 1
225 270 1
220 270 1
237 257 1
217 239 1
217 259 1
239 259 1
216 246 1
239 287 1
217 287 1
259 287 1
216 256 1
246 256 1
244 261 1
236 252 1
252 262 1
235 268 1
217 254 1
254 287 1
254 259 1
239 254 1
222 228 1
270 287 1
225 287 1
220 287 1
259 270 1
239 270 1
217 270 1
254 270 1
238 242 1
261 282 1
244 282 1
238 253 1
242 253 1
289 350 1
295 296 1
300 312 1
288 352 1
288 293 1
293 352 1
295 318 1
296 318 1
303 357 1
291 309 1
308 337 1
314 324 1
305 333 1
298 319 1
343 350 1
289 343 1
295 311 1
296 311 1
311 318 1
306 310 1
315 350 1
289 315 1
315 343 1
323 354 1
333 344 1
305 344 1
292 299 1
304 357 1
303 304 1
331 332 1
304 359 1
357 359 1
303 359 1
295 322 1
296 322 1
318 322 1
311 322 1
368 410 1
375 383 1
413 428 1
383 411 1
375 411 1
371 389 1
398 411 1
375 398 1
383 398 1
379 416 1
383 417 1
411 417 1
398 417 1
375 417 1
419 422 1
361 420 1
391 397 1
399 426 1
375 426 1
417 426 1
411 426 1
398 426 1
383 426 1
375 399 1
388 401 1
361 388 1
388 420 1
361 401 1
394 411 1
394 417 1
394 426 1
394 398 1
375 394 1
383 394 1
395 422 1
395 419 1
445 453 1
450 457 1
501 502 1
491 503 1
447 448 1
445 461 1
453 461 1
465 466 1
432 469 1
436 439 1
441 466 1
441 465 1
458 487 1
438 478 1
492 493 1
441 503 1
465 503 1
466 503 1
441 491 1
450 463 1
457 463 1
451 473 1
445 447 1
447 453 1
447 461 1
445 448 1
476 498 1
445 498 1
448 498 1
447 498 1
453 498 1
461 498 1
445 476 1
448 462 1
462 498 1
445 462 1
447 462 1
509 559 1
544 554 1
520 562 1
527 553 1
533 539 1
536 538 1
521 542 1
540 554 1
540 544 1
553 558 1
527 558 1
539 548 1
533 548 1
515 572 1
539 570 1
548 570 1
533 570 1
518 538 1
518 536 1
536 561 1
538 561 1
518 561 1
539 555 1
555 570 1
548 555 1
533 555 1
548 550 1
550 555 1
550 570 1
539 550 1
533 550 1
507 543 1
540 549 1
544 549 1
549 554 1
530 563 1
592 645 1
590 646 1
609 634 1
588 630 1
637 642 1
587 588 1
587 630 1
587 601 1
588 601 1
601 630 1
596 600 1
586 610 1
635 636 1
618 620 1
595 621 1
634 644 1
609 644 1
615 631 1
589 603 1
603 614 1
589 614 1
610 624 1
586 624 1
616 644 1
609 616 1
616 634 1
600 619 1
596 619 1
586 646 1
624 646 1
610 646 1
586 590 1
617 641 1
615 635 1
631 635 1
615 636 1
649 696 1
713 714 1
699 700 1
649 668 1
668 696 1
663 682 1
657 703 1
678 681 1
659 661 1
686 693 1
690 700 1
690 699 1
695 700 1
690 695 1
695 699 1
688 719 1
678 719 1
681 719 1
678 688 1
661 712 1
659 712 1
664 693 1
664 686 1
675 705 1
649 675 1
675 696 1
668 675 1
649 705 1
649 707 1
696 707 1
705 707 1
675 707 1
668 707 1
684 717 1
682 693 1
663 693 1
664 682 1
682 686 1
748 769 1
758 763 1
754 791 1
735 741 1
728 732 1
768 781 1
726 775 1
766 785 1
751 781 1
751 768 1
739 748 1
739 769 1
733 759 1
748 749 1
749 769 1
739 749 1
750 757 1
724 744 1
760 771 1
723 773 1
750 765 1
757 765 1
732 767 1
728 767 1
775 788 1
726 788 1
746 749 1
746 769 1
739 746 1
746 748 1
733 760 1
759 760 1
733 771 1
787 789 1
723 733 1
733 773 1
723 760 1
723 771 1
723 759 1
800 801 1
812 836 1
795 863 1
804 857 1
817 843 1
800 856 1
801 856 1
797 850 1
808 838 1
803 826 1
799 800 1
799 856 1
799 801 1
795 836 1
836 863 1
795 812 1
847 847 1
809 849 1
793 798 1
799 843 1
800 843 1
843 856 1
801 843 1
799 817 1
852 863 1
795 852 1
836 852 1
793 796 1
796 798 1
800 863 1
856 863 1
801 863 1
843 863 1
799 863 1
800 836 1
800 852 1
795 800 1
879 928 1
867 910 1
886 887 1
889 915 1
910 921 1
867 921 1
915 925 1
889 925 1
872 884 1
893 906 1
886 893 1
887 893 1
886 906 1
871 887 1
871 893 1
871 886 1
900 921 1
867 900 1
900 910 1
870 910 1
870 921 1
867 870 1
870 900 1
870 924 1
921 924 1
867 924 1
900 924 1
910 924 1
879 894 1
894 928 1
888 918 1
875 917 1
891 909 1
895 907 1
886 897 1
897 906 1
871 897 1
893 897 1
887 897 1
944 1004 1
961 997 1
963 991 1
945 999 1
959 977 1
980 982 1
964 966 1
964 972 1
966 972 1
981 989 1
939 989 1
939 981 1
936 954 1
959 992 1
977 992 1
939 1000 1
989 1000 1
981 1000 1
997 999 1
961 999 1
945 997 1
985 995 1
968 969 1
964 979 1
972 979 1
966 979 1
947 972 1
947 979 1
947 964 1
947 966 1
939 959 1
959 1000 1
959 989 1
959 981 1
939 992 1
939 977 1
1018 1058 1
1046 1075 1
1053 1079 1
1064 1067 1
1042 1049 1
1040 1044 1
1021 1043 1
1052 1076 1
1030 1072 1
1049 1069 1
1042 1069 1
1055 1070 1
1033 1048 1
1025 1046 1
1025 1075 1
1033 1047 1
1047 1048 1
1008 1045 1
1013 1030 1
1013 1072 1
1027 1047 1
1027 1048 1
1027 1033 1
1038 1065 1
1008 1052 1
1045 1052 1
1008 1076 1
1030 1038 1
1038 1072 1
1013 1038 1
1030 1065 1
1029 1060 1
1009 1046 1
1009 1025 1
1009 1075 1
1039 1061 1
1132 1136 1
1093 1137 1
1115 1130 1
1099 1142 1
1091 1126 1
1092 1118 1
1132 1135 1
1135 1136 1
1128 1141 1
1105 1140 1
1118 1120 1
1092 1120 1
1110 1127 1
1093 1099 1
1099 1137 1
1093 1142 1
1090 1092 1
1090 1120 1
1090 1118 1
1120 1151 1
1090 1151 1
1092 1151 1
1118 1151 1
1095 1119 1
1091 1142 1
1126 1142 1
1091 1099 1
1091 1093 1
1132 1139 1
1136 1139 1
1135 1139 1
1081 1123 1
1105 1139 1
1139 1140 1
1105 1136 1
1105 1132 1
1105 1135 1
1188 1202 1
1166 1172 1
1157 1174 1
1186 1209 1
1152 1210 1
1161 1219 1
1167 1181 1
1164 1188 1
1164 1202 1
1192 1194 1
1197 1216 1
1159 1187 1
1180 1192 1
1180 1194 1
1165 1169 1
1153 1209 1
1153 1186 1
1173 1207 1
1152 1153 1
1153 1210 1
1152 1209 1
1152 1186 1
1180 1190 1
1190 1192 1
1190 1194 1
1181 1193 1
1167 1193 1
1156 1179 1
1170 1182 1
1205 1209 1
1152 1205 1
1153 1205 1
1186 1205 1
1169 1200 1
1165 1200 1
1169 1189 1
1189 1200 1
1165 1189 1
1243 1272 1
1276 1290 1
1241 1283 1
1252 1290 1
1252 1276 1
1238 1275 1
1230 1283 1
1230 1241 1
1224 1233 1
1225 1251 1
1234 1243 1
1234 1272 1
1268 1282 1
1257 1271 1
1236 1274 1
1232 1295 1
1226 1270 1
1250 1252 1
1250 1290 1
1250 1276 1
1244 1279 1
1254 1279 1
1244 1254 1
1235 1275 1
1235 1238 1
1233 1255 1
1224 1255 1
1273 1282 1
1268 1273 1
1258 1276 1
1258 1290 1
1252 1258 1
1250 1258 1
1245 1279 1
1244 1245 1
1245 1254 1
1302 1318 1
1335 1344 1
1304 1350 1
1303 1337 1
1301 1355 1
1309 1314 1
1296 1350 1
1296 1304 1
1312 1357 1
1338 1354 1
1314 1331 1
1309 1331 1
1325 1364 1
1331 1351 1
1314 1351 1
1309 1351 1
1319 1326 1
1296 1322 1
1304 1322 1
1322 1350 1
1330 1367 1
1302 1356 1
1318 1356 1
1302 1333 1
1333 1356 1
1318 1333 1
1300 1367 1
1300 1330 1
1300 1308 1
1308 1330 1
1308 1367 1
1340 1361 1
1309 1359 1
1314 1359 1
1331 1359 1
1351 1359 1
1389 1430 1
1419 1439 1
1390 1416 1
1382 1428 1
1372 1386 1
1385 1434 1
1383 1402 1
1392 1400 1
1380 1428 1
1380 1382 1
1386 1437 1
1372 1437 1
1408 1427 1
1417 1433 1
1395 1401 1
1408 1419 1
1419 1427 1
1408 1439 1
1374 1435 1
1388 1427 1
1388 1408 1
1388 1419 1
1375 1427 1
1375 1408 1
1375 1419 1
1375 1388 1
1385 1396 1
1396 1434 1
1387 1400 1
1387 1392 1
1390 1439 1
1416 1439 1
1390 1408 1
1390 1419 1
1382 1416 1
1380 1416 1
1416 1428 1
1382 1390 1
1382 1439 1
471 712 -1
471 659 -1
471 661 -1
437 1217 -1
140 430 -1
58 1196 -1
268 1133 -1
235 1133 -1
288 1079 -1
352 1079 -1
293 1079 -1
288 1053 -1
1094 1342 -1
203 757 -1
203 765 -1
203 750 -1
495 1283 -1
495 1241 -1
495 1230 -1
296 461 -1
322 461 -1
311 461 -1
318 461 -1
295 461 -1
296 498 -1
296 447 -1
296 445 -1
296 453 -1
174 626 -1
796 1129 -1
793 1129 -1
798 1129 -1
1161 1432 -1
1219 1432 -1
582 774 -1
97 456 -1
403 1309 -1
403 1314 -1
403 1331 -1
403 1359 -1
403 1351 -1
427 812 -1
427 795 -1
427 836 -1
1336 1423 -1
323 921 -1
354 921 -1
323 924 -1
323 867 -1
323 900 -1
323 870 -1
323 910 -1
596 943 -1
600 943 -1
619 943 -1
201 225 -1
190 225 -1
151 225 -1
201 220 -1
201 270 -1
201 287 -1
49 1174 -1
52 1174 -1
49 1157 -1
702 1007 -1
410 1437 -1
368 1437 -1
410 1386 -1
410 1372 -1
113 911 -1
302 1014 -1
865 1055 -1
865 1070 -1
681 938 -1
678 938 -1
719 938 -1
255 310 -1
255 306 -1
213 455 -1
152 455 -1
73 936 -1
73 954 -1
98 822 -1
65 110 -1
16 110 -1
34 110 -1
65 86 -1
569 1294 -1
327 904 -1
667 1217 -1
327 1428 -1
327 1416 -1
327 1380 -1
327 1382 -1
872 1193 -1
884 1193 -1
872 1181 -1
872 1167 -1
424 1072 -1
424 1038 -1
424 1013 -1
424 1030 -1
340 845 -1
448 567 -1
498 567 -1
445 567 -1
462 567 -1
447 567 -1
243 805 -1
741 1245 -1
735 1245 -1
741 1244 -1
741 1254 -1
741 1279 -1
582 1401 -1
582 1395 -1
69 510 -1
807 1244 -1
807 1245 -1
807 1254 -1
807 1279 -1
574 1007 -1
428 1359 -1
413 1359 -1
428 1314 -1
428 1331 -1
428 1309 -1
428 1351 -1
261 1320 -1
282 1320 -1
244 1320 -1
602 925 -1
602 889 -1
602 915 -1
48 1221 -1
67 1221 -1
6 1221 -1
705 938 -1
649 938 -1
675 938 -1
707 938 -1
1129 1160 -1
844 1425 -1
329 1255 -1
329 1224 -1
329 1233 -1
450 1265 -1
457 1265 -1
463 1265 -1
195 777 -1
946 1040 -1
946 1044 -1
319 849 -1
298 849 -1
319 809 -1
211 1437 -1
197 1437 -1
159 1437 -1
175 1437 -1
144 1437 -1
207 1437 -1
191 1437 -1
211 1386 -1
211 1372 -1
554 997 -1
544 997 -1
540 997 -1
549 997 -1
554 961 -1
554 945 -1
554 999 -1
582 1241 -1
582 1283 -1
582 1230 -1
405 833 -1
473 818 -1
451 818 -1
494 728 -1
494 732 -1
494 767 -1
950 1195 -1
1112 1189 -1
1112 1200 -1
1112 1169 -1
1112 1165 -1
505 737 -1
816 1278 -1
325 1208 -1
794 1058 -1
794 1018 -1
844 930 -1
84 1001 -1
828 1221 -1
289 1130 -1
315 1130 -1
350 1130 -1
343 1130 -1
289 1115 -1
117 1018 -1
117 1058 -1
1005 1028 -1
83 1026 -1
138 1019 -1
759 839 -1
760 839 -1
723 839 -1
733 839 -1
802 897 -1
802 906 -1
802 887 -1
802 893 -1
802 886 -1
802 871 -1
529 1027 -1
529 1048 -1
529 1033 -1
529 1047 -1
593 877 -1
1077 1395 -1
1077 1401 -1
85 629 -1
116 629 -1
1346 1405 -1
725 921 -1
725 924 -1
725 867 -1
725 900 -1
725 870 -1
725 910 -1
426 665 -1
417 665 -1
394 665 -1
398 665 -1
399 665 -1
375 665 -1
411 665 -1
383 665 -1
196 1033 -1
187 1033 -1
196 1048 -1
196 1027 -1
196 1047 -1
1068 1377 -1
555 952 -1
570 952 -1
539 952 -1
548 952 -1
533 952 -1
550 952 -1
157 1034 -1
694 988 -1
306 836 -1
310 836 -1
306 800 -1
306 852 -1
306 795 -1
306 812 -1
306 863 -1
541 817 -1
541 843 -1
541 799 -1
332 1018 -1
331 1018 -1
332 1058 -1
266 798 -1
266 793 -1
266 796 -1
229 397 -1
229 391 -1
671 1095 -1
671 1119 -1
485 1131 -1
464 891 -1
464 909 -1
302 643 -1
1025 1095 -1
1009 1095 -1
1075 1095 -1
1046 1095 -1
1025 1119 -1
492 546 -1
493 546 -1
52 1305 -1
49 1305 -1
203 1364 -1
203 1325 -1
492 1422 -1
493 1422 -1
575 1377 -1
323 1347 -1
354 1347 -1
3 118 -1
3 114 -1
9 955 -1
71 955 -1
1035 1222 -1
872 1339 -1
884 1339 -1
743 1305 -1
705 756 -1
649 756 -1
675 756 -1
707 756 -1
1146 1388 -1
1146 1408 -1
1146 1427 -1
1146 1419 -1
1146 1375 -1
453 991 -1
498 991 -1
447 991 -1
445 991 -1
461 991 -1
453 963 -1
273 1287 -1
436 1408 -1
439 1408 -1
436 1419 -1
436 1388 -1
436 1390 -1
436 1427 -1
436 1439 -1
436 1375 -1
442 760 -1
442 771 -1
442 733 -1
442 723 -1
442 759 -1
852 1141 -1
800 1141 -1
795 1141 -1
836 1141 -1
863 1141 -1
852 1128 -1
357 1123 -1
304 1123 -1
359 1123 -1
303 1123 -1
357 1081 -1
564 961 -1
564 997 -1
564 999 -1
453 1131 -1
498 1131 -1
447 1131 -1
445 1131 -1
461 1131 -1
1232 1298 -1
1295 1298 -1
302 1263 -1
853 886 -1
853 897 -1
853 906 -1
853 871 -1
853 893 -1
853 887 -1
416 1207 -1
379 1207 -1
416 1173 -1
772 1028 -1
572 1105 -1
515 1105 -1
572 1136 -1
572 1132 -1
572 1139 -1
572 1140 -1
572 1135 -1
79 1005 -1
88 1005 -1
133 1005 -1
142 1005 -1
95 1005 -1
1242 1410 -1
1093 1308 -1
1137 1308 -1
1091 1308 -1
1099 1308 -1
1142 1308 -1
1093 1330 -1
1093 1300 -1
1093 1367 -1
359 525 -1
304 525 -1
357 525 -1
303 525 -1
534 1018 -1
534 1058 -1
351 649 -1
351 696 -1
351 705 -1
351 675 -1
351 668 -1
351 707 -1
110 709 -1
86 709 -1
540 630 -1
544 630 -1
554 630 -1
549 630 -1
540 601 -1
540 587 -1
540 588 -1
673 1389 -1
673 1430 -1
490 1050 -1
272 474 -1
637 1418 -1
642 1418 -1
248 775 -1
248 788 -1
248 726 -1
295 414 -1
296 414 -1
322 414 -1
318 414 -1
311 414 -1
70 107 -1
324 684 -1
314 684 -1
324 717 -1
1098 1289 -1
38 504 -1
0 504 -1
64 504 -1
2 504 -1
33 504 -1
12 504 -1
23 504 -1
59 504 -1
139 652 -1
120 652 -1
127 652 -1
476 773 -1
498 773 -1
445 773 -1
476 723 -1
476 733 -1
631 1109 -1
635 1109 -1
615 1109 -1
331 901 -1
332 901 -1
382 1213 -1
1332 1389 -1
1332 1430 -1
195 660 -1
632 1089 -1
263 1404 -1
360 1180 -1
360 1192 -1
360 1194 -1
360 1190 -1
636 1159 -1
635 1159 -1
615 1159 -1
636 1187 -1
1046 1160 -1
1025 1160 -1
1075 1160 -1
1009 1160 -1
338 860 -1
561 1057 -1
536 1057 -1
538 1057 -1
518 1057 -1
178 1136 -1
178 1105 -1
178 1139 -1
178 1132 -1
178 1135 -1
55 996 -1
60 996 -1
386 1088 -1
627 1298 -1
927 1374 -1
927 1435 -1
231 1222 -1
221 1222 -1
807 1069 -1
807 1049 -1
807 1042 -1
680 1233 -1
680 1224 -1
680 1255 -1
114 1105 -1
118 1105 -1
114 1136 -1
114 1132 -1
114 1139 -1
114 1140 -1
114 1135 -1
909 961 -1
891 961 -1
909 997 -1
909 999 -1
95 1174 -1
88 1174 -1
133 1174 -1
142 1174 -1
79 1174 -1
95 1157 -1
994 1245 -1
994 1244 -1
994 1254 -1
994 1279 -1
33 736 -1
64 736 -1
0 736 -1
2 736 -1
38 736 -1
12 736 -1
23 736 -1
59 736 -1
154 1406 -1
1073 1120 -1
1073 1090 -1
1073 1092 -1
1073 1118 -1
1073 1151 -1
28 870 -1
14 870 -1
28 921 -1
28 924 -1
28 867 -1
28 900 -1
28 910 -1
129 1212 -1
496 665 -1
365 1175 -1
144 902 -1
197 902 -1
159 902 -1
175 902 -1
211 902 -1
207 902 -1
191 902 -1
544 795 -1
554 795 -1
540 795 -1
549 795 -1
544 852 -1
544 812 -1
544 836 -1
544 800 -1
544 863 -1
267 928 -1
218 928 -1
267 894 -1
267 879 -1
270 320 -1
225 320 -1
259 320 -1
239 320 -1
217 320 -1
220 320 -1
254 320 -1
287 320 -1
776 1003 -1
832 1135 -1
832 1136 -1
832 1105 -1
832 1139 -1
832 1132 -1
79 676 -1
88 676 -1
133 676 -1
142 676 -1
95 676 -1
47 235 -1
47 268 -1
373 1371 -1
325 389 -1
325 371 -1
452 1192 -1
452 1194 -1
452 1180 -1
452 1190 -1
805 1187 -1
805 1159 -1
871 1063 -1
897 1063 -1
893 1063 -1
886 1063 -1
887 1063 -1
921 967 -1
924 967 -1
867 967 -1
900 967 -1
870 967 -1
910 967 -1
416 491 -1
379 491 -1
416 441 -1
416 503 -1
665 1421 -1
699 1211 -1
690 1211 -1
700 1211 -1
695 1211 -1
978 1349 -1
623 693 -1
623 664 -1
623 682 -1
623 686 -1
623 663 -1
117 1289 -1
57 82 -1
57 80 -1
57 137 -1
57 75 -1
57 77 -1
57 102 -1
242 354 -1
253 354 -1
238 354 -1
242 323 -1
833 941 -1
944 1155 -1
1004 1155 -1
381 546 -1
653 910 -1
653 921 -1
653 924 -1
653 867 -1
653 900 -1
653 870 -1
99 327 -1
280 1237 -1
833 1331 -1
833 1314 -1
833 1359 -1
833 1309 -1
833 1351 -1
916 950 -1
410 482 -1
368 482 -1
1040 1183 -1
1044 1183 -1
1312 1410 -1
1357 1410 -1
421 767 -1
421 728 -1
421 732 -1
375 1380 -1
417 1380 -1
426 1380 -1
398 1380 -1
399 1380 -1
411 1380 -1
394 1380 -1
383 1380 -1
375 1416 -1
375 1428 -1
375 1382 -1
373 1269 -1
617 814 -1
641 814 -1
361 1187 -1
388 1187 -1
420 1187 -1
401 1187 -1
361 1159 -1
62 1312 -1
62 1357 -1
220 572 -1
225 572 -1
270 572 -1
287 572 -1
220 515 -1
697 1414 -1
850 1018 -1
797 1018 -1
850 1058 -1
835 1365 -1
555 768 -1
570 768 -1
539 768 -1
548 768 -1
533 768 -1
550 768 -1
555 781 -1
555 751 -1
684 789 -1
717 789 -1
684 787 -1
663 860 -1
682 860 -1
693 860 -1
1002 1388 -1
1002 1408 -1
1002 1427 -1
1002 1419 -1
1002 1375 -1
1037 1285 -1
102 1299 -1
137 1299 -1
82 1299 -1
328 1395 -1
328 1401 -1
442 1005 -1
38 440 -1
0 440 -1
64 440 -1
2 440 -1
33 440 -1
12 440 -1
23 440 -1
59 440 -1
481 1235 -1
481 1275 -1
481 1238 -1
449 1186 -1
449 1152 -1
449 1209 -1
449 1205 -1
449 1153 -1
266 857 -1
266 804 -1
432 550 -1
469 550 -1
432 539 -1
432 570 -1
432 555 -1
432 548 -1
432 533 -1
