235 1484 1
713 1546 1
653 1069 1
748 1527 1
410 1034 1
443 1328 1
333 1374 1
1214 1525 1
1229 1255 -1
1145 1317 -1
120 426 -1
94 113 -1
532 649 -1
787 1498 -1
580 1012 -1
816 1453 -1
51 428 -1
480 1161 -1
686 845 -1
512 1120 -1
151 1330 -1
896 1143 -1
488 814 -1
862 1284 -1
419 882 -1
484 1250 -1
124 1075 -1
1055 1101 -1
218 877 -1
240 894 -1
947 1147 -1
946 1375 -1
582 1457 -1
242 963 -1
65 784 -1
213 582 -1
280 1336 -1
68 305 -1
738 1338 -1
556 1124 -1
41 747 -1
749 1251 -1
793 954 -1
238 501 -1
269 721 -1
217 1090 -1
187 1154 -1
233 1339 -1
166 955 -1
1268 1468 -1
1443 1453 -1
831 1411 -1
762 1278 -1
539 913 -1
784 1277 -1
1072 1373 -1
818 930 -1
787 1310 -1
465 1471 -1
1048 1206 -1
891 1194 -1
35 735 -1
96 1299 -1
566 1065 -1
800 1174 -1
948 1275 -1
1062 1519 -1
1459 1491 -1
479 1073 -1
223 1018 -1
148 323 -1
1264 1541 -1
403 829 -1
504 1158 -1
241 1535 -1
239 358 -1
336 1410 -1
233 1207 -1
464 898 -1
135 1077 -1
32 76 -1
531 879 -1
650 1489 -1
1025 1402 -1
1096 1327 -1
91 1262 -1
1154 1292 -1
417 631 -1
295 589 -1
956 1283 -1
664 711 -1
85 571 -1
258 487 -1
142 1238 -1
92 1556 -1
524 1354 -1
1149 1503 -1
464 854 -1
485 644 -1
294 1323 -1
1412 1512 -1
247 344 -1
51 975 -1
558 879 -1
512 1318 -1
392 612 -1
353 1416 -1
1369 1463 -1
247 461 -1
178 485 -1
617 760 -1
672 864 -1
400 1149 -1
1032 1211 -1
783 851 -1
618 1109 -1
665 916 -1
422 539 -1
799 818 -1
1089 1151 -1
44 920 -1
93 121 -1
208 1457 -1
346 934 -1
968 1254 -1
334 412 -1
328 1020 -1
125 1405 -1
611 833 -1
1225 1494 -1
425 744 -1
9 119 -1
402 1345 -1
44 836 -1
1073 1283 -1
714 953 -1
442 1193 -1
838 970 -1
200 455 -1
656 1431 -1
268 381 -1
120 908 -1
580 802 -1
419 1191 -1
848 1464 -1
1041 1140 -1
782 1051 -1
842 1449 -1
115 293 -1
64 595 -1
424 666 -1
483 1326 -1
9 1034 -1
9 410 -1
876 961 -1
975 1144 -1
151 1344 -1
317 955 -1
169 1059 -1
520 843 -1
386 1134 -1
1020 1220 -1
640 1332 -1
651 1097 -1
385 632 -1
480 769 -1
291 1553 -1
447 789 -1
619 664 -1
75 1403 -1
705 1050 -1
828 1549 -1
1486 1557 -1
602 985 -1
784 1270 -1
540 817 -1
107 135 -1
417 660 -1
404 972 -1
517 1499 -1
10 67 -1
421 1194 -1
481 1347 -1
999 1393 -1
236 1530 -1
23 139 -1
971 1013 -1
786 1300 -1
85 525 -1
635 1374 -1
339 666 -1
176 494 -1
333 635 -1
312 1234 -1
136 1100 -1
929 1306 -1
190 300 -1
713 720 -1
720 1546 -1
501 908 -1
