1004 1518 1
151 1631 1
880 968 1
1059 1187 1
580 1137 1
132 1557 1
164 1503 1
1523 1570 1
1493 1598 1
672 1369 1
106 960 1
80 991 1
558 601 1
199 1186 1
800 1328 1
180 1273 1
800 1148 1
1148 1328 1
64 194 1
1091 1456 1
66 897 -1
89 805 -1
236 1556 -1
133 443 -1
541 1068 -1
655 769 -1
401 1438 -1
1459 1516 -1
1529 1608 -1
55 1755 -1
1271 1740 -1
961 1275 -1
264 587 -1
1321 1600 -1
573 1153 -1
331 1549 -1
700 1692 -1
1367 1512 -1
805 1222 -1
829 1668 -1
708 1573 -1
606 1306 -1
213 455 -1
284 438 -1
323 901 -1
258 1044 -1
455 668 -1
26 353 -1
710 795 -1
228 952 -1
456 1501 -1
1144 1345 -1
877 1182 -1
1234 1373 -1
182 1245 -1
147 650 -1
1416 1642 -1
143 1075 -1
585 708 -1
1531 1575 -1
342 1623 -1
751 812 -1
317 1532 -1
118 858 -1
78 531 -1
894 1388 -1
1134 1319 -1
253 675 -1
422 1245 -1
799 1426 -1
165 1639 -1
13 331 -1
295 1051 -1
695 787 -1
914 1784 -1
56 1276 -1
53 712 -1
180 968 -1
180 880 -1
740 1161 -1
1247 1570 -1
336 511 -1
11 914 -1
542 1768 -1
152 1510 -1
412 715 -1
878 1592 -1
544 1231 -1
325 657 -1
346 738 -1
193 564 -1
206 275 -1
1209 1397 -1
339 1618 -1
1509 1577 -1
605 1198 -1
131 279 -1
269 1289 -1
461 656 -1
260 693 -1
225 972 -1
1464 1600 -1
1247 1523 -1
1266 1791 -1
195 1560 -1
771 830 -1
162 723 -1
320 1280 -1
391 640 -1
194 908 -1
264 897 -1
366 1173 -1
93 691 -1
296 1384 -1
562 994 -1
55 1360 -1
135 317 -1
413 1146 -1
799 1297 -1
623 1369 -1
623 672 -1
717 767 -1
186 1327 -1
153 949 -1
428 1682 -1
61 1457 -1
1505 1770 -1
69 496 -1
652 1403 -1
483 1724 -1
865 1447 -1
546 883 -1
192 555 -1
503 1332 -1
467 889 -1
1169 1474 -1
212 547 -1
1460 1479 -1
207 251 -1
621 1202 -1
908 1767 -1
1112 1374 -1
973 1701 -1
144 739 -1
814 837 -1
445 1740 -1
465 895 -1
692 1086 -1
481 840 -1
401 1305 -1
164 1316 -1
1316 1503 -1
282 1182 -1
422 1556 -1
968 1273 -1
880 1273 -1
619 1623 -1
554 737 -1
655 1232 -1
357 1488 -1
602 805 -1
61 1702 -1
1190 1494 -1
125 284 -1
809 1766 -1
379 873 -1
31 1547 -1
567 810 -1
1004 1607 -1
1518 1607 -1
565 1200 -1
161 875 -1
202 987 -1
1024 1115 -1
904 995 -1
666 828 -1
1062 1511 -1
932 1425 -1
89 442 -1
348 1437 -1
64 908 -1
277 492 -1
234 1723 -1
446 1098 -1
686 1287 -1
104 630 -1
341 1335 -1
829 1066 -1
1058 1487 -1
1293 1574 -1
675 1088 -1
454 1186 -1
199 454 -1
307 1527 -1
1567 1610 -1
45 1685 -1
1573 1580 -1
1129 1278 -1
179 1670 -1
1334 1620 -1
