157 1195 1
363 1143 1
53 883 1
0 987 1
831 1247 1
1092 1300 1
52 1091 1
157 1248 1
1195 1248 1
624 728 1
208 312 1
157 623 1
623 1248 1
623 1195 1
987 1247 1
0 1247 1
831 987 1
260 1195 1
260 1248 1
157 260 1
260 623 1
571 1092 1
571 1300 1
624 1092 1
728 1092 1
571 624 1
624 1300 1
415 520 1
468 1352 1
262 469 1
521 833 1
418 885 1
730 782 1
1406 1509 1
210 729 1
1041 1146 1
159 1041 1
159 1146 1
469 574 1
262 574 1
3 1042 1
3 989 1
989 1042 1
158 1250 1
781 1042 1
3 781 1
781 989 1
210 886 1
729 886 1
261 1457 1
833 1250 1
521 1250 1
158 833 1
158 313 1
313 833 1
313 1250 1
834 1353 1
54 158 1
54 833 1
54 1250 1
54 313 1
368 1044 1
836 1096 1
109 680 1
1043 1511 1
732 1199 1
56 211 1
627 1043 1
627 1511 1
264 680 1
109 264 1
1356 1512 1
161 680 1
161 264 1
109 161 1
109 1303 1
680 1303 1
264 1303 1
161 1303 1
211 627 1
56 627 1
211 1043 1
211 1511 1
161 991 1
680 991 1
264 991 1
109 991 1
991 1303 1
835 1407 1
523 1148 1
213 1305 1
1045 1305 1
213 1045 1
163 578 1
681 1461 1
1410 1514 1
682 733 1
7 266 1
733 785 1
682 785 1
422 1254 1
889 1513 1
838 1461 1
681 838 1
58 526 1
941 1462 1
734 1513 1
734 889 1
733 1461 1
785 1461 1
682 1461 1
681 733 1
733 838 1
1357 1358 1
993 1305 1
213 993 1
993 1045 1
59 1046 1
526 785 1
58 785 1
526 682 1
526 733 1
526 1461 1
319 476 1
372 632 1
787 1359 1
267 1152 1
113 476 1
113 319 1
112 632 1
112 372 1
216 1256 1
215 943 1
1047 1359 1
787 1047 1
1099 1515 1
268 735 1
683 840 1
164 1307 1
736 944 1
164 891 1
891 1307 1
320 1099 1
320 1515 1
892 1204 1
267 632 1
632 1152 1
112 267 1
267 372 1
476 632 1
113 632 1
319 632 1
476 1152 1
267 476 1
112 476 1
372 476 1
478 1413 1
269 530 1
322 1101 1
893 1310 1
634 1414 1
62 426 1
477 1154 1
115 1050 1
217 1154 1
217 477 1
426 1153 1
62 1153 1
945 1362 1
166 789 1
217 218 1
218 1154 1
218 477 1
167 1258 1
218 1518 1
217 1518 1
1154 1518 1
477 1518 1
63 1102 1
10 1361 1
321 426 1
321 1153 1
62 321 1
322 1465 1
1101 1465 1
65 895 1
116 324 1
220 1468 1
116 999 1
324 999 1
843 844 1
1000 1311 1
895 947 1
65 947 1
12 1416 1
13 117 1
323 896 1
1312 1468 1
220 1312 1
635 1364 1
584 1416 1
12 584 1
376 1103 1
1207 1312 1
220 1207 1
1207 1468 1
219 791 1
116 635 1
324 635 1
635 999 1
116 1364 1
272 895 1
65 272 1
272 947 1
326 1366 1
170 1366 1
170 326 1
1210 1365 1
325 898 1
1158 1522 1
482 897 1
222 1469 1
950 1261 1
15 481 1
326 1418 1
170 1418 1
1366 1418 1
171 1002 1
170 1210 1
1210 1418 1
326 1210 1
1210 1366 1
170 1365 1
15 1469 1
481 1469 1
15 222 1
325 1313 1
898 1313 1
534 949 1
378 898 1
378 1313 1
325 378 1
118 1262 1
379 848 1
120 1056 1
380 1524 1
1159 1419 1
275 588 1
1159 1263 1
1263 1419 1
432 899 1
432 1523 1
899 1523 1
536 640 1
1212 1316 1
16 1419 1
16 1263 1
16 1159 1
535 900 1
1211 1315 1
327 1367 1
224 1212 1
224 1316 1
223 847 1
69 172 1
1523 1524 1
432 1524 1
899 1524 1
380 1523 1
69 639 1
172 639 1
639 1420 1
172 1420 1
69 1420 1
278 901 1
330 798 1
71 226 1
1266 1266 1
175 693 1
174 433 1
329 1162 1
694 1422 1
174 486 1
433 486 1
850 1214 1
19 329 1
19 1162 1
18 694 1
18 1422 1
589 642 1
433 641 1
486 641 1
174 641 1
1214 1317 1
850 1317 1
123 642 1
123 589 1
70 642 1
70 123 1
70 589 1
175 694 1
693 694 1
18 175 1
175 1422 1
904 1372 1
487 1215 1
799 1371 1
540 644 1
1423 1528 1
176 1267 1
383 435 1
540 1268 1
644 1268 1
1371 1476 1
799 1476 1
72 1008 1
125 1424 1
228 1528 1
228 1423 1
1371 1528 1
1476 1528 1
799 1528 1
228 1371 1
1371 1423 1
331 799 1
331 1528 1
331 1371 1
331 1476 1
956 1528 1
956 1476 1
331 956 1
956 1423 1
228 956 1
956 1371 1
799 956 1
22 1425 1
801 1009 1
1166 1426 1
593 1114 1
281 1530 1
126 697 1
437 1218 1
1010 1478 1
1165 1166 1
1165 1426 1
1374 1426 1
1165 1374 1
1166 1374 1
22 126 1
126 1425 1
22 697 1
127 542 1
750 1426 1
750 1374 1
750 1165 1
750 1166 1
386 1530 1
281 386 1
958 1165 1
750 958 1
958 1426 1
958 1374 1
958 1166 1
1061 1165 1
958 1061 1
750 1061 1
1061 1426 1
1061 1166 1
1061 1374 1
388 1479 1
1012 1219 1
1376 1479 1
388 1376 1
283 491 1
751 1012 1
751 1219 1
77 959 1
700 1376 1
388 700 1
700 1479 1
855 1479 1
855 1376 1
700 855 1
388 855 1
284 595 1
77 180 1
180 959 1
543 1063 1
129 129 1
76 960 1
76 855 1
855 960 1
76 1376 1
76 388 1
76 1479 1
76 700 1
440 803 1
699 1168 1
1482 1482 1
494 1482 1
545 806 1
1273 1274 1
1221 1481 1
1117 1482 1
494 1117 1
26 701 1
598 1117 1
598 1482 1
494 598 1
182 1274 1
182 1273 1
234 754 1
857 1222 1
182 909 1
909 1273 1
909 1274 1
442 754 1
234 442 1
130 493 1
857 1325 1
1222 1325 1
1065 1169 1
545 1274 1
806 1274 1
545 1273 1
545 909 1
182 545 1
599 1536 1
132 288 1
1016 1484 1
287 652 1
133 1119 1
132 1328 1
288 1328 1
704 1067 1
235 1068 1
1068 1171 1
235 1171 1
236 1068 1
235 236 1
236 1171 1
340 1380 1
392 1276 1
29 755 1
235 1276 1
236 1276 1
1171 1276 1
1068 1276 1
235 392 1
1276 1380 1
392 1380 1
236 1380 1
235 1380 1
1068 1380 1
1171 1380 1
340 1276 1
1174 1174 1
83 185 1
914 1173 1
1174 1485 1
31 1069 1
654 1070 1
82 135 1
1329 1434 1
393 498 1
394 1382 1
1121 1485 1
1121 1174 1
30 341 1
966 1382 1
394 966 1
83 1070 1
185 1070 1
83 654 1
82 913 1
135 913 1
341 966 1
30 966 1
341 394 1
341 1382 1
83 237 1
185 237 1
237 654 1
237 1070 1
1278 1382 1
394 1278 1
341 1278 1
966 1278 1
396 604 1
136 1175 1
1071 1540 1
344 708 1
84 1383 1
240 655 1
759 967 1
499 552 1
187 812 1
137 1227 1
500 500 1
500 1436 1
812 812 1
187 863 1
812 863 1
395 1071 1
395 1540 1
915 1124 1
84 707 1
707 1383 1
1331 1383 1
707 1331 1
84 1331 1
32 1332 1
33 344 1
33 708 1
447 500 1
447 1436 1
448 1488 1
918 1490 1
293 1177 1
87 1021 1
293 1542 1
1177 1542 1
398 761 1
138 657 1
86 553 1
1178 1178 1
866 1542 1
866 1177 1
293 866 1
761 970 1
398 970 1
86 1490 1
553 1490 1
86 918 1
345 1490 1
345 553 1
86 345 1
345 918 1
138 241 1
241 657 1
86 1022 1
553 1022 1
1022 1490 1
918 1022 1
345 1022 1
449 1437 1
140 607 1
400 1075 1
244 1024 1
1180 1388 1
867 972 1
141 972 1
141 867 1
712 1283 1
919 1231 1
555 1544 1
295 1076 1
88 815 1
971 1180 1
971 1388 1
36 399 1
244 608 1
608 1024 1
712 1075 1
1075 1283 1
400 712 1
504 764 1
140 555 1
555 607 1
140 1544 1
243 1283 1
243 712 1
243 1075 1
1232 1543 1
1335 1491 1
246 1545 1
297 766 1
90 1077 1
1077 1493 1
90 1493 1
1026 1442 1
818 1025 1
402 454 1
505 1441 1
1026 1129 1
1129 1442 1
142 1389 1
246 662 1
662 1545 1
453 1493 1
90 453 1
453 1077 1
142 1545 1
1389 1545 1
142 662 1
142 246 1
766 1026 1
297 1026 1
766 1129 1
766 1442 1
557 766 1
297 557 1
557 1026 1
557 1442 1
557 1129 1
196 456 1
1443 1547 1
144 871 1
404 1495 1
196 664 1
456 664 1
508 1548 1
1339 1444 1
924 1131 1
1288 1339 1
1288 1444 1
300 664 1
300 456 1
196 300 1
403 1495 1
403 404 1
247 923 1
195 1028 1
93 144 1
93 871 1
611 1339 1
611 1288 1
611 1444 1
145 767 1
507 716 1
93 560 1
144 560 1
560 871 1
299 819 1
614 770 1
613 1290 1
354 562 1
770 1289 1
614 1289 1
873 1082 1
510 1290 1
510 613 1
42 717 1
250 1185 1
147 1082 1
147 873 1
614 665 1
665 1289 1
665 770 1
1030 1549 1
302 1186 1
978 1185 1
250 978 1
197 1081 1
926 1133 1
874 1030 1
874 1549 1
198 1185 1
198 250 1
198 978 1
147 718 1
718 873 1
718 1082 1
460 1552 1
616 979 1
149 356 1
512 771 1
97 252 1
251 1083 1
97 564 1
252 564 1
615 1084 1
980 1084 1
615 980 1
44 720 1
511 667 1
149 1448 1
356 1448 1
252 771 1
97 771 1
564 771 1
252 512 1
668 1343 1
1239 1344 1
356 1240 1
1240 1448 1
149 1240 1
96 616 1
96 979 1
459 771 1
459 512 1
97 459 1
252 459 1
459 564 1
773 1294 1
930 1449 1
618 1189 1
98 618 1
98 1189 1
410 722 1
47 1033 1
358 1241 1
253 617 1
253 1345 1
617 1345 1
982 1397 1
1241 1242 1
358 1242 1
670 981 1
1034 1085 1
721 878 1
151 565 1
1242 1501 1
1241 1501 1
358 1501 1
46 462 1
773 1137 1
1137 1294 1
514 1137 1
514 773 1
514 1294 1
670 825 1
825 981 1
932 1348 1
828 1087 1
464 1504 1
827 1191 1
464 1140 1
1140 1504 1
359 880 1
516 567 1
463 1399 1
619 1243 1
153 359 1
153 880 1
1140 1191 1
464 1191 1
1191 1504 1
827 1140 1
723 724 1
879 984 1
672 1452 1
464 672 1
672 1504 1
672 1140 1
672 1191 1
464 1452 1
1296 1452 1
672 1296 1
464 1296 1
828 983 1
983 1087 1
778 1194 1
154 1141 1
674 1297 1
1401 1454 1
726 986 1
517 777 1
570 673 1
205 569 1
361 829 1
1245 1402 1
310 1506 1
777 985 1
517 985 1
830 1558 1
206 1141 1
154 206 1
414 1297 1
414 674 1
830 830 1
674 1298 1
1297 1298 1
414 1298 1
778 1245 1
1194 1245 1
778 1402 1
466 1401 1
466 1454 1
1089 1505 1
1246 1506 1
310 1246 1
137 299 -1
299 1227 -1
137 819 -1
444 801 -1
444 1009 -1
58 60 -1
60 785 -1
60 526 -1
1077 1273 -1
90 1273 -1
1273 1493 -1
453 1273 -1
545 1077 -1
1077 1274 -1
909 1077 -1
182 1077 -1
1042 1069 -1
3 1069 -1
989 1069 -1
781 1069 -1
31 1042 -1
731 1349 -1
147 342 -1
342 873 -1
342 1082 -1
342 718 -1
339 801 -1
339 1009 -1
1091 1111 -1
52 1111 -1
499 512 -1
512 552 -1
499 771 -1
252 499 -1
459 499 -1
1038 1302 -1
1418 1423 -1
170 1423 -1
1366 1423 -1
326 1423 -1
1210 1423 -1
1418 1528 -1
956 1418 -1
1371 1418 -1
228 1418 -1
492 749 -1
699 1325 -1
1168 1325 -1
699 857 -1
699 1222 -1
864 1443 -1
864 1547 -1
334 824 -1
174 956 -1
433 956 -1
486 956 -1
641 956 -1
174 228 -1
174 331 -1
174 1423 -1
174 1528 -1
174 1476 -1
174 1371 -1
174 799 -1
1121 1130 -1
1130 1485 -1
1130 1174 -1
15 676 -1
481 676 -1
676 1469 -1
222 676 -1
891 1514 -1
1307 1514 -1
164 1514 -1
891 1410 -1
154 731 -1
731 1141 -1
206 731 -1
1299 1319 -1
289 734 -1
289 1513 -1
289 889 -1
856 1449 -1
856 930 -1
1179 1518 -1
217 1179 -1
218 1179 -1
1154 1179 -1
477 1179 -1
783 881 -1
163 1354 -1
578 1354 -1
1512 1557 -1
1356 1557 -1
1455 1461 -1
838 1455 -1
681 1455 -1
682 1455 -1
526 1455 -1
785 1455 -1
733 1455 -1
1007 1370 -1
539 1195 -1
539 1248 -1
260 539 -1
157 539 -1
539 623 -1
979 1496 -1
616 1496 -1
96 1496 -1
1129 1329 -1
1026 1329 -1
1329 1442 -1
766 1329 -1
557 1329 -1
1129 1434 -1
887 934 -1
1225 1237 -1
938 978 -1
938 1185 -1
250 938 -1
198 938 -1
842 1179 -1
914 922 -1
922 1173 -1
781 786 -1
786 1042 -1
3 786 -1
786 989 -1
965 1394 -1
868 946 -1
240 1236 -1
655 1236 -1
422 446 -1
446 1254 -1
1149 1354 -1
97 715 -1
564 715 -1
715 771 -1
252 715 -1
459 715 -1
234 1062 -1
754 1062 -1
442 1062 -1
794 1455 -1
1318 1423 -1
1318 1528 -1
956 1318 -1
1318 1371 -1
228 1318 -1
37 269 -1
37 530 -1
1093 1202 -1
856 1426 -1
856 1061 -1
856 958 -1
856 1165 -1
750 856 -1
856 1166 -1
856 1374 -1
28 749 -1
738 1137 -1
514 738 -1
738 773 -1
738 1294 -1
562 570 -1
354 570 -1
562 673 -1
92 1066 -1
7 706 -1
266 706 -1
1039 1084 -1
980 1039 -1
615 1039 -1
868 1257 -1
158 1204 -1
833 1204 -1
1204 1250 -1
54 1204 -1
313 1204 -1
158 892 -1
780 862 -1
1195 1215 -1
1215 1248 -1
260 1215 -1
157 1215 -1
623 1215 -1
487 1195 -1
299 700 -1
700 819 -1
299 1376 -1
76 299 -1
299 855 -1
299 388 -1
299 1479 -1
1133 1233 -1
926 1233 -1
885 1516 -1
418 1516 -1
322 347 -1
347 1465 -1
347 1101 -1
1461 1464 -1
838 1464 -1
681 1464 -1
682 1464 -1
526 1464 -1
785 1464 -1
733 1464 -1
29 541 -1
541 755 -1
1168 1170 -1
699 1170 -1
994 1081 -1
197 994 -1
1013 1376 -1
76 1013 -1
700 1013 -1
855 1013 -1
388 1013 -1
1013 1479 -1
1039 1053 -1
1204 1226 -1
892 1226 -1
986 1512 -1
726 1512 -1
986 1356 -1
1461 1494 -1
838 1494 -1
681 1494 -1
682 1494 -1
526 1494 -1
785 1494 -1
733 1494 -1
282 599 -1
282 1536 -1
634 773 -1
773 1414 -1
634 1137 -1
514 634 -1
634 1294 -1
1203 1226 -1
29 1135 -1
755 1135 -1
1303 1506 -1
680 1506 -1
264 1506 -1
991 1506 -1
109 1506 -1
161 1506 -1
1246 1303 -1
310 1303 -1
1110 1267 -1
176 1110 -1
1026 1486 -1
1129 1486 -1
1442 1486 -1
557 1486 -1
766 1486 -1
297 1486 -1
248 979 -1
248 616 -1
96 248 -1
614 1201 -1
1201 1289 -1
770 1201 -1
665 1201 -1
841 1439 -1
573 579 -1
323 1233 -1
896 1233 -1
122 331 -1
122 1528 -1
122 956 -1
122 1371 -1
122 1476 -1
122 799 -1
162 186 -1
571 586 -1
586 624 -1
586 1300 -1
586 1092 -1
6 717 -1
6 42 -1
947 966 -1
272 966 -1
65 966 -1
895 966 -1
947 1278 -1
394 947 -1
30 947 -1
341 947 -1
947 1382 -1
62 764 -1
764 1153 -1
426 764 -1
321 764 -1
62 504 -1
894 909 -1
894 1273 -1
894 1274 -1
182 894 -1
545 894 -1
990 1497 -1
111 280 -1
1507 1528 -1
1476 1507 -1
331 1507 -1
1423 1507 -1
228 1507 -1
1371 1507 -1
956 1507 -1
799 1507 -1
831 1417 -1
987 1417 -1
1247 1417 -1
319 729 -1
632 729 -1
113 729 -1
476 729 -1
210 319 -1
319 886 -1
698 912 -1
1049 1086 -1
56 570 -1
570 627 -1
211 570 -1
56 673 -1
1196 1267 -1
176 1196 -1
372 757 -1
632 757 -1
112 757 -1
267 757 -1
476 757 -1
977 1509 -1
977 1406 -1
126 1135 -1
697 1135 -1
22 1135 -1
1135 1425 -1
989 1462 -1
1042 1462 -1
3 1462 -1
781 1462 -1
941 989 -1
590 1371 -1
228 590 -1
331 590 -1
590 1423 -1
590 1528 -1
590 1476 -1
590 956 -1
590 799 -1
175 177 -1
177 1422 -1
18 177 -1
177 693 -1
177 694 -1
543 1325 -1
1063 1325 -1
543 857 -1
543 1222 -1
593 599 -1
599 1114 -1
593 1536 -1
573 584 -1
573 1416 -1
12 573 -1
995 1341 -1
598 616 -1
616 1482 -1
616 1117 -1
494 616 -1
96 598 -1
598 979 -1
1097 1104 -1
185 454 -1
83 454 -1
237 454 -1
454 1070 -1
185 402 -1
51 661 -1
1003 1400 -1
470 473 -1
93 97 -1
97 144 -1
97 560 -1
97 871 -1
93 564 -1
93 771 -1
93 252 -1
93 459 -1
982 1101 -1
1101 1397 -1
982 1465 -1
322 982 -1
1199 1505 -1
732 1505 -1
1089 1199 -1
135 304 -1
304 913 -1
82 304 -1
163 1359 -1
578 1359 -1
163 787 -1
163 1047 -1
259 1291 -1
62 98 -1
98 1153 -1
98 426 -1
98 321 -1
62 618 -1
62 1189 -1
838 870 -1
681 870 -1
870 1461 -1
733 870 -1
1337 1364 -1
635 1337 -1
116 1337 -1
945 972 -1
972 1362 -1
867 945 -1
141 945 -1
1040 1082 -1
873 1040 -1
147 1040 -1
718 1040 -1
505 636 -1
636 1441 -1
1370 1433 -1
296 321 -1
296 1153 -1
296 426 -1
62 296 -1
162 197 -1
162 1081 -1
166 1283 -1
789 1283 -1
166 712 -1
166 1075 -1
166 243 -1
246 376 -1
376 1545 -1
142 376 -1
376 662 -1
246 1103 -1
994 1029 -1
168 562 -1
168 354 -1
705 714 -1
1414 1491 -1
634 1491 -1
1335 1414 -1
1067 1074 -1
704 1074 -1
1367 1500 -1
327 1500 -1
14 632 -1
14 1152 -1
14 267 -1
14 112 -1
14 113 -1
14 372 -1
14 476 -1
14 319 -1
111 457 -1
923 1383 -1
247 1383 -1
923 1331 -1
707 923 -1
84 923 -1
1409 1411 -1
1112 1338 -1
1100 1548 -1
508 1100 -1
603 1236 -1
345 824 -1
553 824 -1
824 1490 -1
824 918 -1
86 824 -1
824 1022 -1
287 875 -1
652 875 -1
1163 1422 -1
18 1163 -1
694 1163 -1
175 1163 -1
584 1268 -1
1268 1416 -1
12 1268 -1
584 644 -1
540 584 -1
995 1381 -1
700 1273 -1
1273 1376 -1
76 1273 -1
855 1273 -1
388 1273 -1
1273 1479 -1
545 700 -1
700 1274 -1
700 909 -1
182 700 -1
1071 1077 -1
395 1077 -1
1077 1540 -1
90 1071 -1
1071 1493 -1
453 1071 -1
117 341 -1
13 341 -1
117 1278 -1
117 394 -1
117 1382 -1
117 966 -1
30 117 -1
733 1204 -1
838 1204 -1
681 1204 -1
682 1204 -1
526 1204 -1
785 1204 -1
1204 1461 -1
733 892 -1
1145 1149 -1
1305 1549 -1
993 1549 -1
213 1549 -1
1045 1549 -1
874 1305 -1
1030 1305 -1
243 1085 -1
712 1085 -1
1075 1085 -1
1085 1283 -1
243 1034 -1
81 333 -1
328 359 -1
328 880 -1
153 328 -1
953 1371 -1
228 953 -1
331 953 -1
953 1423 -1
953 1528 -1
953 1476 -1
953 956 -1
799 953 -1
1114 1448 -1
593 1448 -1
1114 1240 -1
356 1114 -1
149 1114 -1
883 1157 -1
53 1157 -1
311 1483 -1
1412 1416 -1
584 1412 -1
12 1412 -1
81 646 -1
461 634 -1
461 1414 -1
288 489 -1
489 1328 -1
132 489 -1
782 788 -1
730 788 -1
1550 1557 -1
1097 1394 -1
1150 1186 -1
302 1150 -1
1043 1090 -1
627 1090 -1
211 1090 -1
1090 1511 -1
8 14 -1
367 414 -1
367 1297 -1
367 674 -1
367 1298 -1
13 758 -1
117 758 -1
594 595 -1
284 594 -1
234 311 -1
311 754 -1
311 442 -1
1109 1215 -1
487 1109 -1
22 234 -1
234 1425 -1
126 234 -1
234 697 -1
22 754 -1
22 442 -1
1098 1516 -1
1017 1406 -1
1017 1509 -1
531 549 -1
679 725 -1
1158 1247 -1
1247 1522 -1
0 1158 -1
987 1158 -1
831 1158 -1
34 1531 -1
1 1551 -1
634 744 -1
744 1414 -1
93 1082 -1
144 1082 -1
560 1082 -1
871 1082 -1
93 873 -1
93 147 -1
93 718 -1
124 175 -1
124 1422 -1
18 124 -1
124 693 -1
124 694 -1
336 646 -1
1416 1442 -1
584 1442 -1
12 1442 -1
1129 1416 -1
1026 1416 -1
557 1416 -1
766 1416 -1
176 927 -1
927 1267 -1
752 1325 -1
752 857 -1
752 1222 -1
989 1238 -1
1042 1238 -1
3 1238 -1
781 1238 -1
990 1461 -1
838 990 -1
681 990 -1
682 990 -1
526 990 -1
785 990 -1
733 990 -1
1441 1445 -1
505 1445 -1
1283 1293 -1
712 1293 -1
1075 1293 -1
243 1293 -1
64 965 -1
653 1552 -1
460 653 -1
1146 1463 -1
1041 1463 -1
159 1463 -1
629 677 -1
571 857 -1
624 857 -1
857 1300 -1
857 1092 -1
571 1325 -1
571 1222 -1
42 365 -1
365 717 -1
1409 1446 -1
562 733 -1
354 733 -1
562 838 -1
562 681 -1
562 682 -1
526 562 -1
562 785 -1
562 1461 -1
181 544 -1
473 480 -1
138 1420 -1
657 1420 -1
241 1420 -1
138 172 -1
69 138 -1
138 639 -1
1111 1195 -1
1111 1248 -1
260 1111 -1
157 1111 -1
623 1111 -1
799 1214 -1
1214 1528 -1
956 1214 -1
331 1214 -1
1214 1371 -1
1214 1476 -1
799 850 -1
799 1317 -1
439 442 -1
439 754 -1
234 439 -1
57 1453 -1
365 653 -1
1169 1369 -1
1065 1369 -1
446 457 -1
157 200 -1
200 1248 -1
200 1195 -1
200 260 -1
200 623 -1
1060 1078 -1
107 624 -1
107 728 -1
107 1300 -1
107 571 -1
107 1092 -1
589 1007 -1
642 1007 -1
123 1007 -1
70 1007 -1
603 1058 -1
280 415 -1
280 520 -1
852 1487 -1
502 1472 -1
477 556 -1
217 556 -1
556 1154 -1
218 556 -1
556 1518 -1
114 816 -1
973 1550 -1
1099 1353 -1
320 1353 -1
1353 1515 -1
834 1099 -1
82 111 -1
111 913 -1
111 135 -1
797 1008 -1
72 797 -1
629 1249 -1
230 236 -1
230 1276 -1
230 235 -1
230 1068 -1
230 1171 -1
230 1380 -1
1040 1054 -1
1277 1285 -1
574 1047 -1
469 1047 -1
262 1047 -1
574 787 -1
574 1359 -1
141 374 -1
374 867 -1
374 972 -1
217 1085 -1
218 1085 -1
1085 1154 -1
477 1085 -1
1085 1518 -1
217 1034 -1
635 974 -1
324 974 -1
116 974 -1
974 1364 -1
974 999 -1
797 800 -1
297 317 -1
317 1026 -1
317 557 -1
317 766 -1
1310 1315 -1
893 1315 -1
1211 1310 -1
