415 676 1
468 468 1
832 1092 1
468 1092 1
468 832 1
1144 1351 1
415 1404 1
676 1404 1
727 1456 1
519 676 1
519 1404 1
415 519 1
988 1508 1
779 1195 1
311 520 1
1144 1196 1
1196 1351 1
208 1456 1
208 727 1
363 1092 1
363 832 1
363 468 1
1040 1143 1
0 364 1
364 1507 1
0 1507 1
312 624 1
935 1196 1
935 1144 1
935 1351 1
730 989 1
886 1458 1
418 1041 1
106 313 1
781 1301 1
106 365 1
313 365 1
469 1405 1
573 834 1
2 1042 1
210 366 1
522 1509 1
418 626 1
626 1041 1
782 1406 1
730 990 1
989 990 1
55 1042 1
2 55 1
106 1301 1
313 1301 1
365 1301 1
106 781 1
574 989 1
574 730 1
574 990 1
677 990 1
677 730 1
677 989 1
574 677 1
472 524 1
1200 1251 1
576 680 1
4 1200 1
4 1251 1
108 1459 1
940 1148 1
211 368 1
1355 1408 1
161 1199 1
1096 1252 1
367 1251 1
367 1200 1
4 367 1
991 1407 1
1044 1511 1
783 1200 1
783 1251 1
4 783 1
367 783 1
940 1200 1
1148 1200 1
940 1251 1
4 940 1
783 940 1
367 940 1
628 1199 1
161 628 1
1251 1303 1
4 1303 1
940 1303 1
783 1303 1
1200 1303 1
367 1303 1
214 890 1
266 682 1
59 473 1
1254 1306 1
317 993 1
889 941 1
525 1514 1
6 474 1
1097 1410 1
525 1410 1
1410 1514 1
525 1097 1
1098 1462 1
577 1253 1
1150 1461 1
370 1305 1
890 1097 1
214 1097 1
890 1410 1
525 890 1
1357 1461 1
1150 1357 1
681 1462 1
681 1098 1
941 1461 1
889 1461 1
941 1357 1
941 1150 1
942 1409 1
684 684 1
61 839 1
631 1048 1
60 891 1
112 891 1
60 112 1
1099 1411 1
631 1308 1
1048 1308 1
787 1203 1
112 1463 1
891 1463 1
60 1463 1
632 996 1
372 424 1
319 1255 1
372 1411 1
424 1411 1
372 1099 1
995 1152 1
1152 1203 1
995 1203 1
787 1152 1
319 840 1
840 1255 1
423 580 1
683 1256 1
840 1359 1
1255 1359 1
319 1359 1
1362 1413 1
998 1362 1
998 1413 1
478 1466 1
166 373 1
425 1310 1
1049 1517 1
1206 1257 1
374 529 1
1102 1153 1
373 582 1
166 582 1
478 1050 1
1050 1466 1
270 945 1
685 841 1
425 946 1
946 1310 1
63 945 1
63 270 1
270 321 1
321 945 1
63 321 1
270 477 1
477 945 1
321 477 1
63 477 1
167 894 1
946 1206 1
425 1206 1
1206 1310 1
946 1257 1
271 1312 1
117 428 1
219 688 1
791 1104 1
65 168 1
376 1416 1
532 739 1
13 1467 1
116 740 1
428 1467 1
117 1467 1
13 428 1
636 1364 1
219 687 1
687 688 1
324 532 1
324 739 1
428 792 1
792 1467 1
117 792 1
13 792 1
323 1052 1
64 844 1
427 1260 1
583 1000 1
117 1519 1
792 1519 1
1467 1519 1
428 1519 1
325 741 1
119 897 1
273 742 1
170 1521 1
274 637 1
1002 1313 1
793 1158 1
1001 1365 1
67 221 1
793 1262 1
1158 1262 1
1210 1469 1
1105 1417 1
1053 1365 1
1001 1053 1
326 1002 1
326 1313 1
637 1314 1
274 1314 1
170 221 1
221 1521 1
67 170 1
170 1366 1
1366 1521 1
67 1366 1
221 1366 1
377 1158 1
377 793 1
377 1262 1
121 1056 1
536 1472 1
327 952 1
379 1367 1
224 691 1
484 1263 1
744 1108 1
1160 1211 1
431 1419 1
121 536 1
536 1056 1
121 1472 1
224 536 1
536 691 1
224 1472 1
121 224 1
224 1056 1
1367 1368 1
379 1368 1
795 847 1
588 900 1
900 1212 1
588 1212 1
16 848 1
379 848 1
848 1368 1
848 1367 1
16 379 1
743 1160 1
743 1211 1
225 225 1
434 1421 1
329 1058 1
225 745 1
226 1057 1
329 1266 1
1058 1266 1
226 1058 1
1057 1058 1
226 329 1
226 1266 1
226 1109 1
1057 1109 1
1058 1109 1
1109 1266 1
329 1109 1
693 901 1
71 537 1
538 1318 1
589 902 1
589 1265 1
902 1265 1
589 1318 1
1265 1318 1
902 1318 1
538 589 1
693 954 1
901 954 1
1005 1109 1
1005 1057 1
226 1005 1
1005 1058 1
329 1005 1
1005 1266 1
488 800 1
695 800 1
488 695 1
1423 1475 1
124 1423 1
124 1475 1
280 799 1
124 280 1
280 1475 1
280 1423 1
124 799 1
592 800 1
488 592 1
592 695 1
487 852 1
383 384 1
1007 1267 1
748 1215 1
383 747 1
384 747 1
1267 1424 1
1007 1424 1
331 852 1
331 487 1
487 539 1
331 539 1
539 852 1
435 1319 1
72 1424 1
72 1267 1
72 1007 1
126 334 1
489 698 1
645 1374 1
385 1322 1
541 698 1
489 541 1
646 1114 1
229 1165 1
906 1113 1
698 1218 1
489 1218 1
541 1218 1
802 1113 1
802 906 1
178 1322 1
178 385 1
541 801 1
489 801 1
698 801 1
801 1218 1
23 438 1
229 385 1
385 1165 1
229 1322 1
178 229 1
178 230 1
230 385 1
230 1322 1
229 230 1
129 387 1
440 1376 1
596 1531 1
543 1323 1
1272 1324 1
25 1479 1
960 1480 1
543 1063 1
1063 1323 1
440 855 1
855 1376 1
492 647 1
491 1219 1
1167 1376 1
440 1167 1
855 1167 1
491 804 1
804 1219 1
752 907 1
647 1479 1
492 1479 1
25 647 1
855 855 1
76 439 1
180 1168 1
180 1427 1
1168 1427 1
595 647 1
25 595 1
492 595 1
595 1479 1
389 910 1
286 961 1
233 649 1
1118 1429 1
598 1326 1
130 650 1
494 858 1
754 1170 1
1170 1482 1
754 1482 1
181 1065 1
546 1481 1
78 1117 1
1118 1534 1
1429 1534 1
285 1482 1
285 1170 1
285 754 1
131 1065 1
131 181 1
1117 1533 1
78 1533 1
26 390 1
389 1221 1
910 1221 1
858 962 1
494 962 1
286 806 1
806 961 1
133 1223 1
496 548 1
496 1431 1
548 1431 1
755 1328 1
547 859 1
81 1275 1
703 1224 1
496 912 1
548 912 1
912 1431 1
28 80 1
81 133 1
133 1275 1
81 1223 1
548 1067 1
496 1067 1
912 1067 1
1067 1431 1
288 1432 1
28 912 1
80 912 1
28 548 1
28 1067 1
28 496 1
28 1431 1
755 1068 1
1068 1328 1
444 651 1
1069 1070 1
289 1017 1
550 1434 1
862 1225 1
965 1173 1
1018 1122 1
965 1434 1
1173 1434 1
550 965 1
445 1329 1
290 1174 1
342 549 1
342 497 1
497 549 1
83 1225 1
83 862 1
185 862 1
185 1225 1
83 185 1
83 758 1
758 1225 1
758 862 1
185 758 1
30 1330 1
238 1226 1
1121 1434 1
965 1121 1
550 1121 1
1121 1173 1
499 1124 1
240 864 1
344 395 1
604 604 1
84 137 1
447 1488 1
240 1332 1
864 1332 1
188 864 1
188 240 1
188 1332 1
655 915 1
188 552 1
552 864 1
240 552 1
552 1332 1
499 1280 1
1124 1280 1
344 447 1
395 447 1
344 1488 1
1019 1124 1
1019 1280 1
499 1019 1
968 1540 1
1176 1227 1
707 1124 1
707 1280 1
499 707 1
707 1019 1
553 1125 1
345 1022 1
1333 1385 1
969 1022 1
345 969 1
553 1229 1
1125 1229 1
87 970 1
553 813 1
813 1125 1
813 1229 1
189 501 1
398 970 1
87 398 1
346 1334 1
917 1282 1
139 1178 1
449 1489 1
189 969 1
501 969 1
189 345 1
189 1022 1
813 1281 1
553 1281 1
1125 1281 1
1229 1281 1
139 710 1
710 1178 1
139 398 1
398 1178 1
398 710 1
139 970 1
87 139 1
400 452 1
89 1387 1
36 815 1
452 1439 1
400 1439 1
919 1335 1
141 348 1
815 971 1
36 971 1
243 660 1
399 1388 1
920 1388 1
399 920 1
660 868 1
243 868 1
243 1180 1
868 1180 1
660 1180 1
296 1439 1
296 400 1
296 452 1
141 659 1
348 659 1
659 919 1
348 919 1
141 919 1
659 1335 1
89 867 1
867 1387 1
817 1182 1
609 869 1
193 1441 1
401 1493 1
558 1025 1
765 1389 1
870 1546 1
713 1233 1
401 1025 1
1025 1493 1
401 558 1
193 245 1
245 1441 1
1025 1337 1
401 1337 1
1337 1493 1
558 1337 1
662 974 1
610 713 1
610 1233 1
401 1546 1
1025 1546 1
1493 1546 1
558 1546 1
1337 1546 1
401 870 1
817 1025 1
1025 1182 1
817 1546 1
558 817 1
401 817 1
817 1493 1
817 1337 1
508 768 1
144 1548 1
819 976 1
1079 1079 1
404 1548 1
144 404 1
300 1288 1
145 976 1
145 819 1
41 976 1
41 145 1
41 819 1
716 871 1
300 924 1
924 1288 1
1080 1235 1
195 248 1
663 820 1
976 1339 1
145 1339 1
819 1339 1
41 1339 1
300 560 1
560 1288 1
560 924 1
664 1391 1
820 1132 1
663 1132 1
299 507 1
147 1237 1
302 1185 1
510 873 1
1289 1394 1
665 666 1
1185 1446 1
302 1446 1
197 249 1
925 1238 1
94 458 1
301 925 1
301 1238 1
250 353 1
1185 1238 1
1238 1446 1
302 1238 1
925 1185 1
301 1185 1
1081 1289 1
1081 1394 1
977 1393 1
146 1549 1
614 1342 1
249 1341 1
197 1341 1
42 1393 1
42 977 1
94 1342 1
458 1342 1
94 614 1
252 719 1
460 564 1
719 1084 1
252 1084 1
148 355 1
251 1188 1
1395 1499 1
1448 1551 1
979 1135 1
408 563 1
667 979 1
667 1135 1
772 876 1
97 1344 1
460 1031 1
564 1031 1
355 1239 1
148 1239 1
823 824 1
928 1343 1
667 1136 1
979 1136 1
1135 1136 1
252 459 1
459 1084 1
459 719 1
876 1552 1
772 1552 1
148 1032 1
355 1032 1
1032 1239 1
358 513 1
1033 1085 1
877 1293 1
46 201 1
982 1346 1
1085 1554 1
1033 1554 1
1190 1346 1
982 1190 1
98 826 1
669 774 1
514 1138 1
410 566 1
878 930 1
721 1033 1
721 1554 1
721 1085 1
1189 1189 1
99 1033 1
99 721 1
99 1554 1
99 1085 1
565 669 1
565 774 1
202 357 1
47 1397 1
98 202 1
202 826 1
98 357 1
567 1244 1
463 1140 1
152 204 1
100 1451 1
620 1348 1
100 1191 1
1191 1451 1
204 567 1
152 567 1
204 1244 1
255 1295 1
152 723 1
204 723 1
567 723 1
671 1036 1
464 1244 1
204 464 1
464 567 1
568 1452 1
1087 1452 1
568 1087 1
515 1243 1
1191 1503 1
1451 1503 1
100 1503 1
1244 1347 1
464 1347 1
204 1347 1
567 1347 1
205 778 1
310 1297 1
622 1193 1
309 310 1
309 1297 1
934 1401 1
1142 1558 1
154 1089 1
310 621 1
621 1297 1
309 621 1
570 986 1
414 1090 1
985 1038 1
465 1402 1
466 1506 1
154 1245 1
1089 1245 1
622 1349 1
1193 1349 1
1089 1298 1
154 1298 1
1245 1298 1
258 985 1
258 1038 1
830 882 1
206 1453 1
569 1454 1
882 1505 1
830 1505 1
589 591 -1
591 1265 -1
538 591 -1
591 1318 -1
591 902 -1
6 297 -1
297 474 -1
764 773 -1
209 342 -1
209 497 -1
209 549 -1
1486 1497 -1
1154 1450 -1
1493 1497 -1
401 1497 -1
1497 1546 -1
817 1497 -1
1337 1497 -1
1025 1497 -1
217 243 -1
217 868 -1
217 1180 -1
217 660 -1
529 555 -1
374 555 -1
34 1315 -1
953 1007 -1
953 1424 -1
72 953 -1
953 1267 -1
562 569 -1
562 1454 -1
11 201 -1
11 46 -1
1413 1492 -1
1362 1492 -1
998 1492 -1
350 739 -1
324 350 -1
350 532 -1
832 1461 -1
468 1461 -1
363 1461 -1
1092 1461 -1
832 889 -1
832 1357 -1
832 1150 -1
832 941 -1
762 1420 -1
111 415 -1
111 1404 -1
111 676 -1
111 519 -1
906 911 -1
911 1113 -1
802 911 -1
71 73 -1
73 537 -1
57 361 -1
1337 1350 -1
1025 1350 -1
401 1350 -1
1350 1546 -1
558 1350 -1
817 1350 -1
1350 1493 -1
572 982 -1
572 1346 -1
572 1190 -1
193 739 -1
739 1441 -1
245 739 -1
193 324 -1
193 532 -1
654 665 -1
654 666 -1
1204 1238 -1
1185 1204 -1
302 1204 -1
925 1204 -1
1204 1446 -1
301 1204 -1
841 1554 -1
685 1554 -1
841 1033 -1
99 841 -1
841 1085 -1
721 841 -1
127 911 -1
785 788 -1
371 757 -1
1461 1464 -1
889 1464 -1
1357 1464 -1
1150 1464 -1
941 1464 -1
1007 1370 -1
1370 1424 -1
72 1370 -1
1267 1370 -1
1226 1285 -1
238 1285 -1
925 1350 -1
1185 1350 -1
301 1350 -1
1238 1350 -1
816 998 -1
816 1362 -1
816 1413 -1
834 873 -1
573 873 -1
510 834 -1
1093 1100 -1
1101 1477 -1
1102 1116 -1
1116 1153 -1
422 446 -1
1100 1548 -1
144 1100 -1
404 1100 -1
1225 1337 -1
185 1337 -1
83 1337 -1
758 1337 -1
862 1337 -1
1025 1225 -1
401 1225 -1
1225 1546 -1
558 1225 -1
817 1225 -1
1225 1493 -1
496 541 -1
541 912 -1
28 541 -1
541 1067 -1
541 548 -1
541 1431 -1
489 496 -1
496 698 -1
496 1218 -1
496 801 -1
988 1185 -1
1185 1508 -1
988 1238 -1
301 988 -1
988 1446 -1
302 988 -1
925 988 -1
1109 1215 -1
1057 1215 -1
226 1215 -1
1058 1215 -1
329 1215 -1
1005 1215 -1
1215 1266 -1
748 1109 -1
116 142 -1
142 740 -1
243 321 -1
321 868 -1
321 1180 -1
321 660 -1
243 945 -1
243 477 -1
243 270 -1
63 243 -1
1143 1168 -1
1040 1168 -1
1143 1427 -1
180 1143 -1
632 677 -1
677 996 -1
632 730 -1
574 632 -1
632 989 -1
632 990 -1
323 1233 -1
1052 1233 -1
323 713 -1
323 610 -1
810 838 -1
1048 1081 -1
1081 1308 -1
631 1081 -1
1048 1289 -1
1048 1394 -1
135 142 -1
33 532 -1
33 739 -1
33 324 -1
284 442 -1
1173 1301 -1
1121 1301 -1
1301 1434 -1
965 1301 -1
313 1173 -1
106 1173 -1
781 1173 -1
365 1173 -1
102 315 -1
115 140 -1
1094 1342 -1
458 1094 -1
94 1094 -1
614 1094 -1
1026 1486 -1
72 199 -1
199 1424 -1
199 1267 -1
199 1007 -1
1409 1508 -1
942 1508 -1
988 1409 -1
1326 1531 -1
598 1531 -1
596 1326 -1
1507 1522 -1
0 1522 -1
364 1522 -1
248 1066 -1
195 1066 -1
654 766 -1
858 1456 -1
962 1456 -1
494 1456 -1
208 858 -1
727 858 -1
1351 1411 -1
1144 1411 -1
1196 1411 -1
935 1411 -1
424 1351 -1
1099 1351 -1
372 1351 -1
1158 1446 -1
793 1446 -1
1262 1446 -1
377 1446 -1
1158 1185 -1
1158 1238 -1
302 1158 -1
492 535 -1
535 595 -1
535 1479 -1
535 647 -1
732 829 -1
172 425 -1
172 946 -1
172 1206 -1
172 1310 -1
1552 1556 -1
772 1556 -1
876 1556 -1
1023 1033 -1
721 1023 -1
1023 1554 -1
99 1023 -1
1023 1085 -1
1406 1446 -1
782 1446 -1
1185 1406 -1
1238 1406 -1
302 1406 -1
942 948 -1
948 1409 -1
38 50 -1
994 1017 -1
289 994 -1
1242 1362 -1
1242 1413 -1
998 1242 -1
113 365 -1
113 313 -1
106 113 -1
113 1301 -1
1476 1494 -1
3 112 -1
3 891 -1
3 60 -1
3 1463 -1
24 1325 -1
581 1085 -1
581 1033 -1
581 1554 -1
99 581 -1
581 721 -1
132 1447 -1
978 1513 -1
81 1010 -1
1010 1275 -1
133 1010 -1
1010 1223 -1
884 913 -1
1149 1186 -1
65 1252 -1
168 1252 -1
65 1096 -1
12 401 -1
12 1025 -1
12 870 -1
12 1546 -1
12 558 -1
12 817 -1
12 1493 -1
12 1337 -1
782 873 -1
873 1406 -1
510 782 -1
831 856 -1
110 342 -1
110 497 -1
110 549 -1
521 787 -1
521 1152 -1
521 1203 -1
1248 1273 -1
1012 1374 -1
645 1012 -1
301 362 -1
362 1185 -1
362 925 -1
362 1238 -1
1318 1332 -1
1265 1332 -1
538 1332 -1
589 1332 -1
902 1332 -1
240 1318 -1
864 1318 -1
188 1318 -1
552 1318 -1
1199 1506 -1
161 1506 -1
628 1506 -1
466 1199 -1
419 465 -1
419 1402 -1
557 636 -1
557 1364 -1
989 1186 -1
730 1186 -1
574 1186 -1
990 1186 -1
677 1186 -1
339 802 -1
339 1113 -1
339 906 -1
584 817 -1
584 1025 -1
584 1546 -1
558 584 -1
401 584 -1
584 1493 -1
584 1337 -1
584 1182 -1
1423 1442 -1
280 1442 -1
1442 1475 -1
124 1442 -1
104 337 -1
1453 1460 -1
206 1460 -1
96 145 -1
96 976 -1
41 96 -1
96 819 -1
96 1339 -1
97 663 -1
663 1344 -1
97 1132 -1
97 820 -1
462 743 -1
462 1160 -1
462 1211 -1
982 1378 -1
1346 1378 -1
1190 1378 -1
127 648 -1
428 454 -1
454 792 -1
454 1519 -1
454 1467 -1
117 454 -1
13 454 -1
1133 1233 -1
713 1133 -1
610 1133 -1
832 1405 -1
468 1405 -1
363 1405 -1
1092 1405 -1
469 832 -1
804 1113 -1
491 1113 -1
1113 1219 -1
804 906 -1
802 804 -1
809 1234 -1
1051 1057 -1
226 1051 -1
1005 1051 -1
1051 1058 -1
1051 1109 -1
1099 1538 -1
1411 1538 -1
372 1538 -1
1098 1337 -1
681 1337 -1
1337 1462 -1
1025 1098 -1
401 1098 -1
1098 1546 -1
558 1098 -1
817 1098 -1
1098 1493 -1
1168 1411 -1
1411 1427 -1
180 1411 -1
424 1168 -1
1099 1168 -1
372 1168 -1
187 195 -1
187 248 -1
162 193 -1
162 1441 -1
162 245 -1
427 453 -1
453 1260 -1
263 413 -1
1463 1485 -1
112 1485 -1
891 1485 -1
60 1485 -1
946 982 -1
425 982 -1
982 1206 -1
982 1310 -1
982 1257 -1
946 1346 -1
946 1190 -1
519 754 -1
754 1404 -1
676 754 -1
415 754 -1
519 1170 -1
519 1482 -1
285 519 -1
136 701 -1
325 1291 -1
741 1291 -1
884 885 -1
574 1464 -1
730 1464 -1
989 1464 -1
990 1464 -1
677 1464 -1
1458 1464 -1
886 1464 -1
849 1163 -1
965 1286 -1
1121 1286 -1
1286 1434 -1
1173 1286 -1
550 1286 -1
238 350 -1
350 1226 -1
1047 1069 -1
1047 1070 -1
843 861 -1
51 665 -1
51 666 -1
786 817 -1
786 1025 -1
786 1546 -1
558 786 -1
401 786 -1
786 1493 -1
786 1337 -1
786 1182 -1
527 678 -1
542 1115 -1
916 923 -1
1143 1167 -1
1040 1167 -1
1143 1376 -1
440 1143 -1
855 1143 -1
1157 1301 -1
313 1157 -1
106 1157 -1
781 1157 -1
365 1157 -1
885 897 -1
119 885 -1
1004 1484 -1
462 738 -1
269 1232 -1
523 532 -1
523 739 -1
324 523 -1
181 1375 -1
1065 1375 -1
131 1375 -1
1199 1245 -1
161 1245 -1
628 1245 -1
1089 1199 -1
154 1199 -1
1199 1298 -1
1324 1500 -1
1272 1500 -1
714 739 -1
324 714 -1
532 714 -1
219 238 -1
238 688 -1
238 687 -1
219 1226 -1
582 1231 -1
373 1231 -1
166 1231 -1
65 83 -1
83 168 -1
65 1225 -1
65 758 -1
65 862 -1
65 185 -1
133 802 -1
81 802 -1
802 1275 -1
802 1223 -1
133 1113 -1
133 906 -1
470 474 -1
6 470 -1
27 1320 -1
1190 1414 -1
1346 1414 -1
982 1414 -1
426 773 -1
37 530 -1
271 661 -1
661 1312 -1
497 714 -1
549 714 -1
342 714 -1
1020 1236 -1
1274 1369 -1
923 1383 -1
61 365 -1
365 839 -1
61 313 -1
61 106 -1
61 1301 -1
882 1459 -1
1459 1505 -1
830 1459 -1
108 882 -1
2 372 -1
372 1042 -1
55 372 -1
2 424 -1
2 1099 -1
2 1411 -1
163 417 -1
321 1065 -1
945 1065 -1
477 1065 -1
270 1065 -1
63 1065 -1
131 321 -1
181 321 -1
1462 1463 -1
681 1463 -1
1098 1463 -1
112 1462 -1
891 1462 -1
60 1462 -1
863 975 -1
13 290 -1
290 792 -1
290 1467 -1
290 428 -1
13 1174 -1
994 1446 -1
994 1185 -1
994 1238 -1
302 994 -1
58 60 -1
58 112 -1
58 891 -1
58 1463 -1
389 699 -1
699 1221 -1
699 910 -1
54 630 -1
1104 1134 -1
791 1134 -1
825 1102 -1
825 1153 -1
751 905 -1
1440 1450 -1
676 696 -1
519 696 -1
696 1404 -1
415 696 -1
115 712 -1
627 725 -1
834 874 -1
573 874 -1
122 584 -1
496 542 -1
542 912 -1
28 542 -1
542 1067 -1
542 548 -1
542 1431 -1
1306 1307 -1
1254 1307 -1
1046 1054 -1
809 817 -1
809 1025 -1
809 1546 -1
558 809 -1
401 809 -1
809 1493 -1
809 1337 -1
809 1182 -1
573 577 -1
577 834 -1
573 1253 -1
966 986 -1
570 966 -1
1019 1236 -1
1236 1280 -1
499 1236 -1
1124 1236 -1
707 1236 -1
837 1338 -1
789 1023 -1
531 746 -1
1025 1103 -1
817 1103 -1
1103 1546 -1
558 1103 -1
401 1103 -1
1103 1493 -1
1103 1337 -1
1103 1182 -1
123 1332 -1
123 240 -1
123 864 -1
123 188 -1
123 552 -1
210 250 -1
250 366 -1
210 353 -1
207 1372 -1
83 193 -1
193 1225 -1
193 758 -1
193 862 -1
185 193 -1
83 1441 -1
83 245 -1
1110 1267 -1
1110 1424 -1
72 1110 -1
1007 1110 -1
965 1133 -1
1121 1133 -1
1133 1434 -1
1133 1173 -1
550 1133 -1
31 1552 -1
31 772 -1
31 876 -1
1042 1069 -1
2 1069 -1
55 1069 -1
1042 1070 -1
1318 1527 -1
1265 1527 -1
538 1527 -1
589 1527 -1
902 1527 -1
208 227 -1
227 1456 -1
227 727 -1
55 95 -1
95 1042 -1
2 95 -1
889 1312 -1
941 1312 -1
1312 1461 -1
271 889 -1
89 685 -1
685 867 -1
685 1387 -1
89 841 -1
311 1083 -1
520 1083 -1
244 581 -1
852 862 -1
539 862 -1
331 862 -1
487 862 -1
852 1225 -1
83 852 -1
758 852 -1
185 852 -1
1485 1498 -1
625 733 -1
1458 1486 -1
886 1486 -1
1052 1060 -1
323 1060 -1
0 696 -1
696 1507 -1
364 696 -1
510 733 -1
733 873 -1
374 410 -1
410 529 -1
374 566 -1
657 1480 -1
657 960 -1
417 527 -1
198 625 -1
103 472 -1
103 524 -1
1000 1462 -1
583 1462 -1
681 1000 -1
1000 1098 -1
818 1208 -1
1407 1453 -1
991 1453 -1
206 1407 -1
165 469 -1
165 1405 -1
1155 1462 -1
681 1155 -1
1098 1155 -1
893 1179 -1
1228 1236 -1
174 1320 -1
883 1105 -1
883 1417 -1
1338 1350 -1
1116 1430 -1
437 875 -1
169 194 -1
227 312 -1
227 624 -1
1094 1238 -1
1094 1185 -1
302 1094 -1
925 1094 -1
1094 1446 -1
301 1094 -1
501 1159 -1
969 1159 -1
189 1159 -1
1094 1341 -1
249 1094 -1
197 1094 -1
852 869 -1
539 869 -1
331 869 -1
487 869 -1
609 852 -1
593 1219 -1
491 593 -1
593 804 -1
186 739 -1
186 324 -1
186 532 -1
1102 1479 -1
1153 1479 -1
25 1102 -1
595 1102 -1
492 1102 -1
647 1102 -1
