0 1351 1
416 831 1
156 207 1
571 832 1
105 364 1
207 1143 1
156 1143 1
1299 1300 1
727 1403 1
832 1403 1
571 1403 1
727 832 1
104 676 1
52 520 1
415 832 1
415 1403 1
415 571 1
415 727 1
572 883 1
312 1196 1
883 1403 1
572 1403 1
832 883 1
727 883 1
571 883 1
415 883 1
935 1092 1
988 1144 1
0 1195 1
1195 1351 1
158 1302 1
158 522 1
522 1302 1
1250 1457 1
834 1146 1
729 1146 1
729 834 1
833 937 1
522 937 1
937 1302 1
158 937 1
522 833 1
209 990 1
107 1510 1
833 1249 1
937 1249 1
522 1249 1
158 990 1
937 990 1
522 990 1
990 1302 1
158 209 1
106 989 1
55 1509 1
158 730 1
730 937 1
522 730 1
209 730 1
730 1302 1
730 990 1
316 731 1
472 1511 1
316 1408 1
731 1408 1
472 1408 1
1408 1511 1
472 731 1
316 472 1
5 264 1
161 1459 1
5 1460 1
264 1460 1
57 628 1
4 1304 1
160 315 1
263 472 1
263 1408 1
263 731 1
263 316 1
263 1511 1
161 575 1
575 1459 1
109 1512 1
1148 1304 1
4 1148 1
263 1355 1
1355 1408 1
1355 1511 1
472 1355 1
731 1355 1
316 1355 1
577 629 1
163 993 1
162 681 1
1098 1358 1
111 994 1
890 1358 1
890 1098 1
473 1462 1
837 1149 1
577 578 1
578 629 1
473 993 1
993 1462 1
163 473 1
1046 1461 1
163 1150 1
993 1150 1
473 1150 1
265 1045 1
734 838 1
162 266 1
266 681 1
6 526 1
993 1461 1
473 1461 1
163 1461 1
1150 1461 1
1461 1462 1
993 1046 1
580 996 1
165 1100 1
267 787 1
8 1412 1
1047 1256 1
579 1099 1
580 632 1
632 996 1
424 1048 1
840 1515 1
61 1151 1
580 1100 1
632 1100 1
996 1100 1
165 580 1
372 1255 1
112 476 1
1203 1516 1
995 1204 1
631 1412 1
8 631 1
268 1411 1
113 372 1
113 1255 1
788 839 1
113 631 1
372 631 1
631 1255 1
8 113 1
113 1412 1
790 998 1
841 893 1
10 62 1
269 1362 1
582 582 1
425 738 1
530 893 1
530 841 1
63 1258 1
166 1050 1
581 894 1
10 686 1
62 686 1
374 1413 1
1101 1258 1
63 1101 1
893 1101 1
841 1101 1
530 1101 1
893 1258 1
63 893 1
114 217 1
582 1153 1
789 790 1
789 998 1
1049 1361 1
737 842 1
529 1310 1
945 1414 1
895 1311 1
428 1000 1
1103 1260 1
739 947 1
635 1416 1
169 428 1
169 1000 1
64 947 1
64 739 1
427 1104 1
271 479 1
636 895 1
636 1311 1
13 636 1
13 1311 1
13 895 1
168 1467 1
116 948 1
271 583 1
479 583 1
272 1155 1
531 1156 1
531 687 1
687 1156 1
428 739 1
739 1000 1
169 739 1
64 428 1
428 947 1
326 1313 1
585 1105 1
481 794 1
638 794 1
481 638 1
742 1053 1
171 534 1
585 638 1
638 1105 1
481 585 1
585 794 1
585 1106 1
1105 1106 1
794 1106 1
638 1106 1
481 1106 1
170 846 1
690 1002 1
274 1054 1
118 1209 1
118 533 1
533 1209 1
482 950 1
638 1418 1
481 1418 1
585 1418 1
1105 1418 1
1106 1418 1
794 1418 1
587 1211 1
1211 1420 1
587 1420 1
17 275 1
327 1523 1
1211 1523 1
587 1523 1
1420 1523 1
327 1211 1
639 1264 1
121 173 1
588 1212 1
69 847 1
173 640 1
121 640 1
431 1471 1
640 1367 1
121 1367 1
173 1367 1
379 1159 1
692 692 1
1263 1471 1
431 1263 1
276 431 1
276 1263 1
276 1471 1
432 1264 1
432 639 1
17 431 1
275 431 1
17 1263 1
17 276 1
17 1471 1
226 1109 1
174 1526 1
433 849 1
798 1473 1
537 1057 1
381 1265 1
1058 1370 1
1058 1422 1
1370 1422 1
174 434 1
434 1526 1
590 1161 1
849 1370 1
433 1370 1
849 1058 1
849 1422 1
382 1006 1
278 1110 1
901 1318 1
745 1057 1
537 745 1
18 329 1
278 278 1
798 1161 1
1161 1473 1
590 798 1
641 1214 1
123 226 1
123 1109 1
488 955 1
592 644 1
332 643 1
332 1216 1
643 1216 1
125 747 1
125 1268 1
747 1268 1
72 1164 1
644 955 1
592 955 1
488 644 1
436 1320 1
1164 1476 1
72 1476 1
176 436 1
176 1320 1
851 1372 1
487 852 1
384 1215 1
591 747 1
591 1268 1
125 591 1
124 332 1
124 1216 1
124 643 1
73 1371 1
435 1424 1
125 696 1
696 747 1
696 1268 1
591 696 1
281 1166 1
74 854 1
385 541 1
178 645 1
542 749 1
281 1009 1
1009 1166 1
750 854 1
74 750 1
698 1373 1
22 229 1
23 854 1
23 74 1
23 750 1
542 1269 1
749 1269 1
906 1166 1
281 906 1
906 1009 1
749 958 1
958 1269 1
542 958 1
1529 1529 1
22 1477 1
229 1477 1
1269 1530 1
749 1530 1
542 1530 1
958 1530 1
440 1012 1
284 1220 1
1063 1168 1
908 1220 1
284 908 1
283 804 1
751 856 1
595 700 1
804 1012 1
283 1012 1
440 804 1
491 544 1
1219 1427 1
803 1116 1
440 492 1
492 804 1
492 1012 1
25 647 1
959 1064 1
803 803 1
1428 1480 1
25 1063 1
647 1063 1
25 1168 1
959 1323 1
1064 1323 1
1011 1271 1
128 699 1
543 1011 1
543 1271 1
27 234 1
78 598 1
285 545 1
702 1222 1
493 1533 1
545 1065 1
285 1065 1
286 545 1
286 1065 1
285 286 1
1274 1430 1
598 1378 1
78 1378 1
805 1326 1
909 1117 1
130 1066 1
233 1221 1
649 1378 1
78 649 1
598 649 1
1222 1274 1
702 1274 1
1222 1430 1
78 234 1
234 649 1
234 1378 1
234 598 1
27 78 1
597 1430 1
597 1274 1
597 1222 1
755 1327 1
964 1484 1
755 1432 1
1327 1432 1
444 495 1
340 1120 1
443 548 1
339 1432 1
339 755 1
339 1327 1
1276 1483 1
1276 1432 1
1432 1483 1
339 1276 1
755 1276 1
1276 1327 1
132 340 1
132 1120 1
755 1068 1
1068 1432 1
339 1068 1
1068 1276 1
1068 1327 1
236 443 1
236 548 1
703 1432 1
703 1483 1
703 1068 1
703 1327 1
339 703 1
703 755 1
703 1276 1
498 1537 1
237 654 1
757 1018 1
289 550 1
549 1486 1
445 601 1
1121 1226 1
758 1382 1
185 1069 1
393 654 1
237 393 1
31 135 1
602 1278 1
342 757 1
342 1018 1
185 549 1
549 1069 1
185 1486 1
1069 1070 1
185 1070 1
549 1070 1
342 1277 1
1018 1277 1
757 1277 1
446 1174 1
965 1278 1
602 965 1
549 1381 1
185 1381 1
1070 1381 1
1069 1381 1
1381 1486 1
1488 1540 1
85 137 1
811 863 1
343 1176 1
84 291 1
812 863 1
811 812 1
187 1487 1
137 1436 1
85 1436 1
968 1539 1
863 915 1
811 915 1
812 915 1
655 656 1
603 1123 1
1176 1539 1
343 1539 1
968 1176 1
395 1124 1
499 1123 1
499 603 1
916 1019 1
292 811 1
292 915 1
292 812 1
292 863 1
708 760 1
708 759 1
759 760 1
138 1074 1
293 866 1
501 1386 1
554 710 1
1437 1490 1
398 1022 1
657 658 1
293 398 1
398 866 1
293 1022 1
138 657 1
657 1074 1
138 658 1
242 761 1
813 917 1
865 1386 1
501 865 1
502 1177 1
502 553 1
553 1177 1
449 1073 1
1074 1281 1
657 1281 1
138 1281 1
657 813 1
813 1281 1
658 813 1
813 1074 1
138 813 1
657 917 1
348 711 1
1387 1491 1
295 1283 1
244 660 1
711 816 1
348 816 1
504 971 1
920 1076 1
1179 1387 1
1179 1491 1
868 1283 1
295 868 1
243 452 1
88 556 1
192 1179 1
192 1387 1
192 1491 1
1024 1440 1
89 867 1
971 1439 1
504 1439 1
608 1439 1
504 608 1
608 971 1
920 1335 1
1076 1335 1
1127 1179 1
192 1127 1
1127 1387 1
1127 1491 1
402 713 1
662 1285 1
1026 1077 1
974 1546 1
194 1077 1
194 1026 1
817 1493 1
91 662 1
91 1285 1
557 1077 1
557 1026 1
194 557 1
39 1494 1
1233 1234 1
818 921 1
765 1129 1
349 1077 1
349 1026 1
194 349 1
349 557 1
506 1130 1
142 1285 1
91 142 1
142 662 1
349 454 1
194 454 1
454 1026 1
454 1077 1
454 557 1
352 1287 1
1028 1235 1
560 1287 1
352 560 1
559 1028 1
559 1235 1
1340 1444 1
1132 1444 1
1132 1340 1
559 871 1
871 1235 1
871 1028 1
196 1079 1
1183 1392 1
1183 1496 1
1392 1496 1
611 1444 1
611 1132 1
611 1340 1
41 611 1
41 1132 1
41 1444 1
41 1340 1
144 456 1
924 1547 1
92 1235 1
92 871 1
92 1028 1
92 559 1
197 1498 1
510 770 1
509 1030 1
613 613 1
977 1446 1
95 1082 1
301 718 1
1029 1237 1
718 822 1
301 822 1
1029 1550 1
1237 1550 1
561 1342 1
95 614 1
614 1082 1
458 1341 1
874 1081 1
457 1341 1
457 458 1
95 1549 1
1082 1549 1
614 1549 1
718 1394 1
301 1394 1
822 1394 1
510 1290 1
770 1290 1
42 95 1
42 1082 1
42 1549 1
42 614 1
355 616 1
823 1032 1
719 1031 1
407 927 1
96 1239 1
563 1552 1
408 1083 1
44 1500 1
251 1135 1
1239 1500 1
96 1500 1
44 1239 1
616 1083 1
355 1083 1
408 616 1
459 616 1
408 459 1
459 1083 1
355 459 1
408 772 1
616 772 1
772 1083 1
459 772 1
200 1395 1
44 97 1
97 1500 1
97 1239 1
667 771 1
927 1292 1
407 1292 1
1085 1398 1
930 1086 1
566 1553 1
462 878 1
461 774 1
461 826 1
774 826 1
150 1033 1
98 357 1
98 565 1
357 565 1
670 825 1
1033 1137 1
150 1137 1
47 825 1
47 670 1
305 1138 1
722 1241 1
1138 1398 1
305 1398 1
1085 1138 1
670 1190 1
825 1190 1
47 1190 1
721 981 1
877 981 1
721 877 1
357 1085 1
98 1085 1
565 1085 1
357 1138 1
357 1398 1
1244 1295 1
255 932 1
1087 1140 1
255 1399 1
932 1399 1
724 1400 1
567 879 1
775 1399 1
775 932 1
255 775 1
203 1555 1
776 1504 1
1243 1556 1
463 1036 1
1139 1191 1
101 983 1
464 984 1
100 932 1
100 775 1
100 1399 1
100 255 1
101 1296 1
983 1296 1
49 620 1
463 1087 1
1036 1087 1
463 1140 1
48 101 1
48 1296 1
48 983 1
465 673 1
465 621 1
621 673 1
673 1454 1
465 1454 1
621 1454 1
1349 1401 1
570 621 1
465 570 1
570 1454 1
570 673 1
1038 1402 1
726 1245 1
155 882 1
777 1193 1
673 1401 1
465 1401 1
570 1401 1
621 1401 1
1401 1454 1
673 1349 1
570 1194 1
673 1194 1
621 1194 1
1194 1454 1
465 1194 1
1194 1401 1
570 1193 1
673 1193 1
1193 1194 1
621 1193 1
1193 1454 1
465 1193 1
1193 1401 1
570 777 1
792 1309 -1
792 1081 -1
792 874 -1
337 1302 -1
337 730 -1
337 937 -1
337 522 -1
337 990 -1
158 337 -1
1208 1518 -1
639 749 -1
749 1264 -1
432 749 -1
639 1530 -1
639 1269 -1
542 639 -1
639 958 -1
772 932 -1
408 932 -1
616 932 -1
932 1083 -1
459 932 -1
772 775 -1
772 1399 -1
100 772 -1
255 772 -1
849 1090 -1
433 1090 -1
1090 1370 -1
1058 1090 -1
1090 1422 -1
963 1024 -1
963 1440 -1
5 1326 -1
264 1326 -1
1326 1460 -1
5 805 -1
488 1171 -1
955 1171 -1
644 1171 -1
123 932 -1
226 932 -1
932 1109 -1
123 775 -1
123 1399 -1
100 123 -1
123 255 -1
261 1417 -1
426 446 -1
426 1174 -1
300 1001 -1
88 545 -1
545 556 -1
88 1065 -1
88 285 -1
88 286 -1
367 436 -1
367 1320 -1
176 367 -1
156 1220 -1
1143 1220 -1
207 1220 -1
156 908 -1
156 284 -1
23 571 -1
74 571 -1
571 750 -1
571 854 -1
23 832 -1
23 883 -1
23 1403 -1
23 415 -1
733 1078 -1
285 948 -1
545 948 -1
286 948 -1
948 1065 -1
116 285 -1
1266 1491 -1
192 1266 -1
1266 1387 -1
1179 1266 -1
1127 1266 -1
577 1214 -1
578 1214 -1
629 1214 -1
577 641 -1
684 1219 -1
684 1427 -1
532 1003 -1
238 1161 -1
238 1473 -1
238 798 -1
238 590 -1
885 1187 -1
305 838 -1
838 1138 -1
838 1398 -1
305 734 -1
440 771 -1
771 804 -1
771 1012 -1
492 771 -1
440 667 -1
171 795 -1
534 795 -1
607 1164 -1
72 607 -1
607 1476 -1
394 1544 -1
629 1114 -1
577 1114 -1
578 1114 -1
645 788 -1
178 788 -1
645 839 -1
1356 1437 -1
1356 1490 -1
298 1419 -1
144 1181 -1
456 1181 -1
1283 1429 -1
868 1429 -1
295 1429 -1
383 1317 -1
785 1116 -1
785 803 -1
75 651 -1
350 1542 -1
442 1134 -1
710 1481 -1
554 1481 -1
725 1554 -1
673 1482 -1
1349 1482 -1
1193 1482 -1
1194 1482 -1
621 1482 -1
1454 1482 -1
465 1482 -1
1401 1482 -1
570 1482 -1
1106 1109 -1
481 1109 -1
585 1109 -1
1109 1418 -1
1105 1109 -1
794 1109 -1
638 1109 -1
226 1106 -1
123 1106 -1
352 814 -1
560 814 -1
814 1287 -1
464 501 -1
501 984 -1
464 865 -1
464 1386 -1
1224 1385 -1
143 1394 -1
143 822 -1
143 301 -1
143 718 -1
558 1118 -1
397 1327 -1
397 1068 -1
339 397 -1
397 755 -1
397 1432 -1
397 1276 -1
397 703 -1
293 336 -1
336 866 -1
336 1022 -1
336 398 -1
342 481 -1
481 1018 -1
481 757 -1
481 1277 -1
342 1418 -1
342 585 -1
342 794 -1
342 1106 -1
342 638 -1
605 663 -1
228 599 -1
522 1555 -1
1249 1555 -1
833 1555 -1
937 1555 -1
158 1555 -1
1302 1555 -1
730 1555 -1
990 1555 -1
203 522 -1
765 844 -1
844 1129 -1
1188 1213 -1
1482 1497 -1
194 1324 -1
454 1324 -1
1026 1324 -1
1077 1324 -1
349 1324 -1
557 1324 -1
748 909 -1
748 1117 -1
260 932 -1
260 775 -1
260 1399 -1
100 260 -1
255 260 -1
43 791 -1
954 1163 -1
430 738 -1
425 430 -1
75 1307 -1
178 499 -1
499 645 -1
178 603 -1
178 1123 -1
600 1404 -1
116 1491 -1
948 1491 -1
116 192 -1
116 1387 -1
116 1179 -1
116 1127 -1
155 479 -1
479 882 -1
155 583 -1
155 271 -1
236 772 -1
443 772 -1
548 772 -1
236 408 -1
236 616 -1
236 1083 -1
236 459 -1
464 697 -1
697 984 -1
14 1476 -1
14 72 -1
14 1164 -1
49 1463 -1
620 1463 -1
334 1369 -1
558 1431 -1
195 860 -1
644 1420 -1
592 1420 -1
488 1420 -1
955 1420 -1
587 644 -1
644 1211 -1
644 1523 -1
175 994 -1
111 175 -1
537 936 -1
936 1057 -1
745 936 -1
225 768 -1
143 1316 -1
669 1221 -1
233 669 -1
423 633 -1
158 1096 -1
937 1096 -1
522 1096 -1
209 1096 -1
1096 1302 -1
730 1096 -1
990 1096 -1
245 819 -1
92 942 -1
559 942 -1
942 1235 -1
942 1028 -1
871 942 -1
266 348 -1
348 681 -1
162 348 -1
266 816 -1
266 711 -1
774 1323 -1
826 1323 -1
461 1323 -1
774 1064 -1
774 959 -1
608 1269 -1
504 1269 -1
971 1269 -1
1269 1439 -1
608 1530 -1
608 749 -1
542 608 -1
608 958 -1
306 886 -1
86 749 -1
86 1530 -1
86 1269 -1
86 542 -1
86 958 -1
86 1336 -1
120 679 -1
382 885 -1
885 1006 -1
596 1117 -1
596 909 -1
528 803 -1
528 1116 -1
213 1545 -1
422 1532 -1
70 1131 -1
351 759 -1
351 760 -1
351 708 -1
442 1311 -1
442 636 -1
13 442 -1
442 895 -1
1281 1307 -1
657 1307 -1
1074 1307 -1
138 1307 -1
813 1307 -1
323 825 -1
323 1190 -1
323 670 -1
47 323 -1
29 285 -1
29 545 -1
29 286 -1
29 1065 -1
500 1090 -1
280 1189 -1
145 1280 -1
764 1496 -1
764 1392 -1
764 1183 -1
19 1423 -1
136 503 -1
343 819 -1
819 1176 -1
819 1539 -1
346 1080 -1
795 885 -1
160 701 -1
315 701 -1
298 1485 -1
792 885 -1
440 1369 -1
804 1369 -1
1012 1369 -1
492 1369 -1
187 1103 -1
1103 1487 -1
187 1260 -1
443 715 -1
236 715 -1
548 715 -1
459 1516 -1
616 1516 -1
408 1516 -1
1083 1516 -1
772 1516 -1
355 1516 -1
459 1203 -1
59 1546 -1
59 974 -1
542 1554 -1
1530 1554 -1
749 1554 -1
958 1554 -1
1269 1554 -1
783 1135 -1
251 783 -1
569 652 -1
774 1315 -1
826 1315 -1
461 1315 -1
151 350 -1
877 1337 -1
721 1337 -1
981 1337 -1
545 787 -1
787 1065 -1
285 787 -1
286 787 -1
267 545 -1
892 1174 -1
446 892 -1
494 734 -1
494 838 -1
203 456 -1
456 1555 -1
144 203 -1
199 524 -1
76 1269 -1
76 1530 -1
76 749 -1
76 542 -1
76 958 -1
426 1433 -1
903 1002 -1
690 903 -1
245 618 -1
330 1224 -1
9 11 -1
55 379 -1
379 1509 -1
55 1159 -1
877 1514 -1
721 1514 -1
981 1514 -1
456 689 -1
144 689 -1
1232 1542 -1
256 845 -1
292 1134 -1
812 1134 -1
811 1134 -1
915 1134 -1
863 1134 -1
362 1398 -1
305 362 -1
362 1138 -1
362 1085 -1
357 362 -1
908 1354 -1
284 1354 -1
1220 1354 -1
733 1301 -1
1462 1479 -1
473 1479 -1
1461 1479 -1
993 1479 -1
194 259 -1
259 454 -1
259 1026 -1
259 1077 -1
259 349 -1
259 557 -1
839 1073 -1
788 1073 -1
449 839 -1
452 1510 -1
243 1510 -1
107 452 -1
213 1508 -1
355 1280 -1
616 1280 -1
1083 1280 -1
459 1280 -1
1183 1405 -1
1392 1405 -1
1405 1496 -1
740 1226 -1
740 1121 -1
294 496 -1
784 1339 -1
919 1020 -1
13 459 -1
459 895 -1
459 636 -1
459 1311 -1
13 616 -1
13 408 -1
13 1083 -1
13 772 -1
13 355 -1
500 963 -1
932 1157 -1
775 1157 -1
1157 1399 -1
100 1157 -1
255 1157 -1
391 1127 -1
192 391 -1
391 1387 -1
391 1179 -1
391 1491 -1
1157 1179 -1
192 1157 -1
1157 1387 -1
1157 1491 -1
1127 1157 -1
891 1064 -1
891 1323 -1
891 959 -1
893 1335 -1
841 1335 -1
530 1335 -1
63 1335 -1
1101 1335 -1
1258 1335 -1
893 920 -1
893 1076 -1
1206 1430 -1
1206 1274 -1
597 1206 -1
1206 1222 -1
978 1403 -1
832 978 -1
883 978 -1
727 978 -1
571 978 -1
572 978 -1
415 978 -1
146 895 -1
146 636 -1
13 146 -1
146 1311 -1
166 875 -1
875 1050 -1
312 1236 -1
1196 1236 -1
1026 1173 -1
454 1173 -1
194 1173 -1
1077 1173 -1
349 1173 -1
557 1173 -1
633 1506 -1
85 607 -1
137 607 -1
607 1436 -1
336 541 -1
336 385 -1
1209 1461 -1
533 1461 -1
118 1461 -1
993 1209 -1
163 1209 -1
1046 1209 -1
1209 1462 -1
473 1209 -1
1150 1209 -1
85 666 -1
137 666 -1
666 1436 -1
1313 1494 -1
326 1494 -1
39 1313 -1
349 1473 -1
194 1473 -1
1026 1473 -1
1077 1473 -1
454 1473 -1
557 1473 -1
349 1161 -1
349 798 -1
407 514 -1
514 1292 -1
514 927 -1
129 825 -1
129 1190 -1
129 670 -1
47 129 -1
653 1198 -1
112 1157 -1
476 1157 -1
398 1324 -1
866 1324 -1
293 1324 -1
1022 1324 -1
143 502 -1
143 1177 -1
143 553 -1
562 1318 -1
562 901 -1
134 415 -1
134 832 -1
134 571 -1
134 1403 -1
134 883 -1
134 727 -1
616 1324 -1
408 1324 -1
1083 1324 -1
355 1324 -1
772 1324 -1
459 1324 -1
341 454 -1
194 341 -1
341 557 -1
341 1026 -1
341 349 -1
341 1077 -1
1527 1530 -1
958 1527 -1
1269 1527 -1
542 1527 -1
749 1527 -1
14 779 -1
20 119 -1
853 1353 -1
94 1419 -1
191 1361 -1
191 1049 -1
721 788 -1
788 981 -1
788 877 -1
721 839 -1
96 1177 -1
1177 1500 -1
1177 1239 -1
96 553 -1
96 502 -1
656 1134 -1
655 1134 -1
69 1421 -1
847 1421 -1
721 1094 -1
981 1094 -1
877 1094 -1
184 1289 -1
841 1225 -1
530 1225 -1
893 1225 -1
1101 1225 -1
256 426 -1
1126 1481 -1
230 1231 -1
210 602 -1
210 965 -1
210 1278 -1
687 1135 -1
531 1135 -1
1135 1156 -1
251 687 -1
6 351 -1
351 526 -1
609 1230 -1
463 848 -1
848 1140 -1
848 1036 -1
848 1087 -1
93 1169 -1
944 1539 -1
944 968 -1
944 1176 -1
343 944 -1
60 665 -1
860 1050 -1
166 860 -1
0 1472 -1
1195 1472 -1
1351 1472 -1
177 1149 -1
177 837 -1
1299 1482 -1
1300 1482 -1
211 552 -1
733 1448 -1
234 1278 -1
649 1278 -1
1278 1378 -1
27 1278 -1
598 1278 -1
78 1278 -1
234 602 -1
234 965 -1
108 789 -1
108 998 -1
108 790 -1
753 1370 -1
753 849 -1
753 1058 -1
753 1422 -1
433 753 -1
94 1479 -1
658 1112 -1
657 1112 -1
138 1112 -1
813 1112 -1
541 1279 -1
385 1279 -1
204 670 -1
204 825 -1
204 1190 -1
47 204 -1
259 914 -1
1212 1440 -1
588 1440 -1
1024 1212 -1
100 438 -1
438 1399 -1
438 932 -1
255 438 -1
438 775 -1
1020 1342 -1
561 1020 -1
369 451 -1
48 1028 -1
1028 1296 -1
101 1028 -1
983 1028 -1
48 871 -1
48 1235 -1
48 92 -1
48 559 -1
569 969 -1
377 1097 -1
830 1025 -1
925 1089 -1
79 1400 -1
79 724 -1
904 1265 -1
381 904 -1
430 609 -1
732 759 -1
732 760 -1
708 732 -1
1216 1291 -1
124 1291 -1
643 1291 -1
332 1291 -1
462 1236 -1
878 1236 -1
258 1020 -1
837 1250 -1
1149 1250 -1
837 1457 -1
29 407 -1
29 1292 -1
29 927 -1
24 788 -1
24 839 -1
260 1315 -1
531 615 -1
615 1156 -1
615 687 -1
669 1013 -1
481 1249 -1
1249 1418 -1
585 1249 -1
794 1249 -1
1106 1249 -1
638 1249 -1
481 833 -1
481 522 -1
481 937 -1
203 1241 -1
1241 1555 -1
203 722 -1
576 954 -1
790 868 -1
789 868 -1
868 998 -1
790 1283 -1
295 790 -1
515 1376 -1
120 586 -1
196 1057 -1
1057 1079 -1
196 537 -1
196 745 -1
866 1023 -1
293 1023 -1
398 1023 -1
366 1383 -1
86 1203 -1
86 1516 -1
969 1301 -1
209 506 -1
506 730 -1
158 506 -1
506 990 -1
209 1130 -1
973 1024 -1
973 1440 -1
201 923 -1
664 1368 -1
506 1256 -1
1130 1256 -1
506 1047 -1
771 933 -1
667 933 -1
