571 727 1
1 1196 1
364 884 1
1196 1196 1
415 519 1
207 1195 1
1143 1300 1
259 1040 1
468 935 1
624 1195 1
207 624 1
311 1195 1
311 624 1
207 311 1
571 1039 1
727 1039 1
571 1248 1
1039 1248 1
727 1248 1
467 1508 1
363 415 1
363 519 1
883 1404 1
676 1507 1
519 1507 1
363 1507 1
415 1507 1
519 676 1
363 675 1
519 675 1
675 1507 1
415 675 1
158 886 1
2 1405 1
573 1094 1
209 470 1
626 677 1
313 522 1
521 938 1
210 1458 1
3 158 1
3 886 1
2 1354 1
1354 1405 1
210 1198 1
1198 1458 1
366 417 1
470 1406 1
209 1406 1
1250 1250 1
209 885 1
885 1406 1
470 885 1
573 1146 1
1094 1146 1
729 782 1
106 990 1
107 625 1
729 1354 1
782 1354 1
2 729 1
729 1405 1
56 627 1
1356 1408 1
5 1304 1
108 161 1
315 835 1
368 1095 1
56 57 1
57 627 1
315 627 1
627 835 1
56 315 1
57 315 1
783 1200 1
161 1252 1
108 1252 1
575 1200 1
575 783 1
109 1043 1
263 1408 1
263 1356 1
263 784 1
784 1408 1
784 1356 1
992 1304 1
5 992 1
56 1251 1
57 1251 1
627 1251 1
315 1251 1
1253 1513 1
6 214 1
163 1357 1
474 889 1
266 837 1
525 785 1
214 941 1
6 941 1
1045 1253 1
1045 1513 1
993 1045 1
993 1513 1
993 1253 1
370 1097 1
163 1046 1
1046 1357 1
994 1462 1
473 681 1
629 1410 1
6 837 1
837 941 1
214 837 1
6 266 1
213 1046 1
163 213 1
213 1357 1
163 941 1
941 1357 1
941 1046 1
213 941 1
163 214 1
6 163 1
163 837 1
267 1515 1
1360 1411 1
113 944 1
216 631 1
892 1048 1
996 1048 1
892 996 1
320 1099 1
996 1516 1
1048 1516 1
892 1516 1
475 631 1
216 475 1
892 1203 1
1048 1203 1
1203 1516 1
996 1203 1
9 1463 1
61 736 1
1255 1255 1
372 475 1
216 372 1
372 631 1
580 1100 1
891 1463 1
9 891 1
527 1256 1
476 839 1
527 528 1
528 1256 1
633 1310 1
11 373 1
1309 1361 1
1049 1101 1
426 1258 1
842 1154 1
321 737 1
426 1205 1
1205 1258 1
581 790 1
634 1257 1
478 790 1
478 581 1
529 529 1
115 686 1
425 790 1
425 581 1
425 478 1
842 842 1
1154 1257 1
842 1257 1
634 1154 1
321 738 1
737 738 1
63 1153 1
738 789 1
321 789 1
737 789 1
218 477 1
635 999 1
117 1468 1
117 169 1
169 1468 1
1104 1467 1
168 1468 1
168 169 1
117 168 1
376 1416 1
844 1207 1
13 635 1
13 999 1
636 948 1
583 895 1
168 740 1
169 740 1
740 1468 1
117 740 1
688 1520 1
169 948 1
168 948 1
740 948 1
948 1468 1
117 948 1
169 636 1
169 427 1
427 740 1
168 427 1
427 636 1
427 948 1
117 427 1
427 1468 1
66 533 1
326 950 1
325 1365 1
119 377 1
1002 1002 1
222 1366 1
430 430 1
118 742 1
274 1001 1
898 1209 1
1001 1158 1
274 1158 1
534 846 1
1053 1106 1
533 897 1
66 897 1
897 1157 1
66 1157 1
533 1157 1
118 586 1
586 742 1
274 793 1
793 1001 1
793 1158 1
793 1521 1
1001 1521 1
274 1521 1
1158 1521 1
481 950 1
326 481 1
640 952 1
327 1160 1
692 1159 1
120 1524 1
1419 1524 1
120 1419 1
380 1055 1
328 639 1
535 847 1
173 431 1
17 432 1
1264 1471 1
16 431 1
16 173 1
484 588 1
275 1055 1
275 380 1
1003 1523 1
328 1211 1
639 1211 1
1211 1212 1
328 1212 1
639 1212 1
847 847 1
379 1160 1
327 379 1
535 1263 1
847 1263 1
432 692 1
17 692 1
432 1159 1
1213 1473 1
174 1162 1
226 382 1
70 1265 1
849 1421 1
1370 1421 1
849 1370 1
485 902 1
382 433 1
226 433 1
277 382 1
277 433 1
226 277 1
277 849 1
433 849 1
226 849 1
382 849 1
277 1421 1
277 1370 1
70 382 1
382 1265 1
70 226 1
70 433 1
70 277 1
70 849 1
123 486 1
589 1370 1
589 849 1
589 1421 1
277 589 1
331 1475 1
695 1216 1
228 539 1
539 540 1
228 540 1
696 748 1
21 279 1
435 800 1
72 1008 1
1060 1164 1
1163 1424 1
955 1423 1
125 1371 1
1216 1424 1
695 1424 1
1163 1216 1
1008 1268 1
72 1268 1
176 747 1
800 1320 1
435 1320 1
592 800 1
592 1320 1
435 592 1
592 748 1
748 800 1
748 1320 1
435 748 1
592 696 1
75 1166 1
1113 1529 1
801 957 1
281 1269 1
22 1321 1
853 1217 1
541 1165 1
593 1322 1
854 1529 1
854 1113 1
333 906 1
179 906 1
179 333 1
127 1477 1
541 853 1
853 1165 1
541 1217 1
127 1165 1
1165 1477 1
127 541 1
127 853 1
282 958 1
386 1217 1
386 853 1
386 541 1
230 905 1
22 541 1
541 1321 1
22 1217 1
22 386 1
22 1165 1
22 853 1
22 127 1
24 1012 1
856 1115 1
1219 1531 1
25 388 1
908 1532 1
543 647 1
700 1428 1
439 855 1
440 1428 1
440 700 1
595 1427 1
439 543 1
543 855 1
439 647 1
232 1220 1
440 959 1
700 959 1
959 1428 1
648 1323 1
907 1116 1
284 1427 1
284 595 1
856 1012 1
1012 1115 1
24 856 1
700 1271 1
440 1271 1
1271 1428 1
959 1271 1
598 1118 1
1014 1065 1
27 285 1
701 1273 1
79 1378 1
806 962 1
131 234 1
546 806 1
546 962 1
78 962 1
78 546 1
78 806 1
1221 1221 1
1014 1066 1
1065 1066 1
182 1378 1
79 182 1
1326 1482 1
442 1170 1
233 494 1
79 493 1
493 1378 1
182 493 1
1325 1326 1
1325 1482 1
753 1377 1
754 1326 1
754 1482 1
754 1325 1
859 1483 1
599 1276 1
391 1536 1
1067 1068 1
236 599 1
236 1276 1
340 1172 1
132 1327 1
704 755 1
133 1067 1
133 1068 1
132 1172 1
1172 1327 1
132 340 1
80 496 1
183 1067 1
183 1068 1
133 183 1
859 1016 1
1016 1483 1
963 964 1
652 1328 1
28 652 1
28 1328 1
1120 1484 1
287 1535 1
1171 1431 1
703 911 1
1223 1223 1
238 290 1
549 758 1
238 498 1
290 498 1
705 1278 1
290 1486 1
498 1486 1
238 1486 1
342 1121 1
1174 1330 1
83 550 1
497 810 1
550 705 1
83 705 1
550 1278 1
30 445 1
549 1173 1
758 1173 1
31 1069 1
1225 1277 1
705 705 1
186 446 1
602 1174 1
602 1330 1
809 1485 1
654 757 1
1018 1486 1
290 1018 1
498 1018 1
238 1018 1
967 1435 1
967 1488 1
1435 1488 1
291 915 1
448 812 1
85 448 1
85 812 1
811 811 1
448 603 1
603 812 1
85 603 1
708 1280 1
604 708 1
604 1280 1
1384 1436 1
188 1488 1
188 1435 1
188 967 1
1072 1227 1
499 1072 1
499 1227 1
344 863 1
811 1071 1
84 759 1
1019 1383 1
812 1175 1
448 1175 1
603 1175 1
85 1175 1
346 658 1
813 813 1
346 1282 1
658 1282 1
1022 1437 1
242 605 1
449 554 1
397 917 1
1021 1334 1
35 1542 1
1230 1490 1
139 1438 1
1178 1438 1
139 1178 1
605 866 1
242 866 1
293 1386 1
450 554 1
449 450 1
87 553 1
605 761 1
242 761 1
761 866 1
501 1489 1
1125 1177 1
345 1334 1
345 1021 1
970 1489 1
501 970 1
88 1491 1
816 1439 1
868 1180 1
504 1076 1
451 1388 1
1388 1543 1
451 1543 1
140 141 1
36 971 1
1076 1543 1
504 1543 1
451 1076 1
1076 1388 1
192 1076 1
192 504 1
192 451 1
192 1388 1
192 1543 1
972 1543 1
192 972 1
451 972 1
972 1388 1
972 1076 1
504 972 1
347 763 1
607 660 1
1128 1284 1
815 1544 1
920 1491 1
88 920 1
401 1182 1
38 817 1
974 1078 1
38 1441 1
817 1441 1
91 558 1
505 713 1
38 1078 1
817 1078 1
1078 1441 1
38 974 1
454 558 1
91 454 1
39 610 1
453 1389 1
246 1545 1
505 869 1
713 869 1
1285 1337 1
869 1077 1
505 1077 1
713 1077 1
973 1337 1
973 1285 1
39 1546 1
610 1546 1
39 91 1
91 610 1
91 1546 1
39 454 1
39 558 1
768 819 1
820 1392 1
247 975 1
455 1548 1
403 1340 1
352 1547 1
1184 1339 1
300 1183 1
300 1340 1
1183 1340 1
300 403 1
40 1547 1
40 352 1
352 1028 1
40 1028 1
1028 1547 1
612 1079 1
92 195 1
404 924 1
403 612 1
300 612 1
612 1340 1
403 1079 1
1287 1443 1
1028 1184 1
352 1184 1
40 1184 1
1184 1547 1
1028 1339 1
718 1550 1
1029 1290 1
302 770 1
406 1238 1
1237 1550 1
718 1237 1
769 925 1
666 821 1
458 1498 1
95 1029 1
95 1290 1
353 718 1
353 1237 1
353 1550 1
353 1133 1
1133 1550 1
1133 1237 1
718 1133 1
822 1289 1
249 1549 1
458 1134 1
1134 1498 1
146 1029 1
146 1290 1
95 146 1
665 1134 1
458 665 1
665 1498 1
458 1186 1
665 1186 1
1186 1498 1
1134 1186 1
200 511 1
45 1135 1
149 563 1
44 720 1
979 1240 1
407 459 1
199 1396 1
720 1136 1
44 1136 1
719 1500 1
149 408 1
408 563 1
148 1292 1
1291 1448 1
199 1447 1
1396 1447 1
304 407 1
304 459 1
97 1499 1
668 1291 1
668 1448 1
251 1083 1
564 772 1
355 1292 1
148 355 1
1395 1499 1
97 1395 1
720 1551 1
1136 1551 1
44 1551 1
826 1554 1
618 1553 1
202 254 1
47 1397 1
1085 1502 1
358 1293 1
566 1189 1
151 617 1
150 1502 1
150 1085 1
409 1449 1
305 1449 1
305 409 1
565 669 1
305 982 1
982 1449 1
409 982 1
617 618 1
151 618 1
617 1553 1
774 1450 1
514 1397 1
47 514 1
1397 1501 1
514 1501 1
47 1501 1
99 253 1
306 669 1
306 565 1
723 1452 1
49 255 1
48 1244 1
153 204 1
48 1140 1
1140 1244 1
256 1555 1
1243 1555 1
256 1243 1
568 1088 1
1036 1452 1
723 1036 1
48 1452 1
1140 1452 1
1244 1452 1
48 723 1
48 1036 1
1295 1451 1
204 1452 1
153 1452 1
204 1036 1
48 204 1
204 723 1
204 1140 1
204 1244 1
932 1399 1
983 1348 1
620 983 1
620 1348 1
517 622 1
1142 1193 1
881 1298 1
102 830 1
362 569 1
569 778 1
362 778 1
51 1141 1
310 674 1
51 1298 1
1141 1298 1
51 881 1
1298 1298 1
1038 1401 1
1401 1505 1
1038 1505 1
50 1454 1
205 206 1
362 1349 1
569 1349 1
778 1349 1
778 1141 1
569 1141 1
362 1141 1
1141 1349 1
778 1298 1
51 778 1
466 829 1
1193 1245 1
1142 1245 1
309 1267 -1
464 598 -1
464 1118 -1
778 1124 -1
1124 1349 -1
362 1124 -1
1124 1298 -1
51 1124 -1
1124 1141 -1
569 1124 -1
116 969 -1
161 549 -1
549 1252 -1
108 549 -1
161 1173 -1
161 758 -1
358 1490 -1
1293 1490 -1
358 1230 -1
1123 1552 -1
320 536 -1
536 1099 -1
369 1483 -1
369 1016 -1
369 859 -1
225 799 -1
1089 1360 -1
1089 1411 -1
160 577 -1
154 1055 -1
154 275 -1
154 380 -1
1050 1337 -1
1050 1285 -1
973 1050 -1
882 1098 -1
55 1030 -1
893 1187 -1
1163 1317 -1
1317 1424 -1
1216 1317 -1
624 1116 -1
311 1116 -1
1116 1195 -1
207 1116 -1
624 907 -1
661 876 -1
27 921 -1
285 921 -1
661 718 -1
353 661 -1
661 1237 -1
661 1550 -1
661 1133 -1
397 452 -1
452 917 -1
427 512 -1
512 740 -1
168 512 -1
169 512 -1
512 948 -1
117 512 -1
512 1468 -1
512 636 -1
757 762 -1
654 762 -1
154 233 -1
154 494 -1
335 915 -1
291 335 -1
845 1011 -1
595 664 -1
664 1427 -1
284 664 -1
410 1550 -1
353 410 -1
410 1237 -1
410 718 -1
410 1133 -1
644 1017 -1
269 980 -1
972 1539 -1
192 1539 -1
451 1539 -1
1539 1543 -1
1388 1539 -1
1076 1539 -1
504 1539 -1
641 1258 -1
426 641 -1
641 1205 -1
452 485 -1
452 902 -1
186 977 -1
446 977 -1
909 1121 -1
342 909 -1
627 1526 -1
56 1526 -1
57 1526 -1
835 1526 -1
315 1526 -1
1251 1526 -1
509 1104 -1
509 1467 -1
1149 1168 -1
266 1281 -1
837 1281 -1
6 1281 -1
277 1438 -1
226 1438 -1
70 1438 -1
849 1438 -1
1421 1438 -1
589 1438 -1
433 1438 -1
1370 1438 -1
382 1438 -1
277 1178 -1
139 277 -1
571 656 -1
656 1248 -1
656 1039 -1
656 727 -1
489 770 -1
302 489 -1
124 1018 -1
124 238 -1
124 290 -1
124 498 -1
124 1486 -1
1388 1395 -1
192 1395 -1
972 1395 -1
451 1395 -1
1076 1395 -1
1395 1543 -1
97 1388 -1
1388 1499 -1
464 824 -1
554 1366 -1
449 1366 -1
450 1366 -1
222 554 -1
1192 1368 -1
325 843 -1
843 1365 -1
997 1227 -1
997 1072 -1
499 997 -1
144 821 -1
144 666 -1
639 944 -1
328 944 -1
944 1211 -1
944 1212 -1
113 639 -1
173 547 -1
16 547 -1
431 547 -1
539 921 -1
540 921 -1
228 921 -1
611 1200 -1
575 611 -1
611 783 -1
1026 1178 -1
139 1026 -1
1026 1438 -1
948 1036 -1
636 1036 -1
740 1036 -1
168 1036 -1
169 1036 -1
427 1036 -1
117 1036 -1
1036 1468 -1
48 948 -1
204 948 -1
723 948 -1
948 1452 -1
689 1011 -1
449 1133 -1
554 1133 -1
450 1133 -1
449 718 -1
353 449 -1
449 1237 -1
449 1550 -1
992 1005 -1
1005 1304 -1
5 1005 -1
596 1132 -1
115 286 -1
286 686 -1
712 843 -1
700 1000 -1
440 1000 -1
1000 1271 -1
1000 1428 -1
959 1000 -1
431 903 -1
16 903 -1
173 903 -1
811 1296 -1
1071 1296 -1
367 1431 -1
367 1171 -1
815 1433 -1
1433 1544 -1
1092 1141 -1
1092 1349 -1
362 1092 -1
1092 1298 -1
51 1092 -1
569 1092 -1
778 1092 -1
996 1394 -1
1048 1394 -1
1394 1516 -1
1203 1394 -1
892 1394 -1
346 1455 -1
658 1455 -1
1282 1455 -1
337 394 -1
650 692 -1
432 650 -1
17 650 -1
650 1159 -1
341 425 -1
341 478 -1
341 581 -1
341 790 -1
707 882 -1
1318 1338 -1
93 951 -1
514 1049 -1
1049 1501 -1
1049 1397 -1
47 1049 -1
514 1101 -1
394 759 -1
84 394 -1
464 1473 -1
464 1213 -1
1209 1414 -1
898 1414 -1
857 1213 -1
857 1473 -1
624 783 -1
311 783 -1
783 1195 -1
207 783 -1
624 1200 -1
575 624 -1
10 1069 -1
10 31 -1
1122 1551 -1
720 1122 -1
1122 1136 -1
44 1122 -1
400 1221 -1
446 1166 -1
186 1166 -1
75 446 -1
329 451 -1
192 329 -1
329 1076 -1
329 1388 -1
329 972 -1
329 1543 -1
603 955 -1
448 955 -1
812 955 -1
85 955 -1
955 1175 -1
603 1423 -1
920 1306 -1
88 1306 -1
1306 1491 -1
1200 1236 -1
575 1236 -1
783 1236 -1
414 1061 -1
526 636 -1
169 526 -1
427 526 -1
526 948 -1
96 1281 -1
9 872 -1
872 891 -1
872 1463 -1
1350 1535 -1
287 1350 -1
815 851 -1
851 1544 -1
592 819 -1
800 819 -1
819 1320 -1
435 819 -1
748 819 -1
696 819 -1
592 768 -1
661 808 -1
859 1476 -1
1016 1476 -1
1476 1483 -1
584 1128 -1
584 1284 -1
356 849 -1
226 356 -1
70 356 -1
356 1421 -1
356 589 -1
356 433 -1
277 356 -1
356 1370 -1
356 382 -1
65 599 -1
65 236 -1
65 1276 -1
287 687 -1
687 1535 -1
34 1033 -1
516 1104 -1
516 1467 -1
990 1051 -1
106 1051 -1
689 923 -1
544 733 -1
1124 1543 -1
192 1124 -1
451 1124 -1
1124 1388 -1
972 1124 -1
1076 1124 -1
504 1124 -1
960 1121 -1
342 960 -1
108 1524 -1
161 1524 -1
1252 1524 -1
108 120 -1
108 1419 -1
153 498 -1
498 1452 -1
204 498 -1
153 1018 -1
153 290 -1
153 1486 -1
153 238 -1
634 736 -1
736 1257 -1
736 1154 -1
61 634 -1
626 914 -1
677 914 -1
87 816 -1
553 816 -1
87 1439 -1
153 654 -1
654 1452 -1
204 654 -1
153 757 -1
132 525 -1
340 525 -1
525 1172 -1
525 1327 -1
132 785 -1
19 1512 -1
895 1250 -1
583 1250 -1
264 286 -1
776 1066 -1
776 1065 -1
776 1014 -1
221 514 -1
221 1501 -1
221 1397 -1
47 221 -1
127 861 -1
22 861 -1
541 861 -1
861 1477 -1
853 861 -1
861 1165 -1
401 411 -1
411 1182 -1
818 1350 -1
1044 1455 -1
1324 1410 -1
629 1324 -1
825 996 -1
825 1048 -1
825 1516 -1
825 1203 -1
825 892 -1
80 1290 -1
496 1290 -1
80 146 -1
80 1029 -1
80 95 -1
59 1275 -1
408 1506 -1
563 1506 -1
149 1506 -1
855 890 -1
543 890 -1
439 890 -1
257 1290 -1
146 257 -1
257 1029 -1
95 257 -1
567 675 -1
363 567 -1
415 567 -1
567 1507 -1
519 567 -1
207 756 -1
624 756 -1
756 1195 -1
311 756 -1
222 728 -1
728 1366 -1
98 120 -1
98 1419 -1
98 1524 -1
134 267 -1
134 1515 -1
17 1209 -1
432 1209 -1
692 1209 -1
17 898 -1
290 867 -1
867 1018 -1
498 867 -1
867 1486 -1
238 867 -1
85 1448 -1
448 1448 -1
603 1448 -1
812 1448 -1
1175 1448 -1
85 1291 -1
85 668 -1
345 1303 -1
1021 1303 -1
1303 1334 -1
874 1263 -1
847 874 -1
535 874 -1
962 1454 -1
546 1454 -1
78 1454 -1
806 1454 -1
50 962 -1
150 1555 -1
1085 1555 -1
1502 1555 -1
150 256 -1
150 1243 -1
500 989 -1
23 470 -1
23 209 -1
23 885 -1
23 1406 -1
88 288 -1
288 920 -1
288 1491 -1
711 1386 -1
293 711 -1
335 1332 -1
326 1118 -1
481 1118 -1
950 1118 -1
326 598 -1
828 982 -1
409 828 -1
305 828 -1
828 1449 -1
566 1387 -1
1189 1387 -1
330 930 -1
399 601 -1
55 902 -1
55 485 -1
34 129 -1
124 305 -1
124 1449 -1
124 982 -1
124 409 -1
456 702 -1
417 1253 -1
366 1253 -1
417 1513 -1
417 1045 -1
417 993 -1
851 1097 -1
370 851 -1
463 492 -1
628 1360 -1
628 1411 -1
217 444 -1
1055 1188 -1
275 1188 -1
380 1188 -1
599 691 -1
236 691 -1
691 1276 -1
441 1543 -1
192 441 -1
441 451 -1
441 1388 -1
441 972 -1
441 1076 -1
441 504 -1
525 773 -1
773 785 -1
281 1319 -1
1269 1319 -1
1414 1538 -1
907 979 -1
979 1116 -1
907 1240 -1
643 1131 -1
860 1116 -1
860 907 -1
15 36 -1
15 971 -1
1151 1185 -1
231 288 -1
862 922 -1
247 394 -1
394 975 -1
32 861 -1
286 1494 -1
129 687 -1
837 1038 -1
214 1038 -1
266 1038 -1
163 1038 -1
941 1038 -1
6 1038 -1
837 1401 -1
837 1505 -1
528 1246 -1
1246 1256 -1
527 1246 -1
90 153 -1
90 1452 -1
90 204 -1
328 819 -1
819 1211 -1
819 1212 -1
639 819 -1
328 768 -1
64 490 -1
1375 1508 -1
467 1375 -1
132 1045 -1
340 1045 -1
1045 1172 -1
1045 1327 -1
132 1513 -1
132 1253 -1
132 993 -1
236 1153 -1
1153 1276 -1
599 1153 -1
63 236 -1
120 452 -1
452 1419 -1
452 1524 -1
719 1173 -1
1173 1500 -1
549 719 -1
719 758 -1
857 922 -1
784 1231 -1
1231 1408 -1
1231 1356 -1
263 1231 -1
495 1302 -1
510 810 -1
497 510 -1
133 435 -1
435 1067 -1
435 1068 -1
183 435 -1
133 800 -1
133 1320 -1
133 748 -1
133 592 -1
222 641 -1
641 1366 -1
437 1041 -1
821 1310 -1
666 1310 -1
633 821 -1
230 1013 -1
905 1013 -1
851 1357 -1
163 851 -1
213 851 -1
851 1046 -1
851 941 -1
162 1032 -1
400 992 -1
400 1304 -1
5 400 -1
233 682 -1
494 682 -1
962 1397 -1
546 1397 -1
78 1397 -1
806 1397 -1
514 962 -1
962 1501 -1
47 962 -1
525 558 -1
558 785 -1
91 525 -1
454 525 -1
39 525 -1
837 1426 -1
214 1426 -1
266 1426 -1
163 1426 -1
941 1426 -1
6 1426 -1
982 1315 -1
409 1315 -1
305 1315 -1
1315 1449 -1
102 719 -1
719 830 -1
102 1500 -1
94 402 -1
146 1399 -1
1290 1399 -1
1029 1399 -1
95 1399 -1
146 932 -1
349 1215 -1
1022 1525 -1
1437 1525 -1
1153 1434 -1
63 1434 -1
465 1356 -1
465 1408 -1
465 784 -1
263 465 -1
890 1259 -1
354 1171 -1
354 1431 -1
60 1368 -1
1364 1401 -1
1364 1505 -1
1038 1364 -1
528 1400 -1
1256 1400 -1
527 1400 -1
673 1346 -1
191 377 -1
119 191 -1
1024 1498 -1
665 1024 -1
458 1024 -1
1024 1186 -1
1024 1134 -1
379 1253 -1
1160 1253 -1
327 1253 -1
379 1513 -1
379 1045 -1
379 993 -1
91 1033 -1
610 1033 -1
1033 1546 -1
454 1033 -1
558 1033 -1
39 1033 -1
771 1390 -1
281 981 -1
981 1269 -1
322 1110 -1
430 1148 -1
1247 1308 -1
687 750 -1
1350 1447 -1
1350 1396 -1
199 1350 -1
54 400 -1
366 1346 -1
417 1346 -1
451 1413 -1
192 1413 -1
1076 1413 -1
1388 1413 -1
972 1413 -1
1413 1543 -1
553 724 -1
87 724 -1
680 1347 -1
628 788 -1
651 1255 -1
230 360 -1
360 905 -1
1 74 -1
74 1196 -1
787 868 -1
787 1180 -1
206 1341 -1
205 1341 -1
61 1101 -1
736 1101 -1
61 1049 -1
261 718 -1
261 353 -1
261 1237 -1
261 1550 -1
261 1133 -1
395 454 -1
91 395 -1
395 558 -1
39 395 -1
1062 1240 -1
979 1062 -1
385 1238 -1
385 406 -1
1081 1325 -1
1081 1482 -1
754 1081 -1
1081 1326 -1
390 1186 -1
390 665 -1
390 458 -1
390 1498 -1
390 1134 -1
175 1360 -1
175 1411 -1
190 675 -1
190 363 -1
190 415 -1
190 1507 -1
190 519 -1
226 854 -1
433 854 -1
70 854 -1
277 854 -1
382 854 -1
849 854 -1
226 1529 -1
226 1113 -1
118 179 -1
179 586 -1
179 742 -1
118 906 -1
118 333 -1
830 1314 -1
102 1314 -1
308 599 -1
236 308 -1
308 1276 -1
421 811 -1
421 1071 -1
83 328 -1
328 705 -1
328 550 -1
83 1211 -1
83 1212 -1
83 639 -1
190 891 -1
9 190 -1
190 1463 -1
685 1550 -1
353 685 -1
685 1237 -1
685 718 -1
685 1133 -1
