832 1196 1
416 624 1
519 1507 1
0 987 1
832 1144 1
1144 1196 1
53 105 1
313 834 1
210 1250 1
418 1146 1
314 782 1
55 730 1
210 885 1
885 1250 1
1304 1355 1
56 211 1
315 420 1
939 1512 1
5 1512 1
5 939 1
523 1304 1
523 1355 1
629 1358 1
1046 1150 1
1098 1150 1
1046 1098 1
837 1305 1
733 1149 1
58 993 1
165 1463 1
112 1359 1
424 579 1
944 1203 1
840 1412 1
9 320 1
165 1515 1
1463 1515 1
425 1362 1
893 1049 1
373 1257 1
1309 1466 1
789 998 1
477 1049 1
477 893 1
844 1103 1
116 1052 1
948 1052 1
116 948 1
532 843 1
117 427 1
169 896 1
66 1106 1
15 637 1
1418 1418 1
741 1365 1
846 1210 1
1157 1418 1
222 950 1
848 1056 1
848 1420 1
1056 1420 1
69 848 1
69 1056 1
69 1420 1
17 1367 1
1057 1161 1
590 797 1
19 798 1
381 1005 1
902 1318 1
382 1266 1
901 1161 1
901 1057 1
851 1423 1
125 279 1
331 383 1
903 1216 1
696 1216 1
696 903 1
20 1163 1
957 1425 1
22 541 1
802 906 1
1322 1425 1
957 1322 1
1009 1166 1
957 1062 1
1062 1425 1
1062 1322 1
129 335 1
960 1167 1
959 1116 1
647 1220 1
335 1219 1
129 1219 1
231 439 1
338 1325 1
857 1533 1
546 1274 1
234 649 1
857 961 1
961 1533 1
389 1170 1
1015 1484 1
703 1015 1
703 1484 1
236 287 1
29 339 1
81 1431 1
1119 1223 1
498 913 1
31 1278 1
549 758 1
965 1329 1
186 1225 1
965 1121 1
1121 1329 1
1279 1488 1
655 1331 1
292 1487 1
136 343 1
240 967 1
239 291 1
188 552 1
87 1125 1
293 1438 1
35 970 1
1177 1490 1
35 1334 1
970 1334 1
1386 1489 1
192 452 1
141 608 1
764 1231 1
89 1179 1
971 1543 1
504 1543 1
504 971 1
765 974 1
661 1130 1
506 1546 1
505 870 1
557 1285 1
1078 1234 1
921 1286 1
716 1340 1
767 1235 1
195 247 1
767 924 1
924 1235 1
144 403 1
1028 1548 1
1082 1134 1
977 1341 1
249 1446 1
249 822 1
822 1446 1
353 614 1
926 1497 1
304 1031 1
771 1448 1
1136 1239 1
303 1083 1
97 460 1
355 1552 1
875 1135 1
1086 1553 1
410 826 1
670 826 1
410 670 1
825 1086 1
825 1553 1
617 669 1
620 879 1
516 880 1
1244 1296 1
464 724 1
983 1347 1
1140 1503 1
931 932 1
258 1245 1
777 1193 1
309 1141 1
155 1506 1
309 309 1
830 934 1
310 362 1
749 752 -1
384 642 -1
1050 1060 -1
137 537 -1
158 733 -1
158 1149 -1
389 699 -1
699 1170 -1
24 425 -1
24 1362 -1
140 374 -1
1156 1173 -1
140 633 -1
13 682 -1
1236 1540 -1
571 591 -1
573 1273 -1
1205 1221 -1
1410 1416 -1
995 1394 -1
1038 1446 -1
249 1038 -1
822 1038 -1
1404 1446 -1
249 1404 -1
822 1404 -1
266 320 -1
9 266 -1
831 845 -1
1017 1411 -1
258 785 -1
785 1245 -1
1266 1268 -1
382 1268 -1
831 1457 -1
59 82 -1
1163 1421 -1
20 1421 -1
146 417 -1
453 739 -1
178 911 -1
97 715 -1
460 715 -1
473 498 -1
473 913 -1
790 1439 -1
992 1245 -1
258 992 -1
1093 1122 -1
1439 1465 -1
1027 1124 -1
226 1352 -1
1097 1112 -1
209 258 -1
209 1245 -1
530 773 -1
92 656 -1
1199 1245 -1
258 1199 -1
1038 1302 -1
139 1428 -1
1465 1554 -1
1045 1054 -1
1405 1410 -1
1404 1405 -1
627 673 -1
49 380 -1
1462 1498 -1
77 390 -1
1213 1487 -1
292 1213 -1
883 1167 -1
883 960 -1
1167 1423 -1
960 1423 -1
851 1167 -1
1103 1540 -1
844 1540 -1
792 830 -1
792 934 -1
177 667 -1
1039 1060 -1
22 231 -1
231 541 -1
22 439 -1
682 706 -1
214 362 -1
214 310 -1
219 362 -1
219 310 -1
738 1294 -1
998 1033 -1
789 1033 -1
146 629 -1
146 1358 -1
70 435 -1
1098 1381 -1
1046 1381 -1
1150 1381 -1
1025 1103 -1
844 1025 -1
781 810 -1
3 112 -1
3 1359 -1
997 1023 -1
1065 1081 -1
1422 1423 -1
851 1422 -1
1056 1087 -1
848 1087 -1
1087 1420 -1
69 1087 -1
250 1198 -1
13 706 -1
474 498 -1
474 913 -1
699 702 -1
207 609 -1
371 682 -1
446 454 -1
215 238 -1
898 936 -1
172 513 -1
1462 1485 -1
1309 1315 -1
1315 1466 -1
801 807 -1
83 480 -1
311 407 -1
1127 1242 -1
578 782 -1
314 578 -1
602 610 -1
883 902 -1
883 1318 -1
1195 1215 -1
757 765 -1
757 974 -1
336 1222 -1
128 805 -1
453 636 -1
1040 1060 -1
786 788 -1
592 1242 -1
573 1247 -1
1201 1337 -1
886 1513 -1
494 519 -1
494 1507 -1
533 722 -1
634 752 -1
133 1425 -1
133 1322 -1
133 957 -1
133 1062 -1
733 1249 -1
1149 1249 -1
279 609 -1
125 609 -1
1482 1532 -1
117 185 -1
185 427 -1
1226 1234 -1
1078 1226 -1
1186 1301 -1
789 815 -1
815 998 -1
928 1426 -1
1113 1172 -1
2 7 -1
317 424 -1
317 579 -1
832 845 -1
845 1144 -1
845 1196 -1
693 695 -1
1069 1078 -1
1069 1234 -1
887 1141 -1
309 887 -1
626 630 -1
1077 1273 -1
850 1467 -1
1410 1417 -1
996 1145 -1
1416 1424 -1
54 94 -1
1156 1461 -1
323 350 -1
81 1425 -1
1425 1431 -1
81 1322 -1
81 957 -1
81 1062 -1
