156 1143 1
675 1300 1
1299 1403 1
312 675 1
312 1300 1
883 1351 1
675 883 1
312 883 1
883 1300 1
675 1351 1
468 935 1
1 883 1
1 312 1
1 675 1
1 1300 1
1 1351 1
156 416 1
416 1143 1
1 988 1
675 988 1
988 1351 1
883 988 1
988 1300 1
312 988 1
520 779 1
208 935 1
208 468 1
832 1040 1
53 623 1
0 104 1
1091 1196 1
311 728 1
104 883 1
0 883 1
1 104 1
104 675 1
104 1351 1
104 1300 1
104 312 1
104 988 1
779 1092 1
520 1092 1
0 468 1
104 468 1
468 883 1
0 208 1
0 935 1
107 417 1
938 1354 1
1197 1406 1
1301 1354 1
938 1301 1
313 1509 1
262 677 1
782 1042 1
55 159 1
1302 1458 1
3 938 1
3 1354 1
3 1301 1
938 1353 1
1353 1354 1
3 1353 1
1301 1353 1
3 107 1
107 1353 1
107 938 1
107 1354 1
107 1301 1
3 417 1
1509 1510 1
313 1510 1
833 1250 1
470 626 1
1041 1042 1
782 1041 1
782 1406 1
1041 1406 1
1042 1406 1
782 1197 1
210 573 1
1354 1509 1
3 1509 1
1353 1509 1
938 1509 1
107 1509 1
1301 1509 1
1354 1510 1
313 1354 1
730 885 1
55 107 1
107 159 1
55 417 1
3 55 1
55 1509 1
55 1353 1
55 938 1
55 1301 1
55 1354 1
109 316 1
575 680 1
731 887 1
315 1147 1
160 1459 1
263 836 1
160 1304 1
1304 1459 1
211 315 1
211 1147 1
419 1200 1
575 1200 1
680 1200 1
419 575 1
367 1355 1
471 1459 1
160 471 1
471 1304 1
524 1459 1
160 524 1
524 1304 1
471 524 1
160 1512 1
1304 1512 1
1459 1512 1
524 1512 1
471 1512 1
992 1199 1
316 731 1
109 731 1
316 887 1
4 212 1
211 1303 1
1147 1303 1
315 1303 1
57 419 1
57 1200 1
57 575 1
732 1147 1
315 732 1
211 732 1
732 1303 1
680 1512 1
1200 1512 1
575 1512 1
160 680 1
524 680 1
680 1459 1
471 680 1
680 1304 1
369 1202 1
421 630 1
111 1098 1
266 421 1
266 630 1
890 1357 1
577 1097 1
421 1254 1
266 1254 1
630 1254 1
265 1461 1
785 1462 1
370 1461 1
265 370 1
58 786 1
7 1253 1
162 266 1
162 1254 1
162 421 1
162 630 1
422 1254 1
266 422 1
421 422 1
422 630 1
162 422 1
59 1097 1
59 577 1
577 942 1
942 1097 1
59 942 1
681 1305 1
1253 1253 1
1201 1306 1
578 1305 1
578 681 1
370 1046 1
265 1046 1
1046 1461 1
111 473 1
473 1098 1
111 318 1
318 473 1
318 1098 1
473 525 1
525 1098 1
318 525 1
111 525 1
61 1047 1
9 1099 1
165 1255 1
736 995 1
215 684 1
372 1255 1
165 372 1
1204 1412 1
735 736 1
735 995 1
113 892 1
113 580 1
580 892 1
527 1516 1
580 1307 1
113 1307 1
892 1307 1
683 996 1
892 1203 1
113 1203 1
1203 1307 1
580 1203 1
475 1256 1
475 1203 1
1203 1256 1
475 580 1
113 475 1
475 1307 1
475 892 1
8 1359 1
840 1411 1
631 684 1
215 631 1
112 424 1
631 1516 1
684 1516 1
215 1516 1
527 631 1
1099 1464 1
9 1464 1
1151 1308 1
8 944 1
944 1359 1
1307 1412 1
113 1412 1
1203 1412 1
580 1412 1
475 1412 1
892 1412 1
1204 1307 1
374 790 1
114 946 1
633 1413 1
10 1049 1
530 893 1
945 1049 1
10 945 1
529 1466 1
167 425 1
529 1361 1
1361 1466 1
374 998 1
790 998 1
270 1309 1
426 1050 1
685 1362 1
217 1310 1
167 218 1
218 425 1
426 633 1
633 1050 1
426 1413 1
10 1101 1
1049 1101 1
945 1101 1
841 945 1
841 1049 1
10 841 1
841 1101 1
1049 1049 1
841 946 1
945 946 1
10 946 1
946 1101 1
946 1049 1
114 841 1
582 1205 1
425 894 1
218 894 1
167 894 1
841 998 1
10 998 1
946 998 1
998 1101 1
945 998 1
114 998 1
998 1049 1
374 841 1
790 841 1
12 13 1
1364 1468 1
272 532 1
740 1415 1
169 740 1
169 1415 1
169 947 1
740 947 1
947 1415 1
1104 1208 1
895 1364 1
895 1468 1
12 480 1
13 480 1
219 272 1
219 532 1
1415 1519 1
169 1519 1
947 1519 1
740 1519 1
12 479 1
479 480 1
13 479 1
219 1051 1
272 1051 1
532 1051 1
635 1208 1
635 1104 1
895 1312 1
1312 1468 1
1312 1364 1
168 1156 1
169 1312 1
947 1312 1
740 1312 1
1312 1519 1
1312 1415 1
169 1364 1
169 1468 1
169 895 1
843 1468 1
843 1312 1
169 843 1
843 1364 1
843 895 1
949 1053 1
897 1313 1
377 430 1
377 1002 1
430 1002 1
585 846 1
377 949 1
949 1002 1
430 949 1
377 1053 1
741 1158 1
14 1053 1
14 377 1
14 949 1
742 1417 1
67 1210 1
377 377 1
845 1210 1
67 845 1
482 586 1
1157 1209 1
325 1261 1
1054 1105 1
15 429 1
898 1106 1
1053 1522 1
377 1522 1
949 1522 1
14 1522 1
118 1209 1
118 1157 1
274 1417 1
274 742 1
171 429 1
15 171 1
1261 1314 1
325 1314 1
689 950 1
846 1001 1
585 1001 1
15 1054 1
171 1054 1
429 1054 1
15 1105 1
69 795 1
640 1055 1
743 951 1
536 1108 1
1367 1523 1
120 951 1
120 743 1
1212 1420 1
380 1315 1
692 899 1
1264 1420 1
1212 1264 1
899 1472 1
692 1472 1
483 1160 1
587 692 1
587 1472 1
587 899 1
16 327 1
224 640 1
224 1055 1
328 692 1
328 1472 1
328 587 1
328 899 1
795 1472 1
69 1472 1
795 899 1
328 795 1
587 795 1
692 795 1
952 1524 1
121 1211 1
173 535 1
639 1212 1
639 1264 1
639 1420 1
120 744 1
743 744 1
744 951 1
379 1368 1
328 431 1
431 1472 1
431 899 1
431 587 1
431 692 1
431 795 1
642 850 1
1109 1526 1
693 1421 1
278 1058 1
329 953 1
174 433 1
175 1318 1
849 850 1
642 849 1
381 1473 1
70 1422 1
537 745 1
590 642 1
590 849 1
590 850 1
849 1109 1
850 1109 1
642 1109 1
590 1109 1
849 1526 1
745 1422 1
537 1422 1
70 745 1
1213 1473 1
381 1213 1
642 1421 1
849 1421 1
850 1421 1
1109 1421 1
590 1421 1
642 693 1
537 1526 1
745 1526 1
1422 1526 1
537 849 1
537 1109 1
174 330 1
330 433 1
278 693 1
693 1058 1
278 642 1
278 1421 1
174 434 1
433 434 1
330 434 1
228 903 1
332 695 1
955 956 1
73 435 1
176 643 1
73 695 1
435 695 1
73 332 1
125 383 1
73 747 1
435 747 1
332 747 1
695 747 1
21 21 1
904 955 1
904 956 1
643 904 1
176 904 1
643 955 1
643 956 1
644 696 1
800 1060 1
591 799 1
696 1423 1
644 1423 1
799 1008 1
591 1008 1
591 1111 1
1008 1111 1
799 1111 1
177 695 1
73 177 1
177 435 1
177 332 1
177 747 1
644 800 1
696 800 1
800 1423 1
644 1060 1
124 1215 1
592 1059 1
1215 1320 1
124 1320 1
955 1423 1
904 1423 1
643 1423 1
956 1423 1
800 955 1
644 955 1
696 955 1
1373 1426 1
333 698 1
906 1010 1
489 1165 1
74 698 1
74 333 1
229 594 1
178 645 1
1114 1426 1
1114 1373 1
1426 1529 1
1114 1529 1
1373 1529 1
282 437 1
541 697 1
646 1009 1
179 697 1
179 541 1
1062 1321 1
23 1322 1
386 1425 1
23 542 1
542 1322 1
229 906 1
594 906 1
229 1010 1
645 1322 1
178 1322 1
542 645 1
23 645 1
126 229 1
126 1010 1
126 594 1
126 906 1
438 490 1
23 749 1
749 1322 1
645 749 1
542 749 1
1010 1270 1
906 1270 1
229 1270 1
126 1270 1
282 333 1
333 437 1
282 698 1
74 282 1
76 647 1
76 960 1
647 960 1
908 1324 1
232 439 1
336 1011 1
647 1324 1
960 1324 1
76 1324 1
647 908 1
699 1479 1
25 700 1
1220 1480 1
129 1063 1
387 1115 1
440 648 1
180 1428 1
128 1064 1
544 1116 1
77 648 1
77 440 1
25 543 1
543 700 1
388 1324 1
388 960 1
76 388 1
388 908 1
388 647 1
129 387 1
387 1063 1
129 1115 1
700 1063 1
25 1063 1
543 1063 1
129 700 1
387 700 1
595 1063 1
129 595 1
387 595 1
25 595 1
595 700 1
543 595 1
231 804 1
491 699 1
491 1479 1
442 1430 1
910 1326 1
234 961 1
389 1273 1
390 1065 1
858 1014 1
909 1378 1
337 1013 1
441 961 1
234 441 1
182 494 1
27 1429 1
181 1169 1
806 1013 1
337 806 1
337 442 1
442 1013 1
442 806 1
337 1430 1
27 234 1
234 1429 1
27 961 1
27 441 1
27 337 1
337 961 1
234 337 1
337 1429 1
337 441 1
27 806 1
27 1013 1
27 1430 1
27 442 1
285 1430 1
285 337 1
285 442 1
27 285 1
805 1378 1
805 909 1
233 962 1
962 1065 1
233 1065 1
390 962 1
545 1482 1
1013 1066 1
337 1066 1
442 1066 1
27 1066 1
806 1066 1
391 1119 1
703 1431 1
1431 1536 1
703 1536 1
132 444 1
808 1067 1
391 443 1
443 1119 1
756 860 1
911 1120 1
444 652 1
132 652 1
184 1380 1
912 1119 1
443 912 1
391 912 1
496 1536 1
496 703 1
496 1431 1
288 548 1
288 496 1
496 548 1
288 1536 1
288 1431 1
288 703 1
495 1535 1
391 964 1
912 964 1
443 964 1
964 1119 1
340 1484 1
1431 1432 1
1432 1536 1
496 1432 1
288 1432 1
703 1432 1
236 1015 1
183 703 1
183 1536 1
183 288 1
183 1431 1
183 496 1
183 1432 1
1120 1328 1
911 1328 1
1329 1485 1
654 1537 1
705 1121 1
498 861 1
706 913 1
185 393 1
290 1121 1
290 705 1
445 757 1
393 810 1
185 810 1
809 1537 1
654 809 1
394 706 1
394 913 1
1122 1538 1
341 705 1
341 1121 1
290 341 1
186 1537 1
186 809 1
186 654 1
705 758 1
758 1121 1
290 758 1
341 758 1
186 1122 1
1122 1537 1
654 1122 1
809 1122 1
186 1538 1
445 809 1
757 809 1
445 1537 1
445 1122 1
445 654 1
186 445 1
861 1382 1
498 1382 1
1277 1433 1
237 393 1
185 237 1
237 810 1
809 1225 1
1225 1537 1
1122 1225 1
654 1225 1
757 1225 1
186 1225 1
445 1225 1
604 811 1
84 1019 1
32 1488 1
137 395 1
447 968 1
343 552 1
240 499 1
1227 1488 1
32 1227 1
916 1383 1
448 863 1
1228 1384 1
655 1279 1
240 916 1
499 916 1
240 1383 1
1383 1436 1
240 1436 1
916 1436 1
707 708 1
188 1072 1
292 967 1
1072 1331 1
188 1331 1
240 1019 1
1019 1436 1
499 1019 1
916 1019 1
1019 1383 1
84 240 1
239 292 1
239 967 1
85 137 1
85 395 1
500 552 1
343 500 1
655 1487 1
1279 1487 1
656 1072 1
656 1331 1
188 656 1
448 500 1
500 863 1
448 552 1
343 448 1
345 1437 1
762 813 1
1334 1541 1
138 1022 1
241 1282 1
502 866 1
190 449 1
658 1490 1
241 449 1
449 1282 1
190 241 1
293 1126 1
293 814 1
814 1126 1
190 1385 1
449 1385 1
241 1385 1
1022 1334 1
138 1334 1
1022 1541 1
242 657 1
1074 1126 1
293 1074 1
814 1074 1
242 1073 1
657 1073 1
294 1489 1
1021 1281 1
605 1126 1
605 1074 1
293 605 1
605 814 1
294 865 1
865 1489 1
1126 1281 1
1074 1281 1
293 1281 1
814 1281 1
605 1281 1
1021 1126 1
813 1229 1
762 1229 1
397 865 1
397 1489 1
294 397 1
555 1075 1
452 659 1
660 1127 1
711 1491 1
555 1283 1
1075 1283 1
763 1024 1
191 868 1
660 764 1
764 1127 1
763 1231 1
1024 1231 1
972 1180 1
348 451 1
295 607 1
764 816 1
660 816 1
816 1127 1
503 660 1
503 816 1
503 764 1
503 1127 1
400 1023 1
607 659 1
295 659 1
452 607 1
347 1232 1
141 1440 1
712 1076 1
556 1336 1
1023 1491 1
400 1491 1
711 1023 1
37 607 1
37 659 1
37 452 1
37 295 1
660 1023 1
816 1023 1
503 1023 1
764 1023 1
1023 1127 1
660 711 1
400 660 1
660 1491 1
245 1025 1
661 870 1
245 1286 1
1025 1286 1
1234 1494 1
869 1546 1
1025 1545 1
245 1545 1
1286 1545 1
505 505 1
193 1390 1
38 1337 1
922 1337 1
38 922 1
453 1130 1
245 402 1
402 1025 1
402 1286 1
402 1545 1
1181 1337 1
922 1181 1
38 1181 1
1077 1389 1
506 1026 1
142 1181 1
142 1337 1
142 922 1
38 142 1
246 1233 1
921 1545 1
921 1025 1
402 921 1
245 921 1
921 1286 1
817 974 1
143 1026 1
143 506 1
1077 1338 1
1338 1389 1
870 1233 1
661 1233 1
246 870 1
714 974 1
714 817 1
559 767 1
716 1183 1
1236 1443 1
144 144 1
923 1028 1
299 352 1
40 871 1
248 924 1
1443 1547 1
1236 1547 1
715 1547 1
715 1443 1
715 1236 1
352 664 1
299 664 1
299 1547 1
352 1547 1
664 1547 1
299 1443 1
299 715 1
299 1236 1
195 1495 1
351 767 1
351 559 1
299 1496 1
352 1496 1
1443 1496 1
715 1496 1
1496 1547 1
1236 1496 1
664 1496 1
144 145 1
41 820 1
455 1235 1
41 455 1
455 820 1
41 1235 1
1339 1391 1
507 1027 1
976 1547 1
352 976 1
976 1443 1
715 976 1
299 976 1
976 1496 1
976 1236 1
664 976 1
821 1342 1
457 1446 1
146 1341 1
821 1081 1
1081 1342 1
197 925 1
147 1081 1
147 821 1
147 1342 1
614 1082 1
457 1550 1
1446 1550 1
354 1030 1
147 250 1
250 1081 1
250 821 1
250 1342 1
822 1341 1
146 822 1
874 1550 1
457 874 1
874 1446 1
1081 1497 1
250 1497 1
147 1497 1
821 1497 1
1342 1497 1
665 874 1
457 665 1
665 1446 1
665 1550 1
1394 1445 1
43 1081 1
43 147 1
43 821 1
43 1497 1
43 250 1
43 1342 1
353 1498 1
42 1550 1
42 457 1
42 874 1
42 1446 1
42 665 1
149 459 1
252 304 1
252 927 1
304 927 1
460 1291 1
251 1083 1
1188 1292 1
512 1552 1
720 1343 1
97 512 1
97 1552 1
407 1291 1
407 460 1
44 1395 1
407 1395 1
1291 1395 1
460 1395 1
44 407 1
927 1239 1
304 1239 1
252 1239 1
823 1551 1
356 1291 1
356 1395 1
356 460 1
356 407 1
251 252 1
252 1083 1
251 304 1
251 1239 1
251 927 1
199 668 1
460 511 1
511 1395 1
511 1291 1
356 511 1
407 511 1
199 251 1
251 668 1
199 304 1
199 1239 1
199 1083 1
199 252 1
199 927 1
254 1450 1
462 1397 1
514 826 1
98 513 1
357 773 1
565 929 1
1189 1241 1
618 1449 1
1189 1397 1
1241 1397 1
462 1189 1
1189 1345 1
1241 1345 1
1345 1397 1
462 1345 1
773 1502 1
357 1502 1
46 1189 1
46 1241 1
46 1397 1
46 462 1
46 1345 1
98 1034 1
513 1034 1
982 1450 1
254 982 1
150 514 1
150 826 1
410 1241 1
410 1345 1
410 1189 1
46 410 1
410 1397 1
306 878 1
410 514 1
514 1345 1
514 1189 1
46 514 1
514 1397 1
514 1241 1
150 410 1
410 826 1
565 1190 1
929 1190 1
515 1192 1
49 516 1
1191 1452 1
412 463 1
49 724 1
516 724 1
568 1556 1
1036 1451 1
49 1088 1
724 1088 1
516 1088 1
1139 1400 1
204 412 1
204 463 1
308 1347 1
307 983 1
307 1036 1
983 1036 1
307 1451 1
464 1088 1
49 464 1
464 724 1
464 516 1
101 880 1
515 984 1
984 1192 1
360 1452 1
360 1191 1
359 775 1
1087 1555 1
672 1244 1
880 1296 1
101 1296 1
775 932 1
359 932 1
360 776 1
776 1452 1
776 1191 1
1191 1347 1
360 1347 1
776 1347 1
1347 1452 1
308 1191 1
515 1140 1
1140 1192 1
984 1140 1
155 155 1
414 1505 1
258 673 1
1038 1246 1
362 465 1
621 1090 1
673 1453 1
258 1453 1
102 1193 1
674 881 1
466 517 1
362 1506 1
465 1506 1
829 1506 1
465 829 1
362 829 1
102 1505 1
1193 1505 1
102 414 1
50 51 1
1037 1401 1
726 985 1
517 881 1
466 881 1
517 674 1
933 1401 1
933 1037 1
1090 1402 1
621 1402 1
310 725 1
621 726 1
726 1090 1
726 1402 1
621 985 1
1037 1090 1
1090 1401 1
933 1090 1
621 1037 1
726 1037 1
1037 1402 1
206 726 1
206 1090 1
206 621 1
206 1037 1
206 985 1
206 1402 1
143 278 -1
278 1026 -1
278 506 -1
143 1058 -1
143 693 -1
143 642 -1
143 1421 -1
571 585 -1
571 1001 -1
571 846 -1
115 192 -1
135 304 -1
135 1239 -1
135 252 -1
135 251 -1
135 199 -1
135 927 -1
1038 1461 -1
1246 1461 -1
265 1038 -1
370 1038 -1
1038 1046 -1
1461 1486 -1
265 1486 -1
370 1486 -1
1046 1486 -1
989 1017 -1
1027 1124 -1
507 1124 -1
27 440 -1
440 961 -1
440 806 -1
234 440 -1
337 440 -1
440 1066 -1
440 1429 -1
440 1430 -1
440 441 -1
440 442 -1
285 440 -1
440 1013 -1
27 648 -1
27 77 -1
487 746 -1
937 1100 -1
96 715 -1
96 1547 -1
96 299 -1
96 976 -1
96 1443 -1
96 1236 -1
96 1496 -1
196 500 -1
196 552 -1
196 448 -1
196 863 -1
196 343 -1
1242 1362 -1
685 1242 -1
965 974 -1
817 965 -1
714 965 -1
1249 1277 -1
1249 1433 -1
1174 1305 -1
681 1174 -1
578 1174 -1
694 695 -1
73 694 -1
435 694 -1
332 694 -1
177 694 -1
694 747 -1
491 754 -1
699 754 -1
754 1479 -1
218 1387 -1
425 1387 -1
894 1387 -1
167 1387 -1
862 1461 -1
265 862 -1
370 862 -1
862 1046 -1
1337 1350 -1
922 1350 -1
1181 1350 -1
38 1350 -1
142 1350 -1
794 1033 -1
334 1220 -1
334 1480 -1
1048 1081 -1
43 1048 -1
147 1048 -1
821 1048 -1
1048 1497 -1
250 1048 -1
1048 1342 -1
1045 1070 -1
1214 1476 -1
1052 1060 -1
800 1052 -1
644 1052 -1
215 238 -1
238 1516 -1
238 684 -1
238 631 -1
312 331 -1
1 331 -1
331 675 -1
104 331 -1
331 883 -1
331 1300 -1
331 988 -1
786 1382 -1
58 1382 -1
498 786 -1
786 861 -1
1150 1329 -1
1150 1485 -1
287 824 -1
625 1254 -1
266 625 -1
422 625 -1
421 625 -1
625 630 -1
162 625 -1
469 528 -1
477 556 -1
477 1336 -1
1058 1063 -1
693 1063 -1
278 1063 -1
129 1058 -1
387 1058 -1
595 1058 -1
25 1058 -1
700 1058 -1
543 1058 -1
341 522 -1
522 705 -1
290 522 -1
522 758 -1
522 1121 -1
425 461 -1
218 461 -1
461 894 -1
167 461 -1
110 164 -1
63 1231 -1
63 1024 -1
63 763 -1
737 878 -1
306 737 -1
269 347 -1
269 1232 -1
281 1220 -1
281 1480 -1
47 738 -1
1078 1352 -1
1 695 -1
675 695 -1
695 1351 -1
104 695 -1
695 883 -1
695 1300 -1
312 695 -1
695 988 -1
1 73 -1
1 435 -1
1 332 -1
1 177 -1
1 747 -1
1025 1433 -1
1433 1545 -1
402 1433 -1
245 1433 -1
1286 1433 -1
921 1433 -1
1025 1277 -1
773 1551 -1
357 1551 -1
1502 1551 -1
773 823 -1
1369 1423 -1
800 1369 -1
643 1369 -1
644 1369 -1
904 1369 -1
696 1369 -1
955 1369 -1
956 1369 -1
988 1008 -1
1 1008 -1
675 1008 -1
1008 1351 -1
104 1008 -1
883 1008 -1
1008 1300 -1
312 1008 -1
988 1111 -1
591 988 -1
799 988 -1
367 518 -1
518 1355 -1
128 597 -1
597 1064 -1
1468 1487 -1
1312 1487 -1
169 1487 -1
843 1487 -1
1364 1487 -1
895 1487 -1
1279 1468 -1
655 1468 -1
817 821 -1
714 821 -1
821 974 -1
43 817 -1
147 817 -1
817 1497 -1
817 1081 -1
250 817 -1
817 1342 -1
681 717 -1
717 1305 -1
578 717 -1
850 1468 -1
849 1468 -1
642 1468 -1
1109 1468 -1
590 1468 -1
1421 1468 -1
850 1312 -1
169 850 -1
843 850 -1
850 1364 -1
850 895 -1
138 1427 -1
1334 1427 -1
1022 1427 -1
621 784 -1
784 1090 -1
784 1037 -1
206 784 -1
726 784 -1
784 985 -1
784 1402 -1
994 996 -1
683 994 -1
406 521 -1
212 829 -1
4 829 -1
212 465 -1
212 1506 -1
212 362 -1
70 435 -1
435 745 -1
435 1422 -1
70 73 -1
70 747 -1
70 177 -1
70 695 -1
571 586 -1
482 571 -1
576 1089 -1
1122 1150 -1
1150 1537 -1
1150 1538 -1
809 1150 -1
654 1150 -1
1150 1225 -1
186 1150 -1
445 1150 -1
861 1149 -1
498 1149 -1
1149 1382 -1
841 1023 -1
790 1023 -1
998 1023 -1
10 1023 -1
946 1023 -1
1023 1101 -1
945 1023 -1
114 1023 -1
374 1023 -1
1023 1049 -1
816 841 -1
711 841 -1
841 1127 -1
400 841 -1
841 1491 -1
660 841 -1
503 841 -1
764 841 -1
143 446 -1
446 1026 -1
446 506 -1
111 280 -1
280 473 -1
280 1098 -1
280 525 -1
280 318 -1
936 1330 -1
1005 1475 -1
1513 1550 -1
457 1513 -1
874 1513 -1
42 1513 -1
1446 1513 -1
665 1513 -1
897 1406 -1
1313 1406 -1
897 1041 -1
897 1042 -1
897 1197 -1
782 897 -1
1411 1457 -1
840 1457 -1
886 922 -1
886 1337 -1
886 1181 -1
38 886 -1
142 886 -1
181 699 -1
699 1169 -1
181 491 -1
181 1479 -1
1512 1557 -1
160 1557 -1
680 1557 -1
524 1557 -1
1200 1557 -1
1459 1557 -1
471 1557 -1
1304 1557 -1
575 1557 -1
923 1176 -1
1028 1176 -1
849 1371 -1
642 1371 -1
1371 1421 -1
590 1371 -1
850 1371 -1
1109 1371 -1
1371 1526 -1
537 1371 -1
942 1151 -1
577 1151 -1
59 1151 -1
1097 1151 -1
942 1308 -1
370 405 -1
265 405 -1
405 1461 -1
405 1046 -1
496 750 -1
750 1536 -1
288 750 -1
548 750 -1
183 750 -1
750 1431 -1
750 1432 -1
703 750 -1
37 270 -1
270 295 -1
270 659 -1
270 452 -1
270 607 -1
37 1309 -1
737 909 -1
737 1378 -1
737 805 -1
207 228 -1
207 903 -1
816 1465 -1
660 1465 -1
503 1465 -1
764 1465 -1
1023 1465 -1
1127 1465 -1
439 1482 -1
232 1482 -1
439 545 -1
1146 1462 -1
785 1146 -1
311 1064 -1
728 1064 -1
128 311 -1
572 592 -1
572 1059 -1
989 1174 -1
826 945 -1
514 945 -1
410 945 -1
150 945 -1
826 998 -1
826 841 -1
10 826 -1
826 1101 -1
826 946 -1
826 1049 -1
614 809 -1
809 1082 -1
614 1537 -1
614 1122 -1
614 1225 -1
614 654 -1
614 757 -1
186 614 -1
445 614 -1
473 498 -1
498 1098 -1
498 525 -1
318 498 -1
111 498 -1
473 861 -1
473 1382 -1
935 996 -1
208 996 -1
0 996 -1
468 996 -1
683 935 -1
658 1479 -1
1479 1490 -1
658 699 -1
491 658 -1
1051 1089 -1
272 1089 -1
219 1089 -1
532 1089 -1
1042 1045 -1
1041 1045 -1
1045 1406 -1
782 1045 -1
994 1037 -1
994 1090 -1
933 994 -1
621 994 -1
206 994 -1
726 994 -1
994 1401 -1
994 1402 -1
425 451 -1
218 451 -1
451 894 -1
167 451 -1
348 425 -1
991 1506 -1
465 991 -1
362 991 -1
829 991 -1
127 928 -1
1409 1445 -1
1394 1409 -1
154 263 -1
154 836 -1
268 682 -1
158 197 -1
158 925 -1
126 183 -1
183 1270 -1
183 1010 -1
183 594 -1
183 229 -1
183 906 -1
126 1536 -1
126 288 -1
126 496 -1
126 1431 -1
126 1432 -1
126 703 -1
849 1007 -1
642 1007 -1
1007 1421 -1
590 1007 -1
850 1007 -1
1007 1109 -1
1007 1526 -1
537 1007 -1
769 1278 -1
473 476 -1
476 1098 -1
476 525 -1
318 476 -1
111 476 -1
1017 1185 -1
132 1478 -1
652 1478 -1
444 1478 -1
169 1233 -1
1233 1312 -1
740 1233 -1
1233 1415 -1
843 1233 -1
1233 1519 -1
947 1233 -1
1233 1364 -1
1233 1468 -1
895 1233 -1
169 870 -1
169 246 -1
169 661 -1
61 421 -1
421 1047 -1
61 266 -1
61 422 -1
61 1254 -1
61 630 -1
61 162 -1
438 460 -1
460 490 -1
438 1395 -1
438 1291 -1
356 438 -1
438 511 -1
407 438 -1
503 738 -1
738 816 -1
738 764 -1
738 1023 -1
660 738 -1
738 1127 -1
64 1390 -1
64 193 -1
62 88 -1
64 562 -1
70 643 -1
643 745 -1
643 1422 -1
70 176 -1
70 904 -1
70 955 -1
70 956 -1
70 1423 -1
730 770 -1
770 885 -1
332 590 -1
73 590 -1
590 747 -1
177 590 -1
590 695 -1
332 1421 -1
332 849 -1
332 642 -1
332 850 -1
332 1109 -1
1130 1208 -1
453 1208 -1
1104 1130 -1
635 1130 -1
948 1133 -1
115 149 -1
115 459 -1
1514 1520 -1
1057 1071 -1
1204 1226 -1
1226 1307 -1
1226 1412 -1
99 738 -1
1513 1516 -1
631 1513 -1
684 1513 -1
215 1513 -1
527 1513 -1
728 897 -1
311 897 -1
728 1313 -1
490 756 -1
438 756 -1
490 860 -1
583 817 -1
583 714 -1
583 974 -1
1149 1411 -1
840 1149 -1
134 312 -1
1 134 -1
134 675 -1
104 134 -1
134 883 -1
134 1300 -1
134 988 -1
834 1462 -1
785 834 -1
1494 1497 -1
1234 1497 -1
43 1494 -1
147 1494 -1
821 1494 -1
1081 1494 -1
250 1494 -1
1342 1494 -1
1121 1363 -1
705 1363 -1
290 1363 -1
341 1363 -1
758 1363 -1
148 247 -1
922 1312 -1
1312 1337 -1
1181 1312 -1
38 1312 -1
142 1312 -1
740 922 -1
922 1415 -1
169 922 -1
843 922 -1
922 1519 -1
922 947 -1
922 1364 -1
922 1468 -1
895 922 -1
892 1342 -1
475 1342 -1
1342 1412 -1
113 1342 -1
1203 1342 -1
580 1342 -1
1307 1342 -1
43 892 -1
147 892 -1
821 892 -1
892 1497 -1
892 1081 -1
250 892 -1
163 406 -1
817 1225 -1
714 1225 -1
974 1225 -1
817 1537 -1
817 1122 -1
809 817 -1
654 817 -1
757 817 -1
186 817 -1
445 817 -1
243 633 -1
243 426 -1
243 1050 -1
243 1413 -1
862 1464 -1
9 862 -1
862 1099 -1
947 966 -1
966 1312 -1
169 966 -1
966 1519 -1
740 966 -1
966 1415 -1
513 763 -1
98 763 -1
763 1034 -1
513 1024 -1
513 1231 -1
329 592 -1
592 953 -1
329 1059 -1
300 344 -1
988 1029 -1
1 1029 -1
675 1029 -1
1029 1351 -1
104 1029 -1
883 1029 -1
1029 1300 -1
312 1029 -1
27 572 -1
572 961 -1
572 806 -1
234 572 -1
337 572 -1
572 1066 -1
572 1429 -1
572 1430 -1
441 572 -1
442 572 -1
285 572 -1
572 1013 -1
583 602 -1
311 1535 -1
728 1535 -1
311 495 -1
436 485 -1
685 764 -1
764 1362 -1
685 816 -1
503 685 -1
660 685 -1
685 1023 -1
685 1127 -1
1237 1305 -1
681 1237 -1
578 1237 -1
164 421 -1
164 266 -1
164 422 -1
164 1254 -1
164 630 -1
162 164 -1
842 855 -1
1413 1491 -1
633 1491 -1
426 1491 -1
400 1413 -1
1023 1413 -1
660 1413 -1
711 1413 -1
351 1081 -1
559 1081 -1
767 1081 -1
43 351 -1
147 351 -1
351 821 -1
351 1497 -1
250 351 -1
351 1342 -1
1395 1430 -1
356 1430 -1
44 1430 -1
1291 1430 -1
460 1430 -1
407 1430 -1
511 1430 -1
337 1395 -1
442 1395 -1
27 1395 -1
285 1395 -1
698 912 -1
74 912 -1
282 912 -1
333 912 -1
698 964 -1
443 698 -1
391 698 -1
698 1119 -1
1173 1461 -1
265 1173 -1
370 1173 -1
1046 1173 -1
1012 1321 -1
1012 1062 -1
444 1425 -1
652 1425 -1
132 1425 -1
386 444 -1
812 871 -1
40 812 -1
1426 1427 -1
1427 1529 -1
1114 1427 -1
1373 1427 -1
733 886 -1
54 59 -1
54 1097 -1
54 942 -1
54 577 -1
989 1446 -1
457 989 -1
874 989 -1
42 989 -1
989 1550 -1
665 989 -1
1150 1152 -1
1032 1490 -1
658 1032 -1
1254 1286 -1
266 1286 -1
422 1286 -1
421 1286 -1
630 1286 -1
162 1286 -1
921 1254 -1
1025 1254 -1
402 1254 -1
245 1254 -1
1254 1545 -1
125 537 -1
383 537 -1
125 1109 -1
125 745 -1
125 1526 -1
125 1422 -1
125 849 -1
85 97 -1
97 137 -1
97 395 -1
85 512 -1
85 1552 -1
1051 1110 -1
272 1110 -1
219 1110 -1
532 1110 -1
93 1065 -1
93 233 -1
93 962 -1
93 390 -1
579 613 -1
92 1377 -1
1115 1322 -1
129 1322 -1
387 1322 -1
178 1115 -1
749 1115 -1
645 1115 -1
542 1115 -1
23 1115 -1
488 538 -1
666 733 -1
705 718 -1
718 1121 -1
290 718 -1
341 718 -1
718 758 -1
1215 1494 -1
1320 1494 -1
124 1494 -1
1215 1234 -1
417 475 -1
3 475 -1
107 475 -1
55 475 -1
417 580 -1
417 1256 -1
113 417 -1
417 1203 -1
417 1412 -1
417 1307 -1
417 892 -1
936 1353 -1
3 936 -1
936 1509 -1
936 938 -1
107 936 -1
936 1301 -1
55 936 -1
936 1354 -1
1307 1510 -1
1412 1510 -1
113 1510 -1
1203 1510 -1
1204 1510 -1
580 1510 -1
475 1510 -1
892 1510 -1
313 1307 -1
1307 1354 -1
1307 1509 -1
990 1486 -1
1201 1203 -1
1203 1306 -1
475 1201 -1
580 1201 -1
1201 1256 -1
113 1201 -1
1201 1412 -1
1201 1307 -1
892 1201 -1
728 742 -1
311 742 -1
728 1417 -1
274 728 -1
1362 1439 -1
685 1439 -1
1404 1406 -1
1041 1404 -1
1042 1404 -1
1197 1404 -1
782 1404 -1
1153 1450 -1
982 1153 -1
254 1153 -1
415 423 -1
25 749 -1
595 749 -1
749 1063 -1
700 749 -1
543 749 -1
25 1322 -1
25 645 -1
25 542 -1
23 25 -1
297 734 -1
525 562 -1
473 562 -1
562 1098 -1
318 562 -1
111 562 -1
165 469 -1
372 469 -1
469 1255 -1
13 758 -1
480 758 -1
12 758 -1
479 758 -1
13 705 -1
13 290 -1
13 341 -1
13 1121 -1
893 919 -1
530 919 -1
237 324 -1
324 393 -1
324 810 -1
185 324 -1
566 738 -1
1059 1214 -1
592 1214 -1
1405 1417 -1
274 1405 -1
742 1405 -1
110 1290 -1
1185 1461 -1
265 1185 -1
370 1185 -1
1046 1185 -1
627 673 -1
258 627 -1
627 1453 -1
1100 1363 -1
222 311 -1
222 728 -1
1414 1450 -1
982 1414 -1
254 1414 -1
393 739 -1
185 739 -1
739 810 -1
237 739 -1
13 39 -1
39 480 -1
12 39 -1
39 479 -1
105 649 -1
577 1122 -1
1097 1122 -1
59 1122 -1
942 1122 -1
577 1537 -1
577 1538 -1
577 809 -1
577 654 -1
577 1225 -1
186 577 -1
445 577 -1
165 418 -1
372 418 -1
418 1255 -1
24 432 -1
785 817 -1
817 1462 -1
714 785 -1
785 974 -1
183 1373 -1
1373 1536 -1
288 1373 -1
496 1373 -1
1373 1431 -1
1373 1432 -1
703 1373 -1
183 1529 -1
183 1426 -1
183 1114 -1
546 1376 -1
271 1286 -1
271 921 -1
271 1025 -1
271 402 -1
245 271 -1
271 1545 -1
601 1077 -1
601 1338 -1
601 1389 -1
471 777 -1
160 777 -1
777 1512 -1
524 777 -1
680 777 -1
777 1459 -1
777 1304 -1
1100 1537 -1
1100 1122 -1
809 1100 -1
654 1100 -1
1100 1225 -1
186 1100 -1
445 1100 -1
375 401 -1
789 1127 -1
789 816 -1
764 789 -1
789 1023 -1
660 789 -1
503 789 -1
871 1435 -1
40 1435 -1
42 629 -1
457 629 -1
629 874 -1
629 1446 -1
629 1550 -1
629 665 -1
1422 1424 -1
745 1424 -1
1424 1526 -1
70 1424 -1
537 1424 -1
477 711 -1
477 1491 -1
477 660 -1
477 1023 -1
1060 1072 -1
800 1072 -1
644 1072 -1
656 1060 -1
1060 1331 -1
188 1060 -1
297 318 -1
297 473 -1
297 1098 -1
297 525 -1
111 297 -1
1038 1446 -1
1246 1446 -1
457 1038 -1
874 1038 -1
42 1038 -1
1038 1550 -1
665 1038 -1
454 549 -1
953 1018 -1
329 1018 -1
593 600 -1
491 749 -1
699 749 -1
749 1479 -1
491 1322 -1
491 645 -1
491 542 -1
23 491 -1
1204 1233 -1
1233 1307 -1
1233 1412 -1
870 1204 -1
246 1204 -1
661 1204 -1
154 731 -1
154 316 -1
109 154 -1
154 887 -1
532 569 -1
272 569 -1
569 1051 -1
219 569 -1
913 1545 -1
706 1545 -1
394 1545 -1
913 1025 -1
402 913 -1
245 913 -1
913 1286 -1
913 921 -1
386 391 -1
391 1425 -1
386 912 -1
386 443 -1
386 964 -1
386 1119 -1
36 477 -1
985 1252 -1
206 1252 -1
621 1252 -1
726 1252 -1
885 895 -1
730 895 -1
885 1312 -1
885 1468 -1
843 885 -1
885 1364 -1
169 885 -1
852 1110 -1
1300 1320 -1
1 1320 -1
675 1320 -1
104 1320 -1
883 1320 -1
312 1320 -1
988 1320 -1
124 1300 -1
1215 1300 -1
87 327 -1
16 87 -1
1130 1225 -1
453 1225 -1
1130 1537 -1
1122 1130 -1
809 1130 -1
654 1130 -1
757 1130 -1
186 1130 -1
445 1130 -1
743 761 -1
120 761 -1
744 761 -1
761 951 -1
542 911 -1
911 1322 -1
749 911 -1
645 911 -1
23 911 -1
542 1120 -1
542 1328 -1
1000 1182 -1
89 269 -1
1406 1508 -1
1041 1508 -1
1042 1508 -1
1197 1508 -1
782 1508 -1
883 904 -1
0 904 -1
1 904 -1
675 904 -1
904 1351 -1
104 904 -1
904 1300 -1
312 904 -1
468 904 -1
904 988 -1
176 883 -1
883 955 -1
883 956 -1
643 883 -1
883 1423 -1
176 927 -1
904 927 -1
643 927 -1
176 304 -1
176 251 -1
176 252 -1
176 199 -1
176 1239 -1
944 1394 -1
8 1394 -1
1359 1394 -1
944 1445 -1
1322 1324 -1
178 1324 -1
749 1324 -1
645 1324 -1
542 1324 -1
23 1324 -1
960 1322 -1
76 1322 -1
388 1322 -1
908 1322 -1
647 1322 -1
207 609 -1
1456 1482 -1
545 1456 -1
164 198 -1
942 974 -1
577 974 -1
59 974 -1
974 1097 -1
817 942 -1
714 942 -1
