727 988 1
675 727 1
675 988 1
936 988 1
675 936 1
727 936 1
883 1403 1
468 1039 1
416 1404 1
1299 1507 1
1403 1456 1
883 1456 1
260 1507 1
260 1299 1
53 1091 1
53 105 1
105 1091 1
832 1039 1
468 832 1
0 936 1
0 675 1
0 988 1
0 727 1
1405 1405 1
677 782 1
574 1198 1
573 1042 1
1145 1250 1
469 1145 1
469 1250 1
677 1041 1
782 1041 1
55 209 1
938 1510 1
314 1145 1
314 1250 1
314 469 1
1094 1353 1
625 626 1
885 1249 1
159 1302 1
730 938 1
730 1510 1
3 55 1
3 209 1
680 1355 1
264 939 1
471 940 1
940 1252 1
471 1252 1
211 1304 1
4 315 1
56 576 1
161 1303 1
5 523 1
419 991 1
679 731 1
211 264 1
264 1304 1
211 939 1
679 1148 1
731 1148 1
368 1096 1
575 1408 1
628 732 1
109 263 1
1251 1460 1
1045 1097 1
111 1514 1
733 1461 1
993 1358 1
6 370 1
525 733 1
525 1461 1
733 1046 1
1046 1461 1
525 1046 1
525 1305 1
733 1305 1
1046 1305 1
1305 1461 1
785 1410 1
163 889 1
162 1306 1
630 1097 1
630 1045 1
1098 1305 1
1098 1461 1
525 1098 1
1046 1098 1
733 1098 1
267 1307 1
579 683 1
8 839 1
995 1307 1
267 995 1
735 1360 1
113 1411 1
475 788 1
60 683 1
60 579 1
9 1412 1
528 580 1
1048 1412 1
9 1048 1
840 1099 1
579 788 1
683 788 1
60 788 1
475 579 1
475 1464 1
579 1464 1
788 1464 1
217 1414 1
477 997 1
63 789 1
685 1049 1
1049 1102 1
685 1102 1
789 1206 1
63 1206 1
529 530 1
11 633 1
477 1050 1
997 1050 1
790 946 1
790 1206 1
946 1206 1
789 790 1
63 790 1
167 322 1
998 1361 1
634 737 1
634 946 1
737 946 1
634 1206 1
634 790 1
64 583 1
583 740 1
64 740 1
65 376 1
169 895 1
1311 1520 1
220 1364 1
375 1259 1
844 1051 1
791 1103 1
896 1051 1
844 896 1
13 948 1
168 583 1
64 168 1
168 740 1
999 1364 1
220 999 1
583 1363 1
64 1363 1
168 1363 1
740 1363 1
325 949 1
741 793 1
14 1106 1
690 1366 1
170 430 1
1262 1418 1
221 637 1
637 949 1
221 949 1
325 637 1
377 1262 1
377 1418 1
273 637 1
221 273 1
273 325 1
273 949 1
326 1366 1
326 690 1
325 325 1
274 1157 1
325 1418 1
273 1418 1
949 1418 1
637 1418 1
325 1262 1
325 377 1
535 587 1
68 1472 1
69 743 1
69 535 1
535 743 1
69 587 1
483 483 1
639 1056 1
1160 1211 1
120 1212 1
692 1264 1
380 432 1
535 1159 1
587 1159 1
69 1159 1
743 1159 1
172 432 1
172 380 1
223 692 1
223 1264 1
68 952 1
952 1472 1
225 1473 1
433 1525 1
123 382 1
1057 1369 1
746 1318 1
329 850 1
849 954 1
1266 1369 1
1057 1266 1
1214 1265 1
1422 1473 1
225 1422 1
589 1525 1
433 589 1
1370 1473 1
225 1370 1
1370 1422 1
642 1110 1
485 1369 1
485 1057 1
485 1266 1
330 1422 1
330 1473 1
330 1370 1
225 330 1
644 955 1
383 1527 1
20 436 1
799 851 1
695 1060 1
1060 1163 1
695 1163 1
331 1476 1
1476 1528 1
331 1528 1
800 1164 1
73 1475 1
228 383 1
228 1527 1
956 1424 1
1268 1424 1
956 1268 1
124 592 1
747 1111 1
384 1216 1
1319 1423 1
383 1007 1
228 1007 1
1007 1527 1
749 1322 1
541 749 1
541 1322 1
853 1114 1
697 1009 1
23 1374 1
698 750 1
229 1114 1
229 853 1
593 1477 1
385 593 1
385 1477 1
1165 1426 1
802 1426 1
802 1165 1
906 1270 1
542 906 1
542 1270 1
74 1530 1
385 1321 1
593 1321 1
1321 1477 1
492 1323 1
387 647 1
336 648 1
388 1011 1
1064 1168 1
388 1428 1
1011 1428 1
388 1012 1
1011 1012 1
1012 1428 1
1271 1376 1
855 1428 1
855 1012 1
855 1011 1
388 855 1
959 1116 1
335 1531 1
129 1532 1
284 440 1
129 1168 1
1168 1532 1
129 1064 1
26 1481 1
753 1325 1
493 1169 1
910 1430 1
1013 1482 1
337 1429 1
1066 1066 1
1377 1378 1
441 753 1
441 1325 1
78 1429 1
78 337 1
1430 1482 1
910 1482 1
1013 1430 1
1117 1430 1
1117 1482 1
1013 1117 1
910 1117 1
181 1326 1
286 390 1
79 493 1
79 1169 1
859 1172 1
443 963 1
287 1172 1
287 859 1
755 1535 1
28 1327 1
184 859 1
184 1172 1
184 287 1
964 1223 1
340 964 1
340 1223 1
547 1276 1
1275 1431 1
392 1016 1
1120 1327 1
28 1120 1
235 1068 1
495 600 1
652 1120 1
28 652 1
652 1327 1
82 445 1
653 706 1
185 1018 1
185 1486 1
1018 1486 1
31 497 1
654 1277 1
393 1018 1
185 393 1
393 1486 1
446 1070 1
809 914 1
602 1382 1
445 1017 1
82 1017 1
342 862 1
1382 1486 1
602 1486 1
185 1382 1
1018 1382 1
393 1382 1
601 654 1
601 1277 1
708 1384 1
136 1123 1
759 1279 1
967 1071 1
551 812 1
500 864 1
33 448 1
1435 1487 1
1124 1227 1
499 1487 1
499 1435 1
759 1020 1
1020 1279 1
395 500 1
395 864 1
33 240 1
240 448 1
760 1383 1
292 1540 1
656 1228 1
551 863 1
812 863 1
762 1385 1
554 1229 1
657 1281 1
814 1074 1
709 1437 1
970 1282 1
397 1385 1
397 762 1
502 658 1
449 1490 1
241 1126 1
605 1385 1
605 762 1
397 605 1
709 1126 1
1126 1437 1
241 709 1
1230 1490 1
449 1230 1
709 866 1
241 866 1
866 1437 1
866 1126 1
763 1180 1
140 1439 1
295 868 1
192 1544 1
399 764 1
243 1179 1
1023 1076 1
347 556 1
919 1076 1
919 1023 1
37 141 1
971 1024 1
37 88 1
88 141 1
1232 1440 1
919 1075 1
1075 1076 1
1023 1075 1
348 1075 1
348 1023 1
348 1076 1
348 919 1
973 1026 1
143 558 1
610 1545 1
91 143 1
91 558 1
662 766 1
38 298 1
38 1182 1
298 1182 1
246 298 1
246 1182 1
38 246 1
91 973 1
558 973 1
143 973 1
91 1026 1
298 1285 1
246 1285 1
1182 1285 1
38 1285 1
610 1285 1
1285 1545 1
38 610 1
298 610 1
246 610 1
610 1182 1
612 1132 1
1027 1132 1
612 1027 1
196 611 1
195 976 1
924 1547 1
93 767 1
351 767 1
93 351 1
455 1183 1
196 560 1
560 611 1
1287 1288 1
196 664 1
560 664 1
611 664 1
196 1080 1
560 1080 1
664 1080 1
611 1080 1
820 1391 1
507 1287 1
507 1288 1
926 926 1
302 717 1
457 874 1
717 1341 1
302 1341 1
95 353 1
821 1082 1
562 665 1
458 718 1
1133 1394 1
94 977 1
249 1498 1
94 94 1
562 614 1
614 665 1
197 510 1
1289 1289 1
249 770 1
770 1498 1
42 1290 1
95 249 1
249 353 1
95 1498 1
95 770 1
720 1031 1
45 980 1
199 979 1
199 1344 1
979 1344 1
719 1551 1
512 1240 1
44 1084 1
200 460 1
1344 1499 1
979 1499 1
199 1499 1
199 928 1
928 1344 1
928 979 1
928 1499 1
459 824 1
563 1500 1
1188 1188 1
1499 1551 1
1344 1551 1
928 1551 1
979 1551 1
199 1551 1
719 1499 1
1293 1501 1
565 825 1
305 930 1
773 982 1
565 721 1
721 825 1
98 1137 1
253 514 1
202 1085 1
514 1554 1
253 1554 1
981 1033 1
410 462 1
306 1553 1
618 1502 1
1190 1554 1
514 1190 1
253 1190 1
826 1189 1
721 1190 1
825 1190 1
565 1190 1
514 721 1
721 1554 1
253 721 1
101 411 1
48 1556 1
931 1503 1
1087 1347 1
360 515 1
1452 1504 1
153 827 1
256 1244 1
879 1451 1
360 1088 1
515 1088 1
204 1400 1
256 1555 1
1244 1555 1
1191 1400 1
204 1191 1
1140 1452 1
1140 1504 1
256 515 1
515 1555 1
515 1244 1
256 360 1
256 1088 1
257 309 1
50 829 1
466 985 1
102 206 1
882 1401 1
674 1037 1
414 1298 1
570 1193 1
1089 1453 1
257 830 1
309 830 1
361 1558 1
206 1037 1
102 1037 1
206 674 1
1193 1505 1
570 1505 1
1349 1558 1
361 1349 1
569 1141 1
622 1402 1
257 466 1
309 466 1
466 830 1
257 985 1
150 1177 1
1177 1177 1
150 150 1
276 850 1
850 850 1
276 329 1
276 276 1
1420 1463 1
1463 1463 1
1420 1420 1
597 631 1
631 631 1
597 597 1
958 1458 1
1458 1458 1
958 958 1
636 904 1
904 904 1
636 636 1
831 1436 1
1436 1436 1
831 831 1
1302 1520 1
1520 1520 1
159 1520 1
1302 1302 1
1302 1311 1
1177 1389 1
1389 1389 1
150 1389 1
249 577 1
353 577 1
577 1498 1
577 770 1
577 577 1
95 577 1
249 249 1
279 1509 1
1509 1509 1
279 279 1
185 930 1
393 930 1
930 1018 1
930 1382 1
930 1486 1
930 930 1
185 305 1
185 185 1
522 1000 1
1000 1000 1
522 522 1
1185 1197 1
1197 1197 1
1185 1185 1
244 332 1
332 332 1
244 244 1
1049 1335 1
685 1335 1
1102 1335 1
1335 1335 1
1049 1049 1
1466 1539 1
1539 1539 1
1466 1466 1
704 1098 1
1098 1098 1
704 704 1
525 704 1
704 1461 1
704 1046 1
704 1305 1
704 733 1
516 1112 1
1112 1112 1
516 516 1
100 1236 1
1236 1236 1
100 100 1
694 706 1
706 706 1
653 694 1
694 694 1
243 918 1
918 1179 1
918 918 1
243 243 1
882 1074 1
1074 1401 1
1074 1074 1
882 882 1
814 882 1
58 638 1
638 638 1
58 58 1
886 1478 1
1478 1478 1
886 886 1
595 674 1
674 674 1
595 595 1
595 1037 1
206 595 1
79 1504 1
1504 1504 1
1169 1504 1
493 1504 1
79 1452 1
79 79 1
79 1140 1
1043 1398 1
1398 1398 1
1043 1043 1
183 426 1
426 426 1
183 183 1
218 1371 1
1371 1371 1
218 218 1
841 1326 1
1326 1326 1
841 841 1
181 841 1
814 1119 1
1074 1119 1
882 1119 1
1119 1119 1
814 814 1
206 833 1
833 833 1
674 833 1
595 833 1
833 1037 1
102 833 1
206 206 1
8 139 1
139 139 1
139 839 1
8 8 1
580 778 1
528 778 1
778 778 1
580 580 1
200 1417 1
1417 1417 1
460 1417 1
200 200 1
91 109 1
109 1026 1
109 109 1
109 973 1
109 558 1
109 143 1
91 263 1
91 91 1
811 973 1
973 973 1
811 1026 1
811 811 1
109 811 1
558 811 1
143 811 1
91 811 1
518 964 1
964 964 1
340 518 1
518 518 1
518 1223 1
254 1209 1
1209 1209 1
254 254 1
694 1500 1
706 1500 1
1500 1500 1
653 1500 1
563 694 1
726 1427 1
1427 1427 1
726 726 1
1006 1092 1
1092 1092 1
1006 1006 1
635 1506 1
1506 1506 1
635 635 1
455 736 1
736 736 1
736 1183 1
455 455 1
342 959 1
862 959 1
959 959 1
342 1116 1
342 342 1
46 300 1
300 300 1
46 46 1
653 1362 1
706 1362 1
1362 1500 1
1362 1362 1
694 1362 1
653 653 1
959 1267 1
1267 1267 1
1116 1267 1
862 1267 1
342 1267 1
757 1108 1
1108 1108 1
757 757 1
58 126 1
126 126 1
126 638 1
441 515 1
515 753 1
515 515 1
515 1325 1
441 1088 1
256 441 1
360 441 1
441 1555 1
441 441 1
441 1244 1
136 1298 1
1298 1298 1
1123 1298 1
136 136 1
136 414 1
271 1436 1
271 271 1
271 831 1
84 92 1
92 92 1
84 84 1
1183 1286 1
736 1286 1
1286 1286 1
455 1286 1
1183 1183 1
242 1448 1
1448 1448 1
242 242 1
426 1054 1
1054 1054 1
183 1054 1
1068 1122 1
1122 1122 1
235 1122 1
1068 1068 1
536 775 1
775 775 1
536 536 1
847 1154 1
1154 1154 1
847 847 1
685 1078 1
1049 1078 1
1078 1078 1
1078 1102 1
1078 1335 1
685 685 1
239 275 1
275 275 1
239 239 1
1006 1060 1
1060 1060 1
1060 1092 1
1006 1163 1
695 1006 1
596 1243 1
1243 1243 1
596 596 1
356 1393 1
1393 1393 1
356 356 1
442 1010 1
1010 1010 1
442 442 1
690 1453 1
326 1453 1
1366 1453 1
1453 1453 1
690 1089 1
690 690 1
54 674 1
54 833 1
54 1037 1
54 206 1
54 595 1
54 54 1
451 793 1
793 793 1
451 451 1
451 741 1
1364 1395 1
1395 1395 1
220 1395 1
999 1395 1
1364 1364 1
492 1225 1
1225 1225 1
1225 1323 1
492 492 1
79 375 1
375 1504 1
375 1452 1
375 493 1
375 1169 1
375 1140 1
375 375 1
79 1259 1
338 662 1
662 662 1
338 338 1
338 766 1
138 654 1
654 654 1
138 601 1
138 138 1
138 1277 1
376 821 1
65 821 1
821 821 1
376 376 1
376 1082 1
1405 1549 1
1549 1549 1
305 1193 1
185 1193 1
930 1193 1
1193 1193 1
305 1505 1
305 305 1
305 570 1
163 901 1
889 901 1
901 901 1
163 163 1
645 1457 1
1457 1457 1
645 645 1
526 983 1
983 983 1
526 526 1
385 453 1
453 593 1
453 453 1
453 1477 1
453 1321 1
385 385 1
65 1262 1
376 1262 1
821 1262 1
1262 1262 1
65 65 1
65 325 1
65 1418 1
65 377 1
14 944 1
944 944 1
944 1106 1
14 14 1
275 1384 -1
275 708 -1
518 1087 -1
518 1347 -1
162 904 -1
904 1306 -1
1194 1289 -1
1237 1322 -1
749 1237 -1
541 1237 -1
789 1177 -1
790 1177 -1
1177 1206 -1
63 1177 -1
284 1122 -1
440 1122 -1
58 86 -1
125 1390 -1
46 494 -1
22 480 -1
848 968 -1
1120 1296 -1
652 1296 -1
28 1296 -1
1296 1327 -1
831 995 -1
267 831 -1
831 1307 -1
490 1190 -1
490 514 -1
490 721 -1
490 1554 -1
490 565 -1
490 825 -1
253 490 -1
728 1430 -1
728 1482 -1
728 1013 -1
728 910 -1
728 1117 -1
504 740 -1
64 504 -1
168 504 -1
504 1363 -1
504 583 -1
673 1437 -1
673 866 -1
673 709 -1
673 1126 -1
196 1290 -1
560 1290 -1
664 1290 -1
611 1290 -1
1080 1290 -1
42 196 -1
653 1460 -1
706 1460 -1
653 1251 -1
487 560 -1
487 664 -1
487 1080 -1
487 611 -1
196 487 -1
422 1551 -1
422 1344 -1
422 928 -1
199 422 -1
422 719 -1
422 979 -1
422 1499 -1
45 769 -1
769 980 -1
939 1515 -1
264 1515 -1
211 1515 -1
255 1040 -1
370 968 -1
6 968 -1
294 804 -1
620 673 -1
440 1258 -1
284 1258 -1
860 1323 -1
492 860 -1
223 458 -1
458 1264 -1
458 692 -1
223 718 -1
341 1392 -1
993 1421 -1
1358 1421 -1
32 435 -1
233 384 -1
233 1216 -1
105 1166 -1
1091 1166 -1
53 1166 -1
411 688 -1
101 688 -1
863 1529 -1
812 1529 -1
551 1529 -1
593 767 -1
385 767 -1
767 1477 -1
767 1321 -1
93 593 -1
351 593 -1
469 821 -1
821 1145 -1
821 1250 -1
314 821 -1
469 1082 -1
1350 1534 -1
330 1199 -1
1199 1473 -1
1199 1370 -1
1199 1422 -1
225 1199 -1
359 580 -1
359 528 -1
1013 1283 -1
1283 1482 -1
1117 1283 -1
1283 1430 -1
636 959 -1
636 1116 -1
313 438 -1
176 350 -1
72 558 -1
72 91 -1
72 973 -1
72 143 -1
1032 1319 -1
1032 1423 -1
560 863 -1
664 863 -1
863 1080 -1
611 863 -1
196 863 -1
560 812 -1
551 560 -1
1080 1248 -1
560 1248 -1
664 1248 -1
611 1248 -1
196 1248 -1
239 432 -1
172 239 -1
239 380 -1
388 1233 -1
1012 1233 -1
1011 1233 -1
1233 1428 -1
855 1233 -1
401 1440 -1
401 1232 -1
1405 1515 -1
545 1346 -1
265 386 -1
203 452 -1
181 861 -1
861 1326 -1
35 625 -1
35 626 -1
487 524 -1
773 1451 -1
982 1451 -1
773 879 -1
28 1086 -1
1086 1120 -1
652 1086 -1
1086 1327 -1
721 1115 -1
514 1115 -1
1115 1190 -1
1115 1554 -1
565 1115 -1
825 1115 -1
253 1115 -1
1453 1556 -1
1089 1556 -1
48 1453 -1
576 721 -1
56 721 -1
514 576 -1
576 1190 -1
576 1554 -1
565 576 -1
576 825 -1
253 576 -1
1199 1302 -1
159 1199 -1
386 1556 -1
48 386 -1
882 1007 -1
1007 1401 -1
882 1527 -1
228 882 -1
383 882 -1
1107 1111 -1
747 1107 -1
649 1462 -1
646 782 -1
646 1041 -1
646 677 -1
838 914 -1
809 838 -1
754 1275 -1
754 1431 -1
135 1446 -1
37 1358 -1
88 1358 -1
141 1358 -1
37 993 -1
36 916 -1
121 866 -1
121 241 -1
121 709 -1
121 1126 -1
121 1437 -1
141 575 -1
88 575 -1
37 575 -1
141 1408 -1
344 1049 -1
344 685 -1
344 1102 -1
1321 1372 -1
385 1372 -1
1372 1477 -1
593 1372 -1
958 1347 -1
958 1087 -1
438 676 -1
1346 1448 -1
99 268 -1
1072 1143 -1
580 894 -1
528 894 -1
944 1011 -1
944 1428 -1
388 944 -1
944 1012 -1
855 944 -1
1295 1471 -1
946 1106 -1
737 1106 -1
634 1106 -1
1106 1206 -1
790 1106 -1
14 946 -1
135 1361 -1
135 998 -1
285 569 -1
285 1141 -1
1251 1291 -1
1291 1460 -1
759 1411 -1
1020 1411 -1
1279 1411 -1
113 759 -1
504 1166 -1
335 1197 -1
1197 1531 -1
963 972 -1
443 972 -1
526 530 -1
526 529 -1
1137 1555 -1
98 1555 -1
256 1137 -1
515 1137 -1
1137 1244 -1
448 1315 -1
240 1315 -1
33 1315 -1
87 1294 -1
279 1258 -1
79 529 -1
529 1169 -1
493 529 -1
79 530 -1
252 804 -1
245 274 -1
245 1157 -1
18 1333 -1
554 1461 -1
1229 1461 -1
554 1305 -1
554 1098 -1
554 733 -1
554 1046 -1
525 554 -1
291 492 -1
291 1323 -1
490 1517 -1
69 625 -1
587 625 -1
535 625 -1
625 1159 -1
625 743 -1
69 626 -1
402 648 -1
336 402 -1
766 1436 -1
662 1436 -1
497 1251 -1
31 1251 -1
497 1460 -1
56 279 -1
279 576 -1
290 575 -1
290 1408 -1
310 1206 -1
310 946 -1
310 634 -1
310 789 -1
310 790 -1
63 310 -1
142 244 -1
416 1478 -1
1404 1478 -1
314 1366 -1
1145 1366 -1
1250 1366 -1
469 1366 -1
314 690 -1
314 326 -1
40 648 -1
40 336 -1
129 1119 -1
1119 1168 -1
1064 1119 -1
1119 1532 -1
201 1065 -1
798 1312 -1
186 734 -1
235 690 -1
690 1068 -1
235 326 -1
235 1366 -1
753 1420 -1
441 1420 -1
1325 1420 -1
197 465 -1
465 510 -1
291 993 -1
291 1358 -1
60 537 -1
537 579 -1
537 683 -1
537 788 -1
755 1308 -1
1308 1535 -1
168 1193 -1
64 1193 -1
1193 1363 -1
740 1193 -1
583 1193 -1
168 1505 -1
168 570 -1
122 1508 -1
226 1523 -1
354 1312 -1
933 1374 -1
23 933 -1
325 682 -1
682 1418 -1
682 1262 -1
273 682 -1
682 949 -1
377 682 -1
637 682 -1
41 1523 -1
821 1545 -1
1082 1545 -1
610 821 -1
821 1285 -1
987 1240 -1
512 987 -1
205 1064 -1
205 1168 -1
129 205 -1
1492 1548 -1
133 271 -1
647 1059 -1
387 1059 -1
825 1351 -1
721 1351 -1
565 1351 -1
1190 1351 -1
46 1341 -1
46 717 -1
46 302 -1
1053 1539 -1
715 858 -1
605 1423 -1
1385 1423 -1
762 1423 -1
397 1423 -1
605 1319 -1
398 566 -1
351 538 -1
93 538 -1
538 767 -1
793 1082 -1
741 1082 -1
793 821 -1
785 1447 -1
1410 1447 -1
10 1356 -1
1214 1427 -1
1265 1427 -1
672 1371 -1
363 942 -1
507 1470 -1
1288 1470 -1
1287 1470 -1
443 1341 -1
963 1341 -1
443 717 -1
302 443 -1
757 1354 -1
156 360 -1
156 1088 -1
156 256 -1
156 515 -1
65 1171 -1
376 1171 -1
62 1318 -1
62 746 -1
140 1488 -1
1439 1488 -1
209 1330 -1
3 1330 -1
55 1330 -1
252 1354 -1
693 800 -1
693 1164 -1
1145 1161 -1
1161 1250 -1
314 1161 -1
469 1161 -1
539 1199 -1
385 1438 -1
593 1438 -1
1438 1477 -1
1321 1438 -1
36 1103 -1
36 791 -1
500 1287 -1
864 1287 -1
395 1287 -1
500 1288 -1
500 507 -1
142 1284 -1
47 1171 -1
689 1303 -1
161 689 -1
182 1287 -1
182 1288 -1
182 507 -1
1387 1509 -1
4 1518 -1
315 1518 -1
263 1494 -1
109 1494 -1
245 1172 -1
184 245 -1
245 859 -1
245 287 -1
166 1093 -1
431 526 -1
529 1555 -1
530 1555 -1
256 529 -1
515 529 -1
529 1244 -1
69 1019 -1
587 1019 -1
535 1019 -1
1019 1159 -1
743 1019 -1
1124 1533 -1
1227 1533 -1
782 936 -1
936 1041 -1
677 936 -1
0 782 -1
675 782 -1
782 988 -1
727 782 -1
73 1515 -1
1475 1515 -1
1156 1186 -1
236 424 -1
449 1050 -1
1050 1490 -1
1050 1230 -1
449 477 -1
449 997 -1
398 715 -1
273 379 -1
379 949 -1
379 1418 -1
379 637 -1
325 379 -1
221 379 -1
21 1189 -1
21 826 -1
1108 1323 -1
492 1108 -1
48 1229 -1
1229 1556 -1
48 554 -1
1182 1343 -1
298 1343 -1
610 1343 -1
246 1343 -1
38 1343 -1
1285 1343 -1
157 755 -1
157 1535 -1
258 1554 -1
258 721 -1
258 514 -1
253 258 -1
258 1190 -1
693 769 -1
51 321 -1
476 868 -1
295 476 -1
290 1346 -1
264 548 -1
548 1304 -1
548 939 -1
211 548 -1
338 1306 -1
162 338 -1
26 1476 -1
1476 1481 -1
26 1528 -1
26 331 -1
662 940 -1
766 940 -1
662 1252 -1
471 662 -1
886 1135 -1
1011 1461 -1
1428 1461 -1
388 1461 -1
1012 1461 -1
855 1461 -1
1011 1305 -1
1011 1098 -1
733 1011 -1
1011 1046 -1
525 1011 -1
231 967 -1
231 1071 -1
742 1493 -1
753 1342 -1
441 1342 -1
1325 1342 -1
97 346 -1
687 864 -1
395 687 -1
500 687 -1
693 1201 -1
329 341 -1
341 850 -1
856 1327 -1
856 1120 -1
652 856 -1
28 856 -1
114 1478 -1
1031 1408 -1
720 1408 -1
575 1031 -1
1 1506 -1
536 1268 -1
536 1424 -1
536 956 -1
149 701 -1
843 858 -1
1044 1074 -1
814 1044 -1
390 1517 -1
286 1517 -1
137 1291 -1
1308 1501 -1
1293 1308 -1
118 482 -1
1215 1268 -1
1215 1424 -1
956 1215 -1
49 931 -1
49 1503 -1
243 503 -1
503 1179 -1
503 918 -1
1090 1142 -1
204 671 -1
671 1400 -1
671 1191 -1
