1196 1455 1
676 727 1
1144 1403 1
1299 1404 1
0 363 1
415 520 1
467 1248 1
415 676 1
520 676 1
415 727 1
311 1300 1
520 1040 1
676 1040 1
415 1040 1
207 728 1
832 1300 1
311 832 1
312 1039 1
259 364 1
675 832 1
675 1300 1
311 675 1
259 883 1
364 883 1
1195 1404 1
1195 1299 1
366 990 1
469 834 1
470 729 1
885 1093 1
1249 1405 1
626 1145 1
54 781 1
678 833 1
159 730 1
107 1405 1
107 1249 1
106 886 1
1250 1354 1
365 730 1
159 365 1
469 937 1
834 937 1
677 782 1
417 834 1
417 937 1
417 469 1
885 1041 1
1041 1093 1
418 574 1
729 1457 1
470 1457 1
56 108 1
4 939 1
1043 1460 1
576 1355 1
887 1459 1
56 316 1
108 316 1
1252 1407 1
679 1200 1
991 992 1
887 1460 1
1459 1460 1
887 1043 1
628 1511 1
627 1304 1
472 1460 1
472 1043 1
472 1459 1
472 887 1
576 1148 1
1148 1355 1
5 1044 1
524 1355 1
524 576 1
524 1148 1
474 474 1
163 838 1
421 993 1
6 163 1
6 838 1
59 214 1
421 994 1
993 994 1
58 58 1
265 733 1
162 994 1
162 993 1
162 421 1
6 1097 1
163 1097 1
838 1097 1
213 474 1
7 1202 1
369 1149 1
630 1514 1
111 734 1
317 630 1
317 1514 1
7 370 1
370 1202 1
527 840 1
632 1463 1
528 631 1
995 1516 1
319 995 1
319 1516 1
372 1099 1
215 1203 1
372 423 1
423 1099 1
527 943 1
840 943 1
995 1100 1
1100 1516 1
319 1100 1
9 996 1
995 1515 1
1100 1515 1
1515 1516 1
319 1515 1
579 684 1
423 527 1
527 1099 1
372 527 1
423 840 1
423 943 1
11 321 1
11 529 1
321 529 1
790 1102 1
10 269 1
737 1205 1
322 1518 1
530 894 1
322 322 1
269 425 1
10 425 1
322 893 1
893 1518 1
115 998 1
10 1465 1
425 1465 1
269 1465 1
686 1361 1
477 737 1
477 1205 1
738 894 1
530 738 1
1206 1361 1
686 1206 1
1206 1413 1
1361 1413 1
686 1413 1
583 1312 1
636 1363 1
947 1364 1
479 1000 1
272 1519 1
219 844 1
1415 1416 1
323 376 1
271 740 1
168 688 1
116 480 1
168 427 1
427 688 1
1000 1520 1
479 1520 1
427 1052 1
168 1052 1
688 1052 1
116 791 1
480 791 1
376 1415 1
323 1415 1
376 1416 1
1156 1467 1
948 1311 1
326 690 1
325 1054 1
429 1106 1
949 1158 1
170 377 1
1001 1417 1
586 1106 1
429 586 1
534 1417 1
534 1001 1
325 533 1
533 1054 1
1001 1002 1
1002 1417 1
534 1002 1
637 741 1
950 1365 1
15 533 1
15 325 1
15 1054 1
326 1417 1
690 1417 1
326 1001 1
326 1002 1
326 534 1
588 1160 1
1108 1315 1
743 1211 1
173 900 1
691 744 1
1263 1316 1
1107 1524 1
587 1160 1
587 588 1
379 1315 1
379 1108 1
691 900 1
744 900 1
173 691 1
68 328 1
899 1055 1
795 1471 1
692 1471 1
692 795 1
484 1211 1
484 743 1
899 1160 1
1055 1160 1
587 899 1
588 899 1
745 1265 1
434 1369 1
330 589 1
590 1109 1
590 694 1
694 1109 1
71 1110 1
641 745 1
641 1265 1
225 1214 1
123 953 1
225 1526 1
1214 1526 1
641 850 1
745 850 1
850 1265 1
1318 1473 1
590 1421 1
1109 1421 1
694 1421 1
641 901 1
745 901 1
850 901 1
901 1265 1
902 1317 1
332 539 1
1112 1320 1
177 696 1
435 1372 1
125 1007 1
332 1215 1
539 1215 1
1216 1371 1
21 592 1
176 1112 1
176 1320 1
539 540 1
332 540 1
540 1215 1
592 1111 1
21 1111 1
177 1112 1
696 1112 1
177 1320 1
176 177 1
21 956 1
592 956 1
956 1111 1
488 696 1
488 1112 1
177 488 1
75 1217 1
1113 1114 1
1270 1529 1
906 906 1
179 1425 1
1010 1166 1
438 1530 1
1061 1218 1
541 1426 1
385 1477 1
853 1478 1
179 1218 1
1218 1425 1
179 1061 1
1217 1425 1
75 1425 1
1217 1218 1
179 1217 1
23 1529 1
23 1270 1
281 749 1
645 958 1
489 957 1
230 1269 1
282 1321 1
283 803 1
1116 1532 1
1324 1427 1
231 648 1
856 1063 1
1479 1480 1
595 1323 1
596 1428 1
648 1428 1
231 1428 1
596 648 1
491 1532 1
491 1116 1
647 908 1
76 959 1
231 1063 1
648 1063 1
1063 1428 1
231 856 1
908 1115 1
647 1115 1
388 1323 1
388 595 1
960 1063 1
856 960 1
648 960 1
960 1428 1
231 960 1
442 1222 1
806 961 1
338 1169 1
1065 1326 1
442 753 1
753 1222 1
962 1533 1
545 754 1
702 1013 1
1221 1482 1
597 701 1
754 1378 1
545 1378 1
857 858 1
390 1273 1
1378 1534 1
545 1534 1
754 1534 1
753 1273 1
442 1273 1
1222 1273 1
390 753 1
285 754 1
285 545 1
285 1378 1
285 1534 1
444 807 1
236 1120 1
392 496 1
133 1380 1
184 756 1
184 704 1
704 756 1
288 548 1
392 1431 1
496 1431 1
912 1276 1
340 444 1
340 807 1
1380 1432 1
133 1432 1
29 599 1
496 1171 1
392 1171 1
1171 1431 1
132 755 1
1224 1431 1
392 1224 1
496 1224 1
1171 1224 1
651 704 1
184 651 1
651 756 1
393 1330 1
238 238 1
653 653 1
549 1225 1
290 394 1
498 1018 1
238 342 1
1277 1486 1
550 810 1
498 758 1
758 1018 1
289 1121 1
445 810 1
445 550 1
82 1018 1
82 498 1
82 758 1
653 1070 1
757 1017 1
238 1174 1
342 1174 1
1330 1485 1
393 1485 1
83 601 1
82 342 1
342 1018 1
342 498 1
342 758 1
82 1174 1
82 238 1
1123 1332 1
812 1176 1
968 1436 1
551 655 1
137 707 1
32 500 1
863 1487 1
552 656 1
292 448 1
292 1436 1
448 1436 1
292 968 1
447 759 1
552 1228 1
656 1228 1
655 1279 1
551 1279 1
863 1539 1
1487 1539 1
552 1331 1
656 1331 1
1228 1331 1
811 1383 1
396 1487 1
396 1539 1
396 863 1
87 241 1
969 1541 1
917 1229 1
658 1281 1
1282 1385 1
241 502 1
87 502 1
190 761 1
35 450 1
501 762 1
35 970 1
450 970 1
1229 1333 1
917 1333 1
397 450 1
397 970 1
35 397 1
761 918 1
190 918 1
86 398 1
138 1126 1
189 501 1
189 762 1
553 762 1
501 553 1
189 553 1
1024 1128 1
244 919 1
348 660 1
243 295 1
191 659 1
347 504 1
452 867 1
400 659 1
191 400 1
711 763 1
1023 1024 1
1023 1128 1
659 660 1
400 660 1
191 660 1
348 659 1
347 919 1
504 919 1
244 347 1
191 1232 1
400 1232 1
659 1232 1
660 1232 1
347 1076 1
504 1076 1
244 1076 1
919 1076 1
90 454 1
1337 1442 1
142 1026 1
90 1025 1
454 1025 1
1285 1390 1
143 1182 1
1078 1182 1
143 1078 1
38 454 1
38 1025 1
38 90 1
1025 1182 1
90 1182 1
38 1182 1
454 1182 1
143 1025 1
1025 1078 1
38 246 1
246 1025 1
90 246 1
246 1182 1
246 454 1
194 1285 1
194 1390 1
1027 1132 1
663 767 1
247 1496 1
819 1288 1
1080 1183 1
975 976 1
1132 1183 1
1027 1183 1
1080 1132 1
456 1028 1
768 924 1
767 975 1
663 975 1
767 976 1
404 507 1
40 1080 1
40 1132 1
40 1183 1
403 1184 1
664 1080 1
40 664 1
664 1132 1
664 1183 1
300 1547 1
300 1235 1
1235 1547 1
561 666 1
1342 1498 1
249 1393 1
146 302 1
94 873 1
821 1446 1
354 458 1
42 302 1
42 146 1
666 769 1
561 769 1
198 406 1
405 1342 1
405 1498 1
510 1081 1
1289 1290 1
354 1549 1
458 1549 1
770 873 1
94 770 1
770 925 1
873 925 1
94 925 1
250 1498 1
250 405 1
250 1342 1
772 1291 1
355 719 1
252 304 1
356 1187 1
1500 1552 1
875 1344 1
149 615 1
460 1500 1
460 1552 1
149 563 1
563 615 1
719 1396 1
355 1396 1
564 771 1
719 927 1
355 927 1
927 1396 1
303 355 1
303 927 1
303 1396 1
303 719 1
45 563 1
45 149 1
45 615 1
459 1447 1
878 1137 1
150 773 1
357 1398 1
929 1449 1
357 1501 1
1398 1501 1
669 1449 1
669 929 1
566 721 1
1241 1501 1
357 1241 1
1241 1398 1
1501 1553 1
1241 1553 1
357 1553 1
1398 1553 1
98 1553 1
98 1241 1
98 1501 1
98 1398 1
98 357 1
566 1346 1
721 1346 1
981 1137 1
878 981 1
1244 1452 1
101 1191 1
359 983 1
464 879 1
620 1087 1
308 828 1
776 1087 1
620 776 1
775 1295 1
1035 1452 1
1035 1244 1
153 1556 1
203 984 1
359 412 1
412 983 1
101 671 1
671 1191 1
307 1191 1
101 307 1
307 671 1
1036 1243 1
307 828 1
671 828 1
101 828 1
828 1191 1
307 308 1
621 986 1
50 1557 1
1505 1557 1
50 1505 1
465 517 1
205 985 1
517 1194 1
465 1194 1
517 986 1
465 986 1
986 1194 1
517 621 1
778 1246 1
881 1557 1
881 1505 1
50 881 1
725 777 1
1038 1194 1
465 1038 1
986 1038 1
517 1038 1
414 466 1
51 1090 1
1038 1193 1
465 1193 1
1193 1194 1
986 1193 1
517 1193 1
448 1266 1
1266 1436 1
1266 1266 1
292 1266 1
448 448 1
938 1152 1
1152 1152 1
938 938 1
103 1476 1
1476 1476 1
103 103 1
827 1070 1
1070 1070 1
827 827 1
653 827 1
499 633 1
633 633 1
499 499 1
160 558 1
558 558 1
160 160 1
571 1024 1
1024 1024 1
571 1128 1
571 571 1
571 1023 1
402 1387 1
1387 1387 1
402 402 1
11 1103 1
321 1103 1
1103 1103 1
529 1103 1
11 11 1
1419 1487 1
1487 1487 1
1419 1539 1
396 1419 1
1419 1419 1
863 1419 1
696 1518 1
1112 1518 1
177 1518 1
488 1518 1
1518 1518 1
322 696 1
696 696 1
696 893 1
561 945 1
769 945 1
666 945 1
945 945 1
561 561 1
585 1488 1
1488 1488 1
585 585 1
239 871 1
871 871 1
239 239 1
1062 1420 1
1420 1420 1
1062 1062 1
358 1377 1
1377 1377 1
358 358 1
481 678 1
678 678 1
481 833 1
481 481 1
152 732 1
732 732 1
152 152 1
915 1034 1
1034 1034 1
915 915 1
227 833 1
833 833 1
227 481 1
227 227 1
227 678 1
91 600 1
600 600 1
91 91 1
652 1243 1
1243 1243 1
652 652 1
652 1036 1
524 1353 1
576 1353 1
1353 1353 1
1353 1355 1
1148 1353 1
524 524 1
8 604 1
604 604 1
8 8 1
538 1354 1
1354 1354 1
538 1250 1
538 538 1
219 243 1
243 243 1
243 844 1
219 219 1
219 295 1
1300 1484 1
832 1484 1
675 1484 1
1484 1484 1
311 1484 1
1300 1300 1
56 1085 1
316 1085 1
108 1085 1
1085 1085 1
56 56 1
678 1550 1
833 1550 1
227 1550 1
1550 1550 1
481 1550 1
243 1329 1
844 1329 1
219 1329 1
1329 1329 1
295 1329 1
1073 1153 1
1153 1153 1
1073 1073 1
651 1008 1
704 1008 1
184 1008 1
756 1008 1
1008 1008 1
651 651 1
13 422 1
422 422 1
13 13 1
440 1195 1
1195 1195 1
440 440 1
440 1299 1
440 1404 1
199 808 1
808 808 1
199 199 1
712 1033 1
1033 1033 1
712 712 1
236 838 1
838 1120 1
838 838 1
163 236 1
6 236 1
236 1097 1
236 236 1
185 803 1
803 803 1
185 185 1
185 283 1
267 440 1
267 267 1
267 1299 1
267 1195 1
267 1404 1
803 1252 1
185 1252 1
283 1252 1
1252 1252 1
803 1407 1
337 1195 1
267 337 1
337 337 1
337 1299 1
337 440 1
337 1404 1
591 1511 1
1511 1511 1
591 628 1
591 591 1
342 464 1
464 1174 1
464 498 1
238 464 1
464 464 1
82 464 1
464 758 1
464 1018 1
342 342 1
342 879 1
587 703 1
703 1160 1
703 899 1
588 703 1
703 703 1
587 587 1
494 755 1
755 755 1
132 494 1
494 494 1
640 1492 1
1492 1492 1
640 640 1
116 856 1
480 856 1
856 856 1
791 856 1
116 960 1
116 231 1
116 1063 1
116 116 1
91 1141 1
600 1141 1
1141 1141 1
83 467 1
467 601 1
467 467 1
83 1248 1
83 83 1
90 164 1
164 1025 1
164 164 1
164 454 1
38 164 1
164 246 1
164 1182 1
90 90 1
1383 1550 1
811 1550 1
833 1383 1
227 1383 1
678 1383 1
1383 1383 1
481 1383 1
359 652 1
412 652 1
652 983 1
359 359 1
359 1036 1
359 1243 1
1196 1364 1
1364 1364 1
1364 1455 1
947 1196 1
1196 1196 1
1135 1369 1
1369 1369 1
434 1135 1
1135 1135 1
114 906 1
114 114 1
265 289 -1
289 733 -1
265 1121 -1
887 933 -1
933 1043 -1
472 933 -1
933 1459 -1
933 1460 -1
857 1060 -1
858 1060 -1
1181 1485 -1
393 1181 -1
1181 1330 -1
253 373 -1
1509 1515 -1
1509 1516 -1
995 1509 -1
1100 1509 -1
319 1509 -1
956 1265 -1
592 1265 -1
21 1265 -1
1111 1265 -1
745 956 -1
850 956 -1
901 956 -1
641 956 -1
595 597 -1
597 1323 -1
388 597 -1
595 701 -1
1354 1358 -1
1250 1358 -1
522 527 -1
522 840 -1
522 1099 -1
423 522 -1
372 522 -1
522 943 -1
1000 1018 -1
1018 1520 -1
479 1018 -1
498 1000 -1
342 1000 -1
82 1000 -1
758 1000 -1
1410 1415 -1
1410 1416 -1
376 1410 -1
323 1410 -1
1007 1473 -1
125 1473 -1
1007 1318 -1
841 1543 -1
657 1420 -1
281 651 -1
651 749 -1
281 704 -1
184 281 -1
281 756 -1
832 1423 -1
675 1423 -1
1300 1423 -1
311 1423 -1
299 396 -1
299 863 -1
299 1539 -1
299 1487 -1
91 731 -1
1301 1308 -1
1416 1446 -1
376 1446 -1
1415 1446 -1
821 1416 -1
235 1056 -1
1007 1057 -1
125 1057 -1
1220 1222 -1
753 1220 -1
442 1220 -1
1220 1273 -1
336 805 -1
989 996 -1
9 989 -1
1225 1337 -1
549 1337 -1
1225 1442 -1
896 1538 -1
989 1185 -1
1097 1121 -1
163 1121 -1
838 1121 -1
6 1121 -1
289 1097 -1
103 108 -1
56 103 -1
103 316 -1
38 654 -1
654 1025 -1
90 654 -1
654 1182 -1
454 654 -1
246 654 -1
168 914 -1
688 914 -1
427 914 -1
914 1052 -1
168 193 -1
193 688 -1
193 427 -1
193 1052 -1
1007 1018 -1
125 1018 -1
498 1007 -1
342 1007 -1
82 1007 -1
758 1007 -1
474 476 -1
213 476 -1
95 569 -1
105 134 -1
284 285 -1
284 545 -1
284 754 -1
284 1378 -1
284 1534 -1
955 1352 -1
855 1414 -1
677 683 -1
683 782 -1
33 41 -1
1303 1505 -1
881 1303 -1
50 1303 -1
1303 1557 -1
94 569 -1
569 873 -1
569 770 -1
569 925 -1
435 642 -1
642 1372 -1
583 1182 -1
1182 1312 -1
583 1025 -1
38 583 -1
454 583 -1
143 583 -1
583 1078 -1
90 583 -1
246 583 -1
1060 1064 -1
982 1378 -1
545 982 -1
754 982 -1
285 982 -1
982 1534 -1
442 1500 -1
753 1500 -1
1222 1500 -1
1273 1500 -1
442 1552 -1
442 460 -1
440 1143 -1
270 555 -1
260 326 -1
260 1417 -1
260 690 -1
260 1002 -1
260 534 -1
260 1001 -1
1299 1406 -1
1195 1406 -1
1404 1406 -1
1405 1415 -1
1249 1415 -1
107 1415 -1
1405 1416 -1
376 1405 -1
323 1405 -1
1068 1074 -1
93 1065 -1
93 1326 -1
913 1513 -1
841 1395 -1
781 810 -1
54 810 -1
445 781 -1
550 781 -1
180 806 -1
180 961 -1
902 1423 -1
1317 1423 -1
1197 1238 -1
997 1544 -1
1129 1133 -1
139 432 -1
1144 1158 -1
1158 1403 -1
949 1144 -1
82 665 -1
342 665 -1
238 665 -1
665 758 -1
498 665 -1
665 1174 -1
665 1018 -1
868 1049 -1
1462 1467 -1
1156 1462 -1
161 1453 -1
1162 1424 -1
51 94 -1
94 1090 -1
51 873 -1
51 770 -1
51 925 -1
574 809 -1
418 809 -1
892 938 -1
94 523 -1
523 873 -1
523 770 -1
523 925 -1
1459 1497 -1
472 1497 -1
1460 1497 -1
887 1497 -1
1094 1100 -1
995 1094 -1
1094 1516 -1
1094 1515 -1
319 1094 -1
1043 1090 -1
472 1090 -1
1090 1460 -1
887 1090 -1
51 1043 -1
186 245 -1
868 878 -1
868 1137 -1
868 981 -1
978 1358 -1
123 531 -1
531 953 -1
297 526 -1
278 531 -1
966 978 -1
530 763 -1
738 763 -1
763 894 -1
530 711 -1
603 1066 -1
1011 1013 -1
702 1011 -1
541 755 -1
755 1426 -1
132 541 -1
933 1511 -1
628 933 -1
1124 1184 -1
403 1124 -1
1098 1363 -1
636 1098 -1
926 1546 -1
168 454 -1
454 688 -1
427 454 -1
454 1052 -1
168 1025 -1
90 168 -1
168 1182 -1
38 168 -1
168 246 -1
249 314 -1
314 1393 -1
574 810 -1
418 810 -1
445 574 -1
550 574 -1
164 681 -1
259 1291 -1
883 1291 -1
364 1291 -1
259 772 -1
65 90 -1
65 1182 -1
65 1025 -1
38 65 -1
65 454 -1
65 246 -1
333 1480 -1
333 1479 -1
810 818 -1
445 818 -1
550 818 -1
63 149 -1
63 563 -1
45 63 -1
63 615 -1
288 489 -1
489 548 -1
288 957 -1
1428 1481 -1
648 1481 -1
960 1481 -1
1063 1481 -1
596 1481 -1
231 1481 -1
1137 1310 -1
981 1310 -1
878 1310 -1
1409 1423 -1
238 350 -1
350 1174 -1
82 350 -1
342 350 -1
749 1531 -1
281 1531 -1
1161 1467 -1
1156 1161 -1
583 601 -1
601 1312 -1
83 583 -1
844 1181 -1
219 1181 -1
211 673 -1
1403 1417 -1
1144 1417 -1
1001 1403 -1
1002 1403 -1
326 1403 -1
534 1403 -1
690 1403 -1
838 861 -1
861 1097 -1
163 861 -1
6 861 -1
134 279 -1
1014 1027 -1
1014 1132 -1
1014 1183 -1
664 1037 -1
1037 1080 -1
40 1037 -1
1037 1132 -1
1037 1183 -1
997 1023 -1
997 1024 -1
997 1128 -1
82 506 -1
342 506 -1
238 506 -1
506 758 -1
498 506 -1
506 1174 -1
506 1018 -1
987 1007 -1
125 987 -1
1004 1328 -1
606 1056 -1
74 1220 -1
779 1084 -1
838 1017 -1
1017 1097 -1
163 1017 -1
6 1017 -1
757 838 -1
91 523 -1
1312 1546 -1
583 1546 -1
294 1108 -1
294 379 -1
294 1315 -1
485 488 -1
485 696 -1
485 1112 -1
177 485 -1
785 810 -1
445 785 -1
550 785 -1
1410 1434 -1
939 974 -1
4 974 -1
178 460 -1
178 1552 -1
178 1500 -1
477 1551 -1
737 1551 -1
1205 1551 -1
91 108 -1
56 91 -1
91 316 -1
793 1248 -1
467 793 -1
181 699 -1
740 914 -1
271 914 -1
389 927 -1
303 389 -1
355 389 -1
389 1396 -1
389 719 -1
83 610 -1
601 610 -1
634 670 -1
437 547 -1
115 201 -1
201 998 -1
514 737 -1
514 1205 -1
477 514 -1
654 665 -1
1117 1376 -1
737 929 -1
929 1205 -1
477 929 -1
737 1449 -1
669 737 -1
989 1461 -1
997 1127 -1
128 597 -1
128 701 -1
372 665 -1
527 665 -1
665 1099 -1
423 665 -1
520 754 -1
754 1040 -1
676 754 -1
415 754 -1
520 545 -1
520 1378 -1
285 520 -1
520 1534 -1
761 1472 -1
918 1472 -1
190 1472 -1
388 389 -1
389 595 -1
389 1323 -1
784 1090 -1
51 784 -1
499 512 -1
470 498 -1
498 729 -1
498 1457 -1
470 1018 -1
342 470 -1
82 470 -1
470 758 -1
1111 1195 -1
592 1195 -1
956 1195 -1
21 1195 -1
1111 1299 -1
1111 1404 -1
718 730 -1
365 718 -1
159 718 -1
1309 1532 -1
491 1309 -1
1116 1309 -1
821 829 -1
829 1446 -1
1227 1236 -1
1513 1549 -1
354 1513 -1
458 1513 -1
76 182 -1
182 959 -1
1163 1473 -1
1163 1318 -1
59 1255 -1
214 1255 -1
90 532 -1
532 1182 -1
532 1025 -1
38 532 -1
454 532 -1
246 532 -1
1338 1350 -1
209 214 -1
59 209 -1
939 1141 -1
4 1141 -1
1169 1369 -1
338 1369 -1
434 1169 -1
937 1358 -1
417 1358 -1
834 1358 -1
469 1358 -1
1006 1007 -1
125 1006 -1
633 1335 -1
284 1187 -1
284 356 -1
208 1064 -1
2 8 -1
1302 1341 -1
164 474 -1
164 213 -1
25 857 -1
25 858 -1
1121 1130 -1
289 1130 -1
1433 1445 -1
321 452 -1
452 529 -1
11 452 -1
321 867 -1
1004 1555 -1
336 650 -1
987 1109 -1
694 987 -1
590 987 -1
987 1421 -1
423 625 -1
625 840 -1
625 1099 -1
372 625 -1
625 943 -1
527 625 -1
817 1104 -1
688 713 -1
168 713 -1
427 713 -1
713 1052 -1
873 1458 -1
770 1458 -1
925 1458 -1
94 1458 -1
111 116 -1
116 734 -1
111 480 -1
111 791 -1
1122 1363 -1
636 1122 -1
163 522 -1
522 1097 -1
6 522 -1
522 838 -1
1306 1308 -1
153 1316 -1
1316 1556 -1
153 1263 -1
389 572 -1
322 1333 -1
893 1333 -1
1333 1518 -1
322 1229 -1
322 917 -1
1056 1087 -1
776 1056 -1
620 1056 -1
191 582 -1
400 582 -1
582 1232 -1
582 659 -1
582 660 -1
938 977 -1
1488 1496 -1
247 1488 -1
583 1181 -1
1181 1312 -1
574 577 -1
418 577 -1
22 29 -1
22 599 -1
529 764 -1
321 764 -1
11 764 -1
289 769 -1
769 1121 -1
289 561 -1
289 666 -1
210 250 -1
210 1498 -1
210 405 -1
210 1342 -1
142 168 -1
168 1026 -1
142 688 -1
142 427 -1
142 1052 -1
123 707 -1
707 953 -1
123 137 -1
780 1405 -1
780 1249 -1
107 780 -1
1145 1150 -1
626 1150 -1
126 1116 -1
126 491 -1
126 1532 -1
6 50 -1
50 1097 -1
50 163 -1
50 838 -1
6 1505 -1
6 1557 -1
6 881 -1
281 284 -1
284 749 -1
195 655 -1
195 1279 -1
195 551 -1
1197 1201 -1
342 349 -1
349 1174 -1
349 498 -1
238 349 -1
82 349 -1
349 758 -1
349 1018 -1
844 861 -1
219 861 -1
219 238 -1
238 844 -1
219 1174 -1
82 219 -1
219 342 -1
194 549 -1
549 1285 -1
549 1390 -1
194 1225 -1
262 320 -1
625 665 -1
58 60 -1
803 1482 -1
283 1482 -1
803 1221 -1
194 376 -1
376 1285 -1
376 1390 -1
194 1416 -1
194 323 -1
194 1415 -1
978 1357 -1
416 494 -1
738 878 -1
530 878 -1
878 894 -1
738 1137 -1
738 981 -1
889 914 -1
260 1291 -1
260 772 -1
755 906 -1
132 906 -1
38 42 -1
42 1025 -1
42 90 -1
42 1182 -1
42 454 -1
42 246 -1
38 146 -1
38 302 -1
