207 1143 1
1 1144 1
208 1040 1
52 52 1
208 1248 1
1040 1248 1
364 1247 1
832 1403 1
519 572 1
883 1456 1
416 1403 1
416 832 1
207 1299 1
1143 1299 1
53 312 1
623 1299 1
623 1143 1
207 623 1
468 1299 1
468 623 1
468 1143 1
207 468 1
571 1299 1
571 623 1
571 1143 1
468 571 1
207 571 1
208 312 1
312 1040 1
312 1248 1
53 208 1
365 730 1
3 989 1
158 833 1
521 625 1
573 1458 1
417 1458 1
417 573 1
729 1458 1
417 729 1
573 729 1
3 210 1
210 989 1
1301 1302 1
625 834 1
521 834 1
470 522 1
107 1250 1
210 1250 1
3 1250 1
989 1250 1
107 210 1
107 417 1
417 1250 1
210 417 1
107 1458 1
107 729 1
107 573 1
314 886 1
3 54 1
54 1250 1
54 210 1
54 989 1
160 1407 1
680 1303 1
160 1459 1
1407 1459 1
211 732 1
316 992 1
472 939 1
628 888 1
1095 1303 1
680 1095 1
628 1096 1
888 1096 1
679 1512 1
316 835 1
835 992 1
731 1251 1
263 368 1
939 1355 1
472 1355 1
628 836 1
836 888 1
836 1096 1
315 836 1
315 888 1
315 1096 1
315 628 1
4 732 1
4 211 1
419 887 1
785 1306 1
942 1358 1
214 837 1
1098 1306 1
785 1098 1
162 681 1
7 1306 1
7 785 1
7 1098 1
110 110 1
526 785 1
526 1306 1
526 1098 1
7 526 1
785 1097 1
1097 1306 1
1097 1098 1
526 1097 1
7 1097 1
317 370 1
265 1358 1
265 942 1
474 1045 1
110 890 1
370 837 1
317 837 1
214 370 1
59 525 1
525 890 1
59 890 1
110 525 1
1100 1464 1
60 527 1
60 372 1
372 527 1
319 1100 1
319 1464 1
216 1255 1
319 1152 1
1152 1464 1
1100 1152 1
424 736 1
268 683 1
267 735 1
319 320 1
320 1464 1
320 1152 1
320 1100 1
113 892 1
60 215 1
215 372 1
215 527 1
424 632 1
632 736 1
320 683 1
683 1464 1
683 1152 1
683 1100 1
319 683 1
268 320 1
426 1309 1
1258 1517 1
63 842 1
737 893 1
737 1257 1
893 1257 1
166 1206 1
686 1310 1
477 894 1
685 945 1
945 1049 1
685 1049 1
11 1205 1
1102 1205 1
11 1102 1
322 373 1
217 270 1
581 1362 1
529 1309 1
426 529 1
530 686 1
530 1310 1
322 685 1
373 685 1
322 945 1
322 1049 1
737 841 1
841 1257 1
841 893 1
532 1364 1
999 1312 1
375 843 1
1207 1520 1
64 428 1
271 1103 1
271 791 1
791 1103 1
65 1467 1
168 1259 1
1103 1468 1
791 1468 1
271 1468 1
895 1520 1
895 1207 1
1156 1519 1
428 428 1
169 947 1
999 1363 1
1312 1363 1
531 947 1
169 531 1
168 1000 1
1000 1259 1
64 947 1
428 947 1
64 169 1
64 531 1
532 1259 1
1259 1364 1
168 532 1
532 1000 1
1106 1262 1
689 1469 1
15 1470 1
170 794 1
171 1469 1
171 689 1
273 429 1
793 1262 1
793 1106 1
14 1365 1
586 898 1
66 1105 1
1002 1262 1
793 1002 1
1002 1106 1
689 741 1
171 741 1
741 1469 1
482 1001 1
15 1469 1
1469 1470 1
15 689 1
15 171 1
15 741 1
170 481 1
481 794 1
66 897 1
897 1105 1
637 689 1
15 637 1
171 637 1
637 1469 1
637 741 1
173 796 1
796 1211 1
173 1211 1
17 847 1
121 743 1
276 1315 1
1211 1315 1
796 1315 1
173 1315 1
276 1211 1
120 1160 1
327 1003 1
795 1211 1
276 795 1
795 1315 1
795 796 1
173 795 1
691 1264 1
68 432 1
587 1107 1
276 483 1
483 795 1
483 1315 1
483 1211 1
1264 1471 1
691 1471 1
1159 1368 1
744 951 1
380 1212 1
746 1317 1
19 1214 1
485 1369 1
123 1214 1
19 123 1
122 381 1
70 1422 1
330 381 1
122 330 1
642 1317 1
642 746 1
797 1110 1
70 954 1
954 1422 1
330 693 1
122 693 1
381 693 1
746 1421 1
642 1421 1
1317 1421 1
1473 1526 1
277 1161 1
71 1318 1
1005 1265 1
746 798 1
642 798 1
798 1317 1
798 1421 1
537 1058 1
21 592 1
1164 1528 1
20 125 1
747 1008 1
20 799 1
125 799 1
21 1007 1
592 1007 1
279 1164 1
279 1528 1
176 903 1
280 435 1
539 1216 1
1008 1320 1
747 1320 1
332 695 1
539 540 1
540 1216 1
956 1216 1
539 956 1
540 956 1
435 1059 1
280 1059 1
488 1164 1
488 1528 1
279 488 1
539 748 1
748 1216 1
748 956 1
540 748 1
489 698 1
905 1009 1
179 1061 1
645 1530 1
333 1374 1
23 1425 1
905 1321 1
1009 1321 1
178 749 1
1270 1374 1
333 1270 1
697 854 1
646 1269 1
1062 1218 1
385 905 1
385 1009 1
385 1321 1
1061 1269 1
179 1269 1
646 1061 1
281 489 1
281 698 1
854 1478 1
697 1478 1
541 1217 1
489 958 1
281 958 1
698 958 1
1113 1269 1
179 1113 1
1061 1113 1
646 1113 1
751 908 1
387 492 1
129 1427 1
1375 1531 1
76 180 1
960 1375 1
960 1531 1
648 1168 1
128 283 1
648 856 1
856 1168 1
24 77 1
544 1427 1
129 544 1
751 1480 1
908 1480 1
180 959 1
76 959 1
180 596 1
76 596 1
596 959 1
180 804 1
596 804 1
76 804 1
804 959 1
336 1376 1
283 1531 1
128 1531 1
283 960 1
283 1375 1
754 857 1
961 1377 1
806 1378 1
338 389 1
1222 1482 1
1221 1429 1
597 1273 1
650 1014 1
27 131 1
1221 1222 1
1222 1429 1
1221 1482 1
285 1118 1
130 130 1
181 493 1
131 546 1
27 546 1
27 441 1
441 546 1
131 441 1
1273 1326 1
597 1326 1
131 1377 1
441 1377 1
546 1377 1
27 1377 1
131 961 1
650 1481 1
1014 1481 1
652 1223 1
548 652 1
548 1223 1
756 964 1
651 807 1
651 1224 1
807 1224 1
391 443 1
80 807 1
80 1224 1
80 651 1
132 807 1
132 1224 1
80 132 1
132 651 1
391 912 1
443 912 1
444 1016 1
183 963 1
133 599 1
28 1223 1
28 548 1
28 652 1
651 964 1
964 1224 1
80 964 1
132 964 1
807 964 1
651 756 1
82 341 1
342 1537 1
31 1069 1
758 1122 1
82 497 1
341 497 1
1330 1486 1
965 1485 1
809 1485 1
809 965 1
341 445 1
445 497 1
82 445 1
446 1486 1
446 1330 1
1277 1433 1
810 1434 1
30 341 1
30 497 1
30 82 1
30 445 1
31 1537 1
1069 1537 1
31 342 1
289 913 1
550 1485 1
550 809 1
550 965 1
134 446 1
134 1330 1
134 1486 1
136 967 1
708 1176 1
395 603 1
33 447 1
1384 1488 1
863 1487 1
85 968 1
499 707 1
1280 1384 1
1280 1488 1
33 811 1
447 811 1
240 1019 1
1175 1488 1
1175 1384 1
1175 1280 1
33 1383 1
811 1383 1
447 1383 1
188 759 1
1383 1436 1
33 1436 1
811 1436 1
447 1436 1
811 864 1
33 864 1
864 1383 1
864 1436 1
447 864 1
242 1437 1
294 865 1
658 1230 1
1385 1542 1
138 241 1
969 1125 1
1073 1334 1
138 1333 1
241 1333 1
86 1178 1
241 1125 1
138 1125 1
1125 1333 1
241 969 1
606 1126 1
138 709 1
241 709 1
709 1333 1
709 1125 1
35 606 1
35 1126 1
242 813 1
813 1437 1
657 658 1
657 1230 1
293 397 1
502 1386 1
139 1334 1
139 1073 1
556 608 1
88 555 1
919 1387 1
452 607 1
607 608 1
452 608 1
556 607 1
452 868 1
608 868 1
607 868 1
919 1335 1
1335 1387 1
503 711 1
192 1388 1
1336 1440 1
1387 1388 1
1335 1388 1
919 1388 1
192 1387 1
451 1024 1
36 1232 1
400 1544 1
88 399 1
399 555 1
37 88 1
37 555 1
37 399 1
867 1076 1
243 243 1
1129 1545 1
1181 1233 1
90 1338 1
1130 1390 1
557 1545 1
557 1129 1
453 506 1
401 1337 1
558 869 1
91 1337 1
91 401 1
1025 1026 1
193 558 1
193 869 1
818 870 1
557 973 1
973 1545 1
973 1129 1
193 1181 1
869 1181 1
558 1181 1
193 1233 1
246 1078 1
39 349 1
1233 1494 1
193 1494 1
1181 1494 1
297 1441 1
713 974 1
1339 1495 1
196 1496 1
455 1287 1
976 1495 1
976 1339 1
404 1236 1
40 1547 1
403 871 1
145 872 1
663 1184 1
144 196 1
144 1496 1
456 1391 1
351 351 1
1183 1495 1
976 1183 1
1183 1339 1
820 1340 1
300 1183 1
300 976 1
300 1339 1
300 1495 1
611 664 1
299 663 1
299 1184 1
559 1444 1
560 1443 1
923 976 1
300 923 1
923 1339 1
923 1183 1
923 1495 1
509 510 1
198 1185 1
249 770 1
301 1081 1
95 873 1
43 1394 1
717 926 1
250 1029 1
821 925 1
718 977 1
43 717 1
717 1394 1
43 926 1
666 1549 1
509 1289 1
510 1289 1
873 1446 1
95 1446 1
1186 1289 1
509 1186 1
510 1186 1
42 614 1
666 821 1
821 1549 1
666 925 1
146 249 1
146 770 1
353 1446 1
353 873 1
95 353 1
355 771 1
149 407 1
980 1188 1
303 823 1
97 511 1
148 980 1
148 1188 1
823 1084 1
303 1084 1
1084 1395 1
303 1395 1
823 1395 1
823 1500 1
1395 1500 1
1084 1500 1
303 1500 1
876 1551 1
927 1135 1
44 667 1
720 1240 1
460 928 1
512 875 1
304 1187 1
979 1188 1
148 979 1
979 980 1
355 927 1
771 927 1
355 1135 1
1138 1397 1
1345 1554 1
305 1189 1
99 357 1
409 409 1
462 1085 1
565 1554 1
565 1345 1
253 1033 1
99 1398 1
357 1398 1
1449 1502 1
981 1190 1
201 1242 1
878 1502 1
878 1449 1
461 877 1
305 1450 1
1189 1450 1
253 722 1
722 1033 1
202 513 1
462 722 1
722 1085 1
462 1033 1
253 462 1
1138 1450 1
1397 1450 1
305 1138 1
1138 1189 1
307 1295 1
464 1244 1
1036 1243 1
515 931 1
256 463 1
204 671 1
48 776 1
932 1400 1
49 464 1
49 1244 1
153 359 1
568 1348 1
1192 1244 1
464 1192 1
49 1192 1
204 827 1
671 827 1
48 1088 1
776 1088 1
568 1452 1
1348 1452 1
48 1556 1
776 1556 1
1088 1556 1
983 1503 1
879 1348 1
568 879 1
879 1452 1
153 1296 1
359 1296 1
1089 1401 1
777 1141 1
103 1194 1
51 1558 1
361 413 1
309 621 1
414 726 1
310 362 1
518 1089 1
518 1401 1
102 674 1
621 1454 1
309 1454 1
466 1454 1
466 621 1
309 466 1
1194 1557 1
103 1557 1
673 1349 1
51 51 1
155 1142 1
778 1454 1
466 778 1
621 778 1
309 778 1
1194 1298 1
1298 1557 1
103 1298 1
414 985 1
726 985 1
523 570 -1
13 39 -1
13 349 -1
1055 1088 -1
48 1055 -1
776 1055 -1
1055 1556 -1
37 269 -1
88 269 -1
269 555 -1
269 399 -1
1093 1121 -1
102 161 -1
161 674 -1
1465 1553 -1
1098 1130 -1
1097 1130 -1
785 1130 -1
1130 1306 -1
526 1130 -1
7 1130 -1
1098 1390 -1
756 1529 -1
651 1529 -1
964 1529 -1
90 427 -1
427 1338 -1
996 1017 -1
797 1216 -1
1110 1216 -1
797 956 -1
539 797 -1
540 797 -1
748 797 -1
1025 1409 -1
1026 1409 -1
434 487 -1
911 918 -1
889 1122 -1
758 889 -1
532 551 -1
168 551 -1
551 1000 -1
551 1259 -1
551 1364 -1
111 280 -1
111 1059 -1
111 435 -1
1007 1110 -1
592 1110 -1
21 1110 -1
797 1007 -1
1046 1052 -1
849 851 -1
810 1394 -1
1394 1434 -1
43 810 -1
717 810 -1
1381 1510 -1
1145 1173 -1
1329 1363 -1
1312 1329 -1
999 1329 -1
794 1403 -1
481 1403 -1
170 1403 -1
794 832 -1
416 794 -1
350 635 -1
320 626 -1
626 1152 -1
268 626 -1
626 683 -1
626 1100 -1
626 1464 -1
319 626 -1
214 354 -1
354 370 -1
354 837 -1
732 829 -1
211 829 -1
4 829 -1
1047 1069 -1
1047 1537 -1
31 1047 -1
738 878 -1
738 1449 -1
738 1502 -1
114 909 -1
996 1173 -1
1238 1306 -1
1097 1238 -1
785 1238 -1
1098 1238 -1
526 1238 -1
7 1238 -1
838 1146 -1
557 688 -1
688 1545 -1
688 973 -1
688 1129 -1
810 839 -1
839 1434 -1
714 739 -1
1102 1502 -1
11 1502 -1
1205 1502 -1
1102 1449 -1
878 1102 -1
1213 1487 -1
863 1213 -1
259 1270 -1
259 333 -1
259 1374 -1
1172 1321 -1
385 1172 -1
905 1172 -1
1009 1172 -1
314 317 -1
317 886 -1
314 370 -1
314 837 -1
110 1278 -1
890 1278 -1
525 1278 -1
1416 1441 -1
297 1416 -1
991 1089 -1
991 1401 -1
518 991 -1
840 1037 -1
998 1544 -1
400 998 -1
502 1160 -1
1160 1386 -1
120 502 -1
162 197 -1
197 681 -1
914 1130 -1
914 1390 -1
444 801 -1
801 1016 -1
27 571 -1
441 571 -1
546 571 -1
131 571 -1
571 1377 -1
27 1143 -1
27 1299 -1
27 468 -1
27 207 -1
27 623 -1
432 762 -1
68 762 -1
82 458 -1
458 497 -1
341 458 -1
30 458 -1
445 458 -1
996 1169 -1
191 269 -1
323 350 -1
1030 1461 -1
179 1220 -1
1113 1220 -1
1061 1220 -1
1220 1269 -1
175 176 -1
175 903 -1
1369 1495 -1
485 1495 -1
976 1369 -1
1339 1369 -1
300 1369 -1
923 1369 -1
1183 1369 -1
583 1077 -1
328 359 -1
328 1296 -1
153 328 -1
1447 1480 -1
908 1447 -1
751 1447 -1
553 1159 -1
553 1368 -1
7 38 -1
38 785 -1
38 1306 -1
38 1098 -1
38 526 -1
38 1097 -1
1000 1026 -1
168 1026 -1
1026 1259 -1
532 1026 -1
1000 1025 -1
895 914 -1
914 1520 -1
914 1207 -1
219 1382 -1
886 1306 -1
314 1306 -1
886 1097 -1
785 886 -1
886 1098 -1
526 886 -1
7 886 -1
994 1037 -1
571 1551 -1
1143 1551 -1
1299 1551 -1
468 1551 -1
207 1551 -1
623 1551 -1
571 876 -1
1041 1047 -1
998 1491 -1
709 1055 -1
241 1055 -1
138 1055 -1
1055 1333 -1
1055 1125 -1
986 1356 -1
1259 1494 -1
168 1494 -1
1000 1494 -1
1364 1494 -1
532 1494 -1
1233 1259 -1
1181 1259 -1
193 1259 -1
1277 1290 -1
1290 1433 -1
314 319 -1
319 886 -1
314 1464 -1
314 1152 -1
314 683 -1
314 1100 -1
314 320 -1
811 820 -1
820 864 -1
33 820 -1
820 1383 -1
820 1436 -1
447 820 -1
811 1340 -1
39 739 -1
349 739 -1
907 1117 -1
1253 1290 -1
1356 1453 -1
339 801 -1
1198 1306 -1
1097 1198 -1
785 1198 -1
1098 1198 -1
526 1198 -1
7 1198 -1
1103 1173 -1
791 1173 -1
1173 1468 -1
271 1173 -1
752 909 -1
1326 1531 -1
1273 1531 -1
597 1531 -1
960 1326 -1
128 1326 -1
283 1326 -1
1326 1375 -1
1018 1182 -1
245 323 -1
24 553 -1
77 553 -1
682 718 -1
682 977 -1
739 778 -1
466 739 -1
621 739 -1
739 1454 -1
309 739 -1
51 94 -1
94 1558 -1
528 677 -1
439 805 -1
1467 1485 -1
65 1485 -1
809 1467 -1
965 1467 -1
550 1467 -1
851 1421 -1
746 851 -1
642 851 -1
798 851 -1
851 1317 -1
937 977 -1
718 937 -1
498 739 -1
1278 1286 -1
1517 1543 -1
1258 1543 -1
168 193 -1
193 1000 -1
193 532 -1
168 1233 -1
168 869 -1
168 558 -1
168 1181 -1
1237 1305 -1
490 755 -1
299 343 -1
343 1184 -1
343 663 -1
1213 1215 -1
34 1471 -1
34 1264 -1
34 691 -1
730 944 -1
365 944 -1
886 1358 -1
314 1358 -1
265 886 -1
886 942 -1
1454 1497 -1
466 1497 -1
778 1497 -1
621 1497 -1
309 1497 -1
279 609 -1
609 1528 -1
488 609 -1
609 1164 -1
1173 1463 -1
1100 1121 -1
1121 1464 -1
1121 1152 -1
683 1121 -1
320 1121 -1
319 1121 -1
1218 1220 -1
1062 1220 -1
317 736 -1
370 736 -1
736 837 -1
317 424 -1
317 632 -1
543 546 -1
27 543 -1
441 543 -1
131 543 -1
543 1377 -1
365 370 -1
370 730 -1
317 365 -1
214 365 -1
365 837 -1
192 269 -1
269 1387 -1
269 1388 -1
1045 1077 -1
474 1077 -1
139 432 -1
432 1073 -1
432 1334 -1
68 139 -1
147 629 -1
1174 1268 -1
210 354 -1
354 417 -1
354 1250 -1
3 354 -1
107 354 -1
54 354 -1
354 989 -1
159 197 -1
78 544 -1
78 129 -1
78 1427 -1
1190 1414 -1
981 1414 -1
11 461 -1
461 1205 -1
461 1102 -1
11 877 -1
26 571 -1
26 1143 -1
26 1299 -1
26 468 -1
26 207 -1
26 623 -1
37 582 -1
88 582 -1
555 582 -1
399 582 -1
589 591 -1
1300 1412 -1
752 754 -1
752 857 -1
797 1494 -1
1110 1494 -1
797 1233 -1
797 1181 -1
193 797 -1
921 1134 -1
1067 1084 -1
1067 1395 -1
303 1067 -1
1067 1500 -1
823 1067 -1
629 654 -1
288 489 -1
281 288 -1
288 698 -1
288 958 -1
426 462 -1
462 529 -1
462 1309 -1
426 1033 -1
426 722 -1
426 1085 -1
253 426 -1
506 687 -1
453 687 -1
249 258 -1
258 770 -1
146 258 -1
595 1395 -1
595 1500 -1
595 823 -1
595 1084 -1
303 595 -1
13 50 -1
1056 1087 -1
519 897 -1
572 897 -1
519 1105 -1
66 519 -1
824 1426 -1
120 762 -1
762 1160 -1
1154 1450 -1
305 1154 -1
1138 1154 -1
1154 1189 -1
1154 1397 -1
328 501 -1
321 348 -1
1091 1464 -1
1091 1152 -1
320 1091 -1
683 1091 -1
1091 1100 -1
319 1091 -1
57 569 -1
1112 1311 -1
578 614 -1
42 578 -1
883 1411 -1
1411 1456 -1
1173 1416 -1
1014 1220 -1
1220 1481 -1
650 1220 -1
912 1426 -1
443 1426 -1
391 1426 -1
87 1108 -1
633 1323 -1
1146 1485 -1
809 1146 -1
965 1146 -1
550 1146 -1
756 906 -1
651 906 -1
906 964 -1
150 737 -1
150 1257 -1
150 893 -1
150 841 -1
947 966 -1
64 966 -1
169 966 -1
531 966 -1
428 966 -1
895 925 -1
925 1520 -1
925 1207 -1
666 895 -1
821 895 -1
122 332 -1
330 332 -1
332 381 -1
332 693 -1
122 695 -1
1146 1305 -1
740 757 -1
149 492 -1
407 492 -1
149 387 -1
835 882 -1
882 992 -1
316 882 -1
12 39 -1
12 349 -1
181 1376 -1
493 1376 -1
181 336 -1
1047 1081 -1
301 1047 -1
1412 1522 -1
297 318 -1
318 1441 -1
234 236 -1
942 974 -1
265 974 -1
974 1358 -1
713 942 -1
1416 1445 -1
372 665 -1
215 665 -1
60 665 -1
527 665 -1
234 1062 -1
234 1218 -1
324 362 -1
310 324 -1
841 877 -1
737 877 -1
877 893 -1
877 1257 -1
461 841 -1
37 426 -1
88 426 -1
426 555 -1
399 426 -1
37 529 -1
37 1309 -1
1133 1233 -1
193 1133 -1
1133 1181 -1
1133 1494 -1
1382 1390 -1
1130 1382 -1
1405 1446 -1
873 1405 -1
353 1405 -1
95 1405 -1
1060 1084 -1
1060 1395 -1
303 1060 -1
1060 1500 -1
823 1060 -1
1467 1493 -1
65 1493 -1
533 722 -1
533 1033 -1
253 533 -1
462 533 -1
533 1085 -1
886 1411 -1
314 1411 -1
572 592 -1
519 592 -1
21 572 -1
572 1007 -1
494 752 -1
181 752 -1
493 752 -1
816 1413 -1
1213 1468 -1
271 1213 -1
791 1213 -1
1103 1213 -1
786 810 -1
786 1434 -1
782 1238 -1
368 414 -1
263 414 -1
368 985 -1
368 726 -1
907 1326 -1
907 1273 -1
597 907 -1
195 448 -1
1311 1329 -1
1423 1433 -1
1277 1423 -1
902 1423 -1
1247 1267 -1
364 1267 -1
1459 1505 -1
160 1505 -1
1407 1505 -1
919 930 -1
930 1387 -1
930 1388 -1
930 1335 -1
250 630 -1
630 1029 -1
370 405 -1
317 405 -1
214 405 -1
405 837 -1
111 610 -1
334 392 -1
993 996 -1
1332 1340 -1
820 1332 -1
885 1412 -1
573 1077 -1
417 1077 -1
1077 1458 -1
107 1077 -1
729 1077 -1
319 354 -1
354 1464 -1
354 1152 -1
354 683 -1
354 1100 -1
320 354 -1
1042 1464 -1
1042 1152 -1
320 1042 -1
683 1042 -1
1042 1100 -1
319 1042 -1
1171 1500 -1
303 1171 -1
1171 1395 -1
1084 1171 -1
823 1171 -1
990 1486 -1
990 1330 -1
134 990 -1
446 990 -1
130 700 -1
496 750 -1
133 1010 -1
599 1010 -1
1279 1288 -1
953 955 -1
889 1520 -1
889 895 -1
889 1207 -1
1466 1492 -1
426 660 -1
529 660 -1
660 1309 -1
1205 1395 -1
11 1395 -1
1102 1395 -1
1205 1500 -1
823 1205 -1
1084 1205 -1
303 1205 -1
910 919 -1
910 1387 -1
910 1388 -1
910 1335 -1
841 1554 -1
737 1554 -1
893 1554 -1
1257 1554 -1
841 1345 -1
565 841 -1
335 650 -1
335 1481 -1
335 1014 -1
1306 1329 -1
1097 1329 -1
785 1329 -1
1098 1329 -1
526 1329 -1
7 1329 -1
790 815 -1
1041 1082 -1
527 1381 -1
372 1381 -1
60 1381 -1
215 1381 -1
883 1423 -1
1423 1456 -1
988 1008 -1
988 1320 -1
747 988 -1
63 149 -1
149 842 -1
63 407 -1
1433 1442 -1
1277 1442 -1
530 763 -1
763 1310 -1
686 763 -1
1069 1370 -1
1370 1537 -1
31 1370 -1
1179 1465 -1
1403 1424 -1
832 1424 -1
416 1424 -1
945 1179 -1
1049 1179 -1
322 1179 -1
685 1179 -1
844 1494 -1
844 1233 -1
844 1181 -1
193 844 -1
1299 1317 -1
623 1317 -1
571 1317 -1
1143 1317 -1
468 1317 -1
207 1317 -1
746 1299 -1
642 1299 -1
798 1299 -1
1299 1421 -1
837 1433 -1
370 1433 -1
317 1433 -1
214 1433 -1
837 1277 -1
1420 1428 -1
1303 1453 -1
680 1453 -1
1095 1453 -1
555 737 -1
88 737 -1
37 737 -1
399 737 -1
555 1257 -1
555 893 -1
555 841 -1
207 609 -1
609 623 -1
571 609 -1
609 1299 -1
468 609 -1
609 1143 -1
245 479 -1
884 913 -1
289 884 -1
613 1301 -1
613 1302 -1
183 489 -1
489 963 -1
183 281 -1
183 698 -1
183 958 -1
1368 1456 -1
1159 1456 -1
883 1368 -1
163 769 -1
644 694 -1
941 1516 -1
469 476 -1
110 1393 -1
890 1393 -1
525 1393 -1
265 289 -1
289 942 -1
289 1358 -1
265 913 -1
462 1310 -1
1033 1310 -1
722 1310 -1
1085 1310 -1
253 1310 -1
462 530 -1
462 686 -1
733 1394 -1
43 733 -1
717 733 -1
70 539 -1
539 954 -1
539 1422 -1
70 1216 -1
70 956 -1
70 540 -1
70 748 -1
