623 623 1
105 415 1
1040 1092 1
467 1300 1
1 1352 1
311 1404 1
157 1195 1
1299 1403 1
468 779 1
624 987 1
415 1404 1
105 1404 1
311 415 1
571 624 1
571 987 1
1195 1247 1
157 1247 1
1 520 1
520 1352 1
1091 1352 1
520 1091 1
1 1091 1
522 730 1
55 886 1
261 781 1
55 1353 1
886 1353 1
573 938 1
314 314 1
678 833 1
54 1042 1
54 573 1
573 1042 1
54 938 1
107 1510 1
417 1198 1
418 885 1
1093 1458 1
729 1250 1
677 938 1
573 677 1
54 677 1
523 1512 1
5 212 1
1147 1303 1
888 1407 1
1251 1511 1
264 1148 1
731 1095 1
4 628 1
732 1408 1
57 836 1
56 1407 1
56 888 1
161 1252 1
4 1043 1
628 1043 1
56 1252 1
888 1252 1
1252 1407 1
56 161 1
368 1252 1
56 368 1
161 368 1
368 888 1
368 1407 1
111 370 1
890 1514 1
1202 1202 1
370 1462 1
111 1462 1
214 214 1
473 1202 1
317 474 1
110 162 1
214 1514 1
214 890 1
474 838 1
317 838 1
1358 1410 1
993 993 1
682 1253 1
421 889 1
1046 1410 1
1046 1358 1
682 1202 1
1202 1253 1
473 682 1
891 1256 1
943 1411 1
216 1256 1
216 891 1
113 996 1
267 1152 1
476 580 1
1204 1256 1
216 1204 1
891 1204 1
1203 1308 1
319 579 1
1255 1359 1
735 839 1
1100 1308 1
1100 1203 1
9 1307 1
424 579 1
319 424 1
268 476 1
268 580 1
842 1309 1
477 1206 1
789 1466 1
63 269 1
166 1413 1
737 997 1
685 1050 1
166 893 1
893 1413 1
1154 1206 1
477 1154 1
685 1153 1
1050 1153 1
167 373 1
167 841 1
373 841 1
894 1361 1
218 1309 1
218 842 1
62 426 1
12 13 1
844 1207 1
948 1467 1
687 844 1
687 1207 1
843 1052 1
1208 1364 1
532 1467 1
532 948 1
219 739 1
271 1103 1
271 1416 1
1103 1416 1
583 1103 1
583 1416 1
271 583 1
375 1156 1
895 1051 1
584 740 1
271 687 1
687 1416 1
583 687 1
687 1103 1
271 844 1
271 1207 1
1002 1262 1
222 1261 1
325 690 1
1001 1157 1
377 429 1
794 1365 1
14 378 1
1210 1522 1
119 481 1
14 1001 1
378 1001 1
14 1157 1
690 741 1
325 741 1
67 1157 1
67 1001 1
14 67 1
742 1417 1
1469 1522 1
1210 1469 1
536 639 1
68 380 1
639 1264 1
536 1264 1
952 1055 1
587 1367 1
743 1004 1
68 795 1
380 795 1
795 1159 1
380 1159 1
68 1159 1
848 1471 1
69 275 1
379 691 1
120 1315 1
536 1419 1
1264 1419 1
639 1419 1
483 1004 1
483 743 1
486 642 1
641 1318 1
71 175 1
382 850 1
849 1110 1
123 954 1
797 1058 1
902 1370 1
330 642 1
330 486 1
226 1161 1
70 849 1
70 1110 1
123 537 1
537 954 1
71 1525 1
175 1525 1
590 1058 1
590 797 1
1422 1474 1
851 1059 1
279 435 1
1112 1372 1
435 904 1
279 904 1
280 1320 1
643 1112 1
643 1372 1
20 435 1
20 904 1
20 279 1
73 591 1
176 177 1
748 1163 1
852 903 1
279 1163 1
904 1163 1
435 1163 1
20 1163 1
279 748 1
594 749 1
1113 1165 1
385 749 1
385 594 1
854 905 1
230 750 1
541 698 1
75 1217 1
282 1009 1
75 282 1
282 1217 1
75 1009 1
438 1530 1
437 1113 1
437 1165 1
179 1062 1
282 1321 1
1009 1321 1
75 1321 1
1217 1321 1
596 1012 1
856 1480 1
76 1011 1
492 804 1
76 1167 1
1011 1167 1
960 1376 1
1064 1167 1
1011 1064 1
76 1064 1
856 1324 1
1324 1480 1
24 25 1
595 700 1
491 1063 1
25 856 1
24 856 1
25 1480 1
25 1324 1
283 907 1
597 1014 1
806 1534 1
753 1274 1
650 1482 1
234 1377 1
79 442 1
1013 1326 1
131 805 1
130 1066 1
1013 1118 1
1118 1326 1
545 598 1
441 649 1
26 1534 1
26 806 1
130 337 1
337 1066 1
285 1430 1
27 910 1
1274 1482 1
753 1482 1
650 1274 1
1120 1120 1
1068 1380 1
963 1327 1
236 340 1
600 652 1
1432 1484 1
183 1224 1
287 1276 1
1067 1276 1
287 1067 1
28 860 1
287 1172 1
1067 1172 1
1172 1276 1
1067 1379 1
1172 1379 1
1276 1379 1
287 1379 1
339 1379 1
339 1276 1
339 1067 1
339 1172 1
287 339 1
550 550 1
341 1278 1
83 497 1
83 862 1
497 862 1
83 1486 1
497 1486 1
862 1486 1
601 1330 1
185 289 1
237 809 1
653 1433 1
290 1122 1
758 966 1
1330 1382 1
601 1382 1
30 134 1
1122 1382 1
290 1382 1
601 1122 1
1122 1330 1
85 1020 1
32 33 1
136 603 1
448 1020 1
85 448 1
291 811 1
137 1487 1
760 1540 1
812 1176 1
239 1436 1
137 292 1
292 1487 1
85 1383 1
448 1383 1
1020 1383 1
1071 1383 1
448 1071 1
1020 1071 1
85 1071 1
1020 1487 1
448 1487 1
1071 1487 1
85 1487 1
1383 1487 1
292 1020 1
137 1020 1
917 1282 1
139 345 1
1073 1437 1
658 1333 1
1177 1229 1
139 501 1
345 501 1
190 554 1
606 709 1
917 1074 1
1074 1282 1
139 1021 1
345 1021 1
501 1021 1
293 1490 1
1386 1437 1
1073 1386 1
241 1541 1
1022 1074 1
1022 1282 1
917 1022 1
815 1127 1
191 400 1
140 504 1
37 399 1
1127 1180 1
815 1180 1
88 192 1
503 815 1
503 1180 1
503 1127 1
296 763 1
1335 1335 1
295 868 1
192 607 1
88 607 1
347 1491 1
141 867 1
556 1543 1
1023 1128 1
400 659 1
191 659 1
91 349 1
142 1025 1
298 402 1
194 610 1
870 1441 1
1338 1441 1
870 1338 1
245 1181 1
661 1545 1
818 1494 1
39 869 1
557 661 1
557 1545 1
557 1233 1
1233 1545 1
661 1233 1
401 766 1
142 869 1
869 1025 1
39 142 1
455 1131 1
93 1339 1
456 559 1
351 1184 1
664 1236 1
716 1340 1
41 1028 1
663 924 1
611 1340 1
611 716 1
455 508 1
508 1131 1
144 403 1
456 975 1
559 975 1
455 768 1
768 1131 1
508 768 1
299 456 1
299 975 1
299 559 1
354 1185 1
43 873 1
1029 1082 1
562 665 1
718 978 1
769 977 1
1238 1498 1
458 1549 1
1446 1497 1
147 1497 1
147 1446 1
874 1186 1
406 1134 1
1289 1498 1
1238 1289 1
43 146 1
146 873 1
146 770 1
770 873 1
43 770 1
615 1084 1
251 1032 1
252 1291 1
616 772 1
616 771 1
771 772 1
564 667 1
459 564 1
459 667 1
771 927 1
616 927 1
772 927 1
303 1396 1
1135 1500 1
200 459 1
200 667 1
200 564 1
407 1499 1
355 1240 1
252 824 1
824 1291 1
1085 1553 1
99 1138 1
47 1501 1
98 1033 1
513 1138 1
99 513 1
357 669 1
306 306 1
151 513 1
151 1138 1
99 151 1
462 877 1
617 1294 1
669 1085 1
357 1085 1
669 1553 1
1033 1190 1
98 1190 1
410 1449 1
305 1085 1
305 1553 1
305 669 1
305 357 1
152 153 1
568 1503 1
672 1399 1
464 1035 1
671 775 1
828 983 1
153 775 1
152 775 1
153 671 1
204 932 1
931 1139 1
48 567 1
49 152 1
49 153 1
49 775 1
411 775 1
152 411 1
153 411 1
49 411 1
411 671 1
414 1558 1
257 1506 1
154 206 1
778 986 1
570 933 1
205 985 1
466 674 1
103 1558 1
103 414 1
309 1558 1
309 414 1
103 309 1
934 1557 1
258 414 1
258 309 1
258 1558 1
103 258 1
1090 1141 1
1350 1402 1
1037 1089 1
818 1261 1
1261 1261 1
1261 1494 1
818 818 1
222 818 1
769 1536 1
1536 1536 1
977 1536 1
769 769 1
496 716 1
716 716 1
496 496 1
496 611 1
496 1340 1
791 1356 1
1356 1356 1
791 791 1
645 1048 1
1048 1048 1
645 645 1
225 899 1
899 899 1
225 225 1
969 1187 1
1187 1187 1
969 969 1
136 666 1
666 666 1
603 666 1
136 136 1
299 1102 1
456 1102 1
559 1102 1
1102 1102 1
975 1102 1
299 299 1
991 1164 1
1164 1164 1
991 991 1
581 624 1
624 624 1
571 581 1
581 987 1
581 581 1
162 1040 1
1040 1040 1
110 1040 1
162 162 1
162 1092 1
1164 1508 1
1508 1508 1
991 1508 1
182 248 1
248 248 1
182 182 1
499 1275 1
1275 1275 1
499 499 1
793 1141 1
1141 1141 1
793 793 1
793 1090 1
78 455 1
455 455 1
78 768 1
78 1131 1
78 508 1
78 78 1
611 1268 1
496 1268 1
716 1268 1
1268 1340 1
1268 1268 1
611 611 1
619 866 1
866 866 1
619 619 1
1242 1270 1
1270 1270 1
1242 1242 1
110 303 1
303 1040 1
162 303 1
303 303 1
110 1396 1
110 110 1
478 943 1
943 943 1
478 1411 1
478 478 1
114 1061 1
1061 1061 1
114 114 1
815 869 1
503 869 1
869 1180 1
869 869 1
869 1127 1
815 1025 1
39 815 1
142 815 1
815 815 1
577 708 1
708 708 1
577 577 1
574 1518 1
1518 1518 1
574 574 1
344 493 1
493 493 1
344 344 1
776 843 1
843 843 1
776 776 1
776 1052 1
306 969 1
306 1187 1
73 256 1
256 256 1
256 591 1
73 73 1
33 1134 1
32 1134 1
1134 1134 1
33 33 1
33 406 1
201 704 1
704 704 1
201 201 1
381 610 1
610 610 1
194 381 1
381 381 1
1064 1467 1
1011 1467 1
76 1467 1
1467 1467 1
1167 1467 1
1064 1064 1
532 1064 1
948 1064 1
936 1153 1
1153 1153 1
936 936 1
936 1050 1
685 936 1
166 1176 1
1176 1176 1
1176 1413 1
893 1176 1
166 812 1
166 166 1
313 827 1
827 827 1
313 313 1
604 1195 1
1195 1195 1
604 604 1
157 604 1
604 1247 1
460 1372 1
1372 1372 1
460 1112 1
460 643 1
460 460 1
692 1404 1
1404 1404 1
105 692 1
415 692 1
692 692 1
311 692 1
208 997 1
997 997 1
208 208 1
208 737 1
257 846 1
846 1506 1
846 846 1
257 257 1
310 608 1
608 608 1
310 310 1
41 516 1
516 516 1
516 1028 1
41 41 1
768 1221 1
1131 1221 1
508 1221 1
1221 1221 1
78 1221 1
455 1221 1
768 768 1
843 877 1
776 877 1
877 1052 1
877 877 1
462 843 1
622 789 1
789 789 1
622 1466 1
622 622 1
887 978 1
978 978 1
718 887 1
887 887 1
347 1385 1
1385 1385 1
1385 1491 1
347 347 1
324 680 1
680 680 1
324 324 1
336 689 1
689 689 1
336 336 1
91 221 1
221 349 1
221 221 1
91 91 1
38 508 1
508 508 1
38 768 1
38 1221 1
38 38 1
38 455 1
38 1131 1
38 78 1
508 993 1
768 993 1
993 1221 1
38 993 1
455 993 1
993 1131 1
78 993 1
948 1022 1
1022 1064 1
1022 1467 1
532 1022 1
1022 1022 1
948 1282 1
948 1074 1
948 948 1
917 948 1
828 1509 1
1509 1509 1
983 1509 1
828 828 1
388 1241 1
1241 1241 1
388 388 1
1194 1311 1
1311 1311 1
1194 1194 1
459 1227 1
200 1227 1
667 1227 1
564 1227 1
1227 1227 1
459 459 1
542 1162 1
1162 1162 1
542 542 1
212 968 1
968 968 1
5 968 1
212 212 1
466 592 1
592 592 1
592 674 1
466 466 1
171 1198 1
1198 1198 1
171 417 1
171 171 1
1011 1124 1
1064 1124 1
1124 1124 1
1124 1467 1
76 1124 1
1124 1167 1
1011 1011 1
379 695 1
691 695 1
695 695 1
379 379 1
1246 1404 1
105 1246 1
692 1246 1
311 1246 1
1246 1246 1
415 1246 1
1157 1343 1
1001 1343 1
67 1343 1
14 1343 1
1343 1343 1
1157 1157 1
51 200 1
200 200 1
51 1227 1
51 459 1
51 51 1
51 564 1
51 667 1
120 644 1
644 1315 1
644 644 1
120 120 1
45 872 1
872 872 1
45 45 1
419 787 1
787 787 1
419 419 1
423 1475 1
1475 1475 1
423 423 1
610 1416 1
1416 1416 1
194 1416 1
381 1416 1
583 610 1
610 1103 1
271 610 1
610 687 1
271 1219 1
610 1219 1
1219 1219 1
583 1219 1
1219 1416 1
844 1219 1
687 1219 1
1207 1219 1
1103 1219 1
271 271 1
307 441 1
441 441 1
307 649 1
307 307 1
648 1344 1
1344 1344 1
648 648 1
998 1263 1
1263 1263 1
998 998 1
852 985 1
985 985 1
903 985 1
852 852 1
205 852 1
709 1077 1
1077 1077 1
606 1077 1
709 709 1
0 174 1
174 174 1
0 0 1
618 736 1
736 736 1
618 618 1
945 1267 1
1267 1267 1
945 945 1
77 368 1
368 368 1
77 161 1
77 1252 1
77 77 1
77 888 1
56 77 1
77 1407 1
259 502 1
502 502 1
259 259 1
338 1339 1
1339 1339 1
338 338 1
93 338 1
508 817 1
768 817 1
817 993 1
817 1221 1
38 817 1
455 817 1
817 1131 1
78 817 1
817 817 1
251 613 1
613 1032 1
613 613 1
251 251 1
335 1400 1
1400 1400 1
335 335 1
323 1100 1
1100 1100 1
323 323 1
323 1203 1
323 1308 1
624 863 1
571 863 1
863 987 1
581 863 1
863 863 1
390 1121 1
1121 1121 1
390 390 1
516 1505 1
41 1505 1
1028 1505 1
1505 1505 1
670 1049 1
1049 1049 1
670 670 1
566 758 1
758 758 1
566 566 1
566 966 1
822 1414 1
1414 1414 1
822 822 1
79 876 1
442 876 1
876 876 1
79 79 1
719 1543 1
1543 1543 1
556 719 1
719 719 1
538 1066 1
1066 1066 1
337 538 1
130 538 1
538 538 1
1282 1452 1
1452 1452 1
1074 1452 1
948 1452 1
917 1452 1
1022 1452 1
1282 1282 1
1373 1489 1
1489 1489 1
1373 1373 1
25 1181 1
24 1181 1
856 1181 1
1181 1480 1
1181 1181 1
1181 1324 1
25 245 1
25 25 1
282 654 1
654 1009 1
75 654 1
654 1321 1
654 654 1
654 1217 1
282 282 1
5 1227 1
968 1227 1
212 1227 1
5 5 1
5 200 1
5 459 1
5 51 1
5 564 1
5 667 1
198 1288 1
1288 1288 1
198 198 1
633 1011 1
633 1124 1
633 1064 1
76 633 1
633 1167 1
633 633 1
633 1467 1
477 1325 1
1154 1325 1
1325 1325 1
1206 1325 1
477 477 1
529 846 1
257 529 1
529 1506 1
529 529 1
196 989 1
989 989 1
196 196 1
270 1400 -1
223 1086 -1
931 1442 -1
1139 1442 -1
148 592 -1
55 572 -1
572 1353 -1
572 886 -1
864 1513 -1
1146 1547 -1
346 528 -1
274 287 -1
274 1172 -1
274 339 -1
274 1067 -1
274 1276 -1
274 1379 -1
607 1486 -1
192 1486 -1
88 1486 -1
497 607 -1
83 607 -1
607 862 -1
765 1041 -1
599 1486 -1
497 599 -1
83 599 -1
599 862 -1
500 1234 -1
1345 1366 -1
609 858 -1
1214 1435 -1
484 677 -1
484 938 -1
484 573 -1
54 484 -1
120 1179 -1
1179 1315 -1
94 1037 -1
94 1089 -1
63 818 -1
269 818 -1
63 1494 -1
304 951 -1
418 629 -1
629 885 -1
1218 1522 -1
1210 1218 -1
1218 1469 -1
534 796 -1
241 256 -1
256 1541 -1
1349 1375 -1
167 1395 -1
841 1395 -1
373 1395 -1
804 1151 -1
492 1151 -1
282 1345 -1
1009 1345 -1
75 1345 -1
1321 1345 -1
1217 1345 -1
177 320 -1
176 320 -1
998 1016 -1
108 846 -1
714 831 -1
895 1146 -1
1051 1146 -1
158 1369 -1
294 1364 -1
294 1208 -1
904 1173 -1
435 1173 -1
20 1173 -1
1163 1173 -1
279 1173 -1
863 1369 -1
188 1222 -1
895 1225 -1
1051 1225 -1
1068 1511 -1
1380 1511 -1
1068 1251 -1
347 921 -1
921 1491 -1
1182 1378 -1
77 1080 -1
150 821 -1
1488 1523 -1
583 719 -1
719 1416 -1
271 719 -1
687 719 -1
719 1103 -1
854 1535 -1
905 1535 -1
1244 1326 -1
1013 1244 -1
1118 1244 -1
147 1300 -1
1300 1497 -1
1300 1446 -1
147 467 -1
729 799 -1
799 1250 -1
369 676 -1
362 894 -1
362 1361 -1
169 425 -1
77 1073 -1
77 1386 -1
77 1437 -1
618 1159 -1
68 618 -1
618 795 -1
380 618 -1
412 1110 -1
412 849 -1
70 412 -1
398 1235 -1
96 1337 -1
1165 1389 -1
1113 1389 -1
437 1389 -1
387 1183 -1
1044 1130 -1
765 907 -1
283 765 -1
120 953 -1
953 1315 -1
780 1231 -1
940 1436 -1
239 940 -1
79 1535 -1
442 1535 -1
525 1187 -1
107 1464 -1
1464 1510 -1
915 1346 -1
267 562 -1
562 1152 -1
267 665 -1
59 472 -1
851 1195 -1
1059 1195 -1
157 851 -1
851 1247 -1
817 1264 -1
536 817 -1
817 1419 -1
639 817 -1
1073 1496 -1
1386 1496 -1
1437 1496 -1
728 817 -1
62 880 -1
426 880 -1
273 1175 -1
542 768 -1
542 1131 -1
508 542 -1
455 542 -1
784 1391 -1
600 1256 -1
652 1256 -1
216 600 -1
600 891 -1
600 1204 -1
193 263 -1
568 1340 -1
1340 1503 -1
568 611 -1
568 716 -1
588 798 -1
211 676 -1
192 1240 -1
88 1240 -1
607 1240 -1
192 355 -1
690 802 -1
325 802 -1
741 802 -1
361 656 -1
889 1460 -1
421 1460 -1
1376 1467 -1
960 1467 -1
532 1376 -1
948 1376 -1
470 1314 -1
1330 1399 -1
601 1399 -1
1122 1399 -1
1382 1399 -1
672 1330 -1
63 1448 -1
269 1448 -1
237 425 -1
425 809 -1
343 1274 -1
343 753 -1
343 1482 -1
343 650 -1
214 248 -1
248 1514 -1
248 890 -1
140 599 -1
504 599 -1
384 453 -1
343 570 -1
343 933 -1
257 397 -1
397 1506 -1
249 1017 -1
94 1335 -1
894 1190 -1
1190 1361 -1
894 1033 -1
98 894 -1
641 1195 -1
1195 1318 -1
157 641 -1
641 1247 -1
596 942 -1
942 1012 -1
987 1477 -1
624 1477 -1
571 1477 -1
962 1490 -1
293 962 -1
426 1515 -1
62 1515 -1
413 688 -1
1151 1279 -1
392 1173 -1
267 768 -1
768 1152 -1
267 1131 -1
267 508 -1
267 455 -1
122 1061 -1
47 955 -1
955 1501 -1
1418 1539 -1
255 599 -1
132 589 -1
1447 1489 -1
506 875 -1
1164 1493 -1
915 1281 -1
550 1170 -1
276 760 -1
276 1540 -1
503 968 -1
968 1127 -1
968 1180 -1
815 968 -1
467 655 -1
655 1300 -1
505 938 -1
505 573 -1
54 505 -1
505 677 -1
335 517 -1
44 337 -1
44 130 -1
44 1066 -1
209 1257 -1
380 641 -1
641 795 -1
68 641 -1
641 1159 -1
380 1318 -1
516 839 -1
516 735 -1
9 1184 -1
1184 1307 -1
9 351 -1
993 1401 -1
804 1056 -1
492 1056 -1
610 666 -1
194 666 -1
266 647 -1
261 396 -1
396 781 -1
125 739 -1
125 219 -1
34 544 -1
283 1501 -1
907 1501 -1
47 283 -1
1179 1428 -1
679 1030 -1
1246 1326 -1
1013 1246 -1
1118 1246 -1
214 1363 -1
1363 1514 -1
890 1363 -1
955 1285 -1
113 1073 -1
996 1073 -1
113 1386 -1
113 1437 -1
807 1537 -1
419 1055 -1
419 952 -1
1146 1448 -1
795 1537 -1
380 1537 -1
68 1537 -1
1159 1537 -1
539 623 -1
108 1081 -1
1535 1555 -1
14 286 -1
286 1001 -1
286 378 -1
67 286 -1
286 1157 -1
276 1025 -1
276 869 -1
142 276 -1
369 437 -1
369 1113 -1
369 1165 -1
581 1349 -1
123 1101 -1
537 1101 -1
954 1101 -1
188 458 -1
188 1549 -1
400 1407 -1
659 1407 -1
191 1407 -1
400 888 -1
56 400 -1
400 1252 -1
368 400 -1
281 666 -1
518 1299 -1
518 1403 -1
282 917 -1
917 1009 -1
75 917 -1
917 1321 -1
917 1217 -1
282 1282 -1
282 1074 -1
282 1022 -1
895 1236 -1
1051 1236 -1
664 895 -1
19 961 -1
372 1183 -1
904 1010 -1
435 1010 -1
20 1010 -1
1010 1163 -1
279 1010 -1
77 391 -1
605 1137 -1
958 1200 -1
895 1387 -1
1051 1387 -1
340 942 -1
236 942 -1
342 1227 -1
601 1461 -1
1330 1461 -1
1122 1461 -1
1382 1461 -1
1364 1470 -1
1208 1470 -1
1155 1490 -1
293 1155 -1
796 853 -1
656 1197 -1
789 1137 -1
1137 1466 -1
51 1103 -1
51 1416 -1
51 583 -1
51 687 -1
51 271 -1
448 809 -1
809 1071 -1
809 1020 -1
85 809 -1
809 1487 -1
809 1383 -1
237 448 -1
778 1108 -1
986 1108 -1
538 872 -1
449 895 -1
449 1051 -1
156 1415 -1
153 1109 -1
152 1109 -1
49 1109 -1
671 1109 -1
411 1109 -1
775 1109 -1
630 1008 -1
115 835 -1
21 1433 -1
21 653 -1
388 1056 -1
1271 1322 -1
1077 1462 -1
370 1077 -1
111 1077 -1
316 1281 -1
1088 1431 -1
499 1531 -1
46 700 -1
46 595 -1
634 926 -1
378 868 -1
868 1001 -1
14 868 -1
295 378 -1
492 736 -1
736 804 -1
905 1050 -1
854 1050 -1
905 1153 -1
685 905 -1
5 701 -1
212 701 -1
100 897 -1
210 735 -1
210 839 -1
586 1204 -1
586 1256 -1
216 586 -1
586 891 -1
1358 1444 -1
1410 1444 -1
1046 1444 -1
408 1285 -1
120 623 -1
623 1315 -1
117 1053 -1
68 1110 -1
795 1110 -1
380 1110 -1
1110 1159 -1
68 849 -1
68 70 -1
150 624 -1
150 571 -1
150 987 -1
451 1509 -1
774 941 -1
245 879 -1
879 1181 -1
120 1221 -1
1221 1315 -1
3 471 -1
817 1354 -1
1443 1550 -1
559 577 -1
456 577 -1
299 577 -1
577 975 -1
1124 1207 -1
271 1124 -1
844 1124 -1
687 1124 -1
267 1150 -1
1150 1152 -1
1117 1412 -1
489 720 -1
703 1418 -1
388 1002 -1
388 1262 -1
461 711 -1
50 1398 -1
99 1482 -1
513 1482 -1
1138 1482 -1
151 1482 -1
99 753 -1
99 650 -1
99 1274 -1
434 1382 -1
434 601 -1
434 1330 -1
290 434 -1
434 1122 -1
358 870 -1
358 1441 -1
358 1338 -1
146 1479 -1
873 1479 -1
770 1479 -1
43 1479 -1
97 495 -1
475 913 -1
1139 1201 -1
931 1201 -1
251 1510 -1
1032 1510 -1
107 251 -1
974 1088 -1
385 1108 -1
594 1108 -1
749 1108 -1
531 1442 -1
666 1444 -1
500 698 -1
500 541 -1
314 371 -1
289 707 -1
185 707 -1
350 1237 -1
326 850 -1
326 382 -1
828 1237 -1
983 1237 -1
496 559 -1
456 496 -1
299 496 -1
496 975 -1
486 1240 -1
642 1240 -1
330 1240 -1
355 486 -1
207 364 -1
69 691 -1
275 691 -1
69 379 -1
555 972 -1
972 1231 -1
220 636 -1
21 799 -1
