105 1507 1
727 1507 1
105 727 1
105 675 1
675 1507 1
675 727 1
52 1091 1
259 780 1
779 1404 1
1092 1508 1
831 1508 1
831 1092 1
157 416 1
572 779 1
572 1404 1
520 988 1
260 727 1
105 260 1
260 1507 1
260 675 1
0 52 1
0 1091 1
415 676 1
52 676 1
0 676 1
676 1091 1
52 415 1
1040 1455 1
623 624 1
522 574 1
1249 1250 1
625 885 1
262 1405 1
833 1042 1
833 990 1
990 1042 1
262 1301 1
1301 1405 1
314 469 1
573 1405 1
573 1301 1
262 573 1
834 1458 1
573 1198 1
1198 1405 1
262 1198 1
1198 1301 1
729 937 1
366 1458 1
366 834 1
1302 1510 1
417 937 1
417 729 1
1093 1510 1
1093 1302 1
886 1041 1
990 1249 1
833 1249 1
1042 1249 1
990 1250 1
420 992 1
5 1459 1
471 1408 1
836 1147 1
5 888 1
888 1459 1
888 1148 1
1148 1459 1
5 1148 1
420 1199 1
992 1199 1
56 109 1
108 1460 1
109 1043 1
56 1043 1
316 939 1
575 1199 1
575 992 1
420 575 1
211 1044 1
57 471 1
57 1408 1
835 1251 1
109 679 1
56 679 1
679 1043 1
211 991 1
991 1044 1
211 367 1
367 1044 1
367 991 1
526 1046 1
473 837 1
786 994 1
163 1409 1
734 837 1
473 734 1
162 1253 1
111 369 1
941 1046 1
526 941 1
7 890 1
58 1098 1
266 681 1
474 577 1
838 1202 1
994 1097 1
786 1097 1
578 1461 1
213 681 1
213 266 1
58 733 1
733 1098 1
370 733 1
58 370 1
370 1098 1
838 1150 1
1150 1202 1
994 1358 1
1097 1358 1
786 1358 1
112 580 1
788 1307 1
943 1307 1
788 943 1
527 1151 1
736 1203 1
9 1412 1
1360 1463 1
215 684 1
1099 1463 1
1099 1360 1
788 1048 1
1048 1307 1
943 1048 1
892 1307 1
892 1048 1
788 892 1
892 943 1
1256 1411 1
267 1152 1
580 1048 1
112 1048 1
580 943 1
580 788 1
580 1307 1
580 892 1
112 215 1
215 1048 1
215 580 1
112 684 1
63 1258 1
167 269 1
685 1258 1
63 685 1
374 1153 1
529 685 1
529 1258 1
63 529 1
11 841 1
11 581 1
581 841 1
373 1102 1
425 842 1
737 1413 1
1153 1257 1
374 1257 1
842 1205 1
425 1205 1
114 738 1
633 946 1
1153 1258 1
1257 1258 1
374 1258 1
685 1153 1
529 1153 1
63 1153 1
530 790 1
841 1258 1
11 1258 1
581 1258 1
841 1153 1
841 1257 1
685 841 1
529 841 1
374 841 1
63 841 1
1260 1311 1
1259 1415 1
791 1364 1
428 1155 1
844 1312 1
584 1052 1
271 948 1
375 1468 1
64 896 1
427 896 1
64 427 1
428 844 1
844 1155 1
428 1312 1
427 948 1
896 948 1
64 948 1
271 427 1
532 896 1
64 532 1
427 532 1
532 948 1
375 1312 1
1312 1468 1
375 428 1
375 844 1
168 1103 1
1103 1260 1
168 1260 1
1103 1311 1
170 171 1
378 1470 1
119 742 1
586 845 1
1209 1262 1
171 481 1
170 481 1
67 794 1
1002 1106 1
274 1053 1
950 1209 1
950 1262 1
689 1210 1
897 1469 1
14 1365 1
326 1105 1
119 1053 1
742 1053 1
119 274 1
119 325 1
274 325 1
325 1053 1
325 742 1
1365 1469 1
14 1469 1
897 1365 1
66 793 1
221 845 1
221 586 1
1160 1523 1
17 1212 1
275 1419 1
692 1524 1
16 120 1
431 1419 1
275 431 1
795 795 1
68 1420 1
121 847 1
848 1212 1
17 848 1
639 899 1
588 692 1
588 1524 1
1004 1524 1
588 1004 1
692 1004 1
172 1472 1
1315 1419 1
275 1315 1
431 1315 1
68 172 1
172 1420 1
68 1472 1
432 1420 1
172 432 1
68 432 1
16 1316 1
120 1316 1
277 485 1
381 954 1
693 1214 1
19 589 1
1005 1422 1
694 1473 1
1369 1473 1
694 1369 1
434 901 1
641 746 1
849 953 1
1109 1162 1
797 1109 1
797 1162 1
381 1370 1
954 1370 1
175 1526 1
382 1370 1
382 954 1
381 382 1
485 694 1
277 694 1
485 1473 1
485 1369 1
18 434 1
18 901 1
850 1162 1
850 1109 1
797 850 1
21 228 1
903 1164 1
591 1319 1
799 1215 1
20 695 1
124 1267 1
748 904 1
332 695 1
20 332 1
280 644 1
1215 1476 1
799 1476 1
280 1216 1
644 1216 1
956 1476 1
799 956 1
956 1215 1
695 748 1
332 748 1
20 748 1
695 904 1
177 1320 1
800 1060 1
436 1112 1
125 539 1
488 1112 1
436 488 1
1111 1527 1
956 1371 1
1215 1371 1
1371 1476 1
799 1371 1
646 1478 1
385 957 1
853 1477 1
22 542 1
645 854 1
75 386 1
23 697 1
230 541 1
437 593 1
385 1322 1
957 1322 1
230 385 1
385 541 1
230 1322 1
230 957 1
385 1269 1
1269 1322 1
957 1269 1
230 1269 1
541 1269 1
1269 1373 1
385 1373 1
230 1373 1
1322 1373 1
957 1373 1
541 1373 1
75 1426 1
386 1426 1
385 1321 1
230 1321 1
1321 1322 1
957 1321 1
1269 1321 1
541 1321 1
1321 1373 1
76 648 1
647 1376 1
908 1115 1
283 439 1
596 647 1
596 1376 1
25 855 1
232 595 1
907 1064 1
24 1480 1
231 543 1
284 335 1
129 440 1
492 700 1
388 1427 1
544 1324 1
1011 1064 1
907 1011 1
855 1115 1
25 1115 1
855 908 1
1168 1376 1
596 1168 1
647 1168 1
128 1532 1
388 544 1
544 1427 1
388 1324 1
1271 1428 1
181 337 1
131 754 1
78 1274 1
131 337 1
337 754 1
131 181 1
390 1169 1
337 1378 1
754 1378 1
131 1378 1
181 1378 1
1014 1274 1
78 1014 1
494 1430 1
857 1273 1
649 805 1
286 702 1
494 1377 1
1377 1430 1
442 1377 1
442 1430 1
442 494 1
1117 1378 1
337 1117 1
754 1117 1
131 1117 1
181 1117 1
1481 1534 1
182 1117 1
182 1378 1
131 182 1
182 337 1
182 754 1
181 182 1
235 912 1
495 1328 1
444 1536 1
547 652 1
236 1484 1
964 1328 1
495 964 1
133 444 1
133 1536 1
548 756 1
599 1120 1
547 1535 1
652 1535 1
183 963 1
184 1483 1
495 703 1
703 1328 1
703 964 1
339 912 1
235 339 1
1067 1275 1
392 964 1
392 1328 1
392 703 1
392 495 1
548 1068 1
756 1068 1
81 1016 1
1120 1484 1
599 1484 1
236 1120 1
705 862 1
497 1070 1
810 965 1
862 1485 1
705 1485 1
185 393 1
237 1173 1
185 1485 1
393 1485 1
185 705 1
185 862 1
758 1069 1
1018 1538 1
446 653 1
1122 1434 1
809 1434 1
809 1122 1
31 1278 1
290 1018 1
290 1538 1
289 1226 1
185 1330 1
393 1330 1
1330 1485 1
862 1330 1
705 1330 1
394 966 1
185 394 1
394 705 1
393 394 1
394 1485 1
394 1330 1
394 862 1
185 966 1
551 1227 1
291 1020 1
84 291 1
84 1020 1
343 499 1
551 1383 1
1227 1383 1
811 1071 1
137 915 1
240 811 1
240 1071 1
447 812 1
603 1176 1
136 864 1
32 1436 1
291 1072 1
84 1072 1
1020 1072 1
84 1123 1
1072 1123 1
291 1123 1
1020 1123 1
447 1176 1
812 1176 1
447 603 1
136 1383 1
864 1383 1
136 1227 1
136 551 1
710 1489 1
865 1542 1
34 189 1
501 1437 1
709 1281 1
554 813 1
814 1438 1
189 865 1
34 865 1
189 1542 1
138 553 1
34 606 1
606 865 1
189 606 1
86 1386 1
657 658 1
345 1385 1
814 1334 1
1334 1438 1
242 1178 1
814 917 1
917 1334 1
917 1438 1
449 1541 1
1333 1542 1
865 1333 1
189 1333 1
710 1541 1
1489 1541 1
449 710 1
868 1075 1
348 1387 1
399 816 1
400 660 1
192 243 1
867 1076 1
244 1492 1
36 711 1
503 867 1
503 1076 1
711 1127 1
36 1127 1
608 1543 1
867 1336 1
1076 1336 1
503 1336 1
1076 1232 1
1232 1336 1
867 1232 1
503 1232 1
191 867 1
191 1336 1
191 1232 1
191 1076 1
191 503 1
659 972 1
399 919 1
816 919 1
141 1283 1
766 1181 1
505 1546 1
1077 1078 1
1442 1493 1
401 765 1
350 558 1
1078 1129 1
1077 1129 1
661 921 1
193 1285 1
453 1338 1
298 454 1
1234 1546 1
505 1234 1
349 609 1
870 1545 1
194 1441 1
818 1338 1
453 818 1
349 350 1
350 609 1
349 558 1
90 143 1
454 1337 1
298 1337 1
91 1285 1
91 193 1
1234 1285 1
505 1285 1
1285 1546 1
193 1234 1
91 1234 1
299 1548 1
768 923 1
300 871 1
716 1443 1
508 1392 1
1079 1548 1
299 1079 1
351 1339 1
611 1495 1
612 612 1
872 1288 1
923 1287 1
768 1287 1
819 1027 1
145 247 1
456 716 1
456 1443 1
664 716 1
456 664 1
664 1443 1
923 1131 1
768 1131 1
1131 1287 1
195 819 1
195 1027 1
300 1287 1
871 1287 1
300 768 1
300 1131 1
300 923 1
1186 1393 1
561 562 1
717 1498 1
406 1029 1
1029 1186 1
406 1186 1
1029 1393 1
873 1394 1
405 405 1
302 1342 1
43 457 1
666 925 1
146 614 1
1133 1549 1
874 1237 1
250 509 1
405 1342 1
302 405 1
1030 1238 1
821 1238 1
821 1030 1
614 1237 1
146 1237 1
614 874 1
457 1498 1
43 1498 1
457 717 1
354 665 1
146 665 1
665 1237 1
614 665 1
146 354 1
96 980 1
460 1396 1
719 1344 1
772 1136 1
355 1343 1
199 1499 1
512 667 1
875 1448 1
1292 1396 1
460 1292 1
408 1344 1
408 719 1
1135 1240 1
667 1343 1
512 1343 1
355 667 1
460 1291 1
1291 1292 1
1291 1396 1
355 1239 1
667 1239 1
1239 1343 1
512 980 1
667 980 1
980 1343 1
96 512 1
1344 1500 1
408 1500 1
719 1500 1
358 826 1
306 1294 1
201 1450 1
1034 1241 1
462 877 1
98 1085 1
1241 1241 1
253 982 1
201 1137 1
1137 1450 1
46 47 1
669 878 1
47 202 1
46 202 1
461 1242 1
409 877 1
409 462 1
99 617 1
151 253 1
151 982 1
305 358 1
305 826 1
669 1085 1
878 1085 1
98 669 1
46 1241 1
202 1241 1
47 1241 1
46 1034 1
672 1504 1
203 567 1
567 879 1
203 879 1
308 723 1
1035 1036 1
463 1244 1
100 775 1
1243 1555 1
879 931 1
203 931 1
567 931 1
101 1087 1
153 724 1
153 1399 1
724 1399 1
724 1504 1
153 1504 1
1399 1504 1
672 724 1
1295 1348 1
515 1347 1
828 1452 1
308 620 1
620 723 1
308 1452 1
723 1452 1
620 1452 1
308 828 1
310 881 1
50 1349 1
414 1193 1
258 777 1
51 985 1
569 1090 1
102 362 1
206 1038 1
726 933 1
673 1089 1
518 1297 1
1193 1557 1
414 1557 1
205 622 1
257 518 1
257 1297 1
1142 1401 1
361 621 1
413 726 1
413 933 1
361 465 1
465 621 1
103 205 1
103 622 1
1557 1558 1
1193 1558 1
414 1558 1
413 1453 1
933 1453 1
726 1453 1
1358 1381 -1
1097 1381 -1
994 1381 -1
786 1381 -1
574 1122 -1
522 1122 -1
574 809 -1
574 1434 -1
37 426 -1
201 634 -1
634 1137 -1
634 1450 -1
317 769 -1
1094 1121 -1
1305 1312 -1
428 1305 -1
1305 1468 -1
844 1305 -1
375 1305 -1
63 192 -1
192 529 -1
192 1258 -1
192 685 -1
192 841 -1
192 1153 -1
63 243 -1
1115 1322 -1
25 1322 -1
908 1322 -1
855 1322 -1
385 1115 -1
230 1115 -1
1115 1321 -1
957 1115 -1
1115 1269 -1
1115 1373 -1
763 773 -1
675 1529 -1
105 1529 -1
1507 1529 -1
260 1529 -1
727 1529 -1
706 734 -1
473 706 -1
706 837 -1
653 1552 -1
446 1552 -1
1446 1461 -1
578 1446 -1
1278 1285 -1
31 1285 -1
193 1278 -1
1234 1278 -1
91 1278 -1
1278 1546 -1
505 1278 -1
1101 1502 -1
250 626 -1
509 626 -1
973 978 -1
1092 1302 -1
1302 1508 -1
831 1302 -1
1092 1093 -1
1092 1510 -1
153 1316 -1
1316 1504 -1
724 1316 -1
1316 1399 -1
16 153 -1
120 153 -1
1127 1466 -1
36 1466 -1
711 1466 -1
95 522 -1
95 574 -1
436 485 -1
485 1112 -1
485 488 -1
436 1473 -1
277 436 -1
436 694 -1
436 1369 -1
684 718 -1
112 718 -1
215 718 -1
1363 1513 -1
1510 1549 -1
1093 1549 -1
1302 1549 -1
1133 1510 -1
57 94 -1
94 1408 -1
94 471 -1
138 1056 -1
553 1056 -1
1133 1382 -1
1382 1549 -1
1507 1522 -1
105 1522 -1
675 1522 -1
260 1522 -1
727 1522 -1
195 239 -1
239 1027 -1
239 819 -1
1322 1532 -1
385 1532 -1
230 1532 -1
1321 1532 -1
957 1532 -1
1269 1532 -1
1373 1532 -1
128 1322 -1
705 718 -1
185 718 -1
718 1330 -1
718 1485 -1
718 862 -1
394 718 -1
228 312 -1
21 312 -1
219 818 -1
219 1338 -1
219 453 -1
1334 1471 -1
1438 1471 -1
814 1471 -1
917 1471 -1
1094 1098 -1
58 1094 -1
370 1094 -1
733 1094 -1
1423 1433 -1
1095 1245 -1
737 1346 -1
1346 1413 -1
1425 1447 -1
1197 1238 -1
821 1197 -1
1030 1197 -1
158 198 -1
982 1101 -1
253 1101 -1
151 1101 -1
1405 1411 -1
1198 1411 -1
1301 1411 -1
262 1411 -1
573 1411 -1
1256 1405 -1
676 683 -1
0 683 -1
683 1091 -1
52 683 -1
415 683 -1
1329 1520 -1
74 1272 -1
235 1010 -1
912 1010 -1
339 1010 -1
635 778 -1
1062 1080 -1
577 584 -1
474 584 -1
577 1052 -1
231 437 -1
437 543 -1
231 593 -1
1048 1077 -1
580 1077 -1
943 1077 -1
112 1077 -1
788 1077 -1
215 1077 -1
1077 1307 -1
892 1077 -1
1048 1129 -1
1048 1078 -1
9 14 -1
14 1412 -1
9 1365 -1
9 1469 -1
1057 1078 -1
1057 1129 -1
1057 1077 -1
792 822 -1
725 732 -1
214 320 -1
249 258 -1
249 777 -1
532 558 -1
558 896 -1
64 558 -1
427 558 -1
558 948 -1
349 532 -1
350 532 -1
577 1268 -1
474 1268 -1
421 506 -1
798 1476 -1
798 1371 -1
798 799 -1
798 956 -1
798 1215 -1
57 103 -1
103 1408 -1
103 471 -1
57 205 -1
57 622 -1
1097 1226 -1
994 1226 -1
786 1226 -1
1226 1358 -1
289 1097 -1
923 1176 -1
768 1176 -1
1131 1176 -1
300 1176 -1
1176 1287 -1
603 923 -1
812 923 -1
447 923 -1
1064 1066 -1
907 1066 -1
1011 1066 -1
1262 1268 -1
1209 1268 -1
950 1268 -1
64 245 -1
245 896 -1
245 532 -1
245 427 -1
245 948 -1
1010 1219 -1
936 1342 -1
405 936 -1
302 936 -1
496 750 -1
1095 1505 -1
113 625 -1
113 885 -1
205 628 -1
622 628 -1
103 628 -1
954 1000 -1
1000 1370 -1
381 1000 -1
382 1000 -1
382 384 -1
384 1370 -1
384 954 -1
381 384 -1
10 36 -1
10 1127 -1
10 711 -1
43 418 -1
418 457 -1
418 1498 -1
159 163 -1
159 1409 -1
885 1507 -1
625 1507 -1
105 885 -1
675 885 -1
260 885 -1
727 885 -1
1249 1290 -1
833 1290 -1
1250 1290 -1
1042 1290 -1
990 1290 -1
1104 1130 -1
137 299 -1
299 915 -1
137 1548 -1
137 1079 -1
1247 1262 -1
1209 1247 -1
950 1247 -1
49 224 -1
1017 1030 -1
821 1017 -1
1017 1238 -1
221 1351 -1
586 1351 -1
845 1351 -1
1070 1352 -1
497 1352 -1
416 1291 -1
157 1291 -1
416 1292 -1
416 460 -1
416 1396 -1
28 490 -1
913 1514 -1
313 319 -1
1416 1445 -1
926 1509 -1
63 711 -1
529 711 -1
711 1258 -1
685 711 -1
711 841 -1
711 1153 -1
36 63 -1
63 1127 -1
3 632 -1
738 1345 -1
114 1345 -1
944 1394 -1
873 944 -1
306 737 -1
737 1294 -1
306 1413 -1
1057 1059 -1
311 1535 -1
311 547 -1
311 652 -1
636 661 -1
636 921 -1
339 801 -1
801 912 -1
235 801 -1
591 1005 -1
1005 1319 -1
591 1422 -1
1293 1310 -1
1207 1485 -1
705 1207 -1
393 1207 -1
394 1207 -1
1207 1330 -1
185 1207 -1
862 1207 -1
261 268 -1
743 1324 -1
544 743 -1
388 743 -1
212 830 -1
1300 1342 -1
405 1300 -1
302 1300 -1
945 971 -1
1405 1417 -1
1198 1417 -1
1301 1417 -1
262 1417 -1
573 1417 -1
1307 1509 -1
1048 1509 -1
892 1509 -1
788 1509 -1
580 1509 -1
943 1509 -1
35 1108 -1
81 1061 -1
1016 1061 -1
271 661 -1
427 661 -1
661 948 -1
271 921 -1
1196 1320 -1
177 1196 -1
581 607 -1
607 841 -1
607 1258 -1
11 607 -1
609 809 -1
349 809 -1
350 809 -1
609 1434 -1
609 1122 -1
544 1118 -1
388 1118 -1
1118 1427 -1
1118 1324 -1
1510 1515 -1
1093 1515 -1
1302 1515 -1
126 755 -1
565 634 -1
1299 1318 -1
1162 1164 -1
850 1164 -1
1109 1164 -1
797 1164 -1
903 1162 -1
1094 1463 -1
1094 1360 -1
1094 1099 -1
1029 1037 -1
1037 1393 -1
1037 1186 -1
406 1037 -1
635 914 -1
365 372 -1
126 806 -1
1207 1226 -1
289 1207 -1
993 1081 -1
579 1306 -1
36 529 -1
529 1127 -1
36 1153 -1
36 1258 -1
36 685 -1
36 841 -1
883 1446 -1
259 1291 -1
780 1291 -1
259 1292 -1
259 460 -1
259 1396 -1
531 549 -1
1014 1219 -1
1219 1274 -1
78 1219 -1
365 630 -1
1201 1329 -1
909 1320 -1
177 909 -1
391 957 -1
385 391 -1
230 391 -1
391 1321 -1
391 1322 -1
391 1269 -1
391 1373 -1
269 452 -1
167 452 -1
1525 1528 -1
895 933 -1
413 895 -1
726 895 -1
895 1453 -1
142 186 -1
166 201 -1
166 1137 -1
166 1450 -1
1454 1460 -1
108 1454 -1
1286 1290 -1
123 436 -1
123 1112 -1
123 488 -1
25 1430 -1
1115 1430 -1
855 1430 -1
25 1377 -1
25 442 -1
25 494 -1
186 557 -1
179 1220 -1
1434 1441 -1
809 1441 -1
1122 1441 -1
194 1434 -1
1098 1329 -1
58 1329 -1
370 1329 -1
733 1329 -1
479 1389 -1
791 809 -1
809 1364 -1
791 1434 -1
791 1122 -1
322 825 -1
583 1181 -1
583 766 -1
1538 1546 -1
1018 1546 -1
290 1546 -1
505 1538 -1
1234 1538 -1
1285 1538 -1
488 537 -1
537 1112 -1
436 537 -1
1318 1319 -1
591 1318 -1
999 1057 -1
890 1546 -1
7 1546 -1
505 890 -1
890 1234 -1
890 1285 -1
183 489 -1
489 963 -1
116 186 -1
76 1066 -1
648 1066 -1
110 260 -1
105 110 -1
110 1507 -1
110 675 -1
110 727 -1
810 818 -1
818 965 -1
810 1338 -1
453 810 -1
367 673 -1
211 673 -1
673 1044 -1
673 991 -1
367 1089 -1
484 567 -1
203 484 -1
484 931 -1
484 879 -1
1005 1059 -1
1059 1422 -1
146 629 -1
629 665 -1
354 629 -1
629 1237 -1
614 629 -1
634 764 -1
6 30 -1
89 166 -1
9 42 -1
42 1412 -1
311 337 -1
311 1378 -1
131 311 -1
311 754 -1
181 311 -1
182 311 -1
311 1117 -1
264 310 -1
264 881 -1
893 971 -1
831 1158 -1
1092 1158 -1
1158 1508 -1
399 633 -1
633 816 -1
633 919 -1
399 946 -1
872 1435 -1
1288 1435 -1
505 531 -1
531 1546 -1
531 1234 -1
531 1285 -1
387 650 -1
1026 1052 -1
584 1026 -1
488 927 -1
927 1112 -1
436 927 -1
300 811 -1
768 811 -1
811 1131 -1
811 1287 -1
811 923 -1
811 871 -1
240 300 -1
300 1071 -1
128 233 -1
233 1532 -1
909 946 -1
633 909 -1
1156 1461 -1
578 1156 -1
575 1090 -1
992 1090 -1
420 1090 -1
1090 1199 -1
569 575 -1
24 425 -1
425 1480 -1
24 842 -1
24 1205 -1
1130 1155 -1
844 1130 -1
428 1130 -1
208 1065 -1
1134 1513 -1
1403 1524 -1
588 1403 -1
692 1403 -1
1004 1403 -1
629 677 -1
1026 1433 -1
1425 1427 -1
544 1425 -1
388 1425 -1
107 666 -1
107 925 -1
146 630 -1
630 665 -1
354 630 -1
630 1237 -1
614 630 -1
366 372 -1
372 1458 -1
372 834 -1
210 319 -1
450 1108 -1
1328 1500 -1
392 1500 -1
703 1500 -1
964 1500 -1
495 1500 -1
1328 1344 -1
408 1328 -1
719 1328 -1
1111 1525 -1
1525 1527 -1
1351 1372 -1
166 763 -1
373 763 -1
763 1102 -1
874 990 -1
990 1237 -1
614 990 -1
833 874 -1
874 1042 -1
874 1250 -1
874 1249 -1
1238 1306 -1
821 1306 -1
1030 1306 -1
1098 1134 -1
58 1134 -1
370 1134 -1
733 1134 -1
810 1394 -1
965 1394 -1
810 873 -1
623 753 -1
624 753 -1
577 1198 -1
474 1198 -1
577 1301 -1
573 577 -1
262 577 -1
577 1405 -1
216 318 -1
1416 1525 -1
1130 1226 -1
289 1130 -1
1208 1539 -1
186 740 -1
288 489 -1
159 769 -1
294 1108 -1
1092 1112 -1
1112 1508 -1
831 1112 -1
488 1092 -1
436 1092 -1
1000 1266 -1
1445 1493 -1
1442 1445 -1
795 827 -1
1274 1369 -1
1014 1369 -1
78 1369 -1
1274 1473 -1
485 1274 -1
694 1274 -1
948 1545 -1
896 1545 -1
64 1545 -1
427 1545 -1
532 1545 -1
271 1545 -1
870 948 -1
1415 1441 -1
1259 1441 -1
194 1415 -1
493 751 -1
6 705 -1
6 185 -1
6 1330 -1
6 1485 -1
6 862 -1
6 394 -1
263 361 -1
263 465 -1
263 621 -1
106 221 -1
106 586 -1
106 845 -1
634 744 -1
886 1342 -1
1041 1342 -1
405 886 -1
302 886 -1
787 810 -1
787 965 -1
825 1102 -1
373 825 -1
1303 1497 -1
70 73 -1
873 1017 -1
1017 1394 -1
1225 1234 -1
505 1225 -1
1225 1546 -1
91 1225 -1
1225 1285 -1
193 1225 -1
1049 1063 -1
111 135 -1
135 369 -1
210 216 -1
1387 1397 -1
348 1397 -1
114 711 -1
711 738 -1
36 114 -1
114 1127 -1
832 858 -1
525 561 -1
525 562 -1
837 1338 -1
473 1338 -1
734 1338 -1
818 837 -1
453 837 -1
888 1453 -1
1453 1459 -1
1148 1453 -1
5 1453 -1
413 888 -1
726 888 -1
888 933 -1
1104 1233 -1
521 577 -1
474 521 -1
503 529 -1
529 1336 -1
529 1232 -1
529 867 -1
529 1076 -1
191 529 -1
503 1153 -1
503 1258 -1
503 685 -1
503 841 -1
63 503 -1
841 1491 -1
1153 1491 -1
581 1491 -1
1257 1491 -1
1258 1491 -1
11 1491 -1
685 1491 -1
529 1491 -1
374 1491 -1
63 1491 -1
574 602 -1
522 602 -1
886 1516 -1
1041 1516 -1
882 1148 -1
882 888 -1
882 1459 -1
5 882 -1
906 1325 -1
1112 1196 -1
488 1196 -1
436 1196 -1
1434 1445 -1
809 1445 -1
1122 1445 -1
935 949 -1
513 738 -1
114 513 -1
892 913 -1
913 1048 -1
580 913 -1
913 1307 -1
788 913 -1
913 943 -1
