53 1507 1
312 831 1
624 1247 1
832 1508 1
260 311 1
468 519 1
1 520 1
259 1092 1
1 935 1
520 935 1
416 1352 1
53 260 1
260 1507 1
53 311 1
364 468 1
364 519 1
1351 1352 1
416 1351 1
364 1092 1
468 1092 1
519 1092 1
259 364 1
1 1196 1
520 1196 1
935 1196 1
1040 1352 1
416 1040 1
1040 1351 1
416 519 1
519 1352 1
519 1040 1
519 1351 1
416 1092 1
364 416 1
416 468 1
677 1146 1
1145 1198 1
470 1406 1
730 886 1
106 417 1
678 1249 1
314 730 1
314 886 1
54 366 1
366 470 1
54 470 1
366 1406 1
158 678 1
158 1249 1
366 1510 1
1406 1510 1
470 1510 1
54 1510 1
522 1457 1
574 1093 1
159 1354 1
885 1406 1
885 1510 1
366 885 1
470 885 1
261 1509 1
417 677 1
106 677 1
417 1146 1
471 575 1
315 1200 1
732 1303 1
315 1408 1
1200 1408 1
783 783 1
576 1251 1
368 1304 1
836 1043 1
835 1407 1
523 1148 1
888 1096 1
57 419 1
628 680 1
887 1148 1
523 887 1
264 1252 1
4 1355 1
1251 1355 1
576 1355 1
4 1251 1
5 783 1
523 680 1
680 1148 1
680 887 1
523 628 1
471 1512 1
575 1512 1
108 316 1
213 838 1
318 1357 1
7 1410 1
1097 1513 1
682 994 1
6 111 1
473 1254 1
474 577 1
993 1150 1
630 1462 1
265 369 1
111 577 1
6 577 1
111 474 1
59 526 1
58 1357 1
58 318 1
577 1461 1
474 1461 1
6 1461 1
111 1461 1
422 682 1
422 994 1
473 1462 1
1254 1462 1
473 630 1
941 1306 1
734 1253 1
317 733 1
112 1463 1
215 632 1
788 996 1
9 528 1
372 1204 1
268 1255 1
892 1255 1
268 892 1
112 1308 1
1308 1463 1
60 632 1
60 215 1
267 631 1
1411 1411 1
1151 1307 1
164 1255 1
164 892 1
164 268 1
112 1307 1
1307 1308 1
1307 1463 1
112 1151 1
319 944 1
371 735 1
61 372 1
61 1204 1
995 1151 1
112 995 1
995 1307 1
789 998 1
321 478 1
270 1206 1
1309 1361 1
529 1049 1
114 1102 1
321 634 1
478 634 1
63 529 1
63 1049 1
269 997 1
62 1101 1
530 841 1
270 1465 1
1206 1465 1
529 1206 1
1049 1206 1
63 1206 1
529 1465 1
270 529 1
10 374 1
425 1517 1
115 634 1
115 321 1
115 478 1
373 425 1
373 1517 1
945 1050 1
217 1413 1
271 531 1
169 532 1
65 1052 1
375 376 1
65 739 1
739 1052 1
1416 1467 1
688 1363 1
895 1259 1
843 1311 1
1052 1468 1
65 1468 1
739 1468 1
168 1260 1
12 220 1
272 1260 1
168 272 1
117 895 1
117 1259 1
999 1155 1
271 1467 1
531 1467 1
271 1416 1
1103 1519 1
428 1467 1
428 1416 1
428 531 1
271 428 1
1052 1364 1
65 1364 1
739 1364 1
1364 1468 1
1001 1314 1
689 1469 1
481 1521 1
429 534 1
119 221 1
637 1418 1
794 1262 1
481 845 1
845 1521 1
118 793 1
171 1418 1
171 637 1
794 1261 1
1261 1262 1
171 690 1
690 1418 1
637 690 1
222 1001 1
222 1314 1
274 845 1
274 481 1
274 1521 1
378 897 1
638 950 1
67 429 1
67 534 1
222 1469 1
1001 1469 1
1314 1469 1
222 689 1
1055 1471 1
17 379 1
1055 1420 1
1420 1471 1
380 1107 1
848 900 1
120 692 1
173 1160 1
536 1264 1
173 1264 1
1160 1264 1
173 536 1
743 1524 1
276 1212 1
431 796 1
327 1524 1
327 743 1
380 1160 1
1107 1160 1
380 1264 1
173 380 1
173 796 1
796 1160 1
796 1264 1
380 796 1
536 796 1
173 431 1
431 1264 1
431 1160 1
431 536 1
380 431 1
746 1058 1
71 953 1
798 954 1
70 1006 1
18 71 1
18 953 1
122 1525 1
381 1370 1
330 1370 1
330 381 1
1265 1266 1
485 1214 1
433 693 1
71 1006 1
953 1006 1
18 1006 1
70 71 1
123 226 1
797 797 1
277 1421 1
71 226 1
226 953 1
18 226 1
70 226 1
226 1006 1
71 123 1
226 797 1
70 797 1
71 797 1
797 1006 1
18 797 1
797 953 1
123 797 1
228 435 1
125 955 1
279 1215 1
644 1527 1
332 1215 1
279 332 1
956 1059 1
21 748 1
176 903 1
227 1423 1
227 904 1
904 1423 1
695 747 1
436 903 1
176 436 1
851 852 1
176 1528 1
436 1528 1
903 1528 1
73 799 1
383 1007 1
331 1528 1
176 331 1
331 436 1
331 903 1
1216 1527 1
644 1216 1
1372 1423 1
904 1372 1
227 1372 1
333 489 1
541 1373 1
179 1322 1
229 1113 1
958 1114 1
334 957 1
698 1217 1
698 1010 1
1010 1217 1
281 282 1
126 854 1
334 854 1
854 957 1
126 334 1
1062 1113 1
229 1062 1
126 594 1
334 594 1
594 854 1
1010 1114 1
1114 1217 1
698 1114 1
958 1010 1
905 958 1
905 1114 1
905 1010 1
75 385 1
23 1009 1
334 646 1
126 646 1
594 646 1
646 957 1
646 854 1
699 1012 1
804 1220 1
76 231 1
752 1168 1
855 1168 1
752 855 1
492 1427 1
336 647 1
491 855 1
491 1168 1
491 752 1
1167 1532 1
180 595 1
699 959 1
959 1012 1
1011 1167 1
1011 1532 1
77 1116 1
648 752 1
648 1168 1
491 648 1
648 855 1
77 180 1
180 1116 1
77 595 1
283 700 1
440 1064 1
24 752 1
24 1168 1
24 648 1
24 491 1
24 855 1
597 857 1
910 1117 1
598 805 1
649 702 1
79 337 1
909 1326 1
546 1170 1
441 1326 1
441 909 1
182 1533 1
1378 1481 1
234 806 1
286 598 1
286 805 1
857 1325 1
597 1325 1
338 1430 1
546 1222 1
1170 1222 1
1326 1534 1
441 1534 1
909 1534 1
649 806 1
702 806 1
234 649 1
1274 1325 1
857 1274 1
597 1274 1
649 857 1
234 857 1
806 857 1
702 857 1
649 1325 1
597 649 1
649 1274 1
495 1535 1
133 236 1
81 703 1
808 1379 1
443 755 1
1223 1380 1
911 1223 1
911 1380 1
236 444 1
133 444 1
1015 1379 1
808 1015 1
496 1536 1
808 860 1
860 1379 1
860 1015 1
599 1535 1
495 599 1
132 911 1
132 1380 1
132 1223 1
964 1536 1
496 964 1
703 704 1
81 704 1
287 1172 1
132 1276 1
1223 1276 1
1276 1380 1
911 1276 1
238 238 1
497 758 1
393 1122 1
1434 1538 1
1017 1018 1
550 1433 1
1121 1122 1
393 1121 1
550 1434 1
1433 1434 1
550 1538 1
1173 1329 1
290 1330 1
82 498 1
185 1382 1
1330 1537 1
290 1537 1
965 1485 1
82 1017 1
498 1017 1
82 1018 1
83 498 1
83 1017 1
82 83 1
237 238 1
1278 1537 1
1278 1330 1
290 1278 1
342 602 1
187 811 1
1072 1228 1
499 1540 1
499 1123 1
1123 1540 1
343 864 1
344 864 1
343 344 1
292 344 1
292 864 1
292 343 1
708 1228 1
708 1072 1
448 707 1
240 1332 1
1072 1540 1
708 1540 1
1228 1540 1
1072 1123 1
499 1072 1
707 1332 1
448 1332 1
240 707 1
33 1020 1
1072 1279 1
1123 1279 1
708 1279 1
1228 1279 1
499 1279 1
1279 1540 1
761 1385 1
449 501 1
918 1386 1
866 1178 1
189 501 1
189 449 1
189 709 1
449 709 1
501 709 1
501 813 1
449 813 1
189 813 1
709 813 1
1334 1437 1
761 1281 1
1281 1385 1
918 969 1
969 1386 1
710 1074 1
917 1074 1
710 917 1
1229 1489 1
605 709 1
449 605 1
605 813 1
189 605 1
501 605 1
1126 1385 1
761 1126 1
1126 1281 1
815 1544 1
451 815 1
451 1544 1
815 1075 1
1075 1544 1
451 1075 1
608 1336 1
191 972 1
399 400 1
400 971 1
399 971 1
244 712 1
556 815 1
556 1544 1
556 1075 1
451 556 1
295 607 1
1128 1283 1
1024 1179 1
400 1492 1
971 1492 1
399 1492 1
972 1336 1
191 1336 1
608 972 1
89 295 1
89 607 1
1024 1231 1
1179 1231 1
142 402 1
609 1338 1
818 1077 1
661 1129 1
558 1285 1
349 661 1
349 1129 1
349 1545 1
1129 1545 1
661 1545 1
973 1181 1
921 1129 1
921 1545 1
661 921 1
349 921 1
402 870 1
142 870 1
609 1442 1
1338 1442 1
454 1233 1
142 922 1
402 922 1
870 922 1
714 870 1
402 714 1
714 922 1
142 714 1
1181 1493 1
973 1493 1
923 1183 1
1288 1340 1
195 1339 1
559 1548 1
40 820 1
1027 1288 1
1027 1340 1
1027 1287 1
1287 1288 1
1287 1340 1
508 1184 1
92 1131 1
352 820 1
40 352 1
975 1235 1
196 559 1
196 1548 1
1027 1392 1
1288 1392 1
1340 1392 1
1287 1392 1
93 560 1
560 1339 1
93 1339 1
195 560 1
299 768 1
299 404 1
404 768 1
923 975 1
975 1183 1
923 1235 1
665 770 1
198 561 1
405 1394 1
562 1550 1
43 1029 1
510 613 1
42 1185 1
1289 1549 1
94 614 1
95 406 1
562 770 1
770 1550 1
562 665 1
197 718 1
42 1445 1
1185 1445 1
821 1497 1
925 1238 1
198 1237 1
561 1237 1
458 1342 1
146 1342 1
146 458 1
665 769 1
769 770 1
562 769 1
406 977 1
95 977 1
353 822 1
459 771 1
1031 1135 1
200 1500 1
668 928 1
511 511 1
511 1240 1
1239 1396 1
45 407 1
1083 1136 1
772 1396 1
772 1239 1
1136 1291 1
1083 1291 1
44 304 1
407 771 1
45 771 1
407 459 1
304 1551 1
44 1551 1
304 927 1
44 927 1
927 1551 1
252 1032 1
200 1187 1
1187 1500 1
149 667 1
459 1240 1
771 1240 1
407 1240 1
459 511 1
773 1242 1
201 721 1
150 409 1
565 825 1
513 565 1
513 825 1
1085 1242 1
773 1085 1
201 358 1
358 721 1
1034 1449 1
513 1397 1
825 1397 1
565 1397 1
1086 1190 1
670 773 1
670 1242 1
670 1085 1
826 1241 1
461 773 1
461 1242 1
461 1085 1
461 670 1
826 930 1
930 1241 1
202 1138 1
305 981 1
305 1086 1
981 1086 1
305 1190 1
255 1295 1
723 880 1
100 879 1
671 775 1
464 516 1
153 671 1
153 775 1
204 775 1
153 204 1
204 671 1
411 1556 1
828 1191 1
49 1555 1
360 672 1
255 411 1
411 1295 1
255 1556 1
983 1088 1
307 776 1
931 931 1
1191 1556 1
828 1556 1
411 1191 1
255 1191 1
463 619 1
203 1140 1
515 775 1
153 515 1
204 515 1
515 671 1
257 1349 1
155 517 1
413 1505 1
1037 1297 1
1349 1401 1
257 1401 1
361 985 1
1350 1506 1
1298 1506 1
1298 1350 1
1246 1558 1
413 934 1
934 1505 1
102 1505 1
102 413 1
102 934 1
830 986 1
51 986 1
51 830 1
50 1349 1
50 257 1
50 1401 1
830 1194 1
986 1194 1
51 1194 1
51 258 1
258 986 1
258 1194 1
258 830 1
264 402 -1
402 1252 -1
264 714 -1
264 922 -1
264 870 -1
142 264 -1
46 816 -1
366 1084 -1
1084 1510 -1
1084 1406 -1
470 1084 -1
54 1084 -1
885 1084 -1
808 1115 -1
1115 1379 -1
860 1115 -1
1015 1115 -1
684 1089 -1
447 1455 -1
231 1520 -1
76 1520 -1
79 1132 -1
337 1132 -1
1180 1538 -1
1180 1434 -1
550 1180 -1
48 591 -1
530 1139 -1
841 1139 -1
496 528 -1
528 1536 -1
528 964 -1
9 496 -1
171 309 -1
309 1418 -1
309 637 -1
309 690 -1
508 873 -1
873 1184 -1
476 830 -1
258 476 -1
476 986 -1
51 476 -1
476 1194 -1
265 1265 -1
369 1265 -1
265 1266 -1
67 1068 -1
429 1068 -1
534 1068 -1
390 1255 -1
390 892 -1
164 390 -1
268 390 -1
1056 1513 -1
1056 1097 -1
1197 1210 -1
163 1215 -1
163 332 -1
163 279 -1
375 932 -1
376 932 -1
644 1531 -1
1216 1531 -1
1527 1531 -1
149 923 -1
667 923 -1
149 975 -1
149 1235 -1
149 1183 -1
210 1438 -1
1275 1391 -1
79 1310 -1
337 1310 -1
712 1265 -1
244 1265 -1
712 1266 -1
63 437 -1
437 529 -1
437 1206 -1
437 1049 -1
162 1531 -1
410 637 -1
410 1418 -1
171 410 -1
410 690 -1
350 1483 -1
140 1157 -1
316 578 -1
108 578 -1
399 1389 -1
400 1389 -1
971 1389 -1
1389 1492 -1
289 1266 -1
289 1265 -1
175 1515 -1
307 577 -1
577 776 -1
307 474 -1
307 1461 -1
6 307 -1
111 307 -1
487 1101 -1
62 487 -1
344 591 -1
591 864 -1
292 591 -1
343 591 -1
144 270 -1
144 1465 -1
144 1206 -1
144 529 -1
938 956 -1
938 1059 -1
172 1134 -1
949 996 -1
788 949 -1
266 1544 -1
266 1075 -1
266 451 -1
266 556 -1
266 815 -1
253 702 -1
253 649 -1
253 806 -1
253 857 -1
1149 1319 -1
194 980 -1
1152 1283 -1
1128 1152 -1
103 566 -1
1074 1242 -1
917 1242 -1
710 1242 -1
461 1074 -1
773 1074 -1
670 1074 -1
1074 1085 -1
704 868 -1
81 868 -1
703 868 -1
548 1352 -1
416 548 -1
548 1040 -1
519 548 -1
548 1351 -1
418 1056 -1
543 849 -1
74 78 -1
174 284 -1
320 823 -1
1103 1110 -1
1110 1519 -1
282 1229 -1
281 1229 -1
282 1489 -1
640 693 -1
433 640 -1
139 1492 -1
139 400 -1
139 971 -1
139 399 -1
28 722 -1
61 1495 -1
1204 1495 -1
372 1495 -1
262 1324 -1
488 1291 -1
488 1136 -1
488 1083 -1
1064 1155 -1
440 1155 -1
999 1064 -1
360 721 -1
672 721 -1
201 360 -1
358 360 -1
1328 1489 -1
1229 1328 -1
766 1355 -1
576 766 -1
766 1251 -1
4 766 -1
150 267 -1
267 409 -1
150 631 -1
790 886 -1
730 790 -1
314 790 -1
1173 1183 -1
1183 1329 -1
923 1173 -1
975 1173 -1
230 1536 -1
230 496 -1
230 964 -1
43 585 -1
585 1029 -1
477 1504 -1
529 909 -1
909 1049 -1
909 1465 -1
270 909 -1
909 1206 -1
63 909 -1
441 529 -1
529 1534 -1
529 1326 -1
182 634 -1
634 1533 -1
182 321 -1
115 182 -1
182 478 -1
50 432 -1
257 432 -1
432 1349 -1
432 1401 -1
426 815 -1
426 1544 -1
426 1075 -1
426 451 -1
426 556 -1
531 1262 -1
1262 1467 -1
428 1262 -1
271 1262 -1
531 794 -1
531 1261 -1
259 964 -1
364 964 -1
964 1092 -1
259 1536 -1
259 496 -1
293 1377 -1
235 1099 -1
956 1377 -1
1059 1377 -1
69 1498 -1
1231 1446 -1
1024 1446 -1
1179 1446 -1
884 1393 -1
422 495 -1
495 682 -1
495 994 -1
422 599 -1
422 1535 -1
697 1442 -1
609 697 -1
697 1338 -1
47 1405 -1
487 1299 -1
70 1217 -1
226 1217 -1
797 1217 -1
1006 1217 -1
71 1217 -1
70 698 -1
70 1114 -1
70 1010 -1
542 876 -1
408 717 -1
385 1349 -1
75 1349 -1
257 385 -1
50 385 -1
385 1401 -1
604 625 -1
638 1057 -1
950 1057 -1
138 706 -1
156 1186 -1
1064 1365 -1
440 1365 -1
177 686 -1
53 1089 -1
1089 1507 -1
260 1089 -1
311 1089 -1
905 1455 -1
1114 1455 -1
1010 1455 -1
958 1455 -1
690 759 -1
759 1418 -1
171 759 -1
637 759 -1
692 1364 -1
120 1364 -1
65 692 -1
692 739 -1
692 1052 -1
692 1468 -1
605 1062 -1
449 1062 -1
501 1062 -1
709 1062 -1
189 1062 -1
813 1062 -1
605 1113 -1
229 605 -1
363 590 -1
133 554 -1
444 554 -1
236 554 -1
54 942 -1
942 1510 -1
470 942 -1
366 942 -1
699 968 -1
968 1012 -1
959 968 -1
71 863 -1
226 863 -1
70 863 -1
863 1006 -1
18 863 -1
863 953 -1
123 863 -1
797 863 -1
68 1428 -1
493 1260 -1
168 493 -1
272 493 -1
797 931 -1
226 931 -1
70 931 -1
71 931 -1
931 1006 -1
18 931 -1
931 953 -1
123 931 -1
951 1387 -1
43 1045 -1
1029 1045 -1
243 1066 -1
371 1332 -1
735 1332 -1
240 371 -1
371 448 -1
371 707 -1
118 141 -1
141 793 -1
613 1486 -1
510 1486 -1
587 1139 -1
795 1232 -1
334 916 -1
126 916 -1
594 916 -1
916 957 -1
854 916 -1
646 916 -1
1114 1138 -1
1138 1217 -1
1010 1138 -1
698 1138 -1
958 1138 -1
905 1138 -1
202 1114 -1
1239 1387 -1
772 1387 -1
1387 1396 -1
505 826 -1
505 1241 -1
505 930 -1
462 676 -1
597 1478 -1
857 1478 -1
1274 1478 -1
1325 1478 -1
649 1478 -1
426 1501 -1
262 460 -1
500 792 -1
401 712 -1
244 401 -1
70 684 -1
226 684 -1
684 797 -1
684 1006 -1
71 684 -1
99 1415 -1
260 1187 -1
1187 1507 -1
53 1187 -1
311 1187 -1
200 260 -1
260 1500 -1
1022 1357 -1
58 1022 -1
318 1022 -1
270 980 -1
980 1465 -1
980 1206 -1
529 980 -1
507 1388 -1
635 1367 -1
297 1228 -1
297 1072 -1
297 1540 -1
297 708 -1
297 1279 -1
940 1451 -1
344 1318 -1
864 1318 -1
292 1318 -1
343 1318 -1
399 1006 -1
400 1006 -1
971 1006 -1
1006 1492 -1
226 399 -1
70 399 -1
71 399 -1
18 399 -1
399 953 -1
399 797 -1
429 1474 -1
67 1474 -1
534 1474 -1
922 1523 -1
714 1523 -1
402 1523 -1
870 1523 -1
142 1523 -1
894 973 -1
894 1181 -1
894 1493 -1
878 1204 -1
372 878 -1
61 878 -1
203 231 -1
231 1140 -1
76 203 -1
1281 1429 -1
761 1429 -1
1126 1429 -1
1385 1429 -1
534 1254 -1
67 1254 -1
429 1254 -1
473 534 -1
534 1462 -1
281 644 -1
282 644 -1
281 1216 -1
281 1527 -1
259 734 -1
364 734 -1
734 1092 -1
259 1253 -1
210 844 -1
398 1278 -1
398 1537 -1
398 1330 -1
290 398 -1
665 1099 -1
769 1099 -1
770 1099 -1
562 1099 -1
181 243 -1
74 982 -1
351 1356 -1
1209 1235 -1
923 1209 -1
975 1209 -1
956 1140 -1
1059 1140 -1
203 956 -1
844 1392 -1
844 1288 -1
844 1027 -1
844 1340 -1
844 1287 -1
1191 1245 -1
1245 1556 -1
411 1245 -1
828 1245 -1
255 1245 -1
478 1505 -1
321 1505 -1
634 1505 -1
115 1505 -1
102 478 -1
413 478 -1
478 934 -1
87 1176 -1
1135 1502 -1
1031 1502 -1
98 1205 -1
412 420 -1
282 1183 -1
281 1183 -1
282 923 -1
282 975 -1
1071 1456 -1
757 1060 -1
42 1274 -1
1185 1274 -1
1274 1445 -1
42 649 -1
42 857 -1
42 1325 -1
42 597 -1
681 853 -1
296 627 -1
1109 1135 -1
1031 1109 -1
397 1430 -1
338 397 -1
1267 1392 -1
1267 1288 -1
1027 1267 -1
1267 1340 -1
1267 1287 -1
356 701 -1
222 963 -1
963 1001 -1
963 1314 -1
963 1469 -1
689 963 -1
274 1517 -1
481 1517 -1
845 1517 -1
1517 1521 -1
274 425 -1
274 373 -1
171 802 -1
802 1418 -1
637 802 -1
690 802 -1
923 983 -1
975 983 -1
983 1235 -1
983 1183 -1
923 1088 -1
307 372 -1
372 776 -1
307 1204 -1
61 307 -1
1 158 -1
158 520 -1
158 1196 -1
158 935 -1
1 1249 -1
1 678 -1
153 659 -1
515 659 -1
659 775 -1
204 659 -1
659 671 -1
75 578 -1
385 578 -1
1330 1438 -1
1438 1537 -1
290 1438 -1
1278 1438 -1
1100 1206 -1
1100 1465 -1
63 1100 -1
1049 1100 -1
270 1100 -1
529 1100 -1
34 434 -1
784 1219 -1
97 493 -1
1073 1279 -1
1073 1123 -1
708 1073 -1
1073 1228 -1
1072 1073 -1
499 1073 -1
1073 1540 -1
88 1507 -1
88 260 -1
53 88 -1
94 221 -1
221 614 -1
94 119 -1
973 979 -1
979 1181 -1
979 1493 -1
634 1014 -1
321 1014 -1
115 1014 -1
478 1014 -1
60 831 -1
632 831 -1
215 831 -1
60 312 -1
123 510 -1
226 510 -1
510 797 -1
71 510 -1
123 613 -1
218 1183 -1
218 923 -1
218 975 -1
483 776 -1
307 483 -1
499 1504 -1
1072 1504 -1
1123 1504 -1
1504 1540 -1
1279 1504 -1
691 1515 -1
261 1053 -1
1053 1509 -1
439 730 -1
314 439 -1
439 886 -1
367 405 -1
367 1394 -1
900 1269 -1
848 1269 -1
732 926 -1
926 1303 -1
524 1430 -1
338 524 -1
343 1530 -1
864 1530 -1
344 1530 -1
292 1530 -1
242 1172 -1
242 287 -1
14 433 -1
14 693 -1
121 1242 -1
121 461 -1
121 773 -1
121 670 -1
121 1085 -1
104 1240 -1
104 771 -1
104 459 -1
104 407 -1
104 511 -1
381 1495 -1
1370 1495 -1
330 1495 -1
223 751 -1
706 1031 -1
706 1135 -1
1139 1499 -1
473 844 -1
630 844 -1
844 1462 -1
844 1254 -1
99 947 -1
583 1299 -1
927 1007 -1
304 1007 -1
44 1007 -1
1007 1551 -1
383 927 -1
170 1045 -1
848 1417 -1
900 1417 -1
439 958 -1
439 905 -1
439 1114 -1
439 1010 -1
464 1371 -1
516 1371 -1
624 800 -1
800 1247 -1
134 1279 -1
134 1123 -1
134 708 -1
134 1228 -1
134 1072 -1
134 499 -1
134 1540 -1
623 1189 -1
483 1491 -1
157 1027 -1
157 1288 -1
157 1392 -1
157 1340 -1
157 1287 -1
149 181 -1
181 667 -1
1089 1140 -1
203 1089 -1
220 1222 -1
12 1222 -1
220 546 -1
220 1170 -1
220 487 -1
12 487 -1
725 1211 -1
135 693 -1
135 433 -1
1370 1460 -1
330 1460 -1
381 1460 -1
607 1204 -1
89 1204 -1
295 1204 -1
372 607 -1
61 607 -1
18 1079 -1
953 1079 -1
226 1079 -1
797 1079 -1
1006 1079 -1
71 1079 -1
1483 1489 -1
1229 1483 -1
1162 1367 -1
856 1359 -1
339 922 -1
339 714 -1
339 402 -1
339 870 -1
142 339 -1
988 1396 -1
772 988 -1
988 1239 -1
410 1550 -1
410 562 -1
410 770 -1
288 429 -1
67 288 -1
288 534 -1
438 1112 -1
216 661 -1
216 921 -1
216 1129 -1
216 349 -1
216 1545 -1
286 831 -1
805 831 -1
598 831 -1
286 312 -1
500 772 -1
500 1396 -1
500 1239 -1
301 1520 -1
478 888 -1
321 888 -1
634 888 -1
115 888 -1
478 1096 -1
336 1049 -1
647 1049 -1
336 529 -1
336 1206 -1
63 336 -1
207 1186 -1
29 456 -1
151 1248 -1
851 1206 -1
852 1206 -1
851 1465 -1
63 851 -1
851 1049 -1
270 851 -1
529 851 -1
777 954 -1
777 798 -1
598 1200 -1
805 1200 -1
286 1200 -1
598 1408 -1
315 598 -1
1036 1086 -1
305 1036 -1
981 1036 -1
1036 1190 -1
738 1195 -1
998 1530 -1
789 1530 -1
763 1004 -1
166 616 -1
423 1330 -1
423 1537 -1
290 423 -1
423 1278 -1
