207 259 1
832 936 1
156 1091 1
53 157 1
105 988 1
363 727 1
105 936 1
936 988 1
105 832 1
1091 1403 1
156 1403 1
1092 1247 1
53 987 1
157 987 1
0 104 1
520 1352 1
467 1144 1
312 780 1
207 520 1
259 520 1
207 1352 1
104 832 1
0 832 1
104 936 1
104 105 1
363 468 1
468 727 1
311 1300 1
520 935 1
935 1352 1
259 935 1
207 935 1
574 574 1
470 937 1
678 1509 1
1197 1405 1
158 1406 1
107 107 1
3 313 1
261 261 1
366 937 1
366 470 1
3 522 1
313 522 1
1198 1301 1
1405 1510 1
1197 1510 1
1249 1405 1
1197 1249 1
1249 1510 1
522 574 1
313 574 1
3 574 1
2 625 1
470 1301 1
937 1301 1
366 1301 1
470 1198 1
2 989 1
625 989 1
573 1250 1
887 1304 1
368 887 1
368 1304 1
1200 1459 1
628 679 1
161 836 1
523 680 1
419 1199 1
212 1096 1
680 991 1
523 991 1
367 627 1
679 1407 1
628 1407 1
784 1512 1
628 1096 1
1096 1407 1
679 1096 1
212 628 1
783 1044 1
263 1408 1
835 1044 1
783 835 1
731 991 1
680 731 1
523 731 1
161 1407 1
836 1407 1
161 1096 1
161 628 1
161 679 1
421 682 1
629 734 1
474 838 1
1150 1305 1
318 578 1
111 1409 1
733 837 1
110 785 1
370 838 1
370 474 1
318 1305 1
578 1305 1
318 1150 1
786 1202 1
681 890 1
837 1045 1
733 1045 1
681 1254 1
890 1254 1
1254 1409 1
681 1409 1
890 1409 1
111 1254 1
838 1097 1
474 1097 1
370 1097 1
370 370 1
59 733 1
59 837 1
59 1045 1
631 1048 1
735 1255 1
475 1359 1
476 995 1
267 891 1
60 1255 1
60 735 1
60 684 1
684 735 1
684 1255 1
631 1151 1
1048 1151 1
371 1515 1
424 527 1
892 943 1
683 1411 1
580 1256 1
631 1152 1
1048 1152 1
1151 1152 1
268 684 1
268 1255 1
60 268 1
268 735 1
9 112 1
215 320 1
1100 1151 1
1048 1100 1
1100 1152 1
631 1100 1
738 945 1
477 1310 1
218 1206 1
997 1154 1
998 1465 1
842 1258 1
270 1101 1
894 894 1
374 1413 1
1049 1101 1
270 1049 1
1153 1258 1
842 1153 1
270 946 1
946 1049 1
946 1101 1
842 1101 1
1101 1153 1
1101 1258 1
270 842 1
842 946 1
842 1049 1
634 1465 1
634 998 1
686 1258 1
686 1153 1
686 842 1
686 1101 1
1310 1362 1
477 1362 1
532 1260 1
1052 1468 1
12 1260 1
12 532 1
169 479 1
739 948 1
480 687 1
272 1103 1
323 583 1
117 1051 1
1312 1468 1
1052 1312 1
479 1052 1
169 1052 1
479 1312 1
479 1468 1
117 895 1
895 1051 1
688 947 1
584 1312 1
584 1052 1
584 1468 1
479 584 1
532 1259 1
12 1259 1
1259 1260 1
168 1260 1
12 168 1
168 1259 1
168 532 1
482 637 1
118 1313 1
534 1314 1
118 1054 1
1054 1313 1
1313 1522 1
1054 1522 1
118 1522 1
378 637 1
378 482 1
482 950 1
378 950 1
637 950 1
585 793 1
14 1418 1
1366 1522 1
1313 1366 1
118 1366 1
1054 1366 1
14 118 1
118 1418 1
14 1313 1
14 1522 1
14 1366 1
14 1054 1
690 742 1
482 1157 1
378 1157 1
637 1157 1
950 1157 1
483 1523 1
17 1472 1
640 1159 1
899 1055 1
16 173 1
327 1316 1
431 1264 1
380 951 1
172 1524 1
224 1003 1
380 1003 1
951 1003 1
224 380 1
328 1160 1
431 743 1
743 1264 1
120 1471 1
1211 1368 1
379 1004 1
172 951 1
951 1524 1
172 1003 1
172 380 1
1212 1471 1
120 1212 1
587 1316 1
327 587 1
68 1264 1
68 743 1
68 431 1
71 850 1
538 1473 1
433 901 1
1266 1473 1
538 1266 1
19 278 1
433 1422 1
901 1422 1
123 901 1
123 433 1
123 1422 1
382 953 1
175 537 1
225 954 1
225 434 1
434 954 1
850 1318 1
71 1318 1
746 1525 1
19 226 1
226 278 1
330 1474 1
1058 1162 1
122 693 1
1370 1473 1
538 1370 1
1266 1370 1
434 1422 1
225 1422 1
954 1422 1
434 901 1
433 434 1
123 434 1
73 177 1
124 1476 1
280 436 1
643 799 1
124 1268 1
1268 1476 1
539 956 1
177 1267 1
73 1267 1
20 904 1
280 852 1
436 852 1
72 1320 1
176 696 1
435 1319 1
903 1007 1
1112 1372 1
487 800 1
592 748 1
384 539 1
384 956 1
747 1528 1
903 1267 1
1007 1267 1
177 903 1
73 903 1
487 1060 1
800 1060 1
540 748 1
540 592 1
542 1166 1
750 1114 1
281 1165 1
542 1114 1
1114 1166 1
542 750 1
645 1165 1
281 645 1
1217 1321 1
126 1113 1
541 854 1
229 1529 1
230 698 1
385 1477 1
646 1530 1
126 853 1
853 1113 1
593 1321 1
593 1217 1
1113 1217 1
853 1217 1
126 1217 1
1113 1321 1
593 1113 1
1217 1425 1
593 1425 1
1321 1425 1
853 1425 1
1113 1425 1
126 1425 1
180 1532 1
129 439 1
492 699 1
336 1427 1
25 76 1
128 1531 1
284 1375 1
388 1219 1
1063 1064 1
25 129 1
76 129 1
25 439 1
804 959 1
648 1012 1
1271 1427 1
336 1271 1
544 960 1
699 1115 1
492 1115 1
283 1375 1
283 284 1
908 1427 1
336 908 1
908 1271 1
180 803 1
803 1532 1
24 647 1
1064 1219 1
1063 1219 1
388 1064 1
910 1013 1
285 286 1
389 1482 1
337 858 1
961 1430 1
702 1326 1
649 1325 1
286 806 1
285 806 1
1013 1430 1
910 1430 1
961 1013 1
650 1169 1
234 1429 1
286 909 1
285 909 1
806 909 1
494 545 1
910 1117 1
1013 1117 1
1117 1430 1
285 1118 1
806 1118 1
286 1118 1
909 1118 1
649 1169 1
1169 1325 1
649 650 1
545 598 1
494 598 1
651 755 1
1171 1535 1
184 652 1
548 1379 1
29 133 1
184 1015 1
652 1015 1
443 963 1
288 652 1
184 288 1
288 1015 1
235 1015 1
184 235 1
235 288 1
235 652 1
392 1015 1
184 392 1
288 392 1
235 392 1
392 652 1
704 1535 1
704 1171 1
340 703 1
496 911 1
1016 1067 1
132 860 1
236 756 1
236 599 1
599 756 1
445 1278 1
602 1382 1
757 1121 1
185 1329 1
394 445 1
394 1278 1
810 1226 1
810 1174 1
1174 1226 1
965 1018 1
393 1278 1
393 394 1
393 445 1
82 1538 1
237 757 1
237 1121 1
549 705 1
498 757 1
498 1121 1
237 498 1
185 1173 1
1173 1329 1
394 1070 1
393 1070 1
445 1070 1
1070 1278 1
341 1018 1
341 965 1
83 861 1
33 707 1
33 1280 1
707 1280 1
136 396 1
707 1279 1
1279 1280 1
33 1279 1
1175 1227 1
396 811 1
136 811 1
291 395 1
291 552 1
395 552 1
551 864 1
967 1228 1
396 603 1
136 603 1
603 811 1
447 968 1
968 1175 1
447 1175 1
968 1227 1
240 655 1
343 551 1
343 864 1
344 552 1
291 344 1
344 395 1
85 1279 1
85 1280 1
33 85 1
85 707 1
293 710 1
1073 1229 1
139 814 1
1438 1489 1
709 866 1
241 502 1
190 918 1
710 1541 1
293 1541 1
293 1074 1
1074 1541 1
710 1074 1
35 138 1
345 449 1
138 1022 1
35 1022 1
345 1437 1
449 1437 1
865 1022 1
138 865 1
35 865 1
970 1542 1
657 761 1
242 970 1
242 1542 1
1230 1437 1
345 1230 1
449 1230 1
345 1333 1
449 1333 1
1333 1437 1
1230 1333 1
504 555 1
140 452 1
400 1388 1
555 1439 1
504 1439 1
141 763 1
243 399 1
348 555 1
348 504 1
348 1439 1
296 972 1
1283 1388 1
400 1283 1
504 556 1
555 556 1
348 556 1
556 1439 1
452 660 1
140 660 1
608 1388 1
400 608 1
608 1283 1
1024 1491 1
347 608 1
347 400 1
347 1283 1
347 1388 1
972 1075 1
296 1075 1
974 1337 1
1129 1129 1
349 1494 1
349 870 1
870 1494 1
90 610 1
870 1442 1
349 1442 1
1442 1494 1
713 714 1
921 1182 1
609 922 1
298 922 1
298 609 1
454 921 1
454 1182 1
401 661 1
246 453 1
714 817 1
713 817 1
142 921 1
142 454 1
142 1182 1
974 1389 1
1337 1389 1
142 1545 1
921 1545 1
1182 1545 1
454 1545 1
196 1392 1
508 768 1
404 923 1
300 1131 1
716 1183 1
196 716 1
716 1392 1
196 1183 1
92 716 1
92 1392 1
92 196 1
92 1183 1
820 1548 1
93 924 1
507 871 1
611 976 1
455 768 1
455 508 1
663 767 1
1183 1184 1
92 1184 1
196 1184 1
716 1184 1
247 1547 1
145 1236 1
663 1339 1
767 1339 1
92 195 1
195 1184 1
195 196 1
195 716 1
195 1392 1
195 1183 1
42 197 1
198 821 1
250 1290 1
147 1081 1
458 614 1
613 1133 1
614 1498 1
458 1498 1
197 769 1
42 769 1
302 977 1
302 562 1
562 977 1
405 613 1
405 1133 1
821 1394 1
198 1394 1
1238 1341 1
301 821 1
301 1394 1
198 301 1
1030 1238 1
1030 1341 1
613 1394 1
1133 1394 1
405 1394 1
198 613 1
301 613 1
613 821 1
97 303 1
149 1032 1
148 149 1
148 1032 1
252 719 1
45 1499 1
720 979 1
303 1552 1
97 1552 1
823 823 1
45 1136 1
1136 1499 1
356 1187 1
719 771 1
252 771 1
407 823 1
1291 1499 1
1136 1291 1
45 1291 1
200 980 1
459 1136 1
459 1291 1
459 1499 1
45 459 1
512 1188 1
875 979 1
720 875 1
564 824 1
407 1240 1
823 1240 1
462 878 1
617 1345 1
1346 1346 1
305 1085 1
826 1189 1
462 1138 1
878 1138 1
253 929 1
878 1034 1
1034 1138 1
462 1034 1
722 1190 1
721 1190 1
721 722 1
150 826 1
150 1189 1
253 1034 1
929 1034 1
253 1138 1
253 462 1
253 878 1
151 1293 1
826 1449 1
1189 1449 1
150 1449 1
514 1502 1
617 1085 1
1085 1345 1
305 617 1
360 672 1
255 1035 1
48 931 1
48 1503 1
931 1503 1
49 256 1
932 932 1
204 724 1
204 1036 1
724 1036 1
153 1296 1
828 1244 1
463 932 1
879 1400 1
983 1504 1
203 1140 1
879 1296 1
1296 1400 1
153 879 1
359 879 1
359 1400 1
359 1296 1
153 359 1
880 1036 1
724 880 1
204 880 1
931 932 1
48 932 1
932 1503 1
463 931 1
673 830 1
414 518 1
206 726 1
1298 1506 1
1298 1401 1
1401 1506 1
829 1193 1
1090 1350 1
310 518 1
310 414 1
50 829 1
50 1193 1
1089 1350 1
1089 1090 1
673 829 1
829 830 1
673 1193 1
50 673 1
621 777 1
155 1141 1
1245 1350 1
1089 1245 1
1090 1245 1
205 206 1
205 726 1
102 102 1
569 570 1
103 1402 1
518 1453 1
310 1453 1
414 1453 1
96 526 -1
163 299 -1
1165 1404 -1
281 1404 -1
645 1404 -1
192 621 -1
192 777 -1
580 1073 -1
1073 1256 -1
580 1229 -1
197 875 -1
769 875 -1
42 875 -1
197 720 -1
197 979 -1
837 1233 -1
59 1233 -1
733 1233 -1
1045 1233 -1
112 1031 -1
9 1031 -1
407 706 -1
706 1240 -1
706 823 -1
1229 1330 -1
1073 1330 -1
664 770 -1
398 747 -1
398 1528 -1
513 628 -1
513 1096 -1
161 513 -1
513 1407 -1
212 513 -1
513 679 -1
1038 1173 -1
185 1038 -1
1038 1329 -1
212 1393 -1
1096 1393 -1
628 1393 -1
13 915 -1
201 312 -1
201 780 -1
321 1178 -1
644 1049 -1
644 946 -1
644 842 -1
644 1101 -1
270 644 -1
16 326 -1
173 326 -1
202 425 -1
198 360 -1
360 1394 -1
360 613 -1
360 821 -1
301 360 -1
198 672 -1
793 934 -1
585 934 -1
1173 1238 -1
185 1238 -1
1238 1329 -1
1173 1341 -1
1030 1173 -1
1018 1338 -1
965 1338 -1
341 1338 -1
557 1287 -1
426 1454 -1
750 818 -1
818 1114 -1
542 818 -1
230 1138 -1
698 1138 -1
230 1034 -1
230 878 -1
230 462 -1
230 253 -1
71 478 -1
478 850 -1
478 1318 -1
215 1191 -1
320 1191 -1
183 1000 -1
256 1055 -1
49 1055 -1
256 899 -1
856 1274 -1
521 1333 -1
345 521 -1
521 1437 -1
521 1230 -1
449 521 -1
957 1213 -1
753 1350 -1
753 1089 -1
753 1090 -1
753 1245 -1
29 506 -1
133 506 -1
41 781 -1
611 1042 -1
976 1042 -1
885 907 -1
521 1377 -1
232 718 -1
861 956 -1
83 956 -1
384 861 -1
539 861 -1
134 1166 -1
134 1114 -1
134 542 -1
227 1237 -1
1175 1203 -1
968 1203 -1
1203 1227 -1
447 1203 -1
98 530 -1
814 1343 -1
139 1343 -1
485 1429 -1
234 485 -1
354 1419 -1
1149 1437 -1
345 1149 -1
1149 1333 -1
1149 1230 -1
449 1149 -1
1109 1448 -1
1035 1384 -1
255 1384 -1
781 1180 -1
109 604 -1
324 369 -1
160 558 -1
544 601 -1
601 960 -1
218 479 -1
479 1206 -1
218 1312 -1
169 218 -1
218 1468 -1
218 1052 -1
218 584 -1
167 1363 -1
30 151 -1
30 1293 -1
943 1137 -1
892 1137 -1
422 625 -1
2 422 -1
422 989 -1
746 783 -1
783 1525 -1
746 835 -1
746 1044 -1
1055 1243 -1
899 1243 -1
87 1035 -1
87 255 -1
211 387 -1
385 1030 -1
1030 1477 -1
385 1341 -1
385 1238 -1
274 466 -1
168 702 -1
12 702 -1
702 1259 -1
702 1260 -1
532 702 -1
168 1326 -1
781 945 -1
738 781 -1
1077 1117 -1
1077 1430 -1
1013 1077 -1
910 1077 -1
536 1035 -1
255 536 -1
912 1398 -1
381 1456 -1
576 1506 -1
576 1401 -1
576 1298 -1
430 1060 -1
430 800 -1
430 487 -1
992 1531 -1
128 992 -1
1505 1540 -1
916 1037 -1
634 1471 -1
1465 1471 -1
998 1471 -1
120 634 -1
634 1212 -1
294 1301 -1
294 937 -1
294 366 -1
294 470 -1
294 1198 -1
332 460 -1
205 1534 -1
726 1534 -1
206 1534 -1
386 415 -1
701 779 -1
8 904 -1
8 20 -1
400 1182 -1
608 1182 -1
347 1182 -1
1182 1283 -1
1182 1388 -1
400 921 -1
142 400 -1
400 454 -1
400 1545 -1
269 1067 -1
269 1016 -1
121 1544 -1
377 955 -1
443 574 -1
574 963 -1
313 443 -1
443 522 -1
3 443 -1
49 73 -1
73 256 -1
49 177 -1
49 1267 -1
49 903 -1
444 1506 -1
444 1401 -1
444 1298 -1
1306 1533 -1
1053 1286 -1
583 1395 -1
323 1395 -1
583 1105 -1
323 1105 -1
213 990 -1
45 774 -1
774 1136 -1
774 1291 -1
774 1499 -1
459 774 -1
341 1554 -1
1018 1554 -1
965 1554 -1
994 1482 -1
389 994 -1
562 1502 -1
977 1502 -1
302 1502 -1
514 562 -1
458 1194 -1
1194 1498 -1
614 1194 -1
467 952 -1
952 1144 -1
166 830 -1
166 673 -1
166 829 -1
135 1285 -1
345 1105 -1
449 1105 -1
1105 1437 -1
1105 1230 -1
1105 1333 -1
1285 1320 -1
72 1285 -1
1157 1529 -1
482 1529 -1
378 1529 -1
950 1529 -1
637 1529 -1
229 1157 -1
452 859 -1
660 859 -1
140 859 -1
67 530 -1
417 603 -1
136 417 -1
417 811 -1
396 417 -1
85 1236 -1
1236 1280 -1
33 1236 -1
707 1236 -1
1236 1279 -1
85 145 -1
360 1529 -1
672 1529 -1
229 360 -1
1219 1497 -1
1064 1497 -1
388 1497 -1
1063 1497 -1
454 1008 -1
921 1008 -1
142 1008 -1
1008 1182 -1
1008 1545 -1
885 1389 -1
885 1337 -1
885 974 -1
153 240 -1
240 1296 -1
240 359 -1
240 879 -1
153 655 -1
388 974 -1
974 1064 -1
974 1219 -1
388 1337 -1
388 1389 -1
297 1000 -1
497 571 -1
500 1396 -1
1430 1545 -1
961 1545 -1
1013 1545 -1
910 1545 -1
1117 1545 -1
454 1430 -1
921 1430 -1
1182 1430 -1
142 1430 -1
116 1351 -1
388 1158 -1
1064 1158 -1
1158 1219 -1
237 944 -1
944 1121 -1
498 944 -1
757 944 -1
35 590 -1
590 865 -1
138 590 -1
590 1022 -1
11 31 -1
1274 1420 -1
349 1135 -1
1135 1442 -1
870 1135 -1
1135 1494 -1
996 1484 -1
197 724 -1
724 769 -1
42 724 -1
197 880 -1
197 1036 -1
197 204 -1
516 642 -1
829 1213 -1
1193 1213 -1
50 1213 -1
830 1213 -1
673 1213 -1
101 1204 -1
579 1211 -1
579 1368 -1
675 787 -1
237 1240 -1
1121 1240 -1
498 1240 -1
757 1240 -1
237 823 -1
237 407 -1
938 1019 -1
133 851 -1
29 851 -1
686 1083 -1
1083 1153 -1
1083 1258 -1
842 1083 -1
1083 1101 -1
797 879 -1
797 1400 -1
797 1296 -1
359 797 -1
153 797 -1
542 771 -1
771 1114 -1
750 771 -1
771 1166 -1
252 542 -1
542 719 -1
325 565 -1
798 976 -1
611 798 -1
1143 1488 -1
1069 1369 -1
151 361 -1
361 1293 -1
250 1068 -1
1068 1290 -1
875 1023 -1
720 1023 -1
979 1023 -1
774 1226 -1
774 810 -1
774 1174 -1
127 1491 -1
127 1024 -1
1143 1339 -1
767 1143 -1
663 1143 -1
309 448 -1
571 888 -1
7 1154 -1
7 997 -1
165 831 -1
239 1093 -1
1164 1449 -1
826 1164 -1
1164 1189 -1
150 1164 -1
479 1470 -1
1312 1470 -1
169 1470 -1
1468 1470 -1
1052 1470 -1
584 1470 -1
242 732 -1
732 970 -1
732 1542 -1
374 1089 -1
1089 1413 -1
374 1090 -1
374 1245 -1
374 1350 -1
1121 1327 -1
498 1327 -1
757 1327 -1
237 1327 -1
370 510 -1
510 1097 -1
474 510 -1
510 838 -1
119 280 -1
119 852 -1
119 436 -1
722 1517 -1
721 1517 -1
1190 1517 -1
814 916 -1
139 916 -1
1309 1383 -1
299 1211 -1
299 1368 -1
1187 1449 -1
356 1449 -1
826 1187 -1
1187 1189 -1
150 1187 -1
770 1104 -1
416 1000 -1
944 1375 -1
283 944 -1
284 944 -1
870 1119 -1
1119 1442 -1
349 1119 -1
1119 1494 -1
650 672 -1
672 1169 -1
649 672 -1
360 650 -1
1443 1471 -1
120 1443 -1
1212 1443 -1
277 415 -1
570 938 -1
569 938 -1
355 1150 -1
355 1305 -1
318 355 -1
369 911 -1
369 496 -1
198 259 -1
259 1394 -1
259 613 -1
259 821 -1
259 301 -1
198 520 -1
198 935 -1
198 207 -1
43 774 -1
101 676 -1
1395 1457 -1
1014 1277 -1
54 462 -1
54 1138 -1
54 1034 -1
54 878 -1
54 253 -1
141 716 -1
716 763 -1
141 1184 -1
141 195 -1
141 196 -1
141 1392 -1
92 141 -1
141 1183 -1
1090 1544 -1
1089 1544 -1
1245 1544 -1
1350 1544 -1
1294 1330 -1
350 1252 -1
434 1056 -1
225 1056 -1
901 1056 -1
1056 1422 -1
433 1056 -1
954 1056 -1
123 1056 -1
272 1062 -1
1062 1103 -1
421 1467 -1
682 1467 -1
373 712 -1
902 1392 -1
92 902 -1
716 902 -1
195 902 -1
196 902 -1
1329 1451 -1
185 1451 -1
1173 1451 -1
628 842 -1
842 1096 -1
161 842 -1
842 1407 -1
212 842 -1
679 842 -1
628 1153 -1
628 1258 -1
628 1101 -1
270 628 -1
628 946 -1
628 686 -1
628 1049 -1
1249 1358 -1
1358 1405 -1
1358 1510 -1
1197 1358 -1
1033 1094 -1
1519 1521 -1
277 436 -1
277 280 -1
277 852 -1
537 716 -1
175 716 -1
537 1184 -1
195 537 -1
196 537 -1
537 1392 -1
92 537 -1
537 1183 -1
1104 1251 -1
727 816 -1
363 816 -1
468 816 -1
418 797 -1
500 1087 -1
416 1053 -1
645 1084 -1
281 1084 -1
1084 1165 -1
1037 1499 -1
1037 1136 -1
1037 1291 -1
45 1037 -1
459 1037 -1
790 1412 -1
525 990 -1
389 875 -1
875 1482 -1
389 720 -1
389 979 -1
18 420 -1
464 735 -1
464 684 -1
60 464 -1
268 464 -1
464 1255 -1
5 48 -1
5 931 -1
5 932 -1
5 1503 -1
7 120 -1
7 1212 -1
7 1471 -1
297 1513 -1
68 1196 -1
1196 1264 -1
431 1196 -1
743 1196 -1
442 1226 -1
442 810 -1
442 1174 -1
1316 1397 -1
587 1397 -1
327 1397 -1
305 1432 -1
617 1432 -1
1085 1432 -1
1457 1492 -1
276 1214 -1
718 1487 -1
376 554 -1
929 1000 -1
1000 1034 -1
253 1000 -1
502 1390 -1
241 1390 -1
340 822 -1
703 822 -1
409 574 -1
313 409 -1
409 522 -1
3 409 -1
484 1358 -1
225 676 -1
676 954 -1
434 676 -1
676 1422 -1
1067 1545 -1
1016 1545 -1
454 1067 -1
921 1067 -1
1067 1182 -1
142 1067 -1
518 599 -1
310 599 -1
414 599 -1
599 1453 -1
518 756 -1
236 518 -1
1442 1556 -1
1494 1556 -1
349 1556 -1
870 1556 -1
158 347 -1
347 1406 -1
158 608 -1
158 400 -1
158 1283 -1
158 1388 -1
84 440 -1
167 759 -1
991 1426 -1
680 1426 -1
523 1426 -1
731 1426 -1
1188 1364 -1
512 1364 -1
31 280 -1
31 852 -1
31 436 -1
334 638 -1
127 670 -1
23 1277 -1
13 1373 -1
154 363 -1
154 468 -1
154 727 -1
663 1295 -1
1295 1339 -1
767 1295 -1
764 1371 -1
1280 1490 -1
33 1490 -1
707 1490 -1
85 1490 -1
1279 1490 -1
505 1270 -1
246 920 -1
453 920 -1
616 706 -1
81 1062 -1
251 679 -1
251 1096 -1
161 251 -1
251 628 -1
251 1407 -1
270 750 -1
750 1049 -1
750 946 -1
750 842 -1
750 1101 -1
270 1114 -1
270 542 -1
1346 1480 -1
92 306 -1
306 1184 -1
195 306 -1
196 306 -1
306 716 -1
306 1392 -1
306 1183 -1
39 948 -1
39 739 -1
381 580 -1
381 1256 -1
603 698 -1
136 698 -1
698 811 -1
396 698 -1
230 603 -1
94 1287 -1
166 1489 -1
166 1438 -1
405 872 -1
872 1394 -1
613 872 -1
872 1133 -1
387 1238 -1
387 1341 -1
387 1030 -1
610 686 -1
90 686 -1
610 1153 -1
610 1258 -1
610 842 -1
610 1101 -1
380 1182 -1
224 1182 -1
1003 1182 -1
172 1182 -1
951 1182 -1
380 921 -1
142 380 -1
380 454 -1
380 1545 -1
313 1204 -1
522 1204 -1
3 1204 -1
574 1204 -1
415 459 -1
415 1136 -1
415 1291 -1
45 415 -1
415 1499 -1
689 985 -1
518 867 -1
310 867 -1
414 867 -1
867 1453 -1
25 315 -1
129 315 -1
76 315 -1
315 439 -1
36 597 -1
57 670 -1
1365 1501 -1
273 360 -1
273 672 -1
255 336 -1
336 1035 -1
255 1427 -1
255 908 -1
255 1271 -1
88 1339 -1
88 767 -1
88 663 -1
38 708 -1
415 1471 -1
120 415 -1
415 1212 -1
60 1346 -1
268 1346 -1
735 1346 -1
684 1346 -1
1255 1346 -1
