0 1247 1
468 1508 1
208 1404 1
415 832 1
832 1144 1
415 1144 1
208 727 1
727 1404 1
259 519 1
519 727 1
259 727 1
208 519 1
519 1404 1
832 1039 1
1039 1144 1
415 1039 1
105 1247 1
0 105 1
1299 1403 1
157 467 1
676 936 1
260 988 1
311 415 1
311 832 1
311 1144 1
311 1039 1
311 988 1
832 988 1
988 1144 1
988 1039 1
415 988 1
260 311 1
1093 1249 1
626 1458 1
3 1353 1
626 937 1
937 1458 1
54 469 1
159 417 1
990 1301 1
678 781 1
365 677 1
365 886 1
677 886 1
313 469 1
54 313 1
55 1145 1
106 521 1
1353 1405 1
3 1405 1
54 1198 1
313 1198 1
469 1198 1
522 1094 1
417 678 1
159 678 1
417 781 1
885 1406 1
55 470 1
470 1145 1
1406 1458 1
885 1458 1
937 1406 1
626 1406 1
56 212 1
1096 1199 1
835 1459 1
109 731 1
5 887 1
679 1251 1
315 784 1
109 1304 1
731 1304 1
471 575 1
836 991 1
939 1407 1
627 1044 1
5 1303 1
887 1303 1
575 1304 1
471 1304 1
575 731 1
109 575 1
316 992 1
731 1511 1
1304 1511 1
109 1511 1
575 1511 1
212 1512 1
56 1512 1
367 783 1
888 1147 1
109 161 1
161 1304 1
161 731 1
161 1511 1
161 575 1
1046 1097 1
629 1253 1
526 734 1
525 526 1
525 734 1
162 369 1
58 578 1
577 629 1
577 1253 1
578 837 1
58 837 1
889 942 1
785 1461 1
578 630 1
58 630 1
630 837 1
889 1046 1
942 1046 1
889 1097 1
265 421 1
734 1201 1
525 1201 1
526 1201 1
785 1150 1
1150 1461 1
163 682 1
578 786 1
58 786 1
786 837 1
630 786 1
215 476 1
995 996 1
683 735 1
736 1256 1
267 840 1
579 1515 1
527 1464 1
892 1463 1
320 1360 1
684 1516 1
268 736 1
268 1256 1
840 1048 1
267 1048 1
476 1256 1
215 1256 1
476 736 1
268 476 1
424 839 1
580 996 1
580 995 1
632 1048 1
632 840 1
267 632 1
788 1359 1
892 1048 1
1048 1463 1
840 892 1
632 892 1
267 892 1
998 1258 1
1153 1413 1
166 374 1
11 738 1
270 893 1
477 789 1
998 1310 1
1258 1310 1
893 1465 1
270 1465 1
425 1414 1
62 1049 1
426 1466 1
373 1361 1
167 373 1
167 1361 1
373 634 1
634 1361 1
167 634 1
114 115 1
426 1361 1
1361 1466 1
426 634 1
373 426 1
167 426 1
322 582 1
841 1206 1
633 634 1
633 1361 1
426 633 1
373 633 1
167 633 1
947 1311 1
584 1104 1
117 792 1
635 896 1
1000 1311 1
947 1000 1
428 1260 1
427 1051 1
480 1000 1
480 947 1
480 1311 1
635 688 1
688 896 1
740 1052 1
740 1155 1
1052 1155 1
584 1051 1
1051 1104 1
427 584 1
999 1259 1
116 1467 1
895 1260 1
428 895 1
323 1468 1
219 948 1
375 688 1
375 896 1
375 635 1
64 1104 1
64 584 1
64 1051 1
274 1262 1
845 1105 1
637 1105 1
637 845 1
274 845 1
845 1262 1
274 1105 1
274 637 1
1418 1470 1
273 1470 1
273 1418 1
533 1418 1
273 533 1
533 1470 1
741 1105 1
274 741 1
741 845 1
637 741 1
222 898 1
1313 1417 1
897 1418 1
273 897 1
533 897 1
897 1470 1
430 1158 1
118 1209 1
14 273 1
14 897 1
14 1418 1
14 533 1
14 1470 1
172 1316 1
900 1471 1
484 1316 1
172 484 1
327 847 1
17 120 1
275 692 1
743 848 1
1211 1315 1
17 1523 1
120 1523 1
379 1108 1
380 1263 1
536 1004 1
795 1211 1
795 1315 1
900 1315 1
1315 1471 1
795 900 1
900 1211 1
743 1263 1
848 1263 1
380 743 1
952 1471 1
952 1315 1
900 952 1
640 1419 1
223 483 1
327 1056 1
847 1056 1
1058 1214 1
1109 1525 1
174 954 1
485 1057 1
1006 1474 1
434 1005 1
1005 1474 1
434 1474 1
1005 1006 1
330 953 1
226 278 1
434 850 1
850 1474 1
850 1005 1
174 1266 1
954 1266 1
485 1318 1
1057 1318 1
19 122 1
1005 1473 1
434 1473 1
850 1473 1
1473 1474 1
1006 1473 1
174 1265 1
954 1265 1
1265 1266 1
693 1213 1
485 797 1
797 1057 1
797 1318 1
747 1112 1
124 1007 1
21 1319 1
177 383 1
73 435 1
177 540 1
383 540 1
747 1528 1
1112 1528 1
540 1007 1
177 1007 1
383 1007 1
124 540 1
332 539 1
435 851 1
73 851 1
1163 1371 1
1267 1268 1
539 903 1
332 903 1
435 956 1
73 956 1
851 956 1
488 1216 1
177 384 1
384 1007 1
384 540 1
383 384 1
436 1008 1
385 1478 1
801 853 1
230 958 1
593 1114 1
438 1113 1
22 750 1
593 1374 1
1114 1374 1
23 75 1
802 1321 1
178 489 1
437 1530 1
906 1061 1
646 905 1
75 802 1
23 802 1
75 1321 1
75 282 1
282 1321 1
282 802 1
23 282 1
593 958 1
958 1114 1
958 1374 1
230 593 1
22 1218 1
750 1218 1
958 1425 1
593 1425 1
1114 1425 1
1374 1425 1
230 1425 1
908 960 1
232 232 1
544 648 1
544 908 1
648 908 1
544 960 1
855 960 1
544 855 1
855 908 1
180 1479 1
648 1375 1
544 1375 1
908 1375 1
648 1011 1
544 1011 1
908 1011 1
1011 1375 1
647 648 1
544 647 1
647 1011 1
647 908 1
647 1375 1
77 595 1
24 1324 1
856 908 1
856 960 1
544 856 1
647 856 1
648 856 1
856 1011 1
855 856 1
856 1375 1
182 233 1
909 1325 1
961 1482 1
962 1274 1
79 858 1
233 1326 1
182 1326 1
1377 1482 1
961 1377 1
79 702 1
702 858 1
442 1273 1
285 649 1
494 1274 1
494 962 1
1117 1222 1
78 545 1
26 962 1
26 1274 1
26 494 1
181 1169 1
441 702 1
441 858 1
79 441 1
286 494 1
286 1274 1
26 286 1
286 962 1
1013 1326 1
233 1013 1
182 1013 1
1016 1380 1
859 1119 1
287 1536 1
807 1431 1
756 1223 1
808 1120 1
133 1432 1
1432 1484 1
133 1484 1
287 444 1
444 1536 1
235 1172 1
235 1327 1
1172 1327 1
183 859 1
183 1119 1
496 1535 1
703 1379 1
548 1276 1
1223 1535 1
756 1535 1
496 1223 1
912 1067 1
340 1171 1
807 1171 1
1171 1431 1
340 807 1
133 1380 1
1380 1432 1
1380 1484 1
133 1016 1
445 1226 1
1069 1173 1
186 237 1
706 862 1
1225 1278 1
341 862 1
341 706 1
809 966 1
550 1225 1
550 1278 1
758 1330 1
31 289 1
549 913 1
1225 1434 1
550 1434 1
1278 1434 1
914 1173 1
914 1069 1
82 550 1
82 1225 1
82 1434 1
82 1278 1
237 654 1
186 654 1
393 654 1
186 393 1
237 393 1
1278 1486 1
1225 1486 1
1434 1486 1
82 1486 1
550 1486 1
33 1072 1
448 500 1
84 604 1
655 760 1
188 343 1
759 1331 1
239 968 1
136 1020 1
395 916 1
291 1487 1
344 812 1
656 967 1
344 1071 1
812 1071 1
707 1435 1
1123 1487 1
291 1123 1
603 1436 1
1384 1488 1
500 1227 1
448 1227 1
707 1332 1
1332 1435 1
85 239 1
85 968 1
656 759 1
759 967 1
656 1331 1
1435 1487 1
707 1487 1
1332 1487 1
1123 1435 1
291 1435 1
34 969 1
502 1230 1
865 1178 1
1074 1074 1
87 917 1
346 1490 1
449 1438 1
190 450 1
397 1073 1
1281 1541 1
241 969 1
34 241 1
969 1334 1
241 1334 1
34 1334 1
242 450 1
190 242 1
138 1333 1
553 1125 1
658 658 1
86 86 1
139 1438 1
139 449 1
189 346 1
189 1490 1
241 1385 1
969 1385 1
34 1385 1
1334 1385 1
659 972 1
89 1127 1
88 503 1
191 1492 1
1024 1388 1
659 868 1
868 972 1
867 1231 1
243 608 1
711 1128 1
243 919 1
608 919 1
191 867 1
867 1492 1
191 1231 1
556 1388 1
556 1024 1
556 1387 1
1024 1387 1
1387 1388 1
1231 1336 1
867 1336 1
191 1336 1
452 712 1
868 1492 1
659 1492 1
972 1492 1
867 868 1
191 868 1
90 1129 1
454 505 1
765 973 1
506 817 1
193 1494 1
401 609 1
142 766 1
870 1337 1
143 973 1
143 765 1
869 1545 1
297 818 1
297 349 1
349 818 1
714 1181 1
90 246 1
246 1129 1
610 1337 1
610 870 1
454 609 1
505 609 1
401 454 1
349 557 1
297 557 1
557 818 1
402 1130 1
298 1233 1
974 1077 1
39 246 1
39 1129 1
39 90 1
1079 1184 1
41 924 1
352 559 1
976 1496 1
507 1235 1
403 820 1
820 820 1
93 819 1
1235 1548 1
507 1548 1
1132 1236 1
299 820 1
299 403 1
1287 1496 1
976 1287 1
352 975 1
559 975 1
456 1183 1
404 1339 1
975 1495 1
352 1495 1
559 1495 1
456 1027 1
1027 1183 1
664 1496 1
664 976 1
664 1287 1
1391 1548 1
1235 1391 1
507 1391 1
198 1393 1
94 821 1
405 874 1
561 1237 1
354 718 1
1133 1393 1
198 1133 1
509 977 1
301 718 1
301 354 1
42 562 1
666 874 1
405 666 1
43 95 1
769 1082 1
301 1238 1
354 1238 1
718 1238 1
405 457 1
457 874 1
457 666 1
926 1549 1
1134 1290 1
769 1185 1
1082 1185 1
406 665 1
614 1342 1
95 458 1
43 458 1
771 1344 1
407 1344 1
407 771 1
1135 1499 1
876 1552 1
356 1552 1
356 876 1
460 719 1
45 615 1
407 615 1
615 1344 1
615 771 1
45 407 1
199 823 1
1135 1552 1
1499 1552 1
356 1135 1
876 1135 1
97 1344 1
97 615 1
97 771 1
97 407 1
667 1396 1
823 1239 1
199 1239 1
459 979 1
251 1187 1
459 1551 1
979 1551 1
357 1449 1
254 1501 1
1242 1293 1
98 357 1
98 1449 1
201 1241 1
826 1241 1
201 826 1
1449 1553 1
98 1553 1
357 1553 1
305 566 1
721 929 1
409 878 1
409 981 1
878 981 1
99 617 1
151 253 1
47 878 1
47 409 1
47 981 1
566 721 1
305 721 1
566 929 1
46 151 1
46 253 1
721 1449 1
929 1449 1
566 1449 1
305 1449 1
98 721 1
357 721 1
721 1553 1
203 1087 1
983 1244 1
672 1139 1
775 879 1
723 880 1
256 1347 1
411 1139 1
411 672 1
516 1504 1
412 1191 1
879 1295 1
775 1295 1
411 1503 1
672 1503 1
1139 1503 1
48 1399 1
828 1400 1
776 1036 1
671 1244 1
671 983 1
307 1295 1
307 775 1
307 879 1
256 1087 1
1087 1347 1
203 256 1
620 1347 1
256 620 1
620 1087 1
986 1402 1
881 1194 1
518 1454 1
413 1037 1
257 414 1
1453 1505 1
103 778 1
1037 1298 1
413 1298 1
933 933 1
361 1401 1
206 933 1
1037 1142 1
1142 1298 1
413 1142 1
206 777 1
777 933 1
465 1298 1
465 1037 1
465 1142 1
413 465 1
206 257 1
257 777 1
257 933 1
206 414 1
155 882 1
518 1089 1
1089 1454 1
413 569 1
465 569 1
569 1298 1
569 1037 1
569 1142 1
33 512 -1
512 1072 -1
90 740 -1
740 1129 -1
246 740 -1
39 740 -1
90 1155 -1
90 1052 -1
653 675 -1
659 670 -1
670 868 -1
670 972 -1
670 1492 -1
111 580 -1
111 995 -1
111 996 -1
376 558 -1
188 195 -1
195 343 -1
1042 1048 -1
840 1042 -1
632 1042 -1
267 1042 -1
892 1042 -1
1042 1463 -1
1318 1332 -1
1057 1332 -1
485 1332 -1
797 1332 -1
707 1318 -1
1318 1435 -1
1318 1487 -1
613 1301 -1
613 990 -1
266 362 -1
721 738 -1
738 929 -1
98 738 -1
357 738 -1
738 1553 -1
738 1449 -1
305 738 -1
566 738 -1
11 721 -1
197 629 -1
197 577 -1
197 1253 -1
349 375 -1
297 375 -1
375 818 -1
375 557 -1
349 688 -1
349 896 -1
349 635 -1
1491 1518 -1
339 1010 -1
369 406 -1
162 406 -1
369 665 -1
883 1105 -1
274 883 -1
741 883 -1
845 883 -1
637 883 -1
314 318 -1
311 1483 -1
832 1483 -1
260 1483 -1
1039 1483 -1
1144 1483 -1
988 1483 -1
415 1483 -1
655 975 -1
760 975 -1
352 655 -1
655 1495 -1
559 655 -1
1100 1145 -1
470 1100 -1
55 1100 -1
370 405 -1
370 457 -1
370 874 -1
370 666 -1
139 1108 -1
449 1108 -1
1108 1438 -1
139 379 -1
220 237 -1
220 393 -1
186 220 -1
220 654 -1
596 598 -1
313 630 -1
469 630 -1
54 630 -1
630 1198 -1
313 578 -1
313 786 -1
58 313 -1
313 837 -1
1423 1470 -1
273 1423 -1
1418 1423 -1
533 1423 -1
14 1423 -1
897 1423 -1
913 1513 -1
549 1513 -1
1186 1301 -1
990 1186 -1
129 130 -1
1299 1412 -1
1403 1412 -1
467 482 -1
157 482 -1
1030 1455 -1
995 1342 -1
580 1342 -1
996 1342 -1
614 995 -1
1423 1473 -1
1423 1474 -1
434 1423 -1
850 1423 -1
1005 1423 -1
1006 1423 -1
1196 1320 -1
1145 1149 -1
470 1149 -1
55 1149 -1
935 1170 -1
1403 1410 -1
1299 1410 -1
224 241 -1
224 969 -1
34 224 -1
224 1334 -1
224 1385 -1
843 1494 -1
193 843 -1
1143 1422 -1
552 696 -1
1169 1412 -1
181 1412 -1
1324 1326 -1
24 1326 -1
233 1324 -1
1013 1324 -1
182 1324 -1
462 685 -1
74 232 -1
651 1165 -1
1426 1428 -1
1302 1342 -1
614 1302 -1
149 491 -1
1414 1428 -1
425 1428 -1
1174 1311 -1
1000 1174 -1
480 1174 -1
947 1174 -1
214 249 -1
179 1220 -1
1237 1245 -1
561 1245 -1
512 708 -1
746 1528 -1
746 1112 -1
746 747 -1
1146 1174 -1
1096 1194 -1
1194 1199 -1
881 1096 -1
953 1018 -1
330 1018 -1
49 224 -1
262 666 -1
262 457 -1
262 874 -1
262 405 -1
761 1160 -1
856 1143 -1
960 1143 -1
544 1143 -1
647 1143 -1
648 1143 -1
908 1143 -1
1011 1143 -1
855 1143 -1
1143 1375 -1
388 389 -1
58 279 -1
279 578 -1
279 786 -1
279 837 -1
279 630 -1
146 733 -1
1447 1477 -1
1012 1374 -1
593 1012 -1
1012 1114 -1
958 1012 -1
1012 1425 -1
359 823 -1
359 1239 -1
199 359 -1
13 714 -1
13 1181 -1
684 718 -1
718 1516 -1
354 684 -1
301 684 -1
684 1238 -1
843 1485 -1
445 1552 -1
1226 1552 -1
356 445 -1
445 1499 -1
445 876 -1
445 1135 -1
1300 1314 -1
218 253 -1
46 218 -1
151 218 -1
1161 1528 -1
1112 1161 -1
747 1161 -1
989 1026 -1
1355 1402 -1
986 1355 -1
757 1389 -1
873 989 -1
43 319 -1
319 458 -1
95 319 -1
562 629 -1
42 629 -1
562 577 -1
562 1253 -1
34 1315 -1
969 1315 -1
1315 1385 -1
1315 1334 -1
241 1315 -1
34 795 -1
34 952 -1
34 1211 -1
34 900 -1
34 1471 -1
1038 1463 -1
1038 1048 -1
892 1038 -1
126 180 -1
126 1479 -1
959 1014 -1
852 1109 -1
852 1525 -1
635 778 -1
778 896 -1
688 778 -1
375 778 -1
103 635 -1
1162 1319 -1
21 1162 -1
1369 1495 -1
352 1369 -1
559 1369 -1
975 1369 -1
590 592 -1
376 557 -1
297 376 -1
376 818 -1
349 376 -1
207 1065 -1
110 579 -1
110 1515 -1
82 676 -1
676 1486 -1
676 1225 -1
676 1434 -1
676 1278 -1
550 676 -1
82 936 -1
0 695 -1
105 695 -1
695 1247 -1
1458 1497 -1
937 1497 -1
626 1497 -1
885 1497 -1
1406 1497 -1
473 509 -1
473 977 -1
783 829 -1
367 829 -1
25 805 -1
520 751 -1
990 1486 -1
1301 1486 -1
990 1225 -1
990 1434 -1
550 990 -1
82 990 -1
990 1278 -1
229 236 -1
163 1359 -1
682 1359 -1
163 788 -1
583 817 -1
506 583 -1
590 1195 -1
1414 1482 -1
425 1482 -1
961 1414 -1
1377 1414 -1
1097 1104 -1
889 1104 -1
1046 1104 -1
584 1097 -1
64 1097 -1
1051 1097 -1
996 1149 -1
995 1149 -1
580 1149 -1
942 1093 -1
889 1093 -1
1046 1093 -1
942 1249 -1
795 880 -1
880 1315 -1
880 1211 -1
880 900 -1
723 795 -1
781 810 -1
417 810 -1
678 810 -1
77 78 -1
78 595 -1
77 545 -1
232 334 -1
1404 1429 -1
208 1429 -1
519 1429 -1
727 1429 -1
497 740 -1
497 1155 -1
497 1052 -1
941 1537 -1
890 1546 -1
761 1472 -1
111 457 -1
111 874 -1
111 405 -1
111 666 -1
875 1010 -1
489 651 -1
178 651 -1
1201 1226 -1
526 1226 -1
525 1226 -1
734 1226 -1
445 1201 -1
1124 1236 -1
1124 1132 -1
509 739 -1
739 977 -1
1234 1329 -1
479 921 -1
239 1287 -1
968 1287 -1
85 1287 -1
239 1496 -1
239 976 -1
239 664 -1
382 695 -1
833 869 -1
833 1545 -1
117 185 -1
185 792 -1
1286 1298 -1
465 1286 -1
569 1286 -1
1037 1286 -1
1142 1286 -1
413 1286 -1
1048 1081 -1
840 1081 -1
632 1081 -1
267 1081 -1
892 1081 -1
1081 1463 -1
280 609 -1
280 401 -1
280 454 -1
280 505 -1
831 852 -1
394 1552 -1
356 394 -1
394 1499 -1
394 876 -1
394 1135 -1
577 1122 -1
629 1122 -1
1122 1253 -1
111 341 -1
111 706 -1
111 862 -1
314 733 -1
858 1143 -1
441 1143 -1
702 1143 -1
79 1143 -1
1156 1461 -1
785 1156 -1
1150 1156 -1
163 1255 -1
682 1255 -1
393 1552 -1
186 1552 -1
237 1552 -1
654 1552 -1
356 393 -1
393 1499 -1
393 876 -1
393 1135 -1
1012 1014 -1
989 1497 -1
1042 1082 -1
769 1042 -1
1042 1185 -1
882 1459 -1
155 1459 -1
835 882 -1
1455 1470 -1
273 1455 -1
1418 1455 -1
533 1455 -1
14 1455 -1
897 1455 -1
81 802 -1
81 1321 -1
81 282 -1
75 81 -1
23 81 -1
887 1142 -1
5 1142 -1
1142 1303 -1
465 887 -1
887 1298 -1
569 887 -1
887 1037 -1
413 887 -1
53 696 -1
237 1359 -1
393 1359 -1
186 1359 -1
654 1359 -1
237 788 -1
416 754 -1
111 164 -1
186 610 -1
393 610 -1
237 610 -1
610 654 -1
186 1337 -1
186 870 -1
601 1351 -1
233 336 -1
336 1326 -1
182 336 -1
336 1013 -1
277 436 -1
277 1008 -1
418 665 -1
406 418 -1
679 725 -1
725 1251 -1
1046 1069 -1
1069 1097 -1
942 1069 -1
889 1069 -1
914 1046 -1
1046 1173 -1
572 586 -1
125 459 -1
125 979 -1
125 1551 -1
1039 1060 -1
832 1060 -1
1060 1144 -1
311 1060 -1
988 1060 -1
415 1060 -1
996 1462 -1
995 1462 -1
580 1462 -1
997 1551 -1
459 997 -1
979 997 -1
849 1007 -1
384 849 -1
540 849 -1
383 849 -1
124 849 -1
177 849 -1
494 700 -1
700 1274 -1
26 700 -1
700 962 -1
286 700 -1
1301 1351 -1
990 1351 -1
1464 1548 -1
527 1548 -1
1391 1464 -1
1235 1464 -1
507 1464 -1
138 431 -1
431 1333 -1
831 1406 -1
831 937 -1
831 1458 -1
626 831 -1
831 885 -1
425 514 -1
514 1414 -1
329 571 -1
1092 1301 -1
990 1092 -1
810 817 -1
506 810 -1
450 1472 -1
242 1472 -1
190 1472 -1
490 547 -1
585 1247 -1
0 585 -1
105 585 -1
788 937 -1
937 1359 -1
626 788 -1
788 1458 -1
788 1406 -1
1112 1306 -1
1306 1528 -1
747 1306 -1
398 1056 -1
398 847 -1
327 398 -1
76 389 -1
537 552 -1
166 1284 -1
374 1284 -1
941 1203 -1
160 569 -1
160 465 -1
160 1298 -1
160 413 -1
160 1142 -1
160 1037 -1
539 1195 -1
332 1195 -1
903 1195 -1
1152 1186 -1
387 389 -1
174 332 -1
332 1265 -1
332 954 -1
332 1266 -1
174 539 -1
174 903 -1
226 1060 -1
278 1060 -1
506 550 -1
550 817 -1
506 1486 -1
506 1225 -1
506 1434 -1
82 506 -1
506 1278 -1
1397 1418 -1
273 1397 -1
14 1397 -1
533 1397 -1
1397 1470 -1
897 1397 -1
1045 1057 -1
485 1045 -1
1045 1318 -1
797 1045 -1
525 549 -1
549 1201 -1
549 734 -1
526 549 -1
525 913 -1
1206 1242 -1
841 1242 -1
1206 1293 -1
1309 1532 -1
135 610 -1
135 1337 -1
135 870 -1
1198 1201 -1
313 1201 -1
469 1201 -1
54 1201 -1
526 1198 -1
525 1198 -1
734 1198 -1
887 1558 -1
5 1558 -1
1303 1558 -1
367 673 -1
673 783 -1
990 1030 -1
1030 1301 -1
1266 1268 -1
1265 1268 -1
954 1268 -1
174 1268 -1
1266 1267 -1
1453 1459 -1
1459 1505 -1
835 1453 -1
1114 1120 -1
593 1120 -1
958 1120 -1
1120 1374 -1
1120 1425 -1
808 1114 -1
261 289 -1
31 261 -1
437 875 -1
875 1530 -1
180 181 -1
181 1479 -1
180 1169 -1
1300 1522 -1
362 405 -1
362 457 -1
362 874 -1
362 666 -1
916 1474 -1
395 1474 -1
916 1473 -1
434 916 -1
850 916 -1
916 1005 -1
916 1006 -1
228 1352 -1
371 682 -1
163 371 -1
621 1200 -1
1469 1501 -1
254 1469 -1
126 137 -1
1101 1551 -1
459 1101 -1
979 1101 -1
54 562 -1
313 562 -1
469 562 -1
562 1198 -1
42 54 -1
1007 1109 -1
384 1109 -1
540 1109 -1
383 1109 -1
124 1109 -1
177 1109 -1
1007 1525 -1
416 436 -1
416 1008 -1
1098 1360 -1
320 1098 -1
473 497 -1
1041 1045 -1
586 832 -1
586 1144 -1
311 586 -1
586 1039 -1
586 988 -1
415 586 -1
874 1462 -1
457 1462 -1
666 1462 -1
405 1462 -1
1096 1558 -1
1199 1558 -1
1 539 -1
1 332 -1
1 903 -1
1423 1441 -1
1256 1277 -1
736 1277 -1
476 1277 -1
268 1277 -1
215 1277 -1
322 607 -1
582 607 -1
600 1032 -1
363 695 -1
1168 1170 -1
1408 1453 -1
1408 1505 -1
523 532 -1
564 1319 -1
21 564 -1
78 387 -1
387 545 -1
998 1033 -1
1033 1258 -1
1033 1310 -1
1242 1310 -1
1293 1310 -1
1242 1258 -1
998 1242 -1
25 126 -1
226 1371 -1
278 1371 -1
226 1163 -1
978 985 -1
634 670 -1
670 1361 -1
426 670 -1
633 670 -1
373 670 -1
167 670 -1
186 1233 -1
393 1233 -1
237 1233 -1
654 1233 -1
186 298 -1
230 595 -1
593 595 -1
595 958 -1
595 1425 -1
77 230 -1
893 1336 -1
1336 1465 -1
270 1336 -1
867 893 -1
191 893 -1
893 1231 -1
1110 1195 -1
74 233 -1
74 1326 -1
74 182 -1
74 1013 -1
33 41 -1
41 1072 -1
33 924 -1
149 909 -1
149 1325 -1
1234 1277 -1
214 580 -1
214 995 -1
214 996 -1
157 668 -1
467 668 -1
381 531 -1
81 334 -1
793 1248 -1
493 520 -1
269 296 -1
889 913 -1
913 1097 -1
913 1046 -1
913 942 -1
549 889 -1
86 1056 -1
86 847 -1
86 327 -1
1052 1077 -1
1077 1155 -1
740 1077 -1
974 1052 -1
