467 624 1
156 1508 1
0 1300 1
936 988 1
259 1351 1
675 728 1
780 1091 1
363 571 1
415 779 1
364 884 1
416 884 1
364 416 1
260 1404 1
468 1039 1
208 883 1
1248 1248 1
831 1352 1
467 1455 1
624 1455 1
104 779 1
104 415 1
519 1247 1
936 1404 1
988 1404 1
260 936 1
468 831 1
831 1039 1
468 1352 1
1092 1403 1
470 1509 1
521 730 1
1197 1510 1
365 574 1
574 781 1
365 781 1
573 1094 1
885 1094 1
573 885 1
314 1198 1
365 1197 1
781 1197 1
574 1197 1
365 1510 1
314 1093 1
1093 1198 1
781 782 1
365 782 1
574 782 1
782 1197 1
209 885 1
209 573 1
209 1094 1
1250 1302 1
55 1041 1
418 989 1
1041 1509 1
55 1509 1
470 1041 1
472 1356 1
56 1407 1
212 367 1
1095 1407 1
56 1095 1
679 835 1
160 940 1
5 1251 1
1199 1355 1
576 1459 1
1304 1460 1
679 679 1
109 1095 1
56 109 1
109 1407 1
4 264 1
315 731 1
56 1512 1
1095 1512 1
109 1512 1
1407 1512 1
160 679 1
679 940 1
160 835 1
212 992 1
367 992 1
160 680 1
680 835 1
680 940 1
679 680 1
890 1514 1
838 1149 1
630 1097 1
629 1254 1
525 733 1
1046 1306 1
110 786 1
1098 1253 1
266 629 1
266 1254 1
266 369 1
369 629 1
369 1254 1
422 1357 1
993 1098 1
993 1253 1
526 1357 1
422 526 1
58 162 1
578 1150 1
162 265 1
58 265 1
317 318 1
1202 1514 1
890 1202 1
6 1201 1
785 786 1
110 785 1
110 266 1
266 785 1
266 786 1
110 1254 1
110 369 1
110 629 1
320 995 1
736 839 1
1255 1308 1
995 1515 1
320 1515 1
267 476 1
60 1463 1
61 1255 1
61 1308 1
1152 1411 1
8 891 1
8 1048 1
891 1048 1
9 1359 1
267 1308 1
476 1308 1
61 267 1
267 1255 1
1100 1307 1
476 1359 1
267 1359 1
1308 1359 1
9 476 1
268 268 1
580 1256 1
164 1412 1
165 475 1
319 475 1
165 319 1
685 1413 1
477 1309 1
582 1101 1
426 1153 1
114 321 1
218 478 1
167 530 1
62 1309 1
62 477 1
893 1310 1
10 1206 1
1362 1517 1
11 1465 1
477 1257 1
1257 1309 1
62 1257 1
894 1413 1
685 894 1
114 425 1
321 425 1
842 1101 1
582 842 1
115 1102 1
322 686 1
477 582 1
582 1257 1
582 1309 1
62 582 1
477 842 1
477 1101 1
116 376 1
219 272 1
12 583 1
376 687 1
116 687 1
792 843 1
948 1156 1
376 1104 1
116 1104 1
687 1104 1
64 843 1
64 792 1
844 1415 1
843 1051 1
792 1051 1
64 1051 1
1208 1416 1
169 1416 1
169 1208 1
116 1415 1
376 1415 1
1104 1415 1
687 1415 1
116 844 1
12 1155 1
583 1155 1
896 1207 1
583 739 1
739 1155 1
12 739 1
118 742 1
378 1053 1
689 1365 1
170 1262 1
586 897 1
118 1105 1
742 1105 1
585 1054 1
690 1210 1
67 118 1
67 1105 1
67 742 1
534 1469 1
1210 1470 1
690 1470 1
742 1158 1
1105 1158 1
67 1158 1
118 1158 1
741 897 1
586 741 1
585 949 1
949 1054 1
1262 1418 1
170 1418 1
325 534 1
325 1469 1
222 429 1
119 689 1
119 1365 1
847 1367 1
275 952 1
536 1107 1
1472 1472 1
224 744 1
484 588 1
1420 1471 1
380 1419 1
848 1472 1
431 1471 1
431 1420 1
639 796 1
1055 1159 1
483 952 1
275 483 1
743 1524 1
1159 1471 1
1055 1471 1
1159 1420 1
431 1159 1
743 1159 1
1159 1524 1
743 1420 1
431 743 1
743 1055 1
743 1471 1
17 951 1
483 1472 1
952 1472 1
275 1472 1
483 848 1
642 1057 1
70 329 1
382 434 1
537 1266 1
1058 1110 1
589 693 1
277 485 1
277 1162 1
485 1162 1
745 1473 1
122 277 1
122 1162 1
122 485 1
902 1214 1
589 1317 1
693 1317 1
122 1214 1
1162 1214 1
277 1214 1
485 1214 1
122 902 1
174 1214 1
174 485 1
174 902 1
174 1162 1
174 277 1
122 174 1
486 798 1
641 1214 1
485 641 1
641 902 1
641 1162 1
174 641 1
277 641 1
122 641 1
591 852 1
540 1424 1
695 1423 1
1008 1060 1
435 1215 1
1163 1528 1
176 903 1
227 280 1
955 1423 1
695 955 1
176 799 1
799 903 1
280 1007 1
227 1007 1
227 904 1
280 904 1
904 1007 1
696 904 1
280 696 1
227 696 1
696 1007 1
279 1475 1
435 1007 1
1007 1215 1
227 435 1
435 904 1
435 696 1
280 435 1
72 488 1
750 1061 1
854 1218 1
697 957 1
593 646 1
749 1322 1
801 1426 1
490 645 1
593 1530 1
646 1530 1
229 697 1
229 957 1
127 178 1
490 1062 1
645 1062 1
593 593 1
645 1529 1
490 1529 1
1062 1529 1
386 490 1
386 1529 1
386 645 1
386 1062 1
802 1218 1
802 854 1
333 1217 1
489 593 1
489 1530 1
489 646 1
1165 1218 1
802 1165 1
854 1165 1
803 1064 1
803 1271 1
1064 1271 1
959 1167 1
336 1480 1
284 959 1
284 1167 1
129 388 1
232 1064 1
232 803 1
232 1271 1
647 1011 1
803 959 1
959 1064 1
232 959 1
959 1271 1
803 1167 1
284 803 1
1324 1532 1
231 907 1
440 1531 1
335 1532 1
335 1324 1
77 804 1
595 752 1
284 856 1
803 856 1
856 1167 1
856 959 1
1378 1481 1
857 1378 1
857 1481 1
182 234 1
181 233 1
1274 1430 1
27 233 1
27 181 1
441 649 1
442 1222 1
130 389 1
286 1222 1
286 442 1
1170 1378 1
1170 1481 1
857 1170 1
702 1117 1
79 182 1
79 234 1
493 1273 1
1170 1273 1
1273 1481 1
1273 1378 1
857 1273 1
493 1170 1
546 1013 1
441 1117 1
649 1117 1
441 702 1
288 808 1
81 548 1
599 756 1
495 756 1
495 599 1
651 963 1
911 1068 1
548 1535 1
81 1535 1
547 860 1
964 1068 1
911 964 1
132 964 1
132 1068 1
132 911 1
496 703 1
339 1484 1
444 911 1
444 964 1
132 444 1
444 1068 1
80 1016 1
132 600 1
600 1068 1
444 600 1
600 964 1
600 911 1
28 1067 1
29 391 1
862 1173 1
83 1017 1
238 1486 1
550 601 1
342 1278 1
810 1330 1
289 1226 1
134 705 1
705 1018 1
134 1018 1
30 1018 1
30 705 1
30 134 1
550 1381 1
601 1381 1
654 1225 1
238 810 1
810 1486 1
238 1330 1
445 1329 1
341 758 1
135 1485 1
1278 1486 1
342 1486 1
810 1278 1
238 1278 1
342 1018 1
1018 1486 1
1018 1278 1
342 705 1
134 342 1
30 342 1
499 1020 1
1383 1539 1
759 1435 1
33 499 1
33 1020 1
137 916 1
1020 1488 1
33 1488 1
499 1488 1
187 655 1
239 1123 1
967 1176 1
811 1331 1
239 1332 1
1123 1332 1
292 1383 1
292 1539 1
551 1539 1
292 551 1
551 1383 1
344 863 1
812 1488 1
33 812 1
499 812 1
812 1020 1
85 1124 1
292 1540 1
551 1540 1
1539 1540 1
1383 1540 1
554 606 1
605 657 1
139 1490 1
605 1126 1
657 1126 1
34 87 1
970 1282 1
501 1282 1
501 970 1
865 1489 1
762 1021 1
709 1125 1
554 1386 1
606 1386 1
190 866 1
398 1074 1
345 1438 1
865 1333 1
1333 1489 1
814 1385 1
1438 1489 1
345 1489 1
865 1438 1
1333 1438 1
450 1386 1
450 554 1
450 606 1
34 139 1
87 139 1
34 1490 1
400 1023 1
659 711 1
919 1127 1
452 1232 1
348 1543 1
868 1128 1
89 1336 1
451 920 1
192 348 1
192 1543 1
1284 1491 1
920 1387 1
451 1387 1
348 1335 1
192 1335 1
1335 1543 1
296 868 1
296 1128 1
36 659 1
36 711 1
192 503 1
503 1335 1
348 503 1
503 1543 1
191 920 1
191 1387 1
191 451 1
1024 1544 1
348 1284 1
192 1284 1
1284 1335 1
503 1284 1
1284 1543 1
348 1491 1
558 817 1
349 506 1
245 1182 1
1026 1026 1
1026 1286 1
193 245 1
193 1182 1
401 1337 1
91 766 1
38 350 1
298 1233 1
558 610 1
610 817 1
297 1234 1
38 349 1
349 350 1
38 506 1
610 1493 1
817 1493 1
558 1493 1
1129 1233 1
298 1129 1
765 973 1
454 1545 1
142 1338 1
558 1390 1
817 1390 1
610 1390 1
1390 1493 1
144 768 1
404 1340 1
820 1288 1
195 1287 1
403 1235 1
41 248 1
92 1495 1
93 1183 1
456 1288 1
456 820 1
716 1132 1
508 1443 1
612 1183 1
93 612 1
145 975 1
507 767 1
145 664 1
664 975 1
664 1444 1
145 1444 1
975 1444 1
820 1236 1
1236 1288 1
456 1236 1
611 923 1
92 456 1
456 1495 1
92 1288 1
92 1236 1
92 820 1
301 822 1
1237 1290 1
925 1289 1
197 717 1
562 977 1
249 613 1
1238 1290 1
1237 1238 1
561 1081 1
146 1446 1
249 562 1
562 613 1
249 977 1
405 770 1
458 1238 1
458 1290 1
458 1237 1
978 1497 1
769 873 1
769 1342 1
873 1342 1
821 1030 1
197 198 1
198 717 1
509 1445 1
458 1081 1
1081 1290 1
1081 1237 1
1081 1238 1
458 561 1
824 1032 1
720 823 1
616 1291 1
148 304 1
407 980 1
96 460 1
511 875 1
44 1499 1
563 1344 1
772 772 1
304 1135 1
148 1135 1
1188 1239 1
97 615 1
875 1343 1
511 1343 1
928 1083 1
1032 1239 1
824 1239 1
1032 1188 1
96 1083 1
460 1083 1
96 928 1
97 824 1
615 824 1
97 1032 1
97 1239 1
771 1188 1
771 1032 1
771 1239 1
461 1138 1
826 1502 1
1241 1293 1
409 982 1
202 618 1
462 1085 1
930 981 1
409 722 1
722 982 1
253 1033 1
774 1449 1
1085 1449 1
462 1449 1
774 1085 1
150 722 1
150 409 1
150 982 1
877 1138 1
461 877 1
721 826 1
721 1502 1
47 721 1
47 826 1
47 1502 1
565 566 1
150 825 1
409 825 1
722 825 1
825 982 1
463 984 1
828 880 1
776 1348 1
152 619 1
1087 1400 1
101 1451 1
464 1139 1
724 724 1
255 359 1
516 1087 1
516 1400 1
412 671 1
1139 1452 1
464 1452 1
203 723 1
671 1244 1
412 1244 1
568 827 1
516 931 1
931 1400 1
931 1087 1
203 567 1
567 723 1
776 1451 1
1348 1451 1
101 776 1
256 568 1
256 827 1
775 1503 1
1298 1557 1
621 622 1
258 1089 1
50 1454 1
1245 1349 1
414 1038 1
309 1453 1
1245 1558 1
1349 1558 1
986 1245 1
986 1349 1
986 1558 1
777 1506 1
1090 1505 1
518 1298 1
518 1557 1
258 1245 1
1089 1245 1
258 986 1
258 1349 1
258 1558 1
205 673 1
466 1297 1
362 673 1
205 362 1
258 1090 1
1089 1090 1
1090 1349 1
1090 1558 1
986 1090 1
1090 1245 1
258 1505 1
294 499 -1
294 1488 -1
33 294 -1
294 1020 -1
294 812 -1
835 1269 -1
160 1269 -1
680 1269 -1
679 1269 -1
101 1185 -1
776 1185 -1
1185 1451 -1
766 1514 -1
91 1514 -1
766 890 -1
766 1202 -1
1123 1481 -1
1332 1481 -1
239 1481 -1
857 1123 -1
1123 1378 -1
1123 1170 -1
1123 1273 -1
109 356 -1
56 356 -1
356 1512 -1
356 1407 -1
356 1095 -1
344 1305 -1
863 1305 -1
559 1026 -1
559 1286 -1
286 371 -1
371 442 -1
371 1222 -1
190 621 -1
621 866 -1
190 622 -1
125 426 -1
125 1153 -1
530 1147 -1
167 1147 -1
325 1524 -1
1469 1524 -1
534 1524 -1
325 1159 -1
325 743 -1
200 504 -1
416 765 -1
364 765 -1
765 884 -1
416 973 -1
604 882 -1
384 773 -1
818 1108 -1
273 1538 -1
885 1025 -1
209 1025 -1
573 1025 -1
1025 1094 -1
221 848 -1
221 1472 -1
221 483 -1
63 444 -1
63 600 -1
63 132 -1
63 964 -1
63 1068 -1
63 911 -1
788 1497 -1
788 978 -1
1107 1549 -1
536 1549 -1
854 938 -1
938 1218 -1
802 938 -1
938 1165 -1
552 876 -1
726 890 -1
726 1514 -1
726 1202 -1
269 924 -1
59 1074 -1
59 398 -1
169 788 -1
788 1416 -1
788 1208 -1
476 1422 -1
9 1422 -1
267 1422 -1
1308 1422 -1
1359 1422 -1
166 782 -1
166 1197 -1
166 781 -1
166 574 -1
166 365 -1
686 1068 -1
322 1068 -1
600 686 -1
132 686 -1
444 686 -1
686 964 -1
686 911 -1
93 777 -1
612 777 -1
777 1183 -1
93 1506 -1
1061 1448 -1
750 1448 -1
541 1369 -1
107 893 -1
107 1310 -1
146 682 -1
682 1446 -1
104 874 -1
779 874 -1
415 874 -1
276 1059 -1
82 972 -1
151 1462 -1
773 880 -1
773 828 -1
303 774 -1
303 1449 -1
303 1085 -1
67 100 -1
100 1158 -1
100 1105 -1
100 742 -1
100 118 -1
561 628 -1
628 1081 -1
458 628 -1
1356 1539 -1
472 1539 -1
1356 1540 -1
551 1356 -1
292 1356 -1
1356 1383 -1
1164 1172 -1
760 1431 -1
48 416 -1
48 364 -1
48 884 -1
29 332 -1
332 391 -1
276 537 -1
276 1266 -1
891 1119 -1
8 1119 -1
1048 1119 -1
994 1322 -1
749 994 -1
245 641 -1
193 641 -1
641 1182 -1
245 485 -1
245 902 -1
245 1162 -1
174 245 -1
245 277 -1
122 245 -1
245 1214 -1
365 387 -1
387 1510 -1
387 782 -1
387 781 -1
387 574 -1
387 1197 -1
565 623 -1
566 623 -1
454 737 -1
737 1545 -1
869 975 -1
664 869 -1
145 869 -1
869 1444 -1
389 716 -1
130 716 -1
389 1132 -1
51 1448 -1
134 231 -1
231 705 -1
231 1018 -1
231 342 -1
30 231 -1
134 907 -1
971 1060 -1
971 1008 -1
5 1444 -1
1251 1444 -1
5 664 -1
5 145 -1
5 975 -1
828 1353 -1
880 1353 -1
785 868 -1
786 868 -1
266 868 -1
110 868 -1
785 1128 -1
296 785 -1
104 873 -1
779 873 -1
415 873 -1
104 769 -1
104 1342 -1
272 603 -1
219 603 -1
1143 1218 -1
802 1143 -1
1143 1165 -1
854 1143 -1
267 936 -1
936 1308 -1
936 1359 -1
476 936 -1
61 936 -1
936 1255 -1
267 1404 -1
267 988 -1
260 267 -1
965 1269 -1
69 817 -1
69 610 -1
69 1390 -1
69 1493 -1
69 558 -1
182 1059 -1
234 1059 -1
79 1059 -1
716 1275 -1
1132 1275 -1
87 840 -1
34 840 -1
139 840 -1
79 566 -1
234 566 -1
182 566 -1
79 565 -1
803 1129 -1
1064 1129 -1
1129 1167 -1
232 1129 -1
1129 1271 -1
856 1129 -1
284 1129 -1
959 1129 -1
803 1233 -1
298 803 -1
687 751 -1
376 751 -1
751 1104 -1
116 751 -1
751 1415 -1
37 1236 -1
37 1288 -1
37 456 -1
37 820 -1
37 92 -1
1303 1322 -1
749 1303 -1
608 1006 -1
1 694 -1
1130 1289 -1
925 1130 -1
108 1013 -1
108 546 -1
233 1333 -1
27 1333 -1
181 1333 -1
233 865 -1
233 1438 -1
233 1489 -1
1311 1323 -1
101 186 -1
186 776 -1
186 1451 -1
203 683 -1
683 723 -1
567 683 -1
296 753 -1
753 1128 -1
753 868 -1
563 1329 -1
1329 1344 -1
445 563 -1
172 596 -1
798 947 -1
486 947 -1
899 1171 -1
1026 1138 -1
1138 1286 -1
461 1026 -1
877 1026 -1
595 846 -1
752 846 -1
246 344 -1
246 863 -1
889 1472 -1
848 889 -1
483 889 -1
889 952 -1
275 889 -1
49 1114 -1
224 949 -1
744 949 -1
224 585 -1
224 1054 -1
1208 1510 -1
1416 1510 -1
169 1510 -1
1197 1208 -1
365 1208 -1
36 812 -1
659 812 -1
711 812 -1
36 1488 -1
33 36 -1
36 499 -1
36 1020 -1
734 899 -1
445 1517 -1
1329 1517 -1
445 1362 -1
235 1334 -1
326 1214 -1
326 641 -1
326 485 -1
326 902 -1
326 1162 -1
174 326 -1
277 326 -1
122 326 -1
237 627 -1
865 1107 -1
1107 1489 -1
1107 1333 -1
1107 1438 -1
536 865 -1
739 766 -1
766 1155 -1
12 766 -1
583 766 -1
91 739 -1
657 964 -1
605 964 -1
964 1126 -1
600 657 -1
132 657 -1
444 657 -1
657 1068 -1
657 911 -1
175 807 -1
12 1282 -1
1155 1282 -1
739 1282 -1
583 1282 -1
12 970 -1
12 501 -1
757 893 -1
757 1310 -1
340 1090 -1
340 1505 -1
258 340 -1
340 1349 -1
340 1089 -1
340 1558 -1
340 986 -1
340 1245 -1
54 907 -1
54 231 -1
746 803 -1
746 1064 -1
746 1167 -1
232 746 -1
746 1271 -1
746 856 -1
284 746 -1
746 959 -1
709 1106 -1
1106 1125 -1
312 806 -1
715 797 -1
360 643 -1
989 1004 -1
418 1004 -1
418 943 -1
943 989 -1
167 746 -1
530 746 -1
208 1446 -1
883 1446 -1
146 208 -1
746 1510 -1
746 1197 -1
365 746 -1
310 1277 -1
170 860 -1
860 1418 -1
860 1262 -1
170 547 -1
159 398 -1
159 1074 -1
1340 1521 -1
404 1521 -1
333 1050 -1
1050 1217 -1
179 648 -1
591 1279 -1
852 1279 -1
161 1487 -1
732 827 -1
568 732 -1
256 732 -1
11 507 -1
507 1465 -1
11 767 -1
206 1056 -1
856 1328 -1
803 1328 -1
284 1328 -1
959 1328 -1
1167 1328 -1
190 837 -1
837 866 -1
458 879 -1
879 1081 -1
879 1290 -1
879 1237 -1
879 1238 -1
561 879 -1
223 307 -1
375 383 -1
435 1307 -1
227 1307 -1
904 1307 -1
1007 1307 -1
280 1307 -1
696 1307 -1
1215 1307 -1
435 1100 -1
16 1371 -1
934 1151 -1
542 995 -1
320 542 -1
542 1515 -1
1320 1473 -1
745 1320 -1
711 766 -1
659 766 -1
36 766 -1
91 711 -1
902 1300 -1
641 1300 -1
122 1300 -1
174 1300 -1
1214 1300 -1
0 902 -1
127 194 -1
178 194 -1
444 927 -1
600 927 -1
132 927 -1
927 964 -1
927 1068 -1
911 927 -1
75 1470 -1
75 1210 -1
75 690 -1
460 1085 -1
96 1085 -1
1083 1085 -1
460 1449 -1
460 774 -1
460 462 -1
270 1521 -1
126 523 -1
493 669 -1
669 1273 -1
669 1170 -1
268 749 -1
268 1322 -1
978 1334 -1
1334 1497 -1
188 834 -1
1288 1539 -1
456 1539 -1
1236 1539 -1
820 1539 -1
92 1539 -1
1288 1540 -1
551 1288 -1
292 1288 -1
1288 1383 -1
1010 1262 -1
170 1010 -1
1010 1418 -1
211 1123 -1
211 1332 -1
211 239 -1
753 1132 -1
716 753 -1
769 833 -1
833 873 -1
833 1342 -1
726 836 -1
547 1041 -1
860 1041 -1
547 1509 -1
470 547 -1
55 547 -1
918 1024 -1
918 1544 -1
29 38 -1
38 391 -1
29 506 -1
29 349 -1
29 350 -1
163 1129 -1
163 1233 -1
163 298 -1
530 1134 -1
167 1134 -1
212 1556 -1
992 1556 -1
367 1556 -1
707 1144 -1
883 904 -1
208 904 -1
280 883 -1
696 883 -1
227 883 -1
435 883 -1
883 1007 -1
515 751 -1
291 1126 -1
291 657 -1
291 605 -1
788 1056 -1
258 1550 -1
1089 1550 -1
1090 1550 -1
1349 1550 -1
1505 1550 -1
1550 1558 -1
986 1550 -1
1245 1550 -1
597 1349 -1
597 986 -1
258 597 -1
597 1090 -1
597 1245 -1
597 1558 -1
234 987 -1
182 987 -1
79 987 -1
83 1192 -1
1017 1192 -1
1041 1349 -1
1349 1509 -1
470 1349 -1
55 1349 -1
986 1041 -1
258 1041 -1
1041 1090 -1
1041 1245 -1
1041 1558 -1
880 1328 -1
828 1328 -1
686 1276 -1
322 1276 -1
1213 1353 -1
875 1330 -1
1330 1343 -1
511 1330 -1
810 875 -1
238 875 -1
533 888 -1
814 1265 -1
1265 1385 -1
482 1447 -1
1149 1171 -1
838 1171 -1
820 874 -1
874 1288 -1
456 874 -1
874 1236 -1
92 874 -1
421 1125 -1
421 709 -1
265 505 -1
162 505 -1
58 505 -1
247 296 -1
247 1128 -1
247 868 -1
5 644 -1
644 1251 -1
346 1275 -1
674 888 -1
58 1416 -1
265 1416 -1
162 1416 -1
58 1208 -1
58 169 -1
207 1001 -1
925 1517 -1
1289 1517 -1
925 1362 -1
500 1493 -1
500 817 -1
500 610 -1
500 1390 -1
500 558 -1
240 1366 -1
423 966 -1
972 1321 -1
79 434 -1
234 434 -1
182 434 -1
79 382 -1
438 695 -1
438 955 -1
438 1423 -1
84 1173 -1
84 862 -1
362 776 -1
673 776 -1
205 776 -1
362 1451 -1
362 1348 -1
101 362 -1
86 684 -1
424 715 -1
1263 1533 -1
172 663 -1
1030 1553 -1
821 1553 -1
311 1429 -1
490 758 -1
758 1529 -1
386 758 -1
645 758 -1
758 1062 -1
341 490 -1
7 1135 -1
7 304 -1
7 148 -1
1488 1534 -1
33 1534 -1
499 1534 -1
1020 1534 -1
812 1534 -1
659 665 -1
36 665 -1
665 711 -1
408 807 -1
65 336 -1
65 1480 -1
3 21 -1
141 1384 -1
644 1541 -1
314 1113 -1
1093 1113 -1
1113 1198 -1
393 751 -1
975 1261 -1
664 1261 -1
145 1261 -1
1261 1444 -1
634 1351 -1
259 634 -1
71 1403 -1
71 1092 -1
1329 1418 -1
445 1418 -1
170 1329 -1
1262 1329 -1
492 1228 -1
195 1537 -1
1287 1537 -1
570 922 -1
193 689 -1
245 689 -1
689 1182 -1
193 1365 -1
119 193 -1
623 1292 -1
172 1177 -1
538 1348 -1
538 776 -1
538 1451 -1
538 1539 -1
538 1540 -1
538 551 -1
292 538 -1
538 1383 -1
1335 1545 -1
192 1545 -1
1284 1545 -1
503 1545 -1
348 1545 -1
1543 1545 -1
454 1335 -1
82 1263 -1
444 1477 -1
600 1477 -1
132 1477 -1
964 1477 -1
1068 1477 -1
911 1477 -1
452 1487 -1
1232 1487 -1
626 1172 -1
565 1014 -1
566 1014 -1
325 925 -1
925 1469 -1
534 925 -1
325 1289 -1
1021 1430 -1
762 1430 -1
1021 1274 -1
1212 1213 -1
1080 1314 -1
997 1482 -1
204 1176 -1
204 967 -1
785 1273 -1
786 1273 -1
266 1273 -1
110 1273 -1
785 1481 -1
785 1170 -1
785 1378 -1
493 785 -1
785 857 -1
249 1056 -1
977 1056 -1
562 1056 -1
613 1056 -1
906 975 -1
664 906 -1
145 906 -1
906 1444 -1
978 1452 -1
1452 1497 -1
464 978 -1
978 1139 -1
189 870 -1
85 245 -1
245 1124 -1
85 193 -1
85 1182 -1
325 581 -1
581 1469 -1
534 581 -1
400 1230 -1
1023 1230 -1
340 982 -1
340 409 -1
340 722 -1
150 340 -1
340 825 -1
366 1046 -1
366 1306 -1
1148 1365 -1
689 1148 -1
119 1148 -1
297 1499 -1
1234 1499 -1
44 297 -1
158 1269 -1
860 980 -1
547 980 -1
407 860 -1
72 1325 -1
488 1325 -1
