312 831 1
467 519 1
468 1456 1
415 987 1
467 1352 1
519 1352 1
52 935 1
1 363 1
571 779 1
572 1144 1
467 624 1
624 1352 1
519 624 1
779 1092 1
571 1092 1
936 1300 1
416 1352 1
416 624 1
416 467 1
416 519 1
105 519 1
105 1352 1
105 624 1
105 467 1
105 416 1
1092 1299 1
571 1299 1
779 1299 1
417 626 1
678 833 1
261 261 1
3 573 1
730 1197 1
574 1510 1
886 1301 1
365 1146 1
573 1249 1
3 1249 1
2 885 1
730 1353 1
1197 1353 1
209 885 1
2 209 1
730 1249 1
1249 1353 1
1197 1249 1
3 730 1
573 730 1
574 834 1
834 1510 1
886 1405 1
1301 1405 1
314 937 1
626 833 1
417 833 1
626 678 1
471 991 1
5 679 1
1408 1459 1
784 1252 1
56 1199 1
1304 1408 1
1304 1459 1
1095 1147 1
109 1512 1
4 835 1
524 1043 1
160 1252 1
160 784 1
5 108 1
108 679 1
575 1408 1
575 1304 1
575 1459 1
576 1460 1
628 1511 1
1043 1200 1
524 1200 1
1043 1459 1
1200 1459 1
524 1459 1
1043 1408 1
1043 1304 1
575 1043 1
422 1514 1
162 734 1
682 889 1
163 422 1
163 1514 1
214 785 1
58 941 1
682 786 1
786 889 1
318 1514 1
163 318 1
318 422 1
838 1305 1
214 1097 1
785 1097 1
682 734 1
734 889 1
734 786 1
162 682 1
630 1150 1
266 785 1
266 1097 1
214 266 1
370 1410 1
1305 1514 1
838 1514 1
163 1305 1
318 1305 1
422 1305 1
476 1048 1
164 1204 1
995 1464 1
319 839 1
112 268 1
423 1256 1
1048 1256 1
476 1256 1
423 1048 1
319 943 1
839 943 1
1203 1255 1
632 1204 1
164 632 1
165 267 1
113 319 1
113 943 1
113 839 1
319 788 1
113 788 1
788 943 1
788 839 1
1151 1255 1
1151 1203 1
476 840 1
840 1048 1
840 1256 1
789 841 1
529 946 1
634 1413 1
789 1362 1
841 1362 1
894 1465 1
737 893 1
581 1205 1
218 894 1
218 1465 1
633 841 1
633 1362 1
633 789 1
270 1413 1
270 634 1
581 685 1
685 1205 1
322 1258 1
477 529 1
477 946 1
167 1466 1
997 1309 1
1309 1517 1
997 1517 1
1258 1309 1
322 1309 1
997 1258 1
1258 1517 1
479 1051 1
896 1051 1
479 896 1
324 688 1
219 1259 1
791 843 1
219 636 1
636 1259 1
12 271 1
896 999 1
999 1051 1
479 999 1
65 792 1
948 1207 1
739 1052 1
65 791 1
791 792 1
65 843 1
324 1415 1
688 1415 1
116 1312 1
428 1104 1
584 1052 1
584 739 1
1156 1363 1
375 844 1
220 324 1
220 688 1
220 1415 1
273 1209 1
171 950 1
1001 1262 1
118 481 1
793 794 1
171 378 1
378 950 1
742 1157 1
171 1522 1
378 1522 1
950 1522 1
481 1522 1
118 1522 1
378 481 1
171 481 1
481 950 1
741 1001 1
741 1262 1
1209 1418 1
273 1418 1
221 845 1
67 378 1
67 481 1
67 1522 1
67 171 1
67 950 1
221 1314 1
845 1314 1
899 1367 1
1212 1420 1
224 744 1
900 1471 1
17 847 1
173 743 1
744 1471 1
224 1471 1
744 900 1
899 1160 1
1160 1367 1
483 1003 1
224 1316 1
744 1316 1
1316 1471 1
224 1055 1
744 1055 1
1055 1316 1
1055 1471 1
1211 1523 1
1003 1367 1
483 1367 1
1003 1160 1
899 1003 1
224 1108 1
744 1108 1
1055 1108 1
1108 1316 1
1108 1471 1
485 1526 1
433 1162 1
485 953 1
953 1526 1
175 1161 1
537 901 1
175 1265 1
1161 1265 1
486 1005 1
693 745 1
485 1110 1
953 1110 1
1110 1526 1
122 486 1
122 1005 1
693 1161 1
745 1161 1
693 1265 1
175 693 1
693 1110 1
745 1110 1
1110 1265 1
175 1110 1
1110 1161 1
485 693 1
693 1526 1
693 953 1
21 956 1
332 1059 1
799 1059 1
332 799 1
176 539 1
177 1112 1
72 1372 1
540 1267 1
644 955 1
747 1527 1
1007 1163 1
279 384 1
332 852 1
852 1059 1
799 852 1
73 176 1
73 539 1
228 1059 1
228 852 1
228 332 1
228 799 1
695 1423 1
487 1528 1
540 696 1
696 1267 1
800 904 1
488 1163 1
488 1007 1
23 1373 1
1373 1529 1
23 1529 1
438 698 1
593 1113 1
22 1165 1
22 645 1
645 1165 1
179 697 1
23 75 1
75 1529 1
75 1373 1
646 957 1
853 1477 1
697 1321 1
179 1321 1
230 957 1
230 646 1
22 74 1
74 1165 1
74 645 1
801 1269 1
282 749 1
23 438 1
438 1529 1
75 438 1
438 1373 1
23 698 1
699 1063 1
25 543 1
596 908 1
803 1376 1
960 960 1
647 1064 1
387 1012 1
803 1480 1
1376 1480 1
439 752 1
543 960 1
25 960 1
647 1375 1
1064 1375 1
907 1168 1
492 1167 1
439 1324 1
752 1324 1
25 491 1
491 960 1
491 543 1
596 699 1
699 908 1
596 1063 1
699 1064 1
908 1064 1
596 1064 1
1063 1064 1
647 699 1
699 1375 1
910 1117 1
130 338 1
441 1326 1
1170 1325 1
545 1481 1
26 130 1
26 338 1
234 1377 1
286 441 1
286 1326 1
233 962 1
442 493 1
598 909 1
79 131 1
285 701 1
442 1065 1
493 1065 1
494 1533 1
78 1066 1
233 1274 1
962 1274 1
389 1118 1
494 702 1
702 1533 1
233 1117 1
962 1117 1
1117 1274 1
233 910 1
859 1276 1
599 1484 1
235 496 1
340 755 1
911 1016 1
28 1015 1
183 703 1
911 911 1
860 912 1
756 808 1
288 703 1
183 288 1
1172 1224 1
703 1120 1
288 1120 1
183 1120 1
755 1172 1
340 1172 1
755 1224 1
340 703 1
703 755 1
703 1172 1
288 340 1
340 1120 1
183 340 1
548 599 1
548 1484 1
186 498 1
82 1173 1
549 601 1
757 758 1
290 757 1
290 758 1
1278 1382 1
653 1537 1
342 1278 1
342 1382 1
1121 1226 1
289 394 1
966 1485 1
1277 1277 1
135 1537 1
135 653 1
1017 1537 1
653 1017 1
135 1017 1
862 1018 1
82 1537 1
1173 1537 1
82 1017 1
82 653 1
82 135 1
601 1121 1
549 1121 1
601 1226 1
32 1175 1
655 915 1
85 1383 1
136 188 1
188 1020 1
136 1020 1
499 1383 1
85 499 1
188 603 1
136 603 1
603 1020 1
500 708 1
343 708 1
343 500 1
551 1331 1
1124 1332 1
239 1019 1
188 1227 1
136 1227 1
603 1227 1
1020 1227 1
239 1123 1
1019 1123 1
344 708 1
344 500 1
343 344 1
292 1435 1
86 918 1
1178 1437 1
294 1281 1
450 501 1
87 1230 1
501 1282 1
450 1282 1
398 969 1
241 1334 1
1073 1177 1
189 449 1
710 1073 1
710 1177 1
87 1126 1
1126 1230 1
1073 1489 1
1177 1489 1
710 1489 1
34 1022 1
86 1074 1
918 1074 1
605 1177 1
605 1073 1
605 710 1
605 1489 1
139 918 1
139 1074 1
86 139 1
347 1336 1
36 972 1
972 1179 1
36 1179 1
1335 1543 1
1127 1127 1
1076 1439 1
503 607 1
140 659 1
556 971 1
868 1024 1
555 1283 1
712 1543 1
712 1335 1
556 764 1
764 971 1
37 1180 1
88 399 1
36 1387 1
1179 1387 1
972 1387 1
89 140 1
89 659 1
296 1544 1
452 1283 1
452 555 1
88 764 1
399 764 1
88 971 1
88 556 1
1286 1441 1
558 1285 1
453 1338 1
38 297 1
714 1338 1
453 714 1
505 610 1
38 765 1
297 765 1
38 1546 1
297 1546 1
765 1546 1
714 1546 1
1338 1546 1
453 1546 1
38 714 1
297 714 1
714 765 1
143 1338 1
143 714 1
143 1546 1
143 453 1
193 1026 1
662 974 1
39 298 1
349 714 1
349 453 1
38 349 1
297 349 1
349 1546 1
143 349 1
349 1338 1
349 765 1
299 871 1
144 819 1
196 559 1
352 872 1
41 1496 1
1080 1443 1
145 1340 1
507 663 1
1027 1288 1
299 1444 1
871 1444 1
352 456 1
456 872 1
1131 1235 1
871 1392 1
299 1392 1
1392 1444 1
352 923 1
872 923 1
456 923 1
923 1288 1
352 1288 1
872 1288 1
456 1288 1
923 1027 1
611 1132 1
41 872 1
872 1496 1
41 352 1
41 456 1
41 1288 1
41 923 1
250 509 1
873 1549 1
249 1549 1
249 873 1
250 1550 1
509 1550 1
1029 1185 1
613 873 1
249 613 1
613 1549 1
250 1290 1
509 1290 1
1290 1550 1
822 1237 1
510 1029 1
510 1185 1
249 509 1
509 873 1
509 1549 1
509 613 1
249 1290 1
249 1550 1
249 250 1
302 1185 1
302 1029 1
302 510 1
1030 1549 1
873 1030 1
509 1030 1
613 1030 1
249 1030 1
407 511 1
1187 1291 1
44 771 1
251 563 1
876 1499 1
667 979 1
823 876 1
823 1499 1
149 876 1
149 1499 1
149 823 1
460 563 1
251 460 1
720 1552 1
199 1239 1
928 1083 1
44 876 1
771 876 1
44 1499 1
44 149 1
44 823 1
615 1551 1
96 927 1
252 512 1
719 980 1
303 1396 1
1083 1448 1
928 1448 1
1034 1501 1
877 1554 1
99 1034 1
99 1501 1
202 1450 1
825 878 1
202 357 1
357 1450 1
774 930 1
357 1502 1
202 1502 1
1450 1502 1
982 1086 1
150 565 1
1190 1397 1
670 1450 1
202 670 1
357 670 1
670 1502 1
409 462 1
669 722 1
409 1033 1
462 1033 1
357 1345 1
202 1345 1
1345 1450 1
1345 1502 1
670 1345 1
1035 1036 1
256 828 1
1035 1192 1
1036 1192 1
568 1243 1
412 724 1
152 1347 1
723 880 1
1399 1451 1
932 1503 1
775 1191 1
152 828 1
828 1347 1
152 256 1
100 672 1
463 1555 1
359 1192 1
359 1035 1
359 1036 1
568 1036 1
1036 1243 1
568 1192 1
568 1035 1
359 568 1
672 1399 1
100 1399 1
672 1451 1
154 1194 1
517 1298 1
466 1349 1
621 777 1
206 674 1
154 881 1
881 1194 1
102 570 1
50 258 1
414 933 1
518 985 1
517 934 1
934 1298 1
726 1090 1
50 206 1
206 258 1
50 674 1
206 1454 1
674 1454 1
258 1454 1
50 1454 1
102 1193 1
570 1193 1
986 1558 1
621 1245 1
777 1245 1
102 518 1
518 1193 1
518 570 1
102 985 1
315 1492 1
1492 1492 1
315 315 1
503 1199 1
1199 1199 1
607 1199 1
56 503 1
503 503 1
146 349 1
349 349 1
146 765 1
146 453 1
38 146 1
146 297 1
146 714 1
143 146 1
146 146 1
146 1338 1
146 1546 1
1420 1426 1
1426 1426 1
1212 1426 1
1420 1420 1
296 313 1
313 1544 1
313 313 1
296 296 1
96 1309 1
1309 1309 1
927 1309 1
96 96 1
96 322 1
96 997 1
96 1258 1
96 1517 1
219 700 1
700 700 1
700 1259 1
636 700 1
219 219 1
831 1552 1
312 1552 1
1552 1552 1
720 831 1
831 831 1
127 1086 1
1086 1086 1
127 982 1
127 127 1
530 1112 1
1112 1112 1
177 530 1
530 530 1
1006 1427 1
1427 1427 1
1006 1006 1
602 694 1
694 694 1
602 602 1
169 675 1
675 675 1
169 169 1
742 988 1
988 988 1
988 1157 1
742 742 1
1017 1483 1
1483 1537 1
82 1483 1
1483 1483 1
653 1483 1
135 1483 1
1017 1017 1
352 364 1
364 872 1
41 364 1
364 364 1
364 456 1
364 923 1
364 1288 1
352 352 1
1290 1297 1
249 1297 1
250 1297 1
509 1297 1
1297 1550 1
1297 1297 1
1290 1290 1
1066 1151 1
78 1151 1
1151 1151 1
1066 1066 1
1066 1203 1
1066 1255 1
272 1405 1
1405 1405 1
272 272 1
272 1301 1
272 886 1
729 1462 1
1462 1462 1
729 729 1
583 708 1
708 708 1
344 583 1
583 583 1
500 583 1
343 583 1
927 1503 1
96 1503 1
1309 1503 1
1503 1503 1
927 932 1
927 927 1
1377 1386 1
234 1386 1
1386 1386 1
1377 1377 1
91 523 -1
213 366 -1
88 98 -1
98 556 -1
98 971 -1
98 764 -1
98 399 -1
1207 1234 -1
948 1234 -1
566 763 -1
1415 1434 -1
688 1434 -1
220 1434 -1
324 1434 -1
88 166 -1
166 556 -1
166 971 -1
166 764 -1
166 399 -1
468 910 -1
910 1456 -1
233 468 -1
468 1117 -1
665 792 -1
65 665 -1
665 791 -1
1301 1329 -1
1329 1405 -1
886 1329 -1
225 1052 -1
225 584 -1
225 739 -1
1112 1196 -1
177 1196 -1
705 713 -1
1101 1135 -1
244 581 -1
244 1205 -1
244 685 -1
1458 1486 -1
311 331 -1
583 1329 -1
478 504 -1
391 957 -1
230 391 -1
391 646 -1
810 1149 -1
492 909 -1
909 1167 -1
492 598 -1
476 498 -1
498 1048 -1
498 1256 -1
498 840 -1
186 476 -1
360 823 -1
44 360 -1
360 1499 -1
360 876 -1
149 360 -1
873 1017 -1
249 1017 -1
509 1017 -1
1017 1549 -1
1017 1030 -1
613 1017 -1
873 1537 -1
82 873 -1
653 873 -1
135 873 -1
35 431 -1
238 246 -1
207 1372 -1
72 207 -1
1049 1054 -1
1014 1375 -1
1014 1064 -1
699 1014 -1
647 1014 -1
195 655 -1
195 915 -1
81 334 -1
996 1149 -1
1409 1423 -1
695 1409 -1
250 1198 -1
249 1198 -1
1198 1290 -1
509 1198 -1
1198 1550 -1
994 1038 -1
509 740 -1
613 740 -1
740 1030 -1
740 873 -1
740 1290 -1
740 1549 -1
740 1550 -1
249 740 -1
250 740 -1
1334 1471 -1
241 1471 -1
224 1334 -1
900 1334 -1
744 1334 -1
1108 1334 -1
1316 1334 -1
1055 1334 -1
1186 1329 -1
314 353 -1
353 937 -1
25 1221 -1
960 1221 -1
491 1221 -1
543 1221 -1
841 867 -1
633 867 -1
867 1362 -1
789 867 -1
132 1426 -1
956 1352 -1
21 1352 -1
624 956 -1
416 956 -1
467 956 -1
105 956 -1
519 956 -1
235 1010 -1
496 1010 -1
593 599 -1
599 1113 -1
548 593 -1
593 1484 -1
629 677 -1
815 841 -1
633 815 -1
815 1362 -1
789 815 -1
406 629 -1
86 1056 -1
1056 1074 -1
139 1056 -1
918 1056 -1
1078 1352 -1
624 1078 -1
416 1078 -1
467 1078 -1
105 1078 -1
519 1078 -1
1449 1465 -1
218 1449 -1
894 1449 -1
892 1302 -1
1208 1539 -1
245 739 -1
245 584 -1
245 1052 -1
1509 1549 -1
873 1509 -1
509 1509 -1
613 1509 -1
1030 1509 -1
249 1509 -1
317 736 -1
942 1537 -1
942 1173 -1
942 1017 -1
82 942 -1
653 942 -1
135 942 -1
1434 1446 -1
1458 1462 -1
1166 1448 -1
928 1166 -1
1083 1166 -1
110 297 -1
110 714 -1
110 1546 -1
110 765 -1
38 110 -1
110 349 -1
249 258 -1
258 613 -1
258 1030 -1
258 873 -1
258 1290 -1
258 1549 -1
258 1550 -1
250 258 -1
258 509 -1
50 249 -1
249 1454 -1
206 249 -1
1149 1411 -1
33 644 -1
33 955 -1
573 578 -1
578 1249 -1
578 730 -1
3 578 -1
425 669 -1
425 722 -1
749 928 -1
282 928 -1
749 1448 -1
749 1083 -1
1455 1481 -1
545 1455 -1
1507 1521 -1
989 1186 -1
832 1423 -1
695 832 -1
1460 1505 -1
576 1505 -1
885 1515 -1
209 1515 -1
2 1515 -1
31 636 -1
31 219 -1
31 1259 -1
497 740 -1
634 763 -1
763 1413 -1
270 763 -1
844 869 -1
375 869 -1
1406 1508 -1
63 192 -1
888 1454 -1
674 888 -1
50 888 -1
258 888 -1
206 888 -1
438 599 -1
599 1529 -1
599 698 -1
75 599 -1
599 1373 -1
23 599 -1
438 548 -1
438 1484 -1
165 469 -1
267 469 -1
234 572 -1
572 1377 -1
234 1144 -1
874 1330 -1
51 302 -1
51 1185 -1
51 1029 -1
51 510 -1
394 401 -1
289 401 -1
208 1064 -1
208 1063 -1
208 647 -1
208 908 -1
208 596 -1
208 699 -1
208 1375 -1
115 1336 -1
115 347 -1
270 555 -1
555 634 -1
555 1413 -1
270 1283 -1
270 452 -1
228 312 -1
312 332 -1
312 1059 -1
312 852 -1
312 799 -1
228 831 -1
130 491 -1
338 491 -1
26 491 -1
130 960 -1
25 130 -1
130 543 -1
1404 1469 -1
468 486 -1
486 1456 -1
122 468 -1
468 1005 -1
890 1519 -1
756 1166 -1
808 1166 -1
57 102 -1
57 1193 -1
57 570 -1
57 518 -1
57 985 -1
577 1122 -1
59 61 -1
595 1222 -1
1069 1082 -1
842 1076 -1
842 1439 -1
966 1134 -1
1134 1485 -1
229 652 -1
89 269 -1
269 659 -1
140 269 -1
34 796 -1
796 1022 -1
838 870 -1
870 1305 -1
870 1514 -1
965 977 -1
1513 1550 -1
249 1513 -1
250 1513 -1
1290 1513 -1
509 1513 -1
1403 1418 -1
1209 1403 -1
273 1403 -1
529 1283 -1
946 1283 -1
477 1283 -1
529 555 -1
452 529 -1
237 1285 -1
237 558 -1
730 736 -1
736 1353 -1
573 736 -1
3 736 -1
736 1197 -1
736 1249 -1
236 334 -1
895 1538 -1
394 427 -1
289 427 -1
1482 1532 -1
71 176 -1
71 73 -1
71 539 -1
733 885 -1
209 733 -1
2 733 -1
1134 1546 -1
453 1134 -1
38 1134 -1
297 1134 -1
714 1134 -1
143 1134 -1
349 1134 -1
1134 1338 -1
765 1134 -1
572 592 -1
592 1144 -1
1362 1387 -1
841 1387 -1
789 1387 -1
633 1387 -1
972 1362 -1
1179 1362 -1
36 1362 -1
1094 1307 -1
941 1394 -1
58 1394 -1
83 532 -1
1382 1394 -1
342 1394 -1
1278 1394 -1
786 821 -1
821 889 -1
682 821 -1
734 821 -1
1486 1487 -1
373 764 -1
88 373 -1
373 971 -1
373 556 -1
373 399 -1
1018 1181 -1
862 1181 -1
1404 1430 -1
367 725 -1
1395 1427 -1
996 1342 -1
1122 1150 -1
630 1122 -1
609 1268 -1
209 216 -1
2 216 -1
216 885 -1
681 891 -1
306 634 -1
306 1413 -1
270 306 -1
1260 1265 -1
1161 1260 -1
693 1260 -1
1110 1260 -1
175 1260 -1
57 361 -1
428 765 -1
765 1104 -1
297 428 -1
428 1546 -1
428 714 -1
38 428 -1
349 428 -1
625 769 -1
1143 1429 -1
62 1336 -1
62 347 -1
1260 1297 -1
934 1511 -1
1298 1511 -1
517 1511 -1
628 934 -1
1010 1219 -1
188 300 -1
136 300 -1
300 603 -1
300 1020 -1
300 1227 -1
469 498 -1
186 469 -1
869 1461 -1
1099 1548 -1
271 766 -1
12 766 -1
346 1088 -1
1027 1331 -1
1288 1331 -1
923 1331 -1
551 1027 -1
193 740 -1
740 1026 -1
214 245 -1
245 785 -1
245 266 -1
245 1097 -1
216 626 -1
216 417 -1
216 678 -1
216 833 -1
1017 1498 -1
1498 1537 -1
82 1498 -1
653 1498 -1
135 1498 -1
1416 1422 -1
1 539 -1
363 539 -1
1 176 -1
1 73 -1
428 506 -1
506 1104 -1
1093 1097 -1
785 1093 -1
266 1093 -1
214 1093 -1
837 861 -1
683 705 -1
954 1155 -1
214 342 -1
342 785 -1
266 342 -1
342 1097 -1
214 1382 -1
214 1278 -1
1093 1151 -1
1093 1203 -1
1093 1255 -1
849 1008 -1
1156 1266 -1
1266 1363 -1
831 1424 -1
312 1424 -1
110 135 -1
110 1537 -1
82 110 -1
110 653 -1
110 1017 -1
78 388 -1
388 1066 -1
1096 1141 -1
1062 1073 -1
1062 1177 -1
605 1062 -1
710 1062 -1
1062 1489 -1
978 1389 -1
85 148 -1
148 499 -1
148 1383 -1
834 1149 -1
1149 1510 -1
574 1149 -1
1 21 -1
21 363 -1
1 956 -1
1369 1371 -1
193 428 -1
428 1026 -1
193 1104 -1
1352 1370 -1
624 1370 -1
416 1370 -1
467 1370 -1
105 1370 -1
519 1370 -1
1058 1059 -1
852 1058 -1
332 1058 -1
228 1058 -1
799 1058 -1
646 1011 -1
957 1011 -1
230 1011 -1
1077 1370 -1
244 322 -1
244 1258 -1
244 1309 -1
26 623 -1
130 623 -1
338 623 -1
868 946 -1
946 1024 -1
529 868 -1
477 868 -1
43 106 -1
236 824 -1
837 1411 -1
126 439 -1
126 752 -1
126 1324 -1
194 427 -1
1301 1308 -1
1308 1405 -1
886 1308 -1
1011 1321 -1
697 1011 -1
179 1011 -1
902 1527 -1
747 902 -1
1462 1486 -1
262 320 -1
554 1212 -1
554 1420 -1
226 227 -1
227 572 -1
227 1144 -1
1457 1463 -1
937 1151 -1
314 1151 -1
937 1203 -1
937 1255 -1
428 505 -1
505 1104 -1
428 610 -1
979 1184 -1
667 1184 -1
493 752 -1
752 1065 -1
442 752 -1
493 1324 -1
439 493 -1
473 1537 -1
473 1173 -1
473 1017 -1
82 473 -1
473 653 -1
135 473 -1
797 800 -1
797 904 -1
1455 1476 -1
81 875 -1
258 324 -1
50 324 -1
324 1454 -1
206 324 -1
258 688 -1
220 258 -1
258 1415 -1
29 489 -1
158 839 -1
113 158 -1
158 943 -1
158 788 -1
158 319 -1
1030 1461 -1
873 1461 -1
249 1461 -1
613 1461 -1
1461 1549 -1
509 1461 -1
454 636 -1
219 454 -1
454 1259 -1
1045 1058 -1
909 946 -1
598 946 -1
529 909 -1
477 909 -1
886 1538 -1
1301 1538 -1
1405 1538 -1
1174 1341 -1
599 1426 -1
548 1426 -1
1426 1484 -1
1182 1268 -1
626 629 -1
417 629 -1
629 678 -1
629 833 -1
1405 1446 -1
1301 1446 -1
886 1446 -1
522 580 -1
141 477 -1
141 529 -1
141 946 -1
160 985 -1
784 985 -1
985 1252 -1
102 160 -1
160 518 -1
135 146 -1
146 1537 -1
82 146 -1
146 653 -1
146 1017 -1
1018 1352 -1
862 1352 -1
624 1018 -1
416 1018 -1
467 1018 -1
105 1018 -1
519 1018 -1
1051 1060 -1
896 1060 -1
999 1060 -1
479 1060 -1
1 27 -1
27 363 -1
1143 1470 -1
83 90 -1
1459 1498 -1
1408 1498 -1
524 1498 -1
1200 1498 -1
1043 1498 -1
1304 1498 -1
575 1498 -1
158 197 -1
235 801 -1
496 801 -1
235 1269 -1
935 949 -1
52 949 -1
235 1084 -1
496 1084 -1
1045 1082 -1
798 1476 -1
1250 1286 -1
1250 1441 -1
116 142 -1
142 1312 -1
797 852 -1
228 797 -1
797 1059 -1
332 797 -1
797 799 -1
824 1010 -1
1091 1464 -1
995 1091 -1
155 264 -1
147 210 -1
1097 1234 -1
785 1234 -1
266 1234 -1
214 1234 -1
279 559 -1
384 559 -1
196 279 -1
1403 1446 -1
226 395 -1
122 1372 -1
1005 1372 -1
486 1372 -1
72 122 -1
179 355 -1
355 697 -1
355 1321 -1
954 1182 -1
226 332 -1
226 228 -1
226 1059 -1
226 852 -1
226 799 -1
139 1108 -1
1074 1108 -1
86 1108 -1
918 1108 -1
139 224 -1
139 744 -1
139 1471 -1
139 1316 -1
139 1055 -1
798 800 -1
798 904 -1
561 792 -1
65 561 -1
561 791 -1
1204 1238 -1
632 1238 -1
164 1238 -1
887 1453 -1
176 1344 -1
73 1344 -1
539 1344 -1
143 298 -1
298 453 -1
298 1546 -1
298 349 -1
146 298 -1
298 1338 -1
298 714 -1
39 143 -1
