311 1143 1
467 1508 1
1 727 1
157 624 1
571 572 1
572 987 1
571 987 1
157 260 1
260 624 1
157 1144 1
624 1144 1
260 1144 1
519 832 1
571 727 1
727 987 1
572 727 1
1 571 1
780 1092 1
884 936 1
363 884 1
363 936 1
105 832 1
105 519 1
520 1143 1
311 520 1
886 938 1
470 886 1
470 938 1
313 834 1
677 1094 1
3 625 1
1249 1458 1
417 469 1
1301 1458 1
1249 1301 1
106 1249 1
106 1458 1
106 1301 1
106 107 1
107 1249 1
107 1458 1
107 1301 1
261 1145 1
3 677 1
625 677 1
3 1094 1
678 989 1
366 1041 1
262 938 1
262 470 1
262 886 1
472 1096 1
160 940 1
316 835 1
627 940 1
160 627 1
368 1304 1
212 628 1
679 939 1
835 1147 1
316 1147 1
992 1460 1
315 367 1
992 1408 1
1408 1460 1
108 992 1
108 1408 1
108 1460 1
367 1408 1
315 1408 1
367 992 1
108 367 1
367 1460 1
732 1200 1
1148 1304 1
368 1148 1
369 1046 1
525 578 1
317 786 1
682 1357 1
733 786 1
317 733 1
265 889 1
370 681 1
6 421 1
265 838 1
838 889 1
213 1514 1
1046 1409 1
369 1409 1
785 942 1
1409 1409 1
58 682 1
58 1357 1
734 889 1
265 734 1
734 838 1
370 1514 1
681 1514 1
213 370 1
837 837 1
423 1515 1
580 1099 1
631 1256 1
319 839 1
113 892 1
423 1359 1
1359 1515 1
631 943 1
943 1256 1
788 1464 1
113 735 1
735 892 1
1203 1515 1
1203 1359 1
423 1203 1
165 996 1
1048 1099 1
580 1048 1
840 1516 1
372 736 1
528 1360 1
215 631 1
215 1256 1
215 943 1
1359 1411 1
1411 1515 1
1203 1411 1
423 1411 1
166 270 1
789 894 1
582 1465 1
322 1258 1
894 997 1
789 997 1
1206 1517 1
478 945 1
114 115 1
945 998 1
478 998 1
321 477 1
946 1049 1
685 738 1
426 1362 1
841 1154 1
634 841 1
634 1154 1
115 1205 1
114 1205 1
737 1153 1
946 1517 1
1049 1517 1
946 1206 1
634 1466 1
841 1466 1
1154 1466 1
272 427 1
323 1208 1
375 1467 1
375 1520 1
1467 1520 1
169 272 1
169 427 1
479 844 1
116 636 1
739 844 1
479 739 1
531 1207 1
479 636 1
636 739 1
636 844 1
116 479 1
791 948 1
947 1364 1
219 740 1
1207 1416 1
531 1416 1
635 687 1
324 843 1
272 532 1
169 532 1
427 532 1
897 1522 1
481 845 1
119 845 1
119 481 1
1365 1417 1
378 793 1
1054 1417 1
1054 1365 1
897 898 1
898 1522 1
14 171 1
533 1313 1
638 1262 1
326 742 1
1105 1210 1
171 690 1
14 690 1
586 1105 1
586 1210 1
897 1521 1
1521 1522 1
898 1521 1
638 1105 1
1105 1262 1
638 1210 1
586 638 1
120 1471 1
640 1524 1
120 483 1
483 1471 1
588 1367 1
848 1108 1
1004 1159 1
380 1472 1
224 535 1
380 431 1
431 1472 1
172 847 1
951 1524 1
640 951 1
121 172 1
121 847 1
224 1212 1
535 1212 1
1211 1472 1
380 1211 1
431 1211 1
1212 1212 1
328 1523 1
1264 1315 1
1211 1315 1
1315 1472 1
380 1315 1
431 1315 1
1211 1264 1
1005 1526 1
538 1162 1
538 694 1
694 1162 1
225 1110 1
19 798 1
1318 1421 1
850 1162 1
538 850 1
694 850 1
70 1057 1
642 1265 1
175 1265 1
175 642 1
642 1369 1
1265 1369 1
175 1369 1
641 1005 1
641 1526 1
693 1474 1
953 1058 1
953 953 1
329 538 1
329 1162 1
329 850 1
329 694 1
852 1267 1
488 1215 1
1216 1372 1
176 435 1
1007 1163 1
799 1371 1
747 1371 1
747 799 1
799 1111 1
1111 1371 1
747 1111 1
72 1424 1
748 1319 1
748 748 1
955 1527 1
643 903 1
539 747 1
539 1111 1
539 1371 1
539 799 1
72 1112 1
1112 1424 1
1060 1216 1
1060 1372 1
540 1476 1
334 1425 1
489 646 1
1217 1322 1
749 1113 1
646 1322 1
489 1322 1
646 1217 1
22 1218 1
905 1322 1
905 1217 1
646 905 1
489 905 1
74 593 1
594 1114 1
23 127 1
438 698 1
230 749 1
230 1113 1
698 1477 1
438 1477 1
906 1322 1
905 906 1
906 1217 1
646 906 1
489 906 1
751 1063 1
751 907 1
907 1063 1
129 803 1
700 752 1
77 1324 1
543 1064 1
335 700 1
335 752 1
76 648 1
387 440 1
76 491 1
491 648 1
439 1116 1
960 1167 1
336 1532 1
907 1376 1
1063 1376 1
751 1376 1
284 648 1
284 491 1
76 284 1
25 335 1
25 752 1
25 700 1
390 701 1
338 1274 1
546 1481 1
1222 1222 1
338 1065 1
1065 1274 1
286 701 1
286 390 1
1118 1325 1
493 1326 1
649 1377 1
701 1533 1
286 1533 1
390 1533 1
338 1169 1
1065 1169 1
1169 1274 1
79 390 1
79 701 1
79 286 1
79 1533 1
441 961 1
1326 1534 1
493 1534 1
545 1534 1
493 545 1
545 1326 1
808 1119 1
340 1328 1
236 1536 1
807 1224 1
496 1432 1
81 599 1
392 1068 1
29 547 1
236 859 1
859 1536 1
28 704 1
548 1223 1
235 287 1
1120 1484 1
132 496 1
132 1432 1
496 1328 1
1328 1432 1
132 1328 1
340 496 1
963 1431 1
860 1119 1
808 860 1
496 1483 1
1432 1483 1
1328 1483 1
132 1483 1
340 1483 1
809 1277 1
445 550 1
30 341 1
809 1018 1
1018 1277 1
654 1278 1
341 1381 1
30 1381 1
913 1433 1
30 810 1
341 810 1
810 1381 1
394 1278 1
394 654 1
238 758 1
134 1433 1
134 913 1
290 549 1
653 1070 1
186 706 1
394 913 1
654 913 1
913 1278 1
394 1433 1
134 394 1
344 1019 1
603 1280 1
1072 1436 1
811 967 1
1020 1020 1
239 448 1
396 1383 1
344 968 1
968 1019 1
291 1123 1
84 499 1
291 707 1
707 1123 1
136 967 1
136 811 1
33 396 1
33 1383 1
187 240 1
863 1227 1
447 1280 1
447 603 1
552 1020 1
188 1435 1
84 708 1
499 708 1
709 1022 1
1230 1489 1
866 1385 1
241 1490 1
605 865 1
814 1438 1
917 1073 1
189 917 1
189 1073 1
450 502 1
346 918 1
450 1177 1
502 1177 1
710 1386 1
397 917 1
397 1073 1
189 397 1
1021 1074 1
450 761 1
761 1177 1
502 761 1
34 814 1
34 1438 1
449 1333 1
866 917 1
917 1385 1
866 1073 1
189 866 1
397 866 1
556 556 1
89 1284 1
243 296 1
815 1283 1
1283 1439 1
815 1439 1
556 867 1
1336 1388 1
140 764 1
36 141 1
816 1023 1
1024 1492 1
191 1231 1
1128 1492 1
1024 1128 1
348 400 1
711 816 1
711 1023 1
36 295 1
141 295 1
347 764 1
140 347 1
141 1180 1
36 1180 1
295 1180 1
91 1493 1
869 1130 1
1182 1234 1
91 1390 1
1390 1493 1
662 1234 1
662 1182 1
402 922 1
869 1338 1
1130 1338 1
91 194 1
194 1493 1
194 1390 1
297 817 1
1234 1442 1
662 1442 1
1182 1442 1
1130 1390 1
1338 1390 1
869 1390 1
194 1130 1
1130 1493 1
91 1130 1
350 1182 1
350 1234 1
350 1442 1
350 662 1
456 612 1
93 1184 1
352 767 1
299 1391 1
612 1339 1
456 1339 1
299 612 1
612 1391 1
299 456 1
299 1339 1
976 1287 1
40 1443 1
663 1288 1
507 1444 1
456 560 1
299 560 1
560 1339 1
560 612 1
404 1131 1
145 1183 1
923 1131 1
404 923 1
716 924 1
145 924 1
924 1183 1
145 716 1
666 666 1
197 1342 1
197 1081 1
1081 1342 1
1186 1394 1
197 405 1
405 1081 1
405 1342 1
302 1082 1
94 1029 1
1186 1497 1
1394 1497 1
977 1446 1
1029 1081 1
94 1081 1
197 1029 1
1029 1342 1
405 1029 1
146 1290 1
406 1029 1
197 406 1
94 406 1
406 1081 1
406 1342 1
405 406 1
1084 1344 1
1083 1187 1
408 667 1
772 876 1
200 771 1
720 771 1
200 720 1
667 1291 1
408 1291 1
616 667 1
408 616 1
616 1291 1
199 875 1
667 1239 1
408 1239 1
616 1239 1
1239 1291 1
148 616 1
148 408 1
148 1291 1
148 667 1
148 1239 1
355 979 1
720 1187 1
200 1187 1
771 1187 1
720 1083 1
982 1085 1
358 461 1
618 774 1
150 669 1
358 1346 1
461 1346 1
150 825 1
669 825 1
98 306 1
47 722 1
1346 1398 1
461 1398 1
358 1398 1
670 773 1
357 565 1
357 1241 1
565 1241 1
722 1450 1
47 1450 1
1450 1554 1
722 1554 1
47 1554 1
1190 1345 1
566 1241 1
357 566 1
565 566 1
828 1087 1
203 880 1
1555 1555 1
203 775 1
775 880 1
204 828 1
204 1087 1
411 724 1
879 1451 1
1243 1556 1
1036 1348 1
412 1192 1
153 203 1
153 880 1
153 775 1
307 880 1
153 307 1
203 307 1
307 775 1
307 1555 1
880 1555 1
153 1555 1
203 1555 1
775 1555 1
204 1504 1
828 1504 1
1087 1504 1
1297 1557 1
726 1142 1
673 726 1
673 1142 1
154 621 1
310 466 1
103 882 1
1142 1245 1
673 1245 1
726 1245 1
258 777 1
1089 1090 1
829 1089 1
829 1090 1
310 986 1
466 986 1
102 205 1
205 206 1
102 206 1
882 1402 1
103 1402 1
1246 1453 1
622 1401 1
205 414 1
206 414 1
102 414 1
31 356 1
356 356 1
31 31 1
793 1229 1
378 1229 1
1229 1229 1
793 793 1
272 1462 1
169 1462 1
427 1462 1
532 1462 1
1462 1462 1
272 272 1
110 1226 1
1226 1226 1
110 110 1
162 1037 1
1037 1037 1
162 162 1
87 1487 1
1487 1487 1
87 87 1
690 752 1
752 752 1
171 752 1
14 752 1
335 690 1
690 690 1
25 690 1
690 700 1
736 799 1
372 799 1
799 799 1
736 736 1
736 1371 1
736 747 1
736 1111 1
539 736 1
199 1216 1
1216 1216 1
875 1216 1
199 1060 1
199 1372 1
199 199 1
933 1534 1
1534 1534 1
545 933 1
493 933 1
933 1326 1
933 933 1
601 1227 1
1227 1227 1
601 601 1
601 863 1
1063 1165 1
1165 1376 1
907 1165 1
1165 1165 1
751 1165 1
1063 1063 1
854 1328 1
1328 1328 1
132 854 1
854 1483 1
496 854 1
340 854 1
854 854 1
854 1432 1
497 925 1
925 925 1
497 497 1
970 1183 1
1183 1183 1
145 970 1
970 970 1
924 970 1
1049 1327 1
946 1327 1
1327 1517 1
1327 1327 1
1049 1049 1
400 661 1
348 661 1
661 661 1
400 400 1
238 1006 1
1006 1006 1
758 1006 1
238 238 1
872 922 1
922 922 1
872 872 1
402 872 1
933 1033 1
545 1033 1
1033 1033 1
493 1033 1
1033 1326 1
1033 1534 1
261 1154 1
1145 1154 1
1154 1154 1
261 261 1
261 841 1
261 634 1
261 1466 1
471 1025 1
1025 1025 1
471 471 1
286 307 1
307 307 1
79 307 1
307 701 1
307 390 1
307 1533 1
286 775 1
203 286 1
286 880 1
286 1555 1
153 286 1
286 286 1
285 1209 1
1209 1209 1
285 285 1
1000 1522 1
1522 1522 1
1000 1000 1
897 1000 1
898 1000 1
1000 1521 1
757 1083 1
1083 1083 1
720 757 1
757 1187 1
757 757 1
1153 1344 1
1344 1344 1
737 1344 1
1153 1153 1
1084 1153 1
168 436 1
436 436 1
168 168 1
1141 1500 1
1500 1500 1
1141 1141 1
219 361 1
361 361 1
361 740 1
219 219 1
272 1166 1
169 1166 1
427 1166 1
1166 1166 1
532 1166 1
1166 1462 1
1057 1465 1
1465 1465 1
70 1465 1
1057 1057 1
582 1057 1
35 685 1
685 685 1
35 738 1
35 35 1
1203 1232 1
1232 1232 1
1232 1515 1
1232 1411 1
423 1232 1
1232 1359 1
1203 1203 1
147 768 1
768 768 1
147 147 1
756 915 1
915 915 1
756 756 1
767 971 1
352 971 1
971 971 1
767 767 1
794 1423 1
1423 1423 1
794 794 1
1048 1384 1
1384 1384 1
1099 1384 1
580 1384 1
1048 1048 1
295 1371 1
1180 1371 1
1371 1371 1
36 1371 1
141 1371 1
295 736 1
295 295 1
295 747 1
295 1111 1
295 539 1
295 799 1
381 1419 1
1419 1419 1
381 381 1
274 729 1
729 729 1
274 274 1
250 1162 1
1162 1162 1
250 329 1
250 850 1
250 694 1
250 538 1
250 250 1
224 779 1
779 779 1
779 1212 1
535 779 1
224 224 1
1166 1300 1
169 1300 1
427 1300 1
272 1300 1
532 1300 1
1300 1462 1
1300 1300 1
1186 1529 1
1497 1529 1
1394 1529 1
1529 1529 1
1186 1186 1
226 412 1
412 412 1
226 1192 1
226 226 1
536 778 1
778 778 1
536 536 1
743 1101 1
1101 1101 1
743 743 1
659 793 1
378 659 1
659 659 1
659 1229 1
1382 1506 1
1506 1506 1
1382 1382 1
34 558 -1
558 1438 -1
558 814 -1
951 1209 -1
640 1209 -1
1209 1524 -1
19 1460 -1
798 1460 -1
19 992 -1
19 1408 -1
19 108 -1
19 367 -1
430 1496 -1
984 1465 -1
582 984 -1
155 972 -1
611 1292 -1
376 1127 -1
409 1290 -1
146 409 -1
531 1339 -1
1339 1416 -1
1207 1339 -1
456 531 -1
531 560 -1
299 531 -1
531 612 -1
124 989 -1
124 678 -1
691 866 -1
397 691 -1
691 1385 -1
691 917 -1
189 691 -1
691 1073 -1
450 1012 -1
1012 1177 -1
502 1012 -1
761 1012 -1
541 963 -1
541 1431 -1
179 495 -1
1408 1471 -1
992 1471 -1
108 1471 -1
315 1471 -1
1460 1471 -1
367 1471 -1
120 1408 -1
483 1408 -1
109 1513 -1
285 368 -1
285 1304 -1
285 1148 -1
1082 1432 -1
302 1432 -1
496 1082 -1
1082 1328 -1
1082 1483 -1
132 1082 -1
1216 1558 -1
1060 1558 -1
1372 1558 -1
704 1017 -1
28 1017 -1
180 407 -1
609 1524 -1
609 640 -1
609 951 -1
772 1346 -1
876 1346 -1
772 1398 -1
461 772 -1
358 772 -1
803 1556 -1
129 1556 -1
803 1243 -1
524 978 -1
157 268 -1
268 624 -1
268 1144 -1
260 268 -1
460 498 -1
389 1049 -1
389 946 -1
389 1517 -1
744 1411 -1
423 744 -1
744 1515 -1
744 1203 -1
744 1359 -1
334 1315 -1
1315 1425 -1
334 1264 -1
334 1472 -1
334 1211 -1
334 380 -1
334 431 -1
512 643 -1
512 903 -1
1139 1356 -1
1101 1326 -1
545 1101 -1
493 1101 -1
1101 1534 -1
710 1101 -1
1101 1386 -1
333 891 -1
876 1023 -1
772 1023 -1
816 876 -1
711 876 -1
244 1095 -1
183 745 -1
303 1491 -1
614 1531 -1
733 1527 -1
786 1527 -1
317 1527 -1
733 955 -1
205 539 -1
206 539 -1
102 539 -1
414 539 -1
205 799 -1
205 1371 -1
205 747 -1
205 1111 -1
216 1544 -1
303 889 -1
265 303 -1
303 734 -1
303 838 -1
754 1265 -1
754 1369 -1
642 754 -1
175 754 -1
578 1433 -1
525 1433 -1
578 913 -1
394 578 -1
134 578 -1
498 1092 -1
498 780 -1
613 1180 -1
36 613 -1
141 613 -1
295 613 -1
366 1077 -1
1041 1077 -1
33 1224 -1
396 1224 -1
1224 1383 -1
33 807 -1
766 958 -1
1346 1359 -1
1359 1398 -1
461 1359 -1
358 1359 -1
1346 1515 -1
1346 1411 -1
1203 1346 -1
423 1346 -1
79 360 -1
286 360 -1
360 701 -1
360 390 -1
360 1533 -1
639 1430 -1
466 507 -1
507 986 -1
310 507 -1
466 1444 -1
1158 1243 -1
1158 1556 -1
471 1498 -1
413 588 -1
413 1367 -1
248 1376 -1
248 907 -1
248 751 -1
248 1063 -1
194 331 -1
331 1130 -1
91 331 -1
331 1493 -1
331 1390 -1
887 965 -1
632 966 -1
375 1236 -1
1236 1520 -1
1236 1467 -1
336 815 -1
815 1532 -1
336 1283 -1
336 1439 -1
377 1238 -1
248 962 -1
839 1304 -1
319 1304 -1
368 839 -1
839 1148 -1
1002 1424 -1
72 1002 -1
1002 1112 -1
462 909 -1
51 1354 -1
274 1474 -1
274 693 -1
678 1320 -1
989 1320 -1
154 704 -1
621 704 -1
28 154 -1
782 1218 -1
22 782 -1
508 773 -1
508 670 -1
501 1220 -1
614 1415 -1
1349 1379 -1
125 1107 -1
783 1333 -1
449 783 -1
321 1161 -1
477 1161 -1
172 939 -1
121 939 -1
847 939 -1
172 679 -1
64 1245 -1
64 673 -1
64 726 -1
64 1142 -1
555 1170 -1
794 935 -1
1356 1441 -1
550 1285 -1
445 1285 -1
203 1382 -1
880 1382 -1
153 1382 -1
1382 1555 -1
307 1382 -1
775 1382 -1
1190 1248 -1
1248 1345 -1
204 1060 -1
1060 1504 -1
828 1060 -1
1060 1087 -1
204 1216 -1
204 1372 -1
97 717 -1
139 1007 -1
139 1163 -1
644 836 -1
642 1063 -1
1063 1265 -1
1063 1369 -1
175 1063 -1
642 1376 -1
642 907 -1
642 751 -1
1155 1515 -1
1155 1359 -1
1155 1411 -1
1155 1203 -1
423 1155 -1
72 251 -1
251 1424 -1
251 1112 -1
261 500 -1
500 1145 -1
879 1054 -1
1054 1451 -1
879 1417 -1
879 1365 -1
147 1189 -1
705 1507 -1
140 515 -1
347 515 -1
515 764 -1
888 1186 -1
888 1497 -1
888 1394 -1
612 1203 -1
456 1203 -1
299 1203 -1
1203 1339 -1
560 1203 -1
1203 1391 -1
612 1515 -1
612 1411 -1
423 612 -1
612 1359 -1
15 1555 -1
15 775 -1
15 203 -1
15 880 -1
15 307 -1
15 153 -1
335 753 -1
752 753 -1
25 753 -1
700 753 -1
342 971 -1
0 1114 -1
0 594 -1
928 1434 -1
92 844 -1
92 739 -1
92 636 -1
92 479 -1
54 1225 -1
152 1343 -1
631 828 -1
828 1256 -1
215 828 -1
828 943 -1
631 1504 -1
204 631 -1
631 1087 -1
442 1318 -1
442 1421 -1
146 444 -1
444 1290 -1
717 1534 -1
545 717 -1
493 717 -1
717 1326 -1
477 991 -1
321 991 -1
4 1481 -1
4 546 -1
400 922 -1
348 922 -1
400 402 -1
818 1200 -1
732 818 -1
2 1060 -1
2 1216 -1
2 1372 -1
280 916 -1
538 805 -1
329 805 -1
805 1162 -1
805 850 -1
694 805 -1
534 1127 -1
993 1129 -1
201 534 -1
822 1331 -1
44 1146 -1
467 733 -1
733 1508 -1
467 786 -1
317 467 -1
365 1389 -1
284 893 -1
648 893 -1
491 893 -1
76 893 -1
687 1410 -1
635 1410 -1
822 1309 -1
771 1555 -1
200 1555 -1
720 1555 -1
1187 1555 -1
771 775 -1
203 771 -1
771 880 -1
307 771 -1
153 771 -1
85 950 -1
520 1145 -1
311 1145 -1
1143 1145 -1
261 520 -1
1113 1132 -1
749 1132 -1
230 1132 -1
20 1214 -1
918 1090 -1
346 1090 -1
918 1089 -1
829 918 -1
714 853 -1
1334 1447 -1
263 1201 -1
857 1521 -1
857 897 -1
857 1522 -1
857 898 -1
966 1002 -1
383 511 -1
199 1226 -1
875 1226 -1
901 1106 -1
134 851 -1
851 1433 -1
394 851 -1
851 913 -1
813 1497 -1
813 1186 -1
813 1394 -1
1055 1137 -1
746 1294 -1
21 692 -1
329 1079 -1
538 1079 -1
850 1079 -1
1079 1162 -1
694 1079 -1
483 816 -1
120 816 -1
816 1471 -1
483 711 -1
483 1023 -1
354 1048 -1
354 1099 -1
354 580 -1
978 1141 -1
326 1475 -1
742 1475 -1
158 396 -1
33 158 -1
158 1383 -1
454 1290 -1
146 454 -1
435 557 -1
176 557 -1
140 1538 -1
347 1538 -1
764 1538 -1
456 1254 -1
560 1254 -1
299 1254 -1
1254 1339 -1
612 1254 -1
224 518 -1
518 1212 -1
518 535 -1
221 765 -1
319 1085 -1
839 1085 -1
319 982 -1
921 966 -1
547 1514 -1
29 1514 -1
547 681 -1
370 547 -1
213 547 -1
790 1297 -1
790 1557 -1
356 834 -1
313 356 -1
498 1099 -1
498 1048 -1
498 580 -1
542 1388 -1
542 1336 -1
293 1398 -1
293 1346 -1
293 461 -1
293 358 -1
179 1051 -1
8 842 -1
975 1047 -1
500 609 -1
144 1412 -1
233 326 -1
233 742 -1
33 255 -1
255 396 -1
255 1383 -1
41 600 -1
82 1014 -1
602 1194 -1
773 820 -1
670 820 -1
8 916 -1
90 1056 -1
1199 1529 -1
91 1082 -1
194 1082 -1
1082 1130 -1
1082 1493 -1
1082 1390 -1
91 302 -1
758 1353 -1
238 1353 -1
437 1099 -1
437 1048 -1
437 580 -1
1417 1481 -1
1365 1481 -1
1054 1481 -1
546 1417 -1
183 323 -1
183 1208 -1
712 832 -1
105 712 -1
519 712 -1
253 821 -1
492 871 -1
455 1120 -1
455 1484 -1
276 414 -1
102 276 -1
205 276 -1
206 276 -1
357 1262 -1
1241 1262 -1
565 1262 -1
566 1262 -1
357 1105 -1
357 638 -1
574 1088 -1
408 497 -1
497 1291 -1
497 616 -1
497 667 -1
148 497 -1
497 1239 -1
806 1449 -1
492 936 -1
363 492 -1
492 884 -1
571 735 -1
1 735 -1
735 987 -1
572 735 -1
727 735 -1
113 571 -1
571 892 -1
113 1468 -1
892 1468 -1
735 1468 -1
542 985 -1
294 479 -1
294 636 -1
294 739 -1
294 844 -1
116 294 -1
373 501 -1
558 1306 -1
1062 1403 -1
74 291 -1
291 593 -1
74 1123 -1
74 707 -1
503 964 -1
74 1091 -1
593 1091 -1
241 247 -1
247 1490 -1
1181 1528 -1
2 516 -1
51 342 -1
195 1225 -1
160 204 -1
204 627 -1
204 940 -1
160 1504 -1
160 828 -1
160 1087 -1
919 1254 -1
777 1301 -1
258 1301 -1
777 1249 -1
777 1458 -1
107 777 -1
106 777 -1
232 704 -1
28 232 -1
843 922 -1
324 922 -1
402 843 -1
434 1452 -1
1096 1229 -1
472 1229 -1
1394 1495 -1
1495 1497 -1
1186 1495 -1
821 988 -1
158 977 -1
158 1446 -1
168 1153 -1
168 737 -1
849 1090 -1
849 1089 -1
829 849 -1
148 684 -1
616 684 -1
408 684 -1
684 1291 -1
667 684 -1
684 1239 -1
463 1063 -1
463 1376 -1
463 907 -1
463 751 -1
1119 1490 -1
808 1490 -1
860 1490 -1
241 1119 -1
936 1203 -1
363 1203 -1
884 1203 -1
936 1515 -1
936 1411 -1
423 936 -1
936 1359 -1
241 1092 -1
1092 1490 -1
241 780 -1
982 1514 -1
1085 1514 -1
681 982 -1
370 982 -1
213 982 -1
79 542 -1
286 542 -1
542 701 -1
390 542 -1
542 1533 -1
649 1248 -1
1248 1377 -1
288 1218 -1
22 288 -1
724 1370 -1
411 1370 -1
1169 1434 -1
1065 1434 -1
338 1434 -1
1274 1434 -1
133 844 -1
133 739 -1
133 636 -1
133 479 -1
419 795 -1
292 1535 -1
931 1043 -1
794 978 -1
682 872 -1
58 872 -1
872 1357 -1
1213 1304 -1
368 1213 -1
1148 1213 -1
884 1399 -1
936 1399 -1
363 1399 -1
892 1100 -1
113 1100 -1
735 1100 -1
425 1518 -1
