936 1351 1
0 572 1
623 675 1
364 832 1
676 1404 1
572 1404 1
0 1404 1
572 676 1
1403 1508 1
0 1455 1
1404 1455 1
572 1455 1
52 779 1
519 571 1
157 884 1
519 832 1
571 832 1
364 519 1
520 1404 1
0 520 1
520 572 1
520 676 1
520 1455 1
468 519 1
468 832 1
468 571 1
364 468 1
572 623 1
0 623 1
623 676 1
520 623 1
623 1455 1
623 1404 1
572 675 1
1 572 1
0 1 1
1 675 1
1 676 1
1 520 1
1 623 1
1 1455 1
1 1404 1
0 1195 1
1 1195 1
520 1195 1
572 1195 1
623 1195 1
1195 1455 1
1195 1404 1
676 936 1
1 936 1
520 936 1
936 1404 1
623 936 1
572 936 1
676 1351 1
104 519 1
104 832 1
104 468 1
104 571 1
104 364 1
833 938 1
885 1353 1
314 937 1
937 1042 1
314 1042 1
262 781 1
937 1249 1
314 1249 1
1042 1249 1
834 1406 1
989 1354 1
209 626 1
625 729 1
625 625 1
469 678 1
990 1510 1
55 678 1
55 469 1
573 1302 1
106 1406 1
106 834 1
54 365 1
54 1145 1
365 1145 1
1354 1457 1
989 1457 1
522 1457 1
522 1354 1
522 989 1
729 729 1
158 1354 1
158 1457 1
158 522 1
158 989 1
470 1354 1
470 1457 1
470 522 1
470 989 1
158 470 1
937 1250 1
1249 1250 1
314 1250 1
1042 1250 1
261 1457 1
261 1354 1
261 989 1
261 470 1
261 522 1
158 261 1
730 1302 1
573 730 1
1094 1301 1
990 1250 1
1250 1510 1
990 1249 1
937 990 1
990 1042 1
314 990 1
470 1250 1
261 1250 1
1250 1354 1
989 1250 1
1250 1457 1
522 1250 1
158 1250 1
470 1249 1
470 1510 1
470 937 1
470 1042 1
314 470 1
470 990 1
367 1148 1
315 992 1
368 1407 1
211 887 1
836 1511 1
368 523 1
523 1407 1
1303 1511 1
836 1303 1
1251 1407 1
368 1251 1
523 1251 1
731 731 1
732 939 1
471 731 1
264 991 1
783 1095 1
109 1511 1
109 836 1
109 1303 1
108 992 1
108 315 1
836 1304 1
1303 1304 1
109 1304 1
1304 1511 1
680 1044 1
1303 1355 1
1304 1355 1
836 1355 1
109 1355 1
1355 1511 1
212 731 1
212 471 1
523 887 1
368 887 1
887 1251 1
887 1407 1
211 523 1
1355 1459 1
836 1459 1
1459 1511 1
109 1459 1
1303 1459 1
1304 1459 1
264 1199 1
991 1199 1
887 1148 1
1148 1251 1
523 1148 1
368 1148 1
211 1148 1
1148 1407 1
367 887 1
679 1252 1
991 1252 1
264 1252 1
1199 1252 1
679 991 1
56 939 1
56 732 1
163 786 1
630 1462 1
422 1149 1
163 526 1
526 786 1
682 838 1
994 1253 1
578 889 1
266 1462 1
266 630 1
889 993 1
578 993 1
734 1254 1
1202 1514 1
162 1409 1
317 1462 1
266 317 1
317 630 1
629 889 1
629 993 1
578 629 1
733 1149 1
422 733 1
265 369 1
421 1253 1
421 994 1
59 1513 1
630 1410 1
266 1410 1
317 1410 1
1410 1462 1
266 889 1
889 1410 1
630 889 1
889 1462 1
317 889 1
266 993 1
266 578 1
266 629 1
370 681 1
889 1201 1
993 1201 1
578 1201 1
1201 1462 1
266 1201 1
1201 1410 1
629 1201 1
630 1201 1
317 1201 1
214 474 1
266 1514 1
993 1514 1
1410 1514 1
1462 1514 1
578 1514 1
1201 1514 1
629 1514 1
630 1514 1
889 1514 1
317 1514 1
266 1202 1
267 424 1
1307 1359 1
216 839 1
476 787 1
165 632 1
736 1307 1
736 1359 1
1099 1152 1
475 892 1
372 1464 1
527 1047 1
475 1048 1
892 1048 1
736 892 1
892 1307 1
892 1359 1
736 1048 1
475 736 1
631 1151 1
60 1151 1
60 631 1
632 632 1
113 1203 1
60 1464 1
631 1464 1
1151 1464 1
60 372 1
165 1151 1
632 1151 1
165 1464 1
60 165 1
165 631 1
527 1048 1
1047 1048 1
527 736 1
475 527 1
527 892 1
632 891 1
165 891 1
891 1151 1
1411 1516 1
996 1359 1
736 996 1
996 1307 1
892 996 1
1308 1515 1
631 943 1
943 1464 1
60 943 1
165 943 1
943 1151 1
891 1204 1
632 1204 1
165 1204 1
1151 1204 1
165 1308 1
943 1308 1
1308 1464 1
1204 1308 1
631 1308 1
632 1308 1
891 1308 1
60 1308 1
1151 1308 1
165 1515 1
529 1102 1
374 894 1
166 1206 1
894 1102 1
374 1102 1
529 894 1
10 685 1
62 997 1
426 426 1
63 217 1
633 893 1
946 997 1
62 946 1
477 998 1
218 737 1
63 1361 1
217 1361 1
634 634 1
63 1309 1
217 1309 1
1309 1361 1
1049 1101 1
998 1050 1
477 1050 1
529 998 1
894 998 1
998 1102 1
529 1050 1
477 529 1
1102 1518 1
529 1518 1
374 1518 1
894 1518 1
998 1518 1
270 1465 1
1361 1518 1
217 1518 1
1309 1518 1
63 1518 1
998 1361 1
529 1361 1
1102 1361 1
374 1361 1
894 1361 1
11 218 1
11 737 1
321 1258 1
322 633 1
322 893 1
425 790 1
1205 1466 1
1049 1517 1
1101 1517 1
530 1362 1
529 1465 1
998 1465 1
1465 1518 1
1361 1465 1
1102 1465 1
1050 1465 1
477 1465 1
894 1465 1
270 529 1
271 1311 1
168 428 1
688 999 1
479 635 1
168 271 1
271 428 1
168 1311 1
428 739 1
168 739 1
271 739 1
479 636 1
635 636 1
271 427 1
168 427 1
427 739 1
427 428 1
427 1311 1
169 739 1
168 169 1
169 427 1
169 428 1
169 271 1
272 584 1
427 1156 1
739 1156 1
168 1156 1
169 1156 1
428 1156 1
271 1156 1
1156 1311 1
376 1207 1
688 1416 1
999 1416 1
376 583 1
583 1207 1
116 895 1
428 1312 1
739 1312 1
1156 1312 1
168 1312 1
169 1312 1
427 1312 1
271 1312 1
65 999 1
65 688 1
65 1416 1
739 1052 1
1052 1312 1
1052 1156 1
168 1052 1
169 1052 1
427 1052 1
428 1052 1
271 1052 1
219 375 1
895 1364 1
116 1364 1
636 1052 1
635 1052 1
479 1052 1
636 1312 1
636 739 1
636 1156 1
168 636 1
169 636 1
427 636 1
428 636 1
271 636 1
1002 1522 1
898 1002 1
898 1522 1
274 534 1
1053 1366 1
274 845 1
534 845 1
118 845 1
118 274 1
118 534 1
846 1157 1
689 1106 1
429 1314 1
637 1054 1
221 326 1
119 845 1
119 274 1
118 119 1
119 534 1
170 170 1
325 430 1
14 586 1
377 1313 1
1002 1417 1
1417 1522 1
898 1417 1
429 1262 1
1262 1314 1
482 586 1
14 482 1
377 794 1
794 1313 1
118 690 1
274 690 1
690 845 1
534 690 1
119 690 1
1262 1522 1
1314 1522 1
429 1522 1
1262 1417 1
1002 1262 1
898 1262 1
119 585 1
118 585 1
585 845 1
274 585 1
534 585 1
585 690 1
897 950 1
119 1157 1
118 1157 1
585 1157 1
845 1157 1
274 1157 1
534 1157 1
690 1157 1
119 846 1
1313 1521 1
377 1521 1
794 1521 1
223 224 1
16 17 1
16 1472 1
17 1472 1
69 588 1
223 744 1
224 744 1
432 587 1
16 1003 1
1003 1472 1
17 1003 1
1003 1056 1
16 1056 1
1056 1472 1
17 1056 1
588 951 1
69 951 1
69 1263 1
588 1263 1
951 1263 1
847 1367 1
379 536 1
120 327 1
431 640 1
224 691 1
691 744 1
223 691 1
848 1004 1
224 951 1
744 951 1
691 951 1
223 951 1
69 224 1
224 588 1
224 1263 1
120 899 1
327 899 1
535 1264 1
276 744 1
224 276 1
276 691 1
276 951 1
223 276 1
484 640 1
431 484 1
1107 1368 1
172 848 1
172 1004 1
848 1003 1
172 1003 1
1003 1004 1
848 1472 1
848 1056 1
16 848 1
17 848 1
328 743 1
275 1472 1
275 1056 1
275 848 1
275 1003 1
16 275 1
17 275 1
18 433 1
277 1266 1
330 1109 1
1422 1473 1
849 953 1
122 486 1
745 745 1
18 954 1
433 954 1
434 590 1
538 1110 1
642 849 1
642 953 1
538 1370 1
1110 1370 1
278 589 1
226 1473 1
226 1422 1
850 1422 1
850 1473 1
226 850 1
1421 1525 1
641 1058 1
381 953 1
381 849 1
381 642 1
537 589 1
278 537 1
642 1213 1
849 1213 1
381 1213 1
953 1213 1
329 746 1
1161 1474 1
382 954 1
382 433 1
18 382 1
18 1110 1
433 1110 1
954 1110 1
382 1110 1
18 538 1
18 1370 1
122 1006 1
486 1006 1
433 642 1
18 642 1
642 1110 1
642 954 1
382 642 1
381 433 1
433 849 1
433 953 1
433 1213 1
18 1006 1
642 1006 1
433 1006 1
1006 1110 1
954 1006 1
1006 1370 1
538 1006 1
382 1006 1
18 486 1
18 122 1
540 1267 1
383 1423 1
955 1008 1
21 644 1
539 1424 1
177 539 1
177 1424 1
800 1528 1
20 279 1
176 332 1
539 1475 1
1424 1475 1
177 1475 1
539 956 1
956 1424 1
177 956 1
956 1475 1
696 800 1
696 1528 1
280 435 1
227 384 1
72 1112 1
176 1007 1
332 1007 1
1111 1372 1
1112 1372 1
72 1372 1
1111 1112 1
488 1060 1
383 1007 1
1007 1423 1
176 383 1
332 383 1
20 435 1
279 435 1
20 280 1
436 747 1
279 643 1
435 643 1
20 643 1
643 644 1
435 644 1
20 644 1
279 644 1
21 643 1
488 540 1
540 1060 1
488 1267 1
20 903 1
643 903 1
644 903 1
435 903 1
279 903 1
280 903 1
20 1527 1
643 1527 1
644 1527 1
903 1527 1
435 1527 1
279 1527 1
280 1527 1
229 1530 1
1113 1322 1
386 490 1
854 1009 1
282 542 1
75 437 1
645 645 1
75 1010 1
437 1010 1
74 698 1
697 801 1
1321 1477 1
542 1269 1
282 1269 1
179 1114 1
1165 1374 1
541 1009 1
541 854 1
645 1270 1
23 179 1
23 1114 1
1114 1166 1
179 1166 1
23 1166 1
230 490 1
230 386 1
75 1062 1
1010 1062 1
437 1062 1
126 594 1
22 1218 1
905 1321 1
905 1477 1
385 489 1
594 749 1
126 749 1
179 853 1
853 1114 1
853 1166 1
23 853 1
698 958 1
74 958 1
438 1426 1
594 1061 1
749 1061 1
126 1061 1
801 1009 1
697 1009 1
541 801 1
801 854 1
489 1321 1
385 1321 1
489 905 1
489 1477 1
74 957 1
698 957 1
957 958 1
802 1010 1
75 802 1
437 802 1
802 1062 1
336 1063 1
751 1531 1
232 388 1
804 1012 1
543 1012 1
543 804 1
232 1375 1
388 1375 1
77 1219 1
907 1531 1
751 907 1
128 856 1
1323 1427 1
699 1116 1
180 596 1
492 1219 1
77 492 1
440 804 1
440 1012 1
440 543 1
129 1063 1
129 336 1
1011 1427 1
1011 1323 1
700 1323 1
700 1427 1
700 1011 1
76 1272 1
129 1219 1
336 1219 1
1063 1219 1
129 492 1
77 129 1
544 1219 1
129 544 1
544 1063 1
492 544 1
77 544 1
336 544 1
388 595 1
232 595 1
595 1375 1
232 439 1
439 595 1
388 439 1
439 1375 1
1272 1479 1
76 1479 1
752 1375 1
232 752 1
595 752 1
388 752 1
439 752 1
492 1063 1
77 1063 1
336 492 1
76 907 1
907 1272 1
907 1479 1
76 1531 1
76 751 1
649 961 1
389 1430 1
79 182 1
181 598 1
27 79 1
27 182 1
26 1273 1
702 1013 1
182 442 1
27 442 1
79 442 1
1430 1482 1
389 1482 1
79 1534 1
442 1534 1
27 1534 1
182 1534 1
753 961 1
649 753 1
390 545 1
390 1066 1
545 1066 1
1117 1169 1
753 1481 1
961 1481 1
649 1481 1
234 1533 1
805 1013 1
702 805 1
649 1170 1
961 1170 1
1170 1481 1
753 1170 1
909 1377 1
390 1534 1
545 1534 1
1066 1534 1
79 390 1
182 390 1
390 442 1
27 390 1
546 598 1
181 546 1
26 337 1
337 1273 1
701 1065 1
649 909 1
909 961 1
909 1481 1
909 1170 1
753 909 1
649 1377 1
1273 1274 1
337 1274 1
26 1274 1
337 701 1
701 1273 1
26 701 1
701 1274 1
337 1065 1
912 1327 1
236 599 1
81 1015 1
600 912 1
600 1327 1
600 807 1
807 912 1
807 1327 1
548 963 1
652 1328 1
132 133 1
860 1276 1
1119 1431 1
133 288 1
132 288 1
339 1172 1
1223 1432 1
964 1275 1
547 600 1
547 912 1
547 807 1
547 1327 1
755 1120 1
133 392 1
288 392 1
132 392 1
755 911 1
911 1120 1
651 755 1
651 1120 1
651 911 1
547 1276 1
600 1276 1
912 1276 1
1276 1327 1
807 1276 1
547 860 1
184 547 1
184 807 1
184 860 1
184 1327 1
184 912 1
184 600 1
184 1276 1
1483 1484 1
1483 1483 1
184 1432 1
547 1432 1
807 1432 1
1276 1432 1
1327 1432 1
912 1432 1
600 1432 1
860 1432 1
184 1223 1
912 964 1
964 1432 1
547 964 1
807 964 1
964 1327 1
184 964 1
600 964 1
964 1276 1
912 1275 1
185 446 1
30 601 1
549 809 1
341 653 1
1277 1485 1
1121 1174 1
393 1173 1
810 1277 1
810 1485 1
185 1069 1
446 1069 1
185 913 1
913 1069 1
446 913 1
1226 1537 1
393 1382 1
1173 1382 1
1174 1537 1
1121 1537 1
1174 1226 1
1070 1070 1
134 1433 1
134 1122 1
1122 1433 1
1018 1329 1
1018 1070 1
1070 1329 1
1018 1278 1
1278 1329 1
1070 1278 1
601 1225 1
30 1225 1
1174 1433 1
1121 1433 1
1226 1433 1
1433 1537 1
1122 1174 1
134 1174 1
913 1433 1
185 1433 1
1069 1433 1
446 1433 1
913 1121 1
913 1122 1
134 913 1
913 1537 1
913 1226 1
913 1174 1
549 1381 1
809 1381 1
1122 1434 1
1433 1434 1
1174 1434 1
134 1434 1
913 1434 1
289 601 1
289 1225 1
30 289 1
810 914 1
914 1277 1
914 1485 1
967 1488 1
137 1175 1
84 655 1
863 1071 1
499 864 1
811 915 1
1332 1384 1
447 1279 1
760 1332 1
760 1384 1
239 1332 1
239 1384 1
239 760 1
137 396 1
396 1175 1
863 1540 1
1071 1540 1
395 604 1
863 1539 1
1539 1540 1
1071 1539 1
187 1331 1
291 1279 1
291 447 1
655 1019 1
84 1019 1
292 1227 1
604 1539 1
395 1539 1
604 1071 1
604 1540 1
604 863 1
760 1279 1
1279 1384 1
1279 1332 1
239 1279 1
291 760 1
447 760 1
707 916 1
137 656 1
396 656 1
656 1175 1
240 811 1
240 915 1
1071 1383 1
604 1383 1
1383 1539 1
1383 1540 1
863 1383 1
812 1072 1
343 1488 1
343 967 1
343 1123 1
1123 1488 1
967 1123 1
187 499 1
499 1331 1
187 864 1
500 1123 1
500 1488 1
500 967 1
343 500 1
86 1177 1
710 1074 1
189 1385 1
450 1229 1
397 1229 1
397 450 1
814 1385 1
189 814 1
449 605 1
969 1021 1
969 1281 1
1021 1281 1
709 970 1
969 1542 1
1281 1542 1
1021 1542 1
87 865 1
35 865 1
35 87 1
1125 1333 1
1073 1125 1
1073 1333 1
346 814 1
346 1385 1
189 346 1
190 710 1
190 1074 1
658 1178 1
397 605 1
450 605 1
605 1229 1
397 449 1
293 866 1
761 918 1
294 709 1
294 970 1
866 1073 1
293 1073 1
866 1125 1
866 1333 1
605 1230 1
449 1230 1
450 1230 1
397 1230 1
1229 1230 1
657 969 1
657 1281 1
657 1021 1
657 1542 1
761 970 1
918 970 1
709 761 1
294 761 1
346 709 1
709 1385 1
189 709 1
709 814 1
294 346 1
346 970 1
346 761 1
191 1440 1
36 1491 1
140 451 1
140 295 1
295 451 1
88 1492 1
348 1128 1
1231 1544 1
868 971 1
348 920 1
920 1128 1
452 1128 1
452 920 1
348 452 1
1076 1335 1
88 1232 1
1232 1492 1
1127 1127 1
660 1387 1
1387 1492 1
660 1492 1
88 1387 1
1232 1387 1
141 919 1
37 1284 1
1492 1544 1
88 1544 1
1232 1544 1
1387 1544 1
660 1544 1
1231 1492 1
971 1387 1
868 1387 1
971 1544 1
971 1232 1
971 1492 1
88 971 1
660 971 1
451 503 1
140 503 1
295 503 1
1075 1128 1
920 1075 1
452 1075 1
348 1075 1
556 920 1
556 1128 1
452 556 1
556 1075 1
348 556 1
555 1127 1
244 1492 1
244 971 1
244 1544 1
244 1387 1
244 1231 1
244 1232 1
244 660 1
88 244 1
191 1544 1
1440 1544 1
191 971 1
191 244 1
191 1387 1
191 1231 1
191 1232 1
191 660 1
88 191 1
191 1492 1
610 1390 1
1181 1182 1
350 869 1
869 1545 1
350 1545 1
297 869 1
297 1545 1
297 350 1
1026 1286 1
454 609 1
505 1078 1
973 1389 1
38 349 1
39 1545 1
39 297 1
39 869 1
39 350 1
38 1286 1
349 1286 1
38 1026 1
1078 1182 1
505 1182 1
1078 1181 1
610 869 1
869 1390 1
39 610 1
610 1545 1
297 610 1
350 610 1
402 974 1
453 817 1
91 402 1
91 974 1
245 870 1
610 713 1
713 869 1
39 713 1
713 1545 1
713 1390 1
297 713 1
350 713 1
558 1285 1
402 558 1
91 558 1
558 974 1
402 1285 1
973 1181 1
1181 1389 1
973 1078 1
973 1182 1
714 1337 1
1441 1493 1
1025 1337 1
714 1025 1
38 506 1
506 1026 1
349 506 1
506 1286 1
143 557 1
402 505 1
91 505 1
505 558 1
505 974 1
505 1285 1
402 1078 1
402 1182 1
92 1132 1
611 1339 1
612 1288 1
196 403 1
819 924 1
1495 1496 1
404 1236 1
195 1495 1
195 1496 1
1236 1392 1
404 1392 1
247 872 1
559 1080 1
300 1183 1
248 456 1
716 1547 1
976 1547 1
716 976 1
871 975 1
40 300 1
40 1183 1
507 1132 1
92 507 1
40 1027 1
300 1027 1
1027 1183 1
455 1392 1
404 455 1
455 1236 1
1080 1288 1
559 1288 1
612 1080 1
195 1027 1
1027 1496 1
1027 1495 1
40 195 1
195 300 1
195 1183 1
299 1547 1
299 976 1
299 716 1
612 1028 1
1028 1288 1
1028 1080 1
351 1027 1
195 351 1
40 351 1
300 351 1
351 1495 1
351 1496 1
351 1183 1
92 1235 1
507 1235 1
1132 1235 1
40 403 1
403 1027 1
195 403 1
300 403 1
403 1183 1
351 403 1
40 196 1
1081 1342 1
354 925 1
302 977 1
197 458 1
1134 1446 1
353 1081 1
353 1342 1
1081 1186 1
353 1186 1
1186 1342 1
613 1133 1
666 1341 1
146 1081 1
146 353 1
146 1186 1
146 1342 1
1237 1550 1
301 977 1
301 302 1
353 1290 1
1081 1290 1
1186 1290 1
146 1290 1
1290 1342 1
1082 1445 1
717 1498 1
250 925 1
250 354 1
42 1394 1
405 1394 1
42 405 1
197 1186 1
458 1186 1
197 353 1
197 1290 1
146 197 1
197 1081 1
197 1342 1
1289 1446 1
1134 1289 1
354 977 1
250 977 1
925 977 1
301 354 1
302 354 1
874 977 1
354 874 1
301 874 1
302 874 1
250 874 1
874 925 1
978 1342 1
353 978 1
978 1186 1
197 978 1
978 1290 1
146 978 1
978 1081 1
1029 1550 1
1029 1237 1
668 1032 1
1083 1187 1
252 824 1
199 1344 1
149 980 1
148 564 1
615 720 1
459 1187 1
459 1083 1
615 1032 1
720 1032 1
615 668 1
460 563 1
979 1083 1
979 1187 1
459 979 1
719 824 1
252 719 1
563 1032 1
460 1032 1
563 720 1
563 668 1
563 615 1
356 459 1
356 1083 1
356 1187 1
356 979 1
564 1032 1
148 1032 1
564 615 1
460 564 1
564 720 1
563 564 1
564 668 1
511 1552 1
252 1031 1
824 1031 1
719 1031 1
44 148 1
44 1032 1
44 564 1
148 1292 1
1032 1292 1
44 1292 1
564 1292 1
148 667 1
667 1032 1
44 667 1
564 667 1
667 1292 1
771 1083 1
771 1187 1
356 771 1
459 771 1
771 979 1
251 771 1
251 1083 1
251 356 1
251 459 1
251 1187 1
251 979 1
1034 1241 1
46 98 1
514 930 1
151 202 1
201 514 1
201 930 1
357 1085 1
409 1034 1
409 1241 1
99 358 1
981 1086 1
462 1501 1
306 878 1
721 878 1
306 721 1
47 98 1
46 47 1
565 773 1
254 1085 1
254 357 1
358 618 1
99 618 1
98 513 1
46 513 1
47 513 1
410 1345 1
254 1241 1
1085 1241 1
357 1241 1
254 409 1
254 1034 1
929 1554 1
1138 1397 1
929 1189 1
1189 1554 1
773 825 1
565 825 1
930 982 1
201 982 1
514 982 1
513 1502 1
98 1502 1
46 1502 1
47 1502 1
151 513 1
202 513 1
98 151 1
46 151 1
47 151 1
151 1502 1
461 1450 1
46 306 1
306 513 1
98 306 1
47 306 1
151 306 1
306 1502 1
46 721 1
46 878 1
99 669 1
618 669 1
358 669 1
723 1452 1
412 1348 1
204 1400 1
828 1035 1
203 255 1
1088 1192 1
360 1451 1
932 1555 1
308 359 1
203 1036 1
255 1036 1
723 984 1
984 1452 1
412 672 1
672 1348 1
984 1087 1
723 1087 1
1087 1452 1
152 152 1
412 723 1
672 723 1
723 1348 1
412 1452 1
412 984 1
412 1087 1
515 516 1
359 516 1
308 516 1
359 515 1
516 1088 1
515 1088 1
308 1088 1
359 1088 1
516 1192 1
412 1191 1
672 1191 1
1191 1348 1
1191 1452 1
723 1191 1
984 1191 1
1087 1191 1
1244 1504 1
1399 1556 1
48 1088 1
48 515 1
48 516 1
48 359 1
48 1192 1
48 308 1
360 1191 1
1191 1451 1
360 672 1
360 1348 1
360 1452 1
360 723 1
360 984 1
360 412 1
360 1087 1
204 1191 1
1191 1400 1
204 672 1
204 1348 1
204 360 1
204 1451 1
204 1452 1
204 723 1
204 984 1
204 412 1
204 1087 1
50 1037 1
986 1558 1
881 1246 1
51 778 1
102 1090 1
517 985 1
1037 1401 1
50 1401 1
258 985 1
258 517 1
361 778 1
51 361 1
362 1401 1
50 362 1
362 1037 1
154 257 1
674 1454 1
155 1090 1
102 155 1
258 1089 1
985 1089 1
517 1089 1
1037 1402 1
1401 1402 1
50 1402 1
362 1402 1
155 1245 1
1090 1245 1
102 1245 1
934 1038 1
257 465 1
154 465 1
258 1506 1
985 1506 1
517 1506 1
1089 1506 1
103 1038 1
103 934 1
258 414 1
414 985 1
414 1506 1
414 517 1
414 1089 1
1090 1402 1
155 1402 1
1245 1402 1
102 1402 1
362 1090 1
1037 1090 1
50 1090 1
1090 1401 1
777 829 1
622 1298 1
621 1505 1
1350 1557 1
361 1245 1
778 1245 1
51 1245 1
361 1090 1
102 361 1
361 1402 1
155 361 1
712 1182 -1
505 712 -1
402 712 -1
712 1181 -1
712 1078 -1
712 973 -1
728 1162 -1
269 482 -1
269 586 -1
14 269 -1
481 1242 -1
432 1325 -1
587 1325 -1
296 388 -1
232 296 -1
296 752 -1
296 595 -1
296 439 -1
296 1375 -1
405 1240 -1
1240 1394 -1
42 1240 -1
504 1227 -1
292 504 -1
326 1557 -1
221 1557 -1
326 1350 -1
365 1069 -1
1069 1145 -1
54 1069 -1
365 1433 -1
185 365 -1
365 446 -1
365 913 -1
1305 1390 -1
713 1305 -1
610 1305 -1
869 1305 -1
698 1395 -1
74 1395 -1
957 1395 -1
958 1395 -1
10 361 -1
361 685 -1
10 1090 -1
10 102 -1
10 778 -1
10 51 -1
10 1402 -1
10 155 -1
10 1245 -1
237 820 -1
120 338 -1
338 899 -1
327 338 -1
106 1077 -1
834 1077 -1
1077 1406 -1
1039 1048 -1
736 1039 -1
1039 1047 -1
475 1039 -1
892 1039 -1
527 1039 -1
883 1494 -1
961 1415 -1
909 1415 -1
649 1415 -1
1415 1481 -1
1170 1415 -1
753 1415 -1
21 625 -1
625 643 -1
625 644 -1
21 729 -1
318 1444 -1
3 6 -1
200 725 -1
54 226 -1
226 1145 -1
226 365 -1
54 1473 -1
54 850 -1
54 1422 -1
649 1073 -1
961 1073 -1
1073 1377 -1
1073 1481 -1
909 1073 -1
753 1073 -1
1073 1170 -1
649 866 -1
293 649 -1
649 1125 -1
649 1333 -1
7 1255 -1
62 649 -1
649 946 -1
649 997 -1
62 961 -1
62 1377 -1
62 1481 -1
62 909 -1
62 753 -1
62 1170 -1
504 929 -1
504 1554 -1
504 1189 -1
300 1439 -1
1027 1439 -1
195 1439 -1
40 1439 -1
403 1439 -1
1183 1439 -1
351 1439 -1
575 593 -1
87 1331 -1
865 1331 -1
35 1331 -1
87 187 -1
87 499 -1
603 772 -1
13 283 -1
896 1144 -1
282 444 -1
444 1269 -1
444 542 -1
109 1293 -1
836 1293 -1
1293 1511 -1
1293 1355 -1
1293 1459 -1
1293 1303 -1
1293 1304 -1
1278 1320 -1
1320 1329 -1
1018 1320 -1
1070 1320 -1
267 368 -1
368 424 -1
267 887 -1
267 523 -1
267 1148 -1
267 1251 -1
267 1407 -1
644 1330 -1
643 1330 -1
903 1330 -1
1330 1527 -1
435 1330 -1
20 1330 -1
21 1330 -1
279 1330 -1
571 1361 -1
832 1361 -1
104 1361 -1
468 1361 -1
519 1361 -1
571 998 -1
571 1518 -1
529 571 -1
571 1102 -1
374 571 -1
571 1465 -1
217 571 -1
571 1309 -1
571 894 -1
63 571 -1
182 1114 -1
442 1114 -1
27 1114 -1
390 1114 -1
1114 1534 -1
79 1114 -1
179 182 -1
182 853 -1
182 1166 -1
23 182 -1
600 1206 -1
547 1206 -1
964 1206 -1
807 1206 -1
1206 1327 -1
912 1206 -1
1206 1432 -1
184 1206 -1
1206 1276 -1
166 600 -1
574 864 -1
499 574 -1
187 574 -1
554 1509 -1
818 1507 -1
595 628 -1
232 628 -1
628 752 -1
439 628 -1
388 628 -1
628 1375 -1
725 1324 -1
915 1237 -1
240 1237 -1
811 1237 -1
915 1029 -1
915 1550 -1
212 350 -1
350 731 -1
350 471 -1
212 610 -1
212 869 -1
39 212 -1
212 713 -1
212 1545 -1
212 297 -1
535 1251 -1
1251 1264 -1
368 535 -1
535 887 -1
523 535 -1
535 1148 -1
535 1407 -1
364 1505 -1
832 1505 -1
104 1505 -1
468 1505 -1
519 1505 -1
364 621 -1
186 780 -1
1311 1521 -1
168 1521 -1
427 1521 -1
1156 1521 -1
271 1521 -1
1311 1313 -1
794 1311 -1
377 1311 -1
349 664 -1
506 664 -1
664 1286 -1
38 664 -1
379 532 -1
532 536 -1
964 1296 -1
547 1296 -1
807 1296 -1
600 1296 -1
1296 1327 -1
912 1296 -1
184 1296 -1
1296 1432 -1
1275 1296 -1
1276 1296 -1
361 1265 -1
1090 1265 -1
102 1265 -1
778 1265 -1
51 1265 -1
1265 1402 -1
155 1265 -1
1245 1265 -1
318 653 -1
318 341 -1
103 1352 -1
934 1352 -1
1038 1352 -1
1086 1412 -1
981 1412 -1
193 1270 -1
193 645 -1
464 1448 -1
121 1546 -1
1272 1382 -1
907 1382 -1
76 1382 -1
1382 1479 -1
393 1272 -1
1173 1272 -1
43 920 -1
43 1128 -1
43 452 -1
43 1075 -1
43 348 -1
43 556 -1
252 1008 -1
824 1008 -1
1008 1031 -1
719 1008 -1
252 955 -1
57 823 -1
726 1055 -1
190 1280 -1
1074 1280 -1
710 1280 -1
103 971 -1
934 971 -1
971 1038 -1
103 868 -1
103 244 -1
103 1544 -1
103 1387 -1
103 1232 -1
103 1492 -1
88 103 -1
103 660 -1
103 191 -1
919 1411 -1
141 1411 -1
919 1516 -1
1019 1531 -1
84 1531 -1
655 1531 -1
907 1019 -1
76 1019 -1
751 1019 -1
103 1527 -1
934 1527 -1
1038 1527 -1
103 643 -1
103 644 -1
103 903 -1
103 435 -1
20 103 -1
103 279 -1
103 280 -1
0 1440 -1
1 1440 -1
520 1440 -1
572 1440 -1
1195 1440 -1
623 1440 -1
1440 1455 -1
1404 1440 -1
0 1544 -1
0 191 -1
353 843 -1
843 1186 -1
197 843 -1
843 1290 -1
843 978 -1
146 843 -1
843 1081 -1
843 1342 -1
425 705 -1
705 790 -1
151 1133 -1
513 1133 -1
98 1133 -1
202 1133 -1
46 1133 -1
47 1133 -1
306 1133 -1
1133 1502 -1
151 613 -1
473 611 -1
473 1339 -1
533 1293 -1
158 342 -1
342 1250 -1
261 342 -1
342 1354 -1
342 989 -1
342 1457 -1
342 470 -1
342 522 -1
714 1089 -1
1089 1337 -1
1025 1089 -1
714 985 -1
258 714 -1
517 714 -1
414 714 -1
714 1506 -1
210 966 -1
1020 1269 -1
282 1020 -1
542 1020 -1
742 1126 -1
24 966 -1
109 1194 -1
836 1194 -1
1194 1511 -1
1194 1355 -1
1194 1459 -1
1194 1303 -1
1194 1304 -1
796 884 -1
157 796 -1
709 1377 -1
294 1377 -1
1377 1385 -1
970 1377 -1
814 1377 -1
761 1377 -1
346 1377 -1
189 1377 -1
649 709 -1
709 909 -1
400 1248 -1
100 575 -1
1483 1505 -1
1484 1505 -1
621 1483 -1
31 1533 -1
31 234 -1
1174 1490 -1
1121 1490 -1
1122 1490 -1
134 1490 -1
1490 1537 -1
1226 1490 -1
913 1490 -1
1433 1490 -1
1434 1490 -1
1275 1333 -1
912 1333 -1
964 1333 -1
1073 1275 -1
866 1275 -1
1125 1275 -1
554 1046 -1
673 1067 -1
394 949 -1
38 820 -1
506 820 -1
820 1026 -1
349 820 -1
820 1286 -1
420 1437 -1
903 1411 -1
643 1411 -1
644 1411 -1
1411 1527 -1
435 1411 -1
20 1411 -1
279 1411 -1
280 1411 -1
903 1516 -1
485 999 -1
485 688 -1
485 1416 -1
65 485 -1
145 697 -1
145 801 -1
145 1009 -1
935 1479 -1
935 1272 -1
907 935 -1
76 935 -1
45 1191 -1
45 672 -1
45 1348 -1
45 360 -1
45 204 -1
45 1451 -1
45 1452 -1
45 1400 -1
45 723 -1
45 984 -1
45 412 -1
45 1087 -1
821 1431 -1
821 1119 -1
992 1109 -1
315 1109 -1
108 1109 -1
330 992 -1
297 1007 -1
610 1007 -1
869 1007 -1
39 1007 -1
1007 1545 -1
713 1007 -1
350 1007 -1
176 297 -1
297 1423 -1
297 332 -1
297 383 -1
30 1175 -1
601 1175 -1
289 1175 -1
1175 1225 -1
30 656 -1
30 137 -1
30 396 -1
514 1365 -1
201 1365 -1
930 1365 -1
982 1365 -1
78 982 -1
78 201 -1
78 930 -1
78 514 -1
294 1457 -1
761 1457 -1
970 1457 -1
346 1457 -1
709 1457 -1
294 1250 -1
261 294 -1
294 1354 -1
294 989 -1
294 470 -1
294 522 -1
158 294 -1
258 1176 -1
985 1176 -1
1176 1506 -1
517 1176 -1
414 1176 -1
1089 1176 -1
104 290 -1
290 832 -1
290 364 -1
290 571 -1
290 468 -1
290 519 -1
209 1553 -1
626 1553 -1
432 1076 -1
587 1076 -1
432 1335 -1
444 997 -1
444 946 -1
62 444 -1
232 272 -1
272 752 -1
272 595 -1
272 388 -1
272 439 -1
272 1375 -1
232 584 -1
270 1176 -1
1176 1465 -1
529 1176 -1
787 1208 -1
476 1208 -1
945 1027 -1
195 945 -1
40 945 -1
300 945 -1
403 945 -1
945 1495 -1
945 1496 -1
351 945 -1
945 1183 -1
319 635 -1
319 1052 -1
319 636 -1
319 479 -1
288 1476 -1
392 1476 -1
132 1476 -1
133 1476 -1
359 433 -1
433 1088 -1
433 516 -1
433 515 -1
308 433 -1
48 433 -1
359 642 -1
359 1006 -1
359 1213 -1
359 849 -1
18 359 -1
359 1110 -1
359 953 -1
359 954 -1
359 381 -1
359 382 -1
312 1015 -1
81 312 -1
91 1392 -1
505 1392 -1
402 1392 -1
558 1392 -1
974 1392 -1
91 404 -1
91 1236 -1
91 455 -1
239 1305 -1
1305 1384 -1
760 1305 -1
1305 1332 -1
1279 1305 -1
477 1543 -1
529 1543 -1
1050 1543 -1
998 1543 -1
1465 1543 -1
98 1533 -1
513 1533 -1
46 1533 -1
47 1533 -1
306 1533 -1
151 1533 -1
1502 1533 -1
98 234 -1
176 756 -1
383 756 -1
332 756 -1
756 1007 -1
52 284 -1
284 779 -1
193 459 -1
193 771 -1
193 356 -1
193 1187 -1
193 251 -1
193 1083 -1
193 979 -1
521 947 -1
265 1033 -1
369 1033 -1
859 908 -1
306 481 -1
481 513 -1
98 481 -1
46 481 -1
47 481 -1
481 721 -1
481 878 -1
151 481 -1
481 1502 -1
853 1481 -1
1114 1481 -1
179 1481 -1
1166 1481 -1
23 1481 -1
649 853 -1
753 853 -1
853 1170 -1
853 909 -1
853 961 -1
642 1260 -1
433 1260 -1
1006 1260 -1
381 1260 -1
849 1260 -1
18 1260 -1
1110 1260 -1
953 1260 -1
954 1260 -1
1213 1260 -1
382 1260 -1
170 749 -1
170 594 -1
170 1061 -1
126 170 -1
66 599 -1
66 236 -1
618 1016 -1
99 1016 -1
669 1016 -1
358 1016 -1
184 557 -1
547 557 -1
557 964 -1
557 807 -1
557 1276 -1
557 1223 -1
557 1327 -1
557 912 -1
557 1432 -1
557 600 -1
557 860 -1
143 184 -1
27 943 -1
442 943 -1
390 943 -1
943 1534 -1
182 943 -1
79 943 -1
27 165 -1
27 60 -1
27 631 -1
27 1464 -1
27 1308 -1
27 1151 -1
359 370 -1
370 1088 -1
370 516 -1
370 515 -1
308 370 -1
48 370 -1
359 681 -1
358 1184 -1
618 1184 -1
99 1184 -1
669 1184 -1
271 1211 -1
1211 1312 -1
636 1211 -1
739 1211 -1
1156 1211 -1
168 1211 -1
169 1211 -1
427 1211 -1
428 1211 -1
1052 1211 -1
1211 1311 -1
592 1087 -1
592 1191 -1
360 592 -1
204 592 -1
592 1452 -1
592 723 -1
592 984 -1
412 592 -1
736 1447 -1
475 1447 -1
996 1447 -1
527 1447 -1
1359 1447 -1
1048 1447 -1
1307 1447 -1
892 1447 -1
601 1228 -1
1225 1228 -1
30 1228 -1
289 1228 -1
723 912 -1
672 912 -1
912 1348 -1
912 1191 -1
360 912 -1
204 912 -1
912 1452 -1
912 984 -1
412 912 -1
912 1087 -1
723 1432 -1
547 723 -1
723 964 -1
723 807 -1
723 1327 -1
184 723 -1
600 723 -1
723 1275 -1
723 1276 -1
774 1319 -1
193 1296 -1
931 937 -1
931 1249 -1
931 1250 -1
931 1042 -1
470 931 -1
314 931 -1
931 990 -1
317 330 -1
330 1410 -1
330 1462 -1
266 330 -1
330 1201 -1
330 630 -1
330 889 -1
330 1514 -1
317 1109 -1
1145 1193 -1
365 1193 -1
54 1193 -1
347 813 -1
297 734 -1
610 734 -1
734 869 -1
39 734 -1
734 1545 -1
713 734 -1
350 734 -1
297 1254 -1
83 860 -1
83 184 -1
83 1432 -1
83 547 -1
83 1276 -1
1007 1135 -1
176 1135 -1
1135 1423 -1
332 1135 -1
383 1135 -1
842 851 -1
576 589 -1
537 576 -1
278 576 -1
1148 1171 -1
1171 1251 -1
523 1171 -1
367 1171 -1
368 1171 -1
211 1171 -1
887 1171 -1
1171 1407 -1
394 1196 -1
532 898 -1
532 1417 -1
532 1002 -1
532 1522 -1
532 1262 -1
342 1397 -1
342 1138 -1
540 1450 -1
488 1450 -1
1267 1450 -1
1060 1450 -1
461 540 -1
64 1050 -1
64 529 -1
64 477 -1
64 998 -1
64 1465 -1
2 513 -1
2 98 -1
2 202 -1
2 46 -1
2 47 -1
2 306 -1
2 151 -1
2 1502 -1
694 1311 -1
168 694 -1
427 694 -1
694 1156 -1
271 694 -1
357 1302 -1
1241 1302 -1
1085 1302 -1
254 1302 -1
357 730 -1
357 573 -1
1415 1470 -1
248 698 -1
456 698 -1
74 248 -1
248 957 -1
248 958 -1
780 1494 -1
446 879 -1
879 1433 -1
185 879 -1
879 1069 -1
879 913 -1
74 773 -1
698 773 -1
773 957 -1
773 958 -1
74 825 -1
74 565 -1
1187 1545 -1
771 1545 -1
356 1545 -1
459 1545 -1
979 1545 -1
251 1545 -1
1083 1545 -1
610 1187 -1
869 1187 -1
39 1187 -1
297 1187 -1
713 1187 -1
350 1187 -1
263 402 -1
263 1285 -1
263 558 -1
263 974 -1
263 1078 -1
263 505 -1
91 263 -1
263 1182 -1
80 175 -1
44 905 -1
905 1032 -1
564 905 -1
667 905 -1
148 905 -1
905 1292 -1
44 1321 -1
44 1477 -1
44 489 -1
74 821 -1
698 821 -1
821 957 -1
821 958 -1
861 1152 -1
861 1099 -1
1074 1265 -1
190 1265 -1
710 1265 -1
1153 1204 -1
632 1153 -1
891 1153 -1
1153 1308 -1
165 1153 -1
1151 1153 -1
148 1431 -1
1032 1431 -1
44 1431 -1
667 1431 -1
564 1431 -1
1292 1431 -1
148 1119 -1
591 1087 -1
591 1191 -1
360 591 -1
204 591 -1
591 1452 -1
591 723 -1
591 984 -1
412 591 -1
533 1383 -1
533 1540 -1
533 863 -1
533 1539 -1
533 604 -1
533 1071 -1
330 1079 -1
1079 1109 -1
39 1528 -1
610 1528 -1
869 1528 -1
1528 1545 -1
713 1528 -1
297 1528 -1
350 1528 -1
39 800 -1
39 696 -1
391 1293 -1
99 1258 -1
618 1258 -1
669 1258 -1
358 1258 -1
99 321 -1
518 1191 -1
518 672 -1
518 1348 -1
360 518 -1
204 518 -1
518 1451 -1
518 1452 -1
518 1400 -1
518 723 -1
518 984 -1
412 518 -1
518 1087 -1
454 1469 -1
609 1469 -1
584 1119 -1
272 1119 -1
584 1431 -1
920 986 -1
986 1128 -1
452 986 -1
986 1075 -1
348 986 -1
556 986 -1
920 1558 -1
1391 1486 -1
31 269 -1
799 807 -1
799 1432 -1
547 799 -1
799 964 -1
799 1327 -1
799 912 -1
184 799 -1
600 799 -1
799 1276 -1
983 1162 -1
304 1417 -1
304 1262 -1
304 1002 -1
304 1522 -1
304 898 -1
314 819 -1
819 1249 -1
819 1250 -1
819 937 -1
819 1042 -1
470 819 -1
819 990 -1
314 924 -1
80 151 -1
80 513 -1
80 98 -1
80 202 -1
46 80 -1
47 80 -1
80 306 -1
80 1502 -1
237 584 -1
237 272 -1
515 804 -1
804 1088 -1
48 804 -1
516 804 -1
359 804 -1
440 515 -1
515 1012 -1
515 543 -1
669 872 -1
618 872 -1
99 872 -1
358 872 -1
247 669 -1
444 492 -1
444 544 -1
129 444 -1
444 1219 -1
444 1063 -1
77 444 -1
336 444 -1
781 974 -1
262 974 -1
505 781 -1
402 781 -1
91 781 -1
558 781 -1
808 1384 -1
760 808 -1
808 1279 -1
808 1332 -1
239 808 -1
843 1392 -1
404 843 -1
843 1236 -1
455 843 -1
1008 1551 -1
955 1551 -1
314 1032 -1
1032 1249 -1
1032 1250 -1
937 1032 -1
1032 1042 -1
470 1032 -1
990 1032 -1
314 615 -1
44 314 -1
314 460 -1
314 720 -1
314 563 -1
314 564 -1
314 1292 -1
148 314 -1
314 667 -1
314 668 -1
76 1028 -1
1028 1272 -1
907 1028 -1
751 1028 -1
1028 1531 -1
1028 1479 -1
76 1288 -1
76 1080 -1
76 612 -1
1167 1225 -1
601 1167 -1
30 1167 -1
289 1167 -1
366 655 -1
366 1019 -1
84 366 -1
493 1416 -1
493 688 -1
65 493 -1
493 999 -1
759 1105 -1
184 550 -1
547 550 -1
550 964 -1
550 807 -1
550 1276 -1
550 1223 -1
550 1327 -1
550 912 -1
550 1432 -1
550 600 -1
550 860 -1
186 268 -1
203 1114 -1
1036 1114 -1
255 1114 -1
179 203 -1
203 853 -1
203 1166 -1
23 203 -1
583 1411 -1
376 1411 -1
1207 1411 -1
583 1516 -1
103 1082 -1
934 1082 -1
1038 1082 -1
103 1445 -1
1408 1453 -1
243 1026 -1
243 506 -1
38 243 -1
243 1286 -1
80 928 -1
320 1280 -1
40 568 -1
568 1027 -1
196 568 -1
195 568 -1
300 568 -1
403 568 -1
568 1183 -1
351 568 -1
23 1299 -1
1114 1299 -1
179 1299 -1
853 1299 -1
1166 1299 -1
770 939 -1
56 770 -1
732 770 -1
1015 1153 -1
81 1153 -1
318 495 -1
143 185 -1
185 557 -1
143 913 -1
143 1069 -1
143 446 -1
143 1433 -1
1165 1524 -1
1374 1524 -1
1238 1455 -1
0 1238 -1
1 1238 -1
520 1238 -1
1238 1404 -1
1195 1238 -1
623 1238 -1
572 1238 -1
758 1439 -1
963 1236 -1
548 1236 -1
963 1392 -1
404 963 -1
455 963 -1
288 947 -1
392 947 -1
132 947 -1
133 947 -1
241 778 -1
241 361 -1
51 241 -1
241 1245 -1
27 1431 -1
442 1431 -1
390 1431 -1
1431 1534 -1
182 1431 -1
79 1431 -1
27 1119 -1
987 1053 -1
987 1366 -1
1199 1341 -1
264 1341 -1
1252 1341 -1
991 1341 -1
666 1199 -1
133 1038 -1
288 1038 -1
392 1038 -1
132 1038 -1
133 934 -1
103 133 -1
788 1416 -1
688 788 -1
65 788 -1
788 999 -1
1075 1163 -1
1128 1163 -1
920 1163 -1
452 1163 -1
348 1163 -1
556 1163 -1
158 212 -1
212 1250 -1
212 261 -1
212 1354 -1
212 989 -1
212 1457 -1
212 470 -1
212 522 -1
158 731 -1
158 471 -1
1412 1496 -1
1027 1412 -1
351 1412 -1
195 1412 -1
1412 1495 -1
334 1335 -1
334 1076 -1
652 989 -1
989 1328 -1
652 1250 -1
261 652 -1
652 1354 -1
652 1457 -1
470 652 -1
522 652 -1
158 652 -1
956 1030 -1
1030 1424 -1
177 1030 -1
539 1030 -1
1030 1475 -1
733 1033 -1
1033 1149 -1
422 1033 -1
719 1007 -1
824 1007 -1
252 1007 -1
1007 1031 -1
176 719 -1
719 1423 -1
332 719 -1
383 719 -1
457 839 -1
216 457 -1
11 539 -1
539 737 -1
218 539 -1
11 1424 -1
11 177 -1
11 1475 -1
11 956 -1
530 1082 -1
1082 1362 -1
530 1445 -1
218 797 -1
737 797 -1
11 797 -1
1095 1349 -1
783 1349 -1
306 639 -1
513 639 -1
98 639 -1
46 639 -1
47 639 -1
639 721 -1
639 878 -1
151 639 -1
639 1502 -1
320 325 -1
320 430 -1
74 709 -1
698 709 -1
709 957 -1
709 958 -1
74 294 -1
74 1385 -1
74 970 -1
74 814 -1
74 761 -1
74 346 -1
74 189 -1
85 734 -1
85 1254 -1
610 1321 -1
869 1321 -1
39 1321 -1
1321 1545 -1
713 1321 -1
1321 1390 -1
297 1321 -1
350 1321 -1
385 610 -1
610 905 -1
610 1477 -1
489 610 -1
682 1228 -1
838 1228 -1
1360 1500 -1
781 971 -1
262 971 -1
781 868 -1
244 781 -1
781 1544 -1
781 1387 -1
781 1232 -1
781 1492 -1
88 781 -1
660 781 -1
191 781 -1
1460 1555 -1
932 1460 -1
31 638 -1
974 1030 -1
505 1030 -1
402 1030 -1
91 1030 -1
558 1030 -1
1128 1407 -1
920 1407 -1
452 1407 -1
1075 1407 -1
348 1407 -1
556 1407 -1
368 1128 -1
887 1128 -1
523 1128 -1
1128 1148 -1
1128 1251 -1
622 645 -1
645 1298 -1
622 1270 -1
222 1453 -1
94 965 -1
1045 1245 -1
1045 1090 -1
102 1045 -1
361 1045 -1
778 1045 -1
51 1045 -1
1045 1402 -1
155 1045 -1
1013 1216 -1
805 1216 -1
702 1216 -1
786 1435 -1
163 1435 -1
526 1435 -1
442 469 -1
27 469 -1
390 469 -1
469 1534 -1
182 469 -1
79 469 -1
442 678 -1
55 442 -1
123 956 -1
123 1424 -1
123 177 -1
123 539 -1
123 1475 -1
223 773 -1
224 773 -1
744 773 -1
691 773 -1
276 773 -1
773 951 -1
223 825 -1
223 565 -1
138 385 -1
138 489 -1
138 1321 -1
902 1384 -1
760 902 -1
902 1279 -1
902 1332 -1
239 902 -1
132 900 -1
288 900 -1
392 900 -1
133 900 -1
89 1361 -1
89 998 -1
89 1518 -1
89 529 -1
89 1102 -1
89 374 -1
89 1465 -1
89 217 -1
89 1309 -1
89 894 -1
63 89 -1
336 1049 -1
544 1049 -1
129 1049 -1
1049 1219 -1
492 1049 -1
1049 1063 -1
336 1101 -1
336 1517 -1
98 1383 -1
513 1383 -1
46 1383 -1
47 1383 -1
306 1383 -1
151 1383 -1
1383 1502 -1
98 1540 -1
98 863 -1
98 1539 -1
98 604 -1
98 1071 -1
658 753 -1
753 1178 -1
658 909 -1
658 961 -1
658 1481 -1
658 1170 -1
649 658 -1
859 1233 -1
494 1406 -1
494 834 -1
106 494 -1
849 1364 -1
953 1364 -1
642 1364 -1
381 1364 -1
433 1364 -1
1213 1364 -1
116 849 -1
849 895 -1
670 1056 -1
670 1472 -1
670 848 -1
670 1003 -1
16 670 -1
17 670 -1
275 670 -1
816 1558 -1
816 986 -1
205 624 -1
902 997 -1
902 946 -1
62 902 -1
652 732 -1
732 1328 -1
56 652 -1
652 939 -1
298 1125 -1
298 1073 -1
298 866 -1
298 1333 -1
378 1528 -1
378 800 -1
378 696 -1
403 441 -1
441 1027 -1
196 441 -1
40 441 -1
300 441 -1
195 441 -1
351 441 -1
441 1183 -1
1165 1176 -1
1176 1374 -1
957 1225 -1
74 1225 -1
698 1225 -1
958 1225 -1
601 957 -1
30 957 -1
289 957 -1
734 1321 -1
1254 1321 -1
385 734 -1
734 905 -1
734 1477 -1
489 734 -1
872 935 -1
247 935 -1
155 313 -1
313 361 -1
313 1090 -1
313 1402 -1
313 1245 -1
102 313 -1
982 1304 -1
201 1304 -1
930 1304 -1
514 1304 -1
836 982 -1
982 1511 -1
982 1355 -1
109 982 -1
982 1459 -1
982 1303 -1
628 1283 -1
317 481 -1
481 1410 -1
481 1462 -1
266 481 -1
481 1201 -1
481 630 -1
481 889 -1
481 1514 -1
524 1090 -1
102 524 -1
361 524 -1
362 524 -1
524 1037 -1
50 524 -1
524 1401 -1
524 1402 -1
155 524 -1
524 1245 -1
293 1289 -1
1073 1289 -1
866 1289 -1
293 1134 -1
293 1446 -1
433 754 -1
642 754 -1
754 1006 -1
754 1213 -1
754 849 -1
18 754 -1
754 1110 -1
754 953 -1
754 954 -1
381 754 -1
382 754 -1
34 1378 -1
100 1107 -1
100 1368 -1
283 392 -1
283 288 -1
132 283 -1
133 283 -1
372 1466 -1
1464 1466 -1
60 1466 -1
372 1205 -1
595 980 -1
232 980 -1
752 980 -1
439 980 -1
388 980 -1
980 1375 -1
149 595 -1
52 1135 -1
779 1135 -1
67 1003 -1
67 1472 -1
67 1056 -1
67 848 -1
67 1004 -1
67 172 -1
16 67 -1
17 67 -1
67 275 -1
176 240 -1
240 383 -1
240 332 -1
240 1007 -1
176 811 -1
176 915 -1
204 1521 -1
672 1521 -1
1348 1521 -1
1191 1521 -1
360 1521 -1
1451 1521 -1
1452 1521 -1
984 1521 -1
723 1521 -1
1400 1521 -1
412 1521 -1
1087 1521 -1
204 1313 -1
204 794 -1
204 377 -1
1235 1262 -1
1132 1262 -1
507 1262 -1
92 1262 -1
1235 1314 -1
1235 1417 -1
1002 1235 -1
898 1235 -1
429 1235 -1
1235 1522 -1
