519 884 1
832 1403 1
571 987 1
624 1404 1
416 1039 1
208 1403 1
208 832 1
208 520 1
520 832 1
520 1403 1
883 1092 1
156 157 1
467 675 1
0 207 1
780 936 1
365 365 1
418 1250 1
573 1510 1
418 730 1
730 1250 1
574 1250 1
418 574 1
574 730 1
989 1197 1
1301 1353 1
107 262 1
522 678 1
55 1510 1
55 573 1
522 626 1
626 678 1
263 731 1
1199 1252 1
471 1355 1
211 472 1
56 940 1
160 1304 1
1407 1512 1
472 1096 1
211 1096 1
939 1355 1
471 939 1
1095 1252 1
1095 1199 1
940 1044 1
56 1044 1
59 1306 1
578 629 1
1097 1410 1
474 1410 1
474 1097 1
578 1462 1
629 1462 1
525 1149 1
318 1046 1
58 837 1
526 734 1
526 889 1
734 889 1
526 785 1
785 889 1
734 785 1
112 216 1
580 1151 1
787 1516 1
788 1516 1
787 788 1
113 631 1
1412 1516 1
787 1412 1
788 1412 1
319 892 1
1307 1411 1
267 1047 1
113 943 1
631 943 1
9 528 1
945 1309 1
269 1362 1
321 893 1
322 997 1
218 841 1
10 997 1
10 322 1
270 1362 1
269 270 1
1050 1154 1
841 894 1
218 894 1
10 1153 1
322 1153 1
997 1153 1
687 1155 1
635 843 1
65 1104 1
271 1312 1
65 792 1
792 1104 1
116 272 1
64 480 1
13 1103 1
1259 1312 1
271 1259 1
12 844 1
1259 1260 1
1260 1312 1
271 1260 1
482 1261 1
1053 1054 1
1105 1313 1
378 1313 1
378 1105 1
742 1106 1
638 1418 1
481 534 1
482 1001 1
1001 1261 1
430 845 1
378 1210 1
1210 1313 1
1105 1210 1
1054 1417 1
1053 1417 1
1107 1108 1
483 1471 1
1003 1107 1
1003 1108 1
17 1419 1
121 1472 1
120 1107 1
120 1003 1
120 1108 1
224 1264 1
1263 1367 1
639 1367 1
639 1263 1
172 536 1
1108 1211 1
120 1211 1
1107 1211 1
1003 1211 1
641 1421 1
694 798 1
1213 1526 1
225 485 1
485 1317 1
225 1317 1
1213 1525 1
1525 1526 1
277 746 1
1266 1369 1
1058 1474 1
122 381 1
590 850 1
1005 1370 1
850 850 1
125 1528 1
904 1215 1
435 487 1
903 1267 1
73 696 1
591 1527 1
383 592 1
436 1060 1
539 540 1
384 435 1
384 487 1
487 1267 1
384 1267 1
435 1267 1
487 903 1
179 854 1
282 1114 1
438 802 1
126 281 1
1166 1321 1
957 1217 1
127 957 1
127 1217 1
74 334 1
229 1009 1
386 1217 1
386 957 1
127 386 1
750 957 1
750 1217 1
386 750 1
127 750 1
336 388 1
492 647 1
284 959 1
752 804 1
180 1532 1
751 804 1
751 752 1
544 751 1
544 752 1
544 804 1
231 908 1
388 1220 1
336 1220 1
959 1323 1
284 1323 1
233 961 1
79 806 1
233 285 1
285 961 1
286 1117 1
1170 1170 1
1482 1534 1
1533 1533 1
1378 1534 1
1378 1482 1
27 702 1
494 650 1
131 285 1
131 233 1
131 961 1
29 184 1
496 808 1
236 444 1
391 1536 1
600 911 1
808 1015 1
496 1015 1
756 808 1
496 756 1
756 1015 1
704 1483 1
28 1067 1
963 964 1
444 1276 1
236 1276 1
237 1537 1
1173 1538 1
758 1174 1
446 1070 1
30 1277 1
134 1329 1
135 1433 1
186 550 1
549 706 1
186 1329 1
550 1329 1
134 186 1
30 1537 1
1277 1537 1
30 237 1
447 1436 1
499 1384 1
344 447 1
344 1436 1
239 447 1
239 344 1
239 1436 1
240 552 1
1176 1228 1
187 863 1
916 1176 1
916 1228 1
33 84 1
551 1279 1
187 188 1
188 863 1
554 970 1
450 1177 1
657 1437 1
761 917 1
605 1229 1
138 139 1
450 1333 1
1177 1333 1
657 1021 1
1021 1437 1
345 1542 1
346 1282 1
762 813 1
918 1282 1
346 918 1
296 711 1
244 1024 1
36 348 1
763 1491 1
1024 1387 1
244 1387 1
867 1127 1
1024 1180 1
1180 1387 1
244 1180 1
348 711 1
36 711 1
296 348 1
399 1024 1
399 1180 1
399 1387 1
244 399 1
454 1286 1
869 921 1
1181 1442 1
350 1181 1
350 1442 1
506 870 1
402 1234 1
401 402 1
401 1234 1
713 714 1
869 973 1
921 973 1
610 1546 1
142 298 1
870 1078 1
506 1078 1
663 1391 1
93 247 1
871 1080 1
715 871 1
715 1080 1
144 351 1
924 976 1
247 507 1
93 507 1
1339 1392 1
611 820 1
611 1184 1
820 1184 1
144 1184 1
351 1184 1
144 611 1
144 820 1
717 1238 1
95 718 1
1237 1238 1
717 1237 1
822 1030 1
353 769 1
1446 1446 1
458 1445 1
405 1393 1
1393 1498 1
405 1498 1
198 250 1
458 509 1
509 1445 1
353 1394 1
769 1394 1
719 1395 1
356 1135 1
303 1292 1
304 1031 1
512 1239 1
44 875 1
1187 1447 1
772 1499 1
97 199 1
97 303 1
199 303 1
97 1292 1
45 1136 1
823 1239 1
512 823 1
1449 1450 1
773 825 1
722 1242 1
1086 1294 1
982 1449 1
982 1450 1
253 514 1
774 1189 1
982 1086 1
1086 1449 1
1086 1450 1
982 1294 1
565 1346 1
47 357 1
305 1450 1
305 1449 1
305 1086 1
305 982 1
48 1243 1
932 1243 1
48 932 1
516 1087 1
49 360 1
724 776 1
48 255 1
255 1243 1
255 932 1
359 1347 1
671 1088 1
153 567 1
101 1139 1
723 1192 1
255 1088 1
48 1088 1
1088 1243 1
932 1088 1
255 671 1
361 570 1
1297 1505 1
570 570 1
985 1454 1
310 1401 1
102 310 1
102 1401 1
570 1089 1
361 1089 1
309 1401 1
102 309 1
309 310 1
361 881 1
881 1089 1
570 881 1
820 959 -1
959 1184 -1
144 959 -1
611 959 -1
820 1323 -1
284 820 -1
94 755 -1
482 1248 -1
1001 1248 -1
1248 1261 -1
388 1347 -1
336 1347 -1
1220 1347 -1
359 388 -1
956 1169 -1
526 1548 -1
889 1548 -1
734 1548 -1
785 1548 -1
346 1139 -1
1139 1282 -1
918 1139 -1
101 346 -1
585 1295 -1
1472 1550 -1
121 1550 -1
27 1009 -1
702 1009 -1
27 229 -1
1158 1403 -1
832 1158 -1
208 1158 -1
520 1158 -1
327 506 -1
327 1078 -1
327 870 -1
392 1151 -1
392 580 -1
331 1329 -1
186 331 -1
331 550 -1
134 331 -1
709 1169 -1
700 1140 -1
453 1198 -1
1134 1350 -1
1131 1422 -1
463 1081 -1
508 1497 -1
288 1215 -1
288 904 -1
308 973 -1
308 921 -1
308 869 -1
950 1385 -1
1068 1170 -1
187 988 -1
188 988 -1
863 988 -1
686 948 -1
1340 1554 -1
525 1082 -1
1082 1149 -1
1280 1344 -1
166 520 -1
166 208 -1
166 832 -1
166 1403 -1
1271 1446 -1
645 1234 -1
401 645 -1
402 645 -1
30 527 -1
527 1537 -1
527 1277 -1
237 527 -1
187 1396 -1
188 1396 -1
863 1396 -1
333 1016 -1
405 1090 -1
1090 1393 -1
1090 1498 -1
1209 1292 -1
97 1209 -1
303 1209 -1
327 459 -1
144 1416 -1
1184 1416 -1
611 1416 -1
820 1416 -1
351 1416 -1
311 710 -1
79 606 -1
606 806 -1
726 1313 -1
726 1105 -1
378 726 -1
726 1210 -1
1147 1201 -1
1021 1138 -1
657 1138 -1
1138 1437 -1
963 1480 -1
964 1480 -1
782 1476 -1
953 1350 -1
89 727 -1
783 1435 -1
50 495 -1
42 966 -1
217 944 -1
815 826 -1
534 1109 -1
481 1109 -1
707 949 -1
1183 1455 -1
799 1227 -1
30 148 -1
148 1537 -1
148 1277 -1
148 237 -1
657 1121 -1
1121 1437 -1
1021 1121 -1
503 1500 -1
679 1471 -1
483 679 -1
743 986 -1
809 1396 -1
69 250 -1
69 198 -1
1331 1557 -1
848 1196 -1
577 1088 -1
48 577 -1
255 577 -1
577 932 -1
577 1243 -1
577 671 -1
35 765 -1
2 846 -1
1160 1220 -1
336 1160 -1
388 1160 -1
22 707 -1
883 1447 -1
1092 1447 -1
883 1187 -1
594 1193 -1
286 1303 -1
1117 1303 -1
473 1059 -1
733 1076 -1
392 1041 -1
173 626 -1
173 522 -1
173 678 -1
485 587 -1
225 587 -1
587 1317 -1
408 576 -1
465 679 -1
154 930 -1
839 1032 -1
136 956 -1
1006 1028 -1
263 1159 -1
731 1159 -1
247 308 -1
308 507 -1
93 308 -1
445 503 -1
39 149 -1
173 1338 -1
727 829 -1
1468 1527 -1
591 1468 -1
135 1491 -1
1433 1491 -1
135 763 -1
599 881 -1
361 599 -1
570 599 -1
599 1089 -1
455 1463 -1
286 990 -1
990 1117 -1
363 366 -1
713 747 -1
714 747 -1
466 749 -1
812 1127 -1
812 867 -1
137 272 -1
116 137 -1
1260 1499 -1
1312 1499 -1
1259 1499 -1
271 1499 -1
772 1260 -1
226 947 -1
142 1094 -1
298 1094 -1
252 1470 -1
829 967 -1
695 1135 -1
356 695 -1
46 243 -1
529 576 -1
813 1020 -1
762 1020 -1
784 856 -1
486 1183 -1
31 1526 -1
31 1213 -1
31 1525 -1
433 1042 -1
60 519 -1
60 884 -1
191 1345 -1
702 917 -1
27 917 -1
702 761 -1
8 1536 -1
8 391 -1
601 1068 -1
545 602 -1
809 919 -1
457 755 -1
444 512 -1
512 1276 -1
236 512 -1
444 823 -1
444 1239 -1
1277 1504 -1
1504 1537 -1
30 1504 -1
346 696 -1
696 1282 -1
696 918 -1
73 346 -1
692 999 -1
331 1271 -1
773 1168 -1
825 1168 -1
315 1557 -1
267 1050 -1
1047 1050 -1
267 1154 -1
262 1411 -1
107 1411 -1
262 1307 -1
1304 1446 -1
160 1446 -1
1161 1504 -1
433 566 -1
665 678 -1
522 665 -1
626 665 -1
591 990 -1
990 1527 -1
430 1518 -1
845 1518 -1
262 1320 -1
107 1320 -1
783 893 -1
321 783 -1
22 1219 -1
558 1067 -1
28 558 -1
1366 1499 -1
772 1366 -1
946 1038 -1
138 429 -1
139 429 -1
362 1267 -1
362 384 -1
362 487 -1
362 435 -1
362 903 -1
829 1555 -1
949 1410 -1
949 1097 -1
474 949 -1
882 918 -1
882 1282 -1
346 882 -1
667 670 -1
178 1359 -1
767 1114 -1
282 767 -1
213 616 -1
714 743 -1
713 743 -1
210 1027 -1
991 1370 -1
991 1005 -1
536 1237 -1
172 1237 -1
536 717 -1
536 1238 -1
33 1201 -1
84 1201 -1
527 770 -1
1148 1332 -1
139 1263 -1
138 1263 -1
139 639 -1
139 1367 -1
709 905 -1
870 1492 -1
506 1492 -1
1078 1492 -1
547 647 -1
492 547 -1
994 1374 -1
19 171 -1
429 614 -1
3 1326 -1
244 916 -1
916 1024 -1
916 1387 -1
916 1180 -1
399 916 -1
244 1176 -1
244 1228 -1
1274 1376 -1
225 1273 -1
485 1273 -1
1273 1317 -1
639 1085 -1
1085 1263 -1
1085 1367 -1
1127 1222 -1
867 1222 -1
94 519 -1
94 884 -1
480 1276 -1
64 1276 -1
236 480 -1
444 480 -1
188 838 -1
187 838 -1
838 863 -1
577 1124 -1
505 1535 -1
938 1547 -1
412 688 -1
397 857 -1
873 1504 -1
465 1542 -1
345 465 -1
501 1091 -1
911 1298 -1
600 1298 -1
64 400 -1
400 480 -1
347 914 -1
275 393 -1
448 893 -1
321 448 -1
608 825 -1
608 773 -1
92 1113 -1
570 967 -1
361 967 -1
881 967 -1
967 1089 -1
354 530 -1
566 771 -1
130 1433 -1
130 135 -1
587 1265 -1
685 1441 -1
504 1520 -1
35 388 -1
35 336 -1
35 1220 -1
358 1477 -1
157 510 -1
156 510 -1
1244 1346 -1
565 1244 -1
387 986 -1
1180 1382 -1
1024 1382 -1
1382 1387 -1
244 1382 -1
399 1382 -1
