623 1455 1
727 1195 1
207 468 1
883 1403 1
259 1091 1
988 1455 1
623 988 1
208 1508 1
208 728 1
728 1508 1
53 571 1
1092 1456 1
1351 1352 1
1040 1351 1
1040 1352 1
883 1196 1
1196 1403 1
832 987 1
467 519 1
832 1040 1
987 1040 1
832 1352 1
832 1351 1
676 1091 1
259 676 1
311 312 1
207 1507 1
468 1507 1
159 1406 1
937 1145 1
209 313 1
54 574 1
885 938 1
678 990 1
210 314 1
1042 1457 1
522 1458 1
209 782 1
313 782 1
366 730 1
54 730 1
574 730 1
54 366 1
314 834 1
210 834 1
417 1301 1
781 1405 1
3 626 1
314 833 1
210 833 1
833 834 1
730 886 1
574 886 1
54 886 1
366 886 1
784 1355 1
992 1407 1
109 732 1
1043 1512 1
524 1044 1
56 1407 1
56 992 1
628 1303 1
576 732 1
109 576 1
1096 1148 1
627 1044 1
524 627 1
367 991 1
731 784 1
731 1355 1
991 1355 1
367 1355 1
784 991 1
731 991 1
368 1511 1
1147 1148 1
1096 1147 1
523 1199 1
160 1512 1
160 1043 1
109 1512 1
576 1512 1
732 1512 1
109 160 1
109 1043 1
422 890 1
838 890 1
422 838 1
890 1462 1
838 1462 1
422 1462 1
58 474 1
6 1254 1
578 1410 1
526 1514 1
7 578 1
7 1410 1
58 733 1
474 733 1
111 163 1
681 1202 1
786 1254 1
6 786 1
838 1514 1
890 1514 1
1462 1514 1
422 1514 1
526 838 1
473 993 1
681 786 1
786 1202 1
6 681 1
681 1254 1
735 1464 1
1048 1516 1
631 787 1
684 1308 1
371 371 1
267 631 1
267 787 1
684 944 1
944 1308 1
1359 1360 1
839 995 1
215 1256 1
839 996 1
995 996 1
1360 1515 1
1359 1515 1
268 736 1
892 943 1
267 943 1
787 943 1
631 943 1
267 892 1
216 995 1
216 996 1
216 839 1
113 1464 1
113 735 1
11 1154 1
269 530 1
477 1310 1
478 1517 1
322 686 1
426 1206 1
529 1310 1
477 529 1
1310 1518 1
529 1518 1
477 1518 1
478 1101 1
1101 1517 1
737 1413 1
11 1153 1
1153 1154 1
10 1361 1
790 945 1
269 322 1
322 530 1
269 686 1
530 1257 1
322 1257 1
269 1257 1
1102 1361 1
10 1102 1
789 1414 1
428 1415 1
1207 1364 1
117 1207 1
117 1364 1
532 1311 1
169 1052 1
169 739 1
739 1052 1
219 1364 1
117 219 1
219 1207 1
583 636 1
428 1000 1
1000 1415 1
1103 1260 1
584 1312 1
117 220 1
219 220 1
220 1364 1
220 1207 1
636 1416 1
583 1416 1
843 1208 1
219 479 1
220 479 1
479 1364 1
117 479 1
479 1207 1
325 1418 1
222 1313 1
222 897 1
897 1313 1
325 1053 1
1053 1418 1
533 1054 1
846 1001 1
430 585 1
14 118 1
66 1261 1
1002 1366 1
274 845 1
1001 1106 1
846 1106 1
15 898 1
119 378 1
15 1522 1
898 1522 1
222 638 1
638 1313 1
638 897 1
1314 1417 1
1053 1314 1
1314 1418 1
325 1314 1
1053 1417 1
899 1263 1
327 796 1
276 1159 1
483 536 1
327 380 1
380 796 1
847 1367 1
743 1523 1
17 848 1
379 1264 1
328 899 1
328 1263 1
483 484 1
484 536 1
796 1108 1
380 1108 1
327 1108 1
795 796 1
795 1108 1
380 795 1
327 795 1
379 1107 1
1107 1264 1
172 744 1
223 379 1
223 1264 1
223 1107 1
746 1370 1
537 746 1
537 1370 1
589 1057 1
71 225 1
901 1109 1
485 1473 1
798 798 1
694 1006 1
849 1525 1
797 1266 1
174 590 1
175 641 1
1213 1421 1
850 1370 1
537 850 1
746 850 1
642 1057 1
589 642 1
434 850 1
434 537 1
434 1370 1
434 746 1
329 485 1
329 1473 1
798 1214 1
123 277 1
903 1111 1
1060 1111 1
903 1060 1
177 1371 1
280 643 1
73 852 1
279 540 1
1059 1268 1
177 331 1
331 1371 1
644 1008 1
279 1112 1
540 1112 1
228 1475 1
488 1215 1
280 1476 1
643 1476 1
435 487 1
279 1007 1
1007 1112 1
540 1007 1
124 1371 1
124 177 1
124 331 1
331 1527 1
177 1527 1
1371 1527 1
124 1527 1
1322 1426 1
281 1061 1
1010 1322 1
1010 1426 1
542 802 1
127 594 1
594 1425 1
127 1425 1
542 1477 1
802 1477 1
750 1426 1
750 1322 1
750 1010 1
75 1218 1
75 1217 1
1217 1218 1
697 698 1
178 1114 1
593 957 1
179 645 1
75 1373 1
1217 1373 1
1218 1373 1
542 1217 1
802 1217 1
1217 1477 1
75 542 1
542 1218 1
542 1373 1
855 1064 1
283 1479 1
24 907 1
1063 1532 1
232 283 1
232 1479 1
335 959 1
283 752 1
232 752 1
752 1479 1
647 1064 1
647 855 1
76 388 1
77 648 1
596 1271 1
440 1480 1
439 492 1
804 1323 1
129 1272 1
959 1219 1
335 1219 1
856 1271 1
596 856 1
595 1271 1
595 856 1
595 596 1
648 1428 1
77 1428 1
234 858 1
26 1065 1
1118 1429 1
1533 1533 1
493 858 1
234 493 1
442 857 1
1274 1377 1
78 1222 1
1118 1481 1
1429 1481 1
26 79 1
79 1065 1
389 1377 1
389 1274 1
338 390 1
754 1377 1
754 1274 1
389 754 1
910 1170 1
338 1014 1
390 1014 1
650 1534 1
754 1221 1
1221 1377 1
1221 1274 1
389 1221 1
860 1380 1
29 1536 1
756 1224 1
235 1172 1
599 652 1
1224 1535 1
756 1535 1
652 911 1
599 911 1
184 1432 1
495 912 1
183 651 1
600 755 1
1120 1276 1
236 859 1
235 547 1
547 1172 1
81 1536 1
29 81 1
1015 1119 1
1431 1535 1
1224 1431 1
756 1431 1
80 548 1
807 859 1
236 807 1
133 1276 1
133 1120 1
497 1225 1
82 1174 1
237 549 1
341 1174 1
82 341 1
238 498 1
757 966 1
134 1382 1
706 1538 1
810 810 1
446 914 1
394 1017 1
809 1330 1
601 1121 1
83 1485 1
966 1382 1
757 1382 1
134 966 1
965 1537 1
289 1226 1
31 342 1
237 602 1
549 602 1
445 1537 1
445 965 1
82 1382 1
341 1382 1
1174 1382 1
82 134 1
82 966 1
82 757 1
292 448 1
32 915 1
291 1228 1
1020 1071 1
447 604 1
655 811 1
916 1123 1
915 1436 1
32 1436 1
240 1279 1
396 811 1
396 655 1
292 655 1
448 655 1
292 811 1
292 396 1
396 448 1
448 811 1
396 864 1
448 864 1
811 864 1
292 864 1
655 864 1
916 1071 1
1071 1123 1
916 1020 1
239 759 1
1126 1489 1
502 1334 1
1125 1385 1
1021 1386 1
1178 1490 1
345 450 1
87 658 1
917 1541 1
1281 1282 1
190 865 1
86 814 1
710 1021 1
710 1386 1
762 1333 1
1022 1126 1
1022 1489 1
397 865 1
190 397 1
86 1229 1
814 1229 1
918 1021 1
918 1386 1
710 918 1
1022 1333 1
1333 1489 1
1126 1333 1
762 1022 1
243 1492 1
503 764 1
243 1232 1
1232 1492 1
88 763 1
1128 1491 1
919 1076 1
191 1544 1
763 1127 1
88 1127 1
659 1388 1
504 1336 1
399 1440 1
37 1179 1
140 1492 1
140 1232 1
140 243 1
89 1024 1
1231 1544 1
191 1231 1
37 1439 1
1179 1439 1
555 608 1
141 920 1
972 1491 1
972 1128 1
295 1024 1
89 295 1
454 661 1
1182 1233 1
974 1130 1
91 661 1
91 454 1
453 1442 1
91 453 1
453 661 1
453 454 1
91 1442 1
922 1442 1
91 922 1
453 922 1
1025 1026 1
921 1025 1
921 1026 1
661 818 1
91 818 1
453 818 1
454 818 1
350 1181 1
39 765 1
453 1337 1
1337 1442 1
454 1337 1
818 1337 1
661 1337 1
922 1337 1
91 1337 1
612 1027 1
455 1131 1
144 716 1
351 1236 1
768 1340 1
352 352 1
611 611 1
299 1339 1
248 1444 1
145 351 1
145 1236 1
456 560 1
559 975 1
1288 1288 1
715 1184 1
507 1028 1
93 767 1
352 1443 1
820 1339 1
299 820 1
93 404 1
404 767 1
40 1236 1
40 145 1
40 351 1
300 507 1
300 1028 1
95 302 1
42 1289 1
562 978 1
43 717 1
457 666 1
561 926 1
873 926 1
561 873 1
666 1134 1
457 1134 1
717 1394 1
43 1394 1
977 1393 1
42 353 1
353 1289 1
43 509 1
509 1394 1
509 717 1
614 1341 1
354 1498 1
666 770 1
457 770 1
770 1134 1
302 1341 1
95 1341 1
302 614 1
665 1497 1
251 616 1
1343 1552 1
1031 1187 1
616 1552 1
251 1552 1
616 1343 1
149 1240 1
44 875 1
45 1239 1
44 1396 1
875 1396 1
460 1135 1
512 668 1
149 927 1
927 1240 1
251 771 1
616 771 1
771 1552 1
719 1499 1
96 1136 1
251 1551 1
616 1551 1
1551 1552 1
771 1551 1
304 772 1
45 928 1
928 1239 1
669 1138 1
306 618 1
253 1501 1
721 1397 1
150 618 1
150 306 1
99 1450 1
1501 1553 1
253 1553 1
46 151 1
202 1450 1
99 202 1
670 721 1
670 1397 1
1086 1137 1
617 1293 1
46 1242 1
151 1242 1
826 1033 1
47 1241 1
201 409 1
566 1397 1
566 721 1
566 670 1
306 669 1
618 669 1
150 669 1
306 1138 1
1036 1400 1
1140 1295 1
619 1243 1
255 620 1
879 984 1
411 776 1
153 931 1
49 1400 1
49 1036 1
776 1400 1
411 1400 1
49 776 1
776 1036 1
100 724 1
48 100 1
48 724 1
776 879 1
879 1400 1
49 879 1
411 879 1
879 1036 1
776 984 1
48 1139 1
724 1139 1
100 1139 1
775 1244 1
827 983 1
413 1558 1
829 882 1
777 933 1
465 517 1
51 830 1
777 881 1
881 933 1
621 1453 1
466 1401 1
258 518 1
518 1194 1
258 1194 1
1090 1506 1
1349 1506 1
1090 1349 1
361 725 1
518 934 1
258 934 1
934 1194 1
51 1557 1
830 1557 1
154 1506 1
154 1090 1
154 1349 1
1090 1505 1
1505 1506 1
1349 1505 1
154 1505 1
949 1247 1
1247 1247 1
949 949 1
749 1214 1
1214 1214 1
749 749 1
749 798 1
671 805 1
805 805 1
671 671 1
557 999 1
999 999 1
557 557 1
665 1517 1
1497 1517 1
1517 1517 1
665 665 1
665 1101 1
478 665 1
726 1073 1
1073 1073 1
726 726 1
621 1288 1
1288 1453 1
621 621 1
403 868 1
868 868 1
403 403 1
321 387 1
387 387 1
321 321 1
31 922 1
922 922 1
342 922 1
31 1442 1
31 453 1
31 1337 1
31 91 1
31 31 1
927 1378 1
1240 1378 1
1378 1378 1
149 1378 1
927 927 1
404 780 1
780 780 1
93 780 1
767 780 1
404 404 1
1250 1319 1
1319 1319 1
1250 1250 1
580 668 1
668 668 1
512 580 1
580 580 1
742 1151 1
1151 1151 1
742 742 1
352 708 1
708 1443 1
708 708 1
237 1279 1
602 1279 1
549 1279 1
1279 1279 1
237 240 1
237 237 1
106 1226 1
1226 1226 1
106 289 1
106 106 1
584 1010 1
1010 1312 1
1010 1010 1
584 584 1
584 1322 1
584 750 1
584 1426 1
366 1322 1
730 1322 1
1322 1322 1
886 1322 1
54 1322 1
366 584 1
366 1010 1
366 366 1
366 1426 1
366 750 1
44 1350 1
875 1350 1
1350 1396 1
1350 1350 1
44 44 1
874 1283 1
1283 1283 1
874 874 1
988 1472 1
1472 1472 1
623 1472 1
1455 1472 1
988 988 1
642 987 1
987 1057 1
987 987 1
589 987 1
642 832 1
642 642 1
642 1040 1
636 850 1
850 1416 1
850 850 1
583 850 1
636 746 1
434 636 1
537 636 1
636 1370 1
636 636 1
254 1299 1
1299 1299 1
254 254 1
1 920 1
920 920 1
1 1 1
1 141 1
271 1193 -1
308 472 -1
613 1255 -1
457 516 -1
516 666 -1
516 770 -1
516 1134 -1
48 1052 -1
724 1052 -1
1052 1139 -1
100 1052 -1
48 169 -1
48 739 -1
269 612 -1
612 1257 -1
530 612 -1
322 612 -1
612 686 -1
269 1027 -1
488 1144 -1
1144 1215 -1
1132 1286 -1
102 345 -1
102 450 -1
558 857 -1
442 558 -1
662 1237 -1
1244 1275 -1
775 1275 -1
310 563 -1
745 1082 -1
412 1274 -1
412 1377 -1
412 754 -1
389 412 -1
412 1221 -1
1270 1362 -1
384 1161 -1
937 1465 -1
1145 1465 -1
764 1130 -1
503 1130 -1
764 974 -1
1098 1269 -1
993 1164 -1
473 1164 -1
975 1252 -1
559 1252 -1
401 420 -1
177 1095 -1
331 1095 -1
1095 1371 -1
124 1095 -1
1095 1527 -1
1294 1556 -1
747 1211 -1
732 1366 -1
576 1366 -1
1366 1512 -1
109 1366 -1
732 1002 -1
373 1081 -1
481 1199 -1
481 523 -1
302 306 -1
306 1341 -1
306 614 -1
95 306 -1
302 618 -1
302 1138 -1
302 669 -1
150 302 -1
506 1492 -1
506 1232 -1
243 506 -1
140 506 -1
83 419 -1
419 1485 -1
1258 1267 -1
170 470 -1
119 1250 -1
378 1250 -1
175 958 -1
641 958 -1
816 833 -1
314 816 -1
816 834 -1
210 816 -1
762 872 -1
872 1333 -1
872 1022 -1
159 698 -1
698 1406 -1
159 697 -1
274 781 -1
781 845 -1
274 1405 -1
578 1237 -1
1237 1410 -1
7 1237 -1
469 863 -1
1140 1292 -1
1292 1295 -1
625 1306 -1
295 768 -1
768 1024 -1
89 768 -1
295 1340 -1
471 1378 -1
827 1114 -1
983 1114 -1
178 827 -1
584 863 -1
863 1312 -1
753 829 -1
753 882 -1
406 777 -1
406 881 -1
406 933 -1
575 1102 -1
575 1361 -1
10 575 -1
1346 1362 -1
20 433 -1
38 701 -1
164 1062 -1
27 897 -1
27 1313 -1
27 638 -1
27 222 -1
490 970 -1
69 963 -1
657 1055 -1
1163 1251 -1
1131 1295 -1
455 1295 -1
1131 1140 -1
527 1280 -1
976 1265 -1
573 1128 -1
573 1491 -1
573 972 -1
302 590 -1
590 1341 -1
590 614 -1
95 590 -1
174 302 -1
157 691 -1
410 881 -1
410 777 -1
410 933 -1
129 1525 -1
1272 1525 -1
129 849 -1
594 1074 -1
1074 1425 -1
127 1074 -1
19 304 -1
19 772 -1
887 1260 -1
887 1103 -1
384 981 -1
114 389 -1
114 1377 -1
114 1274 -1
114 754 -1
114 1221 -1
927 1462 -1
1240 1462 -1
149 1462 -1
927 1514 -1
890 927 -1
422 927 -1
838 927 -1
121 1549 -1
1012 1239 -1
928 1012 -1
45 1012 -1
1099 1287 -1
478 1298 -1
1298 1517 -1
1101 1298 -1
384 982 -1
478 1393 -1
1393 1517 -1
1101 1393 -1
478 977 -1
185 525 -1
925 1387 -1
181 1345 -1
339 1508 -1
208 339 -1
339 728 -1
407 1193 -1
24 436 -1
436 907 -1
712 1308 -1
712 944 -1
684 712 -1
813 1309 -1
663 1356 -1
39 1425 -1
765 1425 -1
39 594 -1
39 127 -1
1312 1444 -1
584 1444 -1
248 1312 -1
103 1464 -1
103 113 -1
103 735 -1
222 1217 -1
1217 1313 -1
638 1217 -1
897 1217 -1
222 802 -1
222 1477 -1
75 222 -1
222 1218 -1
222 1373 -1
222 542 -1
823 1186 -1
1075 1557 -1
51 1075 -1
830 1075 -1
835 1358 -1
136 462 -1
223 1439 -1
1264 1439 -1
1107 1439 -1
379 1439 -1
223 1179 -1
37 223 -1
463 1366 -1
463 1002 -1
505 1240 -1
149 505 -1
505 927 -1
612 719 -1
719 1027 -1
612 1499 -1
9 949 -1
582 886 -1
582 730 -1
366 582 -1
54 582 -1
574 582 -1
830 969 -1
51 969 -1
969 1557 -1
319 359 -1
470 1487 -1
1233 1423 -1
1182 1423 -1
685 1536 -1
81 685 -1
29 685 -1
1061 1128 -1
281 1128 -1
1061 1491 -1
972 1061 -1
467 1212 -1
519 1212 -1
228 256 -1
256 1475 -1
149 1067 -1
1067 1240 -1
927 1067 -1
713 1356 -1
0 13 -1
718 1072 -1
255 1142 -1
620 1142 -1
285 695 -1
362 410 -1
1219 1244 -1
335 1244 -1
959 1244 -1
775 1219 -1
191 1557 -1
1544 1557 -1
1231 1557 -1
51 191 -1
191 830 -1
645 1412 -1
179 1412 -1
1267 1335 -1
28 765 -1
28 39 -1
158 282 -1
391 593 -1
391 957 -1
437 917 -1
437 1541 -1
635 1479 -1
232 635 -1
635 752 -1
283 635 -1
384 878 -1
1312 1359 -1
584 1359 -1
1312 1360 -1
1312 1515 -1
340 1390 -1
1317 1339 -1
299 1317 -1
820 1317 -1
1274 1431 -1
1377 1431 -1
754 1431 -1
389 1431 -1
1221 1431 -1
1224 1274 -1
756 1274 -1
1274 1535 -1
204 1268 -1
204 1059 -1
211 1021 -1
211 1386 -1
211 918 -1
211 710 -1
199 775 -1
199 1244 -1
313 615 -1
209 615 -1
615 782 -1
555 579 -1
579 608 -1
283 1434 -1
232 1434 -1
752 1434 -1
1434 1479 -1
860 1231 -1
1231 1380 -1
860 1544 -1
191 860 -1
931 1491 -1
153 1491 -1
931 1128 -1
931 972 -1
156 1065 -1
26 156 -1
79 156 -1
1142 1340 -1
768 1142 -1
912 924 -1
495 924 -1
1390 1536 -1
81 1390 -1
29 1390 -1
579 1295 -1
579 1140 -1
1076 1497 -1
919 1497 -1
665 1076 -1
325 1112 -1
1112 1418 -1
1112 1314 -1
1053 1112 -1
325 1007 -1
325 540 -1
279 325 -1
31 904 -1
342 904 -1
396 404 -1
404 448 -1
404 864 -1
404 811 -1
292 404 -1
404 655 -1
93 396 -1
396 767 -1
475 848 -1
17 475 -1
56 769 -1
769 992 -1
769 1407 -1
752 1225 -1
232 1225 -1
283 1225 -1
1225 1479 -1
497 752 -1
303 977 -1
303 1393 -1
570 1372 -1
306 1162 -1
618 1162 -1
1138 1162 -1
669 1162 -1
150 1162 -1
347 967 -1
94 734 -1
1450 1523 -1
202 1523 -1
99 1523 -1
743 1450 -1
623 904 -1
904 988 -1
904 1455 -1
721 1443 -1
566 1443 -1
1397 1443 -1
670 1443 -1
352 721 -1
19 290 -1
23 818 -1
23 1337 -1
23 91 -1
23 661 -1
23 454 -1
23 453 -1
132 139 -1
14 891 -1
118 891 -1
119 366 -1
366 378 -1
119 730 -1
119 886 -1
54 119 -1
569 1196 -1
569 1403 -1
569 883 -1
541 1456 -1
541 1092 -1
354 962 -1
962 1498 -1
520 1256 -1
215 520 -1
158 167 -1
937 1015 -1
1015 1145 -1
937 1119 -1
166 1077 -1
100 429 -1
48 429 -1
429 1139 -1
429 724 -1
368 935 -1
935 1511 -1
1454 1503 -1
657 766 -1
332 1248 -1
146 180 -1
910 1131 -1
1131 1170 -1
455 910 -1
65 1499 -1
65 719 -1
64 788 -1
483 998 -1
536 998 -1
484 998 -1
246 510 -1
690 1067 -1
394 683 -1
683 1017 -1
483 1383 -1
536 1383 -1
484 1383 -1
420 1306 -1
862 1450 -1
202 862 -1
99 862 -1
604 890 -1
447 890 -1
604 1514 -1
604 838 -1
422 604 -1
604 1462 -1
427 1253 -1
9 522 -1
9 1458 -1
348 1292 -1
169 1140 -1
739 1140 -1
1052 1140 -1
169 1295 -1
568 761 -1
559 1333 -1
975 1333 -1
559 1489 -1
559 762 -1
559 1126 -1
559 1022 -1
922 1156 -1
1156 1337 -1
1156 1442 -1
91 1156 -1
453 1156 -1
283 1049 -1
232 1049 -1
752 1049 -1
1049 1479 -1
513 1097 -1
63 809 -1
63 1330 -1
622 950 -1
223 631 -1
631 1264 -1
631 1107 -1
379 631 -1
223 267 -1
223 787 -1
223 943 -1
63 418 -1
264 982 -1
402 883 -1
402 1403 -1
402 1196 -1
119 1027 -1
378 1027 -1
119 612 -1
255 644 -1
620 644 -1
255 1008 -1
668 1400 -1
512 1400 -1
668 776 -1
49 668 -1
411 668 -1
668 1036 -1
668 879 -1
48 678 -1
678 724 -1
678 1139 -1
100 678 -1
48 990 -1
121 804 -1
121 1323 -1
658 1113 -1
87 1113 -1
431 546 -1
129 969 -1
969 1272 -1
327 1464 -1
1108 1464 -1
380 1464 -1
795 1464 -1
796 1464 -1
113 327 -1
327 735 -1
467 748 -1
519 748 -1
318 1069 -1
882 1421 -1
829 1421 -1
882 1213 -1
486 1216 -1
548 1394 -1
80 1394 -1
43 548 -1
548 717 -1
509 548 -1
549 1439 -1
602 1439 -1
237 1439 -1
549 1179 -1
37 549 -1
1045 1435 -1
472 1376 -1
506 597 -1
370 719 -1
370 1499 -1
241 1191 -1
862 1112 -1
862 1007 -1
540 862 -1
279 862 -1
1093 1529 -1
744 1144 -1
172 1144 -1
821 825 -1
933 977 -1
777 977 -1
881 977 -1
933 1393 -1
7 771 -1
578 771 -1
771 1410 -1
7 616 -1
7 1552 -1
7 251 -1
7 1551 -1
137 1218 -1
137 1217 -1
75 137 -1
137 1373 -1
137 542 -1
153 587 -1
587 931 -1
213 346 -1
598 1166 -1
1291 1321 -1
645 715 -1
179 715 -1
645 1184 -1
1128 1372 -1
1372 1491 -1
972 1372 -1
1334 1544 -1
502 1544 -1
1231 1334 -1
191 1334 -1
339 1267 -1
314 960 -1
833 960 -1
210 960 -1
834 960 -1
681 1439 -1
1254 1439 -1
1202 1439 -1
786 1439 -1
6 1439 -1
681 1179 -1
37 681 -1
268 782 -1
736 782 -1
209 268 -1
268 313 -1
195 649 -1
1205 1432 -1
184 1205 -1
1108 1226 -1
380 1226 -1
795 1226 -1
796 1226 -1
327 1226 -1
289 1108 -1
200 978 -1
200 562 -1
775 1266 -1
1244 1266 -1
775 797 -1
797 1129 -1
1129 1266 -1
696 1190 -1
28 593 -1
28 957 -1
354 1138 -1
1138 1498 -1
306 354 -1
354 669 -1
1150 1379 -1
280 1156 -1
643 1156 -1
1156 1476 -1
157 1343 -1
157 1552 -1
157 616 -1
561 657 -1
657 873 -1
657 926 -1
147 541 -1
382 1348 -1
1039 1302 -1
424 1208 -1
424 843 -1
28 1304 -1
122 202 -1
122 1450 -1
99 122 -1
1203 1274 -1
1203 1377 -1
754 1203 -1
389 1203 -1
1203 1221 -1
279 469 -1
469 1112 -1
469 540 -1
469 1007 -1
128 254 -1
244 332 -1
352 1401 -1
1401 1443 -1
352 466 -1
21 512 -1
21 668 -1
1123 1389 -1
916 1389 -1
1071 1389 -1
444 961 -1
370 923 -1
662 1466 -1
624 941 -1
629 1521 -1
723 1416 -1
636 723 -1
583 723 -1
400 875 -1
400 1396 -1
44 400 -1
1358 1405 -1
781 1358 -1
605 752 -1
232 605 -1
283 605 -1
605 1479 -1
55 1033 -1
55 826 -1
3 519 -1
519 626 -1
3 467 -1
521 636 -1
521 1416 -1
521 583 -1
117 1229 -1
220 1229 -1
219 1229 -1
1229 1364 -1
479 1229 -1
1207 1229 -1
117 814 -1
86 117 -1
412 1268 -1
412 1059 -1
23 937 -1
23 1145 -1
491 1272 -1
129 491 -1
