1351 1352 1
1351 1508 1
1352 1508 1
727 1092 1
311 1351 1
311 1352 1
311 1508 1
53 208 1
156 259 1
311 988 1
988 1352 1
988 1508 1
988 1351 1
935 1403 1
572 1455 1
1091 1144 1
519 727 1
519 1092 1
467 1403 1
467 935 1
468 831 1
519 936 1
936 1092 1
727 936 1
520 1248 1
259 1143 1
156 1143 1
105 884 1
988 1404 1
1352 1404 1
1351 1404 1
1404 1508 1
311 1404 1
469 522 1
106 730 1
54 521 1
573 1250 1
521 1458 1
54 1458 1
158 1145 1
1041 1509 1
158 1094 1
1094 1145 1
833 1250 1
573 833 1
366 833 1
366 1250 1
366 573 1
521 1145 1
1145 1458 1
54 1145 1
521 1094 1
158 521 1
469 1249 1
522 1249 1
990 1145 1
990 1094 1
521 990 1
990 1458 1
158 990 1
54 990 1
314 730 1
106 314 1
161 1355 1
57 316 1
472 1095 1
109 627 1
160 263 1
1355 1407 1
161 1407 1
835 836 1
628 1459 1
1200 1303 1
161 263 1
263 1355 1
263 1407 1
160 161 1
836 1147 1
835 1147 1
160 368 1
161 368 1
263 368 1
419 1356 1
419 1511 1
1356 1511 1
731 1148 1
420 627 1
109 420 1
835 1303 1
1147 1303 1
836 1303 1
835 1200 1
681 837 1
163 370 1
1462 1514 1
1305 1410 1
59 734 1
734 1513 1
59 1513 1
994 1202 1
162 1513 1
59 162 1
162 734 1
682 1306 1
734 1514 1
1513 1514 1
162 1514 1
59 1514 1
734 1462 1
317 785 1
889 993 1
838 1513 1
162 838 1
59 838 1
838 1514 1
734 838 1
994 1045 1
1045 1202 1
213 733 1
526 942 1
422 786 1
891 1099 1
215 1099 1
215 891 1
215 943 1
891 943 1
943 1099 1
320 1463 1
165 424 1
216 840 1
267 996 1
528 579 1
319 631 1
164 1203 1
840 1308 1
216 1308 1
475 787 1
735 891 1
735 1099 1
735 943 1
215 735 1
476 683 1
892 1307 1
319 475 1
475 631 1
319 787 1
60 112 1
320 787 1
787 1463 1
320 475 1
319 320 1
217 374 1
166 633 1
945 1257 1
1050 1205 1
11 738 1
63 1465 1
1310 1465 1
63 1310 1
115 374 1
115 217 1
374 1414 1
217 1414 1
115 1414 1
11 1154 1
738 1154 1
945 1154 1
1154 1257 1
738 945 1
11 945 1
790 1206 1
1102 1310 1
1102 1465 1
63 1102 1
62 1414 1
62 217 1
62 115 1
62 374 1
322 426 1
62 1361 1
217 1361 1
115 1361 1
374 1361 1
1361 1414 1
531 635 1
1051 1260 1
324 948 1
583 583 1
375 1519 1
117 168 1
792 1311 1
169 1103 1
687 895 1
739 1104 1
117 895 1
168 895 1
117 687 1
219 895 1
168 219 1
117 219 1
219 687 1
272 531 1
272 635 1
635 948 1
272 948 1
531 948 1
324 635 1
116 583 1
220 1259 1
324 895 1
635 895 1
895 948 1
219 324 1
168 324 1
324 687 1
117 324 1
15 1209 1
66 1261 1
377 897 1
67 1261 1
66 67 1
66 171 1
67 171 1
171 1261 1
689 845 1
119 1313 1
689 1157 1
845 1157 1
534 1469 1
377 1366 1
897 1366 1
950 1261 1
66 950 1
67 950 1
171 950 1
533 1365 1
533 690 1
690 1365 1
66 170 1
170 171 1
67 170 1
170 1261 1
170 950 1
482 1470 1
481 586 1
1003 1056 1
17 121 1
380 1315 1
17 275 1
121 275 1
224 1264 1
16 17 1
16 121 1
16 275 1
16 1315 1
17 1315 1
275 1315 1
121 1315 1
16 380 1
68 327 1
952 1367 1
379 1315 1
16 379 1
17 379 1
275 379 1
121 379 1
379 380 1
1055 1367 1
952 1055 1
588 1107 1
535 744 1
173 1211 1
432 744 1
432 535 1
590 1526 1
329 381 1
538 797 1
1006 1265 1
225 1214 1
694 1005 1
486 1006 1
486 1265 1
71 641 1
19 225 1
19 1214 1
122 381 1
122 329 1
1265 1526 1
486 1526 1
1006 1526 1
590 1265 1
797 1110 1
538 1110 1
901 1473 1
1006 1473 1
1265 1473 1
1473 1526 1
486 1473 1
901 1006 1
19 746 1
225 746 1
746 1214 1
693 746 1
225 693 1
19 693 1
693 1214 1
125 643 1
124 487 1
1475 1476 1
20 1112 1
539 1423 1
177 1423 1
177 539 1
852 1423 1
177 852 1
539 852 1
435 904 1
73 1528 1
20 488 1
488 1112 1
539 1007 1
177 1007 1
852 1007 1
1007 1423 1
384 1476 1
384 1475 1
177 227 1
227 539 1
227 852 1
227 1007 1
227 1423 1
72 644 1
279 696 1
125 1163 1
643 1163 1
386 542 1
905 1009 1
697 1010 1
230 1477 1
489 1062 1
750 1010 1
697 750 1
1478 1530 1
438 906 1
958 1477 1
230 958 1
74 489 1
74 1062 1
437 490 1
438 1425 1
906 1425 1
645 646 1
437 593 1
490 593 1
958 1062 1
1062 1477 1
230 1062 1
489 958 1
74 958 1
1217 1478 1
1217 1530 1
489 1114 1
74 1114 1
958 1114 1
1062 1114 1
335 960 1
284 855 1
1011 1064 1
335 1324 1
960 1324 1
1116 1427 1
596 907 1
25 284 1
25 855 1
751 1323 1
231 907 1
231 596 1
335 907 1
907 960 1
907 1324 1
335 596 1
231 335 1
1168 1324 1
960 1168 1
907 1168 1
335 1168 1
544 647 1
77 959 1
231 959 1
907 959 1
596 959 1
335 959 1
77 231 1
543 1479 1
858 1118 1
233 1118 1
233 858 1
131 286 1
805 961 1
389 806 1
234 754 1
441 858 1
233 441 1
441 1118 1
234 1066 1
754 1066 1
494 1430 1
649 857 1
337 1169 1
390 598 1
597 962 1
79 442 1
805 1534 1
961 1534 1
805 962 1
961 962 1
962 1534 1
597 805 1
805 1169 1
961 1169 1
962 1169 1
597 1169 1
1169 1534 1
337 805 1
1119 1223 1
859 964 1
392 756 1
288 1431 1
391 652 1
339 1535 1
703 1171 1
496 548 1
755 1015 1
392 1483 1
756 1483 1
964 1067 1
859 1067 1
496 859 1
548 859 1
496 1067 1
496 964 1
287 392 1
287 1483 1
287 756 1
133 391 1
133 652 1
963 1379 1
756 1484 1
392 1484 1
1483 1484 1
287 1484 1
496 1016 1
1016 1067 1
859 1016 1
548 1016 1
964 1016 1
445 1225 1
1069 1330 1
498 1018 1
289 601 1
757 1070 1
498 1382 1
1018 1382 1
601 1173 1
289 1173 1
705 1434 1
83 1017 1
550 914 1
706 1486 1
237 394 1
757 1173 1
1070 1173 1
601 757 1
289 757 1
1226 1329 1
342 1382 1
342 498 1
342 1018 1
653 1382 1
498 653 1
653 1018 1
342 653 1
30 341 1
446 1277 1
134 862 1
760 1123 1
708 708 1
604 1071 1
343 707 1
811 1539 1
137 759 1
85 1435 1
1072 1280 1
239 1435 1
85 239 1
396 1279 1
708 812 1
84 1019 1
395 1539 1
395 811 1
85 344 1
344 1435 1
239 344 1
916 1175 1
551 967 1
395 759 1
759 811 1
759 1539 1
137 395 1
551 1071 1
967 1071 1
551 604 1
343 812 1
707 812 1
343 708 1
34 1125 1
1177 1230 1
138 761 1
397 1178 1
1386 1542 1
345 1490 1
710 1229 1
139 1386 1
139 1542 1
35 710 1
35 1229 1
398 1438 1
86 87 1
969 970 1
242 1021 1
970 1282 1
969 1282 1
450 1230 1
450 1177 1
554 813 1
449 657 1
553 1230 1
553 1177 1
450 553 1
35 87 1
87 1229 1
87 710 1
35 86 1
502 1489 1
347 1543 1
1284 1544 1
659 1439 1
764 1180 1
711 919 1
451 1335 1
243 711 1
243 919 1
816 1024 1
919 1284 1
243 1284 1
711 1284 1
919 1544 1
607 1283 1
400 504 1
608 1492 1
608 1076 1
1076 1492 1
764 868 1
868 1180 1
399 607 1
399 1283 1
503 1075 1
711 1024 1
243 1024 1
1024 1284 1
919 1024 1
711 816 1
920 1388 1
297 921 1
1234 1389 1
1286 1545 1
713 974 1
1026 1545 1
1026 1286 1
506 506 1
817 1285 1
506 1285 1
506 817 1
246 402 1
506 1077 1
817 1077 1
1077 1285 1
91 870 1
91 506 1
506 870 1
91 1285 1
91 817 1
91 1077 1
246 1390 1
402 1390 1
194 921 1
194 297 1
91 505 1
505 1285 1
505 870 1
505 817 1
505 1077 1
505 506 1
768 1236 1
1287 1443 1
1079 1288 1
507 819 1
820 871 1
507 1131 1
819 1131 1
352 976 1
1443 1443 1
144 1443 1
144 1287 1
144 923 1
923 1443 1
923 1287 1
352 559 1
559 976 1
41 1391 1
93 507 1
93 1131 1
93 819 1
663 1443 1
144 663 1
663 923 1
663 1287 1
976 1080 1
352 1080 1
559 1080 1
767 1443 1
767 1287 1
144 767 1
663 767 1
767 923 1
354 718 1
1185 1550 1
94 1134 1
354 354 1
510 1030 1
43 509 1
1029 1393 1
561 1550 1
561 1185 1
717 718 1
354 717 1
457 614 1
301 1498 1
198 1549 1
146 717 1
146 354 1
146 718 1
94 1186 1
1134 1186 1
770 1549 1
198 770 1
301 717 1
717 1498 1
301 354 1
146 301 1
301 718 1
509 666 1
43 666 1
353 1290 1
563 615 1
1031 1188 1
44 1291 1
719 1552 1
511 979 1
615 1448 1
563 1448 1
564 616 1
927 1343 1
45 563 1
45 1448 1
45 615 1
928 1447 1
149 252 1
667 928 1
667 1447 1
252 979 1
149 979 1
252 511 1
668 824 1
96 564 1
96 616 1
149 875 1
875 979 1
252 875 1
512 1291 1
44 512 1
355 928 1
355 667 1
355 1447 1
1137 1190 1
306 1085 1
1033 1345 1
306 774 1
774 1085 1
721 722 1
47 930 1
930 930 1
409 618 1
721 1241 1
722 1241 1
514 1502 1
722 1190 1
721 1190 1
1190 1241 1
722 1137 1
358 1033 1
358 1345 1
618 1189 1
409 1189 1
151 722 1
151 721 1
151 1137 1
151 1190 1
151 1241 1
410 1189 1
409 410 1
410 618 1
462 618 1
409 462 1
410 462 1
462 1189 1
723 1347 1
723 827 1
827 1347 1
1036 1504 1
827 1243 1
1243 1347 1
723 1243 1
931 1504 1
931 1036 1
464 1347 1
464 827 1
464 723 1
464 1243 1
1243 1244 1
464 1244 1
1244 1347 1
827 1244 1
723 1244 1
1348 1504 1
931 1348 1
1036 1348 1
1243 1556 1
1347 1556 1
464 1556 1
723 1556 1
827 1556 1
1244 1556 1
101 1139 1
567 879 1
50 361 1
102 206 1
726 829 1
205 1349 1
674 830 1
310 1193 1
362 725 1
413 673 1
986 1193 1
310 986 1
1350 1350 1
726 933 1
829 933 1
1453 1506 1
465 1350 1
205 777 1
777 1349 1
673 1194 1
413 1194 1
778 1505 1
777 1401 1
205 1401 1
1349 1401 1
1193 1402 1
986 1402 1
310 1402 1
465 986 1
986 1350 1
465 1193 1
465 1402 1
310 465 1
1404 1410 -1
1352 1410 -1
1410 1508 -1
311 1410 -1
988 1410 -1
1351 1410 -1
1305 1404 -1
467 696 -1
696 1403 -1
696 935 -1
279 467 -1
1253 1354 -1
1097 1100 -1
376 401 -1
446 454 -1
454 1277 -1
509 985 -1
666 985 -1
43 985 -1
1196 1221 -1
881 1407 -1
161 881 -1
881 1355 -1
263 881 -1
1042 1486 -1
706 1042 -1
1148 1506 -1
731 1506 -1
1148 1453 -1
271 766 -1
1266 1468 -1
868 1154 -1
1154 1180 -1
764 1154 -1
868 945 -1
738 868 -1
11 868 -1
868 1257 -1
1364 1390 -1
402 1364 -1
246 1364 -1
137 1495 -1
395 1495 -1
759 1495 -1
111 280 -1
501 1159 -1
740 943 -1
740 1099 -1
740 891 -1
735 740 -1
215 740 -1
1045 1048 -1
994 1048 -1
1048 1202 -1
882 1147 -1
835 882 -1
836 882 -1
882 1303 -1
907 1326 -1
960 1326 -1
231 1326 -1
1324 1326 -1
335 1326 -1
1168 1326 -1
596 1326 -1
959 1326 -1
993 1017 -1
889 1017 -1
83 993 -1
467 494 -1
494 1403 -1
494 935 -1
467 1430 -1
428 765 -1
1045 1089 -1
994 1089 -1
1089 1202 -1
1038 1410 -1
1038 1305 -1
999 1026 -1
999 1545 -1
999 1286 -1
883 1320 -1
493 1271 -1
554 1472 -1
813 1472 -1
889 926 -1
926 993 -1
1207 1234 -1
1207 1389 -1
453 739 -1
453 1104 -1
1044 1089 -1
36 529 -1
633 867 -1
166 867 -1
115 763 -1
217 763 -1
62 763 -1
763 1414 -1
374 763 -1
763 1361 -1
987 1215 -1
81 1480 -1
1457 1493 -1
186 1389 -1
186 1234 -1
317 625 -1
625 785 -1
683 706 -1
476 706 -1
683 1486 -1
1459 1498 -1
628 1498 -1
301 1459 -1
717 1459 -1
594 652 -1
133 594 -1
391 594 -1
216 318 -1
318 840 -1
318 1308 -1
1424 1473 -1
1265 1424 -1
486 1424 -1
901 1424 -1
1006 1424 -1
1424 1526 -1
1 27 -1
710 1420 -1
35 1420 -1
1229 1420 -1
87 1420 -1
500 512 -1
500 1291 -1
44 500 -1
263 725 -1
160 725 -1
161 725 -1
725 1355 -1
368 725 -1
725 1407 -1
263 362 -1
164 317 -1
317 1203 -1
164 785 -1
804 806 -1
389 804 -1
521 580 -1
580 1094 -1
580 1458 -1
158 580 -1
54 580 -1
580 1145 -1
580 990 -1
374 410 -1
217 410 -1
115 410 -1
62 410 -1
410 1414 -1
410 1361 -1
374 409 -1
374 618 -1
374 1189 -1
374 462 -1
131 700 -1
286 700 -1
54 624 -1
521 624 -1
624 1458 -1
624 990 -1
624 1145 -1
1311 1462 -1
792 1462 -1
1311 1514 -1
734 1311 -1
1048 1069 -1
1048 1330 -1
417 457 -1
417 614 -1
110 665 -1
1249 1278 -1
522 1278 -1
469 1278 -1
1025 1173 -1
601 1025 -1
757 1025 -1
1025 1070 -1
289 1025 -1
247 1065 -1
586 832 -1
481 832 -1
884 1433 -1
105 1433 -1
168 454 -1
219 454 -1
324 454 -1
117 454 -1
454 895 -1
1161 1527 -1
74 1484 -1
489 1484 -1
1114 1484 -1
958 1484 -1
1062 1484 -1
74 392 -1
74 1483 -1
74 756 -1
74 287 -1
539 753 -1
177 753 -1
753 1007 -1
753 852 -1
227 753 -1
753 1423 -1
886 1516 -1
19 45 -1
45 225 -1
45 746 -1
45 693 -1
45 1214 -1
19 1448 -1
19 563 -1
19 615 -1
435 746 -1
746 904 -1
225 435 -1
19 435 -1
435 693 -1
435 1214 -1
1112 1136 -1
488 1136 -1
20 1136 -1
1129 1133 -1
937 942 -1
526 937 -1
1302 1306 -1
682 1302 -1
861 873 -1
1064 1084 -1
1011 1084 -1
194 739 -1
739 921 -1
297 739 -1
194 1104 -1
1129 1134 -1
1129 1186 -1
94 1129 -1
1549 1557 -1
770 1557 -1
198 1557 -1
557 688 -1
1130 1329 -1
1130 1226 -1
131 491 -1
286 491 -1
1041 1082 -1
1082 1509 -1
472 518 -1
518 1095 -1
1039 1430 -1
494 1039 -1
58 60 -1
58 112 -1
209 213 -1
209 733 -1
923 1175 -1
144 1175 -1
1175 1443 -1
663 1175 -1
767 1175 -1
1175 1287 -1
916 923 -1
375 557 -1
557 1519 -1
1155 1332 -1
1423 1436 -1
177 1436 -1
539 1436 -1
852 1436 -1
227 1436 -1
1007 1436 -1
1416 1423 -1
177 1416 -1
539 1416 -1
852 1416 -1
227 1416 -1
1007 1416 -1
1155 1174 -1
694 696 -1
696 1005 -1
279 694 -1
1042 1048 -1
60 83 -1
83 112 -1
60 1017 -1
0 695 -1
210 213 -1
210 733 -1
71 73 -1
73 641 -1
71 1528 -1
245 479 -1
445 739 -1
739 1225 -1
445 1104 -1
91 777 -1
777 1285 -1
777 870 -1
777 817 -1
777 1077 -1
505 777 -1
506 777 -1
91 1401 -1
91 205 -1
91 1349 -1
989 1026 -1
989 1545 -1
989 1286 -1
758 766 -1
147 393 -1
212 986 -1
212 1193 -1
212 1402 -1
212 1350 -1
212 310 -1
212 465 -1
886 1513 -1
162 886 -1
59 886 -1
838 886 -1
886 1514 -1
734 886 -1
947 1233 -1
1077 1370 -1
817 1370 -1
506 1370 -1
91 1370 -1
1285 1370 -1
505 1370 -1
1423 1455 -1
177 1455 -1
539 1455 -1
852 1455 -1
227 1455 -1
1007 1455 -1
572 1423 -1
953 1371 -1
1055 1088 -1
952 1088 -1
1088 1367 -1
1174 1305 -1
1174 1410 -1
215 1288 -1
891 1288 -1
1099 1288 -1
735 1288 -1
943 1288 -1
215 1079 -1
856 1143 -1
259 856 -1
156 856 -1
1424 1442 -1
997 1551 -1
1301 1308 -1
840 1301 -1
216 1301 -1
841 1449 -1
589 591 -1
1128 1518 -1
592 1195 -1
885 1412 -1
680 777 -1
680 1401 -1
205 680 -1
680 1349 -1
110 1249 -1
110 522 -1
110 469 -1
473 706 -1
473 1486 -1
209 216 -1
209 840 -1
209 1308 -1
385 648 -1
610 653 -1
498 610 -1
342 610 -1
610 1018 -1
610 1382 -1
1004 1334 -1
1248 1268 -1
520 1268 -1
117 142 -1
142 168 -1
142 687 -1
142 324 -1
142 219 -1
142 895 -1
831 1406 -1
468 1406 -1
740 1382 -1
498 740 -1
740 1018 -1
342 740 -1
653 740 -1
1094 1341 -1
1145 1341 -1
990 1341 -1
158 1341 -1
521 1341 -1
124 175 -1
175 487 -1
1307 1547 -1
892 1547 -1
32 512 -1
32 1291 -1
32 44 -1
1433 1442 -1
711 721 -1
721 1024 -1
721 816 -1
243 721 -1
721 1284 -1
721 919 -1
711 1241 -1
711 722 -1
711 1190 -1
151 711 -1
425 451 -1
425 1335 -1
1169 1411 -1
961 1411 -1
962 1411 -1
805 1411 -1
337 1411 -1
597 1411 -1
1411 1534 -1
421 457 -1
421 614 -1
709 1055 -1
709 952 -1
709 1367 -1
1122 1358 -1
630 666 -1
43 630 -1
509 630 -1
1093 1099 -1
891 1093 -1
943 1093 -1
735 1093 -1
215 1093 -1
1491 1517 -1
614 1198 -1
457 1198 -1
727 753 -1
753 936 -1
753 1092 -1
519 753 -1
613 1302 -1
7 8 -1
209 629 -1
228 1352 -1
228 988 -1
228 311 -1
228 1508 -1
228 1404 -1
228 1351 -1
804 1374 -1
1407 1454 -1
161 1454 -1
1355 1454 -1
263 1454 -1
129 130 -1
31 661 -1
306 634 -1
634 1085 -1
634 774 -1
236 334 -1
217 230 -1
62 230 -1
230 1361 -1
115 230 -1
230 1414 -1
230 374 -1
217 1062 -1
217 1477 -1
217 958 -1
1300 1320 -1
669 738 -1
669 945 -1
669 1154 -1
11 669 -1
127 755 -1
127 1015 -1
1150 1152 -1
1300 1412 -1
1454 1459 -1
628 1454 -1
913 1545 -1
913 1026 -1
913 1286 -1
1186 1329 -1
1134 1329 -1
94 1329 -1
1186 1226 -1
805 1063 -1
961 1063 -1
962 1063 -1
1063 1169 -1
337 1063 -1
597 1063 -1
1063 1534 -1
320 757 -1
319 757 -1
757 787 -1
475 757 -1
757 1463 -1
320 601 -1
320 1173 -1
320 1070 -1
289 320 -1
138 1419 -1
761 1419 -1
573 1306 -1
833 1306 -1
1250 1306 -1
366 1306 -1
573 682 -1
214 249 -1
926 1509 -1
926 1041 -1
460 1269 -1
313 733 -1
213 313 -1
682 718 -1
718 1306 -1
354 682 -1
682 717 -1
146 682 -1
301 682 -1
454 549 -1
882 1459 -1
628 882 -1
810 1150 -1
283 1325 -1
890 1130 -1
10 36 -1
1029 1405 -1
1393 1405 -1
898 1300 -1
62 566 -1
217 566 -1
115 566 -1
374 566 -1
566 1414 -1
566 1361 -1
1092 1111 -1
936 1111 -1
519 1111 -1
727 1111 -1
837 1017 -1
681 1017 -1
83 837 -1
268 365 -1
473 475 -1
473 631 -1
320 473 -1
473 787 -1
319 473 -1
480 505 -1
480 1285 -1
480 870 -1
480 817 -1
480 1077 -1
480 506 -1
91 480 -1
437 1448 -1
593 1448 -1
490 1448 -1
437 563 -1
45 437 -1
437 615 -1
432 633 -1
633 744 -1
535 633 -1
166 432 -1
465 732 -1
732 1193 -1
732 986 -1
310 732 -1
732 1402 -1
732 1350 -1
24 743 -1
1206 1242 -1
790 1242 -1
215 250 -1
250 891 -1
250 1099 -1
250 735 -1
250 943 -1
1256 1278 -1
1091 1271 -1
1144 1271 -1
1014 1375 -1
1310 1345 -1
1345 1465 -1
1102 1345 -1
63 1345 -1
1033 1310 -1
358 1310 -1
968 975 -1
249 791 -1
738 774 -1
774 945 -1
774 1154 -1
11 774 -1
306 738 -1
738 1085 -1
584 1338 -1
123 707 -1
123 812 -1
123 343 -1
132 1010 -1
132 697 -1
132 750 -1
1360 1394 -1
618 867 -1
409 867 -1
410 867 -1
867 1189 -1
462 867 -1
990 1030 -1
1030 1094 -1
521 1030 -1
1030 1458 -1
54 1030 -1
1030 1145 -1
158 1030 -1
510 990 -1
840 1250 -1
216 1250 -1
1250 1308 -1
833 840 -1
573 840 -1
366 840 -1
821 1250 -1
821 833 -1
573 821 -1
366 821 -1
1485 1493 -1
296 633 -1
166 296 -1
1038 1446 -1
841 1023 -1
765 778 -1
765 1505 -1
402 636 -1
636 1390 -1
246 636 -1
147 341 -1
30 147 -1
816 1049 -1
1024 1049 -1
711 1049 -1
61 733 -1
61 213 -1
130 700 -1
909 1320 -1
1335 1466 -1
451 1466 -1
652 1425 -1
133 1425 -1
391 1425 -1
652 906 -1
438 652 -1
25 233 -1
233 284 -1
233 855 -1
25 441 -1
25 858 -1
25 1118 -1
336 1014 -1
155 264 -1
1410 1416 -1
1305 1416 -1
104 522 -1
104 1249 -1
104 469 -1
16 439 -1
439 1315 -1
17 439 -1
275 439 -1
121 439 -1
379 439 -1
380 439 -1
894 929 -1
893 1335 -1
451 893 -1
280 693 -1
225 280 -1
280 746 -1
19 280 -1
280 1214 -1
1132 1331 -1
134 147 -1
147 862 -1
519 897 -1
897 936 -1
897 1092 -1
727 897 -1
377 519 -1
519 1366 -1
842 1387 -1
470 684 -1
1358 1389 -1
1234 1358 -1
428 558 -1
409 738 -1
462 738 -1
618 738 -1
738 1189 -1
410 738 -1
409 945 -1
409 1154 -1
11 409 -1
659 669 -1
669 1439 -1
375 401 -1
401 1519 -1
1416 1526 -1
1265 1416 -1
1416 1473 -1
486 1416 -1
590 1416 -1
1006 1416 -1
1101 1128 -1
791 830 -1
674 791 -1
1179 1361 -1
1179 1414 -1
217 1179 -1
115 1179 -1
374 1179 -1
62 1179 -1
510 1194 -1
1030 1194 -1
510 673 -1
413 510 -1
873 1405 -1
885 1359 -1
1233 1259 -1
220 1233 -1
439 1429 -1
1206 1241 -1
790 1241 -1
721 1206 -1
722 1206 -1
1190 1206 -1
151 1206 -1
3 653 -1
3 498 -1
3 342 -1
3 1018 -1
3 1382 -1
1128 1413 -1
500 531 -1
272 500 -1
500 635 -1
500 948 -1
764 893 -1
868 893 -1
893 1180 -1
240 975 -1
1284 1293 -1
1293 1544 -1
1024 1293 -1
243 1293 -1
711 1293 -1
919 1293 -1
