468 728 1
519 1300 1
0 1247 1
312 1299 1
416 1507 1
1247 1456 1
0 1456 1
157 1195 1
207 988 1
727 728 1
468 727 1
415 675 1
52 260 1
311 1092 1
104 1351 1
416 1143 1
1143 1507 1
935 1196 1
1 1456 1
0 1 1
1 1247 1
1092 1248 1
311 1248 1
1198 1353 1
781 1250 1
522 990 1
2 417 1
1406 1509 1
313 522 1
313 990 1
159 729 1
54 1093 1
626 1145 1
261 1458 1
106 938 1
261 1250 1
1250 1458 1
261 781 1
106 834 1
834 938 1
574 1353 1
574 1198 1
107 677 1
106 885 1
885 938 1
834 885 1
679 1251 1
56 939 1
1356 1459 1
576 1304 1
4 57 1
56 1511 1
939 1511 1
263 367 1
161 1095 1
160 420 1
161 940 1
940 1095 1
5 1459 1
5 1356 1
1043 1356 1
1043 1459 1
5 1043 1
732 1251 1
679 732 1
1408 1512 1
731 1148 1
1147 1200 1
733 786 1
163 1202 1
111 681 1
682 1358 1
1045 1201 1
421 1410 1
629 1461 1
993 1461 1
629 993 1
1046 1253 1
1045 1306 1
1201 1306 1
1045 1462 1
1201 1462 1
1306 1462 1
111 1513 1
681 1513 1
318 889 1
1046 1306 1
1253 1306 1
1046 1201 1
1045 1046 1
1046 1462 1
268 683 1
372 632 1
684 840 1
320 943 1
788 1307 1
371 1411 1
60 787 1
371 996 1
996 1411 1
61 1203 1
1204 1516 1
891 1463 1
839 1099 1
839 1048 1
1048 1099 1
61 1307 1
1203 1307 1
61 788 1
475 475 1
9 735 1
579 1359 1
165 1464 1
11 1361 1
790 997 1
634 789 1
633 1517 1
115 1049 1
374 998 1
373 1154 1
581 1413 1
789 894 1
634 894 1
1205 1206 1
685 1309 1
115 581 1
581 1049 1
115 1413 1
269 1102 1
1258 1465 1
582 1206 1
582 1205 1
477 1101 1
373 738 1
738 1154 1
64 688 1
791 896 1
64 1312 1
688 1312 1
1000 1468 1
428 1519 1
687 896 1
687 791 1
168 584 1
219 479 1
1155 1207 1
583 1520 1
271 636 1
428 947 1
947 1519 1
791 1468 1
896 1468 1
687 1468 1
791 1000 1
739 1052 1
117 375 1
168 1208 1
584 1208 1
67 1106 1
118 1417 1
1105 1158 1
325 1418 1
221 430 1
689 1054 1
586 741 1
741 845 1
586 845 1
15 1158 1
15 1105 1
1106 1158 1
67 1158 1
1105 1106 1
15 1106 1
66 638 1
222 793 1
222 1261 1
793 1261 1
534 1262 1
742 1054 1
689 742 1
431 1367 1
847 1211 1
379 640 1
224 847 1
224 1211 1
1159 1159 1
1056 1160 1
1108 1315 1
692 1107 1
1159 1367 1
431 1159 1
640 744 1
379 744 1
17 327 1
1003 1212 1
17 692 1
327 692 1
17 1107 1
120 1107 1
17 120 1
120 692 1
1003 1108 1
1108 1212 1
1003 1315 1
954 1005 1
70 1162 1
642 1162 1
70 642 1
538 902 1
382 642 1
382 1162 1
70 382 1
745 902 1
538 745 1
693 954 1
693 1005 1
693 850 1
850 954 1
850 1005 1
745 1421 1
538 1421 1
902 1421 1
537 1525 1
71 850 1
71 954 1
71 693 1
71 1005 1
73 228 1
1268 1371 1
956 1268 1
956 1371 1
72 539 1
539 1007 1
72 1007 1
21 904 1
332 591 1
21 1371 1
904 1371 1
21 956 1
21 1268 1
176 799 1
436 851 1
280 1059 1
591 852 1
332 852 1
1059 1320 1
280 1320 1
1268 1527 1
1371 1527 1
956 1527 1
21 1527 1
594 957 1
438 749 1
178 853 1
127 178 1
127 853 1
75 698 1
74 438 1
74 749 1
1062 1062 1
282 697 1
179 230 1
437 1529 1
1009 1530 1
126 438 1
74 126 1
126 749 1
1166 1478 1
1114 1166 1
1114 1478 1
490 1113 1
126 178 1
74 178 1
178 749 1
178 438 1
126 853 1
126 127 1
336 596 1
24 1168 1
855 907 1
388 439 1
1064 1324 1
128 1063 1
492 1012 1
283 699 1
77 648 1
1115 1220 1
908 1115 1
908 1220 1
1480 1532 1
803 1532 1
803 1480 1
595 1376 1
129 804 1
647 1220 1
647 1115 1
647 908 1
751 1220 1
751 1115 1
751 908 1
647 751 1
78 285 1
130 961 1
494 597 1
78 1222 1
285 1222 1
130 493 1
493 961 1
1118 1221 1
1274 1326 1
546 962 1
598 1221 1
598 1118 1
858 1065 1
494 1378 1
597 1378 1
390 545 1
233 390 1
233 545 1
442 1170 1
233 389 1
389 545 1
389 390 1
547 1432 1
288 1484 1
807 1276 1
133 1223 1
808 1379 1
547 859 1
859 1432 1
29 1224 1
652 703 1
29 184 1
184 1224 1
81 1119 1
81 963 1
963 1119 1
443 860 1
703 1224 1
652 1224 1
184 703 1
29 703 1
183 547 1
183 1432 1
183 859 1
30 1486 1
653 1382 1
706 1434 1
185 706 1
185 1434 1
654 913 1
83 1226 1
134 758 1
862 1538 1
82 1330 1
1225 1485 1
82 1381 1
1330 1381 1
914 1537 1
237 1018 1
31 238 1
446 1330 1
82 446 1
446 1381 1
1122 1225 1
1122 1485 1
810 1381 1
82 810 1
810 1330 1
446 810 1
708 1331 1
656 1331 1
656 708 1
759 1540 1
552 603 1
343 447 1
1332 1435 1
1071 1383 1
395 1332 1
395 1435 1
448 1228 1
707 760 1
187 759 1
187 1540 1
863 1332 1
863 1435 1
395 863 1
187 1539 1
1539 1540 1
759 1539 1
967 1332 1
967 1435 1
395 967 1
863 967 1
34 1073 1
710 1229 1
346 1073 1
34 346 1
34 449 1
449 1073 1
346 449 1
139 242 1
34 1229 1
1073 1229 1
346 1229 1
449 1229 1
34 710 1
139 190 1
190 242 1
241 814 1
553 1437 1
658 761 1
241 1490 1
814 1490 1
242 1178 1
139 1178 1
190 1178 1
712 1336 1
919 1336 1
712 919 1
919 1179 1
1179 1336 1
712 1179 1
348 555 1
296 1543 1
36 295 1
400 659 1
243 399 1
763 1491 1
296 400 1
400 1543 1
296 659 1
919 1075 1
1075 1336 1
712 1075 1
1075 1179 1
452 1440 1
244 296 1
244 400 1
244 659 1
244 1543 1
194 973 1
246 1494 1
91 194 1
91 973 1
609 817 1
142 402 1
193 1025 1
974 1389 1
1026 1129 1
246 1182 1
1182 1494 1
143 194 1
91 143 1
143 973 1
557 1182 1
557 1494 1
246 557 1
558 1390 1
143 1389 1
194 1389 1
91 1389 1
973 1389 1
143 974 1
352 611 1
404 1288 1
456 715 1
403 1547 1
247 976 1
144 403 1
144 1547 1
41 1547 1
41 144 1
41 403 1
1132 1548 1
508 1547 1
144 508 1
41 508 1
403 508 1
664 819 1
456 559 1
559 715 1
404 559 1
559 1288 1
404 456 1
404 715 1
301 1445 1
146 197 1
770 978 1
197 1497 1
146 1497 1
562 1133 1
509 821 1
978 1446 1
770 1446 1
561 1341 1
95 873 1
250 1290 1
249 1237 1
95 458 1
458 873 1
95 770 1
770 873 1
458 770 1
95 978 1
95 1446 1
614 718 1
821 926 1
509 926 1
304 1395 1
980 1396 1
1447 1552 1
615 1031 1
772 1448 1
1447 1551 1
1551 1552 1
45 1135 1
460 615 1
460 1031 1
148 1031 1
148 460 1
148 615 1
1187 1500 1
1031 1447 1
148 1447 1
460 1447 1
615 1447 1
1031 1551 1
1031 1552 1
199 616 1
304 1188 1
1188 1395 1
305 409 1
410 1293 1
721 825 1
357 1450 1
409 1397 1
305 1397 1
618 929 1
151 981 1
202 826 1
201 878 1
306 1242 1
513 877 1
253 514 1
201 721 1
721 878 1
201 825 1
773 1086 1
929 1346 1
618 1346 1
878 1553 1
201 1553 1
721 1553 1
153 879 1
48 1503 1
153 1036 1
879 1036 1
203 1139 1
411 1088 1
152 463 1
203 880 1
880 1139 1
516 1399 1
1088 1556 1
411 1556 1
775 984 1
1035 1504 1
568 723 1
568 1036 1
723 1036 1
153 568 1
568 879 1
49 723 1
49 568 1
49 1036 1
361 673 1
361 1349 1
673 1349 1
466 621 1
1089 1453 1
206 1037 1
673 1401 1
361 1401 1
1349 1401 1
154 673 1
154 361 1
154 1349 1
154 1401 1
1038 1453 1
1038 1089 1
50 777 1
103 206 1
103 1037 1
621 1401 1
466 1401 1
621 673 1
621 1349 1
361 621 1
154 621 1
510 1146 1
1146 1146 1
510 510 1
496 925 1
925 925 1
496 496 1
823 942 1
942 942 1
823 823 1
941 1161 1
1161 1161 1
941 941 1
237 1170 1
1018 1170 1
1170 1170 1
237 442 1
237 237 1
130 1116 1
961 1116 1
1116 1116 1
493 1116 1
130 130 1
149 270 1
270 270 1
149 149 1
728 1220 1
1220 1220 1
468 1220 1
727 1220 1
647 728 1
728 908 1
728 751 1
728 728 1
728 1115 1
611 749 1
352 749 1
749 749 1
611 611 1
74 611 1
178 611 1
438 611 1
126 611 1
97 858 1
858 858 1
97 1065 1
97 97 1
735 1371 1
9 1371 1
1371 1371 1
735 904 1
735 1268 1
21 735 1
735 1527 1
735 956 1
735 735 1
878 1263 1
201 1263 1
1263 1263 1
1263 1553 1
721 1263 1
878 878 1
42 578 1
578 578 1
42 42 1
617 1335 1
1335 1335 1
617 617 1
1062 1179 1
1179 1179 1
712 1062 1
1062 1075 1
919 1062 1
1062 1336 1
810 1509 1
82 1509 1
1330 1509 1
1381 1509 1
446 1509 1
1509 1509 1
810 810 1
810 1406 1
835 993 1
993 993 1
835 835 1
835 1461 1
629 835 1
213 408 1
408 408 1
213 213 1
271 1352 1
1352 1352 1
636 1352 1
271 271 1
1248 1418 1
1418 1418 1
1092 1418 1
311 1418 1
1248 1248 1
325 1248 1
194 471 1
471 1389 1
91 471 1
471 973 1
471 471 1
143 471 1
194 194 1
321 762 1
762 762 1
321 321 1
424 1252 1
1252 1252 1
424 424 1
552 791 1
603 791 1
791 791 1
552 896 1
552 1000 1
552 687 1
552 552 1
552 1468 1
466 751 1
751 1401 1
621 751 1
751 751 1
466 1220 1
466 647 1
466 908 1
466 466 1
466 728 1
466 1115 1
159 943 1
729 943 1
943 943 1
159 320 1
159 159 1
215 260 1
260 260 1
52 215 1
215 215 1
1253 1371 1
1306 1371 1
1046 1371 1
1253 1253 1
904 1253 1
9 1253 1
1253 1268 1
21 1253 1
1253 1527 1
956 1253 1
735 1253 1
143 656 1
194 656 1
656 973 1
656 974 1
656 1389 1
656 656 1
471 656 1
91 656 1
143 708 1
143 143 1
143 1331 1
1167 1343 1
1343 1343 1
1167 1167 1
137 139 1
139 139 1
137 137 1
137 242 1
137 1178 1
137 190 1
522 1417 1
313 1417 1
990 1417 1
1417 1417 1
522 522 1
118 522 1
366 1368 1
1368 1368 1
366 366 1
559 1195 1
456 1195 1
1195 1288 1
715 1195 1
404 1195 1
1195 1195 1
559 559 1
157 559 1
1223 1326 1
133 1326 1
1326 1326 1
1223 1274 1
1223 1223 1
1199 1397 1
1397 1397 1
409 1199 1
1199 1199 1
305 1199 1
824 1018 1
1018 1018 1
824 824 1
824 1170 1
237 824 1
317 1387 1
1387 1387 1
317 317 1
1097 1448 1
1448 1448 1
1097 1097 1
772 1097 1
493 1037 1
961 1037 1
130 1037 1
1037 1116 1
1037 1037 1
103 493 1
493 493 1
206 493 1
30 104 1
104 104 1
104 1486 1
30 30 1
30 1351 1
557 972 1
246 972 1
972 972 1
972 1494 1
972 1182 1
557 557 1
964 970 1
970 970 1
964 964 1
977 1008 1
1008 1008 1
977 977 1
706 1408 1
1408 1408 1
185 1408 1
1408 1434 1
706 1512 1
706 706 1
299 1506 1
1506 1506 1
299 299 1
671 812 1
812 812 1
671 671 1
15 213 1
213 1105 1
213 1106 1
213 1158 1
15 15 1
15 408 1
828 1471 1
1471 1471 1
828 828 1
529 803 1
803 803 1
529 1480 1
529 529 1
529 1532 1
710 959 1
34 959 1
959 1229 1
959 959 1
710 710 1
610 1526 1
1526 1526 1
610 610 1
92 730 1
730 730 1
92 92 1
599 773 1
773 773 1
599 1086 1
599 599 1
139 883 1
137 883 1
242 883 1
883 883 1
883 1178 1
190 883 1
389 1207 1
233 1207 1
1207 1207 1
390 1207 1
545 1207 1
389 1155 1
389 389 1
602 621 1
621 621 1
602 673 1
602 1349 1
361 602 1
602 751 1
466 602 1
602 1401 1
154 602 1
602 602 1
1112 1411 1
1411 1411 1
1112 1112 1
371 1112 1
996 1112 1
1201 1217 1
1217 1217 1
1217 1306 1
1046 1217 1
1045 1217 1
1217 1462 1
1201 1201 1
846 903 1
903 903 1
846 846 1
750 844 1
844 844 1
750 750 1
1308 1462 1
1462 1462 1
1217 1308 1
1201 1308 1
1045 1308 1
1046 1308 1
1306 1308 1
1308 1308 1
905 987 1
987 987 1
905 905 1
952 1276 1
1276 1276 1
952 952 1
807 952 1
727 814 1
728 814 1
814 1220 1
468 814 1
814 814 1
241 727 1
727 1490 1
727 727 1
789 1338 1
634 1338 1
1338 1338 1
894 1338 1
789 789 1
755 1501 1
1501 1501 1
755 755 1
94 899 1
899 899 1
94 94 1
137 857 1
139 857 1
242 857 1
857 883 1
857 857 1
857 1178 1
190 857 1
956 1525 1
1253 1525 1
1525 1525 1
1268 1525 1
21 1525 1
1525 1527 1
1371 1525 1
735 1525 1
537 956 1
956 956 1
540 1195 1
456 540 1
540 715 1
540 559 1
540 1288 1
404 540 1
540 540 1
157 540 1
40 1136 -1
36 462 -1
295 462 -1
110 1290 -1
110 250 -1
868 894 -1
634 868 -1
789 868 -1
786 822 -1
733 822 -1
1257 1335 -1
35 536 -1
1420 1438 -1
997 1551 -1
790 1551 -1
997 1552 -1
997 1031 -1
997 1447 -1
167 764 -1
27 572 -1
134 147 -1
147 758 -1
1094 1097 -1
1103 1493 -1
889 1312 -1
318 1312 -1
64 889 -1
688 889 -1
387 546 -1
387 962 -1
996 1017 -1
371 1017 -1
1017 1411 -1
214 366 -1
1169 1406 -1
1169 1509 -1
1095 1194 -1
161 1194 -1
940 1194 -1
542 928 -1
493 752 -1
752 961 -1
130 752 -1
1430 1449 -1
369 406 -1
1062 1065 -1
858 1062 -1
892 926 -1
821 892 -1
509 892 -1
117 185 -1
185 375 -1
117 706 -1
117 1434 -1
515 1264 -1
1454 1459 -1
1043 1454 -1
1356 1454 -1
5 1454 -1
553 1160 -1
1160 1437 -1
553 1056 -1
1416 1422 -1
965 974 -1
965 1389 -1
143 965 -1
460 749 -1
749 1031 -1
148 749 -1
749 1447 -1
615 749 -1
74 460 -1
126 460 -1
438 460 -1
178 460 -1
110 147 -1
484 567 -1
856 1039 -1
332 433 -1
433 852 -1
433 591 -1
198 313 -1
198 522 -1
198 990 -1
870 1208 -1
168 870 -1
584 870 -1
408 439 -1
388 408 -1
110 366 -1
1103 1112 -1
893 920 -1
107 718 -1
677 718 -1
107 614 -1
96 404 -1
96 1288 -1
96 456 -1
96 715 -1
96 559 -1
1026 1485 -1
1129 1485 -1
1026 1225 -1
1026 1122 -1
286 388 -1
286 439 -1
1395 1428 -1
304 1428 -1
1188 1428 -1
227 329 -1
875 1425 -1
602 1262 -1
534 602 -1
1226 1259 -1
83 1259 -1
43 626 -1
43 1145 -1
922 1415 -1
1519 1545 -1
947 1545 -1
428 1545 -1
336 1066 -1
596 1066 -1
1179 1518 -1
1336 1518 -1
712 1518 -1
1075 1518 -1
919 1518 -1
82 629 -1
629 1330 -1
629 810 -1
629 1381 -1
446 629 -1
82 993 -1
82 1461 -1
1197 1464 -1
165 1197 -1
132 593 -1
832 1105 -1
832 1106 -1
832 1158 -1
15 832 -1
162 470 -1
159 787 -1
729 787 -1
60 159 -1
206 627 -1
627 1037 -1
103 627 -1
164 317 -1
290 349 -1
1027 1124 -1
901 1319 -1
361 627 -1
627 673 -1
154 627 -1
621 627 -1
627 1349 -1
627 1401 -1
207 1372 -1
988 1372 -1
177 667 -1
580 625 -1
602 1112 -1
1003 1456 -1
1108 1456 -1
1315 1456 -1
1212 1456 -1
0 1003 -1
1 1003 -1
1003 1247 -1
186 740 -1
815 1465 -1
815 1258 -1
573 1273 -1
1254 1285 -1
664 1037 -1
819 1037 -1
206 664 -1
103 664 -1
123 532 -1
1069 1077 -1
1041 1486 -1
30 1041 -1
954 1442 -1
850 1442 -1
71 1442 -1
1005 1442 -1
693 1442 -1
588 591 -1
588 852 -1
332 588 -1
36 425 -1
295 425 -1
881 1147 -1
881 1200 -1
842 1179 -1
842 1336 -1
712 842 -1
842 1075 -1
842 919 -1
815 1049 -1
115 815 -1
581 815 -1
1346 1551 -1
929 1551 -1
618 1551 -1
1346 1552 -1
1031 1346 -1
1346 1447 -1
106 147 -1
147 938 -1
147 834 -1
147 885 -1
77 559 -1
559 648 -1
77 456 -1
77 1288 -1
77 715 -1
77 404 -1
55 353 -1
832 1458 -1
832 1250 -1
261 832 -1
636 717 -1
271 717 -1
1057 1071 -1
1057 1383 -1
1550 1557 -1
811 872 -1
1046 1047 -1
1047 1201 -1
1047 1306 -1
1047 1253 -1
1047 1462 -1
1045 1047 -1
469 473 -1
218 594 -1
218 957 -1
12 766 -1
1197 1238 -1
960 1533 -1
1324 1534 -1
1064 1534 -1
987 1168 -1
24 987 -1
544 702 -1
960 1534 -1
1468 1474 -1
1000 1474 -1
896 1474 -1
687 1474 -1
791 1474 -1
1404 1421 -1
745 1404 -1
538 1404 -1
902 1404 -1
446 557 -1
557 1330 -1
557 810 -1
82 557 -1
557 1381 -1
246 446 -1
446 1494 -1
446 1182 -1
811 1027 -1
1265 1268 -1
1265 1371 -1
956 1265 -1
21 1265 -1
1265 1527 -1
1199 1245 -1
169 922 -1
1312 1513 -1
64 1513 -1
688 1513 -1
681 1312 -1
111 1312 -1
895 925 -1
1143 1430 -1
416 1430 -1
1430 1507 -1
908 1326 -1
1115 1326 -1
1220 1326 -1
751 1326 -1
647 1326 -1
908 1274 -1
831 1423 -1
996 1145 -1
371 1145 -1
1145 1411 -1
626 996 -1
892 1509 -1
892 1406 -1
1041 1082 -1
566 738 -1
566 1154 -1
373 566 -1
504 529 -1
1306 1329 -1
1201 1329 -1
1046 1329 -1
1045 1329 -1
1329 1462 -1
1253 1329 -1
1332 1340 -1
1340 1435 -1
395 1340 -1
967 1340 -1
863 1340 -1
686 711 -1
892 1342 -1
902 956 -1
745 956 -1
538 956 -1
956 1421 -1
902 1371 -1
902 1268 -1
21 902 -1
902 1527 -1
825 1102 -1
721 1102 -1
201 1102 -1
269 825 -1
1054 1078 -1
689 1078 -1
742 1078 -1
43 107 -1
43 677 -1
201 928 -1
721 928 -1
928 1553 -1
878 928 -1
825 928 -1
1403 1482 -1
1000 1005 -1
1005 1468 -1
791 1005 -1
954 1000 -1
850 1000 -1
693 1000 -1
71 1000 -1
1162 1475 -1
642 1475 -1
382 1475 -1
70 1475 -1
1063 1066 -1
128 1066 -1
1122 1363 -1
1225 1363 -1
1363 1485 -1
437 1172 -1
1172 1529 -1
439 668 -1
388 668 -1
267 626 -1
267 1145 -1
1514 1538 -1
862 1514 -1
476 497 -1
978 985 -1
770 985 -1
985 1446 -1
95 985 -1
738 1345 -1
1154 1345 -1
373 1345 -1
1404 1429 -1
1097 1337 -1
779 794 -1
1154 1544 -1
738 1544 -1
373 1544 -1
839 861 -1
861 1048 -1
861 1099 -1
365 632 -1
365 372 -1
937 1100 -1
1026 1052 -1
1052 1129 -1
739 1026 -1
366 580 -1
851 1404 -1
436 1404 -1
381 643 -1
1268 1305 -1
1305 1371 -1
956 1305 -1
21 1305 -1
1305 1527 -1
102 161 -1
102 940 -1
102 1095 -1
444 489 -1
231 233 -1
231 545 -1
231 389 -1
231 390 -1
1094 1549 -1
90 168 -1
90 584 -1
90 1208 -1
1412 1445 -1
301 1412 -1
889 1122 -1
318 1122 -1
889 1225 -1
889 1485 -1
39 445 -1
889 926 -1
318 926 -1
821 889 -1
509 889 -1
154 731 -1
673 731 -1
731 1401 -1
621 731 -1
731 1349 -1
361 731 -1
154 1148 -1
18 436 -1
18 851 -1
346 1087 -1
1073 1087 -1
34 1087 -1
1087 1229 -1
449 1087 -1
1017 1041 -1
209 629 -1
209 993 -1
209 1461 -1
812 871 -1
1155 1485 -1
1207 1485 -1
1155 1225 -1
1122 1155 -1
953 1320 -1
280 953 -1
953 1059 -1
1410 1433 -1
421 1433 -1
237 249 -1
249 1018 -1
237 1237 -1
842 868 -1
812 1495 -1
789 867 -1
634 867 -1
867 894 -1
1364 1389 -1
194 1364 -1
91 1364 -1
973 1364 -1
974 1364 -1
143 1364 -1
280 415 -1
415 1320 -1
415 1059 -1
280 675 -1
147 237 -1
147 1018 -1
1216 1370 -1
1165 1171 -1
1324 1326 -1
1064 1326 -1
1274 1324 -1
1050 1054 -1
689 1050 -1
742 1050 -1
235 1010 -1
43 319 -1
591 1318 -1
852 1318 -1
332 1318 -1
733 1204 -1
786 1204 -1
733 1516 -1
130 491 -1
491 961 -1
491 493 -1
1097 1360 -1
417 473 -1
2 473 -1
477 763 -1
763 1101 -1
477 1491 -1
510 986 -1
94 570 -1
530 565 -1
789 1127 -1
634 1127 -1
894 1127 -1
1260 1290 -1
250 1260 -1
1352 1372 -1
991 1246 -1
55 221 -1
55 430 -1
350 427 -1
1409 1442 -1
1045 1058 -1
1058 1201 -1
1058 1306 -1
1046 1058 -1
1058 1462 -1
387 649 -1
564 1318 -1
992 1089 -1
992 1453 -1
992 1038 -1
175 1372 -1
1347 1472 -1
314 354 -1
1066 1079 -1
1300 1317 -1
519 1317 -1
480 505 -1
739 766 -1
766 1052 -1
332 590 -1
590 852 -1
590 591 -1
1309 1315 -1
685 1315 -1
1003 1309 -1
1108 1309 -1
55 527 -1
141 166 -1
583 609 -1
609 1520 -1
583 817 -1
1342 1411 -1
371 1342 -1
996 1342 -1
1412 1415 -1
1 539 -1
539 1456 -1
0 539 -1
539 1247 -1
1 72 -1
1 1007 -1
1459 1498 -1
1043 1498 -1
1356 1498 -1
5 1498 -1
122 332 -1
122 852 -1
122 591 -1
694 696 -1
1225 1306 -1
1122 1306 -1
1306 1485 -1
1201 1225 -1
1046 1225 -1
1045 1225 -1
1225 1462 -1
1225 1253 -1
94 524 -1
914 1098 -1
1098 1537 -1
244 269 -1
269 296 -1
269 400 -1
269 659 -1
269 1543 -1
244 1102 -1
531 746 -1
82 458 -1
458 1330 -1
458 810 -1
458 1381 -1
446 458 -1
82 873 -1
82 770 -1
82 95 -1
79 388 -1
79 439 -1
417 423 -1
2 423 -1
1111 1332 -1
1111 1435 -1
395 1111 -1
967 1111 -1
863 1111 -1
166 1335 -1
746 1332 -1
746 1435 -1
395 746 -1
746 967 -1
746 863 -1
1381 1510 -1
82 1510 -1
810 1510 -1
1330 1510 -1
446 1510 -1
541 1322 -1
1167 1427 -1
147 1133 -1
147 562 -1
743 1055 -1
