0 20 -1
0 21 -1
0 644 -1
0 695 -1
0 696 -1
1 21 -1
1 20 -1
1 488 -1
1 695 -1
1 696 -1
1 748 -1
1 539 -1
1 644 -1
2 631 -1
2 632 -1
2 8 -1
2 268 -1
2 735 -1
2 736 -1
2 528 -1
2 683 -1
2 9 -1
2 7 -1
2 424 -1
2 372 -1
3 528 -1
3 632 -1
3 735 -1
3 631 -1
3 653 -1
3 8 -1
3 736 -1
3 683 -1
3 112 -1
4 154 -1
4 51 -1
5 361 -1
6 706 -1
6 39 -1
6 13 -1
6 705 -1
6 30 -1
6 8 -1
6 757 -1
7 706 -1
7 631 -1
7 736 -1
7 8 -1
7 39 -1
7 757 -1
8 706 -1
8 365 -1
8 31 -1
8 705 -1
9 682 -1
9 365 -1
9 677 -1
10 556 -1
10 36 -1
10 37 -1
10 555 -1
10 763 -1
10 452 -1
10 503 -1
10 47 -1
10 764 -1
11 47 -1
11 37 -1
11 461 -1
11 462 -1
11 150 -1
11 36 -1
11 201 -1
11 409 -1
11 452 -1
12 245 -1
12 766 -1
12 39 -1
12 318 -1
12 453 -1
7 12 -1
12 757 -1
12 714 -1
12 350 -1
12 237 -1
12 401 -1
13 39 -1
13 757 -1
13 30 -1
13 445 -1
13 766 -1
13 318 -1
13 682 -1
13 706 -1
13 317 -1
13 401 -1
13 758 -1
3 14 -1
9 14 -1
14 528 -1
14 632 -1
8 14 -1
15 676 -1
3 15 -1
15 683 -1
15 528 -1
15 417 -1
15 675 -1
18 643 -1
18 436 -1
19 592 -1
19 643 -1
19 436 -1
19 748 -1
21 433 -1
22 652 -1
22 29 -1
22 391 -1
22 1386 -1
22 548 -1
22 28 -1
23 29 -1
23 28 -1
24 761 -1
24 634 -1
24 743 -1
24 749 -1
24 120 -1
24 1482 -1
24 425 -1
24 1325 -1
24 553 -1
24 432 -1
25 1430 -1
25 598 -1
25 749 -1
25 27 -1
25 761 -1
25 1482 -1
25 597 -1
25 126 -1
25 1429 -1
25 233 -1
26 520 -1
26 311 -1
26 623 -1
26 519 -1
26 751 -1
26 571 -1
25 26 -1
0 26 -1
26 727 -1
27 571 -1
27 592 -1
1 27 -1
27 572 -1
27 311 -1
27 1320 -1
0 27 -1
27 440 -1
27 589 -1
27 1456 -1
27 520 -1
28 541 -1
28 750 -1
28 127 -1
28 542 -1
28 749 -1
28 490 -1
28 437 -1
28 489 -1
28 645 -1
28 438 -1
28 126 -1
28 1426 -1
29 490 -1
29 489 -1
29 127 -1
29 542 -1
29 541 -1
29 749 -1
29 438 -1
29 750 -1
29 437 -1
29 645 -1
29 126 -1
29 698 -1
30 39 -1
30 739 -1
31 38 -1
31 661 -1
31 636 -1
31 39 -1
32 41 -1
32 40 -1
33 537 -1
33 531 -1
33 196 -1
33 643 -1
33 433 -1
33 696 -1
33 532 -1
33 644 -1
33 123 -1
34 599 -1
34 1108 -1
34 743 -1
34 1315 -1
34 535 -1
34 1471 -1
34 1004 -1
34 431 -1
35 1108 -1
35 1471 -1
35 1004 -1
35 120 -1
35 431 -1
35 796 -1
35 535 -1
36 634 -1
36 529 -1
36 425 -1
36 426 -1
36 478 -1
36 477 -1
36 47 -1
36 738 -1
37 270 -1
37 685 -1
37 426 -1
37 425 -1
37 269 -1
37 530 -1
37 634 -1
30 38 -1
38 654 -1
13 38 -1
6 38 -1
38 42 -1
38 445 -1
7 38 -1
39 654 -1
39 739 -1
39 445 -1
39 446 -1
40 656 -1
41 707 -1
33 41 -1
41 700 -1
41 552 -1
41 701 -1
42 261 -1
42 626 -1
42 677 -1
7 42 -1
2 42 -1
6 42 -1
42 629 -1
42 734 -1
42 682 -1
42 654 -1
42 290 -1
9 42 -1
42 268 -1
12 42 -1
42 318 -1
13 42 -1
42 365 -1
43 210 -1
43 314 -1
43 262 -1
43 625 -1
43 313 -1
43 678 -1
43 365 -1
43 107 -1
43 626 -1
43 106 -1
43 209 -1
2 43 -1
43 319 -1
43 418 -1
29 44 -1
28 44 -1
44 311 -1
44 496 -1
19 45 -1
46 633 -1
36 46 -1
46 426 -1
46 451 -1
47 426 -1
47 737 -1
47 270 -1
47 425 -1
47 738 -1
37 47 -1
49 484 -1
49 483 -1
49 173 -1
6 50 -1
50 302 -1
50 301 -1
50 717 -1
50 665 -1
12 50 -1
4 50 -1
13 50 -1
7 50 -1
38 50 -1
6 51 -1
51 665 -1
30 51 -1
51 661 -1
51 509 -1
13 51 -1
51 765 -1
39 51 -1
51 445 -1
51 636 -1
51 94 -1
51 740 -1
5 51 -1
51 302 -1
51 510 -1
53 696 -1
54 666 -1
54 95 -1
54 59 -1
54 110 -1
54 82 -1
54 624 -1
54 94 -1
54 630 -1
54 562 -1
55 95 -1
55 666 -1
55 59 -1
55 527 -1
55 562 -1
55 624 -1
55 58 -1
55 82 -1
55 83 -1
55 630 -1
56 102 -1
56 94 -1
56 103 -1
56 570 -1
56 361 -1
57 103 -1
57 570 -1
57 102 -1
58 82 -1
58 95 -1
58 61 -1
58 83 -1
58 60 -1
59 82 -1
59 95 -1
59 61 -1
59 83 -1
59 60 -1
60 83 -1
60 82 -1
60 342 -1
61 83 -1
61 525 -1
61 365 -1
61 421 -1
61 522 -1
61 473 -1
61 733 -1
62 88 -1
62 89 -1
62 192 -1
62 711 -1
62 764 -1
62 141 -1
62 1336 -1
62 99 -1
62 566 -1
63 88 -1
63 192 -1
63 711 -1
63 191 -1
63 89 -1
63 99 -1
63 141 -1
64 549 -1
64 186 -1
64 83 -1
64 562 -1
64 245 -1
65 91 -1
65 90 -1
65 83 -1
65 509 -1
65 562 -1
65 94 -1
65 466 -1
52 66 -1
53 66 -1
70 644 -1
70 643 -1
70 72 -1
70 696 -1
70 539 -1
70 436 -1
70 177 -1
70 435 -1
71 644 -1
71 176 -1
71 643 -1
71 125 -1
71 436 -1
71 73 -1
71 177 -1
71 383 -1
71 332 -1
72 1318 -1
72 174 -1
70 73 -1
74 180 -1
76 78 -1
76 79 -1
76 181 -1
76 702 -1
76 559 -1
76 130 -1
76 701 -1
76 182 -1
76 508 -1
76 560 -1
76 389 -1
77 78 -1
77 79 -1
77 181 -1
77 701 -1
77 130 -1
77 702 -1
77 390 -1
77 182 -1
77 559 -1
78 700 -1
78 544 -1
78 699 -1
78 387 -1
78 388 -1
79 699 -1
79 559 -1
79 388 -1
79 544 -1
80 230 -1
80 333 -1
80 229 -1
81 333 -1
81 1425 -1
81 593 -1
81 334 -1
82 629 -1
82 111 -1
82 110 -1
82 147 -1
83 90 -1
83 193 -1
83 428 -1
83 427 -1
83 505 -1
83 661 -1
83 506 -1
83 168 -1
86 1420 -1
86 1108 -1
87 1108 -1
87 1420 -1
87 1211 -1
88 114 -1
88 115 -1
88 166 -1
88 686 -1
88 269 -1
89 373 -1
89 374 -1
89 269 -1
89 166 -1
89 115 -1
89 685 -1
90 497 -1
90 168 -1
90 636 -1
90 169 -1
90 532 -1
90 428 -1
90 740 -1
90 480 -1
90 427 -1
91 108 -1
91 523 -1
91 731 -1
91 627 -1
5 91 -1
91 524 -1
57 91 -1
91 532 -1
83 91 -1
91 570 -1
91 154 -1
91 212 -1
91 777 -1
94 102 -1
94 523 -1
57 94 -1
83 94 -1
90 94 -1
94 103 -1
94 524 -1
55 94 -1
59 94 -1
94 570 -1
82 94 -1
94 569 -1
95 110 -1
82 95 -1
95 630 -1
95 733 -1
95 102 -1
95 522 -1
95 421 -1
95 629 -1
92 96 -1
96 656 -1
96 136 -1
96 403 -1
96 715 -1
96 663 -1
40 96 -1
96 404 -1
96 560 -1
96 145 -1
93 96 -1
32 96 -1
96 195 -1
96 655 -1
96 240 -1
85 96 -1
96 144 -1
96 664 -1
97 560 -1
97 508 -1
92 97 -1
93 97 -1
97 559 -1
97 612 -1
97 507 -1
97 247 -1
97 403 -1
97 663 -1
85 97 -1
97 715 -1
62 98 -1
88 98 -1
98 1310 -1
63 98 -1
98 115 -1
98 114 -1
98 686 -1
99 115 -1
99 738 -1
102 315 -1
102 108 -1
102 161 -1
102 109 -1
102 732 -1
102 523 -1
102 419 -1
102 524 -1
103 471 -1
103 161 -1
103 472 -1
103 523 -1
103 732 -1
103 108 -1
103 627 -1
103 109 -1
103 419 -1
104 522 -1
106 666 -1
106 111 -1
106 147 -1
106 165 -1
106 110 -1
106 624 -1
106 146 -1
106 527 -1
107 147 -1
107 666 -1
107 527 -1
107 146 -1
107 165 -1
107 113 -1
107 111 -1
107 629 -1
107 630 -1
107 665 -1
108 154 -1
108 155 -1
108 570 -1
109 154 -1
110 625 -1
110 521 -1
110 522 -1
110 417 -1
110 146 -1
110 147 -1
111 417 -1
111 625 -1
111 147 -1
111 164 -1
111 470 -1
111 146 -1
111 112 -1
112 365 -1
112 366 -1
112 625 -1
112 417 -1
113 366 -1
113 522 -1
113 365 -1
113 417 -1
113 625 -1
111 113 -1
113 629 -1
114 140 -1
114 141 -1
114 659 -1
114 711 -1
114 556 -1
115 141 -1
115 140 -1
115 192 -1
115 711 -1
115 556 -1
115 763 -1
115 555 -1
115 764 -1
116 186 -1
116 142 -1
116 135 -1
116 194 -1
116 185 -1
116 123 -1
111 116 -1
116 550 -1
117 186 -1
110 117 -1
117 142 -1
117 135 -1
117 342 -1
117 185 -1
111 117 -1
117 193 -1
120 761 -1
120 762 -1
121 761 -1
121 762 -1
121 449 -1
122 125 -1
122 435 -1
122 436 -1
122 644 -1
122 643 -1
117 122 -1
122 531 -1
123 436 -1
123 531 -1
123 125 -1
123 435 -1
117 123 -1
123 643 -1
123 532 -1
124 174 -1
122 124 -1
124 433 -1
125 175 -1
125 537 -1
125 157 -1
126 756 -1
126 180 -1
126 491 -1
127 756 -1
128 131 -1
128 806 -1
128 181 -1
126 128 -1
128 130 -1
128 138 -1
128 805 -1
128 749 -1
128 597 -1
129 131 -1
129 181 -1
129 130 -1
129 1326 -1
129 749 -1
126 129 -1
129 597 -1
130 387 -1
130 491 -1
130 700 -1
131 387 -1
131 491 -1
126 131 -1
132 1425 -1
132 333 -1
133 1425 -1
133 333 -1
134 610 -1
134 609 -1
111 134 -1
110 134 -1
134 364 -1
117 134 -1
134 147 -1
134 143 -1
106 134 -1
134 436 -1
105 134 -1
135 147 -1
135 142 -1
111 135 -1
110 135 -1
135 143 -1
135 146 -1
137 332 -1
137 195 -1
126 137 -1
123 137 -1
137 174 -1
122 137 -1
137 537 -1
138 1420 -1
138 432 -1
138 431 -1
138 1108 -1
139 1420 -1
139 1471 -1
139 431 -1
140 269 -1
140 270 -1
140 426 -1
140 425 -1
140 166 -1
141 166 -1
141 686 -1
141 477 -1
142 169 -1
142 375 -1
142 168 -1
142 186 -1
142 428 -1
142 185 -1
142 323 -1
143 375 -1
143 531 -1
143 739 -1
117 143 -1
143 446 -1
116 143 -1
143 532 -1
143 445 -1
110 143 -1
143 550 -1
146 733 -1
146 625 -1
146 629 -1
146 417 -1
146 522 -1
146 159 -1
146 630 -1
146 366 -1
147 629 -1
147 342 -1
147 630 -1
147 733 -1
147 625 -1
147 757 -1
147 366 -1
147 317 -1
148 247 -1
85 148 -1
148 499 -1
148 559 -1
148 759 -1
148 655 -1
149 492 -1
149 166 -1
149 543 -1
149 167 -1
114 149 -1
149 491 -1
115 149 -1
149 544 -1
126 149 -1
149 180 -1
149 909 -1
63 149 -1
25 149 -1
127 149 -1
149 634 -1
149 181 -1
149 910 -1
149 1309 -1
149 477 -1
150 738 -1
150 737 -1
141 151 -1
115 151 -1
154 731 -1
154 627 -1
154 732 -1
154 679 -1
154 665 -1
154 524 -1
154 160 -1
147 154 -1
155 627 -1
155 628 -1
155 367 -1
155 368 -1
155 160 -1
155 264 -1
155 679 -1
106 156 -1
156 539 -1
156 696 -1
157 177 -1
157 644 -1
134 157 -1
158 165 -1
158 163 -1
158 733 -1
158 198 -1
158 197 -1
158 769 -1
158 666 -1
159 198 -1
159 163 -1
159 733 -1
159 197 -1
159 629 -1
159 769 -1
159 162 -1
159 630 -1
162 185 -1
162 186 -1
117 162 -1
162 193 -1
162 470 -1
163 470 -1
163 164 -1
163 417 -1
163 625 -1
163 186 -1
164 470 -1
164 733 -1
164 417 -1
164 469 -1
164 473 -1
164 474 -1
164 730 -1
110 164 -1
164 421 -1
164 317 -1
165 730 -1
165 729 -1
165 417 -1
165 313 -1
165 470 -1
165 469 -1
165 733 -1
165 625 -1
165 418 -1
111 165 -1
166 192 -1
166 711 -1
166 763 -1
166 556 -1
166 764 -1
167 191 -1
167 192 -1
167 764 -1
167 711 -1
140 167 -1
141 167 -1
168 193 -1
168 186 -1
168 185 -1
168 194 -1
168 557 -1
168 446 -1
169 193 -1
169 186 -1
169 194 -1
169 185 -1
169 557 -1
170 416 -1
171 416 -1
105 171 -1
172 773 -1
172 426 -1
172 425 -1
172 737 -1
172 513 -1
172 634 -1
173 554 -1
173 464 -1
174 176 -1
174 643 -1
174 177 -1
174 1371 -1
175 177 -1
175 644 -1
175 176 -1
175 643 -1
175 531 -1
157 175 -1
124 175 -1
175 1372 -1
175 955 -1
176 537 -1
122 177 -1
177 537 -1
180 181 -1
180 597 -1
127 180 -1
180 749 -1
75 180 -1
180 233 -1
180 698 -1
180 806 -1
180 541 -1
180 598 -1
181 387 -1
181 544 -1
181 491 -1
181 543 -1
181 752 -1
181 751 -1
181 388 -1
181 700 -1
182 388 -1
182 544 -1
182 387 -1
182 1323 -1
182 1376 -1
183 1113 -1
183 1166 -1
183 1165 -1
126 183 -1
183 854 -1
22 183 -1
183 489 -1
184 1426 -1
184 1166 -1
184 1114 -1
184 762 -1
184 490 -1
126 184 -1
184 1425 -1
184 1165 -1
185 193 -1
185 194 -1
185 739 -1
185 557 -1
185 428 -1
185 661 -1
185 323 -1
185 427 -1
186 193 -1
186 194 -1
186 739 -1
186 428 -1
186 635 -1
186 427 -1
186 557 -1
187 195 -1
188 195 -1
166 191 -1
191 269 -1
115 191 -1
191 270 -1
191 425 -1
192 269 -1
192 686 -1
192 685 -1
114 192 -1
193 739 -1
193 635 -1
193 323 -1
193 636 -1
193 428 -1
194 739 -1
194 375 -1
194 635 -1
194 323 -1
194 428 -1
194 549 -1
194 636 -1
195 239 -1
195 1383 -1
195 448 -1
195 655 -1
195 656 -1
195 707 -1
195 240 -1
195 1384 -1
195 499 -1
195 447 -1
196 500 -1
196 1383 -1
196 396 -1
32 196 -1
196 552 -1
196 499 -1
196 707 -1
196 759 -1
196 551 -1
162 197 -1
163 197 -1
197 733 -1
197 313 -1
197 629 -1
197 630 -1
197 729 -1
163 198 -1
198 733 -1
198 625 -1
164 198 -1
198 417 -1
198 313 -1
198 470 -1
198 730 -1
72 199 -1
157 200 -1
201 425 -1
166 201 -1
201 426 -1
115 201 -1
201 634 -1
201 738 -1
201 685 -1
205 627 -1
205 732 -1
108 205 -1
205 731 -1
160 205 -1
205 212 -1
206 732 -1
206 627 -1
207 227 -1
207 228 -1
207 221 -1
207 1372 -1
207 602 -1
207 601 -1
207 609 -1
208 228 -1
208 227 -1
208 331 -1
208 332 -1
208 649 -1
209 250 -1
209 630 -1
209 214 -1
209 405 -1
209 629 -1
110 209 -1
209 213 -1
209 406 -1
209 215 -1
209 562 -1
209 216 -1
209 342 -1
210 216 -1
210 250 -1
210 354 -1
210 319 -1
210 249 -1
210 372 -1
210 215 -1
210 213 -1
210 238 -1
210 214 -1
147 210 -1
211 361 -1
211 673 -1
91 211 -1
211 570 -1
205 211 -1
212 673 -1
212 570 -1
212 361 -1
212 986 -1
213 250 -1
213 216 -1
213 238 -1
213 366 -1
213 215 -1
213 237 -1
213 249 -1
213 342 -1
214 238 -1
214 580 -1
214 215 -1
214 342 -1
214 366 -1
214 245 -1
214 216 -1
214 250 -1
215 238 -1
215 342 -1
215 237 -1
215 314 -1
215 365 -1
216 342 -1
216 250 -1
216 238 -1
216 626 -1
216 249 -1
216 314 -1
216 365 -1
216 318 -1
217 243 -1
217 244 -1
217 253 -1
217 608 -1
217 594 -1
217 347 -1
217 607 -1
217 296 -1
217 230 -1
217 867 -1
218 244 -1
218 608 -1
218 243 -1
218 594 -1
218 868 -1
218 1387 -1
218 253 -1
219 245 -1
219 237 -1
219 238 -1
219 786 -1
219 342 -1
219 246 -1
220 245 -1
220 237 -1
55 221 -1
221 521 -1
221 1351 -1
106 221 -1
222 260 -1
222 311 -1
49 223 -1
224 255 -1
224 242 -1
224 241 -1
224 450 -1
49 224 -1
224 256 -1
224 619 -1
100 224 -1
225 228 -1
225 227 -1
225 1371 -1
225 1078 -1
225 1060 -1
225 591 -1
225 1007 -1
225 332 -1
226 228 -1
226 332 -1
226 331 -1
226 1371 -1
226 227 -1
226 1060 -1
227 571 -1
227 329 -1
227 1352 -1
227 1110 -1
227 311 -1
228 329 -1
174 228 -1
228 1352 -1
228 1370 -1
229 652 -1
229 392 -1
229 236 -1
230 652 -1
230 236 -1
231 234 -1
231 233 -1
230 231 -1
229 231 -1
22 231 -1
231 646 -1
231 437 -1
231 1386 -1
75 231 -1
231 598 -1
178 231 -1
232 233 -1
232 281 -1
232 385 -1
232 333 -1
232 334 -1
232 806 -1
232 646 -1
232 697 -1
232 597 -1
232 234 -1
232 645 -1
74 232 -1
233 595 -1
233 335 -1
128 233 -1
233 336 -1
74 233 -1
234 595 -1
230 234 -1
229 234 -1
234 1062 -1
234 311 -1
207 234 -1
234 865 -1
234 646 -1
234 652 -1
234 572 -1
234 1139 -1
22 234 -1
234 1055 -1
234 236 -1
234 386 -1
234 1333 -1
235 1425 -1
235 802 -1
235 1114 -1
236 334 -1
237 246 -1
237 245 -1
237 324 -1
147 237 -1
237 323 -1
237 739 -1
117 237 -1
237 318 -1
214 237 -1
238 245 -1
238 249 -1
238 246 -1
238 320 -1
220 238 -1
238 318 -1
238 350 -1
238 324 -1
147 238 -1
238 314 -1
241 1055 -1
243 321 -1
243 633 -1
243 322 -1
243 582 -1
243 581 -1
243 269 -1
244 633 -1
244 322 -1
244 321 -1
244 582 -1
244 581 -1
244 374 -1
244 269 -1
245 739 -1
245 479 -1
245 323 -1
245 324 -1
245 427 -1
245 375 -1
245 635 -1
186 245 -1
246 376 -1
246 324 -1
117 246 -1
246 323 -1
246 636 -1
220 246 -1
246 427 -1
169 246 -1
245 249 -1
214 249 -1
237 249 -1
249 318 -1
220 249 -1
249 314 -1
249 324 -1
249 342 -1
249 361 -1
215 249 -1
249 362 -1
250 626 -1
250 625 -1
250 366 -1
250 578 -1
250 522 -1
250 630 -1
250 521 -1
215 250 -1
250 788 -1
253 633 -1
253 842 -1
253 867 -1
253 373 -1
254 868 -1
254 634 -1
254 1362 -1
254 426 -1
254 841 -1
254 270 -1
213 257 -1
250 257 -1
249 257 -1
214 257 -1
257 614 -1
219 257 -1
209 257 -1
257 324 -1
257 583 -1
257 354 -1
238 257 -1
257 405 -1
257 782 -1
249 258 -1
213 258 -1
250 258 -1
212 258 -1
214 258 -1
209 258 -1
258 324 -1
258 405 -1
238 258 -1
210 258 -1
245 258 -1
258 785 -1
260 625 -1
3 260 -1
110 260 -1
260 326 -1
260 365 -1
261 268 -1
261 735 -1
261 736 -1
261 632 -1
261 267 -1
261 629 -1
261 424 -1
261 320 -1
261 265 -1
262 319 -1
262 666 -1
262 630 -1
262 629 -1
262 320 -1
112 262 -1
263 310 -1
263 309 -1
263 725 -1
263 414 -1
154 263 -1
263 361 -1
263 517 -1
263 777 -1
264 310 -1
264 361 -1
264 725 -1
264 414 -1
264 309 -1
264 673 -1
265 297 -1
265 626 -1
265 625 -1
147 265 -1
265 314 -1
265 366 -1
266 297 -1
266 626 -1
266 406 -1
267 318 -1
267 682 -1
266 267 -1
13 267 -1
267 626 -1
267 681 -1
267 290 -1
267 289 -1
268 318 -1
268 365 -1
268 682 -1
269 555 -1
269 295 -1
269 556 -1
269 711 -1
269 400 -1
269 659 -1
270 555 -1
270 295 -1
270 556 -1
270 659 -1
271 298 -1
271 766 -1
271 453 -1
271 661 -1
271 402 -1
271 350 -1
271 401 -1
271 778 -1
271 458 -1
272 349 -1
272 401 -1
272 557 -1
245 272 -1
186 272 -1
277 531 -1
277 644 -1
277 436 -1
277 695 -1
277 748 -1
277 435 -1
278 375 -1
278 531 -1
117 278 -1
278 644 -1
278 436 -1
116 278 -1
278 427 -1
143 278 -1
58 279 -1
111 279 -1
82 279 -1
279 525 -1
59 279 -1
134 279 -1
110 279 -1
279 417 -1
279 693 -1
279 317 -1
279 609 -1
279 485 -1
123 279 -1
279 473 -1
279 629 -1
279 526 -1
279 363 -1
111 280 -1
110 280 -1
280 317 -1
134 280 -1
18 280 -1
59 280 -1
280 693 -1
280 609 -1
280 525 -1
278 280 -1
82 280 -1
280 415 -1
280 629 -1
280 485 -1
280 526 -1
280 417 -1
58 280 -1
259 280 -1
281 651 -1
28 282 -1
29 282 -1
282 599 -1
181 283 -1
283 546 -1
283 285 -1
283 1325 -1
283 1326 -1
283 545 -1
283 494 -1
283 441 -1
284 285 -1
284 442 -1
181 284 -1
182 284 -1
284 286 -1
284 597 -1
281 284 -1
284 649 -1
233 284 -1
285 491 -1
286 388 -1
283 286 -1
287 437 -1
287 489 -1
287 334 -1
287 333 -1
288 437 -1
288 489 -1
261 289 -1
265 289 -1
289 424 -1
289 318 -1
2 289 -1
13 289 -1
289 317 -1
289 735 -1
268 289 -1
289 631 -1
289 736 -1
289 769 -1
289 365 -1
42 289 -1
289 632 -1
289 734 -1
289 682 -1
13 290 -1
290 317 -1
290 320 -1
290 318 -1
110 290 -1
290 629 -1
268 290 -1
291 300 -1
291 299 -1
292 300 -1
292 299 -1
293 1108 -1
294 1108 -1
296 374 -1
269 296 -1
296 633 -1
270 296 -1
297 422 -1
297 318 -1
297 370 -1
297 369 -1
297 629 -1
297 682 -1
297 630 -1
6 297 -1
297 317 -1
297 681 -1
110 297 -1
297 421 -1
297 734 -1
163 297 -1
297 526 -1
214 297 -1
162 297 -1
298 376 -1
290 298 -1
13 298 -1
298 636 -1
239 299 -1
299 343 -1
137 299 -1
299 552 -1
299 707 -1
240 299 -1
32 299 -1
299 700 -1
136 299 -1
299 1124 -1
299 1331 -1
299 396 -1
239 300 -1
300 343 -1
240 300 -1
300 344 -1
84 300 -1
300 1123 -1
300 655 -1
300 707 -1
188 300 -1
300 760 -1
300 811 -1
301 309 -1
301 361 -1
261 301 -1
301 726 -1
301 318 -1
154 301 -1
301 362 -1
51 301 -1
154 302 -1
302 361 -1
302 726 -1
302 731 -1
302 629 -1
302 733 -1
302 630 -1
178 303 -1
179 303 -1
28 303 -1
29 303 -1
135 304 -1
212 304 -1
305 738 -1
306 737 -1
306 738 -1
306 764 -1
306 686 -1
306 634 -1
306 426 -1
302 309 -1
310 732 -1
310 680 -1
310 627 -1
108 310 -1
311 331 -1
312 331 -1
312 332 -1
228 312 -1
227 312 -1
134 312 -1
313 733 -1
313 630 -1
313 317 -1
313 319 -1
313 666 -1
313 527 -1
313 629 -1
314 319 -1
314 320 -1
314 318 -1
314 317 -1
314 733 -1
314 630 -1
314 372 -1
314 342 -1
315 361 -1
315 673 -1
316 361 -1
316 673 -1
317 625 -1
317 342 -1
317 417 -1
317 769 -1
318 342 -1
318 350 -1
318 320 -1
245 318 -1
319 729 -1
319 418 -1
319 730 -1
107 319 -1
106 319 -1
319 342 -1
2 319 -1
317 319 -1
320 342 -1
320 626 -1
237 320 -1
317 320 -1
320 757 -1
266 320 -1
214 320 -1
321 347 -1
321 348 -1
321 608 -1
296 321 -1
321 452 -1
321 607 -1
140 321 -1
191 321 -1
321 868 -1
321 358 -1
322 347 -1
322 348 -1
322 608 -1
322 607 -1
322 594 -1
322 593 -1
322 1333 -1
186 323 -1
323 557 -1
324 350 -1
324 1285 -1
194 324 -1
35 327 -1
327 599 -1
327 345 -1
87 327 -1
328 345 -1
328 359 -1
49 328 -1
35 328 -1
328 501 -1
329 332 -1
329 331 -1
329 591 -1
329 592 -1
329 571 -1
329 1371 -1
330 332 -1
330 592 -1
330 331 -1
330 591 -1
330 643 -1
174 331 -1
122 331 -1
174 332 -1
332 433 -1
332 434 -1
122 332 -1
333 339 -1
333 392 -1
333 599 -1
333 651 -1
334 339 -1
334 392 -1
132 334 -1
335 597 -1
335 806 -1
335 338 -1
335 598 -1
335 649 -1
335 1222 -1
181 335 -1
335 442 -1
335 650 -1
335 805 -1
335 337 -1
336 597 -1
336 806 -1
336 442 -1
336 598 -1
336 338 -1
336 1222 -1
181 336 -1
336 649 -1
336 646 -1
336 858 -1
311 337 -1
312 337 -1
208 337 -1
104 337 -1
336 337 -1
311 338 -1
208 338 -1
339 1425 -1
339 802 -1
333 340 -1
110 341 -1
147 341 -1
117 341 -1
341 609 -1
341 610 -1
341 629 -1
341 522 -1
341 625 -1
116 341 -1
146 341 -1
111 341 -1
342 350 -1
110 342 -1
342 629 -1
346 360 -1
346 1088 -1
346 1087 -1
347 358 -1
347 582 -1
269 347 -1
347 581 -1
348 358 -1
348 357 -1
269 348 -1
348 592 -1
348 571 -1
342 349 -1
349 446 -1
349 376 -1
290 349 -1
349 375 -1
238 349 -1
349 739 -1
350 739 -1
350 445 -1
350 427 -1
350 635 -1
350 549 -1
350 375 -1
323 350 -1
210 353 -1
314 353 -1
106 353 -1
158 353 -1
209 353 -1
313 353 -1
353 1359 -1
55 353 -1
353 630 -1
262 353 -1
107 353 -1
319 353 -1
314 354 -1
214 354 -1
213 354 -1
106 354 -1
318 354 -1
209 354 -1
313 354 -1
265 354 -1
319 354 -1
336 355 -1
355 439 -1
311 355 -1
179 355 -1
356 439 -1
357 426 -1
166 357 -1
326 358 -1
358 585 -1
295 358 -1
358 400 -1
359 795 -1
328 360 -1
361 732 -1
108 361 -1
361 627 -1
361 731 -1
361 524 -1
57 361 -1
109 361 -1
160 361 -1
213 362 -1
250 362 -1
318 362 -1
354 362 -1
362 1290 -1
214 362 -1
362 405 -1
362 665 -1
324 362 -1
219 362 -1
266 362 -1
363 696 -1
363 695 -1
134 363 -1
364 383 -1
364 696 -1
364 435 -1
364 644 -1
365 528 -1
365 735 -1
365 629 -1
365 631 -1
365 369 -1
365 630 -1
365 733 -1
366 629 -1
366 406 -1
366 630 -1
366 370 -1
110 366 -1
366 369 -1
111 366 -1
366 733 -1
367 414 -1
367 673 -1
368 414 -1
368 673 -1
370 406 -1
365 370 -1
147 370 -1
371 706 -1
2 371 -1
371 682 -1
107 371 -1
365 371 -1
7 371 -1
371 705 -1
6 371 -1
371 757 -1
314 371 -1
372 393 -1
365 372 -1
107 372 -1
366 372 -1
372 718 -1
372 757 -1
372 665 -1
372 706 -1
372 678 -1
373 399 -1
373 711 -1
192 373 -1
373 566 -1
373 763 -1
373 764 -1
374 399 -1
374 400 -1
140 374 -1
88 374 -1
141 374 -1
375 401 -1
375 549 -1
375 557 -1
186 375 -1
376 402 -1
376 401 -1
376 557 -1
376 558 -1
194 376 -1
142 376 -1
376 394 -1
193 376 -1
245 376 -1
350 376 -1
376 549 -1
49 380 -1
153 380 -1
381 643 -1
381 436 -1
381 531 -1
382 644 -1
382 531 -1
382 436 -1
382 695 -1
382 383 -1
382 643 -1
382 435 -1
382 384 -1
383 746 -1
384 642 -1
384 485 -1
385 599 -1
386 652 -1
386 392 -1
386 391 -1
387 390 -1
387 597 -1
387 389 -1
387 598 -1
387 1326 -1
387 546 -1
388 389 -1
388 546 -1
388 390 -1
388 1325 -1
388 1326 -1
388 545 -1
388 441 -1
388 493 -1
388 597 -1
75 388 -1
363 389 -1
389 544 -1
389 572 -1
390 520 -1
390 700 -1
230 391 -1
393 401 -1
393 739 -1
147 393 -1
394 739 -1
394 427 -1
394 401 -1
226 395 -1
399 633 -1
400 685 -1
401 739 -1
402 636 -1
375 402 -1
366 405 -1
405 630 -1
405 629 -1
405 626 -1
365 405 -1
405 625 -1
405 733 -1
370 405 -1
110 405 -1
406 630 -1
406 629 -1
406 626 -1
365 406 -1
369 406 -1
406 625 -1
406 733 -1
110 406 -1
159 406 -1
406 521 -1
163 406 -1
311 407 -1
408 439 -1
72 408 -1
408 591 -1
408 440 -1
408 571 -1
409 738 -1
373 410 -1
374 410 -1
380 412 -1
367 413 -1
264 413 -1
263 413 -1
414 627 -1
414 628 -1
414 731 -1
108 414 -1
111 415 -1
415 417 -1
415 421 -1
416 436 -1
416 435 -1
416 430 -1
417 733 -1
417 421 -1
417 629 -1
417 473 -1
417 422 -1
417 423 -1
418 527 -1
418 666 -1
418 665 -1
420 570 -1
420 466 -1
421 470 -1
421 506 -1
82 421 -1
422 446 -1
423 625 -1
111 423 -1
421 423 -1
3 423 -1
317 423 -1
415 423 -1
423 470 -1
317 424 -1
417 424 -1
318 424 -1
425 556 -1
425 555 -1
425 659 -1
425 660 -1
426 555 -1
426 556 -1
426 659 -1
426 565 -1
426 773 -1
426 452 -1
427 445 -1
427 446 -1
194 427 -1
427 453 -1
193 427 -1
428 446 -1
428 445 -1
428 497 -1
428 549 -1
428 453 -1
428 506 -1
428 557 -1
105 429 -1
416 429 -1
429 467 -1
429 728 -1
415 429 -1
429 727 -1
430 467 -1
105 430 -1
430 728 -1
431 449 -1
431 761 -1
431 553 -1
431 554 -1
432 761 -1
432 449 -1
426 432 -1
425 432 -1
432 634 -1
432 762 -1
139 432 -1
432 633 -1
37 432 -1
432 553 -1
433 436 -1
433 435 -1
433 643 -1
433 644 -1
433 747 -1
433 748 -1
434 436 -1
434 643 -1
434 748 -1
434 435 -1
435 746 -1
435 485 -1
435 642 -1
436 746 -1
436 485 -1
436 642 -1
436 538 -1
437 599 -1
438 599 -1
439 442 -1
439 598 -1
126 439 -1
439 1482 -1
439 639 -1
439 1430 -1
16 439 -1
138 439 -1
439 640 -1
439 449 -1
439 597 -1
440 442 -1
440 598 -1
26 440 -1
440 441 -1
440 1430 -1
440 1143 -1
440 597 -1
440 1429 -1
440 1482 -1
440 1404 -1
131 440 -1
440 857 -1
441 572 -1
441 544 -1
437 443 -1
333 444 -1
444 1425 -1
444 489 -1
445 453 -1
445 739 -1
445 454 -1
445 661 -1
446 739 -1
446 454 -1
446 453 -1
446 765 -1
446 557 -1
449 1108 -1
449 1420 -1
450 1108 -1
451 633 -1
425 451 -1
426 451 -1
269 452 -1
270 452 -1
425 452 -1
453 739 -1
453 636 -1
323 453 -1
454 739 -1
428 454 -1
185 454 -1
169 454 -1
168 454 -1
454 549 -1
454 636 -1
417 457 -1
111 457 -1
421 457 -1
422 457 -1
457 733 -1
106 457 -1
457 630 -1
163 457 -1
82 457 -1
110 457 -1
445 457 -1
446 457 -1
417 458 -1
445 458 -1
427 458 -1
317 458 -1
458 654 -1
458 629 -1
82 458 -1
110 458 -1
422 458 -1
421 458 -1
458 625 -1
125 459 -1
178 460 -1
437 460 -1
460 542 -1
460 911 -1
126 460 -1
179 460 -1
460 749 -1
460 490 -1
438 460 -1
460 1322 -1
28 460 -1
24 460 -1
16 460 -1
23 460 -1
183 460 -1
425 461 -1
426 461 -1
461 738 -1
461 634 -1
461 737 -1
461 530 -1
461 685 -1
37 461 -1
36 461 -1
120 461 -1
425 462 -1
120 462 -1
462 535 -1
426 462 -1
462 634 -1
462 738 -1
462 737 -1
379 462 -1
462 743 -1
462 685 -1
462 483 -1
36 462 -1
462 1310 -1
431 462 -1
17 462 -1
173 463 -1
463 483 -1
463 484 -1
464 484 -1
108 465 -1
419 465 -1
109 465 -1
465 627 -1
367 465 -1
465 732 -1
466 627 -1
466 561 -1
108 466 -1
467 696 -1
467 746 -1
467 695 -1
468 486 -1
468 485 -1
468 746 -1
468 696 -1
468 695 -1
468 748 -1
468 694 -1
469 473 -1
469 474 -1
469 476 -1
469 475 -1
469 733 -1
163 469 -1
469 498 -1
469 683 -1
469 528 -1
469 735 -1
469 497 -1
111 469 -1
469 769 -1
470 733 -1
470 473 -1
470 476 -1
470 474 -1
470 475 -1
470 528 -1
470 735 -1
470 498 -1
470 683 -1
471 517 -1
471 518 -1
472 518 -1
472 517 -1
473 475 -1
473 476 -1
473 498 -1
473 497 -1
474 475 -1
474 476 -1
417 474 -1
474 498 -1
475 498 -1
475 497 -1
417 475 -1
475 733 -1
475 705 -1
476 498 -1
476 706 -1
476 705 -1
417 476 -1
476 497 -1
476 730 -1
477 503 -1
477 504 -1
477 556 -1
477 555 -1
477 763 -1
477 711 -1
477 764 -1
478 504 -1
478 556 -1
478 503 -1
478 763 -1
478 555 -1
478 764 -1
478 711 -1
194 479 -1
193 479 -1
479 974 -1
479 766 -1
479 922 -1
480 497 -1
480 498 -1
480 506 -1
480 505 -1
473 480 -1
480 549 -1
480 922 -1
83 480 -1
480 509 -1
480 525 -1
193 480 -1
467 482 -1
416 482 -1
483 567 -1
483 502 -1
483 554 -1
483 501 -1
484 567 -1
484 515 -1
153 484 -1
484 775 -1
484 516 -1
485 696 -1
485 695 -1
485 748 -1
486 748 -1
486 643 -1
486 487 -1
486 488 -1
485 487 -1
487 538 -1
487 746 -1
434 487 -1
488 538 -1
488 537 -1
485 488 -1
489 651 -1
490 756 -1
490 755 -1
490 496 -1
490 492 -1
491 494 -1
491 493 -1
491 749 -1
491 546 -1
491 754 -1
491 750 -1
127 491 -1
491 545 -1
492 494 -1
468 492 -1
492 749 -1
492 905 -1
127 492 -1
126 492 -1
492 1325 -1
492 539 -1
492 535 -1
492 750 -1
485 492 -1
493 520 -1
493 752 -1
493 519 -1
416 493 -1
493 623 -1
467 493 -1
416 494 -1
494 520 -1
494 623 -1
494 519 -1
494 751 -1
494 752 -1
467 494 -1
494 727 -1
494 543 -1
105 494 -1
468 494 -1
489 495 -1
495 645 -1
437 495 -1
496 750 -1
127 496 -1
496 541 -1
23 496 -1
496 542 -1
496 749 -1
497 506 -1
497 505 -1
497 713 -1
497 739 -1
497 714 -1
497 740 -1
498 506 -1
498 505 -1
498 739 -1
500 537 -1
500 696 -1
500 746 -1
123 500 -1
500 531 -1
500 532 -1
501 1160 -1
501 1471 -1
501 848 -1
431 501 -1
501 899 -1
327 501 -1
501 1472 -1
502 900 -1
173 502 -1
502 1472 -1
502 1160 -1
484 502 -1
503 529 -1
503 530 -1
503 738 -1
270 503 -1
504 738 -1
504 529 -1
504 530 -1
504 737 -1
504 773 -1
115 504 -1
505 740 -1
505 531 -1
505 688 -1
428 505 -1
505 739 -1
505 636 -1
473 505 -1
506 740 -1
506 739 -1
473 506 -1
506 758 -1
82 506 -1
506 549 -1
506 531 -1
508 702 -1
509 517 -1
497 509 -1
473 509 -1
505 509 -1
509 739 -1
168 509 -1
509 740 -1
509 777 -1
509 688 -1
509 518 -1
509 636 -1
193 509 -1
510 733 -1
102 510 -1
510 732 -1
163 510 -1
473 510 -1
470 510 -1
510 986 -1
500 511 -1
33 511 -1
499 511 -1
511 552 -1
499 512 -1
500 512 -1
33 512 -1
32 512 -1
196 512 -1
512 708 -1
512 559 -1
513 738 -1
513 737 -1
504 513 -1
513 763 -1
514 738 -1
504 514 -1
514 737 -1
36 514 -1
425 514 -1
517 680 -1
517 732 -1
517 679 -1
518 680 -1
518 732 -1
518 679 -1
518 627 -1
367 518 -1
519 753 -1
519 754 -1
520 754 -1
520 753 -1
521 580 -1
521 629 -1
521 578 -1
59 521 -1
521 525 -1
521 733 -1
163 521 -1
521 630 -1
521 562 -1
111 521 -1
522 629 -1
522 580 -1
522 528 -1
163 522 -1
522 733 -1
522 630 -1
522 525 -1
522 562 -1
523 569 -1
523 570 -1
523 562 -1
523 532 -1
524 570 -1
524 569 -1
525 550 -1
525 549 -1
525 562 -1
525 739 -1
526 562 -1
527 729 -1
470 527 -1
522 527 -1
527 757 -1
474 527 -1
417 527 -1
527 730 -1
314 527 -1
528 757 -1
417 528 -1
529 555 -1
529 556 -1
529 763 -1
529 565 -1
530 556 -1
530 555 -1
530 565 -1
530 763 -1
530 659 -1
36 530 -1
531 557 -1
531 537 -1
531 693 -1
531 549 -1
531 746 -1
193 531 -1
532 557 -1
532 537 -1
193 532 -1
532 549 -1
525 532 -1
532 562 -1
83 532 -1
532 558 -1
505 532 -1
194 532 -1
535 553 -1
535 761 -1
536 553 -1
536 1328 -1
35 536 -1
537 540 -1
537 747 -1
537 539 -1
537 748 -1
436 537 -1
538 748 -1
538 747 -1
485 539 -1
539 746 -1
541 756 -1
543 546 -1
543 545 -1
543 749 -1
543 761 -1
493 543 -1
543 1326 -1
543 1325 -1
544 546 -1
544 545 -1
544 1325 -1
544 1326 -1
494 544 -1
493 544 -1
544 554 -1
545 699 -1
156 545 -1
545 554 -1
545 1456 -1
546 699 -1
546 752 -1
178 547 -1
22 547 -1
490 547 -1
127 547 -1
542 547 -1
437 547 -1
23 547 -1
437 548 -1
542 548 -1
127 548 -1
230 548 -1
126 548 -1
23 548 -1
549 557 -1
549 739 -1
550 557 -1
117 550 -1
550 739 -1
506 550 -1
532 551 -1
531 551 -1
537 551 -1
123 551 -1
531 552 -1
537 552 -1
532 552 -1
176 552 -1
552 693 -1
552 696 -1
552 644 -1
553 1471 -1
553 1160 -1
553 743 -1
553 1315 -1
553 1420 -1
553 1108 -1
554 1472 -1
554 900 -1
554 1107 -1
554 1160 -1
535 554 -1
555 685 -1
555 634 -1
556 737 -1
556 738 -1
557 739 -1
557 636 -1
558 636 -1
446 558 -1
558 739 -1
169 558 -1
428 558 -1
168 558 -1
559 702 -1
156 559 -1
279 559 -1
527 559 -1
559 1326 -1
525 561 -1
561 570 -1
82 561 -1
111 561 -1
527 561 -1
116 561 -1
342 561 -1
168 561 -1
561 733 -1
561 629 -1
562 733 -1
562 630 -1
163 562 -1
168 562 -1
562 570 -1
82 562 -1
83 562 -1
562 629 -1
72 563 -1
177 563 -1
539 563 -1
539 564 -1
564 1318 -1
537 564 -1
72 564 -1
20 564 -1
488 564 -1
564 1319 -1
565 737 -1
565 738 -1
555 565 -1
565 763 -1
565 634 -1
566 737 -1
566 738 -1
566 763 -1
484 568 -1
562 569 -1
108 569 -1
57 569 -1
569 627 -1
532 569 -1
91 569 -1
569 731 -1
160 569 -1
5 569 -1
95 569 -1
570 731 -1
570 679 -1
570 627 -1
315 570 -1
419 570 -1
571 592 -1
571 585 -1
571 591 -1
571 589 -1
539 571 -1
571 1320 -1
228 571 -1
571 799 -1
571 1371 -1
572 592 -1
572 589 -1
572 586 -1
572 591 -1
572 633 -1
572 1101 -1
572 590 -1
227 572 -1
573 577 -1
573 578 -1
573 579 -1
573 602 -1
573 601 -1
573 614 -1
573 609 -1
573 1305 -1
573 580 -1
573 584 -1
573 1306 -1
573 613 -1
573 809 -1
573 1047 -1
573 583 -1
574 578 -1
574 577 -1
574 614 -1
574 579 -1
574 580 -1
574 810 -1
574 601 -1
574 613 -1
574 809 -1
574 1306 -1
574 787 -1
574 1122 -1
574 786 -1
575 622 -1
575 1506 -1
575 621 -1
576 622 -1
576 621 -1
576 1506 -1
103 576 -1
577 601 -1
577 602 -1
577 609 -1
577 579 -1
577 614 -1
577 584 -1
577 583 -1
577 1337 -1
521 577 -1
577 613 -1
577 1122 -1
577 1047 -1
578 579 -1
578 614 -1
578 580 -1
578 602 -1
522 578 -1
578 601 -1
578 1197 -1
578 782 -1
578 609 -1
578 1122 -1
578 1093 -1
579 1306 -1
521 579 -1
522 579 -1
579 1305 -1
110 579 -1
579 614 -1
214 579 -1
579 609 -1
579 1202 -1
579 1357 -1
213 579 -1
366 579 -1
579 601 -1
110 580 -1
365 580 -1
366 580 -1
580 625 -1
111 580 -1
581 607 -1
581 608 -1
581 617 -1
37 581 -1
581 1440 -1
581 877 -1
581 868 -1
452 581 -1
581 1232 -1
581 1439 -1
582 607 -1
582 608 -1
582 617 -1
37 582 -1
582 593 -1
191 582 -1
555 582 -1
582 594 -1
583 610 -1
583 601 -1
583 609 -1
583 1338 -1
583 602 -1
583 1337 -1
583 1182 -1
583 1267 -1
583 817 -1
583 1181 -1
583 1329 -1
583 1268 -1
584 601 -1
584 609 -1
584 610 -1
584 1267 -1
584 1182 -1
584 1338 -1
584 817 -1
584 602 -1
584 818 -1
584 1337 -1
584 1372 -1
122 584 -1
584 1329 -1
584 1268 -1
305 585 -1
585 670 -1
586 832 -1
571 586 -1
449 587 -1
87 587 -1
588 591 -1
588 605 -1
588 1101 -1
588 1333 -1
589 592 -1
589 591 -1
589 1371 -1
589 1319 -1
589 1320 -1
589 1007 -1
590 592 -1
590 591 -1
590 1319 -1
590 1371 -1
332 590 -1
590 799 -1
591 1318 -1
591 1110 -1
592 1318 -1
593 599 -1
593 600 -1
132 593 -1
594 1333 -1
594 652 -1
594 599 -1
594 595 -1
595 597 -1
595 598 -1
230 595 -1
595 1222 -1
218 595 -1
595 646 -1
593 595 -1
595 1333 -1
217 595 -1
22 595 -1
75 595 -1
596 598 -1
596 597 -1
181 596 -1
596 1222 -1
596 1014 -1
543 597 -1
128 598 -1
599 1426 -1
437 600 -1
333 600 -1
601 609 -1
601 610 -1
601 614 -1
601 1337 -1
601 1301 -1
602 609 -1
602 610 -1
602 614 -1
574 602 -1
602 1247 -1
602 1267 -1
579 602 -1
602 1337 -1
228 602 -1
602 1268 -1
602 1210 -1
603 1236 -1
603 1058 -1
604 1236 -1
605 1472 -1
607 617 -1
269 607 -1
218 607 -1
270 607 -1
607 1205 -1
269 608 -1
270 608 -1
114 608 -1
609 614 -1
110 609 -1
59 609 -1
525 609 -1
111 609 -1
82 609 -1
609 1122 -1
609 1305 -1
609 810 -1
186 610 -1
549 610 -1
531 610 -1
83 610 -1
610 653 -1
375 610 -1
135 610 -1
111 610 -1
577 610 -1
110 610 -1
613 782 -1
613 1041 -1
578 613 -1
613 990 -1
601 613 -1
613 1301 -1
579 613 -1
613 1330 -1
602 613 -1
613 1305 -1
613 1094 -1
613 1302 -1
614 782 -1
521 614 -1
614 809 -1
614 1198 -1
614 1017 -1
614 810 -1
614 1202 -1
286 615 -1
598 616 -1
608 617 -1
11 617 -1
618 633 -1
373 618 -1
374 618 -1
618 867 -1
619 1004 -1
619 795 -1
621 1303 -1
613 621 -1
621 836 -1
621 1200 -1
621 784 -1
622 1303 -1
613 622 -1
623 644 -1
624 666 -1
107 624 -1
158 624 -1
522 624 -1
625 629 -1
625 733 -1
625 630 -1
625 653 -1
625 665 -1
626 629 -1
626 630 -1
626 632 -1
626 631 -1
110 626 -1
626 735 -1
627 674 -1
628 673 -1
628 674 -1
205 628 -1
629 665 -1
625 632 -1
365 632 -1
633 867 -1
633 660 -1
140 633 -1
633 659 -1
452 633 -1
36 633 -1
633 1335 -1
634 659 -1
634 763 -1
556 634 -1
634 764 -1
636 661 -1
636 654 -1
636 766 -1
639 756 -1
634 640 -1
641 643 -1
436 641 -1
642 643 -1
642 644 -1
643 746 -1
643 693 -1
644 746 -1
645 651 -1
645 652 -1
646 652 -1
81 646 -1
647 1014 -1
647 650 -1
647 649 -1
647 1013 -1
126 647 -1
182 647 -1
647 961 -1
648 650 -1
648 649 -1
645 648 -1
648 1014 -1
126 648 -1
648 749 -1
127 648 -1
385 648 -1
623 649 -1
311 649 -1
387 649 -1
104 649 -1
105 649 -1
208 650 -1
623 650 -1
311 650 -1
387 650 -1
105 650 -1
157 650 -1
104 650 -1
336 650 -1
520 650 -1
651 1425 -1
437 651 -1
126 651 -1
652 1425 -1
652 1113 -1
652 854 -1
126 652 -1
629 653 -1
417 653 -1
110 653 -1
365 653 -1
653 676 -1
654 661 -1
654 662 -1
654 766 -1
629 654 -1
654 665 -1
92 656 -1
657 1472 -1
657 1420 -1
658 1472 -1
529 659 -1
634 660 -1
426 660 -1
270 660 -1
428 661 -1
636 662 -1
662 740 -1
428 662 -1
376 662 -1
630 665 -1
665 733 -1
82 665 -1
110 665 -1
629 666 -1
625 666 -1
417 666 -1
630 666 -1
666 733 -1
522 666 -1
666 729 -1
72 667 -1
667 1320 -1
177 667 -1
157 667 -1
177 668 -1
72 668 -1
157 668 -1
439 668 -1
659 669 -1
669 738 -1
425 669 -1
669 737 -1
634 669 -1
426 669 -1
659 670 -1
670 738 -1
634 670 -1
627 673 -1
108 673 -1
673 732 -1
673 731 -1
108 674 -1
367 674 -1
675 695 -1
675 696 -1
653 675 -1
676 695 -1
676 696 -1
417 676 -1
676 705 -1
82 676 -1
676 683 -1
498 676 -1
111 676 -1
677 683 -1
528 677 -1
632 677 -1
164 677 -1
163 677 -1
677 718 -1
629 677 -1
678 718 -1
678 684 -1
165 678 -1
678 706 -1
666 678 -1
678 717 -1
678 683 -1
527 678 -1
679 725 -1
680 725 -1
680 726 -1
680 777 -1
681 706 -1
681 758 -1
506 681 -1
681 687 -1
164 681 -1
682 706 -1
682 758 -1
682 683 -1
682 705 -1
683 705 -1
683 706 -1
473 683 -1
684 706 -1
684 705 -1
684 718 -1
677 684 -1
469 684 -1
684 729 -1
470 684 -1
684 730 -1
417 684 -1
107 684 -1
685 711 -1
685 764 -1
659 685 -1
556 685 -1
686 711 -1
555 686 -1
140 686 -1
686 712 -1
556 686 -1
686 764 -1
687 714 -1
497 687 -1
687 766 -1
505 687 -1
506 687 -1
687 765 -1
687 713 -1
682 687 -1
401 687 -1
557 687 -1
688 713 -1
688 714 -1
497 688 -1
401 688 -1
557 688 -1
661 688 -1
506 688 -1
681 688 -1
688 766 -1
675 689 -1
675 690 -1
693 696 -1
693 695 -1
644 693 -1
694 696 -1
694 695 -1
644 694 -1
643 694 -1
436 694 -1
695 746 -1
531 695 -1
538 695 -1
696 746 -1
642 696 -1
699 702 -1
699 1325 -1
699 1326 -1
181 699 -1
389 699 -1
182 699 -1
75 699 -1
699 701 -1
700 701 -1
700 702 -1
494 700 -1
74 700 -1
131 700 -1
700 754 -1
330 701 -1
675 701 -1
136 701 -1
544 702 -1
468 702 -1
363 702 -1
560 702 -1
333 704 -1
705 713 -1
473 705 -1
705 714 -1
506 705 -1
473 706 -1
706 714 -1
706 713 -1
706 734 -1
123 707 -1
91 708 -1
710 1420 -1
529 711 -1
685 712 -1
115 712 -1
269 712 -1
713 739 -1
428 713 -1
446 713 -1
713 740 -1
168 713 -1
714 739 -1
714 740 -1
13 714 -1
498 714 -1
682 717 -1
677 717 -1
717 726 -1
636 717 -1
681 717 -1
6 717 -1
688 717 -1
706 718 -1
718 730 -1
718 729 -1
705 718 -1
718 733 -1
682 718 -1
107 718 -1
33 720 -1
552 720 -1
499 720 -1
115 721 -1
721 738 -1
711 721 -1
141 721 -1
686 721 -1
721 737 -1
373 722 -1
62 722 -1
533 722 -1
692 724 -1
379 724 -1
725 732 -1
627 725 -1
367 725 -1
679 726 -1
726 732 -1
509 726 -1
471 726 -1
727 753 -1
727 754 -1
729 733 -1
729 769 -1
729 735 -1
163 729 -1
164 729 -1
730 736 -1
730 733 -1
730 735 -1
730 769 -1
730 734 -1
730 758 -1
731 777 -1
732 777 -1
733 769 -1
733 758 -1
734 758 -1
734 769 -1
733 735 -1
736 758 -1
733 736 -1
317 736 -1
737 763 -1
737 773 -1
737 764 -1
555 737 -1
738 763 -1
738 764 -1
738 773 -1
738 774 -1
555 738 -1
739 757 -1
739 766 -1
739 765 -1
740 758 -1
740 765 -1
740 766 -1
740 757 -1
193 740 -1
186 740 -1
675 741 -1
728 742 -1
743 761 -1
743 756 -1
744 761 -1
634 744 -1
425 744 -1
745 748 -1
436 745 -1
745 747 -1
746 748 -1
746 747 -1
434 747 -1
486 747 -1
748 1318 -1
749 756 -1
749 761 -1
750 756 -1
750 755 -1
751 754 -1
520 751 -1
493 751 -1
749 751 -1
751 1325 -1
634 751 -1
751 753 -1
752 754 -1
634 752 -1
520 752 -1
752 1326 -1
752 1310 -1
752 1534 -1
749 752 -1
752 1325 -1
623 753 -1
728 753 -1
468 753 -1
416 753 -1
467 753 -1
1 753 -1
104 753 -1
539 753 -1
748 753 -1
747 753 -1
623 754 -1
728 754 -1
754 1091 -1
467 754 -1
416 754 -1
749 755 -1
127 755 -1
126 755 -1
542 755 -1
541 755 -1
755 1113 -1
755 1322 -1
756 1166 -1
542 756 -1
756 1322 -1
757 769 -1
757 765 -1
739 758 -1
758 766 -1
758 765 -1
473 758 -1
761 1160 -1
761 1420 -1
761 1471 -1
762 1471 -1
762 1160 -1
762 1420 -1
743 762 -1
431 762 -1
640 762 -1
764 773 -1
529 764 -1
497 765 -1
428 765 -1
168 765 -1
445 765 -1
757 766 -1
497 766 -1
625 769 -1
163 769 -1
769 1358 -1
470 769 -1
629 769 -1
473 769 -1
417 769 -1
733 770 -1
758 770 -1
757 770 -1
82 770 -1
163 770 -1
111 770 -1
734 770 -1
630 770 -1
629 770 -1
317 770 -1
473 770 -1
730 770 -1
72 771 -1
771 1320 -1
157 771 -1
53 771 -1
177 771 -1
539 771 -1
105 771 -1
70 772 -1
72 772 -1
763 773 -1
634 773 -1
659 773 -1
530 773 -1
737 774 -1
764 774 -1
774 1310 -1
763 774 -1
471 777 -1
90 777 -1
740 777 -1
661 778 -1
740 778 -1
479 778 -1
766 778 -1
739 778 -1
765 778 -1
636 778 -1
662 778 -1
732 778 -1
635 778 -1
509 778 -1
90 778 -1
168 778 -1
227 779 -1
779 793 -1
228 779 -1
779 1046 -1
779 1047 -1
779 1041 -1
649 779 -1
779 1077 -1
780 793 -1
780 794 -1
780 800 -1
780 862 -1
780 1405 -1
780 861 -1
780 1411 -1
780 1446 -1
781 786 -1
781 810 -1
781 809 -1
781 785 -1
781 788 -1
781 822 -1
614 781 -1
781 1289 -1
781 821 -1
781 787 -1
781 817 -1
250 781 -1
782 810 -1
782 809 -1
782 785 -1
782 786 -1
782 787 -1
579 782 -1
782 788 -1
577 782 -1
782 822 -1
783 829 -1
783 830 -1
784 829 -1
784 830 -1
784 882 -1
785 809 -1
785 817 -1
785 810 -1
219 785 -1
785 818 -1
786 809 -1
786 810 -1
786 818 -1
786 817 -1
786 1393 -1
117 786 -1
578 787 -1
787 810 -1
522 787 -1
787 1122 -1
786 787 -1
573 787 -1
521 787 -1
769 787 -1
159 787 -1
786 788 -1
785 788 -1
213 788 -1
574 788 -1
209 788 -1
214 788 -1
578 788 -1
788 937 -1
626 788 -1
789 816 -1
789 815 -1
789 826 -1
789 868 -1
789 1127 -1
789 1440 -1
789 867 -1
789 1491 -1
789 1023 -1
789 1128 -1
790 815 -1
790 816 -1
790 826 -1
790 868 -1
790 1440 -1
790 1439 -1
790 1179 -1
790 1492 -1
791 822 -1
791 1286 -1
791 818 -1
791 830 -1
791 829 -1
791 817 -1
791 986 -1
791 1141 -1
791 809 -1
249 791 -1
791 1341 -1
562 791 -1
792 1141 -1
561 792 -1
792 822 -1
570 792 -1
792 1341 -1
510 792 -1
792 1402 -1
665 792 -1
792 1142 -1
792 986 -1
249 792 -1
562 792 -1
212 792 -1
792 829 -1
793 1247 -1
793 1248 -1
794 1403 -1
794 826 -1
794 987 -1
794 1404 -1
779 794 -1
794 1033 -1
794 1455 -1
795 880 -1
795 1139 -1
795 1347 -1
49 795 -1
795 1282 -1
795 827 -1
501 795 -1
34 796 -1
553 796 -1
797 1476 -1
797 799 -1
797 1007 -1
797 1215 -1
797 1494 -1
797 1008 -1
797 852 -1
797 1486 -1
797 1216 -1
797 1468 -1
797 800 -1
797 1493 -1
798 800 -1
798 799 -1
798 852 -1
798 1467 -1
798 1468 -1
798 1476 -1
798 1007 -1
798 1215 -1
799 1110 -1
799 850 -1
799 849 -1
799 1109 -1
800 1110 -1
800 1109 -1
800 850 -1
801 808 -1
339 801 -1
801 1431 -1
235 801 -1
133 801 -1
801 807 -1
132 801 -1
444 801 -1
801 1432 -1
703 801 -1
392 801 -1
801 1223 -1
801 1224 -1
132 802 -1
133 802 -1
81 802 -1
444 802 -1
392 802 -1
803 805 -1
803 1482 -1
803 806 -1
803 1014 -1
355 803 -1
804 806 -1
804 805 -1
804 1113 -1
804 1013 -1
75 804 -1
804 1374 -1
126 804 -1
805 1427 -1
336 805 -1
25 805 -1
439 805 -1
126 806 -1
129 806 -1
806 1115 -1
809 818 -1
809 817 -1
809 1149 -1
809 1182 -1
609 809 -1
809 1097 -1
809 1234 -1
810 817 -1
810 818 -1
810 1394 -1
810 1149 -1
810 1097 -1
810 1150 -1
811 1236 -1
812 1444 -1
814 1484 -1
815 826 -1
815 998 -1
815 841 -1
815 1413 -1
815 1361 -1
815 1465 -1
815 1414 -1
816 826 -1
816 998 -1
816 841 -1
816 945 -1
816 1413 -1
114 816 -1
816 1361 -1
816 1465 -1
220 817 -1
817 965 -1
562 817 -1
817 1104 -1
817 1226 -1
817 948 -1
817 1225 -1
219 818 -1
818 1173 -1
169 818 -1
220 818 -1
583 818 -1
168 818 -1
818 1485 -1
818 965 -1
818 1208 -1
812 820 -1
811 820 -1
782 821 -1
817 821 -1
821 829 -1
810 821 -1
821 830 -1
821 1250 -1
786 821 -1
785 821 -1
809 821 -1
158 821 -1
821 1354 -1
822 829 -1
822 830 -1
786 822 -1
809 822 -1
785 822 -1
817 822 -1
810 822 -1
822 1250 -1
823 1010 -1
801 823 -1
333 823 -1
339 823 -1
359 823 -1
823 1009 -1
599 823 -1
360 823 -1
823 1426 -1
823 866 -1
334 823 -1
620 823 -1
236 823 -1
801 824 -1
824 1010 -1
333 824 -1
339 824 -1
599 824 -1
359 824 -1
236 824 -1
824 1009 -1
824 1426 -1
802 824 -1
334 824 -1
345 824 -1
392 824 -1
703 824 -1
287 824 -1
322 825 -1
825 1102 -1
826 841 -1
826 945 -1
826 868 -1
732 829 -1
829 1356 -1
212 829 -1
510 829 -1
57 829 -1
731 829 -1
830 1356 -1
786 830 -1
785 830 -1
792 830 -1
212 830 -1
817 830 -1
831 852 -1
831 1405 -1
831 1409 -1
831 1461 -1
831 1423 -1
831 849 -1
831 1433 -1
831 1417 -1
831 1411 -1
831 1424 -1
831 1406 -1
832 1458 -1
832 1423 -1
832 1405 -1
832 846 -1
832 845 -1
832 852 -1
832 1433 -1
832 1461 -1
832 1411 -1
832 1418 -1
833 862 -1
833 861 -1
833 837 -1
833 874 -1
833 838 -1
833 1464 -1
833 839 -1
833 1461 -1
833 1149 -1
833 869 -1
810 833 -1
834 862 -1
834 861 -1
834 1461 -1
834 874 -1
834 837 -1
834 1464 -1
834 1149 -1
834 1462 -1
834 936 -1
834 1173 -1
835 881 -1
835 882 -1
835 1454 -1
835 1506 -1
835 1453 -1
836 882 -1
836 881 -1
836 1454 -1
837 869 -1
837 861 -1
837 862 -1
837 1411 -1
837 870 -1
837 1433 -1
837 1017 -1
837 1338 -1
837 1182 -1
837 1445 -1
838 869 -1
838 861 -1
838 862 -1
838 870 -1
838 1411 -1
838 1017 -1
838 840 -1
838 1146 -1
810 838 -1
838 1182 -1
839 1302 -1
839 1510 -1
839 1381 -1
839 938 -1
839 1509 -1
158 839 -1
839 1094 -1
839 1301 -1
839 861 -1
839 1394 -1
839 1186 -1
106 839 -1
810 839 -1
839 1330 -1
839 1341 -1
840 1302 -1
809 840 -1
574 840 -1
210 840 -1
833 840 -1
840 938 -1
840 1094 -1
158 840 -1
106 840 -1
840 1250 -1
840 1277 -1
840 861 -1
841 1439 -1
841 868 -1
841 1440 -1
841 1180 -1
841 1449 -1
841 1179 -1
841 1127 -1
842 867 -1
842 1439 -1
842 1440 -1
842 1387 -1
842 868 -1
842 1128 -1
842 1127 -1
842 1491 -1
842 1179 -1
843 849 -1
843 869 -1
843 1493 -1
843 850 -1
843 852 -1
843 1486 -1
843 1018 -1
843 1485 -1
843 870 -1
843 1494 -1
843 861 -1
843 1173 -1
843 1461 -1
843 1433 -1
844 869 -1
844 1018 -1
844 1173 -1
844 1485 -1
844 1494 -1
844 852 -1
844 861 -1
844 1181 -1
844 1182 -1
844 862 -1
798 844 -1
831 845 -1
845 1404 -1
845 1405 -1
846 1351 -1
831 846 -1
846 1405 -1
846 1433 -1
449 848 -1
761 848 -1
762 848 -1
849 852 -1
849 1424 -1
849 1007 -1
849 851 -1
849 1163 -1
849 1423 -1
849 1008 -1
849 1371 -1
849 1475 -1
850 852 -1
850 1164 -1
850 1424 -1
850 1007 -1
850 1163 -1
850 1008 -1
850 1423 -1
850 1319 -1
850 851 -1
831 851 -1
851 1421 -1
851 1143 -1
851 1404 -1
852 1110 -1
652 853 -1
183 853 -1
651 854 -1
841 855 -1
855 1430 -1
855 1414 -1
855 857 -1
855 1482 -1
855 1413 -1
855 1049 -1
842 855 -1
855 1449 -1
855 1362 -1
449 855 -1
218 855 -1
126 855 -1
645 855 -1
856 857 -1
856 1430 -1
841 856 -1
856 1482 -1
831 856 -1
856 1481 -1
856 1039 -1
856 1143 -1
856 1404 -1
856 1426 -1
856 1414 -1
856 1429 -1
856 1403 -1
856 1449 -1
831 857 -1
25 857 -1
857 1060 -1
857 1428 -1
571 857 -1
227 857 -1
858 1456 -1
572 858 -1
858 1215 -1
832 858 -1
858 1216 -1
858 988 -1
858 1143 -1
831 858 -1
440 858 -1
852 858 -1
335 858 -1
861 869 -1
861 1461 -1
861 1411 -1
861 874 -1
861 870 -1
861 1149 -1
861 1409 -1
862 869 -1
862 1461 -1
862 874 -1
862 870 -1
831 862 -1
862 1405 -1
852 862 -1
862 1464 -1
863 872 -1
863 1236 -1
863 871 -1
864 872 -1
864 871 -1
864 1236 -1
841 867 -1
867 1518 -1
867 893 -1
166 868 -1
114 868 -1
868 945 -1
269 868 -1
868 1362 -1
869 1018 -1
869 1173 -1
810 869 -1
869 1461 -1
852 869 -1
869 1174 -1
870 1208 -1
870 947 -1
870 1104 -1
870 1173 -1
870 1156 -1
870 1207 -1
833 870 -1
811 871 -1
871 1435 -1
812 871 -1
871 1072 -1
811 872 -1
872 1123 -1
872 1331 -1
872 1072 -1
872 1435 -1
873 989 -1
834 873 -1
873 1146 -1
861 873 -1
833 873 -1
873 990 -1
810 873 -1
873 995 -1
782 873 -1
873 1041 -1
862 873 -1
873 1302 -1
873 1017 -1
873 1406 -1
873 1458 -1
873 1405 -1
874 989 -1
874 1458 -1
874 990 -1
874 1461 -1
874 1463 -1
874 1405 -1
874 1146 -1
874 1330 -1
874 1462 -1
874 1464 -1
874 1301 -1
874 1041 -1
874 1457 -1
875 1010 -1
875 1425 -1
132 875 -1
235 875 -1
853 875 -1
133 875 -1
81 875 -1
444 875 -1
651 875 -1
287 875 -1
875 1009 -1
437 875 -1
831 876 -1
841 877 -1
738 878 -1
878 1310 -1
841 878 -1
868 878 -1
737 878 -1
634 878 -1
881 1147 -1
844 881 -1
784 881 -1
881 1200 -1
881 991 -1
881 1199 -1
881 1408 -1
881 1407 -1
783 881 -1
882 1200 -1
882 1199 -1
882 1147 -1
882 991 -1
882 1459 -1
882 1148 -1
882 1044 -1
883 903 -1
883 1405 -1
883 1446 -1
883 1411 -1
883 902 -1
883 1320 -1
883 1157 -1
883 1423 -1
884 885 -1
884 1433 -1
884 1411 -1
884 913 -1
884 1341 -1
884 1186 -1
884 886 -1
884 1302 -1
884 926 -1
884 1410 -1
884 1311 -1
884 922 -1
884 1330 -1
884 1528 -1
885 913 -1
885 1411 -1
885 892 -1
885 922 -1
885 890 -1
885 1513 -1
885 1306 -1
885 1098 -1
885 925 -1
885 1308 -1
733 885 -1
886 892 -1
886 1411 -1
886 1306 -1
886 913 -1
886 1513 -1
886 922 -1
733 886 -1
886 925 -1
886 1358 -1
887 1558 -1
887 933 -1
887 1141 -1
517 887 -1
888 1558 -1
888 1453 -1
888 933 -1
888 1454 -1
889 891 -1
889 1312 -1
889 1520 -1
889 913 -1
889 922 -1
889 948 -1
889 921 -1
889 914 -1
889 1122 -1
889 1546 -1
890 1546 -1
890 1545 -1
890 913 -1
890 1510 -1
890 1130 -1
886 890 -1
890 1134 -1
890 1519 -1
891 913 -1
891 914 -1
891 1514 -1
891 921 -1
891 1358 -1
891 1513 -1
891 1098 -1
473 891 -1
891 941 -1
891 1382 -1
681 891 -1
891 1537 -1
892 1509 -1
892 926 -1
892 913 -1
892 1381 -1
892 1510 -1
892 925 -1
892 1302 -1
889 892 -1
892 937 -1
892 1342 -1
892 1550 -1
892 1394 -1
158 892 -1
892 938 -1
893 919 -1
893 1335 -1
893 1336 -1
893 1179 -1
893 920 -1
764 893 -1
893 1543 -1
893 1387 -1
711 893 -1
894 919 -1
894 920 -1
894 1543 -1
868 894 -1
894 929 -1
894 1180 -1
764 894 -1
659 894 -1
711 894 -1
895 921 -1
895 922 -1
895 1546 -1
895 913 -1
895 925 -1
895 1545 -1
895 914 -1
895 1329 -1
895 1133 -1
895 1538 -1
885 895 -1
896 922 -1
896 1546 -1
896 913 -1
896 921 -1
896 1545 -1
896 925 -1
896 914 -1
896 1442 -1
896 1173 -1
897 1411 -1
897 1300 -1
897 1507 -1
897 1412 -1
897 1299 -1
897 1406 -1
897 935 -1
897 1091 -1
897 936 -1
885 897 -1
728 897 -1
883 897 -1
519 897 -1
897 1308 -1
898 1412 -1
898 1300 -1
885 898 -1
898 1411 -1
898 936 -1
898 913 -1
554 899 -1
761 899 -1
899 1556 -1
900 1556 -1
901 903 -1
901 904 -1
901 1319 -1
901 1423 -1
748 901 -1
901 1416 -1
902 903 -1
902 1319 -1
902 1320 -1
902 1423 -1
902 904 -1
748 902 -1
903 1318 -1
746 903 -1
538 903 -1
537 903 -1
904 1318 -1
883 904 -1
746 904 -1
756 905 -1
905 1309 -1
743 905 -1
751 905 -1
738 905 -1
905 909 -1
752 905 -1
491 905 -1
737 905 -1
530 905 -1
906 907 -1
756 906 -1
755 906 -1
906 1326 -1
906 1309 -1
906 911 -1
906 908 -1
906 1325 -1
492 906 -1
907 1326 -1
907 1118 -1
907 1325 -1
182 907 -1
546 907 -1
545 907 -1
181 907 -1
75 907 -1
907 1117 -1
126 907 -1
908 909 -1
905 908 -1
908 1326 -1
749 908 -1
181 908 -1
908 1533 -1
752 909 -1
909 946 -1
751 909 -1
634 909 -1
737 909 -1
738 909 -1
492 909 -1
166 909 -1
894 909 -1
909 1320 -1
520 909 -1
909 1309 -1
114 909 -1
910 946 -1
738 910 -1
910 1300 -1
904 910 -1
166 910 -1
519 910 -1
468 910 -1
737 910 -1
752 910 -1
910 1403 -1
520 910 -1
910 919 -1
623 910 -1
114 910 -1
437 911 -1
749 911 -1
178 911 -1
542 911 -1
126 911 -1
75 911 -1
541 911 -1
438 911 -1
911 917 -1
911 918 -1
127 911 -1
912 1166 -1
698 912 -1
912 1426 -1
912 1165 -1
489 912 -1
913 1546 -1
913 922 -1
913 1545 -1
913 921 -1
913 925 -1
913 1514 -1
913 1519 -1
913 1312 -1
913 1513 -1
913 1520 -1
914 921 -1
914 922 -1
739 914 -1
740 914 -1
914 1546 -1
914 1545 -1
635 914 -1
914 1130 -1
168 914 -1
914 1519 -1
914 1098 -1
169 914 -1
914 925 -1
915 1474 -1
915 923 -1
915 1476 -1
916 1474 -1
916 923 -1
916 1476 -1
548 917 -1
599 918 -1
918 1172 -1
919 1361 -1
919 929 -1
919 946 -1
166 919 -1
738 919 -1
919 1518 -1
115 919 -1
920 1361 -1
920 946 -1
920 1518 -1
921 925 -1
921 1520 -1
740 921 -1
739 921 -1
479 921 -1
921 1134 -1
921 1514 -1
636 921 -1
922 1520 -1
739 922 -1
922 1312 -1
922 1415 -1
922 925 -1
169 922 -1
635 922 -1
168 922 -1
923 1435 -1
923 1436 -1
923 1331 -1
923 1176 -1
864 923 -1
923 1123 -1
923 1332 -1
812 923 -1
923 1487 -1
923 1175 -1
923 1383 -1
925 1546 -1
925 1545 -1
925 1513 -1
925 1173 -1
890 925 -1
913 926 -1
926 1513 -1
926 1141 -1
886 926 -1
926 1509 -1
926 1557 -1
926 1546 -1
926 1510 -1
889 926 -1
890 926 -1
926 1152 -1
540 927 -1
389 927 -1
488 927 -1
176 927 -1
434 927 -1
702 927 -1
125 927 -1
127 928 -1
28 928 -1
126 928 -1
928 1426 -1
29 928 -1
928 1309 -1
542 928 -1
490 928 -1
749 928 -1
928 1310 -1
761 928 -1
180 928 -1
541 928 -1
150 928 -1
201 928 -1
738 929 -1
737 929 -1
929 1310 -1
893 929 -1
893 930 -1
894 930 -1
919 930 -1
738 930 -1
930 1310 -1
933 939 -1
933 1511 -1
933 973 -1
933 940 -1
212 933 -1
895 933 -1
887 934 -1
888 934 -1
926 934 -1
934 940 -1
934 1511 -1
934 939 -1
509 934 -1
935 1464 -1
935 1412 -1
935 1411 -1
935 1372 -1
935 996 -1
935 1406 -1
935 1433 -1
935 1461 -1
936 996 -1
936 1302 -1
936 1308 -1
936 1464 -1
936 1145 -1
936 1411 -1
936 1363 -1
936 1353 -1
936 1406 -1
885 936 -1
936 1330 -1
936 1100 -1
937 941 -1
937 942 -1
937 1100 -1
937 1099 -1
937 1513 -1
937 1358 -1
937 1098 -1
937 965 -1
937 1515 -1
733 937 -1
938 978 -1
938 1515 -1
938 977 -1
938 1381 -1
938 1394 -1
938 965 -1
938 941 -1
939 985 -1
939 986 -1
939 973 -1
939 1141 -1
939 1401 -1
939 974 -1
939 978 -1
940 985 -1
940 986 -1
940 973 -1
940 1401 -1
940 1141 -1
940 1402 -1
940 978 -1
941 948 -1
941 965 -1
941 1130 -1
941 978 -1
941 1093 -1
942 948 -1
942 965 -1
942 978 -1
942 1093 -1
942 1353 -1
942 1394 -1
943 965 -1
937 943 -1
943 978 -1
740 943 -1
739 943 -1
636 943 -1
757 943 -1
921 943 -1
941 943 -1
943 1133 -1
766 943 -1
944 965 -1
757 944 -1
342 944 -1
237 944 -1
944 978 -1
944 1358 -1
944 1382 -1
944 1381 -1
944 1121 -1
944 1394 -1
937 944 -1
944 1389 -1
730 944 -1
945 1439 -1
945 1440 -1
945 1492 -1
945 1179 -1
946 981 -1
946 982 -1
868 946 -1
946 1403 -1
947 1129 -1
947 1133 -1
947 965 -1
947 974 -1
947 1130 -1
947 1234 -1
947 1545 -1
947 1233 -1
947 1134 -1
948 1130 -1
948 965 -1
948 1129 -1
948 1133 -1
948 1234 -1
948 1122 -1
935 949 -1
936 949 -1
949 1406 -1
950 1248 -1
501 952 -1
35 952 -1
952 1556 -1
953 1371 -1
953 1311 -1
953 1111 -1
953 1018 -1
953 956 -1
953 1433 -1
953 955 -1
953 1008 -1
953 1000 -1
953 1007 -1
953 1320 -1
954 1182 -1
954 1156 -1
954 1442 -1
954 1000 -1
954 1311 -1
954 1338 -1
954 1173 -1
954 955 -1
954 1181 -1
954 1416 -1
584 954 -1
954 1155 -1
956 1110 -1
956 1433 -1
902 956 -1
174 956 -1
391 957 -1
652 957 -1
81 957 -1
652 958 -1
391 958 -1
443 958 -1
959 961 -1
959 1013 -1
959 1008 -1
959 1533 -1
959 1014 -1
959 1534 -1
959 1007 -1
960 1014 -1
960 961 -1
960 1533 -1
960 1013 -1
960 1534 -1
74 960 -1
387 961 -1
388 961 -1
961 1375 -1
648 961 -1
129 961 -1
962 1351 -1
388 962 -1
962 1376 -1
936 962 -1
884 962 -1
962 1167 -1
965 1133 -1
965 1394 -1
965 1234 -1
965 978 -1
965 974 -1
168 965 -1
965 1390 -1
965 1134 -1
64 965 -1
635 965 -1
966 973 -1
966 974 -1
966 978 -1
921 966 -1
895 966 -1
943 966 -1
966 1286 -1
947 966 -1
966 977 -1
966 1133 -1
966 1134 -1
966 1390 -1
966 986 -1
948 966 -1
966 1357 -1
966 1394 -1
922 966 -1
939 966 -1
967 975 -1
968 975 -1
633 971 -1
893 971 -1
218 971 -1
945 971 -1
971 1362 -1
945 972 -1
894 972 -1
946 972 -1
973 986 -1
973 1141 -1
895 973 -1
973 985 -1
973 977 -1
943 973 -1
926 973 -1
965 973 -1
948 973 -1
973 1550 -1
973 978 -1
635 974 -1
948 974 -1
636 974 -1
323 974 -1
739 974 -1
220 974 -1
942 974 -1
975 1124 -1
975 1123 -1
656 975 -1
240 975 -1
188 975 -1
863 975 -1
811 975 -1
239 975 -1
975 1175 -1
812 975 -1
975 1384 -1
655 975 -1
975 1540 -1
937 977 -1
977 1509 -1
941 977 -1
965 977 -1
977 986 -1
942 977 -1
978 1358 -1
978 1513 -1
978 1514 -1
978 1357 -1
937 978 -1
978 1389 -1
978 985 -1
978 986 -1
979 1392 -1
92 979 -1
979 1132 -1
976 979 -1
979 1391 -1
975 979 -1
247 979 -1
979 1496 -1
979 1131 -1
979 1340 -1
248 979 -1
979 1184 -1
979 1079 -1
979 1341 -1
979 1124 -1
979 1339 -1
656 980 -1
945 981 -1
982 1101 -1
544 982 -1
572 982 -1
982 1310 -1
545 982 -1
985 1512 -1
985 1356 -1
420 985 -1
509 985 -1
160 985 -1
509 986 -1
732 986 -1
987 1008 -1
987 1215 -1
987 1461 -1
987 1109 -1
987 1007 -1
987 989 -1
987 1458 -1
988 1008 -1
988 1007 -1
988 990 -1
988 1458 -1
799 988 -1
988 1005 -1
988 1461 -1
988 1041 -1
989 1461 -1
989 1462 -1
989 1018 -1
989 996 -1
989 1017 -1
989 1464 -1
989 1463 -1
989 1485 -1
989 1174 -1
989 1497 -1
989 1173 -1
989 1186 -1
989 1498 -1
989 1411 -1
990 1462 -1
990 993 -1
990 1461 -1
987 990 -1
990 1497 -1
990 1486 -1
990 994 -1
990 1017 -1
990 1463 -1
990 1018 -1
990 1185 -1
991 1506 -1
991 1246 -1
991 1505 -1
992 1506 -1
993 1029 -1
993 1185 -1
993 1082 -1
993 1030 -1
993 995 -1
989 993 -1
993 1037 -1
993 1458 -1
993 1081 -1
993 1446 -1
993 1038 -1
993 1042 -1
987 993 -1
993 1463 -1
993 1017 -1
993 996 -1
994 1029 -1
994 1030 -1
994 1185 -1
994 995 -1
994 1037 -1
994 1082 -1
994 1038 -1
994 1458 -1
989 994 -1
994 1463 -1
987 994 -1
994 996 -1
994 1446 -1
994 1081 -1
988 994 -1
994 1464 -1
994 1017 -1
995 1302 -1
995 1094 -1
995 1342 -1
995 1330 -1
995 1381 -1
989 995 -1
995 1394 -1
995 1363 -1
995 1341 -1
995 1122 -1
995 1301 -1
995 1354 -1
996 1017 -1
996 1363 -1
996 1145 -1
996 1121 -1
996 1173 -1
996 1330 -1
996 1462 -1
996 1146 -1
996 1122 -1
996 1149 -1
996 1461 -1
997 1023 -1
997 1127 -1
997 1491 -1
607 997 -1
997 1544 -1
997 1024 -1
997 1492 -1
998 1023 -1
998 1024 -1
998 1127 -1
998 1492 -1
868 998 -1
998 1491 -1
998 1180 -1
999 1026 -1
999 1018 -1
999 1007 -1
999 1462 -1
999 1497 -1
999 1025 -1
999 1433 -1
999 1008 -1
999 1422 -1
999 1005 -1
999 1017 -1
999 1461 -1
1000 1026 -1
1000 1018 -1
1000 1025 -1
1000 1181 -1
1000 1338 -1
1000 1461 -1
1000 1462 -1
1000 1173 -1
1000 1182 -1
987 1001 -1
1001 1247 -1
1001 1300 -1
1001 1403 -1
1001 1017 -1
987 1002 -1
1002 1403 -1
1002 1300 -1
1003 1347 -1
1003 1348 -1
1003 1400 -1
27 1003 -1
1003 1456 -1
1004 1556 -1
1004 1334 -1
1005 1007 -1
1005 1008 -1
1005 1026 -1
799 1005 -1
591 1005 -1
1000 1005 -1
1006 1007 -1
227 1006 -1
1006 1319 -1
1007 1110 -1
1007 1026 -1
1007 1213 -1
1007 1018 -1
1007 1109 -1
1007 1214 -1
1008 1026 -1
1008 1109 -1
1008 1018 -1
1008 1213 -1
1009 1012 -1
81 1009 -1
599 1009 -1
392 1009 -1
132 1009 -1
600 1009 -1
1009 1220 -1
81 1010 -1
339 1010 -1
235 1010 -1
132 1010 -1
392 1010 -1
133 1010 -1
1011 1013 -1
1011 1014 -1
230 1011 -1
646 1011 -1
1011 1321 -1
1011 1113 -1
1012 1014 -1
1012 1013 -1
1012 1321 -1
1010 1012 -1
1012 1374 -1
74 1012 -1
1012 1322 -1
1013 1375 -1
1013 1376 -1
1013 1115 -1
335 1013 -1
1013 1321 -1
1013 1323 -1
648 1013 -1
336 1013 -1
1014 1375 -1
335 1014 -1
1014 1115 -1
336 1014 -1
1014 1321 -1
1014 1220 -1
1015 1489 -1
918 1016 -1
1017 1410 -1
1017 1461 -1
1017 1025 -1
1017 1405 -1
1017 1462 -1
1017 1409 -1
1017 1026 -1
1017 1445 -1
1017 1146 -1
1017 1406 -1
1017 1411 -1
1018 1026 -1
1018 1025 -1
1018 1181 -1
1018 1461 -1
1018 1103 -1
1018 1182 -1
1018 1155 -1
1019 1236 -1
1007 1020 -1
1020 1236 -1
841 1023 -1
1023 1413 -1
1023 1361 -1
841 1024 -1
790 1024 -1
1024 1309 -1
1007 1025 -1
1025 1416 -1
1025 1433 -1
1025 1155 -1
1025 1156 -1
1025 1103 -1
1025 1173 -1
1025 1462 -1
1025 1434 -1
1025 1409 -1
1026 1462 -1
1026 1461 -1
1026 1433 -1
1026 1103 -1
1026 1311 -1
1026 1486 -1
1026 1174 -1
953 1026 -1
989 1026 -1
1026 1485 -1
1027 1123 -1
811 1027 -1
1027 1331 -1
1027 1124 -1
1014 1027 -1
1029 1037 -1
1029 1038 -1
995 1029 -1
987 1029 -1
1029 1458 -1
989 1029 -1
990 1029 -1
1029 1455 -1
1029 1463 -1
988 1029 -1
1029 1405 -1
1029 1461 -1
1030 1037 -1
1030 1038 -1
1030 1455 -1
1030 1456 -1
990 1030 -1
988 1030 -1
1030 1458 -1
987 1030 -1
1030 1403 -1
1030 1461 -1
832 1030 -1
1017 1030 -1
599 1032 -1
1015 1032 -1
233 1032 -1
1004 1032 -1
600 1032 -1
311 1032 -1
1032 1490 -1
1032 1432 -1
1032 1334 -1
1032 1489 -1
998 1033 -1
1023 1033 -1
816 1033 -1
841 1033 -1
790 1033 -1
998 1034 -1
1037 1185 -1
995 1037 -1
1037 1359 -1
1037 1082 -1
1037 1302 -1
839 1037 -1
664 1037 -1
1037 1458 -1
404 1037 -1
1037 1342 -1
560 1037 -1
93 1037 -1
987 1037 -1
840 1037 -1
995 1038 -1
1038 1359 -1
1038 1185 -1
996 1038 -1
1038 1381 -1
1038 1411 -1
1038 1461 -1
1038 1342 -1
1017 1038 -1
1038 1446 -1
1038 1302 -1
1038 1463 -1
455 1038 -1
1038 1410 -1
1039 1059 -1
1039 1060 -1
1039 1045 -1
1039 1069 -1
1039 1430 -1
1039 1482 -1
1039 1049 -1
1040 1060 -1
1040 1069 -1
1040 1058 -1
1040 1059 -1
1040 1077 -1
1040 1045 -1
1040 1070 -1
1040 1049 -1
1005 1040 -1
228 1040 -1
1041 1069 -1
1041 1048 -1
1041 1046 -1
1041 1070 -1
1041 1045 -1
1041 1082 -1
577 1041 -1
1017 1041 -1
1041 1486 -1
1041 1047 -1
1042 1069 -1
1042 1048 -1
1042 1070 -1
1042 1046 -1
1042 1045 -1
1042 1047 -1
1042 1461 -1
1042 1486 -1
1042 1462 -1
1017 1042 -1
1042 1464 -1
1042 1485 -1
1043 1089 -1
1043 1090 -1
882 1043 -1
1043 1193 -1
881 1043 -1
1043 1246 -1
1044 1090 -1
1044 1089 -1
1044 1506 -1
1045 1069 -1
1045 1047 -1
1045 1052 -1
1045 1078 -1
1045 1077 -1
1045 1070 -1
1045 1051 -1
1045 1060 -1
1045 1048 -1
1045 1057 -1
1045 1058 -1
1046 1069 -1
1046 1047 -1
1046 1048 -1
1046 1077 -1
1046 1078 -1
1046 1070 -1
1046 1146 -1
1046 1052 -1
573 1046 -1
1046 1060 -1
574 1046 -1
782 1046 -1
1046 1051 -1
1047 1070 -1
1047 1077 -1
1047 1069 -1
1047 1410 -1
574 1047 -1
1047 1406 -1
1047 1433 -1
1017 1047 -1
1047 1461 -1
601 1047 -1
1048 1070 -1
1048 1069 -1
1048 1077 -1
1048 1082 -1
782 1048 -1
1048 1079 -1
574 1048 -1
577 1048 -1
578 1048 -1
573 1048 -1
779 1048 -1
1049 1075 -1
868 1049 -1
1049 1076 -1
1049 1439 -1
1023 1049 -1
816 1049 -1
1049 1440 -1
815 1049 -1
1049 1060 -1
1050 1076 -1
1050 1075 -1
1050 1061 -1
1050 1062 -1
243 1050 -1
1050 1063 -1
855 1050 -1
1050 1060 -1
1050 1054 -1
608 1050 -1
1050 1086 -1
1051 1057 -1
1051 1077 -1
1051 1078 -1
1051 1060 -1
1051 1369 -1
1051 1070 -1
1051 1110 -1
1051 1370 -1
1051 1069 -1
1051 1433 -1
1051 1058 -1
1026 1051 -1
1052 1057 -1
1052 1078 -1
1052 1077 -1
1052 1058 -1
1026 1052 -1
1052 1069 -1
1052 1110 -1
1052 1060 -1
226 1052 -1
1052 1071 -1
1025 1052 -1
1052 1370 -1
1007 1052 -1
225 1052 -1
1040 1053 -1
1053 1403 -1
1039 1053 -1
1053 1144 -1
1053 1404 -1
1054 1086 -1
1039 1054 -1
1049 1054 -1
1045 1054 -1
1054 1069 -1
1054 1078 -1
1046 1054 -1
1040 1054 -1
1054 1077 -1
1054 1060 -1
1054 1075 -1
1055 1333 -1
606 1055 -1
605 1055 -1
1055 1452 -1
1055 1088 -1
1055 1087 -1
242 1055 -1
619 1055 -1
865 1055 -1
87 1055 -1
1055 1139 -1
709 1055 -1
709 1056 -1
86 1056 -1
710 1056 -1
87 1056 -1
397 1056 -1
606 1056 -1
398 1056 -1
1056 1438 -1
1056 1087 -1
138 1056 -1
1056 1437 -1
235 1056 -1
139 1056 -1
132 1056 -1
1057 1060 -1
1057 1059 -1
1007 1057 -1
1057 1078 -1
999 1057 -1
1058 1060 -1
1058 1059 -1
1058 1078 -1
1007 1058 -1
1058 1077 -1
1008 1058 -1
849 1059 -1
1059 1078 -1
850 1059 -1
1005 1059 -1
1059 1069 -1
1052 1059 -1
1059 1370 -1
1059 1214 -1
1060 1369 -1
1060 1077 -1
1060 1078 -1
1060 1370 -1
1060 1070 -1
1060 1071 -1
1061 1480 -1
1061 1076 -1
652 1061 -1
855 1061 -1
132 1061 -1
81 1061 -1
1062 1076 -1
1062 1080 -1
1062 1068 -1
1062 1480 -1
652 1062 -1
1062 1065 -1
81 1062 -1
1062 1073 -1
132 1062 -1
1063 1066 -1
1063 1080 -1
1060 1063 -1
857 1063 -1
806 1063 -1
1039 1063 -1
805 1063 -1
233 1063 -1
92 1063 -1
1062 1063 -1
1063 1430 -1
1040 1063 -1
1058 1063 -1
1049 1063 -1
1064 1066 -1
92 1064 -1
1064 1065 -1
1064 1080 -1
1060 1064 -1
1064 1071 -1
233 1064 -1
1040 1064 -1
247 1064 -1
1064 1079 -1
311 1064 -1
208 1064 -1
1045 1064 -1
136 1064 -1
195 1064 -1
1064 1072 -1
612 1064 -1
1065 1080 -1
93 1065 -1
92 1065 -1
403 1065 -1
207 1065 -1
247 1065 -1
208 1065 -1
664 1065 -1
311 1065 -1
248 1065 -1
572 1065 -1
321 1065 -1
1063 1065 -1
1065 1079 -1
255 1065 -1
92 1066 -1
1066 1080 -1
612 1066 -1
247 1066 -1
93 1066 -1
136 1066 -1
1058 1066 -1
336 1066 -1
1066 1072 -1
403 1066 -1
1066 1079 -1
76 1066 -1
1066 1071 -1
248 1066 -1
603 1066 -1
1067 1084 -1
1068 1074 -1
1068 1073 -1
1068 1088 -1
1069 1077 -1
1069 1078 -1
1060 1069 -1
989 1069 -1
1069 1410 -1
1069 1370 -1
1069 1461 -1
1070 1077 -1
1070 1078 -1
577 1070 -1
1070 1352 -1
573 1070 -1
1052 1070 -1
996 1070 -1
1071 1078 -1
1071 1079 -1
1071 1077 -1
1057 1071 -1
226 1071 -1
1051 1071 -1
1072 1079 -1
1072 1080 -1
1060 1072 -1
1072 1077 -1
339 1073 -1
339 1074 -1
132 1074 -1
1067 1074 -1
322 1075 -1
998 1075 -1
1075 1413 -1
997 1075 -1
581 1075 -1
321 1075 -1
842 1076 -1
218 1076 -1
217 1076 -1
321 1076 -1
322 1076 -1
855 1076 -1
577 1077 -1
1077 1369 -1
573 1077 -1
1077 1370 -1
583 1077 -1
602 1077 -1
1077 1410 -1
1077 1433 -1
1077 1372 -1
601 1077 -1
228 1078 -1
226 1078 -1
1078 1352 -1
1047 1078 -1
227 1078 -1
1080 1082 -1
1071 1080 -1
1048 1080 -1
1048 1081 -1
1080 1081 -1
1069 1081 -1
1046 1081 -1
1041 1081 -1
248 1081 -1
1042 1081 -1
247 1081 -1
1065 1081 -1
351 1081 -1
1047 1081 -1
1040 1081 -1
207 1081 -1
1078 1081 -1
1069 1082 -1
1042 1082 -1
248 1082 -1
1046 1082 -1
1079 1082 -1
93 1082 -1
1070 1082 -1
1045 1082 -1
1040 1082 -1
311 1083 -1
1046 1083 -1
1039 1083 -1
1045 1083 -1
1060 1083 -1
1068 1084 -1
1040 1084 -1
779 1084 -1
235 1084 -1
1084 1431 -1
132 1084 -1
1039 1084 -1
1084 1224 -1
859 1084 -1
1064 1084 -1
1060 1084 -1
243 1085 -1
868 1085 -1
581 1085 -1
972 1085 -1
217 1085 -1
1049 1086 -1
868 1086 -1
1060 1086 -1
1040 1086 -1
1086 1362 -1
585 1086 -1
322 1086 -1
1086 1258 -1
224 1087 -1
1087 1472 -1
795 1087 -1
242 1087 -1
242 1088 -1
784 1089 -1
1052 1089 -1
1078 1089 -1
992 1089 -1
1051 1089 -1
576 1089 -1
1089 1352 -1
1045 1089 -1
836 1089 -1
991 1089 -1
784 1090 -1
992 1090 -1
836 1090 -1
575 1090 -1
576 1090 -1
1091 1111 -1
1091 1464 -1
1091 1308 -1
1091 1406 -1
1091 1461 -1
1091 1112 -1
1092 1301 -1
1092 1094 -1
1092 1330 -1
1092 1302 -1
1092 1458 -1
1092 1111 -1
1092 1112 -1
1092 1305 -1
1093 1121 -1
1093 1100 -1
1093 1097 -1
1093 1122 -1
1093 1357 -1
1093 1150 -1
1093 1358 -1
1093 1306 -1
1093 1099 -1
1093 1098 -1
1093 1130 -1
1093 1364 -1
1093 1133 -1
1093 1308 -1
1094 1330 -1
1094 1306 -1
1094 1186 -1
1094 1098 -1
1094 1097 -1
1094 1121 -1
1094 1305 -1
1094 1100 -1
1094 1134 -1
1094 1463 -1
1094 1150 -1
1095 1141 -1
1095 1142 -1
570 1095 -1
1095 1505 -1
1095 1558 -1
1096 1141 -1
1096 1142 -1
1096 1558 -1
1096 1557 -1
1096 1349 -1
1097 1130 -1
1097 1121 -1
1097 1122 -1
1097 1133 -1
1097 1329 -1
1097 1100 -1
1097 1363 -1
1097 1104 -1
1097 1337 -1
1097 1134 -1
1097 1225 -1
1098 1130 -1
1098 1134 -1
1098 1100 -1
1098 1122 -1
1098 1133 -1
1098 1121 -1
1098 1394 -1
1098 1099 -1
1099 1121 -1
1097 1099 -1
1099 1130 -1
1099 1353 -1
1099 1122 -1
1099 1358 -1
1099 1510 -1
1100 1121 -1
1100 1122 -1
1100 1358 -1
1100 1306 -1
1100 1130 -1
1100 1329 -1
941 1100 -1
1100 1513 -1
1101 1127 -1
1101 1128 -1
1101 1242 -1
1101 1502 -1
1102 1242 -1
1102 1502 -1
449 1102 -1
1102 1471 -1
1102 1501 -1
1102 1116 -1
1102 1138 -1
1103 1173 -1
1103 1174 -1
1103 1329 -1
1097 1103 -1
1103 1181 -1
1103 1121 -1
1103 1111 -1
1103 1433 -1
1103 1130 -1
1103 1462 -1
1103 1338 -1
1104 1130 -1
1104 1129 -1
1104 1329 -1
1104 1133 -1
1104 1121 -1
1104 1134 -1
1104 1234 -1
1104 1122 -1
1104 1306 -1
1104 1233 -1
832 1105 -1
1105 1301 -1
883 1105 -1
1105 1300 -1
1106 1412 -1
1106 1300 -1
1106 1299 -1
139 1108 -1
1109 1111 -1
1109 1371 -1
1109 1319 -1
1109 1320 -1
1109 1215 -1
852 1109 -1
1110 1319 -1
1110 1111 -1
1110 1371 -1
1110 1493 -1
1111 1525 -1
1111 1311 -1
1111 1174 -1
174 1111 -1
1111 1369 -1
1111 1526 -1
1112 1121 -1
1109 1112 -1
1103 1112 -1
1112 1338 -1
1112 1337 -1
1112 1525 -1
1097 1112 -1
1112 1311 -1
1112 1461 -1
1112 1305 -1
1112 1196 -1
1112 1306 -1
602 1112 -1
1112 1526 -1
132 1114 -1
599 1114 -1
651 1114 -1
392 1114 -1
1115 1117 -1
1115 1481 -1
1115 1322 -1
74 1115 -1
75 1115 -1
126 1115 -1
542 1115 -1
1116 1481 -1
74 1116 -1
1116 1430 -1
75 1116 -1
385 1116 -1
542 1116 -1
749 1116 -1
126 1116 -1
1116 1429 -1
1116 1482 -1
1116 1322 -1
1117 1375 -1
1117 1324 -1
752 1117 -1
543 1117 -1
387 1117 -1
129 1117 -1
544 1118 -1
1118 1376 -1
1118 1168 -1
1119 1125 -1
1114 1120 -1
34 1120 -1
74 1120 -1
437 1120 -1
35 1120 -1
1120 1489 -1
1121 1133 -1
1121 1130 -1
1121 1363 -1
1121 1306 -1
1121 1358 -1
1121 1364 -1
1121 1134 -1
1121 1150 -1
1122 1130 -1
1122 1364 -1
1122 1312 -1
1122 1306 -1
1122 1363 -1
1122 1337 -1
1122 1150 -1
1122 1358 -1
1122 1133 -1
1122 1394 -1
1123 1132 -1
1123 1236 -1
1123 1548 -1
1124 1132 -1
1124 1547 -1
1124 1184 -1
1124 1236 -1
1127 1466 -1
1127 1413 -1
1127 1206 -1
1127 1205 -1
1127 1309 -1
1128 1205 -1
1128 1361 -1
841 1128 -1
893 1128 -1
1128 1413 -1
1128 1206 -1
998 1128 -1
1129 1133 -1
739 1129 -1
1129 1520 -1
1129 1329 -1
1129 1364 -1
635 1129 -1
220 1129 -1
549 1129 -1
1097 1129 -1
1129 1312 -1
323 1129 -1
1129 1134 -1
1130 1133 -1
1130 1364 -1
1130 1329 -1
1130 1134 -1
1130 1519 -1
1130 1312 -1
1130 1306 -1
1130 1520 -1
1121 1132 -1
1132 1331 -1
1132 1332 -1
996 1132 -1
1133 1329 -1
1133 1545 -1
1133 1358 -1
1133 1520 -1
739 1133 -1
1133 1546 -1
1133 1312 -1
1134 1545 -1
1134 1329 -1
1134 1306 -1
1134 1513 -1
1134 1519 -1
1134 1358 -1
1134 1520 -1
1134 1546 -1
28 1135 -1
997 1135 -1
29 1135 -1
541 1135 -1
127 1135 -1
1135 1309 -1
1135 1426 -1
542 1135 -1
599 1135 -1
1101 1135 -1
126 1135 -1
1135 1466 -1
750 1135 -1
1135 1477 -1
1135 1310 -1
1112 1136 -1
40 1136 -1
738 1137 -1
737 1137 -1
1137 1310 -1
1137 1417 -1
1138 1465 -1
1055 1140 -1
1141 1512 -1
1134 1141 -1
1141 1549 -1
1133 1141 -1
1141 1511 -1
1141 1148 -1
926 1142 -1
895 1142 -1
1142 1550 -1
1134 1142 -1
887 1142 -1
1143 1163 -1
1143 1423 -1
1143 1461 -1
1143 1164 -1
1143 1424 -1
852 1143 -1
1008 1143 -1
1143 1422 -1
1143 1421 -1
1007 1143 -1
1144 1461 -1
1144 1423 -1
1144 1470 -1
1144 1163 -1
1144 1406 -1
1144 1164 -1
1145 1149 -1
1145 1150 -1
1145 1308 -1
1145 1464 -1
1145 1173 -1
1145 1330 -1
1145 1186 -1
1100 1145 -1
1145 1411 -1
1145 1151 -1
1146 1461 -1
1146 1464 -1
1146 1186 -1
1146 1149 -1
1146 1150 -1
1146 1174 -1
1146 1173 -1
1146 1411 -1
1146 1462 -1
1146 1433 -1
1146 1305 -1
1146 1463 -1
1147 1193 -1
1147 1506 -1
1148 1558 -1
1149 1173 -1
1149 1186 -1
1149 1181 -1
1149 1411 -1
1149 1174 -1
1149 1330 -1
1149 1394 -1
937 1149 -1
1149 1354 -1
1150 1186 -1
1150 1312 -1
1150 1329 -1
1130 1150 -1
1093 1151 -1
1150 1151 -1
1149 1151 -1
886 1151 -1
1151 1363 -1
937 1151 -1
1122 1151 -1
1121 1151 -1
936 1151 -1
942 1151 -1
1151 1358 -1
1152 1186 -1
1122 1152 -1
1152 1510 -1
913 1152 -1
937 1152 -1
1152 1550 -1
1152 1330 -1
1152 1329 -1
1152 1301 -1
1152 1302 -1
1150 1152 -1
1152 1173 -1
1152 1546 -1
1153 1179 -1
1153 1439 -1
1153 1180 -1
1153 1440 -1
1153 1492 -1
1153 1544 -1
1153 1189 -1
1153 1449 -1
1153 1450 -1
1154 1179 -1
1154 1439 -1
1154 1180 -1
1154 1440 -1
1154 1544 -1
1154 1492 -1
868 1154 -1
1154 1450 -1
1154 1449 -1
1154 1491 -1
1155 1173 -1
1155 1181 -1
1155 1442 -1
1155 1174 -1
1155 1485 -1
1130 1155 -1
1155 1182 -1
1026 1155 -1
1155 1462 -1
1156 1173 -1
1156 1181 -1
1156 1442 -1
1156 1182 -1
1156 1174 -1
1156 1433 -1
1156 1461 -1
1156 1338 -1
1157 1301 -1
832 1157 -1
1143 1158 -1
1158 1403 -1
1158 1406 -1
831 1158 -1
1144 1158 -1
1158 1404 -1
935 1158 -1
1158 1446 -1
1158 1247 -1
761 1159 -1
553 1159 -1
1159 1178 -1
762 1159 -1
501 1159 -1
35 1159 -1
1161 1423 -1
1161 1424 -1
1161 1527 -1
955 1161 -1
1161 1163 -1
1161 1528 -1
1161 1416 -1
903 1161 -1
1161 1467 -1
852 1161 -1
1162 1424 -1
1162 1423 -1
1162 1163 -1
1162 1164 -1
1162 1371 -1
1007 1162 -1
852 1162 -1
1008 1162 -1
1162 1319 -1
1163 1421 -1
1163 1422 -1
1163 1473 -1
1164 1473 -1
1164 1456 -1
1165 1171 -1
651 1165 -1
28 1165 -1
29 1165 -1
756 1165 -1
1166 1171 -1
1167 1169 -1
1143 1167 -1
832 1167 -1
883 1167 -1
1167 1405 -1
987 1167 -1
1167 1170 -1
1167 1410 -1
1167 1411 -1
1167 1423 -1
988 1167 -1
1167 1325 -1
1167 1404 -1
1167 1455 -1
1167 1434 -1
1167 1456 -1
1008 1167 -1
1167 1422 -1
1168 1169 -1
1168 1429 -1
1168 1482 -1
1168 1170 -1
1143 1168 -1
1168 1534 -1
1168 1507 -1
1168 1403 -1
1168 1404 -1
1168 1533 -1
1168 1299 -1
1168 1411 -1
987 1168 -1
1091 1168 -1
936 1169 -1
1143 1169 -1
935 1169 -1
987 1169 -1
1169 1411 -1
996 1169 -1
1169 1370 -1
832 1169 -1
1169 1406 -1
1149 1169 -1
1169 1369 -1
1169 1464 -1
1169 1412 -1
1169 1405 -1
936 1170 -1
935 1170 -1
1170 1299 -1
1091 1170 -1
311 1171 -1
437 1172 -1
75 1172 -1
1113 1172 -1
1173 1181 -1
1173 1442 -1
1173 1182 -1
1173 1186 -1
1173 1461 -1
1173 1416 -1
1173 1468 -1
1174 1181 -1
1174 1186 -1
1174 1461 -1
1174 1182 -1
1174 1311 -1
1174 1305 -1
1174 1301 -1
1052 1176 -1
698 1177 -1
1160 1177 -1
1160 1178 -1
899 1178 -1
698 1178 -1
1178 1471 -1
1179 1414 -1
1179 1413 -1
1179 1361 -1
1179 1518 -1
1179 1465 -1
998 1179 -1
1180 1413 -1
1180 1414 -1
1181 1311 -1
1181 1485 -1
584 1181 -1
1182 1312 -1
1182 1208 -1
1182 1311 -1
1124 1183 -1
989 1185 -1
1185 1458 -1
1185 1455 -1
1146 1185 -1
1041 1185 -1
1185 1461 -1
1185 1463 -1
1042 1185 -1
1185 1405 -1
988 1185 -1
1017 1185 -1
1186 1330 -1
1186 1306 -1
1186 1302 -1
1186 1301 -1
1186 1305 -1
1186 1329 -1
1186 1510 -1
886 1186 -1
1143 1187 -1
1163 1187 -1
1164 1187 -1
284 1187 -1
1143 1188 -1
1163 1188 -1
1154 1189 -1
1153 1190 -1
1190 1414 -1
1190 1465 -1
1193 1459 -1
1193 1304 -1
836 1193 -1
992 1193 -1
926 1194 -1
1096 1194 -1
1095 1194 -1
887 1194 -1
925 1194 -1
510 1194 -1
1195 1320 -1
1195 1318 -1
590 1195 -1
1111 1195 -1
1195 1215 -1
1195 1319 -1
589 1195 -1
592 1195 -1
539 1195 -1
1195 1371 -1
1109 1195 -1
1110 1195 -1
591 1195 -1
1196 1320 -1
1196 1215 -1
1008 1196 -1
1007 1196 -1
1196 1371 -1
1111 1196 -1
800 1196 -1
592 1196 -1
799 1196 -1
589 1196 -1
591 1196 -1
1109 1196 -1
1196 1216 -1
602 1196 -1
1196 1461 -1
1197 1201 -1
1197 1237 -1
1197 1238 -1
1197 1225 -1
1197 1306 -1
1197 1464 -1
614 1197 -1
1197 1203 -1
1197 1202 -1
579 1197 -1
1197 1462 -1
1198 1202 -1
1198 1201 -1
1198 1238 -1
578 1198 -1
1198 1237 -1
1198 1289 -1
1198 1226 -1
1198 1225 -1
250 1198 -1
579 1198 -1
577 1198 -1
1198 1306 -1
1199 1245 -1
1199 1246 -1
1199 1506 -1
1200 1246 -1
1200 1245 -1
1201 1225 -1
1201 1226 -1
1201 1237 -1
1201 1203 -1
1201 1238 -1
1201 1337 -1
1201 1234 -1
1201 1329 -1
1201 1204 -1
614 1201 -1
1202 1226 -1
1202 1238 -1
1202 1234 -1
1202 1225 -1
1202 1233 -1
1202 1237 -1
1093 1202 -1
574 1202 -1
1203 1226 -1
1203 1306 -1
1203 1233 -1
941 1203 -1
1203 1234 -1
1097 1203 -1
1203 1225 -1
1203 1250 -1
1203 1329 -1
1204 1226 -1
1204 1225 -1
1204 1234 -1
1204 1277 -1
1204 1238 -1
1204 1233 -1
158 1204 -1
110 1204 -1
941 1204 -1
59 1204 -1
1204 1278 -1
1204 1306 -1
733 1204 -1
214 1204 -1
1205 1231 -1
1205 1232 -1
1205 1242 -1
608 1205 -1
868 1205 -1
1206 1231 -1
1206 1232 -1
1206 1491 -1
1206 1241 -1
1206 1242 -1
1206 1335 -1
1207 1234 -1
1181 1207 -1
1182 1207 -1
1207 1226 -1
869 1207 -1
1207 1485 -1
1130 1208 -1
1173 1208 -1
1208 1485 -1
1208 1337 -1
1208 1234 -1
1208 1329 -1
1208 1305 -1
1208 1225 -1
1181 1208 -1
1208 1226 -1
1195 1209 -1
1196 1209 -1
1209 1498 -1
1209 1247 -1
602 1209 -1
571 1209 -1
1209 1301 -1
1210 1248 -1
1210 1247 -1
614 1210 -1
577 1210 -1
601 1210 -1
1196 1210 -1
573 1210 -1
449 1211 -1
35 1211 -1
139 1211 -1
449 1212 -1
554 1212 -1
761 1212 -1
1213 1215 -1
852 1213 -1
1213 1216 -1
799 1213 -1
1111 1213 -1
1213 1468 -1
1214 1215 -1
1008 1214 -1
1214 1468 -1
799 1214 -1
1214 1216 -1
852 1214 -1
1215 1486 -1
1018 1216 -1
1216 1486 -1
869 1216 -1
1216 1370 -1
1216 1352 -1
652 1217 -1
392 1217 -1
1217 1219 -1
1217 1220 -1
1218 1220 -1
81 1218 -1
1218 1219 -1
652 1218 -1
1219 1222 -1
593 1219 -1
333 1219 -1
646 1219 -1
1219 1374 -1
179 1219 -1
230 1219 -1
1014 1219 -1
385 1219 -1
958 1219 -1
386 1219 -1
1010 1219 -1
333 1220 -1
1220 1222 -1
1220 1374 -1
281 1220 -1
74 1220 -1
334 1220 -1
179 1220 -1
593 1220 -1
1220 1221 -1
646 1220 -1
1010 1220 -1
385 1220 -1
958 1220 -1
957 1220 -1
180 1221 -1
1221 1375 -1
1116 1221 -1
1205 1221 -1
25 1221 -1
1196 1221 -1
180 1222 -1
1196 1222 -1
232 1222 -1
802 1223 -1
1225 1234 -1
1130 1225 -1
1225 1312 -1
1225 1305 -1
1225 1233 -1
1225 1306 -1
1225 1337 -1
1225 1237 -1
948 1225 -1
1182 1225 -1
1225 1519 -1
1226 1234 -1
1226 1233 -1
1130 1226 -1
1097 1226 -1
948 1226 -1
1226 1285 -1
1226 1306 -1
1104 1226 -1
941 1226 -1
1227 1236 -1
1228 1236 -1
1231 1361 -1
1231 1241 -1
582 1231 -1
998 1231 -1
167 1231 -1
63 1231 -1
582 1232 -1
998 1232 -1
1232 1309 -1
269 1232 -1
218 1232 -1
1232 1242 -1
1232 1361 -1
1233 1277 -1
965 1233 -1
168 1233 -1
948 1233 -1
323 1233 -1
1133 1233 -1
186 1233 -1
169 1233 -1
479 1233 -1
635 1234 -1
1133 1234 -1
168 1234 -1
169 1234 -1
1097 1234 -1
1234 1329 -1
117 1234 -1
1236 1331 -1
1236 1280 -1
239 1236 -1
1236 1539 -1
240 1236 -1
1236 1540 -1
1237 1305 -1
1226 1237 -1
1237 1306 -1
577 1237 -1
1094 1237 -1
1017 1237 -1
1208 1237 -1
1225 1238 -1
1094 1238 -1
1226 1238 -1
1238 1305 -1
1238 1306 -1
782 1238 -1
989 1238 -1
839 1238 -1
1238 1302 -1
336 1239 -1
442 1239 -1
286 1240 -1
1205 1241 -1
1127 1241 -1
1242 1361 -1
1127 1242 -1
1242 1310 -1
592 1242 -1
1242 1362 -1
991 1245 -1
836 1245 -1
835 1245 -1
1237 1245 -1
992 1245 -1
575 1245 -1
1245 1459 -1
1095 1245 -1
576 1245 -1
1095 1246 -1
836 1246 -1
1246 1459 -1
992 1246 -1
1044 1246 -1
1148 1246 -1
1096 1246 -1
1247 1267 -1
573 1247 -1
614 1247 -1
1247 1261 -1
577 1247 -1
585 1247 -1
1247 1268 -1
1248 1267 -1
602 1248 -1
134 1248 -1
1248 1261 -1
573 1248 -1
585 1248 -1
1248 1268 -1
1249 1253 -1
1249 1254 -1
1249 1277 -1
1249 1278 -1
1249 1289 -1
614 1249 -1
110 1249 -1
111 1249 -1
733 1249 -1
163 1249 -1
769 1249 -1
629 1249 -1
1249 1285 -1
198 1249 -1
630 1249 -1
1250 1253 -1
1250 1254 -1
1250 1277 -1
1250 1278 -1
1250 1289 -1
198 1250 -1
250 1250 -1
614 1250 -1
1250 1285 -1
163 1250 -1
733 1250 -1
1251 1298 -1
1251 1297 -1
986 1251 -1
361 1251 -1
829 1251 -1
1252 1297 -1
1252 1298 -1
933 1252 -1
985 1252 -1
65 1252 -1
986 1252 -1
1252 1286 -1
1253 1277 -1
1253 1278 -1
1253 1285 -1
614 1253 -1
1253 1289 -1
574 1253 -1
1253 1255 -1
1253 1256 -1
1253 1354 -1
1253 1363 -1
1254 1277 -1
1254 1278 -1
1254 1289 -1
1254 1256 -1
625 1254 -1
1254 1290 -1
1254 1285 -1
1255 1278 -1
1255 1277 -1
1255 1357 -1
59 1255 -1
1249 1255 -1
111 1255 -1
58 1255 -1
163 1255 -1
1255 1285 -1
733 1255 -1
473 1255 -1
1250 1255 -1
941 1255 -1
111 1256 -1
317 1256 -1
1256 1277 -1
1256 1278 -1
59 1256 -1
734 1256 -1
733 1256 -1
1256 1357 -1
1249 1256 -1
110 1256 -1
58 1256 -1
1250 1256 -1
868 1257 -1
1257 1284 -1
1257 1387 -1
192 1257 -1
1257 1283 -1
1257 1335 -1
88 1257 -1
764 1257 -1
1257 1336 -1
1257 1294 -1
192 1258 -1
1258 1283 -1
88 1258 -1
1258 1284 -1
1258 1387 -1
764 1258 -1
868 1258 -1
1258 1294 -1
1259 1485 -1
1259 1266 -1
1234 1259 -1
1233 1259 -1
1259 1494 -1
1226 1259 -1
1259 1268 -1
1260 1266 -1
1260 1285 -1
1260 1286 -1
1260 1297 -1
1260 1265 -1
1260 1290 -1
1260 1277 -1
1260 1289 -1
1253 1260 -1
870 1260 -1
602 1261 -1
573 1261 -1
577 1261 -1
579 1261 -1
578 1261 -1
1248 1262 -1
1247 1262 -1
602 1262 -1
1225 1262 -1
1262 1268 -1
1262 1267 -1
1263 1556 -1
567 1264 -1
49 1264 -1
515 1264 -1
496 1264 -1
1265 1267 -1
1265 1268 -1
584 1265 -1
583 1265 -1
1000 1265 -1
1265 1311 -1
1265 1416 -1
956 1265 -1
1155 1265 -1
609 1265 -1
1266 1268 -1
1266 1494 -1
1266 1267 -1
1266 1468 -1
1208 1266 -1
1266 1485 -1
1000 1266 -1
584 1266 -1
1155 1266 -1
1156 1266 -1
1104 1266 -1
609 1267 -1
610 1267 -1
1110 1267 -1
577 1267 -1
1196 1267 -1
134 1267 -1
1268 1337 -1
610 1268 -1
609 1268 -1
1182 1268 -1
1268 1485 -1
577 1268 -1
1268 1329 -1
1174 1268 -1
614 1268 -1
1268 1305 -1
1181 1268 -1
53 1269 -1
460 1269 -1
259 1270 -1
1270 1272 -1
181 1271 -1
754 1271 -1
1091 1271 -1
1271 1273 -1
1271 1326 -1
494 1271 -1
1271 1534 -1
1271 1482 -1
1271 1533 -1
105 1271 -1
493 1271 -1
1272 1274 -1
1272 1273 -1
233 1272 -1
74 1272 -1
1221 1272 -1
598 1272 -1
597 1272 -1
181 1272 -1
573 1273 -1
700 1273 -1
1248 1273 -1
1077 1273 -1
1274 1369 -1
1258 1274 -1
700 1274 -1
1248 1274 -1
3 1275 -1
260 1275 -1
2 1275 -1
311 1275 -1
9 1275 -1
3 1276 -1
260 1276 -1
423 1276 -1
311 1276 -1
1270 1276 -1
2 1276 -1
9 1276 -1
632 1276 -1
1277 1285 -1
1277 1286 -1
1234 1277 -1
163 1277 -1
111 1277 -1
245 1277 -1
117 1277 -1
1278 1285 -1
1278 1286 -1
1233 1278 -1
163 1278 -1
769 1278 -1
110 1278 -1
1234 1278 -1
1236 1279 -1
1279 1287 -1
791 1279 -1
166 1283 -1
1283 1293 -1
529 1283 -1
166 1284 -1
1284 1293 -1
1284 1294 -1
114 1284 -1
323 1285 -1
1285 1364 -1
965 1285 -1
479 1285 -1
237 1285 -1
220 1285 -1
948 1285 -1
479 1286 -1
323 1286 -1
324 1286 -1
965 1286 -1
271 1286 -1
1254 1286 -1
1286 1297 -1
65 1286 -1
1250 1286 -1
249 1286 -1
943 1286 -1
1280 1287 -1
219 1287 -1
116 1287 -1
240 1287 -1
343 1287 -1
239 1287 -1
561 1287 -1
1203 1288 -1
1255 1288 -1
1256 1288 -1
215 1288 -1
1279 1288 -1
209 1288 -1
1202 1289 -1
1201 1289 -1
110 1289 -1
1225 1289 -1
1277 1289 -1
1226 1289 -1
1278 1289 -1
1017 1289 -1
817 1289 -1
1250 1290 -1
1249 1290 -1
1277 1290 -1
785 1290 -1
1278 1290 -1
1286 1290 -1
817 1290 -1
1253 1290 -1
110 1290 -1
1202 1290 -1
311 1291 -1
260 1291 -1
53 1291 -1
330 1291 -1
1270 1291 -1
259 1291 -1
415 1291 -1
105 1291 -1
416 1291 -1
104 1291 -1
325 1291 -1
1014 1291 -1
0 1291 -1
610 1292 -1
135 1292 -1
602 1292 -1
1257 1293 -1
1205 1293 -1
841 1293 -1
894 1293 -1
1293 1310 -1
919 1293 -1
738 1293 -1
166 1293 -1
1293 1361 -1
1258 1293 -1
738 1294 -1
737 1294 -1
166 1294 -1
1294 1310 -1
212 1297 -1
792 1297 -1
65 1297 -1
791 1297 -1
211 1297 -1
1096 1297 -1
316 1297 -1
212 1298 -1
211 1298 -1
1286 1298 -1
792 1298 -1
791 1298 -1
316 1298 -1
939 1298 -1
973 1298 -1
1299 1320 -1
1299 1406 -1
1299 1318 -1
1299 1405 -1
1299 1412 -1
1299 1319 -1
1299 1411 -1
1299 1423 -1
1300 1320 -1
1300 1412 -1
1300 1317 -1
1300 1314 -1
1301 1330 -1
1301 1341 -1
1301 1306 -1
1301 1305 -1
1301 1329 -1
1301 1307 -1
1301 1342 -1
1173 1301 -1
1302 1330 -1
1302 1341 -1
1302 1342 -1
1302 1307 -1
1302 1306 -1
1302 1515 -1
1303 1506 -1
1303 1505 -1
1303 1453 -1
1303 1497 -1
1303 1454 -1
1193 1303 -1
1304 1505 -1
1304 1497 -1
1304 1453 -1
1304 1349 -1
1304 1506 -1
1304 1454 -1
1305 1329 -1
1305 1337 -1
1305 1330 -1
1305 1338 -1
1130 1305 -1
1305 1341 -1
1305 1312 -1
1306 1329 -1
1306 1337 -1
1306 1330 -1
1306 1312 -1
1306 1341 -1
1306 1363 -1
1307 1330 -1
1122 1307 -1
1306 1307 -1
1307 1381 -1
1098 1307 -1
1307 1509 -1
1307 1510 -1
1307 1329 -1
1094 1307 -1
885 1307 -1
1097 1307 -1
1308 1538 -1
1308 1330 -1
1302 1308 -1
1306 1308 -1
886 1308 -1
1308 1353 -1
937 1308 -1
1308 1363 -1
1301 1308 -1
556 1309 -1
555 1309 -1
565 1310 -1
1310 1345 -1
773 1310 -1
555 1310 -1
1311 1338 -1
1311 1525 -1
1311 1337 -1
1130 1311 -1
1311 1545 -1
1311 1329 -1
1311 1462 -1
1312 1337 -1
1312 1329 -1
1312 1546 -1
1312 1338 -1
1312 1545 -1
1098 1312 -1
1301 1313 -1
1310 1315 -1
1315 1328 -1
761 1315 -1
554 1315 -1
1309 1315 -1
153 1316 -1
1317 1319 -1
1317 1320 -1
1317 1442 -1
1299 1317 -1
1318 1320 -1
1318 1319 -1
539 1318 -1
1318 1371 -1
1318 1423 -1
1320 1525 -1
174 1320 -1
1172 1321 -1
548 1321 -1
1322 1324 -1
1323 1326 -1
1323 1325 -1
546 1323 -1
181 1323 -1
633 1323 -1
749 1323 -1
554 1323 -1
1324 1326 -1
1324 1325 -1
1324 1534 -1
749 1324 -1
743 1324 -1
750 1324 -1
756 1324 -1
25 1325 -1
491 1326 -1
311 1327 -1
1322 1327 -1
1004 1327 -1
1321 1327 -1
105 1327 -1
743 1328 -1
535 1328 -1
311 1328 -1
1 1328 -1
520 1328 -1
749 1328 -1
750 1328 -1
1004 1328 -1
951 1328 -1
1329 1337 -1
1329 1364 -1
1329 1363 -1
1329 1519 -1
1098 1329 -1
1329 1545 -1
1330 1341 -1
1330 1363 -1
1330 1510 -1
1330 1463 -1
1330 1342 -1
1098 1330 -1
1311 1332 -1
1111 1332 -1
123 1332 -1
537 1332 -1
642 1332 -1
583 1332 -1
746 1332 -1
1103 1332 -1
1332 1340 -1
584 1332 -1
1318 1332 -1
1155 1332 -1
1333 1472 -1
1334 1472 -1
1108 1334 -1
1334 1471 -1
166 1335 -1
115 1335 -1
1309 1336 -1
115 1336 -1
1337 1363 -1
1337 1364 -1
1337 1519 -1
1098 1337 -1
1306 1338 -1
1329 1338 -1
1338 1363 -1
117 1338 -1
1320 1338 -1
1173 1338 -1
1124 1339 -1
1307 1340 -1
1329 1341 -1
1174 1341 -1
1094 1341 -1
1173 1341 -1
1341 1363 -1
1342 1411 -1
996 1342 -1
1307 1342 -1
1342 1412 -1
885 1342 -1
1094 1342 -1
936 1342 -1
1173 1342 -1
1342 1363 -1
1300 1342 -1
886 1342 -1
105 1343 -1
311 1343 -1
176 1344 -1
644 1344 -1
157 1344 -1
20 1344 -1
125 1344 -1
738 1345 -1
737 1345 -1
893 1345 -1
373 1345 -1
1310 1346 -1
373 1346 -1
737 1346 -1
738 1346 -1
1101 1346 -1
627 1349 -1
731 1349 -1
212 1349 -1
925 1350 -1
1338 1350 -1
1337 1350 -1
922 1350 -1
1350 1546 -1
90 1350 -1
1304 1350 -1
584 1350 -1
91 1350 -1
926 1350 -1
1351 1433 -1
1351 1372 -1
1351 1371 -1
1330 1351 -1
1351 1411 -1
1351 1365 -1
1301 1351 -1
601 1351 -1
1352 1372 -1
1352 1371 -1
1352 1370 -1
1352 1433 -1
955 1352 -1
1352 1369 -1
956 1352 -1
225 1352 -1
583 1352 -1
1018 1352 -1
1017 1352 -1
584 1352 -1
1352 1434 -1
226 1352 -1
1353 1358 -1
1353 1357 -1
1353 1394 -1
941 1353 -1
163 1353 -1
1353 1393 -1
1353 1381 -1
1354 1394 -1
1354 1358 -1
1354 1411 -1
163 1354 -1
733 1354 -1
198 1354 -1
1354 1363 -1
1354 1393 -1
941 1354 -1
1355 1401 -1
1355 1402 -1
986 1355 -1
985 1355 -1
1356 1402 -1
1356 1401 -1
986 1356 -1
1357 1393 -1
1357 1394 -1
528 1357 -1
735 1357 -1
164 1357 -1
1357 1389 -1
1357 1360 -1
1133 1357 -1
1358 1394 -1
1358 1360 -1
1358 1381 -1
1358 1363 -1
1359 1394 -1
1359 1381 -1
1358 1359 -1
1359 1393 -1
1353 1359 -1
1357 1359 -1
757 1359 -1
769 1359 -1
885 1359 -1
237 1359 -1
770 1359 -1
163 1359 -1
965 1359 -1
1133 1360 -1
1360 1381 -1
1098 1360 -1
1360 1394 -1
1121 1360 -1
1329 1360 -1
1097 1360 -1
889 1360 -1
1122 1360 -1
1093 1360 -1
1360 1364 -1
1361 1440 -1
1361 1439 -1
1361 1387 -1
868 1361 -1
1362 1439 -1
1362 1440 -1
1362 1387 -1
1362 1449 -1
878 1362 -1
1130 1363 -1
1363 1514 -1
1098 1363 -1
1100 1363 -1
1363 1513 -1
1363 1394 -1
1358 1364 -1
1097 1364 -1
1364 1389 -1
1133 1364 -1
1366 1412 -1
553 1367 -1
554 1368 -1
1368 1456 -1
572 1368 -1
1369 1371 -1
1369 1433 -1
1369 1423 -1
1370 1423 -1
1370 1371 -1
1370 1372 -1
1370 1433 -1
1370 1416 -1
1370 1424 -1
1007 1370 -1
1371 1433 -1
1372 1433 -1
1372 1442 -1
122 1372 -1
583 1372 -1
652 1373 -1
183 1373 -1
548 1373 -1
181 1375 -1
1375 1377 -1
1375 1533 -1
1376 1378 -1
1326 1376 -1
1325 1376 -1
181 1376 -1
1117 1376 -1
546 1376 -1
387 1377 -1
92 1377 -1
1376 1377 -1
336 1377 -1
92 1378 -1
544 1378 -1
982 1378 -1
1132 1378 -1
247 1378 -1
1381 1394 -1
1363 1381 -1
1381 1510 -1
729 1381 -1
527 1381 -1
1381 1515 -1
1098 1381 -1
1381 1393 -1
1094 1381 -1
1357 1381 -1
1382 1390 -1
1382 1394 -1
1382 1389 -1
740 1382 -1
13 1382 -1
739 1382 -1
220 1382 -1
1133 1382 -1
317 1382 -1
219 1382 -1
786 1382 -1
1358 1382 -1
6 1382 -1
766 1382 -1
548 1386 -1
166 1387 -1
373 1387 -1
167 1387 -1
217 1388 -1
218 1388 -1
842 1388 -1
1362 1388 -1
739 1389 -1
740 1389 -1
1358 1389 -1
220 1389 -1
757 1389 -1
948 1389 -1
479 1389 -1
758 1389 -1
889 1389 -1
186 1389 -1
1133 1390 -1
1358 1390 -1
739 1390 -1
914 1390 -1
64 1390 -1
1390 1394 -1
740 1390 -1
1357 1390 -1
1364 1390 -1
480 1390 -1
757 1390 -1
1358 1393 -1
1097 1393 -1
110 1393 -1
163 1393 -1
733 1393 -1
965 1393 -1
1097 1394 -1
733 1394 -1
941 1394 -1
1395 1430 -1
856 1395 -1
857 1395 -1
855 1395 -1
841 1395 -1
25 1395 -1
1395 1428 -1
1395 1427 -1
1395 1429 -1
1116 1395 -1
877 1395 -1
1395 1482 -1
595 1395 -1
1205 1395 -1
1395 1481 -1
1060 1396 -1
1039 1396 -1
1046 1396 -1
1387 1397 -1
1397 1418 -1
1362 1397 -1
1361 1398 -1
1387 1398 -1
1316 1400 -1
1400 1472 -1
732 1401 -1
264 1401 -1
627 1401 -1
1403 1424 -1
1403 1417 -1
1403 1423 -1
1403 1421 -1
1403 1422 -1
1403 1405 -1
1403 1406 -1
1403 1446 -1
1403 1470 -1
1163 1403 -1
1403 1461 -1
1403 1410 -1
1404 1423 -1
1404 1424 -1
1404 1422 -1
1404 1405 -1
1404 1406 -1
1404 1417 -1
1404 1421 -1
1404 1470 -1
1404 1434 -1
1404 1410 -1
1163 1404 -1
1405 1410 -1
1405 1409 -1
1405 1411 -1
1405 1446 -1
1405 1412 -1
1405 1434 -1
1405 1433 -1
1405 1445 -1
1405 1461 -1
1405 1442 -1
1405 1441 -1
1405 1462 -1
1406 1410 -1
1406 1434 -1
1406 1446 -1
1406 1411 -1
1406 1412 -1
1406 1433 -1
1406 1409 -1
1406 1445 -1
1406 1461 -1
1406 1441 -1
1406 1442 -1
1406 1416 -1
1406 1464 -1
1406 1417 -1
1406 1462 -1
1407 1453 -1
1407 1454 -1
1407 1505 -1
1407 1506 -1
1408 1454 -1
1408 1453 -1
1408 1506 -1
1408 1505 -1
1409 1441 -1
1409 1411 -1
1409 1434 -1
1409 1433 -1
1409 1442 -1
1409 1412 -1
1409 1445 -1
1409 1446 -1
1409 1416 -1
1409 1423 -1
1018 1409 -1
1410 1434 -1
1410 1433 -1
1410 1411 -1
1410 1441 -1
1410 1445 -1
1410 1412 -1
1410 1416 -1
1410 1442 -1
1410 1446 -1
1410 1415 -1
1411 1446 -1
1411 1461 -1
1411 1433 -1
1411 1442 -1
1411 1434 -1
1411 1416 -1
1411 1441 -1
1412 1434 -1
1412 1433 -1
1412 1446 -1
1412 1442 -1
1412 1417 -1
1412 1441 -1
1412 1416 -1
885 1412 -1
1412 1445 -1
886 1412 -1
1412 1415 -1
1413 1439 -1
1413 1440 -1
1413 1449 -1
1413 1450 -1
1413 1491 -1
1414 1439 -1
1414 1440 -1
1414 1450 -1
1414 1449 -1
1414 1492 -1
1415 1442 -1
1415 1434 -1
1415 1433 -1
1415 1441 -1
1173 1415 -1
1411 1415 -1
1409 1415 -1
1405 1415 -1
1416 1442 -1
1416 1434 -1
1416 1433 -1
1416 1441 -1
1416 1422 -1
1416 1421 -1
1416 1423 -1
1416 1424 -1
1416 1461 -1
1405 1416 -1
1405 1417 -1
1410 1417 -1
1411 1417 -1
1404 1418 -1
1418 1423 -1
1403 1418 -1
1405 1418 -1
572 1418 -1
1418 1455 -1
1409 1418 -1
1419 1451 -1
87 1419 -1
449 1419 -1
138 1419 -1
1420 1451 -1
1421 1424 -1
1421 1423 -1
1319 1421 -1
1421 1434 -1
1371 1421 -1
1422 1424 -1
1422 1423 -1
1422 1434 -1
1422 1433 -1
1422 1527 -1
1371 1422 -1
1423 1433 -1
1423 1434 -1
1423 1442 -1
1424 1434 -1
1424 1473 -1
1424 1442 -1
392 1425 -1
599 1425 -1
1414 1426 -1
132 1426 -1
1426 1465 -1
183 1426 -1
1427 1430 -1
1427 1429 -1
1427 1482 -1
1427 1481 -1
138 1427 -1
1426 1427 -1
749 1427 -1
126 1427 -1
1425 1427 -1
645 1427 -1
1428 1430 -1
1428 1429 -1
1414 1428 -1
1428 1482 -1
138 1428 -1
841 1428 -1
139 1428 -1
1404 1428 -1
1426 1428 -1
749 1428 -1
1420 1428 -1
761 1428 -1
1403 1429 -1
1404 1429 -1
1143 1429 -1
751 1429 -1
1424 1429 -1
543 1429 -1
439 1429 -1
1404 1430 -1
1403 1430 -1
1414 1430 -1
1420 1430 -1
841 1430 -1
1430 1449 -1
1143 1430 -1
138 1430 -1
1433 1442 -1
1433 1441 -1
1433 1461 -1
1433 1445 -1
1434 1441 -1
1434 1442 -1
1434 1445 -1
1434 1446 -1
1434 1461 -1
1435 1443 -1
195 1435 -1
226 1435 -1
1422 1436 -1
1423 1436 -1
1416 1436 -1
1436 1443 -1
1424 1436 -1
1434 1436 -1
226 1436 -1
1420 1438 -1
1439 1449 -1
1439 1450 -1
1439 1465 -1
1440 1450 -1
1440 1449 -1
1440 1465 -1
1441 1445 -1
1423 1441 -1
1441 1446 -1
1318 1441 -1
1441 1461 -1
1017 1441 -1
1371 1441 -1
1442 1445 -1
863 1443 -1
864 1443 -1
1383 1443 -1
1411 1445 -1
1416 1445 -1
1445 1461 -1
1018 1445 -1
861 1445 -1
1173 1445 -1
1445 1493 -1
1433 1446 -1
1446 1461 -1
1416 1446 -1
1442 1446 -1
885 1446 -1
1404 1446 -1
989 1446 -1
1426 1447 -1
1425 1447 -1
855 1447 -1
599 1447 -1
1447 1477 -1
132 1447 -1
1447 1480 -1
139 1447 -1
856 1447 -1
449 1447 -1
81 1447 -1
1447 1478 -1
606 1447 -1
1166 1448 -1
1426 1448 -1
1171 1448 -1
489 1448 -1
1165 1448 -1
437 1448 -1
1425 1448 -1
1114 1448 -1
24 1448 -1
438 1448 -1
184 1448 -1
29 1448 -1
25 1448 -1
1449 1465 -1
1450 1465 -1
841 1450 -1
1451 1472 -1
1451 1471 -1
1453 1459 -1
887 1453 -1
1453 1497 -1
1453 1460 -1
784 1453 -1
57 1453 -1
836 1453 -1
1356 1453 -1
161 1453 -1
1445 1453 -1
1454 1497 -1
1454 1460 -1
1454 1459 -1
784 1454 -1
1445 1454 -1
992 1454 -1
1442 1454 -1
1455 1458 -1
1455 1470 -1
1164 1455 -1
799 1455 -1
1455 1475 -1
1423 1455 -1
1163 1455 -1
1455 1469 -1
1455 1461 -1
1456 1458 -1
799 1456 -1
1456 1475 -1
1423 1456 -1
1456 1461 -1
1163 1456 -1
1456 1473 -1
1457 1462 -1
1457 1461 -1
1457 1486 -1
1457 1463 -1
1457 1497 -1
1409 1457 -1
1411 1457 -1
1457 1498 -1
1457 1464 -1
1457 1493 -1
1410 1457 -1
831 1457 -1
1017 1457 -1
1018 1457 -1
1457 1468 -1
1458 1461 -1
1458 1462 -1
1458 1463 -1
1458 1486 -1
1458 1497 -1
1458 1498 -1
1458 1464 -1
1174 1458 -1
1459 1506 -1
1459 1505 -1
1459 1497 -1
1460 1506 -1
1460 1505 -1
1460 1497 -1
1461 1464 -1
1461 1468 -1
1461 1486 -1
1461 1497 -1
1461 1485 -1
1461 1463 -1
1462 1464 -1
1462 1486 -1
1462 1468 -1
1462 1485 -1
1462 1497 -1
1433 1462 -1
1174 1462 -1
1462 1463 -1
1463 1485 -1
1463 1486 -1
1405 1463 -1
1173 1463 -1
1301 1463 -1
1456 1463 -1
574 1464 -1
1173 1464 -1
1330 1464 -1
1150 1464 -1
1094 1464 -1
1301 1464 -1
886 1464 -1
1465 1492 -1
1465 1491 -1
1465 1501 -1
1465 1502 -1
1465 1554 -1
1466 1491 -1
1466 1492 -1
867 1466 -1
1335 1466 -1
1466 1501 -1
1387 1466 -1
1467 1493 -1
1462 1467 -1
1173 1467 -1
1461 1467 -1
1467 1497 -1
1110 1467 -1
1109 1467 -1
1467 1486 -1
850 1467 -1
1442 1467 -1
1467 1494 -1
1433 1467 -1
1467 1485 -1
1468 1494 -1
1468 1485 -1
1468 1493 -1
1468 1486 -1
1442 1468 -1
1018 1468 -1
850 1468 -1
1403 1469 -1
1144 1469 -1
1404 1469 -1
1469 1501 -1
1137 1469 -1
1456 1469 -1
1143 1469 -1
831 1469 -1
987 1469 -1
1034 1469 -1
1033 1469 -1
1456 1470 -1
831 1470 -1
1461 1470 -1
1143 1470 -1
1091 1470 -1
1462 1470 -1
987 1470 -1
1470 1502 -1
1423 1470 -1
1300 1470 -1
449 1471 -1
87 1471 -1
138 1471 -1
761 1472 -1
450 1472 -1
1347 1472 -1
139 1472 -1
762 1472 -1
1319 1473 -1
1473 1475 -1
1423 1473 -1
1007 1473 -1
799 1473 -1
852 1473 -1
1474 1476 -1
799 1474 -1
1468 1474 -1
1456 1474 -1
1007 1474 -1
1467 1474 -1
850 1475 -1
1162 1475 -1
1421 1475 -1
1005 1475 -1
1109 1475 -1
1456 1476 -1
850 1476 -1
1476 1494 -1
1476 1486 -1
1110 1476 -1
1005 1476 -1
1213 1476 -1
1214 1476 -1
1455 1476 -1
849 1476 -1
1472 1477 -1
1466 1477 -1
1477 1480 -1
1465 1477 -1
599 1477 -1
1455 1477 -1
1101 1477 -1
911 1477 -1
1477 1484 -1
657 1477 -1
652 1478 -1
1478 1480 -1
183 1478 -1
132 1478 -1
1171 1478 -1
391 1478 -1
1479 1481 -1
1479 1482 -1
1102 1479 -1
86 1479 -1
1120 1479 -1
658 1479 -1
1114 1479 -1
74 1479 -1
1333 1479 -1
229 1480 -1
1425 1480 -1
450 1480 -1
81 1480 -1
646 1480 -1
652 1480 -1
339 1480 -1
132 1480 -1
657 1480 -1
605 1480 -1
333 1480 -1
1456 1481 -1
1481 1532 -1
1428 1481 -1
1403 1481 -1
1481 1502 -1
1144 1481 -1
1455 1481 -1
1481 1495 -1
1481 1531 -1
1404 1482 -1
1403 1482 -1
1414 1482 -1
752 1482 -1
1456 1482 -1
1143 1482 -1
761 1482 -1
918 1483 -1
312 1483 -1
311 1483 -1
1484 1489 -1
74 1484 -1
1484 1490 -1
1004 1484 -1
796 1484 -1
1126 1484 -1
1485 1494 -1
1485 1493 -1
1146 1485 -1
1104 1485 -1
1103 1485 -1
1000 1485 -1
1464 1485 -1
1486 1494 -1
1486 1493 -1
1110 1486 -1
852 1486 -1
989 1486 -1
1000 1486 -1
849 1486 -1
850 1486 -1
1487 1495 -1
1214 1487 -1
1486 1487 -1
1213 1487 -1
1215 1487 -1
1216 1487 -1
1008 1487 -1
1473 1487 -1
1468 1487 -1
1007 1487 -1
852 1487 -1
1488 1496 -1
1488 1495 -1
1476 1488 -1
841 1491 -1
1414 1491 -1
1491 1517 -1
893 1491 -1
1491 1518 -1
1492 1517 -1
841 1492 -1
1413 1492 -1
1416 1493 -1
1000 1493 -1
1493 1497 -1
1462 1493 -1
799 1493 -1
1018 1493 -1
852 1493 -1
1155 1493 -1
1103 1493 -1
1461 1494 -1
1462 1494 -1
1000 1494 -1
852 1494 -1
1215 1494 -1
1494 1497 -1
1494 1498 -1
1156 1494 -1
1173 1494 -1
1331 1495 -1
1464 1495 -1
812 1495 -1
1170 1495 -1
1369 1495 -1
137 1495 -1
811 1495 -1
1497 1505 -1
1468 1497 -1
1486 1497 -1
1433 1497 -1
1173 1497 -1
1498 1505 -1
1461 1498 -1
1462 1498 -1
1486 1498 -1
1459 1498 -1
1493 1498 -1
1017 1498 -1
1018 1498 -1
1485 1498 -1
439 1499 -1
1432 1499 -1
1367 1499 -1
1004 1499 -1
1171 1499 -1
1003 1499 -1
442 1499 -1
1324 1500 -1
1091 1500 -1
1367 1500 -1
442 1500 -1
1144 1500 -1
520 1500 -1
26 1500 -1
1171 1500 -1
1328 1500 -1
1500 1531 -1
1492 1501 -1
1310 1502 -1
1309 1502 -1
1466 1502 -1
1148 1505 -1
1199 1505 -1
1497 1506 -1
836 1506 -1
1148 1506 -1
1095 1506 -1
1507 1521 -1
1507 1527 -1
1507 1525 -1
1507 1522 -1
885 1507 -1
1405 1507 -1
1406 1507 -1
886 1507 -1
1406 1508 -1
1412 1508 -1
1410 1508 -1
1409 1508 -1
1509 1515 -1
1509 1550 -1
1509 1513 -1
1330 1509 -1
1099 1509 -1
890 1509 -1
1134 1509 -1
913 1509 -1
1510 1515 -1
1510 1514 -1
1510 1513 -1
1510 1516 -1
1510 1550 -1
1511 1558 -1
1511 1557 -1
926 1511 -1
1512 1558 -1
1512 1557 -1
986 1512 -1
1402 1512 -1
1513 1545 -1
1513 1546 -1
1513 1519 -1
1130 1513 -1
1312 1513 -1
1514 1546 -1
1514 1520 -1
1514 1545 -1
1514 1516 -1
1130 1514 -1
1514 1519 -1
886 1515 -1
885 1515 -1
729 1515 -1
1513 1515 -1
1094 1515 -1
158 1515 -1
913 1515 -1
1516 1538 -1
937 1516 -1
1513 1516 -1
1358 1516 -1
1098 1516 -1
885 1516 -1
1509 1516 -1
941 1516 -1
886 1516 -1
890 1516 -1
1517 1543 -1
1517 1544 -1
556 1517 -1
36 1517 -1
711 1517 -1
555 1517 -1
764 1517 -1
763 1517 -1
1518 1543 -1
1127 1518 -1
1180 1518 -1
1128 1518 -1
1519 1545 -1
1519 1546 -1
1098 1519 -1
1133 1519 -1
922 1519 -1
1306 1519 -1
1520 1546 -1
1520 1545 -1
1329 1520 -1
1098 1520 -1
1299 1521 -1
1091 1521 -1
1300 1521 -1
1300 1522 -1
1412 1522 -1
1403 1524 -1
1525 1527 -1
1525 1528 -1
1416 1525 -1
1319 1525 -1
1338 1525 -1
1371 1525 -1
1526 1527 -1
1526 1528 -1
1423 1526 -1
1311 1526 -1
1416 1526 -1
955 1526 -1
1320 1526 -1
1318 1527 -1
902 1527 -1
1416 1527 -1
1442 1528 -1
902 1528 -1
896 1528 -1
746 1528 -1
1416 1528 -1
1507 1528 -1
756 1529 -1
259 1529 -1
675 1529 -1
0 1529 -1
756 1530 -1
1530 1532 -1
1530 1535 -1
1531 1534 -1
1326 1531 -1
1482 1531 -1
1102 1531 -1
749 1531 -1
34 1531 -1
1367 1531 -1
1532 1534 -1
1532 1533 -1
1322 1532 -1
749 1532 -1
1091 1532 -1
1482 1532 -1
1326 1532 -1
541 1532 -1
1309 1532 -1
1324 1533 -1
543 1533 -1
752 1533 -1
596 1533 -1
1115 1533 -1
751 1534 -1
1091 1534 -1
1309 1534 -1
1375 1534 -1
440 1534 -1
1322 1535 -1
1166 1535 -1
1165 1535 -1
311 1535 -1
889 1537 -1
941 1537 -1
1513 1537 -1
1098 1537 -1
937 1537 -1
885 1537 -1
890 1537 -1
1358 1537 -1
942 1537 -1
892 1537 -1
1100 1537 -1
473 1537 -1
1514 1537 -1
1097 1537 -1
886 1537 -1
1100 1538 -1
1514 1538 -1
885 1538 -1
937 1538 -1
896 1538 -1
1538 1545 -1
1520 1538 -1
922 1538 -1
886 1538 -1
1513 1538 -1
1538 1546 -1
1510 1538 -1
1130 1538 -1
1099 1538 -1
1103 1539 -1
1208 1539 -1
1111 1539 -1
1468 1539 -1
1213 1539 -1
1540 1548 -1
1132 1540 -1
1208 1540 -1
1103 1540 -1
698 1541 -1
1160 1541 -1
385 1541 -1
1108 1542 -1
841 1543 -1
998 1543 -1
1309 1543 -1
998 1544 -1
1414 1544 -1
841 1544 -1
1413 1544 -1
948 1545 -1
168 1545 -1
168 1546 -1
740 1546 -1
169 1546 -1
739 1546 -1
480 1546 -1
1463 1547 -1
1307 1547 -1
1099 1547 -1
1123 1547 -1
1121 1547 -1
1100 1548 -1
1099 1548 -1
1124 1548 -1
1121 1548 -1
1464 1548 -1
996 1548 -1
1098 1548 -1
1097 1548 -1
1509 1549 -1
1510 1549 -1
1098 1549 -1
1306 1549 -1
885 1549 -1
1519 1549 -1
1094 1549 -1
1513 1549 -1
890 1549 -1
1201 1549 -1
1305 1549 -1
1513 1550 -1
890 1550 -1
913 1550 -1
1514 1550 -1
1546 1550 -1
885 1550 -1
1309 1551 -1
1310 1551 -1
1328 1551 -1
416 1551 -1
997 1551 -1
737 1551 -1
1101 1551 -1
530 1551 -1
150 1551 -1
1346 1551 -1
571 1551 -1
1 1551 -1
426 1551 -1
477 1551 -1
738 1551 -1
773 1551 -1
1264 1552 -1
393 1552 -1
653 1552 -1
1263 1552 -1
676 1552 -1
394 1552 -1
527 1552 -1
445 1552 -1
549 1552 -1
446 1552 -1
416 1552 -1
1552 1556 -1
30 1552 -1
83 1552 -1
31 1552 -1
1517 1553 -1
530 1553 -1
1465 1553 -1
841 1554 -1
900 1555 -1
1004 1555 -1
1160 1556 -1
1003 1556 -1
1472 1556 -1
1159 1556 -1
1550 1557 -1
1549 1557 -1
940 1557 -1
887 1557 -1
926 1558 -1
1550 1558 -1
