676 1456 1
207 468 1
468 1143 1
207 1143 1
571 1092 1
105 780 1
415 936 1
467 987 1
364 1300 1
1091 1196 1
53 157 1
104 1195 1
416 1455 1
780 1507 1
105 1507 1
207 1091 1
468 1091 1
1091 1143 1
207 1196 1
363 780 1
105 363 1
363 1507 1
208 1456 1
208 676 1
572 1039 1
312 520 1
259 364 1
259 1300 1
1248 1455 1
416 1248 1
573 833 1
106 1198 1
1094 1354 1
625 1198 1
106 625 1
159 1042 1
3 1146 1
781 1041 1
833 989 1
573 989 1
209 625 1
106 209 1
209 1198 1
158 678 1
54 470 1
626 1457 1
261 1353 1
678 1406 1
158 1406 1
885 1354 1
885 1094 1
937 1510 1
54 886 1
470 886 1
3 574 1
574 1146 1
677 730 1
54 1301 1
886 1301 1
470 1301 1
524 1355 1
940 1199 1
161 887 1
627 1096 1
991 1304 1
524 991 1
991 1355 1
524 1304 1
835 940 1
835 1199 1
524 1511 1
1304 1511 1
1355 1511 1
991 1511 1
56 992 1
161 523 1
523 887 1
836 1147 1
627 628 1
628 1096 1
1252 1356 1
680 1252 1
680 1356 1
679 1200 1
316 1460 1
1095 1148 1
160 1044 1
523 992 1
161 992 1
887 992 1
56 523 1
681 1410 1
317 733 1
525 525 1
6 1305 1
734 1461 1
577 994 1
110 163 1
630 1462 1
421 942 1
266 1097 1
370 1305 1
6 370 1
213 889 1
993 1514 1
577 682 1
682 994 1
629 837 1
786 941 1
577 1306 1
994 1306 1
682 1306 1
110 214 1
163 214 1
1045 1409 1
162 526 1
6 1514 1
1305 1514 1
370 1514 1
6 993 1
788 1464 1
371 1099 1
165 1411 1
1047 1360 1
319 1204 1
580 1359 1
423 735 1
579 788 1
579 1464 1
684 1047 1
684 1360 1
215 423 1
215 735 1
8 839 1
995 1307 1
1256 1308 1
9 995 1
9 1307 1
788 1463 1
1463 1464 1
579 1463 1
1255 1255 1
61 476 1
267 1256 1
267 1308 1
319 1099 1
1099 1204 1
319 371 1
1100 1307 1
9 1100 1
995 1100 1
217 1517 1
166 633 1
373 1101 1
477 1101 1
373 477 1
738 893 1
11 789 1
738 894 1
893 894 1
62 1518 1
581 1466 1
634 738 1
634 893 1
634 894 1
374 842 1
893 1206 1
738 1206 1
634 1206 1
894 1206 1
270 1102 1
269 633 1
166 269 1
738 997 1
634 997 1
893 997 1
894 997 1
997 1206 1
634 945 1
738 945 1
945 997 1
945 1206 1
893 945 1
894 945 1
13 792 1
64 376 1
1207 1259 1
688 1364 1
219 583 1
13 1156 1
792 1156 1
896 1156 1
792 896 1
13 896 1
219 1416 1
583 1416 1
116 169 1
636 1468 1
116 635 1
169 635 1
65 1364 1
65 688 1
271 532 1
999 1468 1
636 999 1
479 1311 1
479 636 1
636 1311 1
479 1468 1
479 999 1
169 531 1
531 635 1
116 531 1
949 1053 1
326 794 1
794 1366 1
326 1366 1
15 66 1
222 741 1
274 481 1
222 482 1
482 741 1
1158 1261 1
273 482 1
273 741 1
222 273 1
274 1469 1
481 1469 1
637 846 1
794 846 1
846 1366 1
326 846 1
637 794 1
482 898 1
273 898 1
741 898 1
222 898 1
586 1314 1
66 1418 1
15 1418 1
689 1470 1
897 1158 1
897 1261 1
847 1367 1
173 276 1
588 952 1
640 848 1
275 1472 1
120 1316 1
795 848 1
640 795 1
17 1003 1
1056 1315 1
276 744 1
173 744 1
899 1160 1
120 432 1
432 1316 1
535 640 1
535 848 1
535 795 1
536 1211 1
68 1472 1
68 275 1
535 1160 1
640 1160 1
848 1160 1
795 1160 1
535 899 1
744 1159 1
276 1159 1
173 1159 1
381 693 1
19 278 1
1006 1473 1
329 850 1
849 1109 1
746 798 1
123 745 1
1473 1526 1
1006 1526 1
226 641 1
174 174 1
71 538 1
1109 1214 1
849 1214 1
381 1266 1
693 1266 1
901 1473 1
901 1526 1
901 1006 1
277 693 1
277 1266 1
277 381 1
1369 1526 1
1369 1473 1
901 1369 1
1006 1369 1
1161 1473 1
1161 1369 1
1161 1526 1
1006 1161 1
901 1161 1
384 1423 1
955 1215 1
1111 1319 1
435 747 1
279 1216 1
21 73 1
1319 1423 1
1111 1423 1
384 1319 1
644 1476 1
1320 1424 1
21 124 1
73 124 1
852 1475 1
20 1320 1
20 1424 1
177 1320 1
177 1424 1
20 177 1
72 177 1
72 1320 1
72 1424 1
20 72 1
747 903 1
435 903 1
851 1215 1
851 955 1
487 748 1
488 540 1
1165 1373 1
385 386 1
333 853 1
386 1373 1
385 1373 1
386 1165 1
281 1373 1
281 385 1
281 386 1
281 1165 1
127 1321 1
333 385 1
385 853 1
281 333 1
333 386 1
333 1373 1
1010 1425 1
178 230 1
23 1165 1
23 281 1
23 386 1
23 1373 1
23 749 1
281 749 1
386 749 1
749 1165 1
749 1373 1
541 1218 1
698 854 1
180 336 1
387 1376 1
1219 1272 1
24 1480 1
596 960 1
335 700 1
700 1531 1
335 1531 1
388 1532 1
24 907 1
907 1480 1
284 492 1
855 1531 1
700 855 1
335 855 1
492 1063 1
284 1063 1
544 752 1
1272 1428 1
1219 1428 1
180 959 1
336 959 1
284 335 1
335 492 1
335 1063 1
284 700 1
284 855 1
284 1531 1
77 595 1
649 1118 1
181 1274 1
27 442 1
337 857 1
754 962 1
337 390 1
390 857 1
26 806 1
1221 1533 1
27 1326 1
442 1326 1
493 650 1
546 701 1
27 909 1
442 909 1
909 1326 1
130 702 1
597 1377 1
79 389 1
650 1429 1
493 1429 1
545 546 1
545 701 1
545 1325 1
546 1325 1
701 1325 1
546 910 1
545 910 1
701 910 1
910 1325 1
704 1431 1
496 1535 1
1275 1483 1
288 1119 1
911 1067 1
495 1223 1
133 496 1
133 1535 1
651 808 1
443 652 1
81 808 1
81 651 1
963 1171 1
133 911 1
496 911 1
911 1535 1
133 1067 1
444 807 1
28 1379 1
288 756 1
756 1119 1
236 704 1
236 1431 1
339 1276 1
287 1172 1
392 1328 1
81 496 1
496 808 1
496 651 1
81 133 1
81 911 1
81 1535 1
237 1381 1
1382 1434 1
31 1277 1
83 290 1
290 1433 1
83 1433 1
30 1018 1
445 550 1
1173 1382 1
1173 1434 1
341 653 1
237 550 1
550 1381 1
237 445 1
393 861 1
497 1485 1
31 1121 1
1121 1277 1
1070 1173 1
1070 1434 1
1070 1382 1
30 1121 1
1018 1121 1
30 1277 1
30 31 1
913 1225 1
810 1486 1
289 1225 1
289 913 1
447 864 1
1072 1332 1
552 1280 1
343 916 1
968 1123 1
188 448 1
1020 1228 1
759 967 1
551 915 1
1019 1488 1
447 603 1
603 864 1
136 915 1
136 551 1
239 1487 1
708 760 1
395 448 1
188 395 1
655 1176 1
812 864 1
603 812 1
447 812 1
343 1539 1
916 1539 1
864 1540 1
603 1540 1
812 1540 1
447 1540 1
396 812 1
396 864 1
396 603 1
396 1540 1
396 447 1
918 1334 1
1022 1437 1
398 917 1
35 605 1
1073 1074 1
606 761 1
397 1281 1
501 762 1
242 1074 1
242 1073 1
1178 1542 1
502 606 1
502 761 1
969 1334 1
918 969 1
605 917 1
35 917 1
398 605 1
449 1281 1
397 449 1
138 657 1
398 1438 1
917 1438 1
605 1438 1
553 1229 1
1022 1177 1
1177 1437 1
605 814 1
814 1438 1
35 814 1
814 917 1
398 814 1
867 1544 1
503 1075 1
1387 1439 1
36 867 1
36 1544 1
36 1284 1
1284 1544 1
867 1284 1
972 1180 1
556 1180 1
556 972 1
607 867 1
607 1544 1
607 1284 1
36 607 1
1387 1544 1
1439 1544 1
867 1387 1
1284 1387 1
36 1387 1
607 1387 1
659 1284 1
659 867 1
36 659 1
659 1544 1
659 1387 1
607 659 1
400 1335 1
36 348 1
348 867 1
348 1284 1
348 1544 1
348 1387 1
348 659 1
348 607 1
194 1233 1
402 1338 1
349 1494 1
38 194 1
38 1233 1
194 1181 1
1181 1233 1
38 1181 1
143 817 1
558 1181 1
558 1233 1
194 558 1
38 558 1
143 297 1
297 817 1
142 818 1
765 1494 1
349 765 1
1389 1546 1
453 506 1
350 870 1
142 246 1
246 818 1
558 1025 1
1025 1233 1
194 1025 1
1025 1181 1
38 1025 1
818 974 1
246 974 1
142 974 1
299 559 1
40 1288 1
1080 1391 1
1183 1235 1
455 1547 1
1495 1547 1
455 1495 1
351 923 1
560 819 1
40 196 1
196 1288 1
1131 1235 1
1131 1183 1
871 1391 1
871 1080 1
300 351 1
300 923 1
144 560 1
144 819 1
768 1496 1
871 1496 1
1080 1496 1
1391 1496 1
768 871 1
247 1391 1
247 1080 1
247 1496 1
247 871 1
145 1287 1
250 821 1
146 561 1
301 1030 1
1550 1550 1
874 977 1
354 717 1
250 978 1
821 978 1
769 1185 1
43 718 1
95 1237 1
405 1186 1
250 1082 1
978 1082 1
821 1082 1
301 354 1
354 1030 1
301 717 1
769 1549 1
1185 1549 1
874 1393 1
977 1393 1
1185 1238 1
769 1238 1
1238 1549 1
406 1549 1
406 769 1
406 1238 1
406 1185 1
875 1135 1
149 616 1
199 1292 1
1083 1500 1
927 1031 1
876 928 1
980 1084 1
44 1551 1
148 980 1
148 1084 1
719 771 1
616 668 1
149 668 1
564 1084 1
148 564 1
564 980 1
511 1136 1
719 1551 1
771 1551 1
44 719 1
149 304 1
304 616 1
304 668 1
148 199 1
199 1084 1
199 980 1
199 564 1
148 1292 1
876 1344 1
928 1344 1
99 306 1
617 1242 1
254 1450 1
253 1033 1
201 305 1
461 1033 1
253 461 1
202 877 1
825 981 1
410 617 1
410 1242 1
565 1501 1
358 1449 1
151 253 1
151 1033 1
151 461 1
617 1293 1
1242 1293 1
410 1293 1
929 1033 1
151 929 1
253 929 1
461 929 1
409 721 1
774 1086 1
1293 1554 1
617 1554 1
1242 1554 1
410 1554 1
567 1504 1
153 1504 1
153 567 1
775 1451 1
723 1088 1
723 1555 1
1088 1555 1
100 828 1
412 412 1
463 1556 1
1295 1556 1
463 1295 1
204 1139 1
255 412 1
515 1139 1
204 515 1
203 255 1
203 412 1
672 775 1
672 1451 1
828 1036 1
100 1036 1
411 515 1
411 1139 1
204 411 1
203 515 1
412 515 1
255 515 1
203 204 1
203 1139 1
203 411 1
414 1402 1
103 414 1
103 1402 1
258 1297 1
830 1401 1
621 777 1
1297 1506 1
258 1506 1
985 1505 1
1194 1506 1
1194 1297 1
258 1194 1
569 569 1
778 830 1
778 1401 1
154 310 1
154 465 1
310 465 1
674 1401 1
674 778 1
674 830 1
1194 1402 1
1297 1402 1
1402 1506 1
258 1402 1
103 1194 1
414 1194 1
726 829 1
414 414 1
150 751 -1
116 158 -1
158 531 -1
158 169 -1
158 635 -1
116 1406 -1
116 678 -1
429 1451 -1
429 672 -1
429 775 -1
322 1225 -1
322 913 -1
289 322 -1
504 1466 -1
504 581 -1
202 1491 -1
877 1491 -1
658 1323 -1
534 1434 -1
534 1070 -1
534 1173 -1
534 1382 -1
112 1182 -1
913 1258 -1
1225 1258 -1
289 1258 -1
69 565 -1
69 1501 -1
642 1069 -1
109 997 -1
109 738 -1
109 945 -1
109 1206 -1
109 634 -1
109 893 -1
109 894 -1
534 1251 -1
857 1004 -1
337 1004 -1
390 1004 -1
832 844 -1
13 1482 -1
792 1482 -1
896 1482 -1
1156 1482 -1
544 1353 -1
752 1353 -1
261 544 -1
1038 1384 -1
507 533 -1
270 331 -1
331 1102 -1
506 1085 -1
453 1085 -1
588 1411 -1
952 1411 -1
165 588 -1
675 1418 -1
66 675 -1
15 675 -1
394 738 -1
394 997 -1
394 945 -1
394 1206 -1
394 634 -1
394 893 -1
394 894 -1
1112 1377 -1
597 1112 -1
512 1112 -1
115 204 -1
115 515 -1
115 1139 -1
115 411 -1
115 203 -1
491 1182 -1
934 1032 -1
234 870 -1
234 350 -1
68 314 -1
314 1472 -1
275 314 -1
210 404 -1
341 987 -1
653 987 -1
341 467 -1
74 1527 -1
611 620 -1
765 1218 -1
349 1218 -1
1218 1494 -1
541 765 -1
103 575 -1
575 1402 -1
575 1194 -1
414 575 -1
966 1128 -1
148 365 -1
365 1084 -1
199 365 -1
365 980 -1
365 1292 -1
365 564 -1
402 1073 -1
1073 1338 -1
402 1074 -1
242 402 -1
967 994 -1
759 994 -1
577 967 -1
682 967 -1
967 1306 -1
801 1120 -1
334 1451 -1
334 672 -1
334 775 -1
1244 1250 -1
731 824 -1
220 1071 -1
475 834 -1
1176 1499 -1
655 1499 -1
938 1478 -1
377 956 -1
263 842 -1
263 374 -1
745 1233 -1
123 1233 -1
745 1025 -1
194 745 -1
558 745 -1
745 1181 -1
38 745 -1
698 1533 -1
854 1533 -1
698 1221 -1
743 1447 -1
7 688 -1
7 65 -1
7 1364 -1
111 1234 -1
107 1232 -1
713 1279 -1
33 713 -1
452 1369 -1
452 1161 -1
452 1473 -1
452 901 -1
452 1526 -1
452 1006 -1
62 1008 -1
1008 1518 -1
799 1540 -1
799 864 -1
396 799 -1
603 799 -1
799 812 -1
447 799 -1
419 488 -1
419 540 -1
1133 1443 -1
914 1468 -1
479 914 -1
636 914 -1
914 999 -1
37 1069 -1
1042 1392 -1
159 1392 -1
441 1192 -1
142 551 -1
551 818 -1
551 974 -1
246 551 -1
136 142 -1
142 915 -1
971 1551 -1
771 971 -1
44 971 -1
719 971 -1
496 917 -1
133 917 -1
808 917 -1
651 917 -1
911 917 -1
81 917 -1
917 1535 -1
496 1438 -1
496 814 -1
35 496 -1
496 605 -1
398 496 -1
845 1434 -1
845 1070 -1
845 1173 -1
845 1382 -1
333 530 -1
385 530 -1
386 530 -1
530 853 -1
530 1373 -1
281 530 -1
218 652 -1
218 443 -1
1409 1452 -1
1045 1452 -1
213 970 -1
889 970 -1
354 1301 -1
717 1301 -1
1030 1301 -1
301 1301 -1
354 470 -1
354 886 -1
54 354 -1
1014 1356 -1
680 1014 -1
1014 1252 -1
351 796 -1
796 923 -1
300 796 -1
1180 1271 -1
556 1271 -1
972 1271 -1
635 778 -1
169 778 -1
531 778 -1
116 778 -1
635 1401 -1
635 674 -1
635 830 -1
285 291 -1
603 701 -1
701 864 -1
701 1540 -1
396 701 -1
701 812 -1
447 701 -1
545 603 -1
546 603 -1
603 1325 -1
603 910 -1
1256 1451 -1
267 1451 -1
1308 1451 -1
672 1256 -1
775 1256 -1
166 278 -1
278 633 -1
269 278 -1
19 166 -1
1339 1464 -1
579 1339 -1
788 1339 -1
1339 1463 -1
266 1497 -1
1097 1497 -1
512 1532 -1
388 512 -1
1127 1273 -1
10 1488 -1
10 1019 -1
391 842 -1
374 391 -1
343 1535 -1
1535 1539 -1
916 1535 -1
343 496 -1
81 343 -1
133 343 -1
343 911 -1
18 825 -1
18 981 -1
232 389 -1
79 232 -1
104 227 -1
227 1195 -1
237 697 -1
697 1381 -1
550 697 -1
445 697 -1
458 1306 -1
458 577 -1
458 994 -1
458 682 -1
911 1363 -1
496 1363 -1
81 1363 -1
1067 1363 -1
133 1363 -1
1363 1535 -1
113 958 -1
677 1033 -1
730 1033 -1
677 929 -1
151 677 -1
253 677 -1
461 677 -1
200 1357 -1
797 817 -1
297 797 -1
143 797 -1
546 1376 -1
545 1376 -1
701 1376 -1
910 1376 -1
1325 1376 -1
387 546 -1
1160 1468 -1
640 1468 -1
848 1468 -1
899 1468 -1
795 1468 -1
535 1468 -1
479 1160 -1
636 1160 -1
999 1160 -1
375 392 -1
375 1328 -1
700 988 -1
855 988 -1
988 1531 -1
284 988 -1
335 988 -1
1070 1082 -1
1082 1434 -1
1082 1173 -1
1082 1382 -1
250 1070 -1
978 1070 -1
821 1070 -1
1190 1264 -1
864 1150 -1
1150 1540 -1
396 1150 -1
603 1150 -1
812 1150 -1
447 1150 -1
353 514 -1
643 881 -1
964 1366 -1
794 964 -1
846 964 -1
326 964 -1
712 1042 -1
159 712 -1
793 831 -1
942 950 -1
421 950 -1
76 1082 -1
76 250 -1
76 978 -1
76 821 -1
27 799 -1
442 799 -1
799 909 -1
799 1326 -1
190 1129 -1
338 579 -1
338 1464 -1
338 788 -1
338 1463 -1
216 511 -1
216 1136 -1
868 1004 -1
1371 1465 -1
882 1127 -1
1220 1444 -1
949 1552 -1
1053 1552 -1
312 1292 -1
520 1292 -1
148 312 -1
199 312 -1
1014 1099 -1
371 1014 -1
1014 1204 -1
319 1014 -1
60 614 -1
1138 1272 -1
1138 1219 -1
1138 1428 -1
1399 1558 -1
721 1228 -1
409 1228 -1
721 1020 -1
84 765 -1
84 349 -1
84 1494 -1
498 598 -1
851 1142 -1
955 1142 -1
1142 1215 -1
832 1330 -1
46 264 -1
73 1376 -1
124 1376 -1
21 1376 -1
73 387 -1
794 1331 -1
846 1331 -1
1331 1366 -1
326 1331 -1
637 1331 -1
101 173 -1
101 744 -1
101 276 -1
101 1159 -1
691 722 -1
124 626 -1
73 626 -1
21 626 -1
124 1457 -1
1447 1515 -1
199 797 -1
148 797 -1
564 797 -1
797 1292 -1
797 980 -1
797 1084 -1
108 1300 -1
108 259 -1
108 364 -1
260 1101 -1
260 373 -1
260 477 -1
149 492 -1
492 616 -1
304 492 -1
492 668 -1
149 335 -1
149 284 -1
149 1063 -1
831 1245 -1
101 859 -1
102 290 -1
102 1433 -1
83 102 -1
575 907 -1
24 575 -1
575 1480 -1
111 660 -1
137 189 -1
563 1345 -1
83 1356 -1
1356 1433 -1
290 1356 -1
83 680 -1
83 1252 -1
682 1272 -1
577 1272 -1
994 1272 -1
1272 1306 -1
682 1219 -1
682 1428 -1
133 550 -1
496 550 -1
550 1067 -1
550 911 -1
81 550 -1
550 1535 -1
133 1381 -1
133 445 -1
133 237 -1
1174 1394 -1
1054 1404 -1
86 934 -1
693 889 -1
889 1266 -1
381 889 -1
277 889 -1
213 693 -1
409 784 -1
721 784 -1
409 1558 -1
721 1558 -1
200 1231 -1
252 601 -1
1106 1289 -1
269 1407 -1
633 1407 -1
166 1407 -1
209 510 -1
510 625 -1
106 510 -1
510 1198 -1
521 526 -1
162 521 -1
183 376 -1
64 183 -1
254 1261 -1
1261 1450 -1
254 897 -1
254 1158 -1
599 1282 -1
612 1456 -1
208 612 -1
612 676 -1
871 1119 -1
1080 1119 -1
1119 1496 -1
247 1119 -1
768 1119 -1
1119 1391 -1
288 871 -1
756 871 -1
373 821 -1
821 1101 -1
477 821 -1
250 373 -1
373 1082 -1
373 978 -1
1138 1527 -1
455 481 -1
481 1547 -1
481 1495 -1
274 455 -1
455 1469 -1
445 1303 -1
237 1303 -1
550 1303 -1
175 906 -1
719 879 -1
771 879 -1
44 879 -1
879 1551 -1
547 1398 -1
756 1479 -1
288 1479 -1
1119 1479 -1
480 964 -1
460 743 -1
910 1318 -1
545 1318 -1
546 1318 -1
701 1318 -1
1318 1325 -1
115 470 -1
115 886 -1
54 115 -1
115 1301 -1
802 1343 -1
18 1440 -1
84 1120 -1
176 1337 -1
247 463 -1
463 1080 -1
463 1496 -1
463 871 -1
463 1391 -1
247 1556 -1
247 1295 -1
278 596 -1
19 596 -1
278 960 -1
1152 1168 -1
1413 1546 -1
1389 1413 -1
1259 1535 -1
1207 1535 -1
496 1259 -1
81 1259 -1
133 1259 -1
911 1259 -1
105 525 -1
363 525 -1
525 1507 -1
525 780 -1
146 602 -1
561 602 -1
366 1273 -1
201 1115 -1
305 1115 -1
977 1086 -1
1086 1393 -1
874 1086 -1
774 977 -1
965 1492 -1
638 1108 -1
548 799 -1
111 760 -1
111 708 -1
535 1385 -1
640 1385 -1
848 1385 -1
1160 1385 -1
795 1385 -1
899 1385 -1
425 827 -1
802 894 -1
738 802 -1
802 997 -1
802 945 -1
802 1206 -1
634 802 -1
802 893 -1
1325 1553 -1
545 1553 -1
546 1553 -1
701 1553 -1
910 1553 -1
389 1192 -1
79 1192 -1
1174 1490 -1
165 864 -1
864 1411 -1
165 1540 -1
165 396 -1
165 603 -1
165 812 -1
165 447 -1
102 275 -1
102 1472 -1
68 102 -1
966 1254 -1
1136 1298 -1
511 1298 -1
395 588 -1
448 588 -1
188 588 -1
395 952 -1
835 1123 -1
940 1123 -1
1123 1199 -1
835 968 -1
533 1278 -1
444 948 -1
807 948 -1
1428 1497 -1
1272 1497 -1
1219 1497 -1
962 1305 -1
754 1305 -1
370 962 -1
962 1514 -1
6 962 -1
734 1530 -1
1461 1530 -1
716 1208 -1
315 916 -1
315 1539 -1
315 343 -1
186 984 -1
565 680 -1
680 1501 -1
565 1356 -1
565 1252 -1
1015 1032 -1
92 1250 -1
425 575 -1
409 1314 -1
721 1314 -1
409 586 -1
795 1492 -1
848 1492 -1
640 1492 -1
1160 1492 -1
535 1492 -1
544 1463 -1
752 1463 -1
544 1464 -1
544 579 -1
544 788 -1
206 1168 -1
704 1243 -1
236 1243 -1
1243 1431 -1
626 1545 -1
1457 1545 -1
727 1076 -1
150 168 -1
990 1263 -1
601 1250 -1
310 611 -1
465 611 -1
154 611 -1
1168 1358 -1
1252 1490 -1
680 1490 -1
1356 1490 -1
963 1240 -1
1171 1240 -1
480 1268 -1
189 313 -1
379 495 -1
379 1223 -1
234 484 -1
592 645 -1
828 1112 -1
1036 1112 -1
100 1112 -1
481 1253 -1
274 1253 -1
1253 1469 -1
137 258 -1
137 1297 -1
137 1506 -1
137 1402 -1
137 1194 -1
356 1542 -1
356 1178 -1
393 545 -1
545 861 -1
393 546 -1
393 701 -1
393 910 -1
393 1325 -1
574 1137 -1
1137 1146 -1
3 1137 -1
1117 1478 -1
1241 1353 -1
261 1241 -1
1103 1319 -1
384 1103 -1
1103 1423 -1
1103 1111 -1
1201 1445 -1
161 503 -1
503 992 -1
503 523 -1
503 887 -1
161 1075 -1
642 1374 -1
888 1361 -1
553 670 -1
670 1229 -1
749 1023 -1
281 1023 -1
386 1023 -1
1023 1165 -1
1023 1373 -1
23 1023 -1
326 959 -1
794 959 -1
846 959 -1
959 1366 -1
326 336 -1
180 326 -1
1051 1090 -1
620 1310 -1
435 1191 -1
747 1191 -1
903 1191 -1
557 706 -1
8 833 -1
833 839 -1
8 573 -1
8 989 -1
215 986 -1
735 986 -1
423 986 -1
1098 1473 -1
1098 1161 -1
1098 1369 -1
1098 1526 -1
1006 1098 -1
901 1098 -1
417 603 -1
417 864 -1
417 1540 -1
396 417 -1
417 812 -1
417 447 -1
65 677 -1
677 688 -1
677 1364 -1
65 730 -1
113 1375 -1
232 1536 -1
281 915 -1
385 915 -1
386 915 -1
749 915 -1
333 915 -1
915 1165 -1
23 915 -1
915 1373 -1
136 281 -1
281 551 -1
