157 675 1
104 1455 1
312 1299 1
1248 1403 1
884 1403 1
884 1248 1
157 311 1
311 675 1
519 572 1
208 623 1
1091 1092 1
260 1352 1
675 1508 1
157 1508 1
311 1508 1
987 1091 1
987 1092 1
363 1091 1
363 987 1
363 1092 1
1300 1351 1
208 1352 1
623 1352 1
208 260 1
52 1195 1
572 832 1
519 832 1
676 935 1
52 935 1
935 1195 1
52 676 1
156 883 1
104 1352 1
1352 1455 1
104 208 1
104 260 1
104 623 1
623 1300 1
208 1300 1
1300 1352 1
104 1300 1
623 1351 1
312 624 1
624 1299 1
936 1248 1
936 1403 1
884 936 1
365 1510 1
625 1197 1
521 1302 1
314 938 1
573 1146 1
937 1457 1
730 1198 1
366 1458 1
885 1302 1
521 885 1
365 1249 1
1249 1510 1
417 937 1
417 1457 1
1042 1406 1
1198 1509 1
730 1509 1
730 1250 1
1250 1509 1
1198 1250 1
366 626 1
626 1458 1
3 210 1
470 1509 1
470 730 1
470 1250 1
470 1198 1
1301 1354 1
210 1354 1
3 1354 1
210 1301 1
54 1249 1
54 365 1
54 1510 1
314 365 1
365 938 1
314 1249 1
54 314 1
314 1510 1
885 1510 1
521 1510 1
1302 1510 1
885 1249 1
365 885 1
54 885 1
314 885 1
575 836 1
316 1199 1
991 1355 1
835 1043 1
56 420 1
368 471 1
315 1252 1
316 1147 1
1147 1199 1
4 1407 1
1044 1459 1
732 1043 1
732 835 1
732 888 1
835 888 1
888 1043 1
939 1044 1
939 1459 1
1200 1304 1
367 1252 1
315 367 1
471 1147 1
368 1147 1
316 471 1
471 1199 1
160 1147 1
160 368 1
160 471 1
160 316 1
160 1199 1
263 783 1
56 316 1
316 420 1
56 160 1
56 1199 1
56 471 1
56 1147 1
367 1460 1
315 1460 1
1252 1460 1
108 731 1
5 732 1
5 888 1
5 835 1
5 1043 1
682 1253 1
6 1305 1
7 214 1
681 889 1
786 1202 1
369 369 1
526 993 1
110 942 1
59 994 1
7 578 1
214 578 1
942 1202 1
110 1202 1
786 942 1
473 629 1
733 890 1
266 889 1
266 681 1
474 526 1
474 993 1
994 1201 1
59 1201 1
889 1410 1
681 1410 1
266 1410 1
577 1513 1
370 370 1
474 734 1
734 993 1
526 734 1
59 473 1
473 1201 1
473 994 1
59 629 1
214 1097 1
578 1097 1
7 1097 1
1202 1461 1
786 1461 1
110 1461 1
942 1461 1
58 110 1
58 1202 1
58 1461 1
58 942 1
8 580 1
943 996 1
580 735 1
8 735 1
580 1204 1
8 1204 1
735 1204 1
9 268 1
1411 1515 1
165 1359 1
1100 1308 1
840 1360 1
9 891 1
268 891 1
371 1412 1
1204 1463 1
8 1463 1
580 1463 1
735 1463 1
319 944 1
579 1464 1
9 1359 1
891 1359 1
268 1359 1
9 165 1
216 371 1
216 1412 1
527 892 1
8 1255 1
1204 1255 1
1255 1463 1
580 1255 1
735 1255 1
1047 1203 1
528 735 1
528 580 1
528 1255 1
8 528 1
528 1204 1
528 1463 1
1203 1308 1
1047 1308 1
1100 1203 1
996 1047 1
943 1047 1
996 1203 1
996 1308 1
167 998 1
893 893 1
217 842 1
321 1361 1
374 893 1
62 1309 1
478 789 1
478 842 1
789 842 1
217 478 1
63 1154 1
269 1362 1
62 1050 1
1050 1309 1
893 1205 1
374 1205 1
115 946 1
1049 1153 1
841 1465 1
789 1153 1
842 1153 1
478 1153 1
789 1049 1
62 790 1
790 1050 1
790 1309 1
477 1466 1
10 62 1
10 1050 1
10 1309 1
10 790 1
11 1050 1
11 790 1
10 11 1
11 1309 1
11 62 1
1309 1465 1
10 1465 1
11 1465 1
790 1465 1
1050 1465 1
62 1465 1
841 1309 1
1154 1361 1
63 1361 1
321 1154 1
116 271 1
65 480 1
1155 1312 1
168 1467 1
1415 1468 1
324 1468 1
324 1415 1
220 895 1
324 1519 1
1468 1519 1
1415 1519 1
688 844 1
739 843 1
64 740 1
376 1156 1
1155 1415 1
1312 1415 1
324 1155 1
1155 1468 1
1155 1519 1
324 324 1
220 376 1
376 895 1
220 1156 1
843 1052 1
739 1052 1
168 428 1
428 1467 1
895 1363 1
376 1363 1
220 1363 1
1312 1519 1
1312 1468 1
324 1312 1
271 688 1
116 688 1
271 844 1
65 220 1
220 480 1
65 1156 1
65 1363 1
65 376 1
65 895 1
532 1519 1
532 1312 1
532 1155 1
324 532 1
532 1415 1
532 1468 1
481 1366 1
221 1158 1
742 1417 1
741 1470 1
119 586 1
482 1158 1
221 482 1
171 430 1
378 1105 1
67 534 1
950 1417 1
742 950 1
1001 1262 1
325 1522 1
585 586 1
119 585 1
638 1365 1
1105 1105 1
221 1469 1
482 1469 1
1158 1469 1
119 1054 1
585 1054 1
586 1054 1
846 1366 1
481 846 1
378 1366 1
1105 1366 1
378 481 1
378 846 1
689 1522 1
325 689 1
1157 1521 1
118 1158 1
118 482 1
118 221 1
118 1469 1
1054 1417 1
585 1417 1
586 1417 1
119 1417 1
742 1054 1
950 1054 1
689 794 1
794 1522 1
325 794 1
899 1420 1
275 1316 1
848 1263 1
1367 1367 1
952 1004 1
120 1523 1
900 1211 1
275 432 1
432 1316 1
848 1056 1
1056 1263 1
536 691 1
173 431 1
1523 1524 1
120 1524 1
1211 1419 1
900 1419 1
69 1367 1
692 1419 1
692 1211 1
692 900 1
484 743 1
68 587 1
744 1471 1
68 952 1
587 952 1
68 1004 1
1004 1419 1
952 1419 1
68 1419 1
900 1004 1
692 1004 1
1004 1211 1
640 691 1
536 640 1
587 1107 1
952 1107 1
68 1107 1
1056 1523 1
848 1523 1
1263 1523 1
120 1056 1
1056 1524 1
173 1055 1
431 1055 1
19 850 1
1213 1317 1
381 1265 1
1265 1369 1
381 1369 1
71 1473 1
486 953 1
954 1213 1
954 1317 1
1318 1318 1
538 1369 1
538 1265 1
381 538 1
1005 1369 1
1005 1265 1
538 1005 1
381 1005 1
745 1317 1
745 954 1
745 1213 1
538 901 1
901 1369 1
901 1005 1
381 901 1
901 1265 1
175 953 1
175 486 1
849 1214 1
1161 1265 1
901 1161 1
1005 1161 1
1161 1369 1
538 1161 1
381 1161 1
1213 1318 1
745 1318 1
954 1318 1
1317 1318 1
537 1370 1
589 1369 1
589 901 1
589 1161 1
589 1005 1
589 1265 1
538 589 1
381 589 1
384 695 1
539 1476 1
124 1319 1
1163 1424 1
643 1424 1
643 1163 1
903 1372 1
956 1527 1
21 696 1
124 695 1
695 1319 1
124 384 1
383 384 1
124 383 1
383 695 1
1111 1476 1
539 1111 1
228 383 1
228 384 1
124 228 1
228 695 1
280 644 1
1008 1320 1
955 1319 1
124 955 1
695 955 1
1423 1528 1
1423 1527 1
1527 1528 1
956 1423 1
73 747 1
73 800 1
747 800 1
279 1007 1
1060 1215 1
20 539 1
20 1476 1
20 1111 1
383 1475 1
384 1475 1
228 1475 1
124 1475 1
695 1475 1
73 955 1
800 955 1
747 955 1
73 1319 1
73 695 1
73 124 1
334 437 1
74 127 1
75 1374 1
437 541 1
334 541 1
178 958 1
386 1217 1
489 1269 1
541 1217 1
437 1217 1
334 1217 1
386 541 1
489 542 1
542 1269 1
593 1425 1
229 802 1
1166 1217 1
386 1166 1
541 1166 1
334 1166 1
437 1166 1
1061 1529 1
749 1478 1
1010 1322 1
1061 1426 1
1426 1529 1
697 853 1
1010 1166 1
1166 1322 1
1010 1217 1
386 1010 1
334 1010 1
437 1010 1
541 1010 1
438 1374 1
75 438 1
1113 1217 1
386 1113 1
1113 1166 1
1010 1113 1
334 1113 1
541 1113 1
437 1113 1
542 1217 1
489 1217 1
1217 1269 1
386 542 1
542 1166 1
542 1010 1
334 542 1
542 1113 1
541 542 1
437 542 1
856 1531 1
387 1272 1
76 283 1
647 1167 1
543 1479 1
856 1480 1
1480 1531 1
77 129 1
180 1480 1
180 856 1
180 1531 1
25 960 1
129 1480 1
77 1480 1
129 856 1
129 1531 1
129 180 1
77 647 1
647 1480 1
129 647 1
77 1167 1
907 1115 1
180 1427 1
1427 1480 1
856 1427 1
1427 1531 1
129 1427 1
804 1324 1
24 1479 1
24 543 1
76 595 1
283 595 1
648 752 1
129 699 1
647 699 1
699 1480 1
77 699 1
699 1427 1
180 699 1
699 856 1
699 1531 1
1011 1012 1
129 1220 1
699 1220 1
647 1220 1
1220 1480 1
77 1220 1
1220 1427 1
180 1220 1
856 1220 1
1220 1531 1
233 910 1
546 1534 1
650 1534 1
546 650 1
389 545 1
79 1377 1
182 910 1
182 233 1
337 1273 1
754 1481 1
493 857 1
753 806 1
389 389 1
702 1326 1
1221 1222 1
753 1482 1
806 1482 1
1274 1429 1
182 1221 1
233 1221 1
910 1221 1
182 1222 1
701 910 1
233 701 1
701 1221 1
182 701 1
597 650 1
546 597 1
597 1534 1
597 910 1
650 910 1
546 910 1
910 1534 1
597 1221 1
233 597 1
182 597 1
597 701 1
962 1533 1
545 598 1
389 598 1
1377 1429 1
79 1429 1
1274 1377 1
754 909 1
909 1481 1
81 1223 1
1276 1276 1
80 495 1
132 288 1
339 1067 1
599 755 1
132 756 1
288 756 1
495 600 1
80 600 1
755 1171 1
599 1171 1
184 859 1
496 1432 1
808 1379 1
1327 1483 1
495 807 1
80 807 1
600 807 1
808 1431 1
1379 1431 1
29 1016 1
1015 1120 1
1171 1327 1
755 1327 1
599 1327 1
1171 1483 1
29 599 1
599 1016 1
29 755 1
29 1171 1
29 1327 1
235 756 1
235 288 1
132 235 1
652 1067 1
339 652 1
755 911 1
911 1327 1
911 1171 1
29 911 1
599 911 1
755 1431 1
599 1431 1
1327 1431 1
1171 1431 1
911 1431 1
29 1431 1
755 1379 1
755 808 1
394 550 1
393 1537 1
1278 1538 1
602 1329 1
393 758 1
758 1537 1
653 914 1
1173 1329 1
602 1173 1
913 966 1
757 965 1
550 706 1
394 706 1
1069 1122 1
342 1277 1
1069 1070 1
1070 1122 1
289 1018 1
549 1226 1
706 913 1
394 913 1
550 913 1
706 966 1
186 1226 1
186 549 1
82 498 1
549 706 1
706 1226 1
186 706 1
549 550 1
549 966 1
549 913 1
394 549 1
654 1433 1
394 1538 1
913 1538 1
706 1538 1
549 1538 1
550 1538 1
394 1278 1
83 966 1
83 913 1
83 706 1
83 549 1
1330 1433 1
654 1330 1
1019 1435 1
395 812 1
448 1540 1
1228 1332 1
447 551 1
32 344 1
187 240 1
655 812 1
395 655 1
448 811 1
811 1540 1
137 1332 1
137 1228 1
32 343 1
343 344 1
396 863 1
603 1332 1
137 603 1
603 1228 1
292 1124 1
33 1124 1
33 292 1
1279 1332 1
137 1279 1
603 1279 1
1228 1279 1
1123 1487 1
811 916 1
448 916 1
916 1540 1
1488 1539 1
188 968 1
395 1071 1
812 1071 1
655 1071 1
760 916 1
448 760 1
760 811 1
760 1540 1
1175 1384 1
1227 1332 1
137 1227 1
603 1227 1
1227 1228 1
1227 1279 1
34 1177 1
606 1074 1
293 1490 1
1281 1385 1
710 1438 1
398 1333 1
87 917 1
346 554 1
34 605 1
605 1177 1
398 1438 1
1333 1438 1
398 710 1
501 501 1
241 657 1
398 605 1
605 710 1
605 1333 1
605 1438 1
34 398 1
398 1177 1
87 502 1
502 917 1
87 1022 1
917 1022 1
502 1022 1
449 1022 1
449 917 1
449 502 1
87 449 1
1126 1282 1
397 1385 1
397 1281 1
866 1230 1
969 1230 1
866 969 1
502 1489 1
449 1489 1
917 1489 1
1022 1489 1
87 1489 1
761 813 1
241 1542 1
657 1542 1
346 1021 1
554 1021 1
972 1439 1
296 399 1
296 347 1
347 399 1
36 140 1
1388 1544 1
399 608 1
296 608 1
347 608 1
37 503 1
503 1388 1
37 1388 1
503 1544 1
660 919 1
1075 1076 1
347 607 1
296 607 1
607 608 1
399 607 1
1179 1180 1
712 1128 1
296 348 1
348 608 1
348 607 1
347 348 1
348 399 1
191 1491 1
972 1180 1
1180 1439 1
972 1179 1
659 1024 1
191 660 1
660 1491 1
191 919 1
659 1335 1
1024 1335 1
660 763 1
191 763 1
763 1491 1
763 919 1
1076 1180 1
1075 1180 1
1076 1179 1
972 1076 1
1076 1439 1
298 870 1
1181 1337 1
298 1494 1
870 1494 1
143 1545 1
402 1441 1
506 713 1
869 1181 1
869 1337 1
297 610 1
1285 1494 1
298 1285 1
870 1285 1
245 713 1
245 506 1
1234 1494 1
298 1234 1
1234 1285 1
870 1234 1
973 1181 1
973 1337 1
869 973 1
1130 1494 1
1130 1234 1
298 1130 1
1130 1285 1
870 1130 1
1234 1545 1
1285 1545 1
870 1545 1
1130 1545 1
1494 1545 1
298 1545 1
143 1234 1
453 921 1
402 610 1
610 1441 1
297 402 1
1234 1442 1
1285 1442 1
870 1442 1
1442 1545 1
1130 1442 1
143 1442 1
1442 1494 1
298 1442 1
300 1235 1
1443 1443 1
351 612 1
92 1236 1
92 1288 1
1236 1288 1
663 1391 1
663 1184 1
1184 1391 1
247 924 1
456 1392 1
1080 1184 1
1080 1391 1
663 1080 1
976 1079 1
41 976 1
41 1079 1
299 351 1
299 612 1
871 1184 1
871 1080 1
871 1391 1
663 871 1
456 1079 1
1079 1392 1
456 976 1
41 456 1
612 820 1
299 820 1
351 820 1
144 508 1
248 611 1
560 663 1
560 1184 1
560 1080 1
560 871 1
560 1391 1
664 1340 1
1132 1183 1
767 1184 1
767 871 1
767 1391 1
560 767 1
663 767 1
767 1080 1
978 1446 1
874 1133 1
1186 1289 1
873 1133 1
873 874 1
94 561 1
822 1185 1
925 1549 1
42 718 1
665 926 1
925 1342 1
1342 1549 1
717 1498 1
769 1134 1
301 1393 1
1133 1134 1
873 1134 1
874 1134 1
769 1133 1
197 925 1
197 1549 1
197 1342 1
250 978 1
250 1446 1
509 1498 1
509 717 1
925 977 1
977 1549 1
977 1342 1
197 977 1
302 613 1
665 1289 1
926 1289 1
665 1186 1
977 1341 1
197 1341 1
925 1341 1
1341 1342 1
1341 1549 1
94 873 1
561 873 1
94 874 1
94 1133 1
94 1134 1
406 613 1
302 406 1
149 1239 1
459 928 1
563 1500 1
408 459 1
408 928 1
720 875 1
1292 1552 1
1551 1552 1
1292 1551 1
668 1188 1
149 928 1
928 1239 1
149 408 1
149 459 1
199 1343 1
44 1448 1
44 1239 1
1239 1448 1
44 928 1
44 149 1
1031 1083 1
668 979 1
979 1188 1
875 1032 1
720 1032 1
1240 1500 1
563 1240 1
303 616 1
199 1291 1
1291 1343 1
251 563 1
251 1240 1
251 1500 1
720 771 1
771 1032 1
771 875 1
200 1344 1
1083 1188 1
1031 1188 1
979 1083 1
668 1083 1
927 1343 1
927 1291 1
199 927 1
148 1344 1
148 200 1
253 254 1
46 773 1
669 1033 1
1137 1138 1
825 1138 1
825 1137 1
358 1553 1
201 202 1
877 1345 1
150 514 1
357 1501 1
825 1397 1
1137 1397 1
1138 1397 1
99 1345 1
99 877 1
201 1449 1
202 1449 1
1034 1138 1
1034 1137 1
1034 1397 1
825 1034 1
201 1241 1
1241 1449 1
202 1241 1
46 1501 1
773 1501 1
46 357 1
305 1034 1
305 1137 1
305 1138 1
305 1397 1
305 825 1
878 930 1
98 1085 1
982 1398 1
357 670 1
670 1501 1
46 670 1
1137 1450 1
305 1450 1
1138 1450 1
1397 1450 1
825 1450 1
1034 1450 1
1088 1347 1
671 671 1
1243 1555 1
100 1399 1
412 1191 1
412 619 1
619 1191 1
255 307 1
203 360 1
984 1088 1
984 1347 1
827 1139 1
567 1191 1
567 619 1
412 567 1
620 1400 1
152 1452 1
516 1348 1
983 1087 1
1244 1451 1
100 1087 1
1087 1399 1
100 983 1
204 724 1
723 931 1
255 360 1
307 360 1
203 255 1
672 931 1
672 723 1
411 1295 1
255 1036 1
360 1036 1
307 1036 1
203 1036 1
619 724 1
567 724 1
412 724 1
724 1191 1
204 619 1
983 1243 1
100 1243 1
1087 1243 1
983 1555 1
152 879 1
879 1452 1
882 1194 1
881 1506 1
673 829 1
778 933 1
1090 1402 1
50 465 1
986 1090 1
986 1402 1
206 1245 1
257 674 1
1349 1350 1
777 1090 1
777 1402 1
777 986 1
1193 1297 1
1193 1454 1
1297 1454 1
51 1193 1
51 1297 1
51 1454 1
414 1506 1
414 881 1
362 1090 1
362 777 1
362 1402 1
362 986 1
103 1505 1
258 621 1
362 1350 1
986 1350 1
777 1350 1
1090 1350 1
1350 1402 1
362 1349 1
933 1297 1
778 1297 1
933 1193 1
51 933 1
933 1454 1
674 1349 1
257 1349 1
362 674 1
674 1350 1
206 1506 1
1245 1506 1
206 881 1
206 414 1
783 1354 -1
263 1354 -1
210 783 -1
3 783 -1
783 1301 -1
1041 1232 -1
639 797 -1
559 745 -1
559 954 -1
559 1317 -1
559 1318 -1
559 1213 -1
242 363 -1
242 1091 -1
242 1092 -1
242 987 -1
219 1124 -1
33 219 -1
219 292 -1
288 1495 -1
756 1495 -1
235 1495 -1
132 1495 -1
206 302 -1
302 881 -1
302 1506 -1
302 1245 -1
302 414 -1
206 613 -1
206 406 -1
802 1188 -1
229 1188 -1
802 1083 -1
802 979 -1
668 802 -1
802 1031 -1
183 934 -1
31 1461 -1
31 1202 -1
31 58 -1
31 786 -1
31 110 -1
31 942 -1
596 1283 -1
879 1282 -1
152 1282 -1
1282 1452 -1
879 1126 -1
362 720 -1
720 1090 -1
720 1349 -1
720 1350 -1
720 777 -1
674 720 -1
720 986 -1
720 1402 -1
362 1032 -1
362 771 -1
362 875 -1
861 1309 -1
841 861 -1
10 861 -1
11 861 -1
790 861 -1
861 1465 -1
861 1050 -1
62 861 -1
975 1500 -1
975 1240 -1
563 975 -1
251 975 -1
640 1276 -1
536 1276 -1
691 1276 -1
212 1233 -1
68 846 -1
846 952 -1
846 1107 -1
587 846 -1
846 1004 -1
846 1419 -1
68 481 -1
68 378 -1
68 1366 -1
40 483 -1
764 1383 -1
172 634 -1
132 1036 -1
288 1036 -1
235 1036 -1
756 1036 -1
132 360 -1
132 307 -1
132 203 -1
132 255 -1
216 627 -1
371 627 -1
627 1412 -1
63 1395 -1
1361 1395 -1
1154 1395 -1
336 1520 -1
767 1439 -1
1184 1439 -1
871 1439 -1
1391 1439 -1
560 1439 -1
663 1439 -1
1080 1439 -1
767 1180 -1
767 972 -1
767 1076 -1
322 629 -1
322 473 -1
59 322 -1
146 1025 -1
659 846 -1
846 1024 -1
846 1335 -1
481 659 -1
378 659 -1
659 1366 -1
1237 1434 -1
661 946 -1
115 661 -1
269 880 -1
880 1362 -1
364 1009 -1
8 210 -1
210 580 -1
210 1255 -1
210 528 -1
210 1204 -1
210 1463 -1
210 735 -1
8 1354 -1
3 8 -1
8 1301 -1
130 800 -1
73 130 -1
130 747 -1
130 955 -1
421 845 -1
79 162 -1
162 1377 -1
162 1429 -1
90 917 -1
90 449 -1
90 1489 -1
90 1022 -1
90 502 -1
87 90 -1
173 424 -1
424 1055 -1
424 431 -1
84 1439 -1
84 1180 -1
84 972 -1
84 1076 -1
482 1471 -1
118 1471 -1
221 1471 -1
1158 1471 -1
1469 1471 -1
482 744 -1
169 609 -1
7 1426 -1
1097 1426 -1
578 1426 -1
214 1426 -1
7 1529 -1
7 1061 -1
747 840 -1
800 840 -1
73 840 -1
840 955 -1
747 1360 -1
278 1495 -1
115 779 -1
779 946 -1
1018 1350 -1
289 1350 -1
1018 1090 -1
1018 1349 -1
777 1018 -1
362 1018 -1
674 1018 -1
986 1018 -1
1018 1402 -1
716 1351 -1
716 1300 -1
623 716 -1
531 973 -1
531 1337 -1
531 1181 -1
531 869 -1
99 249 -1
249 1345 -1
249 877 -1
436 506 -1
436 713 -1
245 436 -1
1265 1489 -1
901 1489 -1
1161 1489 -1
1005 1489 -1
589 1489 -1
1369 1489 -1
538 1489 -1
381 1489 -1
449 1265 -1
87 1265 -1
917 1265 -1
502 1265 -1
1022 1265 -1
111 704 -1
1302 1448 -1
521 1448 -1
885 1448 -1
1448 1510 -1
44 1302 -1
1239 1302 -1
872 1473 -1
71 872 -1
173 1555 -1
1055 1555 -1
431 1555 -1
173 1243 -1
173 983 -1
768 1293 -1
441 1449 -1
201 441 -1
202 441 -1
441 1241 -1
296 617 -1
608 617 -1
607 617 -1
347 617 -1
348 617 -1
399 617 -1
277 1159 -1
90 233 -1
90 701 -1
90 597 -1
90 182 -1
90 910 -1
90 1221 -1
793 808 -1
793 1379 -1
755 793 -1
793 1431 -1
627 1469 -1
482 627 -1
118 627 -1
221 627 -1
627 1158 -1
63 1170 -1
1170 1361 -1
1154 1170 -1
188 944 -1
944 968 -1
188 319 -1
10 360 -1
11 360 -1
360 790 -1
360 1465 -1
360 1050 -1
360 1309 -1
62 360 -1
10 307 -1
10 203 -1
10 1036 -1
10 255 -1
602 1405 -1
1329 1405 -1
1173 1405 -1
598 983 -1
545 983 -1
389 983 -1
598 1555 -1
598 1243 -1
100 598 -1
598 1087 -1
115 816 -1
816 946 -1
540 1386 -1
248 1143 -1
611 1143 -1
22 1451 -1
22 1244 -1
125 141 -1
567 570 -1
570 724 -1
570 619 -1
412 570 -1
570 1191 -1
1037 1413 -1
585 1440 -1
1417 1440 -1
586 1440 -1
1054 1440 -1
119 1440 -1
42 356 -1
356 718 -1
426 869 -1
426 1337 -1
426 1181 -1
426 973 -1
760 1183 -1
448 1183 -1
1183 1540 -1
811 1183 -1
916 1183 -1
760 1132 -1
609 812 -1
609 1071 -1
395 609 -1
609 655 -1
768 1371 -1
391 1021 -1
346 391 -1
391 554 -1
380 789 -1
380 1153 -1
380 842 -1
380 478 -1
380 1049 -1
559 1084 -1
71 196 -1
196 1473 -1
1276 1326 -1
702 1276 -1
538 985 -1
901 985 -1
985 1161 -1
985 1005 -1
589 985 -1
985 1265 -1
985 1369 -1
381 985 -1
144 694 -1
508 694 -1
24 611 -1
543 611 -1
611 1479 -1
24 248 -1
1026 1118 -1
262 1200 -1
262 1304 -1
489 499 -1
499 1217 -1
499 1269 -1
499 542 -1
922 1216 -1
276 1181 -1
276 1337 -1
276 869 -1
276 973 -1
677 765 -1
593 1030 -1
1030 1425 -1
1032 1348 -1
720 1348 -1
771 1348 -1
875 1348 -1
516 1032 -1
221 1333 -1
482 1333 -1
118 1333 -1
1333 1469 -1
1158 1333 -1
221 1438 -1
221 398 -1
221 605 -1
1178 1423 -1
1178 1528 -1
956 1178 -1
1178 1527 -1
615 1438 -1
605 615 -1
398 615 -1
615 710 -1
615 1333 -1
1228 1316 -1
137 1316 -1
603 1316 -1
1316 1332 -1
1227 1316 -1
1279 1316 -1
432 1228 -1
275 1228 -1
104 1169 -1
260 1169 -1
1169 1352 -1
623 1169 -1
208 1169 -1
1169 1300 -1
1169 1455 -1
671 1524 -1
120 671 -1
671 1056 -1
671 1523 -1
124 411 -1
384 411 -1
411 1475 -1
228 411 -1
411 1319 -1
73 411 -1
411 695 -1
411 955 -1
383 411 -1
124 1295 -1
315 1110 -1
1110 1460 -1
1110 1252 -1
367 1110 -1
1112 1180 -1
1076 1112 -1
1112 1179 -1
972 1112 -1
1075 1112 -1
1112 1439 -1
483 1515 -1
483 1411 -1
10 468 -1
11 468 -1
468 790 -1
468 1465 -1
468 1050 -1
468 1309 -1
62 468 -1
1110 1523 -1
120 1110 -1
1056 1110 -1
1110 1524 -1
848 1110 -1
1110 1263 -1
216 926 -1
371 926 -1
926 1412 -1
216 665 -1
216 1289 -1
294 540 -1
590 1113 -1
590 1217 -1
386 590 -1
334 590 -1
590 1010 -1
590 1166 -1
541 590 -1
542 590 -1
437 590 -1
1201 1366 -1
473 1366 -1
994 1366 -1
59 1366 -1
481 1201 -1
378 1201 -1
846 1201 -1
1105 1201 -1
428 666 -1
168 666 -1
666 1467 -1
18 185 -1
216 793 -1
371 793 -1
793 1412 -1
261 603 -1
137 261 -1
261 1227 -1
261 1332 -1
261 1228 -1
261 1279 -1
605 1298 -1
34 1298 -1
710 1298 -1
398 1298 -1
1298 1333 -1
1177 1298 -1
1298 1438 -1
594 892 -1
527 594 -1
662 1416 -1
785 1132 -1
785 1183 -1
1 588 -1
380 940 -1
289 1171 -1
1018 1171 -1
289 1431 -1
289 1483 -1
289 1327 -1
289 755 -1
289 599 -1
289 911 -1
29 289 -1
580 1056 -1
1056 1255 -1
8 1056 -1
528 1056 -1
1056 1204 -1
1056 1463 -1
735 1056 -1
580 848 -1
120 580 -1
580 1523 -1
580 1524 -1
580 1263 -1
290 517 -1
397 1377 -1
1377 1385 -1
1281 1377 -1
397 1274 -1
397 1429 -1
79 397 -1
55 1233 -1
9 435 -1
435 891 -1
268 435 -1
165 435 -1
435 1359 -1
266 1034 -1
889 1034 -1
1034 1410 -1
681 1034 -1
266 305 -1
266 1450 -1
266 1137 -1
266 1138 -1
266 1397 -1
266 825 -1
825 1537 -1
305 1537 -1
1450 1537 -1
1137 1537 -1
1138 1537 -1
1397 1537 -1
1034 1537 -1
393 825 -1
758 825 -1
786 962 -1
962 1202 -1
962 1461 -1
942 962 -1
786 1533 -1
281 567 -1
281 724 -1
281 619 -1
281 412 -1
281 1191 -1
687 1238 -1
217 940 -1
842 940 -1
478 940 -1
1025 1444 -1
337 1301 -1
1273 1301 -1
337 1354 -1
210 337 -1
473 1208 -1
1201 1208 -1
994 1208 -1
59 1208 -1
629 1208 -1
711 1513 -1
577 711 -1
318 883 -1
156 318 -1
700 1182 -1
1096 1109 -1
250 772 -1
772 978 -1
772 1446 -1
144 945 -1
508 945 -1
364 914 -1
364 653 -1
1054 1333 -1
742 1333 -1
1333 1417 -1
586 1333 -1
119 1333 -1
950 1333 -1
585 1333 -1
1054 1438 -1
398 1054 -1
605 1054 -1
517 623 -1
208 517 -1
517 1352 -1
517 1300 -1
104 517 -1
517 1351 -1
51 485 -1
485 1193 -1
485 933 -1
485 1454 -1
485 1297 -1
1063 1104 -1
64 1442 -1
740 1442 -1
64 1285 -1
64 870 -1
64 1545 -1
64 1130 -1
64 143 -1
64 1234 -1
64 1494 -1
64 298 -1
82 891 -1
498 891 -1
9 82 -1
82 268 -1
82 1359 -1
826 1363 -1
376 826 -1
65 826 -1
220 826 -1
826 895 -1
525 865 -1
270 421 -1
296 1428 -1
608 1428 -1
607 1428 -1
347 1428 -1
348 1428 -1
399 1428 -1
338 759 -1
209 915 -1
0 1534 -1
0 546 -1
0 650 -1
0 910 -1
0 597 -1
775 965 -1
757 775 -1
576 1331 -1
129 853 -1
699 853 -1
853 1220 -1
647 853 -1
853 1480 -1
77 853 -1
853 1427 -1
180 853 -1
853 856 -1
853 1531 -1
129 697 -1
544 951 -1
181 1135 -1
421 978 -1
250 421 -1
421 1446 -1
132 833 -1
288 833 -1
235 833 -1
756 833 -1
506 641 -1
641 713 -1
245 641 -1
538 1055 -1
901 1055 -1
1055 1161 -1
1005 1055 -1
589 1055 -1
1055 1265 -1
1055 1369 -1
381 1055 -1
173 538 -1
431 538 -1
375 838 -1
232 594 -1
33 297 -1
292 297 -1
297 1124 -1
33 610 -1
33 402 -1
414 721 -1
721 881 -1
721 1506 -1
206 721 -1
1076 1212 -1
972 1212 -1
1075 1212 -1
1180 1212 -1
1179 1212 -1
1212 1439 -1
516 798 -1
798 1348 -1
548 657 -1
241 548 -1
548 1542 -1
53 592 -1
318 390 -1
174 1076 -1
174 972 -1
174 1075 -1
174 1180 -1
174 1179 -1
174 1439 -1
842 845 -1
217 845 -1
789 845 -1
478 845 -1
845 1153 -1
1088 1487 -1
984 1487 -1
1347 1487 -1
1088 1123 -1
332 1271 -1
504 1077 -1
197 1205 -1
977 1205 -1
1205 1341 -1
925 1205 -1
1205 1342 -1
1205 1549 -1
197 893 -1
197 374 -1
449 994 -1
502 994 -1
994 1489 -1
917 994 -1
994 1022 -1
87 994 -1
449 1201 -1
59 449 -1
449 473 -1
476 1230 -1
476 969 -1
476 866 -1
162 1456 -1
1039 1402 -1
777 1039 -1
1039 1090 -1
362 1039 -1
986 1039 -1
1039 1350 -1
138 1045 -1
126 1089 -1
229 536 -1
536 802 -1
229 640 -1
229 691 -1
267 588 -1
120 1512 -1
1056 1512 -1
1512 1523 -1
1512 1524 -1
111 292 -1
33 111 -1
111 1124 -1
38 628 -1
329 336 -1
1005 1396 -1
901 1396 -1
1161 1396 -1
589 1396 -1
1265 1396 -1
1369 1396 -1
538 1396 -1
381 1396 -1
423 799 -1
598 1383 -1
545 1383 -1
389 1383 -1
29 750 -1
750 1171 -1
750 1431 -1
750 1327 -1
750 755 -1
599 750 -1
750 1016 -1
750 911 -1
1183 1414 -1
1132 1414 -1
897 1480 -1
129 897 -1
699 897 -1
897 1220 -1
647 897 -1
77 897 -1
897 1427 -1
180 897 -1
856 897 -1
897 1531 -1
344 377 -1
32 377 -1
343 377 -1
113 852 -1
1162 1226 -1
706 1162 -1
186 1162 -1
549 1162 -1
48 508 -1
48 144 -1
648 653 -1
653 752 -1
648 914 -1
249 528 -1
249 580 -1
249 1255 -1
8 249 -1
249 1204 -1
249 1463 -1
249 735 -1
696 721 -1
21 721 -1
907 1075 -1
1075 1115 -1
907 1180 -1
907 1076 -1
380 661 -1
51 1345 -1
1193 1345 -1
933 1345 -1
1345 1454 -1
1297 1345 -1
51 99 -1
51 877 -1
232 502 -1
232 449 -1
232 1489 -1
232 917 -1
232 1022 -1
87 232 -1
62 1522 -1
10 1522 -1
11 1522 -1
790 1522 -1
1465 1522 -1
1050 1522 -1
1309 1522 -1
62 689 -1
62 794 -1
62 325 -1
269 941 -1
941 1362 -1
402 478 -1
478 1441 -1
478 610 -1
297 478 -1
217 402 -1
402 842 -1
402 789 -1
402 1153 -1
75 499 -1
438 499 -1
499 1374 -1
900 1009 -1
692 1009 -1
1009 1211 -1
1009 1419 -1
1004 1009 -1
1238 1333 -1
1238 1438 -1
398 1238 -1
605 1238 -1
306 811 -1
306 448 -1
306 916 -1
306 1540 -1
306 760 -1
458 499 -1
157 846 -1
675 846 -1
846 1508 -1
311 846 -1
157 481 -1
157 378 -1
157 1366 -1
1368 1401 -1
1482 1547 -1
753 1547 -1
806 1547 -1
1283 1443 -1
36 647 -1
140 647 -1
36 129 -1
36 1220 -1
36 1480 -1
36 77 -1
36 1167 -1
36 699 -1
252 694 -1
1210 1473 -1
71 1210 -1
403 1319 -1
73 403 -1
403 955 -1
124 403 -1
403 695 -1
251 730 -1
730 1240 -1
563 730 -1
730 1500 -1
251 470 -1
251 1250 -1
251 1509 -1
251 1198 -1
680 1389 -1
1398 1541 -1
982 1541 -1
526 719 -1
719 993 -1
474 719 -1
719 734 -1
636 824 -1
650 1146 -1
546 1146 -1
597 1146 -1
1146 1534 -1
910 1146 -1
573 650 -1
1457 1530 -1
937 1530 -1
417 1530 -1
139 839 -1
369 797 -1
1377 1465 -1
1274 1465 -1
1429 1465 -1
79 1465 -1
841 1377 -1
10 1377 -1
11 1377 -1
790 1377 -1
1050 1377 -1
1309 1377 -1
62 1377 -1
544 1003 -1
549 1343 -1
706 1343 -1
550 1343 -1
966 1343 -1
1226 1343 -1
1343 1538 -1
913 1343 -1
83 1343 -1
186 1343 -1
394 1343 -1
549 1291 -1
549 927 -1
199 549 -1
836 1542 -1
575 1542 -1
241 836 -1
657 836 -1
283 1246 -1
595 1246 -1
76 1246 -1
63 993 -1
993 1361 -1
993 1154 -1
63 474 -1
63 734 -1
63 526 -1
939 1083 -1
1083 1459 -1
1044 1083 -1
668 939 -1
939 979 -1
939 1188 -1
939 1031 -1
606 1470 -1
1074 1470 -1
606 741 -1
684 1111 -1
20 684 -1
539 684 -1
684 1476 -1
1038 1094 -1
178 825 -1
825 958 -1
178 305 -1
178 1450 -1
178 1137 -1
178 1138 -1
178 1397 -1
178 1034 -1
434 792 -1
113 782 -1
289 689 -1
689 1018 -1
289 1522 -1
289 794 -1
289 325 -1
1012 1267 -1
1011 1267 -1
469 903 -1
469 1372 -1
1007 1443 -1
279 1443 -1
271 867 -1
688 867 -1
844 867 -1
116 867 -1
684 1137 -1
684 1450 -1
305 684 -1
684 1138 -1
684 1397 -1
684 825 -1
684 1034 -1
68 1431 -1
952 1431 -1
1107 1431 -1
587 1431 -1
1004 1431 -1
1419 1431 -1
68 1379 -1
68 808 -1
68 1327 -1
68 1171 -1
68 755 -1
68 599 -1
68 911 -1
29 68 -1
865 1466 -1
477 865 -1
51 1502 -1
1193 1502 -1
933 1502 -1
1454 1502 -1
1297 1502 -1
152 874 -1
874 1452 -1
874 879 -1
152 873 -1
94 152 -1
152 1133 -1
152 1134 -1
963 1271 -1
347 649 -1
296 649 -1
608 649 -1
607 649 -1
348 649 -1
399 649 -1
228 1179 -1
384 1179 -1
695 1179 -1
124 1179 -1
1179 1475 -1
383 1179 -1
228 972 -1
228 1180 -1
228 1076 -1
358 780 -1
780 1553 -1
217 596 -1
596 842 -1
478 596 -1
627 1000 -1
54 125 -1
125 1249 -1
125 314 -1
125 365 -1
125 1510 -1
125 885 -1
1281 1508 -1
1385 1508 -1
397 1508 -1
675 1281 -1
157 1281 -1
311 1281 -1
150 989 -1
514 989 -1
648 1514 -1
752 1514 -1
897 1409 -1
431 435 -1
173 435 -1
435 1055 -1
277 637 -1
1049 1328 -1
1153 1328 -1
789 1328 -1
420 1510 -1
56 1510 -1
316 1510 -1
420 1249 -1
420 1302 -1
420 521 -1
365 420 -1
420 885 -1
54 420 -1
314 420 -1
198 727 -1
796 851 -1
1102 1365 -1
638 1102 -1
1433 1446 -1
1330 1446 -1
654 1446 -1
978 1433 -1
250 1433 -1
771 1082 -1
720 1082 -1
1032 1082 -1
875 1082 -1
512 1048 -1
566 1068 -1
225 472 -1
10 1250 -1
11 1250 -1
790 1250 -1
1250 1465 -1
1050 1250 -1
1250 1309 -1
62 1250 -1
10 470 -1
10 730 -1
10 1509 -1
10 1198 -1
991 1445 -1
1355 1445 -1
491 882 -1
491 1194 -1
481 1024 -1
378 1024 -1
1024 1366 -1
481 1335 -1
472 1004 -1
472 900 -1
472 1419 -1
472 692 -1
472 952 -1
68 472 -1
472 1211 -1
703 1504 -1
589 1082 -1
901 1082 -1
1082 1161 -1
1005 1082 -1
1082 1265 -1
1082 1369 -1
538 1082 -1
381 1082 -1
391 430 -1
171 391 -1
270 541 -1
270 1217 -1
270 386 -1
270 1166 -1
270 1010 -1
270 334 -1
270 437 -1
270 1113 -1
270 542 -1
1248 1254 -1
936 1254 -1
1254 1403 -1
884 1254 -1
838 905 -1
1110 1366 -1
481 1110 -1
378 1110 -1
846 1110 -1
1105 1110 -1
500 1128 -1
500 712 -1
264 373 -1
825 914 -1
305 914 -1
914 1450 -1
914 1137 -1
914 1138 -1
914 1397 -1
914 1034 -1
653 825 -1
