0 519 1
883 1351 1
1456 1508 1
519 1404 1
0 1404 1
259 728 1
207 1351 1
207 883 1
779 1403 1
0 363 1
363 1404 1
363 519 1
779 1455 1
1403 1455 1
0 416 1
363 416 1
416 1404 1
416 519 1
727 1352 1
364 1352 1
364 727 1
311 1092 1
364 623 1
623 1352 1
623 727 1
157 1351 1
157 883 1
157 207 1
883 1040 1
207 1040 1
157 1040 1
1040 1351 1
314 470 1
1301 1457 1
782 1301 1
782 1457 1
833 1146 1
573 678 1
1094 1458 1
55 1302 1
573 885 1
678 885 1
314 1093 1
470 1093 1
470 1249 1
314 1249 1
1093 1249 1
3 626 1
938 1145 1
158 937 1
365 365 1
937 1145 1
158 1145 1
937 938 1
417 834 1
418 1250 1
573 834 1
834 885 1
678 834 1
417 573 1
55 885 1
885 1302 1
55 834 1
55 573 1
55 678 1
5 1252 1
1044 1147 1
471 991 1
109 1095 1
836 1355 1
161 836 1
161 1355 1
628 1356 1
368 524 1
835 887 1
161 1147 1
1147 1355 1
836 1147 1
161 1044 1
212 784 1
680 1044 1
161 680 1
680 1147 1
109 732 1
732 1095 1
835 1044 1
887 1044 1
680 835 1
161 835 1
835 1147 1
212 680 1
680 784 1
161 212 1
212 835 1
212 1044 1
212 1147 1
318 1357 1
265 578 1
266 733 1
7 266 1
7 733 1
1149 1202 1
474 1046 1
369 1149 1
369 1202 1
214 1358 1
317 889 1
578 993 1
265 993 1
7 1149 1
266 1149 1
733 1149 1
7 369 1
7 1202 1
1358 1513 1
214 1513 1
1253 1461 1
370 889 1
317 370 1
1461 1514 1
1253 1514 1
1150 1513 1
214 1150 1
1150 1358 1
317 1097 1
889 1097 1
370 1097 1
840 1048 1
527 1152 1
60 840 1
60 1048 1
267 319 1
424 476 1
1203 1256 1
580 1464 1
943 1152 1
527 943 1
60 1411 1
840 1411 1
1048 1411 1
579 1412 1
268 372 1
1100 1100 1
113 268 1
113 372 1
788 1047 1
475 839 1
60 839 1
839 840 1
839 1048 1
839 1411 1
60 475 1
423 475 1
60 423 1
423 839 1
632 1204 1
374 1257 1
322 1049 1
998 1310 1
373 1049 1
322 373 1
321 1050 1
477 789 1
1206 1257 1
374 1206 1
582 1361 1
737 841 1
477 893 1
789 893 1
1206 1413 1
1257 1413 1
374 1413 1
217 1257 1
217 1206 1
217 374 1
217 1413 1
529 1309 1
114 1413 1
114 1257 1
114 374 1
114 1206 1
114 217 1
738 1466 1
373 1257 1
1049 1257 1
322 1257 1
373 374 1
114 373 1
373 1206 1
217 373 1
373 1413 1
532 1155 1
531 532 1
531 1155 1
271 948 1
1104 1416 1
531 1260 1
1155 1260 1
532 1260 1
64 1312 1
13 1468 1
64 532 1
532 1312 1
64 531 1
64 1155 1
64 1260 1
65 1207 1
1052 1363 1
13 1207 1
1207 1468 1
13 65 1
65 1363 1
13 1363 1
1207 1363 1
65 1052 1
12 895 1
272 739 1
480 688 1
636 1519 1
636 844 1
844 1519 1
15 325 1
1470 1521 1
15 1209 1
325 1209 1
429 1209 1
325 429 1
15 429 1
482 898 1
897 1157 1
846 897 1
846 1157 1
222 326 1
845 949 1
949 1365 1
845 1365 1
1157 1158 1
897 1158 1
846 1158 1
14 1366 1
15 949 1
949 1209 1
325 949 1
429 949 1
15 845 1
15 1365 1
14 481 1
481 1366 1
66 1522 1
481 585 1
585 1366 1
14 585 1
535 1472 1
484 1524 1
328 795 1
483 639 1
327 796 1
327 952 1
796 952 1
587 796 1
587 952 1
327 587 1
1367 1523 1
1056 1211 1
796 1367 1
952 1367 1
587 1367 1
327 1367 1
796 1523 1
795 1368 1
328 1368 1
795 1003 1
328 1003 1
1003 1368 1
69 173 1
16 1523 1
16 796 1
16 1367 1
1159 1316 1
69 1524 1
173 1524 1
69 484 1
954 1005 1
278 745 1
122 1109 1
538 1526 1
797 1005 1
797 954 1
902 1214 1
1473 1525 1
745 1318 1
278 1318 1
329 953 1
850 850 1
330 1525 1
330 1473 1
537 1058 1
1318 1422 1
745 1422 1
278 1422 1
174 1266 1
538 589 1
589 1526 1
123 1474 1
174 1057 1
1057 1266 1
746 1006 1
642 1369 1
175 642 1
175 1369 1
693 1214 1
693 902 1
435 539 1
73 1008 1
487 1060 1
383 1060 1
383 487 1
20 72 1
73 436 1
436 1008 1
800 1163 1
384 1008 1
73 384 1
384 436 1
696 1163 1
696 800 1
279 280 1
73 279 1
279 1008 1
279 384 1
279 436 1
73 280 1
384 1371 1
1008 1371 1
73 1371 1
436 1371 1
279 1371 1
696 748 1
748 800 1
748 1163 1
1424 1527 1
178 1010 1
906 1113 1
957 1478 1
22 593 1
750 958 1
437 1061 1
437 905 1
905 1061 1
1374 1530 1
126 802 1
230 282 1
541 1009 1
489 802 1
126 489 1
853 1114 1
542 697 1
958 1166 1
750 1166 1
542 750 1
697 750 1
542 1166 1
542 958 1
386 1529 1
593 905 1
22 905 1
437 593 1
593 1061 1
801 1010 1
178 801 1
25 751 1
1063 1376 1
1219 1219 1
77 1012 1
1167 1167 1
960 1376 1
960 1063 1
232 647 1
388 959 1
335 751 1
25 335 1
232 803 1
647 803 1
284 1272 1
492 1428 1
76 959 1
76 388 1
24 1063 1
24 1376 1
24 960 1
1063 1167 1
1167 1376 1
960 1167 1
24 1167 1
180 1012 1
77 180 1
231 1271 1
440 1220 1
752 1480 1
1170 1377 1
234 390 1
494 649 1
1169 1429 1
442 650 1
442 1481 1
650 1481 1
598 1066 1
234 858 1
390 858 1
337 1170 1
337 1377 1
701 1066 1
598 701 1
909 1014 1
182 910 1
131 649 1
131 494 1
442 701 1
701 1481 1
650 701 1
442 1066 1
442 598 1
27 1169 1
27 1429 1
286 1430 1
597 1481 1
442 597 1
597 650 1
597 701 1
183 548 1
444 1223 1
548 808 1
183 808 1
808 808 1
548 756 1
756 808 1
183 756 1
340 496 1
911 1535 1
340 444 1
444 496 1
340 1223 1
808 1223 1
756 1223 1
548 1223 1
183 1223 1
340 808 1
444 808 1
235 1380 1
1328 1535 1
911 1328 1
339 652 1
28 28 1
183 496 1
496 808 1
496 756 1
496 548 1
496 1223 1
183 340 1
183 444 1
654 1070 1
1173 1485 1
549 862 1
446 1382 1
601 1018 1
237 1485 1
237 1173 1
445 1278 1
497 653 1
1225 1538 1
550 1017 1
237 549 1
549 1485 1
549 1173 1
237 862 1
31 1538 1
31 1225 1
1018 1226 1
601 1226 1
1277 1329 1
497 810 1
653 810 1
1017 1538 1
550 1538 1
1017 1225 1
31 1017 1
1277 1485 1
1329 1485 1
549 1277 1
1173 1277 1
237 1277 1
812 863 1
864 1539 1
32 1280 1
967 1487 1
33 499 1
396 1540 1
33 655 1
499 655 1
447 1436 1
551 864 1
551 1539 1
707 1487 1
707 967 1
84 1280 1
32 84 1
395 551 1
395 864 1
395 1539 1
603 707 1
603 967 1
603 1487 1
759 1540 1
396 759 1
291 603 1
291 707 1
291 1487 1
291 967 1
344 1280 1
32 344 1
84 344 1
34 606 1
398 1022 1
502 970 1
1281 1385 1
709 1438 1
1126 1178 1
970 1333 1
502 1333 1
450 1334 1
34 761 1
606 761 1
501 502 1
501 970 1
501 1333 1
345 554 1
242 1229 1
346 813 1
502 605 1
605 970 1
605 1333 1
501 605 1
1542 1542 1
709 866 1
866 1438 1
294 710 1
294 1021 1
710 1021 1
86 866 1
86 709 1
86 1438 1
88 660 1
347 504 1
192 971 1
711 1335 1
1023 1387 1
347 919 1
504 919 1
140 1544 1
89 1544 1
89 140 1
400 659 1
37 1231 1
1179 1388 1
192 763 1
763 971 1
451 711 1
451 1335 1
140 972 1
972 1544 1
89 972 1
815 1388 1
815 1179 1
191 1231 1
37 191 1
347 1388 1
504 1388 1
919 1388 1
347 1179 1
347 815 1
39 1078 1
39 1545 1
1078 1545 1
713 1181 1
38 713 1
38 1181 1
350 1025 1
506 1077 1
1129 1494 1
921 1025 1
350 921 1
609 921 1
609 1025 1
350 609 1
454 922 1
402 1026 1
713 922 1
922 1181 1
38 922 1
454 713 1
91 349 1
143 1026 1
143 402 1
350 766 1
766 1025 1
609 766 1
766 921 1
610 817 1
38 1494 1
713 1494 1
922 1494 1
1181 1494 1
38 1129 1
40 872 1
976 1184 1
871 1235 1
195 1339 1
1340 1547 1
351 1495 1
819 1548 1
92 1132 1
248 403 1
92 507 1
507 1132 1
93 612 1
560 872 1
40 560 1
819 1392 1
1392 1548 1
508 820 1
352 820 1
352 508 1
1183 1496 1
247 247 1
1287 1392 1
819 1287 1
1287 1548 1
92 767 1
507 767 1
767 1132 1
1079 1183 1
1079 1496 1
405 1393 1
510 1290 1
147 718 1
147 770 1
718 770 1
354 1238 1
822 1237 1
458 613 1
1082 1393 1
405 1082 1
406 926 1
42 1185 1
301 1029 1
665 1134 1
198 1290 1
198 510 1
925 1030 1
301 1393 1
1029 1393 1
301 1082 1
301 405 1
94 1393 1
94 1082 1
94 1029 1
94 405 1
94 301 1
1133 1341 1
770 1238 1
147 1238 1
718 1238 1
354 770 1
1396 1447 1
251 1344 1
616 1551 1
1291 1448 1
1083 1135 1
251 1084 1
1084 1344 1
511 980 1
511 824 1
824 980 1
45 1083 1
45 1135 1
303 824 1
303 980 1
303 511 1
719 772 1
149 511 1
149 824 1
149 980 1
149 303 1
616 928 1
928 1551 1
667 772 1
667 719 1
149 1552 1
824 1552 1
303 1552 1
980 1552 1
511 1552 1
1086 1346 1
1242 1345 1
98 1034 1
98 669 1
669 1034 1
409 410 1
1449 1501 1
150 669 1
98 150 1
150 1034 1
565 1242 1
565 1345 1
201 1190 1
1397 1553 1
306 1294 1
981 1502 1
1085 1398 1
305 1553 1
305 1397 1
826 1346 1
826 1086 1
99 1033 1
150 1553 1
98 1553 1
1034 1553 1
669 1553 1
150 305 1
150 1397 1
46 514 1
515 1140 1
932 1451 1
463 775 1
256 1087 1
776 1399 1
1295 1555 1
1191 1243 1
620 983 1
152 984 1
724 1503 1
100 671 1
100 1504 1
671 1504 1
48 619 1
48 827 1
619 827 1
619 828 1
48 828 1
827 828 1
1139 1192 1
48 101 1
101 827 1
101 619 1
101 828 1
1243 1452 1
1191 1452 1
255 464 1
515 620 1
620 1140 1
515 983 1
155 466 1
103 1297 1
517 1557 1
258 1297 1
103 258 1
518 674 1
51 673 1
933 1193 1
154 881 1
205 725 1
570 1245 1
154 362 1
362 881 1
413 570 1
413 1245 1
51 517 1
517 673 1
51 1557 1
933 1038 1
1038 1193 1
1506 1506 1
985 1090 1
1194 1298 1
155 310 1
310 466 1
155 1297 1
466 1297 1
310 1297 1
155 258 1
103 155 1
36 536 -1
762 1307 -1
117 515 -1
117 620 -1
117 1140 -1
117 983 -1
586 665 -1
586 1134 -1
829 1314 -1
898 1217 -1
482 1217 -1
758 1423 -1
41 49 -1
386 908 -1
908 1529 -1
316 741 -1
418 813 -1
813 1250 -1
346 418 -1
341 1191 -1
341 1243 -1
341 1452 -1
85 794 -1
680 1435 -1
161 1435 -1
835 1435 -1
784 1435 -1
1044 1435 -1
212 1435 -1
1147 1435 -1
551 995 -1
864 995 -1
995 1539 -1
395 995 -1
210 472 -1
309 316 -1
655 872 -1
33 872 -1
499 872 -1
40 655 -1
560 655 -1
552 1354 -1
1287 1317 -1
1317 1392 -1
819 1317 -1
1317 1548 -1
933 1048 -1
1048 1193 -1
1038 1048 -1
840 933 -1
933 1411 -1
60 933 -1
839 933 -1
699 1469 -1
1129 1431 -1
38 1431 -1
1431 1494 -1
1344 1555 -1
251 1555 -1
1084 1555 -1
1295 1344 -1
1083 1280 -1
45 1280 -1
1135 1280 -1
32 1083 -1
344 1083 -1
84 1083 -1
183 1108 -1
548 1108 -1
1108 1223 -1
808 1108 -1
496 1108 -1
756 1108 -1
340 1108 -1
444 1108 -1
38 1501 -1
713 1501 -1
922 1501 -1
1181 1501 -1
1494 1501 -1
1129 1501 -1
38 1449 -1
572 610 -1
572 817 -1
232 560 -1
560 803 -1
560 647 -1
232 872 -1
40 232 -1
498 1199 -1
72 629 -1
20 629 -1
267 1131 -1
319 1131 -1
966 1044 -1
161 966 -1
835 966 -1
680 966 -1
212 966 -1
887 966 -1
966 1147 -1
575 820 -1
352 575 -1
508 575 -1
821 840 -1
821 1048 -1
821 1411 -1
60 821 -1
821 839 -1
872 1289 -1
40 1289 -1
560 1289 -1
280 1172 -1
73 1172 -1
279 1172 -1
271 1250 -1
948 1250 -1
271 418 -1
563 1223 -1
548 563 -1
563 808 -1
496 563 -1
340 563 -1
183 563 -1
563 756 -1
444 563 -1
317 815 -1
815 889 -1
370 815 -1
815 1097 -1
317 347 -1
317 1179 -1
317 1388 -1
527 1324 -1
1152 1324 -1
943 1324 -1
544 842 -1
1004 1505 -1
1278 1318 -1
445 1318 -1
745 1278 -1
1278 1422 -1
278 1278 -1
446 1527 -1
1382 1527 -1
446 1424 -1
339 506 -1
506 652 -1
339 1077 -1
647 1111 -1
232 1111 -1
803 1111 -1
319 1157 -1
267 1157 -1
319 897 -1
319 1158 -1
319 846 -1
296 1405 -1
292 1278 -1
292 445 -1
399 709 -1
399 866 -1
86 399 -1
399 1438 -1
770 1027 -1
354 1027 -1
147 1027 -1
1027 1238 -1
718 1027 -1
212 1257 -1
161 1257 -1
835 1257 -1
680 1257 -1
784 1257 -1
1044 1257 -1
1147 1257 -1
212 322 -1
212 374 -1
114 212 -1
212 373 -1
212 1206 -1
212 1049 -1
212 217 -1
212 1413 -1
59 229 -1
674 806 -1
518 806 -1
602 1087 -1
256 602 -1
495 1148 -1
66 465 -1
465 1522 -1
342 1113 -1
342 906 -1
255 806 -1
464 806 -1
274 991 -1
274 471 -1
185 1430 -1
185 286 -1
1267 1484 -1
51 576 -1
576 673 -1
517 576 -1
576 1557 -1
417 484 -1
484 834 -1
484 573 -1
417 1524 -1
69 417 -1
154 904 -1
881 904 -1
362 904 -1
71 1269 -1
1300 1386 -1
1078 1367 -1
1367 1545 -1
39 1367 -1
327 1078 -1
587 1078 -1
16 1078 -1
1078 1523 -1
952 1078 -1
796 1078 -1
818 1189 -1
1171 1302 -1
885 1171 -1
55 1171 -1
198 352 -1
352 1290 -1
352 510 -1
198 508 -1
198 820 -1
381 1466 -1
381 738 -1
775 866 -1
463 866 -1
86 775 -1
709 775 -1
775 1438 -1
1134 1389 -1
665 1389 -1
781 970 -1
605 781 -1
781 1333 -1
502 781 -1
501 781 -1
293 1196 -1
378 803 -1
232 378 -1
378 647 -1
666 1463 -1
389 1383 -1
101 1528 -1
48 1528 -1
619 1528 -1
827 1528 -1
828 1528 -1
1147 1338 -1
161 1338 -1
835 1338 -1
836 1338 -1
680 1338 -1
1338 1355 -1
1044 1338 -1
212 1338 -1
893 1536 -1
477 1536 -1
789 1536 -1
334 718 -1
334 770 -1
147 334 -1
334 1238 -1
218 883 -1
218 1040 -1
207 218 -1
157 218 -1
218 1351 -1
1150 1342 -1
1342 1513 -1
1342 1358 -1
214 1342 -1
233 791 -1
82 925 -1
82 1030 -1
548 1019 -1
808 1019 -1
496 1019 -1
1019 1223 -1
756 1019 -1
183 1019 -1
601 656 -1
656 1018 -1
656 1226 -1
279 1396 -1
384 1396 -1
73 1396 -1
1008 1396 -1
436 1396 -1
280 1396 -1
1371 1396 -1
279 1447 -1
310 377 -1
377 1297 -1
377 466 -1
155 377 -1
392 788 -1
392 1047 -1
617 1255 -1
694 1232 -1
307 956 -1
476 1050 -1
424 1050 -1
321 476 -1
538 546 -1
546 589 -1
546 1526 -1
207 354 -1
354 1040 -1
354 883 -1
157 354 -1
354 1351 -1
207 770 -1
207 1238 -1
820 1130 -1
352 1130 -1
508 1130 -1
212 1143 -1
161 1143 -1
835 1143 -1
680 1143 -1
784 1143 -1
1044 1143 -1
1143 1147 -1
328 1467 -1
1368 1467 -1
795 1467 -1
1003 1467 -1
550 577 -1
577 1017 -1
577 1538 -1
586 1337 -1
954 966 -1
966 1005 -1
797 966 -1
100 334 -1
334 1504 -1
334 671 -1
904 1239 -1
190 359 -1
966 1159 -1
966 1316 -1
500 934 -1
1156 1380 -1
235 1156 -1
411 466 -1
411 1297 -1
155 411 -1
310 411 -1
1128 1454 -1
355 746 -1
355 1006 -1
49 404 -1
302 356 -1
46 912 -1
514 912 -1
616 1467 -1
928 1467 -1
1467 1551 -1
70 1227 -1
1000 1265 -1
149 396 -1
396 824 -1
396 1552 -1
303 396 -1
396 980 -1
396 511 -1
149 1540 -1
149 759 -1
333 1297 -1
258 333 -1
155 333 -1
333 466 -1
310 333 -1
103 333 -1
541 1348 -1
1009 1348 -1
244 1258 -1
107 622 -1
386 718 -1
718 1529 -1
386 770 -1
147 386 -1
386 1238 -1
920 1277 -1
920 1173 -1
920 1329 -1
237 920 -1
920 1485 -1
549 920 -1
253 742 -1
735 1375 -1
1178 1262 -1
1126 1262 -1
106 191 -1
37 106 -1
106 1231 -1
546 1101 -1
281 1030 -1
281 925 -1
203 1126 -1
203 1178 -1
96 325 -1
96 1209 -1
96 429 -1
96 949 -1
15 96 -1
1044 1502 -1
161 1502 -1
835 1502 -1
680 1502 -1
212 1502 -1
887 1502 -1
1147 1502 -1
981 1044 -1
1115 1342 -1
379 897 -1
379 1158 -1
379 1157 -1
379 846 -1
437 1302 -1
905 1302 -1
1061 1302 -1
593 1302 -1
437 885 -1
55 437 -1
234 1337 -1
858 1337 -1
390 1337 -1
304 721 -1
197 1484 -1
298 999 -1
224 335 -1
25 224 -1
224 751 -1
785 1184 -1
785 976 -1
50 289 -1
18 157 -1
18 1040 -1
18 883 -1
18 207 -1
18 1351 -1
685 1119 -1
154 928 -1
881 928 -1
362 928 -1
154 616 -1
154 1551 -1
211 743 -1
1420 1442 -1
16 1485 -1
1485 1523 -1
796 1485 -1
1367 1485 -1
16 1329 -1
16 549 -1
16 1277 -1
16 1173 -1
16 237 -1
387 842 -1
236 1246 -1
617 652 -1
339 617 -1
103 529 -1
529 1297 -1
258 529 -1
155 529 -1
103 1309 -1
240 456 -1
166 584 -1
585 1164 -1
481 1164 -1
14 1164 -1
1164 1366 -1
986 1164 -1
698 972 -1
698 1544 -1
89 698 -1
140 698 -1
493 1478 -1
493 957 -1
173 1522 -1
1522 1524 -1
69 1522 -1
66 173 -1
558 602 -1
494 802 -1
649 802 -1
131 802 -1
489 494 -1
126 494 -1
448 975 -1
1025 1407 -1
921 1407 -1
766 1407 -1
350 1407 -1
609 1407 -1
26 451 -1
26 1335 -1
26 711 -1
704 986 -1
871 876 -1
876 1235 -1
173 1237 -1
1237 1524 -1
69 1237 -1
173 822 -1
251 918 -1
918 1344 -1
918 1084 -1
291 306 -1
306 603 -1
306 967 -1
306 707 -1
306 1487 -1
291 1294 -1
37 196 -1
191 196 -1
196 1231 -1
709 1160 -1
866 1160 -1
86 1160 -1
1160 1438 -1
223 1022 -1
223 398 -1
47 1076 -1
377 853 -1
377 1114 -1
59 1496 -1
59 1079 -1
59 1183 -1
376 658 -1
432 531 -1
64 432 -1
432 1260 -1
432 1155 -1
432 532 -1
278 809 -1
745 809 -1
809 1422 -1
809 1318 -1
85 725 -1
85 205 -1
1069 1298 -1
1069 1194 -1
471 1220 -1
991 1220 -1
440 471 -1
1427 1482 -1
816 876 -1
1129 1556 -1
38 1556 -1
1494 1556 -1
302 727 -1
302 1352 -1
302 364 -1
302 623 -1
774 814 -1
32 1504 -1
1280 1504 -1
344 1504 -1
84 1504 -1
32 100 -1
32 671 -1
1326 1440 -1
278 418 -1
418 745 -1
418 1422 -1
418 1318 -1
278 1250 -1
1142 1284 -1
805 838 -1
69 1193 -1
484 1193 -1
1193 1524 -1
173 1193 -1
69 933 -1
69 1038 -1
437 452 -1
452 905 -1
452 1061 -1
452 593 -1
477 1478 -1
789 1478 -1
893 1478 -1
477 957 -1
736 789 -1
477 736 -1
736 893 -1
262 1210 -1
496 672 -1
548 672 -1
672 1223 -1
672 808 -1
340 672 -1
183 672 -1
672 756 -1
444 672 -1
952 980 -1
980 1367 -1
587 980 -1
796 980 -1
327 980 -1
824 952 -1
952 1552 -1
303 952 -1
149 952 -1
511 952 -1
565 946 -1
946 1345 -1
946 1242 -1
767 1185 -1
1132 1185 -1
507 1185 -1
92 1185 -1
42 767 -1
3 1085 -1
626 1085 -1
3 1398 -1
346 939 -1
813 939 -1
84 660 -1
660 1280 -1
32 660 -1
344 660 -1
84 88 -1
745 1147 -1
1147 1422 -1
1147 1318 -1
278 1147 -1
161 745 -1
745 835 -1
745 836 -1
680 745 -1
745 1355 -1
745 1044 -1
212 745 -1
420 1047 -1
420 788 -1
1064 1524 -1
484 1064 -1
69 1064 -1
173 1064 -1
1078 1538 -1
1538 1545 -1
39 1538 -1
1078 1225 -1
1017 1078 -1
550 1078 -1
31 1078 -1
112 490 -1
1441 1473 -1
330 1441 -1
1441 1525 -1
92 334 -1
334 507 -1
334 1132 -1
334 767 -1
75 119 -1
426 1458 -1
426 1094 -1
368 717 -1
524 717 -1
997 1118 -1
119 828 -1
48 119 -1
119 827 -1
119 619 -1
101 119 -1
75 1251 -1
530 610 -1
530 817 -1
144 649 -1
131 144 -1
144 494 -1
603 1423 -1
291 1423 -1
707 1423 -1
1423 1487 -1
967 1423 -1
667 765 -1
765 772 -1
719 765 -1
295 675 -1
798 1274 -1
801 972 -1
972 1010 -1
178 972 -1
801 1544 -1
89 801 -1
140 801 -1
337 855 -1
855 1377 -1
855 1170 -1
321 1138 -1
1050 1138 -1
286 914 -1
914 1430 -1
240 951 -1
1338 1352 -1
623 1338 -1
364 1338 -1
727 1338 -1
1022 1067 -1
398 1067 -1
194 1147 -1
161 194 -1
194 835 -1
194 836 -1
194 680 -1
194 1355 -1
194 1044 -1
194 212 -1
103 1543 -1
1297 1543 -1
258 1543 -1
155 1543 -1
906 1415 -1
1113 1415 -1
1016 1462 -1
77 323 -1
180 323 -1
323 1012 -1
57 1542 -1
112 191 -1
37 112 -1
112 1231 -1
615 1089 -1
1389 1498 -1
1158 1232 -1
897 1232 -1
1157 1232 -1
846 1232 -1
205 940 -1
725 940 -1
88 732 -1
660 732 -1
88 109 -1
88 1095 -1
24 1073 -1
1073 1376 -1
960 1073 -1
1073 1167 -1
1063 1073 -1
480 1227 -1
688 1227 -1
351 392 -1
392 1495 -1
843 1521 -1
843 1470 -1
909 1154 -1
1014 1154 -1
14 215 -1
215 481 -1
215 1366 -1
215 585 -1
585 629 -1
481 629 -1
14 629 -1
629 1366 -1
791 1194 -1
791 1298 -1
378 1263 -1
1109 1460 -1
122 1460 -1
873 1216 -1
1295 1316 -1
1316 1555 -1
1159 1295 -1
