520 1143 1
468 935 1
884 1247 1
572 675 1
1248 1300 1
468 572 1
572 935 1
468 675 1
208 1508 1
156 208 1
156 1508 1
623 1299 1
988 1040 1
52 1092 1
207 780 1
675 884 1
468 884 1
572 884 1
675 1247 1
935 1091 1
572 1091 1
468 1091 1
262 1406 1
366 521 1
469 521 1
366 469 1
1042 1406 1
262 1042 1
522 573 1
55 1093 1
573 1093 1
522 1093 1
55 573 1
521 678 1
469 678 1
366 678 1
366 1146 1
521 1146 1
469 1146 1
678 1146 1
261 781 1
54 522 1
54 573 1
54 1093 1
419 1199 1
4 1043 1
315 1148 1
523 1096 1
992 1303 1
1303 1459 1
992 1459 1
316 887 1
5 1304 1
420 992 1
420 1459 1
420 1303 1
575 732 1
1147 1512 1
420 991 1
991 992 1
991 1459 1
991 1303 1
836 1200 1
523 1356 1
1096 1356 1
7 474 1
993 1306 1
58 577 1
369 1097 1
786 1097 1
369 786 1
578 1201 1
213 994 1
785 1098 1
111 1409 1
890 1098 1
785 890 1
421 630 1
7 421 1
421 474 1
7 630 1
58 265 1
265 577 1
942 1202 1
1201 1306 1
578 1306 1
993 1201 1
1204 1359 1
61 736 1
736 1099 1
61 1099 1
840 1151 1
1256 1463 1
164 1255 1
527 1516 1
683 1360 1
1151 1308 1
840 1308 1
1203 1204 1
1203 1359 1
112 787 1
1048 1308 1
840 1048 1
1048 1151 1
891 1048 1
840 891 1
891 1308 1
891 1151 1
1050 1101 1
270 685 1
425 945 1
167 789 1
115 1465 1
997 1101 1
997 1050 1
426 946 1
633 790 1
115 1258 1
1258 1465 1
529 1050 1
529 1101 1
529 997 1
373 1413 1
374 789 1
167 374 1
686 1049 1
1153 1153 1
477 737 1
1104 1311 1
323 1104 1
323 1311 1
376 376 1
427 1000 1
791 1156 1
532 1312 1
1208 1311 1
1104 1208 1
323 1208 1
792 1311 1
792 1104 1
792 1208 1
323 792 1
65 117 1
169 1259 1
687 844 1
271 1364 1
999 1519 1
13 531 1
170 1417 1
377 1209 1
793 1261 1
481 1418 1
897 1522 1
585 1157 1
1417 1521 1
170 1521 1
274 846 1
845 1418 1
481 845 1
325 741 1
325 377 1
377 741 1
325 1209 1
689 1261 1
689 793 1
67 1365 1
273 690 1
1417 1469 1
1469 1521 1
170 1469 1
173 328 1
951 1315 1
120 535 1
16 952 1
223 535 1
120 223 1
743 1368 1
1056 1107 1
69 1056 1
69 1107 1
328 483 1
173 483 1
16 1472 1
952 1472 1
275 1004 1
640 848 1
431 1316 1
275 1263 1
1004 1263 1
744 1003 1
1162 1214 1
485 1473 1
70 1370 1
485 1474 1
1473 1474 1
694 1005 1
746 849 1
1006 1161 1
381 642 1
1006 1317 1
1161 1317 1
589 1057 1
71 226 1
746 953 1
849 953 1
278 589 1
278 1057 1
382 746 1
382 849 1
382 953 1
280 1423 1
436 540 1
747 1371 1
383 592 1
435 1008 1
332 1371 1
332 747 1
748 1060 1
696 1527 1
643 1267 1
384 852 1
280 1528 1
1423 1528 1
695 1424 1
488 955 1
1163 1164 1
851 904 1
435 644 1
644 1008 1
124 1008 1
124 435 1
124 644 1
178 1165 1
593 1165 1
178 593 1
698 1374 1
22 22 1
905 906 1
179 1010 1
74 802 1
1061 1217 1
1009 1270 1
127 281 1
127 1062 1
281 1062 1
127 490 1
281 490 1
490 1062 1
1062 1373 1
281 1373 1
490 1373 1
127 1373 1
388 959 1
24 959 1
24 388 1
1063 1428 1
24 1531 1
388 1531 1
959 1531 1
751 1531 1
24 751 1
388 751 1
751 959 1
232 1116 1
907 1532 1
283 440 1
180 1167 1
595 596 1
1011 1012 1
803 855 1
1063 1427 1
1427 1428 1
390 857 1
78 390 1
78 857 1
441 1222 1
234 910 1
493 1534 1
857 1014 1
78 1014 1
390 1014 1
389 806 1
233 1534 1
233 493 1
494 649 1
79 131 1
1118 1273 1
806 961 1
389 961 1
131 389 1
79 389 1
131 961 1
131 806 1
1379 1484 1
443 1119 1
29 599 1
288 1015 1
444 807 1
133 495 1
236 236 1
807 911 1
444 911 1
133 1379 1
495 1379 1
133 1484 1
183 1432 1
859 1067 1
599 964 1
29 964 1
964 1119 1
29 1119 1
599 1119 1
443 964 1
1537 1538 1
758 914 1
706 809 1
135 1538 1
135 1537 1
342 1538 1
342 1537 1
135 342 1
601 966 1
706 966 1
809 966 1
601 706 1
653 1381 1
445 1486 1
966 1225 1
601 1225 1
706 1225 1
809 1225 1
550 1433 1
186 965 1
759 916 1
1175 1227 1
1019 1071 1
136 968 1
136 448 1
448 968 1
916 1280 1
759 1280 1
604 812 1
499 812 1
499 604 1
239 1383 1
396 499 1
396 604 1
396 812 1
137 1071 1
137 1019 1
1279 1539 1
240 967 1
967 1383 1
240 1383 1
239 967 1
918 1541 1
970 1333 1
397 501 1
918 1542 1
1541 1542 1
294 502 1
710 1281 1
1385 1542 1
1385 1541 1
918 1385 1
35 189 1
346 710 1
346 1281 1
761 917 1
398 969 1
710 1178 1
1178 1281 1
346 1178 1
190 1386 1
189 1438 1
35 1438 1
660 711 1
243 1231 1
36 1076 1
763 1180 1
295 920 1
244 763 1
244 1180 1
36 503 1
503 1076 1
89 764 1
243 867 1
867 1231 1
452 920 1
295 452 1
972 1232 1
88 89 1
88 764 1
1075 1335 1
763 816 1
244 816 1
816 1180 1
143 1494 1
1389 1546 1
401 1181 1
869 1025 1
401 1286 1
1181 1286 1
298 974 1
766 1442 1
193 401 1
193 1181 1
193 1286 1
714 1233 1
766 1130 1
1130 1442 1
39 350 1
142 921 1
765 1338 1
1182 1285 1
765 817 1
817 1338 1
1184 1548 1
145 1547 1
93 1287 1
351 1547 1
145 351 1
1287 1496 1
93 1496 1
716 871 1
351 1132 1
145 1132 1
1132 1547 1
41 1443 1
455 1184 1
455 1548 1
1184 1444 1
1444 1548 1
455 1444 1
41 924 1
924 1443 1
144 1339 1
302 1550 1
250 717 1
977 1081 1
95 198 1
614 822 1
301 1237 1
457 1029 1
769 1029 1
457 769 1
354 1394 1
666 1029 1
457 666 1
666 769 1
95 1185 1
198 1185 1
249 1497 1
874 1237 1
301 874 1
354 457 1
457 1394 1
354 769 1
354 666 1
354 1029 1
1240 1552 1
251 512 1
875 1083 1
148 1083 1
148 875 1
1136 1188 1
200 927 1
96 928 1
355 616 1
512 1500 1
251 1500 1
407 1448 1
407 1292 1
1292 1448 1
148 1447 1
875 1447 1
1083 1447 1
408 824 1
979 1396 1
980 1343 1
618 929 1
1034 1346 1
721 877 1
1189 1242 1
305 1190 1
670 1086 1
618 1293 1
929 1293 1
98 721 1
98 877 1
357 930 1
47 513 1
774 982 1
878 1502 1
99 721 1
98 99 1
99 877 1
566 878 1
566 1502 1
462 1345 1
672 983 1
48 1399 1
931 1036 1
1087 1088 1
1192 1504 1
411 828 1
983 1035 1
672 1035 1
1139 1243 1
411 984 1
828 984 1
204 1504 1
204 1192 1
671 1140 1
620 1139 1
620 1243 1
932 1451 1
568 619 1
307 516 1
100 1451 1
100 932 1
726 1349 1
725 725 1
258 1037 1
674 725 1
205 1454 1
103 1246 1
103 1038 1
1038 1246 1
830 1505 1
881 1557 1
257 518 1
518 674 1
257 674 1
518 725 1
205 1038 1
1038 1454 1
205 1246 1
103 205 1
1038 1350 1
1350 1454 1
205 1350 1
1246 1350 1
103 1350 1
91 734 1
734 734 1
91 91 1
69 1517 1
1056 1517 1
1107 1517 1
1517 1517 1
69 69 1
216 1000 1
1000 1000 1
216 216 1
216 427 1
165 831 1
831 831 1
165 165 1
276 343 1
343 343 1
276 276 1
1292 1511 1
1448 1511 1
1511 1511 1
407 1511 1
1292 1292 1
337 511 1
511 511 1
337 337 1
198 1460 1
1185 1460 1
1460 1460 1
95 1460 1
198 198 1
247 987 1
987 987 1
247 247 1
273 815 1
690 815 1
815 815 1
273 273 1
1065 1444 1
1444 1444 1
1065 1184 1
1065 1065 1
1065 1548 1
455 1065 1
662 1215 1
1215 1215 1
662 662 1
1002 1299 1
1299 1299 1
1002 1002 1
623 1002 1
14 1473 1
1473 1473 1
14 1474 1
14 485 1
14 14 1
763 1416 1
816 1416 1
244 1416 1
1416 1416 1
1180 1416 1
763 763 1
79 1557 1
131 1557 1
389 1557 1
1557 1557 1
79 881 1
79 79 1
33 295 1
295 295 1
33 920 1
33 33 1
33 452 1
388 939 1
24 939 1
939 1531 1
751 939 1
939 939 1
939 959 1
388 388 1
233 1477 1
493 1477 1
1477 1534 1
1477 1477 1
233 233 1
633 1255 1
790 1255 1
1255 1255 1
633 633 1
164 633 1
1290 1321 1
1321 1321 1
1290 1290 1
888 1049 1
1049 1049 1
888 888 1
686 888 1
42 1132 1
1132 1132 1
42 145 1
42 42 1
42 1547 1
42 351 1
1374 1390 1
698 1390 1
1390 1390 1
1374 1374 1
459 1079 1
1079 1079 1
459 459 1
179 1108 1
1010 1108 1
1108 1108 1
179 179 1
274 491 1
491 491 1
491 846 1
274 274 1
760 1246 1
1246 1246 1
760 1350 1
103 760 1
205 760 1
760 1038 1
760 760 1
141 831 1
141 141 1
141 165 1
543 719 1
719 719 1
543 543 1
435 1161 1
1008 1161 1
124 1161 1
644 1161 1
1161 1161 1
435 1317 1
435 1006 1
435 435 1
905 1401 1
1401 1401 1
906 1401 1
905 905 1
500 828 1
828 828 1
500 984 1
411 500 1
500 500 1
664 984 1
984 984 1
664 664 1
500 664 1
411 664 1
664 828 1
1314 1344 1
1344 1344 1
1314 1314 1
628 1468 1
1468 1468 1
628 628 1
142 259 1
259 921 1
259 259 1
142 142 1
340 1024 1
1024 1024 1
340 340 1
158 377 1
377 377 1
158 1209 1
158 325 1
158 158 1
158 741 1
630 711 1
711 711 1
421 711 1
7 711 1
630 660 1
630 630 1
154 1209 1
1209 1209 1
154 377 1
154 154 1
154 325 1
154 158 1
874 1232 1
1232 1232 1
1232 1237 1
301 1232 1
874 874 1
874 972 1
39 684 1
684 684 1
350 684 1
39 39 1
487 753 1
753 753 1
487 487 1
246 717 1
717 717 1
246 250 1
246 246 1
825 968 1
968 968 1
136 825 1
448 825 1
825 825 1
136 1101 1
968 1101 1
448 1101 1
1101 1101 1
825 1101 1
136 997 1
136 136 1
136 529 1
136 1050 1
529 1223 1
136 1223 1
1050 1223 1
1223 1223 1
1101 1223 1
997 1223 1
529 529 1
649 1198 1
1198 1198 1
494 1198 1
649 649 1
813 1473 1
813 1474 1
485 813 1
14 813 1
813 813 1
608 1164 1
1164 1164 1
608 608 1
608 1163 1
166 1157 1
1157 1157 1
166 585 1
166 166 1
728 837 1
837 837 1
728 728 1
385 1050 1
1050 1050 1
385 385 1
385 997 1
385 1223 1
136 385 1
385 1101 1
385 529 1
1085 1395 1
1395 1395 1
1085 1085 1
141 389 1
389 389 1
165 389 1
389 831 1
141 961 1
131 141 1
141 806 1
79 141 1
141 1557 1
568 1226 1
1226 1226 1
619 1226 1
568 568 1
921 1321 1
259 1321 1
142 1321 1
921 1290 1
921 921 1
1113 1403 1
1403 1403 1
1113 1113 1
890 916 1
785 916 1
916 1098 1
916 916 1
890 1280 1
759 890 1
890 890 1
277 1348 1
1348 1348 1
277 277 1
407 958 1
958 1448 1
958 1292 1
958 958 1
958 1511 1
407 407 1
568 633 1
633 1226 1
619 633 1
164 568 1
568 1255 1
568 790 1
450 942 1
942 942 1
450 1202 1
450 450 1
289 929 1
929 929 1
289 289 1
289 618 1
289 1293 1
95 1107 1
1107 1185 1
1107 1107 1
1107 1460 1
198 1107 1
95 1056 1
69 95 1
95 1517 1
95 95 1
1156 1389 1
1389 1389 1
791 1389 1
1156 1546 1
1156 1156 1
353 1500 1
1500 1500 1
353 512 1
353 353 1
251 353 1
376 875 1
875 875 1
376 1083 1
148 376 1
376 1447 1
586 1444 1
586 1184 1
455 586 1
586 1065 1
586 586 1
586 1548 1
294 310 1
310 310 1
310 502 1
294 294 1
1112 1356 1
1356 1356 1
1096 1112 1
1112 1112 1
523 1112 1
462 973 1
973 1345 1
973 973 1
462 462 1
1102 1429 1
1429 1429 1
1102 1102 1
250 631 1
631 717 1
246 631 1
631 631 1
250 250 1
1186 1462 1
1462 1462 1
1186 1186 1
277 349 1
349 1348 1
349 349 1
479 1295 1
1295 1295 1
479 479 1
250 333 1
333 333 1
333 717 1
246 333 1
333 631 1
817 1533 1
1338 1533 1
765 1533 1
1533 1533 1
817 817 1
1023 1330 1
1330 1330 1
1023 1023 1
64 180 1
180 180 1
64 64 1
64 1167 1
658 1444 1
658 1184 1
455 658 1
658 1065 1
586 658 1
658 1548 1
658 658 1
603 1195 1
1195 1195 1
603 603 1
947 1007 1
1007 1007 1
947 947 1
64 922 1
922 922 1
180 922 1
922 1167 1
636 863 1
863 863 1
636 636 1
394 1478 1
1478 1478 1
394 394 1
1364 1484 1
1484 1484 1
271 1484 1
1364 1379 1
1364 1364 1
133 1364 1
1114 1456 1
1456 1456 1
1114 1114 1
207 1463 1
780 1463 1
1463 1463 1
207 1256 1
207 207 1
665 1106 1
1106 1106 1
665 665 1
1163 1417 1
608 1417 1
1417 1417 1
1164 1417 1
170 1163 1
1163 1163 1
1163 1521 1
1163 1469 1
161 1495 1
1495 1495 1
161 161 1
1008 1505 1
124 1505 1
435 1505 1
644 1505 1
1505 1505 1
1161 1505 1
1008 1008 1
830 1008 1
705 743 1
743 743 1
705 1368 1
705 705 1
663 876 1
876 876 1
663 663 1
872 1365 1
1365 1365 1
872 872 1
67 872 1
519 835 1
835 835 1
519 519 1
49 1148 1
1148 1148 1
49 49 1
49 315 1
1357 1463 1
1256 1357 1
780 1357 1
1357 1357 1
207 1357 1
156 666 1
208 666 1
666 666 1
666 1508 1
156 769 1
156 354 1
156 1029 1
156 457 1
156 156 1
431 687 1
687 1316 1
687 687 1
431 844 1
431 431 1
753 1556 1
1556 1556 1
487 1556 1
18 960 1
960 960 1
18 18 1
62 222 1
222 222 1
62 62 1
430 1492 1
1492 1492 1
430 430 1
514 1542 1
1542 1542 1
514 1385 1
514 514 1
514 1541 1
514 918 1
1423 1438 1
280 1438 1
1438 1528 1
1438 1438 1
35 1423 1
1423 1423 1
189 1423 1
815 1413 -1
373 815 -1
122 332 -1
122 1371 -1
122 747 -1
175 1372 -1
289 682 -1
520 650 -1
650 1143 -1
1414 1440 -1
992 1506 -1
1459 1506 -1
420 1506 -1
991 1506 -1
1303 1506 -1
325 1291 -1
377 1291 -1
741 1291 -1
1209 1291 -1
1112 1196 -1
194 636 -1
913 1520 -1
999 1057 -1
1057 1519 -1
589 999 -1
278 999 -1
329 331 -1
12 766 -1
12 1442 -1
12 1130 -1
220 246 -1
265 297 -1
297 577 -1
58 297 -1
401 687 -1
193 687 -1
687 1181 -1
687 1286 -1
401 844 -1
761 1471 -1
917 1471 -1
359 824 -1
359 408 -1
884 1302 -1
572 1302 -1
675 1302 -1
468 1302 -1
1247 1302 -1
103 419 -1
419 1350 -1
419 1038 -1
419 1246 -1
205 419 -1
103 1199 -1
207 1065 -1
780 1065 -1
365 369 -1
365 1097 -1
365 786 -1
647 649 -1
494 647 -1
1370 1372 -1
70 1372 -1
197 629 -1
791 1279 -1
1156 1279 -1
791 1539 -1
797 1493 -1
1077 1370 -1
70 1077 -1
1410 1417 -1
1410 1521 -1
170 1410 -1
1410 1469 -1
76 182 -1
1026 1461 -1
1173 1186 -1
833 870 -1
743 756 -1
756 1368 -1
300 344 -1
577 584 -1
265 584 -1
58 584 -1
2 1275 -1
911 917 -1
444 917 -1
807 917 -1
761 911 -1
1330 1510 -1
527 561 -1
561 1516 -1
746 748 -1
748 849 -1
382 748 -1
748 953 -1
746 1060 -1
886 1151 -1
840 886 -1
886 1048 -1
886 891 -1
886 1308 -1
115 711 -1
711 1465 -1
711 1258 -1
115 660 -1
993 1030 -1
1030 1201 -1
1030 1306 -1
1526 1527 -1
696 1526 -1
171 416 -1
165 625 -1
1204 1238 -1
1203 1238 -1
1238 1359 -1
749 751 -1
24 749 -1
749 1531 -1
388 749 -1
749 959 -1
183 854 -1
854 1432 -1
834 1462 -1
95 733 -1
733 1185 -1
198 733 -1
1145 1173 -1
216 626 -1
1404 1423 -1
280 1404 -1
1404 1528 -1
385 1220 -1
168 778 -1
1423 1436 -1
280 1436 -1
1436 1528 -1
1434 1436 -1
523 562 -1
562 1096 -1
562 1356 -1
1476 1486 -1
445 1476 -1
168 509 -1
207 234 -1
234 780 -1
207 910 -1
437 651 -1
1156 1181 -1
791 1181 -1
401 1156 -1
1156 1286 -1
193 1156 -1
1001 1247 -1
675 1001 -1
884 1001 -1
39 654 -1
350 654 -1
1279 1287 -1
1287 1539 -1
1279 1496 -1
93 1279 -1
168 446 -1
588 605 -1
584 1338 -1
584 817 -1
584 765 -1
585 1247 -1
1157 1247 -1
585 675 -1
585 884 -1
786 788 -1
788 1097 -1
369 788 -1
235 801 -1
948 1226 -1
115 192 -1
192 1465 -1
192 1258 -1
889 913 -1
786 822 -1
822 1097 -1
369 822 -1
614 786 -1
852 1487 -1
384 1487 -1
1045 1083 -1
875 1045 -1
148 1045 -1
1045 1447 -1
433 643 -1
433 1267 -1
1116 1482 -1
232 1482 -1
1312 1513 -1
532 1513 -1
1133 1382 -1
581 607 -1
82 562 -1
91 731 -1
169 454 -1
454 1259 -1
91 532 -1
91 1312 -1
1310 1502 -1
566 1310 -1
878 1310 -1
123 551 -1
1253 1260 -1
237 1285 -1
237 1182 -1
113 365 -1
1134 1520 -1
1406 1434 -1
1042 1434 -1
262 1434 -1
108 310 -1
571 592 -1
383 571 -1
1060 1077 -1
748 1077 -1
946 972 -1
426 972 -1
946 1232 -1
583 818 -1
1037 1359 -1
258 1359 -1
1037 1203 -1
1037 1204 -1
1481 1502 -1
566 1481 -1
878 1481 -1
938 978 -1
11 150 -1
926 1557 -1
881 926 -1
1146 1462 -1
521 1462 -1
469 1462 -1
366 1462 -1
678 1462 -1
883 1167 -1
180 883 -1
553 743 -1
553 1368 -1
1410 1434 -1
46 451 -1
364 696 -1
364 1527 -1
72 563 -1
1127 1242 -1
1127 1189 -1
960 1014 -1
857 960 -1
390 960 -1
78 960 -1
1065 1081 -1
977 1065 -1
656 980 -1
656 1343 -1
162 193 -1
162 401 -1
162 1181 -1
162 1286 -1
359 823 -1
1367 1531 -1
24 1367 -1
751 1367 -1
388 1367 -1
959 1367 -1
115 763 -1
763 1465 -1
763 1258 -1
115 816 -1
115 244 -1
115 1180 -1
13 318 -1
318 531 -1
250 257 -1
257 717 -1
250 674 -1
250 518 -1
417 421 -1
417 474 -1
417 630 -1
7 417 -1
542 548 -1
335 806 -1
335 961 -1
131 335 -1
335 389 -1
554 1160 -1
477 763 -1
737 763 -1
477 816 -1
244 477 -1
477 1180 -1
914 922 -1
758 922 -1
460 542 -1
390 700 -1
700 857 -1
700 1014 -1
78 700 -1
537 1332 -1
278 531 -1
531 1057 -1
531 589 -1
13 278 -1
1198 1226 -1
461 737 -1
461 477 -1
779 1048 -1
779 840 -1
779 891 -1
779 1308 -1
779 1151 -1
111 1256 -1
1256 1409 -1
111 1463 -1
966 1286 -1
601 1286 -1
706 1286 -1
1225 1286 -1
809 1286 -1
401 966 -1
966 1181 -1
193 966 -1
1371 1422 -1
747 1422 -1
332 1422 -1
111 609 -1
609 1409 -1
941 1226 -1
833 1149 -1
799 1005 -1
694 799 -1
493 1271 -1
233 1271 -1
1271 1534 -1
292 300 -1
347 581 -1
965 1393 -1
186 1393 -1
24 634 -1
634 1531 -1
388 634 -1
634 751 -1
634 959 -1
55 95 -1
95 1093 -1
95 573 -1
55 1185 -1
55 198 -1
1163 1187 -1
1164 1187 -1
1153 1440 -1
10 555 -1
737 878 -1
477 878 -1
566 737 -1
737 1502 -1
1066 1071 -1
137 1066 -1
1019 1066 -1
1167 1455 -1
180 1455 -1
160 205 -1
160 1246 -1
160 1350 -1
160 1038 -1
160 1454 -1
103 160 -1
618 633 -1
633 929 -1
633 1293 -1
618 790 -1
895 922 -1
1004 1499 -1
275 1499 -1
1263 1499 -1
1455 1461 -1
388 962 -1
24 962 -1
962 1531 -1
751 962 -1
959 962 -1
993 1017 -1
1017 1201 -1
1017 1306 -1
126 855 -1
126 803 -1
990 994 -1
213 990 -1
46 426 -1
46 946 -1
437 443 -1
437 964 -1
437 1119 -1
212 829 -1
114 141 -1
1160 1556 -1
740 1546 -1
740 1389 -1
209 342 -1
209 1537 -1
209 1538 -1
135 209 -1
1094 1186 -1
621 836 -1
621 1200 -1
110 406 -1
1170 1495 -1
235 1056 -1
235 1107 -1
69 235 -1
264 413 -1
886 925 -1
59 83 -1
1278 1286 -1
401 1278 -1
1181 1278 -1
193 1278 -1
614 1247 -1
822 1247 -1
614 675 -1
614 884 -1
593 595 -1
178 595 -1
595 1165 -1
593 596 -1
973 1141 -1
492 494 -1
492 649 -1
1110 1476 -1
574 614 -1
574 822 -1
1270 1291 -1
1009 1291 -1
992 1245 -1
1245 1459 -1
420 1245 -1
991 1245 -1
1245 1303 -1
1055 1139 -1
1055 1243 -1
620 1055 -1
1226 1237 -1
874 1226 -1
301 1226 -1
635 974 -1
298 635 -1
1404 1470 -1
415 421 -1
415 474 -1
415 630 -1
7 415 -1
1069 1078 -1
850 1007 -1
29 541 -1
541 1119 -1
541 964 -1
541 599 -1
180 928 -1
928 1167 -1
96 180 -1
1008 1167 -1
124 1167 -1
435 1167 -1
644 1167 -1
180 1008 -1
856 1430 -1
1041 1048 -1
840 1041 -1
891 1041 -1
1041 1308 -1
1041 1151 -1
925 1173 -1
165 678 -1
165 521 -1
165 1146 -1
165 469 -1
165 366 -1
11 617 -1
499 720 -1
604 720 -1
396 720 -1
720 812 -1
886 1513 -1
1121 1132 -1
145 1121 -1
1121 1547 -1
351 1121 -1
115 141 -1
141 1465 -1
141 1258 -1
891 913 -1
913 1048 -1
840 913 -1
913 1308 -1
913 1151 -1
1309 1336 -1
1208 1305 -1
1104 1305 -1
792 1305 -1
323 1305 -1
1305 1311 -1
56 570 -1
687 713 -1
713 844 -1
858 988 -1
858 1040 -1
253 633 -1
253 790 -1
123 125 -1
1007 1214 -1
1007 1162 -1
361 732 -1
361 575 -1
1039 1482 -1
852 1162 -1
384 1162 -1
852 1214 -1
1256 1278 -1
1278 1463 -1
1064 1072 -1
1208 1329 -1
1104 1329 -1
792 1329 -1
323 1329 -1
1311 1329 -1
