208 1248 1
104 207 1
52 727 1
519 779 1
519 572 1
572 779 1
363 727 1
52 363 1
52 157 1
157 363 1
157 727 1
363 1403 1
52 1403 1
157 1403 1
727 1403 1
365 834 1
1093 1301 1
209 210 1
521 1250 1
107 107 1
106 1146 1
1146 1405 1
106 1405 1
833 1146 1
106 833 1
833 1405 1
781 1145 1
261 1250 1
261 521 1
263 628 1
783 1511 1
888 1356 1
263 939 1
628 939 1
836 1252 1
1199 1356 1
888 1199 1
836 1096 1
1096 1252 1
211 368 1
5 1148 1
264 1096 1
264 1252 1
264 836 1
213 1410 1
318 370 1
577 993 1
681 681 1
1045 1097 1
630 1097 1
630 1045 1
1149 1513 1
786 993 1
577 786 1
317 630 1
317 1097 1
317 1045 1
214 630 1
214 1097 1
214 1045 1
214 317 1
9 1048 1
268 1151 1
112 1359 1
9 788 1
788 1048 1
164 216 1
579 1255 1
424 943 1
475 1359 1
112 475 1
216 320 1
164 320 1
424 1204 1
943 1204 1
581 998 1
374 426 1
789 790 1
321 1517 1
321 321 1
425 426 1
374 425 1
842 894 1
114 1154 1
894 1413 1
842 1413 1
166 1309 1
166 425 1
425 1309 1
166 426 1
166 374 1
740 792 1
169 1363 1
584 948 1
324 999 1
375 740 1
375 792 1
271 1260 1
219 480 1
1000 1416 1
219 843 1
480 843 1
117 1052 1
64 1051 1
376 740 1
376 792 1
375 376 1
429 534 1
67 430 1
273 1157 1
481 1106 1
274 430 1
67 274 1
534 1261 1
429 1261 1
637 793 1
845 1158 1
15 1366 1
66 1210 1
15 326 1
326 1366 1
275 1055 1
327 743 1
17 743 1
17 327 1
16 587 1
1056 1315 1
276 847 1
588 1420 1
224 1368 1
952 1107 1
692 848 1
69 1316 1
847 1523 1
276 1523 1
1005 1214 1
123 642 1
175 382 1
641 1213 1
381 850 1
954 1006 1
954 1525 1
1006 1525 1
175 1369 1
382 1369 1
226 329 1
693 1525 1
693 954 1
693 1006 1
488 1475 1
748 1371 1
384 643 1
279 903 1
540 696 1
124 644 1
487 643 1
384 487 1
177 227 1
279 1060 1
903 1060 1
1060 1527 1
903 1527 1
279 1527 1
230 385 1
437 1165 1
1114 1426 1
23 1061 1
282 438 1
1322 1529 1
438 646 1
282 646 1
385 1530 1
230 1530 1
281 1217 1
230 1113 1
385 1113 1
1113 1530 1
387 1219 1
491 1427 1
647 1219 1
387 647 1
1064 1272 1
439 1428 1
856 1323 1
648 1011 1
25 960 1
439 596 1
596 1428 1
77 1324 1
76 699 1
76 1427 1
699 1427 1
76 491 1
598 1118 1
79 806 1
493 1377 1
26 337 1
857 1117 1
79 1170 1
806 1170 1
338 1482 1
234 337 1
26 234 1
26 546 1
337 546 1
234 546 1
961 1482 1
338 961 1
133 1224 1
1171 1275 1
340 911 1
1120 1172 1
548 1431 1
392 496 1
755 1431 1
548 755 1
1015 1380 1
80 80 1
133 287 1
287 1224 1
235 547 1
860 1171 1
860 1275 1
186 1433 1
290 1277 1
30 966 1
341 914 1
757 1330 1
341 498 1
498 914 1
135 1538 1
393 706 1
237 861 1
966 1173 1
30 1173 1
1381 1486 1
82 1486 1
82 1381 1
396 1436 1
864 1071 1
655 708 1
759 1227 1
344 812 1
1123 1123 1
655 1020 1
708 1020 1
32 1279 1
448 707 1
1228 1436 1
396 1228 1
32 1123 1
1123 1279 1
241 761 1
606 1282 1
606 1125 1
1125 1282 1
139 866 1
138 139 1
138 866 1
242 1542 1
241 813 1
761 813 1
449 761 1
241 449 1
449 813 1
242 866 1
866 1542 1
138 242 1
139 242 1
37 1128 1
556 867 1
867 1284 1
556 1284 1
555 1388 1
659 1232 1
451 815 1
191 1284 1
191 867 1
191 556 1
919 1284 1
867 919 1
556 919 1
191 919 1
973 1546 1
505 1078 1
1025 1338 1
193 505 1
193 1078 1
869 1181 1
1025 1077 1
1077 1338 1
921 1026 1
506 1389 1
609 1338 1
609 1025 1
609 1077 1
766 1130 1
41 768 1
559 1391 1
1548 1548 1
93 1444 1
195 716 1
195 924 1
716 924 1
1287 1287 1
352 507 1
663 1080 1
871 1548 1
507 716 1
352 716 1
195 507 1
507 924 1
94 302 1
562 926 1
302 354 1
94 354 1
301 1445 1
95 1289 1
353 1550 1
822 1029 1
1238 1289 1
95 1238 1
42 925 1
665 874 1
147 614 1
198 769 1
44 564 1
459 1343 1
1292 1447 1
771 1291 1
771 771 1
772 1499 1
980 1344 1
1344 1395 1
980 1395 1
199 979 1
304 720 1
771 1031 1
1031 1291 1
149 771 1
149 1291 1
149 1031 1
47 981 1
566 1449 1
514 1033 1
514 617 1
617 1033 1
1033 1501 1
617 1501 1
514 1501 1
150 1033 1
150 617 1
150 514 1
150 1501 1
1138 1345 1
305 1241 1
256 1088 1
1504 1556 1
101 411 1
1087 1191 1
256 879 1
879 1088 1
671 1244 1
932 983 1
464 671 1
464 1244 1
412 775 1
464 1504 1
1244 1504 1
671 1504 1
464 1556 1
673 1090 1
673 1038 1
1038 1090 1
103 466 1
829 1506 1
1297 1558 1
102 673 1
102 1090 1
102 1038 1
103 1558 1
466 1558 1
103 1297 1
102 778 1
673 778 1
778 1090 1
778 1038 1
948 1122 -1
584 1122 -1
434 748 -1
434 1371 -1
982 1101 -1
573 583 -1
844 1173 -1
30 844 -1
844 966 -1
208 228 -1
228 1248 -1
1414 1492 -1
994 1017 -1
1330 1509 -1
757 1509 -1
646 1220 -1
282 1220 -1
438 1220 -1
181 699 -1
181 1427 -1
76 181 -1
1186 1301 -1
1093 1186 -1
279 525 -1
525 1527 -1
525 1060 -1
525 903 -1
769 1278 -1
198 1278 -1
138 1420 -1
866 1420 -1
139 1420 -1
242 1420 -1
138 588 -1
885 1098 -1
210 213 -1
209 213 -1
210 1410 -1
841 1428 -1
596 841 -1
439 841 -1
1017 1445 -1
301 1017 -1
918 1172 -1
918 1120 -1
1413 1450 -1
842 1450 -1
894 1450 -1
389 699 -1
389 1427 -1
76 389 -1
642 643 -1
123 643 -1
384 642 -1
487 642 -1
25 761 -1
761 960 -1
25 241 -1
25 813 -1
25 449 -1
732 1401 -1
891 914 -1
498 891 -1
341 891 -1
739 921 -1
739 1026 -1
13 267 -1
839 1186 -1
1304 1506 -1
829 1304 -1
195 240 -1
240 924 -1
240 507 -1
240 716 -1
1039 1430 -1
1158 1403 -1
845 1403 -1
363 1158 -1
52 1158 -1
157 1158 -1
727 1158 -1
10 452 -1
1278 1286 -1
895 914 -1
498 895 -1
341 895 -1
795 1282 -1
795 1125 -1
606 795 -1
110 653 -1
1405 1416 -1
833 1416 -1
1146 1416 -1
106 1416 -1
1000 1405 -1
1514 1516 -1
1330 1341 -1
757 1341 -1
479 1233 -1
167 1387 -1
910 919 -1
556 910 -1
867 910 -1
910 1284 -1
191 910 -1
259 1270 -1
1253 1260 -1
271 1253 -1
945 1439 -1
496 1264 -1
392 1264 -1
785 788 -1
785 1048 -1
9 785 -1
625 630 -1
625 1097 -1
625 1045 -1
214 625 -1
317 625 -1
59 94 -1
59 354 -1
59 302 -1
322 594 -1
939 1141 -1
628 1141 -1
263 1141 -1
110 143 -1
1228 1236 -1
396 1236 -1
1236 1436 -1
960 961 -1
25 961 -1
960 1482 -1
338 960 -1
1155 1174 -1
1161 1416 -1
1000 1161 -1
163 1359 -1
112 163 -1
163 475 -1
335 650 -1
473 505 -1
193 473 -1
473 1078 -1
1110 1319 -1
87 1056 -1
87 1315 -1
832 1423 -1
506 531 -1
531 1389 -1
146 733 -1
1154 1491 -1
114 1491 -1
1166 1535 -1
1030 1455 -1
161 1453 -1
186 194 -1
194 1433 -1
114 141 -1
141 1154 -1
1049 1076 -1
993 1081 -1
577 1081 -1
786 1081 -1
743 1328 -1
17 1328 -1
327 1328 -1
126 183 -1
97 663 -1
97 1080 -1
290 298 -1
298 1277 -1
1080 1081 -1
663 1081 -1
1201 1238 -1
1201 1289 -1
95 1201 -1
592 1195 -1
999 1005 -1
324 1005 -1
999 1214 -1
172 513 -1
417 769 -1
198 417 -1
941 978 -1
558 636 -1
42 654 -1
654 925 -1
106 624 -1
624 833 -1
624 1146 -1
624 1405 -1
1351 1372 -1
416 1291 -1
416 771 -1
149 416 -1
416 1031 -1
801 1431 -1
755 801 -1
548 801 -1
1251 1298 -1
1143 1430 -1
34 1108 -1
1050 1076 -1
838 1411 -1
1300 1342 -1
491 905 -1
905 1427 -1
76 905 -1
166 1294 -1
425 1294 -1
426 1294 -1
1294 1309 -1
374 1294 -1
529 1283 -1
571 589 -1
1312 1513 -1
1149 1312 -1
781 821 -1
821 1145 -1
895 1546 -1
895 973 -1
555 582 -1
582 1388 -1
870 1173 -1
30 870 -1
870 966 -1
1026 1174 -1
921 1174 -1
1142 1550 -1
353 1142 -1
892 1550 -1
353 892 -1
1043 1090 -1
673 1043 -1
778 1043 -1
102 1043 -1
1038 1043 -1
35 1159 -1
143 532 -1
623 644 -1
124 623 -1
1025 1103 -1
609 1103 -1
1103 1338 -1
1077 1103 -1
579 1357 -1
1255 1357 -1
644 1344 -1
124 1344 -1
644 1395 -1
644 980 -1
26 519 -1
337 519 -1
234 519 -1
519 546 -1
26 779 -1
26 572 -1
856 1403 -1
1323 1403 -1
363 856 -1
52 856 -1
157 856 -1
727 856 -1
56 103 -1
56 1297 -1
56 466 -1
56 1558 -1
518 732 -1
49 224 -1
49 1368 -1
998 1128 -1
581 1128 -1
37 998 -1
111 112 -1
111 475 -1
111 1359 -1
6 50 -1
891 1537 -1
232 645 -1
595 1222 -1
117 142 -1
142 1052 -1
738 1551 -1
57 829 -1
57 1506 -1
70 643 -1
70 384 -1
70 487 -1
659 773 -1
773 1232 -1
504 513 -1
156 539 -1
165 418 -1
648 1013 -1
1011 1013 -1
844 1181 -1
844 869 -1
1403 1469 -1
363 1469 -1
52 1469 -1
157 1469 -1
727 1469 -1
1019 1236 -1
1410 1446 -1
213 1446 -1
1174 1301 -1
1093 1174 -1
1456 1461 -1
324 362 -1
362 999 -1
1153 1492 -1
896 921 -1
896 1026 -1
484 502 -1
416 494 -1
892 926 -1
562 892 -1
142 168 -1
54 94 -1
54 354 -1
54 302 -1
780 861 -1
237 780 -1
437 911 -1
911 1165 -1
340 437 -1
659 670 -1
670 1232 -1
721 738 -1
864 871 -1
871 1071 -1
864 1548 -1
1122 1133 -1
194 428 -1
111 1249 -1
248 1081 -1
705 718 -1
33 41 -1
33 768 -1
1174 1341 -1
1063 1430 -1
110 147 -1
110 614 -1
509 518 -1
498 739 -1
739 914 -1
341 739 -1
1093 1357 -1
1301 1357 -1
474 527 -1
1097 1364 -1
214 1364 -1
1045 1364 -1
630 1364 -1
317 1364 -1
1427 1430 -1
491 1430 -1
76 1430 -1
699 1430 -1
292 300 -1
12 401 -1
782 788 -1
782 1048 -1
9 782 -1
72 174 -1
1118 1376 -1
598 1376 -1
234 652 -1
337 652 -1
26 652 -1
546 652 -1
1042 1464 -1
64 562 -1
562 1051 -1
64 926 -1
1052 1176 -1
117 1176 -1
699 1326 -1
1326 1427 -1
76 1326 -1
731 829 -1
731 1506 -1
734 769 -1
198 734 -1
797 1476 -1
800 1110 -1
75 388 -1
445 661 -1
