49 68 1
59 60 1
55 60 1
55 59 1
59 65 1
60 65 1
55 65 1
56 58 1
56 65 1
58 65 1
56 59 1
56 60 1
55 56 1
4 13 1
5 23 1
11 14 1
7 15 1
5 5 1
4 17 1
13 17 1
10 23 1
5 10 1
30 38 1
35 43 1
40 43 1
35 40 1
32 32 1
31 37 1
41 43 1
40 41 1
35 41 1
43 50 1
40 50 1
41 50 1
50 50 1
35 50 1
43 43 1
5 54 1
10 54 1
54 54 1
23 54 1
5 70 -1
10 70 -1
23 70 -1
15 27 -1
7 27 -1
20 68 -1
20 49 -1
20 29 -1
31 61 -1
37 61 -1
29 53 -1
37 51 -1
31 51 -1
21 70 -1
6 67 -1
7 35 -1
15 35 -1
7 40 -1
7 41 -1
7 43 -1
29 48 -1
34 61 -1
0 70 -1
21 27 -1
4 27 -1
17 27 -1
13 27 -1
17 43 -1
4 43 -1
13 43 -1
17 40 -1
17 41 -1
17 35 -1
2 18 -1
54 69 -1
44 52 -1
10 12 -1
5 12 -1
12 23 -1
34 41 -1
34 40 -1
34 35 -1
34 50 -1
34 43 -1
