54 70 1
48 51 1
44 56 1
57 62 1
56 71 1
44 71 1
44 45 1
45 56 1
45 71 1
63 70 1
54 63 1
48 65 1
51 65 1
61 66 1
8 9 1
11 23 1
1 22 1
12 20 1
11 17 1
17 23 1
7 20 1
7 12 1
14 21 1
19 20 1
12 19 1
7 19 1
26 27 1
38 39 1
30 37 1
30 43 1
37 43 1
25 34 1
32 34 1
25 32 1
24 35 1
28 38 1
28 39 1
4 27 -1
4 26 -1
13 37 -1
13 43 -1
13 30 -1
13 28 -1
13 38 -1
13 39 -1
21 67 -1
14 67 -1
27 49 -1
26 49 -1
5 67 -1
23 24 -1
17 24 -1
11 24 -1
23 35 -1
18 43 -1
18 37 -1
18 30 -1
8 27 -1
9 27 -1
8 26 -1
29 48 -1
29 65 -1
29 51 -1
8 29 -1
9 29 -1
21 70 -1
14 70 -1
21 54 -1
21 63 -1
10 54 -1
10 70 -1
10 63 -1
12 24 -1
19 24 -1
20 24 -1
7 24 -1
12 35 -1
