48 60 1
44 50 1
49 71 1
45 47 1
48 58 1
58 60 1
46 67 1
50 52 1
44 52 1
58 69 1
48 69 1
60 69 1
47 66 1
45 66 1
3 23 1
7 13 1
23 23 1
4 6 1
4 10 1
6 10 1
16 22 1
3 7 1
7 23 1
3 13 1
7 8 1
3 8 1
8 13 1
8 23 1
28 33 1
32 33 1
28 32 1
29 37 1
40 41 1
30 33 1
30 32 1
28 30 1
35 39 1
24 34 1
10 69 -1
4 69 -1
6 69 -1
10 48 -1
10 58 -1
10 60 -1
5 71 -1
5 49 -1
12 38 -1
6 24 -1
10 24 -1
4 24 -1
6 34 -1
35 49 -1
39 49 -1
35 71 -1
14 57 -1
14 39 -1
14 35 -1
10 67 -1
4 67 -1
6 67 -1
10 46 -1
5 65 -1
15 47 -1
15 66 -1
15 45 -1
29 59 -1
37 59 -1
14 26 -1
17 36 -1
2 53 -1
25 68 -1
25 60 -1
25 48 -1
25 58 -1
25 69 -1
