19 26 1
17 69 1
23 55 1
38 42 1
23 42 1
42 55 1
23 38 1
18 69 1
17 18 1
4 46 1
3 68 1
16 25 1
26 71 1
19 71 1
42 58 1
55 58 1
38 58 1
23 58 1
45 67 1
5 9 1
8 66 1
1 5 1
1 9 1
50 57 1
62 64 1
32 32 1
28 36 1
59 63 1
35 60 1
27 63 1
27 59 1
28 49 1
36 49 1
34 56 1
35 51 1
51 60 1
61 71 -1
26 61 -1
19 61 -1
1 23 -1
9 23 -1
5 23 -1
1 42 -1
1 58 -1
1 38 -1
1 55 -1
34 69 -1
56 69 -1
17 34 -1
18 34 -1
57 66 -1
50 66 -1
8 57 -1
11 64 -1
11 62 -1
40 64 -1
40 62 -1
57 58 -1
50 58 -1
42 57 -1
23 57 -1
38 57 -1
55 57 -1
10 23 -1
10 42 -1
10 58 -1
10 38 -1
10 55 -1
11 30 -1
31 71 -1
26 31 -1
19 31 -1
