25 70 1
14 41 1
15 40 1
12 58 1
15 48 1
40 48 1
20 47 1
26 55 1
40 42 1
42 48 1
15 42 1
42 71 1
40 71 1
48 71 1
15 71 1
5 9 1
10 13 1
8 66 1
31 53 1
49 64 1
60 64 1
49 60 1
52 65 1
49 57 1
57 64 1
57 60 1
27 49 1
27 64 1
27 57 1
27 60 1
53 55 1
55 55 1
31 55 1
26 53 1
53 53 1
8 25 1
25 25 1
25 66 1
8 8 1
8 70 1
27 70 -1
64 70 -1
49 70 -1
60 70 -1
57 70 -1
25 27 -1
3 30 -1
16 31 -1
16 53 -1
8 23 -1
23 66 -1
59 69 -1
40 53 -1
48 53 -1
42 53 -1
53 71 -1
15 53 -1
31 40 -1
23 31 -1
23 53 -1
40 56 -1
48 56 -1
42 56 -1
56 71 -1
15 56 -1
31 71 -1
31 48 -1
31 42 -1
15 31 -1
55 59 -1
26 59 -1
30 63 -1
17 40 -1
17 48 -1
17 42 -1
17 71 -1
15 17 -1
