55 57 1
61 67 1
45 65 1
44 70 1
48 68 1
46 56 1
54 69 1
52 69 1
52 54 1
55 68 1
57 68 1
48 55 1
44 51 1
51 70 1
4 22 1
0 22 1
0 4 1
17 22 1
0 17 1
4 17 1
8 21 1
18 22 1
0 18 1
17 18 1
4 18 1
2 10 1
29 34 1
28 41 1
40 43 1
27 27 1
36 43 1
36 40 1
38 41 1
28 38 1
35 41 1
28 35 1
35 38 1
43 47 -1
40 47 -1
36 47 -1
16 58 -1
8 61 -1
21 61 -1
8 67 -1
18 58 -1
0 58 -1
17 58 -1
4 58 -1
22 58 -1
7 57 -1
7 68 -1
7 55 -1
7 33 -1
1 28 -1
1 41 -1
1 35 -1
1 38 -1
17 61 -1
0 61 -1
18 61 -1
4 61 -1
22 61 -1
17 67 -1
6 37 -1
3 39 -1
30 60 -1
20 60 -1
12 31 -1
21 28 -1
8 28 -1
21 41 -1
21 35 -1
21 38 -1
