42 43 1
15 44 1
41 48 1
21 43 1
21 42 1
21 54 1
42 54 1
43 54 1
17 24 1
3 20 1
7 39 1
24 40 1
17 40 1
24 67 1
40 67 1
17 67 1
15 23 1
23 44 1
1 66 1
8 22 1
1 10 1
10 66 1
27 31 1
28 56 1
31 64 1
27 64 1
37 56 1
28 37 1
36 57 1
50 56 1
28 50 1
37 50 1
33 62 1
20 64 1
64 64 1
3 64 1
20 27 1
20 20 1
20 31 1
3 66 -1
20 66 -1
1 3 -1
3 10 -1
15 64 -1
44 64 -1
23 64 -1
15 27 -1
15 31 -1
15 51 -1
44 51 -1
23 51 -1
7 63 -1
39 63 -1
34 71 -1
18 28 -1
18 56 -1
18 50 -1
18 37 -1
28 42 -1
42 56 -1
42 50 -1
37 42 -1
28 43 -1
21 28 -1
28 54 -1
46 57 -1
36 46 -1
3 30 -1
20 30 -1
1 27 -1
27 66 -1
10 27 -1
1 64 -1
1 31 -1
29 63 -1
6 21 -1
6 42 -1
6 43 -1
6 54 -1
