55 66 1
56 67 1
44 48 1
58 60 1
50 64 1
62 68 1
48 69 1
44 69 1
51 51 1
56 57 1
57 67 1
46 66 1
46 55 1
3 9 1
4 19 1
11 21 1
3 4 1
4 9 1
3 19 1
11 11 1
8 16 1
2 18 1
0 18 1
0 2 1
32 33 1
34 40 1
28 43 1
31 33 1
31 32 1
25 41 1
24 41 1
24 25 1
36 38 1
8 29 1
16 29 1
29 29 1
8 8 1
23 29 1
8 23 1
16 23 1
23 23 1
40 64 -1
34 64 -1
40 50 -1
6 67 -1
6 56 -1
6 57 -1
19 27 -1
3 27 -1
4 27 -1
17 43 -1
17 28 -1
25 56 -1
24 56 -1
41 56 -1
25 57 -1
25 67 -1
30 61 -1
21 29 -1
11 29 -1
31 64 -1
32 64 -1
33 64 -1
31 50 -1
37 51 -1
23 28 -1
23 43 -1
5 69 -1
5 48 -1
5 44 -1
12 38 -1
12 36 -1
10 39 -1
18 37 -1
0 37 -1
2 37 -1
61 70 -1
