69 71 1
46 67 1
20 67 1
20 46 1
3 7 1
4 42 1
23 48 1
11 15 1
6 21 1
67 70 1
20 70 1
46 70 1
17 19 1
54 70 1
54 67 1
20 54 1
46 54 1
20 39 1
39 54 1
39 67 1
39 70 1
39 46 1
1 66 1
8 8 1
1 5 1
5 66 1
28 37 1
57 65 1
27 50 1
50 62 1
27 62 1
30 51 1
35 60 1
30 60 1
51 60 1
30 35 1
57 60 1
60 65 1
51 57 1
35 57 1
30 57 1
23 63 -1
48 63 -1
59 69 -1
59 71 -1
50 69 -1
27 69 -1
62 69 -1
50 71 -1
4 9 -1
9 42 -1
3 66 -1
7 66 -1
1 3 -1
3 5 -1
16 31 -1
4 27 -1
27 42 -1
4 50 -1
4 62 -1
17 53 -1
19 53 -1
2 23 -1
2 48 -1
40 63 -1
40 56 -1
54 60 -1
60 67 -1
20 60 -1
46 60 -1
60 70 -1
39 60 -1
51 54 -1
35 54 -1
54 65 -1
30 54 -1
54 57 -1
