49 64 1
48 53 1
56 58 1
53 58 1
48 58 1
53 56 1
50 55 1
61 69 1
45 67 1
50 52 1
52 55 1
20 21 1
8 13 1
8 8 1
0 3 1
6 23 1
12 17 1
6 15 1
15 23 1
4 12 1
4 17 1
37 40 1
31 37 1
31 40 1
35 42 1
28 28 1
33 43 1
32 41 1
8 43 1
43 43 1
13 43 1
8 33 1
9 42 1
42 42 1
9 9 1
9 35 1
16 65 1
65 65 1
16 16 1
36 48 1
48 48 1
36 58 1
36 36 1
36 53 1
15 62 -1
6 62 -1
23 62 -1
10 60 -1
7 64 -1
7 49 -1
30 60 -1
7 68 -1
28 58 -1
28 56 -1
28 48 -1
28 53 -1
37 58 -1
40 58 -1
31 58 -1
37 56 -1
37 48 -1
37 53 -1
13 30 -1
8 30 -1
22 30 -1
42 70 -1
35 70 -1
35 49 -1
42 49 -1
35 64 -1
3 69 -1
0 69 -1
3 61 -1
2 11 -1
11 21 -1
11 20 -1
