16 68 1
55 71 1
25 38 1
16 58 1
58 68 1
45 69 1
54 69 1
45 54 1
12 55 1
12 71 1
14 15 1
0 14 1
0 15 1
17 58 1
16 17 1
17 68 1
11 45 1
11 69 1
11 54 1
17 55 1
16 55 1
55 58 1
55 68 1
17 71 1
12 17 1
47 48 1
18 38 1
18 25 1
24 46 1
3 23 1
4 23 1
3 4 1
40 69 1
11 40 1
40 45 1
40 54 1
24 42 1
42 46 1
2 13 1
9 22 1
10 13 1
2 10 1
13 66 1
2 66 1
10 66 1
13 13 1
9 13 1
13 22 1
2 9 1
9 10 1
9 66 1
28 63 1
27 28 1
27 63 1
63 64 1
27 64 1
28 64 1
57 63 1
57 64 1
27 57 1
28 57 1
36 50 1
31 51 1
56 64 1
56 57 1
27 56 1
28 56 1
56 63 1
31 35 1
35 51 1
30 59 1
37 63 1
37 64 1
37 56 1
37 57 1
27 37 1
28 37 1
34 58 -1
16 34 -1
17 34 -1
34 68 -1
34 55 -1
1 24 -1
1 42 -1
1 46 -1
17 56 -1
56 68 -1
56 71 -1
12 56 -1
16 56 -1
55 56 -1
56 58 -1
17 64 -1
17 37 -1
17 57 -1
17 27 -1
17 28 -1
17 63 -1
41 66 -1
9 41 -1
2 41 -1
10 41 -1
13 41 -1
5 40 -1
5 11 -1
5 69 -1
5 54 -1
5 45 -1
11 22 -1
22 40 -1
22 45 -1
22 54 -1
22 69 -1
9 11 -1
11 13 -1
30 40 -1
40 59 -1
11 30 -1
30 69 -1
30 54 -1
30 45 -1
60 66 -1
9 60 -1
2 60 -1
10 60 -1
13 60 -1
1 16 -1
1 17 -1
1 58 -1
1 68 -1
1 55 -1
48 63 -1
47 63 -1
48 64 -1
37 48 -1
48 56 -1
48 57 -1
27 48 -1
28 48 -1
46 61 -1
24 61 -1
42 61 -1
31 71 -1
35 71 -1
51 71 -1
17 31 -1
12 31 -1
31 55 -1
28 42 -1
42 64 -1
37 42 -1
42 56 -1
42 57 -1
27 42 -1
42 63 -1
24 28 -1
28 46 -1
