7 47 1
47 55 1
7 55 1
6 54 1
18 43 1
47 70 1
55 70 1
7 70 1
0 16 1
14 20 1
23 68 1
11 20 1
11 14 1
69 71 1
39 69 1
39 71 1
7 24 1
24 55 1
24 70 1
24 47 1
8 22 1
5 5 1
2 13 1
2 5 1
5 13 1
27 50 1
29 33 1
28 51 1
28 52 1
51 52 1
29 57 1
33 57 1
51 60 1
52 60 1
28 60 1
35 53 1
37 37 1
36 69 -1
36 39 -1
36 71 -1
6 31 -1
31 54 -1
10 57 -1
10 33 -1
10 29 -1
13 44 -1
2 44 -1
5 44 -1
9 56 -1
17 50 -1
17 27 -1
30 42 -1
32 58 -1
33 70 -1
57 70 -1
29 70 -1
7 33 -1
24 33 -1
33 55 -1
33 47 -1
16 30 -1
0 30 -1
2 25 -1
13 25 -1
5 25 -1
45 49 -1
18 62 -1
43 62 -1
4 34 -1
15 31 -1
8 40 -1
22 40 -1
10 58 -1
