3 14 1
25 55 1
45 47 1
67 68 1
7 23 1
18 69 1
39 48 1
19 54 1
17 45 1
17 47 1
15 24 1
45 58 1
17 58 1
47 58 1
8 66 1
2 66 1
2 8 1
31 63 1
57 57 1
29 52 1
31 52 1
52 63 1
29 31 1
37 62 1
34 62 1
34 37 1
17 57 1
57 58 1
45 57 1
47 57 1
17 17 1
19 33 1
33 33 1
33 54 1
19 19 1
2 53 1
8 53 1
53 66 1
53 53 1
2 2 1
35 54 1
54 54 1
33 35 1
19 35 1
35 35 1
13 41 -1
13 46 -1
14 30 -1
3 30 -1
3 63 -1
14 63 -1
3 52 -1
3 31 -1
31 69 -1
52 69 -1
29 69 -1
63 69 -1
18 31 -1
2 15 -1
8 15 -1
15 66 -1
2 24 -1
22 48 -1
22 39 -1
8 61 -1
61 66 -1
2 61 -1
20 29 -1
20 52 -1
20 31 -1
17 60 -1
58 60 -1
45 60 -1
47 60 -1
