57 58 1
57 61 1
58 61 1
55 57 1
55 58 1
55 61 1
48 66 1
60 70 1
44 60 1
44 70 1
59 65 1
63 66 1
48 63 1
47 70 1
44 47 1
47 60 1
2 16 1
8 11 1
14 16 1
2 14 1
0 3 1
2 13 1
13 16 1
13 14 1
5 11 1
5 8 1
5 7 1
7 8 1
7 11 1
26 34 1
36 40 1
28 39 1
25 39 1
25 28 1
38 41 1
32 37 1
28 35 1
25 35 1
35 39 1
4 48 -1
4 66 -1
4 63 -1
29 61 -1
29 57 -1
29 58 -1
29 55 -1
15 48 -1
15 66 -1
15 63 -1
24 69 -1
0 56 -1
3 56 -1
10 55 -1
10 57 -1
10 58 -1
10 61 -1
32 57 -1
37 57 -1
32 58 -1
32 61 -1
32 55 -1
4 69 -1
35 46 -1
25 46 -1
28 46 -1
39 46 -1
26 52 -1
34 52 -1
33 51 -1
12 35 -1
12 25 -1
12 28 -1
12 39 -1
42 52 -1
19 52 -1
