1 27 -1
1 31 -1
1 23 -1
1 4 -1
1 68 -1
1 3 -1
1 24 -1
2 3 -1
2 15 -1
2 23 -1
5 40 -1
5 11 -1
5 30 -1
5 15 -1
5 26 -1
6 34 -1
4 8 -1
8 14 -1
8 23 -1
8 15 -1
9 15 -1
4 9 -1
9 40 -1
10 15 -1
10 23 -1
4 10 -1
3 10 -1
11 64 -1
11 30 -1
3 13 -1
13 23 -1
13 15 -1
4 13 -1
0 13 -1
13 31 -1
13 70 -1
1 16 -1
13 16 -1
16 31 -1
17 64 -1
22 26 -1
22 40 -1
11 22 -1
22 69 -1
15 22 -1
3 22 -1
24 27 -1
24 64 -1
23 27 -1
4 27 -1
27 70 -1
11 28 -1
28 40 -1
18 28 -1
3 30 -1
4 30 -1
15 30 -1
30 40 -1
3 31 -1
23 31 -1
31 71 -1
31 70 -1
24 32 -1
3 33 -1
23 33 -1
15 33 -1
34 55 -1
34 46 -1
34 69 -1
34 54 -1
26 34 -1
34 71 -1
24 37 -1
37 41 -1
28 42 -1
46 65 -1
46 50 -1
49 70 -1
50 69 -1
11 50 -1
4 51 -1
11 51 -1
15 51 -1
40 53 -1
53 54 -1
17 53 -1
4 53 -1
15 53 -1
54 65 -1
54 56 -1
55 65 -1
40 56 -1
11 56 -1
26 56 -1
17 56 -1
54 57 -1
55 57 -1
46 57 -1
57 58 -1
45 57 -1
57 66 -1
34 58 -1
58 65 -1
54 59 -1
42 59 -1
55 59 -1
59 69 -1
60 71 -1
60 66 -1
54 60 -1
60 69 -1
39 61 -1
46 61 -1
61 71 -1
4 62 -1
39 63 -1
48 63 -1
40 63 -1
18 63 -1
23 63 -1
26 63 -1
7 63 -1
64 70 -1
4 64 -1
40 64 -1
15 64 -1
65 69 -1
40 65 -1
65 71 -1
66 71 -1
66 70 -1
31 66 -1
25 66 -1
41 66 -1
3 66 -1
18 66 -1
