57 58 1
44 59 1
46 58 1
46 57 1
54 71 1
49 68 1
48 66 1
56 71 1
54 56 1
44 52 1
52 59 1
48 63 1
63 66 1
7 12 1
16 19 1
6 11 1
15 18 1
0 22 1
0 20 1
20 22 1
2 17 1
1 12 1
1 7 1
5 10 1
26 35 1
34 39 1
27 30 1
28 34 1
28 39 1
25 42 1
27 40 1
30 40 1
30 38 1
38 40 1
27 38 1
29 55 1
55 55 1
29 29 1
28 49 1
49 49 1
34 49 1
39 49 1
28 28 1
28 68 1
9 28 -1
9 34 -1
9 39 -1
25 70 -1
42 70 -1
36 68 -1
36 49 -1
0 37 -1
20 37 -1
22 37 -1
32 68 -1
32 49 -1
18 67 -1
15 67 -1
7 31 -1
1 31 -1
12 31 -1
32 57 -1
32 58 -1
32 46 -1
3 54 -1
3 56 -1
3 71 -1
37 57 -1
37 58 -1
37 46 -1
4 51 -1
11 34 -1
6 34 -1
11 28 -1
11 39 -1
3 51 -1
4 62 -1
16 55 -1
19 55 -1
