44 46 1
7 54 1
44 54 1
46 54 1
7 44 1
23 40 1
7 67 1
44 67 1
54 67 1
4 54 1
4 67 1
4 44 1
4 46 1
4 7 1
6 45 1
11 58 1
20 43 1
6 16 1
16 45 1
1 22 1
5 9 1
10 66 1
13 22 1
1 13 1
32 34 1
28 50 1
31 51 1
30 37 1
33 62 1
49 51 1
31 49 1
49 62 1
51 62 1
31 62 1
33 49 1
51 60 1
49 60 1
60 62 1
31 60 1
37 58 -1
30 58 -1
11 37 -1
6 57 -1
16 57 -1
45 57 -1
1 23 -1
13 23 -1
22 23 -1
1 40 -1
15 32 -1
15 34 -1
42 65 -1
27 42 -1
15 29 -1
57 68 -1
6 29 -1
16 29 -1
29 45 -1
48 62 -1
31 48 -1
33 48 -1
48 51 -1
48 60 -1
48 49 -1
65 67 -1
4 65 -1
44 65 -1
54 65 -1
7 65 -1
2 30 -1
2 37 -1
10 26 -1
26 66 -1
35 42 -1
27 43 -1
20 27 -1
