11 20 1
25 70 1
24 71 1
26 54 1
43 54 1
26 43 1
11 38 1
20 38 1
23 38 1
11 23 1
20 23 1
6 69 1
9 13 1
2 8 1
1 66 1
51 59 1
28 60 1
27 34 1
36 63 1
37 61 1
60 65 1
28 65 1
35 59 1
35 51 1
1 31 1
31 66 1
31 31 1
1 1 1
19 37 1
37 37 1
19 19 1
19 61 1
4 62 1
62 62 1
4 4 1
23 35 1
35 35 1
11 35 1
20 35 1
35 38 1
23 51 1
23 23 1
23 59 1
46 49 1
49 49 1
46 46 1
4 59 -1
4 35 -1
4 51 -1
27 68 -1
34 68 -1
43 59 -1
26 59 -1
54 59 -1
35 43 -1
43 51 -1
17 34 -1
17 27 -1
41 61 -1
37 41 -1
23 49 -1
11 49 -1
20 49 -1
38 49 -1
60 67 -1
65 67 -1
28 67 -1
2 23 -1
8 23 -1
2 11 -1
2 20 -1
2 38 -1
6 15 -1
15 69 -1
