52 70 1
58 59 1
44 60 1
65 69 1
44 50 1
50 60 1
46 63 1
46 56 1
56 63 1
56 69 1
46 69 1
63 69 1
56 65 1
57 67 1
56 57 1
57 65 1
57 69 1
46 57 1
57 63 1
56 67 1
60 62 1
50 62 1
44 62 1
53 63 1
53 56 1
53 57 1
53 69 1
46 53 1
8 22 1
15 21 1
10 16 1
0 20 1
2 13 1
4 19 1
2 4 1
4 13 1
2 19 1
1 2 1
1 19 1
1 4 1
1 13 1
0 3 1
3 20 1
9 16 1
9 10 1
1 14 1
2 14 1
14 19 1
4 14 1
13 14 1
3 21 1
0 21 1
20 21 1
3 15 1
35 42 1
32 42 1
32 35 1
26 41 1
29 36 1
35 41 1
32 41 1
41 42 1
26 35 1
32 39 1
39 41 1
39 42 1
35 39 1
26 34 1
34 41 1
34 35 1
34 42 1
26 42 1
32 34 1
34 39 1
20 31 -1
0 31 -1
3 31 -1
21 31 -1
21 71 -1
0 71 -1
3 71 -1
20 71 -1
15 71 -1
10 36 -1
16 36 -1
9 36 -1
10 29 -1
1 41 -1
2 41 -1
19 41 -1
4 41 -1
13 41 -1
14 41 -1
1 32 -1
1 34 -1
1 35 -1
1 39 -1
1 42 -1
1 26 -1
6 68 -1
21 27 -1
0 27 -1
3 27 -1
20 27 -1
15 27 -1
6 69 -1
6 65 -1
6 46 -1
6 53 -1
6 56 -1
6 57 -1
6 63 -1
19 27 -1
1 27 -1
2 27 -1
4 27 -1
14 27 -1
1 36 -1
2 36 -1
19 36 -1
4 36 -1
13 36 -1
14 36 -1
1 29 -1
40 50 -1
40 60 -1
40 44 -1
40 62 -1
31 61 -1
11 37 -1
42 64 -1
32 64 -1
34 64 -1
35 64 -1
39 64 -1
41 64 -1
26 64 -1
39 54 -1
32 54 -1
41 54 -1
42 54 -1
35 54 -1
34 54 -1
27 48 -1
21 70 -1
0 70 -1
3 70 -1
20 70 -1
15 70 -1
21 52 -1
