39 44 1
7 69 1
25 55 1
6 19 1
16 48 1
3 69 1
3 7 1
17 54 1
4 43 1
26 26 1
18 20 1
23 71 1
21 54 1
17 21 1
39 48 1
44 48 1
16 39 1
3 19 1
19 69 1
7 19 1
3 6 1
21 46 1
17 46 1
46 54 1
20 39 1
18 39 1
20 48 1
16 20 1
20 44 1
6 18 1
3 18 1
18 19 1
6 20 1
6 39 1
4 21 1
21 43 1
4 17 1
4 46 1
4 54 1
5 5 1
1 2 1
5 66 1
2 9 1
1 9 1
2 66 1
1 66 1
9 66 1
2 5 1
30 64 1
30 32 1
32 64 1
51 60 1
50 59 1
35 62 1
31 60 1
31 51 1
33 65 1
31 65 1
51 65 1
60 65 1
31 33 1
49 61 1
28 33 1
28 65 1
28 31 1
29 34 1
59 65 1
50 65 1
33 59 1
28 59 1
51 59 1
59 60 1
31 59 1
29 42 -1
34 42 -1
2 45 -1
1 45 -1
45 66 -1
5 45 -1
9 45 -1
35 54 -1
54 62 -1
17 35 -1
4 35 -1
21 35 -1
35 46 -1
27 66 -1
1 27 -1
2 27 -1
5 27 -1
9 27 -1
21 22 -1
17 22 -1
22 43 -1
4 22 -1
22 46 -1
22 54 -1
3 33 -1
18 33 -1
19 33 -1
33 69 -1
6 33 -1
7 33 -1
3 65 -1
3 59 -1
3 28 -1
3 31 -1
5 62 -1
62 66 -1
2 62 -1
5 35 -1
32 69 -1
64 69 -1
30 69 -1
19 32 -1
3 32 -1
7 32 -1
26 27 -1
21 66 -1
17 66 -1
43 66 -1
4 66 -1
46 66 -1
54 66 -1
1 21 -1
2 21 -1
5 21 -1
9 21 -1
35 47 -1
47 62 -1
34 45 -1
29 45 -1
65 66 -1
33 66 -1
28 66 -1
50 66 -1
51 66 -1
59 66 -1
60 66 -1
31 66 -1
1 65 -1
2 65 -1
5 65 -1
9 65 -1
38 50 -1
38 65 -1
38 59 -1
