18 24 1
43 45 1
43 70 1
45 70 1
23 43 1
23 45 1
23 70 1
16 71 1
21 67 1
21 25 1
25 67 1
16 55 1
55 71 1
17 44 1
2 8 1
22 66 1
2 66 1
8 66 1
2 22 1
50 61 1
28 53 1
30 61 1
30 50 1
62 65 1
35 59 1
33 49 1
27 27 1
35 63 1
59 63 1
30 66 1
50 66 1
66 66 1
61 66 1
2 30 1
8 30 1
22 30 1
30 30 1
4 30 -1
4 50 -1
4 61 -1
2 15 -1
8 15 -1
15 66 -1
15 22 -1
59 69 -1
35 69 -1
63 69 -1
60 69 -1
3 33 -1
3 49 -1
11 28 -1
11 53 -1
9 15 -1
60 71 -1
16 60 -1
55 60 -1
8 23 -1
2 23 -1
23 66 -1
8 43 -1
8 45 -1
8 70 -1
11 64 -1
28 42 -1
42 53 -1
68 70 -1
43 68 -1
45 68 -1
23 68 -1
6 17 -1
6 44 -1
48 70 -1
43 48 -1
45 48 -1
23 48 -1
