62 68 1
54 62 1
54 68 1
66 70 1
45 59 1
46 64 1
45 65 1
59 65 1
60 62 1
60 68 1
54 60 1
60 71 1
68 71 1
54 71 1
62 71 1
13 21 1
2 8 1
4 15 1
5 18 1
4 12 1
12 15 1
1 6 1
22 23 1
15 21 1
12 21 1
4 21 1
13 15 1
33 36 1
32 37 1
26 28 1
25 32 1
25 37 1
27 29 1
27 33 1
29 33 1
27 36 1
29 35 1
33 35 1
27 35 1
40 65 -1
40 59 -1
40 45 -1
3 35 -1
3 33 -1
3 27 -1
3 29 -1
32 55 -1
25 55 -1
37 55 -1
10 71 -1
10 68 -1
10 60 -1
10 62 -1
10 54 -1
27 62 -1
33 62 -1
35 62 -1
36 62 -1
29 62 -1
27 60 -1
27 68 -1
27 54 -1
27 71 -1
7 45 -1
7 65 -1
7 59 -1
23 60 -1
22 60 -1
23 68 -1
23 54 -1
23 62 -1
23 71 -1
14 60 -1
14 68 -1
14 54 -1
14 62 -1
14 71 -1
