61 65 1
56 71 1
48 61 1
48 65 1
56 60 1
60 71 1
61 70 1
48 70 1
65 70 1
46 70 1
46 48 1
46 65 1
46 61 1
47 47 1
6 22 1
6 14 1
14 22 1
3 10 1
4 7 1
11 18 1
13 16 1
14 19 1
19 22 1
6 19 1
4 10 1
7 10 1
3 4 1
27 30 1
28 34 1
33 43 1
28 39 1
34 39 1
31 41 1
29 37 1
34 38 1
28 38 1
38 39 1
10 65 -1
3 65 -1
4 65 -1
7 65 -1
10 48 -1
10 46 -1
10 61 -1
10 70 -1
6 57 -1
19 57 -1
14 57 -1
22 57 -1
19 40 -1
6 40 -1
22 40 -1
14 40 -1
8 58 -1
6 50 -1
19 50 -1
14 50 -1
22 50 -1
5 48 -1
5 65 -1
5 46 -1
5 61 -1
5 70 -1
30 67 -1
27 67 -1
38 52 -1
34 52 -1
28 52 -1
39 52 -1
40 57 -1
10 59 -1
3 59 -1
4 59 -1
7 59 -1
