0 67 1
55 67 1
0 55 1
15 45 1
21 43 1
44 58 1
15 54 1
45 54 1
20 58 1
20 44 1
42 54 1
42 45 1
15 42 1
16 23 1
7 18 1
26 68 1
19 70 1
11 58 1
11 20 1
11 44 1
1 9 1
13 66 1
10 13 1
10 66 1
49 60 1
28 31 1
27 31 1
27 28 1
35 61 1
28 29 1
27 29 1
29 31 1
28 49 1
27 49 1
29 49 1
31 49 1
28 60 1
17 59 -1
7 35 -1
18 35 -1
7 61 -1
9 31 -1
1 31 -1
9 49 -1
9 27 -1
9 28 -1
9 29 -1
48 51 -1
43 60 -1
21 60 -1
43 49 -1
28 43 -1
57 69 -1
31 45 -1
45 49 -1
27 45 -1
28 45 -1
29 45 -1
31 42 -1
31 54 -1
15 31 -1
9 17 -1
1 17 -1
59 69 -1
10 53 -1
53 66 -1
13 53 -1
21 52 -1
43 52 -1
34 39 -1
40 53 -1
13 17 -1
17 66 -1
10 17 -1
