52 70 1
61 64 1
45 56 1
45 49 1
49 56 1
55 64 1
55 61 1
47 53 1
56 61 1
49 61 1
45 61 1
56 64 1
55 56 1
47 52 1
52 53 1
47 70 1
50 66 1
62 62 1
45 54 1
54 56 1
49 54 1
54 61 1
54 69 1
56 69 1
49 69 1
45 69 1
61 69 1
50 50 1
10 22 1
20 20 1
8 23 1
2 22 1
2 10 1
2 16 1
10 16 1
16 22 1
13 20 1
7 16 1
2 7 1
7 10 1
7 22 1
9 14 1
5 21 1
12 21 1
5 12 1
1 19 1
7 13 1
13 16 1
2 13 1
10 13 1
13 22 1
7 20 1
37 38 1
30 33 1
24 32 1
25 25 1
24 40 1
32 40 1
34 39 1
29 39 1
29 34 1
32 35 1
24 35 1
35 40 1
34 42 1
29 42 1
39 42 1
28 43 1
26 43 1
26 28 1
26 39 1
39 43 1
28 39 1
26 34 1
26 42 1
26 29 1
34 45 -1
42 45 -1
26 45 -1
29 45 -1
39 45 -1
34 56 -1
34 49 -1
34 61 -1
34 54 -1
34 69 -1
18 34 -1
18 42 -1
18 26 -1
18 29 -1
18 39 -1
1 24 -1
19 24 -1
1 32 -1
1 40 -1
1 35 -1
31 53 -1
31 52 -1
31 47 -1
22 43 -1
16 43 -1
10 43 -1
13 43 -1
2 43 -1
7 43 -1
22 26 -1
22 28 -1
22 39 -1
15 32 -1
15 24 -1
15 40 -1
15 35 -1
11 59 -1
34 70 -1
42 70 -1
26 70 -1
29 70 -1
39 70 -1
34 52 -1
34 47 -1
8 30 -1
23 30 -1
8 33 -1
31 70 -1
0 50 -1
0 66 -1
23 51 -1
8 51 -1
4 62 -1
23 66 -1
8 66 -1
23 50 -1
3 25 -1
14 48 -1
9 48 -1
29 60 -1
34 60 -1
26 60 -1
42 60 -1
39 60 -1
6 70 -1
6 52 -1
6 47 -1
27 64 -1
27 56 -1
27 61 -1
27 55 -1
21 26 -1
12 26 -1
5 26 -1
21 34 -1
21 39 -1
21 42 -1
21 43 -1
21 28 -1
21 29 -1
