20 69 1
18 71 1
11 16 1
20 20 1
17 39 1
4 47 1
41 46 1
11 14 1
14 16 1
6 68 1
41 43 1
43 46 1
55 67 1
16 68 1
11 68 1
14 68 1
6 16 1
45 69 1
20 45 1
2 22 1
2 66 1
22 66 1
5 22 1
2 5 1
5 66 1
61 64 1
34 56 1
34 63 1
56 63 1
53 63 1
53 56 1
34 53 1
37 56 1
34 37 1
37 53 1
37 63 1
32 63 1
32 56 1
32 34 1
32 53 1
32 37 1
48 63 -1
48 56 -1
32 48 -1
34 48 -1
48 53 -1
37 48 -1
15 64 -1
15 61 -1
54 65 -1
28 42 -1
11 28 -1
16 28 -1
28 68 -1
14 28 -1
5 30 -1
2 30 -1
30 66 -1
22 30 -1
34 54 -1
54 56 -1
32 54 -1
37 54 -1
53 54 -1
54 63 -1
54 57 -1
3 66 -1
2 3 -1
3 5 -1
3 22 -1
46 57 -1
41 57 -1
43 57 -1
39 63 -1
17 63 -1
39 56 -1
32 39 -1
34 39 -1
39 53 -1
37 39 -1
