44 67 1
44 62 1
62 67 1
56 66 1
58 66 1
56 58 1
68 70 1
48 53 1
52 63 1
54 67 1
44 54 1
54 62 1
45 54 1
45 67 1
44 45 1
45 62 1
9 10 1
5 6 1
6 12 1
5 12 1
0 1 1
1 13 1
0 13 1
13 20 1
0 20 1
1 20 1
18 20 1
0 18 1
1 18 1
13 18 1
35 43 1
27 27 1
34 43 1
34 35 1
36 37 1
25 31 1
37 37 1
27 28 1
27 36 1
28 36 1
27 37 1
10 26 -1
9 26 -1
29 48 -1
29 53 -1
28 51 -1
27 51 -1
36 51 -1
31 61 -1
25 61 -1
10 39 -1
9 39 -1
8 32 -1
22 27 -1
22 36 -1
22 28 -1
22 37 -1
17 41 -1
6 68 -1
12 68 -1
5 68 -1
6 70 -1
10 35 -1
9 35 -1
10 34 -1
10 43 -1
13 41 -1
0 41 -1
1 41 -1
18 41 -1
20 41 -1
19 42 -1
0 67 -1
1 67 -1
18 67 -1
20 67 -1
13 67 -1
0 44 -1
0 54 -1
0 62 -1
0 45 -1
