44 47 1
59 70 1
61 61 1
44 59 1
47 59 1
44 70 1
64 71 1
52 61 1
49 68 1
48 70 1
48 59 1
44 48 1
52 62 1
61 62 1
16 17 1
14 15 1
0 12 1
7 21 1
4 7 1
4 21 1
13 20 1
10 21 1
4 10 1
7 10 1
12 16 1
0 16 1
12 17 1
31 32 1
27 38 1
30 40 1
27 37 1
37 38 1
24 28 1
27 30 1
30 37 1
30 38 1
27 40 1
29 58 -1
35 58 -1
12 31 -1
0 31 -1
16 31 -1
17 31 -1
12 32 -1
29 51 -1
16 54 -1
0 54 -1
17 54 -1
12 54 -1
39 61 -1
39 52 -1
39 62 -1
30 64 -1
40 64 -1
27 64 -1
37 64 -1
38 64 -1
30 71 -1
30 45 -1
40 45 -1
27 45 -1
37 45 -1
38 45 -1
24 52 -1
28 52 -1
24 61 -1
24 62 -1
0 39 -1
16 39 -1
12 39 -1
5 43 -1
0 28 -1
16 28 -1
12 28 -1
0 24 -1
