63 65 1
61 65 1
61 63 1
47 59 1
54 68 1
61 71 1
65 71 1
63 71 1
51 69 1
67 70 1
47 68 1
59 68 1
47 54 1
55 68 1
55 59 1
54 55 1
47 55 1
7 21 1
10 17 1
8 10 1
8 17 1
11 13 1
9 14 1
1 3 1
0 20 1
5 10 1
5 8 1
5 17 1
2 23 1
34 39 1
27 27 1
25 30 1
31 31 1
26 27 1
36 37 1
29 38 1
37 42 1
36 42 1
25 33 1
30 33 1
25 52 -1
33 52 -1
30 52 -1
21 27 -1
7 27 -1
21 26 -1
7 35 -1
21 35 -1
2 32 -1
23 32 -1
23 28 -1
2 28 -1
40 46 -1
18 37 -1
18 42 -1
18 36 -1
21 70 -1
7 70 -1
21 67 -1
29 61 -1
38 61 -1
29 65 -1
29 71 -1
29 63 -1
42 64 -1
36 64 -1
37 64 -1
31 46 -1
29 49 -1
38 49 -1
10 36 -1
8 36 -1
17 36 -1
5 36 -1
10 42 -1
10 37 -1
