41 54 1
3 43 1
19 45 1
39 68 1
4 18 1
12 48 1
11 45 1
11 19 1
7 48 1
7 12 1
24 48 1
12 24 1
7 24 1
20 71 1
0 20 1
0 71 1
8 66 1
2 9 1
1 2 1
1 9 1
27 50 1
53 63 1
36 65 1
30 62 1
62 62 1
53 61 1
61 63 1
30 33 1
33 62 1
49 56 1
35 58 1
58 58 1
35 35 1
17 30 1
30 30 1
17 33 1
17 62 1
17 17 1
40 61 1
61 61 1
40 40 1
40 53 1
40 63 1
11 33 -1
19 33 -1
33 45 -1
11 62 -1
11 30 -1
16 51 -1
2 11 -1
9 11 -1
1 11 -1
2 19 -1
2 45 -1
1 6 -1
6 9 -1
2 6 -1
41 59 -1
54 59 -1
30 69 -1
33 69 -1
62 69 -1
6 65 -1
6 36 -1
22 27 -1
22 50 -1
24 30 -1
30 48 -1
12 30 -1
7 30 -1
24 33 -1
24 62 -1
26 27 -1
26 50 -1
