58 70 1
25 70 1
25 58 1
12 47 1
40 67 1
12 24 1
24 47 1
18 21 1
3 6 1
14 38 1
47 71 1
24 71 1
12 71 1
19 42 1
20 38 1
14 20 1
20 25 1
14 25 1
25 38 1
20 58 1
20 70 1
1 9 1
2 10 1
1 5 1
5 9 1
31 36 1
35 62 1
33 50 1
27 29 1
62 65 1
35 65 1
32 59 1
33 62 1
50 62 1
33 65 1
33 35 1
32 36 1
36 59 1
31 32 1
3 31 -1
6 31 -1
3 32 -1
3 36 -1
23 31 -1
23 32 -1
23 36 -1
26 34 -1
31 66 -1
32 66 -1
36 66 -1
1 31 -1
9 31 -1
5 31 -1
1 32 -1
1 36 -1
11 28 -1
34 69 -1
31 71 -1
32 71 -1
36 71 -1
24 31 -1
12 31 -1
31 47 -1
1 3 -1
3 9 -1
3 5 -1
1 6 -1
25 66 -1
58 66 -1
38 66 -1
20 66 -1
14 66 -1
66 70 -1
48 63 -1
28 42 -1
19 28 -1
