11 12 1
42 54 1
18 67 1
11 24 1
12 24 1
21 71 1
20 21 1
20 71 1
4 58 1
54 69 1
42 69 1
11 43 1
24 43 1
12 43 1
1 66 1
1 22 1
22 66 1
37 63 1
28 53 1
35 65 1
49 50 1
28 57 1
53 57 1
28 36 1
36 57 1
36 53 1
48 64 1
64 64 1
48 48 1
20 27 1
27 27 1
21 27 1
27 71 1
20 20 1
6 49 1
49 49 1
6 50 1
6 6 1
47 52 1
52 52 1
47 47 1
40 64 1
40 48 1
40 40 1
48 59 1
59 64 1
59 59 1
40 59 1
5 15 -1
15 53 -1
15 57 -1
15 28 -1
15 36 -1
7 63 -1
7 37 -1
65 69 -1
35 69 -1
42 65 -1
54 65 -1
3 30 -1
1 23 -1
23 66 -1
22 23 -1
9 15 -1
55 59 -1
45 57 -1
36 45 -1
28 45 -1
45 53 -1
55 65 -1
35 55 -1
31 66 -1
1 31 -1
22 31 -1
17 26 -1
29 36 -1
29 57 -1
28 29 -1
29 53 -1
