59 60 1
59 65 1
60 65 1
44 60 1
44 65 1
44 59 1
56 57 1
54 59 1
54 65 1
54 60 1
44 54 1
67 69 1
63 66 1
65 67 1
44 67 1
59 67 1
60 67 1
54 67 1
65 69 1
17 22 1
12 22 1
12 17 1
0 12 1
0 17 1
0 22 1
23 23 1
6 15 1
11 13 1
3 8 1
12 13 1
0 13 1
13 17 1
13 22 1
11 12 1
29 38 1
24 27 1
30 40 1
38 40 1
29 40 1
30 38 1
34 37 1
34 40 1
37 40 1
34 38 1
30 34 1
29 34 1
21 70 -1
18 43 -1
22 35 -1
0 35 -1
17 35 -1
12 35 -1
13 35 -1
6 67 -1
15 67 -1
6 65 -1
6 69 -1
6 44 -1
6 54 -1
6 59 -1
6 60 -1
0 71 -1
17 71 -1
12 71 -1
13 71 -1
22 71 -1
15 27 -1
6 27 -1
15 24 -1
10 39 -1
2 31 -1
10 35 -1
23 38 -1
23 40 -1
23 34 -1
23 29 -1
23 30 -1
23 24 -1
23 27 -1
2 25 -1
15 35 -1
6 35 -1
