45 49 1
54 67 1
48 62 1
54 59 1
59 67 1
59 63 1
63 67 1
54 63 1
49 52 1
45 52 1
63 69 1
67 69 1
59 69 1
54 69 1
4 10 1
3 7 1
13 20 1
1 23 1
19 23 1
1 19 1
17 21 1
2 10 1
2 4 1
3 16 1
7 16 1
14 19 1
1 14 1
14 23 1
28 33 1
27 32 1
25 38 1
36 42 1
27 41 1
32 41 1
33 42 1
28 42 1
33 36 1
29 39 1
14 61 -1
1 61 -1
19 61 -1
23 61 -1
4 70 -1
10 70 -1
2 70 -1
8 34 -1
43 47 -1
3 40 -1
16 40 -1
7 40 -1
13 45 -1
20 45 -1
13 49 -1
13 52 -1
20 31 -1
13 31 -1
4 53 -1
10 53 -1
2 53 -1
36 53 -1
33 53 -1
42 53 -1
4 32 -1
10 32 -1
2 32 -1
4 41 -1
4 27 -1
34 56 -1
41 67 -1
32 67 -1
27 67 -1
41 59 -1
41 69 -1
41 54 -1
41 63 -1
