24 48 1
42 58 1
21 41 1
58 70 1
42 70 1
12 12 1
11 48 1
11 24 1
41 67 1
21 67 1
18 67 1
18 41 1
18 21 1
6 42 1
6 58 1
6 70 1
7 7 1
43 44 1
0 20 1
1 2 1
1 5 1
2 5 1
13 13 1
30 65 1
27 56 1
30 37 1
37 65 1
27 37 1
37 56 1
27 65 1
27 30 1
49 50 1
33 51 1
32 53 1
37 59 1
56 59 1
59 65 1
27 59 1
30 59 1
2 43 -1
1 43 -1
5 43 -1
2 44 -1
8 12 -1
13 17 -1
46 64 -1
3 37 -1
3 56 -1
3 65 -1
3 27 -1
3 30 -1
3 59 -1
22 46 -1
2 14 -1
1 14 -1
5 14 -1
16 62 -1
1 47 -1
2 47 -1
5 47 -1
21 56 -1
41 56 -1
18 56 -1
56 67 -1
21 59 -1
21 27 -1
21 37 -1
16 22 -1
58 61 -1
42 61 -1
6 61 -1
61 70 -1
8 39 -1
25 66 -1
29 68 -1
