41 47 1
6 7 1
7 39 1
6 39 1
11 58 1
6 24 1
24 39 1
7 24 1
58 69 1
11 69 1
17 43 1
40 47 1
40 41 1
4 26 1
15 23 1
3 12 1
11 26 1
26 58 1
26 69 1
4 11 1
7 21 1
21 24 1
6 21 1
21 39 1
19 21 1
19 24 1
19 39 1
6 19 1
7 19 1
8 66 1
5 13 1
9 13 1
5 9 1
9 22 1
13 22 1
5 22 1
27 28 1
37 53 1
35 56 1
28 31 1
27 31 1
30 31 1
27 30 1
28 30 1
33 65 1
56 64 1
35 64 1
35 63 1
56 63 1
63 64 1
60 65 1
33 60 1
60 64 1
64 65 1
33 64 1
35 60 1
56 60 1
60 63 1
3 13 -1
12 13 -1
3 9 -1
3 5 -1
3 22 -1
40 66 -1
41 66 -1
47 66 -1
8 40 -1
29 70 -1
5 55 -1
9 55 -1
13 55 -1
22 55 -1
5 37 -1
9 37 -1
13 37 -1
22 37 -1
5 53 -1
30 46 -1
27 46 -1
28 46 -1
31 46 -1
8 71 -1
66 71 -1
33 47 -1
47 64 -1
47 65 -1
47 60 -1
33 40 -1
33 41 -1
53 68 -1
37 68 -1
2 31 -1
2 27 -1
2 28 -1
2 30 -1
1 63 -1
1 56 -1
1 64 -1
1 35 -1
1 60 -1
18 32 -1
48 65 -1
48 64 -1
33 48 -1
48 60 -1
9 30 -1
13 30 -1
22 30 -1
5 30 -1
9 27 -1
9 28 -1
9 31 -1
