16 47 1
17 68 1
3 16 1
3 47 1
18 41 1
12 67 1
15 47 1
15 16 1
3 15 1
0 42 1
4 58 1
26 42 1
0 26 1
17 41 1
41 68 1
17 18 1
45 70 1
14 21 1
17 48 1
41 48 1
18 48 1
48 68 1
2 2 1
10 22 1
2 66 1
8 13 1
30 37 1
32 36 1
28 53 1
51 56 1
28 49 1
49 53 1
30 36 1
36 37 1
30 32 1
29 35 1
52 57 1
33 50 1
0 1 -1
1 42 -1
1 26 -1
6 28 -1
6 49 -1
6 53 -1
10 68 -1
22 68 -1
10 48 -1
10 17 -1
10 41 -1
10 53 -1
22 53 -1
10 49 -1
10 28 -1
10 62 -1
22 62 -1
8 21 -1
13 21 -1
8 14 -1
48 52 -1
17 52 -1
18 52 -1
52 68 -1
41 52 -1
48 57 -1
11 27 -1
65 67 -1
12 65 -1
19 57 -1
19 52 -1
20 52 -1
20 57 -1
48 51 -1
17 51 -1
18 51 -1
51 68 -1
41 51 -1
48 56 -1
