25 47 1
46 55 1
7 20 1
39 69 1
12 46 1
12 55 1
7 15 1
15 20 1
14 21 1
25 41 1
41 47 1
3 26 1
24 71 1
3 70 1
26 70 1
18 40 1
17 23 1
3 17 1
17 26 1
17 70 1
3 23 1
5 22 1
1 1 1
10 10 1
2 5 1
2 22 1
56 62 1
27 33 1
28 57 1
51 63 1
36 52 1
31 62 1
31 56 1
28 50 1
50 57 1
35 61 1
32 34 1
30 53 1
3 10 -1
10 17 -1
10 26 -1
10 70 -1
10 23 -1
55 65 -1
12 65 -1
46 65 -1
55 57 -1
12 57 -1
46 57 -1
50 55 -1
28 55 -1
61 71 -1
35 71 -1
24 61 -1
30 40 -1
40 53 -1
18 30 -1
64 70 -1
17 64 -1
26 64 -1
3 64 -1
53 54 -1
30 54 -1
26 34 -1
17 34 -1
3 34 -1
34 70 -1
26 32 -1
13 70 -1
13 17 -1
13 26 -1
3 13 -1
54 57 -1
50 54 -1
28 54 -1
