65 66 1
48 68 1
60 69 1
48 64 1
64 68 1
58 61 1
52 66 1
52 65 1
47 64 1
47 48 1
47 68 1
58 68 1
61 68 1
48 58 1
58 64 1
47 58 1
51 70 1
51 52 1
52 70 1
51 65 1
51 66 1
4 18 1
7 9 1
17 21 1
11 18 1
4 11 1
0 11 1
0 18 1
0 4 1
1 11 1
0 1 1
1 18 1
1 4 1
7 23 1
9 23 1
12 14 1
19 23 1
9 19 1
7 19 1
27 42 1
25 28 1
24 25 1
24 28 1
29 37 1
38 40 1
32 41 1
32 43 1
41 43 1
34 43 1
32 34 1
34 41 1
27 37 1
37 42 1
27 29 1
21 30 -1
17 30 -1
42 46 -1
27 46 -1
37 46 -1
15 27 -1
15 42 -1
15 37 -1
15 29 -1
5 71 -1
31 46 -1
20 68 -1
20 48 -1
20 64 -1
20 58 -1
20 61 -1
20 47 -1
36 46 -1
21 29 -1
17 29 -1
21 27 -1
21 37 -1
6 68 -1
6 48 -1
6 64 -1
6 58 -1
6 61 -1
6 47 -1
0 68 -1
1 68 -1
18 68 -1
11 68 -1
4 68 -1
0 48 -1
0 64 -1
0 58 -1
0 61 -1
0 47 -1
32 48 -1
41 48 -1
34 48 -1
43 48 -1
32 64 -1
32 58 -1
32 68 -1
32 47 -1
25 56 -1
24 56 -1
28 56 -1
29 49 -1
27 49 -1
37 49 -1
0 71 -1
1 71 -1
18 71 -1
11 71 -1
4 71 -1
