43 54 1
19 24 1
17 42 1
20 47 1
41 45 1
6 19 1
6 24 1
7 25 1
67 69 1
24 43 1
19 43 1
6 43 1
24 54 1
45 70 1
41 70 1
24 45 1
43 45 1
19 45 1
45 54 1
6 45 1
24 70 1
24 41 1
13 13 1
2 5 1
8 66 1
1 2 1
1 5 1
28 61 1
53 60 1
30 37 1
31 52 1
28 65 1
61 65 1
33 37 1
30 33 1
33 52 1
37 52 1
30 52 1
31 33 1
2 33 -1
1 33 -1
5 33 -1
2 52 -1
2 37 -1
2 30 -1
2 31 -1
10 69 -1
10 67 -1
25 64 -1
7 64 -1
8 32 -1
32 66 -1
13 68 -1
45 61 -1
6 61 -1
61 70 -1
41 61 -1
43 61 -1
19 61 -1
54 61 -1
24 61 -1
45 65 -1
28 45 -1
16 49 -1
9 46 -1
33 38 -1
38 52 -1
37 38 -1
30 38 -1
31 38 -1
2 49 -1
1 49 -1
5 49 -1
25 60 -1
7 60 -1
25 53 -1
