46 49 1
61 69 1
66 68 1
44 54 1
44 68 1
54 68 1
44 66 1
65 67 1
45 46 1
45 49 1
3 9 1
9 11 1
3 11 1
2 16 1
14 17 1
11 17 1
9 17 1
3 17 1
11 14 1
30 37 1
24 38 1
34 42 1
32 36 1
27 43 1
26 43 1
26 27 1
14 39 1
17 39 1
11 39 1
39 39 1
14 14 1
7 53 1
53 53 1
7 7 1
32 49 1
49 49 1
36 49 1
32 32 1
32 45 1
32 46 1
14 63 1
17 63 1
11 63 1
63 63 1
39 63 1
34 65 1
65 65 1
42 65 1
34 34 1
34 67 1
23 53 -1
17 33 -1
3 33 -1
9 33 -1
11 33 -1
14 33 -1
34 57 -1
42 57 -1
42 60 -1
34 60 -1
19 28 -1
41 57 -1
20 38 -1
20 24 -1
40 65 -1
40 67 -1
1 27 -1
1 26 -1
1 43 -1
9 60 -1
11 60 -1
17 60 -1
3 60 -1
4 47 -1
4 64 -1
