7 55 1
7 41 1
41 55 1
7 58 1
41 58 1
55 58 1
24 39 1
21 23 1
70 70 1
14 46 1
26 48 1
24 40 1
39 40 1
24 70 1
40 70 1
39 70 1
38 47 1
4 20 1
11 45 1
1 13 1
22 22 1
2 9 1
5 13 1
1 5 1
33 62 1
62 63 1
33 63 1
36 61 1
30 32 1
35 50 1
35 65 1
50 65 1
27 61 1
27 36 1
57 61 1
27 57 1
36 57 1
39 63 -1
24 63 -1
40 63 -1
63 70 -1
33 39 -1
39 62 -1
0 13 -1
0 1 -1
0 5 -1
59 69 -1
4 9 -1
9 20 -1
2 4 -1
23 31 -1
21 31 -1
55 59 -1
41 59 -1
58 59 -1
7 59 -1
54 56 -1
26 63 -1
48 63 -1
26 33 -1
26 62 -1
3 31 -1
10 23 -1
10 21 -1
55 65 -1
41 65 -1
58 65 -1
7 65 -1
50 55 -1
35 55 -1
1 4 -1
4 13 -1
4 5 -1
1 20 -1
