1 36 -1
2 48 -1
2 29 -1
2 25 -1
2 27 -1
2 31 -1
2 49 -1
2 32 -1
3 37 -1
3 28 -1
4 27 -1
7 35 -1
8 35 -1
8 29 -1
8 27 -1
10 35 -1
10 36 -1
10 26 -1
10 39 -1
12 38 -1
12 26 -1
12 36 -1
12 24 -1
13 31 -1
13 24 -1
15 35 -1
15 27 -1
16 36 -1
16 24 -1
18 37 -1
19 42 -1
19 27 -1
20 34 -1
20 31 -1
20 29 -1
21 27 -1
21 29 -1
22 35 -1
22 27 -1
22 39 -1
23 24 -1
23 31 -1
23 26 -1
23 38 -1
25 61 -1
25 52 -1
25 49 -1
25 56 -1
27 49 -1
18 28 -1
13 28 -1
23 28 -1
21 30 -1
30 61 -1
4 30 -1
30 49 -1
32 48 -1
8 32 -1
16 33 -1
34 52 -1
34 61 -1
13 37 -1
8 37 -1
11 37 -1
23 37 -1
40 50 -1
40 46 -1
40 62 -1
40 64 -1
1 41 -1
16 41 -1
17 41 -1
13 41 -1
3 41 -1
42 46 -1
17 43 -1
18 43 -1
36 46 -1
31 46 -1
29 48 -1
27 48 -1
31 49 -1
29 49 -1
31 50 -1
37 51 -1
31 51 -1
13 51 -1
36 51 -1
28 51 -1
39 53 -1
36 53 -1
29 53 -1
29 54 -1
39 54 -1
35 54 -1
36 54 -1
10 54 -1
21 54 -1
31 61 -1
29 61 -1
31 64 -1
42 64 -1
0 67 -1
20 67 -1
5 67 -1
6 67 -1
21 67 -1
0 68 -1
20 68 -1
6 68 -1
5 68 -1
21 68 -1
0 69 -1
20 69 -1
21 69 -1
5 69 -1
6 69 -1
0 70 -1
20 70 -1
6 70 -1
5 70 -1
21 70 -1
0 71 -1
20 71 -1
21 71 -1
6 71 -1
5 71 -1
