51 66 1
65 68 1
44 59 1
68 68 1
54 66 1
51 54 1
50 70 1
44 51 1
51 59 1
44 66 1
44 54 1
48 60 1
61 61 1
54 57 1
57 66 1
51 57 1
44 57 1
45 67 1
59 61 1
51 61 1
44 61 1
1 11 1
14 21 1
19 20 1
1 14 1
11 14 1
1 21 1
7 14 1
1 7 1
7 11 1
7 21 1
7 16 1
1 16 1
11 16 1
16 21 1
14 16 1
3 21 1
3 16 1
1 3 1
3 14 1
3 7 1
26 36 1
28 41 1
42 43 1
35 35 1
32 37 1
33 38 1
31 33 1
31 38 1
27 40 1
35 40 1
27 35 1
26 30 1
30 36 1
32 40 1
37 40 1
32 35 1
27 32 1
38 59 -1
33 59 -1
31 59 -1
38 51 -1
38 44 -1
38 61 -1
7 47 -1
1 47 -1
3 47 -1
11 47 -1
14 47 -1
16 47 -1
21 47 -1
41 65 -1
28 65 -1
41 68 -1
13 59 -1
13 51 -1
13 44 -1
13 61 -1
4 69 -1
12 55 -1
22 24 -1
41 69 -1
28 69 -1
9 49 -1
2 38 -1
2 33 -1
2 31 -1
19 60 -1
20 60 -1
19 48 -1
8 65 -1
8 68 -1
34 53 -1
24 50 -1
24 70 -1
29 46 -1
12 62 -1
5 65 -1
5 68 -1
27 45 -1
40 45 -1
32 45 -1
35 45 -1
27 67 -1
21 41 -1
16 41 -1
1 41 -1
3 41 -1
14 41 -1
7 41 -1
21 28 -1
41 58 -1
28 58 -1
