44 64 1
54 63 1
57 64 1
44 57 1
51 59 1
58 61 1
57 60 1
60 64 1
44 60 1
49 59 1
49 51 1
63 68 1
54 68 1
58 63 1
61 63 1
58 68 1
54 58 1
8 16 1
4 21 1
1 16 1
1 8 1
0 7 1
0 6 1
6 7 1
1 11 1
11 16 1
8 11 1
11 22 1
16 22 1
1 22 1
8 22 1
41 42 1
36 42 1
36 41 1
37 42 1
37 41 1
36 37 1
25 32 1
30 40 1
26 36 1
26 41 1
26 42 1
26 37 1
12 24 -1
19 42 -1
19 41 -1
19 26 -1
19 36 -1
19 37 -1
30 61 -1
40 61 -1
30 58 -1
30 63 -1
36 46 -1
41 46 -1
42 46 -1
26 46 -1
37 46 -1
6 69 -1
0 69 -1
7 69 -1
23 26 -1
23 41 -1
23 42 -1
23 36 -1
23 37 -1
6 70 -1
0 70 -1
7 70 -1
3 28 -1
16 24 -1
8 24 -1
1 24 -1
11 24 -1
22 24 -1
12 36 -1
12 41 -1
12 42 -1
12 26 -1
12 37 -1
