48 54 1
19 69 1
15 45 1
4 25 1
20 47 1
42 69 1
19 42 1
18 47 1
18 20 1
38 41 1
4 24 1
24 25 1
39 46 1
14 45 1
14 15 1
14 47 1
45 47 1
15 47 1
14 18 1
14 20 1
13 13 1
8 66 1
1 8 1
1 66 1
27 59 1
59 62 1
27 62 1
51 59 1
27 51 1
51 62 1
33 37 1
27 32 1
32 51 1
32 59 1
32 62 1
36 71 1
71 71 1
36 36 1
13 42 -1
13 19 -1
13 69 -1
1 50 -1
8 50 -1
50 66 -1
5 6 -1
8 17 -1
1 17 -1
17 66 -1
9 45 -1
9 47 -1
9 14 -1
9 15 -1
32 47 -1
47 51 -1
27 47 -1
47 62 -1
47 59 -1
18 32 -1
20 32 -1
32 45 -1
14 32 -1
15 32 -1
17 61 -1
16 22 -1
0 62 -1
0 27 -1
0 51 -1
0 59 -1
0 32 -1
1 62 -1
8 62 -1
62 66 -1
1 27 -1
1 51 -1
1 59 -1
1 32 -1
29 32 -1
29 51 -1
27 29 -1
29 62 -1
29 59 -1
