50 55 1
55 64 1
50 64 1
56 61 1
49 60 1
46 64 1
46 50 1
46 55 1
59 70 1
55 60 1
60 64 1
50 60 1
46 60 1
49 55 1
8 23 1
1 13 1
0 21 1
1 8 1
8 13 1
1 23 1
4 14 1
0 0 1
11 12 1
16 18 1
30 31 1
39 43 1
32 38 1
25 40 1
36 36 1
27 35 1
34 43 1
34 39 1
7 26 1
26 26 1
7 7 1
32 46 1
46 46 1
38 46 1
32 64 1
32 32 1
32 50 1
32 55 1
32 60 1
28 63 1
63 63 1
28 28 1
1 50 -1
8 50 -1
13 50 -1
23 50 -1
1 64 -1
1 60 -1
1 46 -1
1 55 -1
2 40 -1
2 25 -1
9 57 -1
19 51 -1
7 64 -1
7 50 -1
7 60 -1
7 46 -1
7 55 -1
5 68 -1
6 27 -1
6 35 -1
19 39 -1
19 34 -1
19 43 -1
10 36 -1
31 54 -1
30 54 -1
18 58 -1
16 58 -1
8 70 -1
1 70 -1
13 70 -1
23 70 -1
8 59 -1
