50 57 1
64 65 1
47 57 1
47 50 1
52 55 1
55 58 1
52 58 1
47 47 1
50 60 1
57 60 1
47 60 1
45 71 1
47 58 1
57 58 1
50 58 1
58 60 1
47 52 1
47 55 1
12 18 1
15 23 1
2 4 1
2 18 1
4 18 1
2 12 1
9 20 1
17 23 1
15 17 1
1 16 1
5 9 1
5 20 1
25 31 1
27 38 1
38 39 1
27 39 1
31 43 1
25 43 1
38 40 1
27 40 1
39 40 1
26 34 1
5 69 -1
9 69 -1
20 69 -1
20 34 -1
9 34 -1
5 34 -1
20 26 -1
29 49 -1
34 61 -1
26 61 -1
8 29 -1
40 64 -1
27 64 -1
38 64 -1
39 64 -1
40 65 -1
16 33 -1
1 33 -1
10 54 -1
15 27 -1
17 27 -1
23 27 -1
15 40 -1
15 38 -1
15 39 -1
31 49 -1
25 49 -1
43 49 -1
42 46 -1
17 41 -1
15 41 -1
23 41 -1
18 28 -1
4 28 -1
2 28 -1
12 28 -1
