47 64 1
46 65 1
64 71 1
47 71 1
51 71 1
51 64 1
47 51 1
56 67 1
47 55 1
55 64 1
51 55 1
55 71 1
61 63 1
49 51 1
49 64 1
49 55 1
47 49 1
49 71 1
16 19 1
1 6 1
8 13 1
8 11 1
11 13 1
0 18 1
4 23 1
8 23 1
11 23 1
13 23 1
4 8 1
0 16 1
16 18 1
0 19 1
27 29 1
26 38 1
30 39 1
37 41 1
35 42 1
24 38 1
24 26 1
34 43 1
35 37 1
37 42 1
35 41 1
2 32 -1
0 70 -1
16 70 -1
18 70 -1
19 70 -1
16 36 -1
0 36 -1
18 36 -1
19 36 -1
3 37 -1
3 41 -1
3 42 -1
3 35 -1
16 33 -1
0 33 -1
18 33 -1
19 33 -1
25 61 -1
25 63 -1
16 24 -1
0 24 -1
18 24 -1
19 24 -1
16 26 -1
16 38 -1
12 24 -1
12 26 -1
12 38 -1
39 53 -1
30 53 -1
10 54 -1
20 70 -1
29 53 -1
27 53 -1
22 39 -1
22 30 -1
