38 68 1
20 46 1
12 42 1
42 55 1
12 55 1
11 41 1
7 20 1
7 46 1
25 43 1
19 20 1
19 46 1
7 19 1
12 16 1
16 42 1
16 55 1
25 48 1
43 48 1
41 55 1
11 55 1
16 41 1
41 42 1
12 41 1
8 13 1
5 13 1
5 8 1
5 66 1
8 66 1
13 66 1
61 61 1
30 51 1
29 52 1
29 59 1
52 59 1
56 56 1
30 53 1
51 53 1
50 59 1
50 52 1
29 50 1
34 35 1
25 51 -1
48 51 -1
43 51 -1
25 53 -1
25 30 -1
54 56 -1
22 28 -1
8 63 -1
63 66 -1
13 63 -1
5 63 -1
22 30 -1
22 51 -1
22 53 -1
8 41 -1
41 66 -1
13 41 -1
5 41 -1
8 16 -1
8 42 -1
8 11 -1
8 12 -1
8 55 -1
8 47 -1
47 66 -1
13 47 -1
5 47 -1
37 43 -1
37 48 -1
25 37 -1
13 35 -1
8 35 -1
35 66 -1
5 35 -1
13 34 -1
9 28 -1
