57 58 1
63 70 1
54 67 1
54 64 1
64 67 1
53 65 1
51 57 1
51 58 1
50 66 1
14 18 1
3 12 1
4 13 1
11 13 1
4 11 1
6 21 1
6 12 1
12 21 1
3 6 1
27 31 1
26 38 1
26 42 1
38 42 1
42 42 1
25 37 1
27 54 1
54 54 1
31 54 1
27 64 1
27 27 1
27 67 1
6 54 1
3 54 1
12 54 1
21 54 1
6 64 1
6 67 1
6 6 1
6 27 1
6 31 1
18 40 1
40 40 1
14 40 1
18 18 1
13 57 1
57 57 1
11 57 1
4 57 1
13 13 1
13 51 1
13 58 1
5 70 -1
5 63 -1
2 25 -1
2 37 -1
36 54 -1
36 64 -1
36 67 -1
2 31 -1
2 27 -1
13 31 -1
11 31 -1
4 31 -1
13 27 -1
5 67 -1
5 64 -1
5 54 -1
16 24 -1
23 24 -1
13 37 -1
11 37 -1
4 37 -1
13 25 -1
13 28 -1
11 28 -1
4 28 -1
5 9 -1
52 71 -1
