35 42 1
58 136 1
76 91 1
59 114 1
70 119 1
62 70 1
62 119 1
67 106 1
67 105 1
105 106 1
28 120 1
49 56 1
0 28 1
0 120 1
15 82 1
22 36 1
81 114 1
59 81 1
62 126 1
70 126 1
119 126 1
48 58 1
48 136 1
43 56 1
43 49 1
72 117 1
55 133 1
121 129 1
20 88 1
98 121 1
98 129 1
56 114 1
49 114 1
43 114 1
56 81 1
56 59 1
91 138 1
76 138 1
57 61 1
23 74 1
109 132 1
24 36 1
22 24 1
43 82 1
56 82 1
49 82 1
82 114 1
15 43 1
18 125 1
4 90 1
72 120 1
117 120 1
0 72 1
28 72 1
143 147 1
146 148 1
149 152 1
141 150 1
144 151 1
146 150 1
148 150 1
141 146 1
165 181 1
164 176 1
169 179 1
178 178 1
164 174 1
174 176 1
166 177 1
185 198 1
194 202 1
197 201 1
190 200 1
184 197 1
184 201 1
186 196 1
157 159 1
157 160 1
159 160 1
82 146 1
43 146 1
146 146 1
15 146 1
49 146 1
114 146 1
56 146 1
82 141 1
82 82 1
82 148 1
82 150 1
123 160 1
160 160 1
123 123 1
123 157 1
123 159 1
111 168 1
168 168 1
111 111 1
63 168 1
63 63 1
63 111 1
69 202 1
202 202 1
69 194 1
69 69 1
73 141 1
141 141 1
73 73 1
73 146 1
73 82 1
73 150 1
169 191 1
179 191 1
191 191 1
169 169 1
176 196 1
196 196 1
164 196 1
174 196 1
176 176 1
176 186 1
31 146 -1
31 148 -1
31 141 -1
31 150 -1
9 200 -1
9 190 -1
96 157 -1
96 160 -1
96 159 -1
117 165 -1
72 165 -1
120 165 -1
117 181 -1
96 164 -1
96 176 -1
96 174 -1
7 159 -1
7 160 -1
7 157 -1
38 186 -1
38 196 -1
57 183 -1
61 183 -1
32 161 -1
2 193 -1
60 140 -1
12 199 -1
82 198 -1
56 198 -1
49 198 -1
114 198 -1
43 198 -1
15 198 -1
82 185 -1
25 193 -1
147 197 -1
143 197 -1
147 184 -1
147 201 -1
114 175 -1
49 175 -1
43 175 -1
81 175 -1
82 175 -1
56 175 -1
59 175 -1
83 186 -1
83 196 -1
1 155 -1
75 154 -1
175 187 -1
173 185 -1
173 198 -1
61 147 -1
57 147 -1
61 143 -1
32 188 -1
21 153 -1
75 162 -1
112 184 -1
112 201 -1
112 197 -1
113 155 -1
64 148 -1
64 146 -1
64 150 -1
85 195 -1
88 165 -1
20 165 -1
88 181 -1
42 177 -1
35 177 -1
42 166 -1
115 198 -1
115 185 -1
17 190 -1
17 200 -1
172 176 -1
164 172 -1
172 174 -1
12 33 -1
10 111 -1
10 168 -1
10 63 -1
