26 114 1
0 132 1
38 78 1
18 49 1
90 121 1
112 122 1
67 121 1
67 90 1
43 127 1
71 118 1
40 52 1
124 125 1
73 114 1
26 73 1
17 67 1
17 121 1
17 90 1
51 97 1
76 85 1
59 123 1
61 94 1
76 127 1
85 127 1
43 76 1
39 52 1
39 40 1
73 99 1
99 114 1
26 99 1
55 80 1
0 87 1
87 132 1
101 120 1
17 37 1
37 121 1
37 90 1
37 67 1
5 41 1
5 94 1
41 94 1
5 61 1
55 64 1
64 80 1
36 76 1
36 43 1
36 85 1
36 127 1
66 84 1
87 121 1
0 121 1
121 132 1
67 87 1
37 87 1
17 87 1
87 90 1
63 116 1
74 89 1
62 97 1
51 62 1
2 14 1
46 94 1
41 46 1
46 61 1
5 46 1
143 147 1
150 151 1
140 155 1
144 145 1
145 151 1
144 151 1
145 150 1
170 182 1
164 177 1
167 176 1
172 181 1
168 169 1
167 171 1
171 176 1
163 178 1
171 173 1
173 176 1
167 173 1
186 191 1
185 201 1
184 188 1
184 198 1
188 198 1
189 198 1
184 189 1
188 189 1
187 193 1
157 158 1
157 157 1
126 174 1
174 174 1
126 126 1
178 186 1
186 186 1
163 186 1
178 178 1
178 191 1
36 196 1
196 196 1
43 196 1
76 196 1
85 196 1
127 196 1
36 36 1
128 141 1
141 141 1
128 128 1
116 155 -1
63 155 -1
116 140 -1
175 201 -1
175 185 -1
131 155 -1
131 140 -1
49 175 -1
18 175 -1
12 161 -1
29 175 -1
160 184 -1
160 188 -1
160 189 -1
160 198 -1
126 159 -1
95 165 -1
82 167 -1
82 176 -1
82 171 -1
82 173 -1
92 175 -1
8 158 -1
8 157 -1
18 178 -1
49 178 -1
18 163 -1
20 178 -1
20 163 -1
24 162 -1
45 179 -1
11 160 -1
3 156 -1
116 147 -1
63 147 -1
116 143 -1
88 175 -1
122 157 -1
112 157 -1
122 158 -1
112 148 -1
122 148 -1
48 164 -1
48 177 -1
114 201 -1
73 201 -1
26 201 -1
99 201 -1
114 185 -1
12 174 -1
108 181 -1
108 172 -1
61 166 -1
46 166 -1
5 166 -1
94 166 -1
116 149 -1
63 149 -1
74 201 -1
89 201 -1
74 185 -1
29 181 -1
29 172 -1
82 157 -1
82 158 -1
116 142 -1
63 142 -1
118 156 -1
71 156 -1
67 146 -1
121 146 -1
90 146 -1
87 146 -1
37 146 -1
17 146 -1
116 141 -1
63 141 -1
15 201 -1
15 185 -1
9 161 -1
116 145 -1
63 145 -1
116 144 -1
116 150 -1
116 151 -1
93 167 -1
93 176 -1
93 171 -1
93 173 -1
77 171 -1
77 176 -1
77 173 -1
77 167 -1
48 115 -1
