15 65 1
105 105 1
9 24 1
116 138 1
9 40 1
24 40 1
37 77 1
12 29 1
84 101 1
36 97 1
73 111 1
30 39 1
26 66 1
24 60 1
40 60 1
9 60 1
26 36 1
36 66 1
26 97 1
21 107 1
65 135 1
15 135 1
74 123 1
91 121 1
41 60 1
24 41 1
40 41 1
9 41 1
37 92 1
77 92 1
24 134 1
40 134 1
9 134 1
60 134 1
41 134 1
49 78 1
104 134 1
40 104 1
41 104 1
9 104 1
24 104 1
60 104 1
6 94 1
83 128 1
22 115 1
61 127 1
21 63 1
63 107 1
1 138 1
1 116 1
38 127 1
38 61 1
38 100 1
61 100 1
100 127 1
97 122 1
26 122 1
36 122 1
42 72 1
15 97 1
65 97 1
97 135 1
15 36 1
15 26 1
15 122 1
11 37 1
11 92 1
11 77 1
83 124 1
124 128 1
141 154 1
150 153 1
149 151 1
143 147 1
143 146 1
146 147 1
153 154 1
150 154 1
141 153 1
165 166 1
179 179 1
167 171 1
173 173 1
175 180 1
169 176 1
164 176 1
164 169 1
164 182 1
176 182 1
169 182 1
186 195 1
192 197 1
184 193 1
189 197 1
189 192 1
183 194 1
190 201 1
185 197 1
185 192 1
185 189 1
156 160 1
158 161 1
67 155 -1
77 163 -1
11 163 -1
92 163 -1
37 163 -1
11 165 -1
92 165 -1
37 165 -1
77 165 -1
11 166 -1
88 172 -1
93 143 -1
93 146 -1
93 147 -1
126 159 -1
107 155 -1
21 155 -1
63 155 -1
73 158 -1
111 158 -1
73 161 -1
77 177 -1
11 177 -1
92 177 -1
37 177 -1
82 167 -1
82 171 -1
82 179 -1
65 145 -1
97 145 -1
135 145 -1
15 145 -1
11 187 -1
92 187 -1
37 187 -1
77 187 -1
20 151 -1
20 149 -1
55 161 -1
55 158 -1
83 167 -1
128 167 -1
124 167 -1
83 171 -1
8 170 -1
48 164 -1
48 176 -1
48 169 -1
48 182 -1
38 146 -1
100 146 -1
61 146 -1
127 146 -1
38 147 -1
38 143 -1
104 178 -1
134 178 -1
40 178 -1
41 178 -1
9 178 -1
24 178 -1
60 178 -1
50 174 -1
111 151 -1
73 151 -1
111 149 -1
11 181 -1
92 181 -1
37 181 -1
77 181 -1
92 175 -1
11 175 -1
37 175 -1
77 175 -1
92 180 -1
93 158 -1
93 161 -1
11 201 -1
92 201 -1
37 201 -1
77 201 -1
11 190 -1
80 156 -1
80 160 -1
108 175 -1
108 180 -1
133 156 -1
133 160 -1
18 178 -1
131 143 -1
131 146 -1
131 147 -1
116 140 -1
1 140 -1
138 140 -1
45 156 -1
45 160 -1
15 201 -1
65 201 -1
36 201 -1
97 201 -1
135 201 -1
26 201 -1
122 201 -1
15 190 -1
