0 3 1
54 138 1
95 128 1
50 60 1
12 41 1
97 130 1
51 82 1
48 134 1
102 112 1
59 61 1
54 132 1
132 138 1
60 62 1
50 62 1
40 56 1
63 128 1
63 95 1
42 79 1
9 131 1
10 117 1
98 131 1
9 98 1
101 120 1
57 115 1
53 67 1
50 72 1
60 72 1
62 72 1
86 130 1
86 97 1
63 90 1
90 128 1
90 95 1
67 91 1
53 91 1
143 149 1
142 146 1
140 146 1
140 142 1
176 178 1
173 180 1
174 178 1
174 176 1
170 173 1
170 180 1
190 202 1
187 191 1
190 197 1
197 202 1
158 159 1
45 156 -1
116 155 -1
80 159 -1
80 158 -1
77 177 -1
61 172 -1
59 172 -1
116 142 -1
116 146 -1
116 140 -1
77 163 -1
88 171 -1
95 165 -1
128 165 -1
90 165 -1
63 165 -1
4 173 -1
4 170 -1
4 180 -1
59 174 -1
61 174 -1
59 176 -1
59 178 -1
118 173 -1
118 170 -1
118 180 -1
14 175 -1
68 160 -1
131 155 -1
9 155 -1
98 155 -1
48 164 -1
134 164 -1
78 151 -1
8 162 -1
112 148 -1
102 148 -1
88 172 -1
107 155 -1
8 174 -1
8 176 -1
8 178 -1
11 201 -1
116 145 -1
9 161 -1
98 161 -1
131 161 -1
118 159 -1
118 158 -1
78 160 -1
