45 54 1
15 26 1
48 119 1
87 117 1
11 137 1
63 125 1
73 116 1
24 127 1
90 136 1
78 85 1
43 102 1
106 112 1
35 109 1
114 130 1
29 48 1
29 119 1
45 94 1
54 94 1
22 86 1
60 130 1
60 114 1
13 16 1
29 116 1
48 116 1
116 119 1
29 73 1
11 93 1
93 137 1
15 42 1
26 42 1
19 90 1
19 136 1
34 91 1
44 108 1
14 74 1
18 115 1
40 43 1
40 102 1
1 38 1
24 52 1
52 127 1
30 121 1
67 113 1
23 104 1
100 128 1
84 111 1
96 122 1
76 132 1
107 122 1
96 107 1
27 104 1
23 27 1
37 96 1
37 122 1
37 107 1
16 27 1
13 27 1
16 104 1
16 23 1
0 83 1
10 28 1
12 91 1
12 34 1
39 101 1
40 98 1
43 98 1
98 102 1
59 98 1
40 59 1
43 59 1
59 102 1
147 151 1
151 152 1
147 152 1
144 151 1
144 152 1
144 147 1
139 154 1
148 150 1
177 179 1
174 179 1
174 177 1
172 181 1
165 165 1
162 179 1
162 177 1
162 174 1
163 164 1
165 176 1
190 194 1
191 201 1
188 198 1
194 196 1
190 196 1
183 199 1
184 201 1
184 191 1
191 200 1
184 200 1
200 201 1
158 161 1
157 158 1
157 161 1
100 169 -1
128 169 -1
69 189 -1
91 202 -1
34 202 -1
12 202 -1
21 201 -1
21 184 -1
21 200 -1
21 191 -1
30 192 -1
121 192 -1
119 178 -1
48 178 -1
116 178 -1
29 178 -1
99 169 -1
134 167 -1
27 190 -1
104 190 -1
16 190 -1
13 190 -1
23 190 -1
27 194 -1
27 196 -1
139 181 -1
154 181 -1
139 172 -1
79 152 -1
79 144 -1
79 147 -1
79 151 -1
10 152 -1
28 152 -1
10 144 -1
10 147 -1
10 151 -1
26 175 -1
42 175 -1
15 175 -1
5 176 -1
5 165 -1
93 177 -1
137 177 -1
11 177 -1
93 162 -1
93 179 -1
93 174 -1
116 143 -1
48 143 -1
73 143 -1
29 143 -1
119 143 -1
134 169 -1
107 183 -1
96 183 -1
122 183 -1
37 183 -1
107 199 -1
50 155 -1
4 155 -1
103 144 -1
103 152 -1
103 147 -1
103 151 -1
131 165 -1
131 176 -1
123 171 -1
122 195 -1
96 195 -1
107 195 -1
37 195 -1
134 196 -1
134 194 -1
134 190 -1
109 192 -1
35 192 -1
27 140 -1
104 140 -1
16 140 -1
13 140 -1
23 140 -1
22 168 -1
86 168 -1
75 158 -1
75 161 -1
75 157 -1
28 185 -1
10 185 -1
110 156 -1
56 182 -1
142 166 -1
149 180 -1
54 173 -1
45 173 -1
94 173 -1
135 202 -1
129 140 -1
87 189 -1
117 189 -1
136 159 -1
90 159 -1
19 159 -1
