0 175 -1
8 174 -1
11 175 -1
11 181 -1
11 171 -1
20 151 -1
29 181 -1
29 175 -1
29 171 -1
38 146 -1
46 168 -1
48 167 -1
48 162 -1
48 164 -1
54 143 -1
55 143 -1
63 155 -1
64 143 -1
65 155 -1
65 146 -1
67 155 -1
67 146 -1
70 176 -1
70 166 -1
70 164 -1
76 146 -1
77 171 -1
77 176 -1
80 156 -1
80 161 -1
80 173 -1
82 167 -1
83 143 -1
83 167 -1
85 151 -1
90 155 -1
92 175 -1
98 156 -1
98 159 -1
104 171 -1
104 178 -1
104 176 -1
105 167 -1
107 155 -1
108 175 -1
111 151 -1
112 152 -1
112 150 -1
112 149 -1
112 155 -1
112 139 -1
112 148 -1
114 150 -1
116 148 -1
116 150 -1
116 139 -1
116 152 -1
116 144 -1
116 140 -1
116 147 -1
116 142 -1
116 149 -1
116 155 -1
116 153 -1
127 166 -1
130 161 -1
131 155 -1
131 143 -1
132 143 -1
133 173 -1
133 156 -1
136 151 -1
136 142 -1
136 149 -1
136 155 -1
136 146 -1
136 148 -1
137 175 -1
116 141 -1
93 143 -1
105 143 -1
9 143 -1
116 143 -1
116 145 -1
67 145 -1
65 145 -1
43 145 -1
19 145 -1
18 151 -1
78 151 -1
38 151 -1
116 154 -1
3 156 -1
118 156 -1
45 156 -1
73 156 -1
130 156 -1
50 156 -1
11 157 -1
122 157 -1
80 157 -1
82 157 -1
37 157 -1
22 157 -1
45 157 -1
53 157 -1
24 158 -1
73 158 -1
93 158 -1
5 158 -1
8 158 -1
3 158 -1
118 158 -1
80 158 -1
80 159 -1
3 159 -1
126 159 -1
118 159 -1
45 159 -1
24 159 -1
11 160 -1
160 175 -1
160 189 -1
108 160 -1
160 184 -1
160 181 -1
160 188 -1
29 160 -1
160 186 -1
68 160 -1
78 160 -1
69 161 -1
55 161 -1
9 161 -1
3 161 -1
12 161 -1
132 161 -1
59 161 -1
143 161 -1
45 162 -1
24 162 -1
8 162 -1
77 163 -1
18 165 -1
11 165 -1
95 165 -1
82 165 -1
88 165 -1
37 165 -1
74 165 -1
61 166 -1
82 166 -1
53 167 -1
4 167 -1
129 167 -1
93 167 -1
22 167 -1
48 170 -1
8 170 -1
24 170 -1
4 170 -1
73 170 -1
18 171 -1
49 171 -1
78 171 -1
88 171 -1
18 172 -1
87 172 -1
53 172 -1
11 172 -1
95 172 -1
88 172 -1
61 172 -1
82 172 -1
100 172 -1
101 172 -1
45 173 -1
37 173 -1
126 173 -1
53 173 -1
1 173 -1
118 173 -1
26 173 -1
4 173 -1
24 174 -1
59 174 -1
50 174 -1
99 174 -1
22 174 -1
48 174 -1
12 174 -1
78 175 -1
88 175 -1
26 175 -1
74 175 -1
41 175 -1
18 175 -1
49 175 -1
14 175 -1
82 176 -1
77 177 -1
18 177 -1
77 178 -1
20 178 -1
49 178 -1
18 178 -1
70 178 -1
11 179 -1
46 179 -1
114 179 -1
56 179 -1
45 179 -1
74 179 -1
82 179 -1
77 180 -1
18 180 -1
68 181 -1
49 181 -1
78 181 -1
18 181 -1
41 181 -1
0 181 -1
108 181 -1
99 182 -1
108 187 -1
11 187 -1
175 187 -1
11 189 -1
108 189 -1
26 201 -1
11 201 -1
175 201 -1
157 201 -1
74 201 -1
114 201 -1
56 201 -1
15 201 -1
45 201 -1
14 201 -1
156 201 -1
