2 57 1
78 118 1
13 100 1
38 124 1
14 39 1
30 40 1
13 115 1
100 115 1
61 87 1
84 102 1
49 110 1
81 122 1
100 127 1
115 127 1
13 127 1
53 57 1
2 53 1
26 120 1
56 68 1
47 127 1
47 115 1
47 100 1
13 47 1
61 82 1
82 87 1
76 138 1
50 96 1
30 62 1
40 62 1
7 103 1
13 35 1
35 47 1
35 115 1
35 100 1
35 127 1
48 113 1
12 118 1
12 78 1
67 87 1
67 82 1
61 67 1
9 26 1
9 120 1
120 121 1
9 121 1
26 121 1
21 108 1
62 87 1
40 87 1
30 87 1
62 67 1
62 82 1
61 62 1
109 131 1
18 138 1
18 76 1
69 83 1
44 84 1
44 102 1
4 76 1
4 138 1
4 18 1
32 112 1
67 88 1
82 88 1
61 88 1
62 88 1
87 88 1
120 120 1
139 147 1
144 152 1
143 152 1
143 144 1
145 154 1
147 150 1
139 150 1
139 155 1
147 155 1
150 155 1
163 181 1
171 176 1
164 164 1
168 176 1
168 171 1
165 171 1
165 176 1
165 168 1
168 173 1
173 176 1
171 173 1
165 173 1
183 190 1
186 198 1
186 192 1
192 198 1
196 202 1
187 187 1
192 193 1
186 193 1
193 198 1
160 160 1
160 161 1
109 142 -1
131 142 -1
130 173 -1
130 168 -1
130 176 -1
130 171 -1
130 165 -1
85 190 -1
85 183 -1
127 193 -1
35 193 -1
115 193 -1
100 193 -1
13 193 -1
47 193 -1
127 192 -1
127 186 -1
127 198 -1
130 163 -1
130 181 -1
67 147 -1
88 147 -1
82 147 -1
61 147 -1
62 147 -1
87 147 -1
67 139 -1
67 155 -1
67 150 -1
65 144 -1
65 152 -1
65 143 -1
130 190 -1
130 183 -1
163 200 -1
181 200 -1
34 148 -1
120 164 -1
9 164 -1
26 164 -1
121 164 -1
27 148 -1
171 192 -1
176 192 -1
168 192 -1
165 192 -1
173 192 -1
171 193 -1
171 186 -1
171 198 -1
62 182 -1
67 182 -1
40 182 -1
82 182 -1
87 182 -1
88 182 -1
61 182 -1
30 182 -1
4 170 -1
138 170 -1
76 170 -1
18 170 -1
20 191 -1
26 155 -1
120 155 -1
9 155 -1
121 155 -1
26 139 -1
26 147 -1
26 150 -1
86 182 -1
46 168 -1
46 176 -1
46 171 -1
46 165 -1
46 173 -1
158 172 -1
68 172 -1
56 172 -1
160 163 -1
161 163 -1
160 181 -1
113 152 -1
48 152 -1
113 144 -1
113 143 -1
143 179 -1
152 179 -1
144 179 -1
12 169 -1
78 169 -1
118 169 -1
18 158 -1
4 158 -1
138 158 -1
76 158 -1
48 145 -1
113 145 -1
48 154 -1
150 181 -1
147 181 -1
139 181 -1
155 181 -1
150 163 -1
