76 103 1
16 138 1
26 52 1
95 110 1
40 121 1
5 121 1
5 40 1
29 132 1
10 94 1
5 137 1
40 137 1
121 137 1
113 117 1
79 131 1
15 73 1
4 60 1
33 121 1
33 40 1
33 137 1
5 33 1
54 134 1
81 125 1
8 20 1
132 138 1
29 138 1
16 132 1
35 61 1
38 95 1
38 110 1
8 52 1
20 52 1
8 26 1
43 112 1
53 111 1
32 134 1
32 54 1
106 114 1
63 128 1
95 134 1
38 134 1
110 134 1
32 95 1
54 95 1
18 24 1
3 51 1
59 88 1
85 113 1
85 117 1
99 111 1
53 99 1
52 115 1
8 115 1
26 115 1
20 115 1
76 106 1
103 106 1
76 114 1
23 66 1
71 77 1
94 137 1
10 137 1
33 94 1
5 94 1
40 94 1
94 121 1
44 118 1
2 44 1
2 118 1
13 99 1
13 53 1
13 111 1
38 72 1
72 134 1
72 110 1
72 95 1
88 128 1
59 128 1
63 88 1
10 60 1
60 137 1
60 94 1
4 10 1
101 124 1
90 93 1
61 62 1
35 62 1
23 94 1
66 94 1
23 33 1
5 23 1
23 40 1
23 137 1
10 23 1
23 121 1
23 60 1
5 20 1
20 33 1
20 40 1
20 137 1
20 23 1
20 121 1
20 94 1
5 8 1
5 115 1
5 52 1
34 68 1
64 129 1
102 120 1
92 117 1
92 113 1
85 92 1
71 100 1
77 100 1
75 128 1
75 88 1
59 75 1
63 75 1
2 19 1
19 44 1
19 118 1
76 131 1
106 131 1
114 131 1
103 131 1
76 79 1
19 68 1
2 68 1
44 68 1
68 118 1
19 34 1
58 92 1
58 113 1
58 117 1
58 85 1
23 106 1
33 106 1
66 106 1
5 106 1
40 106 1
106 137 1
10 106 1
20 106 1
106 121 1
60 106 1
94 106 1
23 131 1
23 103 1
23 76 1
23 114 1
148 150 1
142 144 1
140 153 1
144 148 1
142 148 1
144 150 1
151 153 1
140 151 1
142 143 1
143 144 1
143 148 1
149 150 1
144 149 1
148 149 1
140 152 1
152 153 1
151 152 1
163 178 1
162 171 1
172 178 1
163 172 1
172 179 1
178 179 1
163 179 1
166 179 1
166 178 1
163 166 1
166 172 1
163 164 1
164 178 1
164 179 1
164 172 1
164 166 1
174 182 1
172 175 1
163 175 1
164 175 1
166 175 1
175 178 1
175 179 1
187 188 1
196 198 1
193 197 1
187 194 1
188 194 1
191 202 1
185 201 1
189 195 1
185 192 1
192 201 1
183 192 1
183 185 1
183 201 1
188 200 1
194 200 1
187 200 1
183 194 1
192 194 1
185 194 1
194 201 1
183 200 1
183 187 1
183 188 1
156 161 1
156 159 1
159 161 1
158 160 1
157 158 1
157 160 1
53 157 -1
99 157 -1
13 157 -1
111 157 -1
53 160 -1
53 158 -1
37 173 -1
90 155 -1
93 155 -1
11 187 -1
11 200 -1
11 194 -1
11 188 -1
11 183 -1
20 151 -1
33 151 -1
5 151 -1
8 151 -1
137 151 -1
106 151 -1
40 151 -1
115 151 -1
52 151 -1
23 151 -1
121 151 -1
94 151 -1
20 152 -1
20 153 -1
20 140 -1
20 178 -1
33 178 -1
5 178 -1
8 178 -1
137 178 -1
106 178 -1
40 178 -1
115 178 -1
52 178 -1
23 178 -1
121 178 -1
94 178 -1
20 163 -1
20 164 -1
20 166 -1
20 172 -1
20 175 -1
20 179 -1
82 165 -1
69 161 -1
69 156 -1
69 159 -1
82 172 -1
82 163 -1
82 164 -1
82 166 -1
82 175 -1
82 178 -1
82 179 -1
136 146 -1
80 159 -1
80 161 -1
80 156 -1
48 170 -1
80 157 -1
80 160 -1
80 158 -1
45 179 -1
45 163 -1
45 164 -1
45 166 -1
45 172 -1
45 175 -1
45 178 -1
9 143 -1
9 144 -1
9 148 -1
9 142 -1
45 157 -1
45 160 -1
45 158 -1
26 175 -1
8 175 -1
115 175 -1
52 175 -1
26 163 -1
26 164 -1
26 166 -1
26 172 -1
26 178 -1
26 179 -1
77 177 -1
100 177 -1
71 177 -1
55 143 -1
55 144 -1
55 148 -1
55 142 -1
126 159 -1
126 161 -1
126 156 -1
116 149 -1
116 144 -1
116 148 -1
116 150 -1
77 163 -1
100 163 -1
71 163 -1
77 164 -1
77 166 -1
77 172 -1
77 175 -1
77 178 -1
77 179 -1
78 181 -1
50 174 -1
50 182 -1
136 155 -1
130 161 -1
130 156 -1
130 159 -1
43 145 -1
112 145 -1
11 181 -1
93 167 -1
90 167 -1
126 173 -1
12 174 -1
12 182 -1
3 156 -1
51 156 -1
3 161 -1
3 159 -1
18 171 -1
24 171 -1
18 162 -1
116 153 -1
116 152 -1
116 140 -1
116 151 -1
53 167 -1
99 167 -1
13 167 -1
111 167 -1
136 148 -1
136 144 -1
136 149 -1
136 142 -1
136 150 -1
136 143 -1
67 155 -1
18 177 -1
24 177 -1
70 176 -1
49 181 -1
18 175 -1
24 175 -1
18 163 -1
18 164 -1
18 166 -1
18 172 -1
18 178 -1
18 179 -1
175 201 -1
163 201 -1
164 201 -1
166 201 -1
172 201 -1
178 201 -1
179 201 -1
175 192 -1
175 185 -1
175 194 -1
175 183 -1
88 171 -1
128 171 -1
75 171 -1
59 171 -1
63 171 -1
88 162 -1
77 171 -1
100 171 -1
71 171 -1
77 162 -1
73 170 -1
15 170 -1
48 167 -1
108 187 -1
108 200 -1
108 194 -1
108 188 -1
108 183 -1
4 167 -1
10 167 -1
60 167 -1
29 181 -1
138 181 -1
132 181 -1
11 171 -1
11 162 -1
137 175 -1
33 175 -1
5 175 -1
40 175 -1
10 175 -1
23 175 -1
121 175 -1
60 175 -1
106 175 -1
94 175 -1
137 163 -1
137 164 -1
137 166 -1
137 172 -1
137 179 -1
