81 129 1
37 81 1
37 129 1
46 87 1
112 121 1
1 131 1
17 50 1
18 68 1
52 86 1
28 137 1
45 83 1
114 115 1
18 19 1
19 68 1
72 117 1
79 119 1
23 130 1
4 31 1
15 107 1
69 121 1
69 112 1
58 64 1
18 91 1
19 91 1
68 91 1
15 90 1
90 107 1
58 84 1
64 84 1
62 105 1
19 28 1
18 28 1
28 91 1
28 68 1
19 137 1
93 134 1
7 75 1
23 100 1
100 130 1
120 124 1
24 73 1
25 69 1
25 112 1
25 121 1
56 80 1
49 127 1
0 58 1
0 64 1
0 84 1
58 127 1
64 127 1
0 127 1
84 127 1
49 58 1
97 126 1
7 35 1
35 75 1
5 78 1
9 68 1
9 91 1
9 18 1
9 19 1
9 28 1
91 96 1
68 96 1
9 96 1
18 96 1
19 96 1
28 96 1
144 155 1
140 154 1
143 145 1
142 147 1
148 151 1
147 150 1
142 150 1
145 150 1
143 150 1
145 147 1
142 145 1
169 173 1
163 178 1
163 179 1
178 179 1
167 181 1
172 178 1
163 172 1
172 179 1
162 182 1
164 170 1
189 189 1
184 194 1
183 191 1
187 192 1
194 199 1
184 199 1
199 200 1
184 200 1
194 200 1
156 156 1
159 160 1
53 172 -1
53 178 -1
53 163 -1
53 179 -1
69 161 -1
112 161 -1
121 161 -1
25 161 -1
11 165 -1
48 162 -1
48 182 -1
87 172 -1
46 172 -1
87 178 -1
87 163 -1
87 179 -1
45 201 -1
83 201 -1
116 154 -1
116 140 -1
82 179 -1
82 178 -1
82 163 -1
82 172 -1
111 151 -1
111 148 -1
78 171 -1
5 171 -1
136 146 -1
105 167 -1
62 167 -1
105 181 -1
41 181 -1
41 167 -1
82 176 -1
74 165 -1
11 171 -1
78 151 -1
5 151 -1
78 148 -1
12 174 -1
126 159 -1
97 159 -1
126 160 -1
108 187 -1
108 192 -1
78 160 -1
5 160 -1
78 159 -1
70 176 -1
70 166 -1
12 161 -1
9 143 -1
96 143 -1
68 143 -1
18 143 -1
19 143 -1
91 143 -1
28 143 -1
9 145 -1
9 150 -1
61 166 -1
116 143 -1
116 145 -1
116 150 -1
65 146 -1
112 139 -1
121 139 -1
69 139 -1
25 139 -1
24 170 -1
73 170 -1
24 164 -1
160 181 -1
159 181 -1
160 167 -1
77 171 -1
99 174 -1
53 167 -1
53 181 -1
22 167 -1
22 181 -1
80 173 -1
56 173 -1
80 169 -1
156 201 -1
45 173 -1
83 173 -1
45 169 -1
136 155 -1
136 144 -1
136 149 -1
45 156 -1
83 156 -1
136 151 -1
136 148 -1
4 173 -1
31 173 -1
4 169 -1
80 161 -1
56 161 -1
