27 97 1
51 94 1
26 47 1
32 84 1
4 137 1
77 112 1
9 89 1
9 121 1
89 121 1
21 81 1
3 64 1
84 108 1
32 108 1
19 22 1
15 126 1
98 136 1
48 122 1
97 137 1
27 137 1
4 97 1
47 122 1
26 122 1
47 48 1
28 109 1
3 44 1
44 64 1
9 22 1
22 89 1
22 121 1
9 19 1
34 133 1
67 131 1
20 100 1
11 133 1
11 34 1
116 119 1
72 93 1
94 103 1
51 103 1
13 103 1
13 51 1
13 94 1
7 65 1
102 109 1
28 102 1
37 74 1
91 106 1
69 131 1
67 69 1
34 130 1
11 130 1
130 133 1
30 68 1
1 110 1
8 107 1
95 118 1
34 48 1
48 130 1
11 48 1
48 133 1
34 47 1
34 122 1
106 126 1
91 126 1
15 106 1
115 118 1
95 115 1
108 123 1
32 123 1
84 123 1
21 121 1
81 121 1
9 21 1
21 22 1
21 89 1
32 94 1
94 108 1
94 123 1
84 94 1
32 103 1
13 32 1
32 51 1
119 123 1
116 123 1
32 119 1
108 119 1
84 119 1
94 119 1
34 72 1
72 130 1
72 133 1
11 72 1
47 72 1
48 72 1
72 122 1
34 93 1
70 87 1
15 54 1
54 106 1
54 126 1
33 60 1
20 82 1
82 100 1
147 154 1
150 152 1
153 153 1
141 145 1
146 154 1
146 147 1
145 147 1
141 147 1
145 154 1
145 146 1
146 153 1
145 153 1
153 154 1
147 153 1
164 180 1
172 178 1
181 182 1
174 180 1
164 174 1
166 174 1
164 166 1
166 180 1
170 181 1
170 182 1
165 179 1
166 178 1
178 180 1
164 178 1
174 178 1
166 172 1
183 191 1
195 195 1
196 199 1
195 202 1
195 196 1
196 202 1
195 199 1
198 200 1
185 193 1
197 198 1
197 200 1
185 185 1
196 198 1
198 202 1
195 198 1
198 199 1
196 197 1
196 200 1
159 161 1
158 161 1
158 159 1
157 161 1
157 158 1
157 159 1
80 173 -1
78 151 -1
59 161 -1
59 157 -1
59 158 -1
59 159 -1
11 181 -1
48 181 -1
72 181 -1
34 181 -1
133 181 -1
130 181 -1
11 170 -1
11 182 -1
133 173 -1
48 173 -1
72 173 -1
34 173 -1
11 173 -1
130 173 -1
112 152 -1
77 152 -1
112 150 -1
160 186 -1
111 151 -1
11 165 -1
48 165 -1
72 165 -1
34 165 -1
133 165 -1
130 165 -1
11 179 -1
11 157 -1
48 157 -1
72 157 -1
34 157 -1
133 157 -1
130 157 -1
11 161 -1
11 158 -1
11 159 -1
29 181 -1
29 170 -1
29 182 -1
48 174 -1
34 174 -1
133 174 -1
72 174 -1
11 174 -1
130 174 -1
47 174 -1
122 174 -1
48 164 -1
48 178 -1
48 180 -1
48 166 -1
67 146 -1
131 146 -1
69 146 -1
67 145 -1
67 154 -1
67 147 -1
67 153 -1
18 172 -1
18 178 -1
18 166 -1
74 179 -1
37 179 -1
74 165 -1
127 166 -1
127 180 -1
127 178 -1
127 172 -1
127 164 -1
127 174 -1
133 156 -1
48 156 -1
72 156 -1
34 156 -1
11 156 -1
130 156 -1
93 158 -1
72 158 -1
34 158 -1
93 161 -1
93 157 -1
93 159 -1
59 174 -1
59 164 -1
59 178 -1
59 180 -1
59 166 -1
8 170 -1
107 170 -1
8 181 -1
8 182 -1
26 201 -1
122 201 -1
47 201 -1
11 187 -1
48 187 -1
72 187 -1
34 187 -1
133 187 -1
130 187 -1
107 155 -1
8 155 -1
82 167 -1
100 167 -1
20 167 -1
12 161 -1
12 157 -1
12 158 -1
12 159 -1
136 148 -1
98 148 -1
82 172 -1
100 172 -1
20 172 -1
82 178 -1
82 166 -1
82 179 -1
100 179 -1
20 179 -1
82 165 -1
64 143 -1
3 143 -1
44 143 -1
14 175 -1
73 158 -1
73 161 -1
73 157 -1
73 159 -1
48 167 -1
34 167 -1
133 167 -1
72 167 -1
11 167 -1
130 167 -1
47 167 -1
122 167 -1
70 178 -1
87 178 -1
70 180 -1
70 164 -1
70 172 -1
70 174 -1
70 166 -1
122 157 -1
26 157 -1
47 157 -1
122 161 -1
122 158 -1
122 159 -1
