83 125 1
65 83 1
65 125 1
30 87 1
44 105 1
41 84 1
54 95 1
55 67 1
27 51 1
18 32 1
44 93 1
93 105 1
37 64 1
46 61 1
18 132 1
32 132 1
36 111 1
13 40 1
67 83 1
55 83 1
65 67 1
67 125 1
4 13 1
4 40 1
26 117 1
8 118 1
112 136 1
6 30 1
6 87 1
2 8 1
2 118 1
36 104 1
104 111 1
43 75 1
3 52 1
47 91 1
10 84 1
10 41 1
4 98 1
40 98 1
13 98 1
32 54 1
18 54 1
54 132 1
32 95 1
79 123 1
13 123 1
40 123 1
98 123 1
4 123 1
13 79 1
116 119 1
29 101 1
92 107 1
23 104 1
23 36 1
23 111 1
113 113 1
139 146 1
142 154 1
144 146 1
139 144 1
142 143 1
143 154 1
146 152 1
144 152 1
139 152 1
167 173 1
162 171 1
171 180 1
162 180 1
169 182 1
171 177 1
162 177 1
177 180 1
183 189 1
193 199 1
185 191 1
186 190 1
189 198 1
183 198 1
193 200 1
199 200 1
158 160 1
156 156 1
170 184 1
184 184 1
170 170 1
116 146 1
146 146 1
119 146 1
116 139 1
116 144 1
116 116 1
116 152 1
54 154 1
32 154 1
18 154 1
132 154 1
154 154 1
95 154 1
54 142 1
54 143 1
54 54 1
31 180 1
180 180 1
31 177 1
31 162 1
31 171 1
31 31 1
35 155 -1
150 198 -1
150 189 -1
150 183 -1
160 165 -1
158 165 -1
36 158 -1
104 158 -1
23 158 -1
111 158 -1
36 160 -1
106 141 -1
57 191 -1
57 185 -1
2 150 -1
8 150 -1
118 150 -1
121 200 -1
121 193 -1
121 199 -1
119 197 -1
116 197 -1
106 184 -1
119 164 -1
116 164 -1
138 195 -1
50 154 -1
50 142 -1
50 143 -1
7 152 -1
7 144 -1
7 146 -1
7 139 -1
36 181 -1
104 181 -1
23 181 -1
111 181 -1
28 187 -1
162 197 -1
177 197 -1
171 197 -1
180 197 -1
12 143 -1
12 154 -1
12 142 -1
143 173 -1
154 173 -1
142 173 -1
143 167 -1
112 151 -1
136 151 -1
86 184 -1
50 150 -1
73 140 -1
161 200 -1
161 193 -1
161 199 -1
66 165 -1
43 183 -1
75 183 -1
43 189 -1
43 198 -1
34 194 -1
34 139 -1
34 144 -1
34 152 -1
34 146 -1
102 189 -1
102 198 -1
102 183 -1
118 181 -1
8 181 -1
2 181 -1
36 184 -1
104 184 -1
23 184 -1
111 184 -1
98 183 -1
40 183 -1
123 183 -1
4 183 -1
13 183 -1
98 189 -1
98 198 -1
77 149 -1
81 108 -1
17 69 -1
116 122 -1
122 139 -1
122 144 -1
122 146 -1
119 122 -1
122 152 -1
