87 125 1
51 73 1
43 58 1
69 70 1
2 48 1
10 13 1
34 130 1
84 112 1
97 129 1
56 118 1
3 37 1
11 51 1
11 73 1
21 45 1
60 135 1
8 27 1
107 126 1
100 122 1
106 134 1
39 89 1
77 90 1
14 97 1
14 129 1
29 127 1
13 134 1
10 134 1
13 106 1
3 59 1
37 59 1
6 42 1
22 52 1
69 74 1
70 74 1
48 71 1
2 71 1
28 43 1
28 58 1
44 137 1
30 87 1
30 125 1
16 101 1
18 136 1
116 120 1
1 3 1
1 59 1
1 37 1
123 130 1
34 123 1
30 126 1
125 126 1
87 126 1
30 107 1
118 121 1
56 121 1
7 87 1
7 126 1
7 125 1
7 30 1
21 126 1
45 126 1
7 21 1
21 107 1
21 87 1
21 125 1
21 30 1
7 75 1
75 126 1
21 75 1
75 87 1
75 125 1
30 75 1
145 147 1
151 155 1
143 150 1
146 148 1
149 151 1
149 155 1
142 145 1
142 147 1
169 178 1
164 176 1
171 175 1
164 177 1
176 177 1
163 174 1
166 172 1
167 179 1
165 165 1
162 168 1
185 190 1
189 194 1
188 201 1
189 198 1
194 198 1
196 199 1
193 200 1
195 198 1
194 195 1
189 195 1
156 157 1
158 161 1
24 159 -1
116 144 -1
120 144 -1
37 173 -1
59 173 -1
3 173 -1
1 173 -1
82 179 -1
82 167 -1
74 201 -1
69 201 -1
70 201 -1
74 188 -1
93 143 -1
93 150 -1
126 173 -1
75 173 -1
7 173 -1
107 173 -1
45 173 -1
21 173 -1
87 173 -1
125 173 -1
30 173 -1
73 158 -1
11 158 -1
51 158 -1
73 161 -1
65 155 -1
65 149 -1
65 151 -1
19 145 -1
19 147 -1
19 142 -1
83 143 -1
83 150 -1
160 184 -1
37 165 -1
59 165 -1
3 165 -1
1 165 -1
108 189 -1
108 194 -1
108 195 -1
108 198 -1
108 175 -1
108 171 -1
68 181 -1
67 155 -1
67 149 -1
67 151 -1
26 173 -1
122 157 -1
100 157 -1
122 156 -1
48 170 -1
2 170 -1
71 170 -1
26 175 -1
26 171 -1
88 172 -1
88 166 -1
88 175 -1
88 171 -1
48 164 -1
2 164 -1
71 164 -1
48 176 -1
48 177 -1
64 143 -1
64 150 -1
116 141 -1
120 141 -1
93 167 -1
93 179 -1
133 156 -1
133 157 -1
29 181 -1
127 181 -1
53 157 -1
53 156 -1
93 158 -1
93 161 -1
129 167 -1
97 167 -1
14 167 -1
129 179 -1
160 175 -1
160 171 -1
22 157 -1
52 157 -1
22 156 -1
56 201 -1
121 201 -1
118 201 -1
56 188 -1
22 167 -1
52 167 -1
22 179 -1
107 155 -1
30 155 -1
126 155 -1
21 155 -1
107 149 -1
107 151 -1
