30 99 1
38 51 1
3 30 1
3 99 1
37 119 1
13 138 1
42 84 1
36 115 1
61 70 1
32 53 1
60 123 1
59 70 1
59 61 1
50 88 1
13 136 1
136 138 1
64 103 1
44 132 1
117 123 1
60 117 1
6 58 1
5 30 1
3 5 1
5 99 1
16 21 1
78 85 1
30 75 1
3 75 1
75 99 1
5 75 1
73 136 1
73 138 1
13 73 1
40 90 1
66 94 1
2 94 1
2 66 1
23 39 1
20 55 1
48 89 1
25 88 1
25 50 1
12 57 1
102 115 1
36 102 1
11 11 1
17 29 1
71 80 1
14 80 1
14 71 1
39 47 1
23 47 1
139 139 1
146 150 1
147 154 1
139 150 1
139 146 1
141 146 1
139 141 1
141 150 1
165 170 1
164 176 1
162 182 1
169 177 1
163 176 1
163 164 1
174 179 1
190 194 1
185 201 1
190 190 1
188 200 1
193 195 1
187 200 1
187 188 1
157 160 1
159 159 1
61 154 1
154 154 1
59 154 1
70 154 1
61 147 1
61 61 1
132 159 1
44 159 1
132 132 1
143 190 1
143 194 1
143 143 1
90 148 1
40 148 1
148 148 1
90 90 1
154 193 1
193 193 1
70 193 1
147 193 1
59 193 1
61 193 1
154 195 1
138 170 1
136 170 1
73 170 1
170 170 1
13 170 1
138 165 1
138 138 1
72 158 1
158 158 1
72 72 1
131 155 -1
136 146 -1
73 146 -1
138 146 -1
13 146 -1
136 139 -1
136 141 -1
136 150 -1
0 175 -1
126 159 -1
11 201 -1
11 185 -1
8 170 -1
8 165 -1
116 149 -1
136 149 -1
73 149 -1
138 149 -1
13 149 -1
74 165 -1
74 170 -1
105 143 -1
78 181 -1
85 181 -1
116 139 -1
116 146 -1
116 141 -1
116 150 -1
11 181 -1
116 147 -1
116 154 -1
74 175 -1
111 151 -1
80 161 -1
14 161 -1
71 161 -1
77 176 -1
77 163 -1
77 164 -1
80 158 -1
14 158 -1
71 158 -1
8 162 -1
8 182 -1
78 151 -1
85 151 -1
9 143 -1
22 157 -1
22 160 -1
29 171 -1
17 171 -1
78 171 -1
85 171 -1
55 161 -1
20 161 -1
116 155 -1
48 170 -1
89 170 -1
48 165 -1
11 157 -1
11 160 -1
93 143 -1
20 151 -1
55 151 -1
112 150 -1
112 146 -1
112 139 -1
112 141 -1
49 178 -1
118 173 -1
37 157 -1
119 157 -1
37 160 -1
11 179 -1
11 174 -1
3 159 -1
75 159 -1
99 159 -1
5 159 -1
30 159 -1
40 61 -1
61 90 -1
40 59 -1
40 70 -1
92 120 -1
68 96 -1
99 102 -1
75 102 -1
3 102 -1
5 102 -1
30 102 -1
99 115 -1
36 99 -1
34 84 -1
34 42 -1
16 69 -1
21 69 -1
