41 85 1
13 126 1
103 117 1
26 31 1
13 56 1
56 126 1
127 130 1
112 118 1
100 107 1
57 138 1
84 102 1
3 34 1
12 122 1
39 85 1
39 41 1
29 134 1
82 93 1
36 59 1
85 122 1
41 122 1
39 122 1
12 85 1
37 117 1
37 103 1
88 137 1
81 98 1
41 105 1
105 122 1
85 105 1
39 105 1
61 98 1
61 81 1
4 36 1
4 59 1
24 109 1
75 131 1
4 79 1
59 79 1
36 79 1
0 45 1
70 134 1
29 70 1
20 134 1
20 29 1
20 70 1
0 80 1
45 80 1
6 25 1
16 126 1
16 56 1
13 16 1
46 68 1
29 94 1
20 94 1
70 94 1
94 134 1
29 121 1
94 121 1
20 121 1
70 121 1
121 134 1
38 68 1
38 46 1
16 81 1
56 81 1
13 81 1
81 126 1
16 98 1
16 61 1
142 149 1
148 155 1
145 150 1
139 147 1
139 144 1
144 147 1
149 155 1
142 155 1
148 149 1
164 170 1
162 170 1
162 164 1
164 169 1
169 170 1
162 169 1
180 180 1
170 173 1
169 173 1
162 173 1
164 173 1
195 199 1
183 186 1
185 194 1
185 197 1
194 197 1
185 186 1
186 194 1
186 197 1
183 185 1
156 157 1
159 161 1
171 202 -1
29 200 -1
121 200 -1
94 200 -1
20 200 -1
70 200 -1
134 200 -1
133 142 -1
133 155 -1
133 149 -1
95 174 -1
70 143 -1
121 143 -1
94 143 -1
20 143 -1
29 143 -1
134 143 -1
27 175 -1
150 167 -1
145 167 -1
66 178 -1
102 188 -1
84 188 -1
45 162 -1
0 162 -1
80 162 -1
45 169 -1
45 170 -1
45 164 -1
45 173 -1
154 180 -1
132 182 -1
16 141 -1
98 141 -1
13 141 -1
81 141 -1
56 141 -1
61 141 -1
126 141 -1
86 181 -1
79 171 -1
36 171 -1
59 171 -1
4 171 -1
117 159 -1
37 159 -1
103 159 -1
117 161 -1
147 168 -1
144 168 -1
139 168 -1
113 163 -1
25 153 -1
6 153 -1
5 139 -1
5 144 -1
5 147 -1
75 164 -1
131 164 -1
75 169 -1
75 170 -1
75 162 -1
75 173 -1
52 156 -1
52 157 -1
20 202 -1
121 202 -1
94 202 -1
70 202 -1
29 202 -1
134 202 -1
128 202 -1
146 194 -1
146 185 -1
146 186 -1
146 197 -1
27 151 -1
30 191 -1
95 140 -1
79 186 -1
36 186 -1
59 186 -1
4 186 -1
79 185 -1
79 194 -1
79 197 -1
79 183 -1
67 164 -1
67 169 -1
67 170 -1
67 162 -1
67 173 -1
35 179 -1
69 179 -1
91 196 -1
74 150 -1
74 145 -1
108 187 -1
134 190 -1
121 190 -1
94 190 -1
20 190 -1
29 190 -1
70 190 -1
