93 127 1
41 53 1
2 82 1
62 137 1
41 136 1
53 136 1
7 76 1
10 121 1
46 111 1
100 122 1
39 133 1
38 83 1
45 117 1
27 83 1
27 38 1
70 127 1
70 93 1
35 56 1
29 135 1
8 101 1
22 83 1
22 27 1
22 38 1
54 106 1
87 132 1
35 47 1
47 56 1
84 101 1
8 84 1
27 62 1
62 83 1
22 62 1
38 62 1
27 137 1
113 131 1
48 52 1
81 120 1
112 134 1
70 90 1
90 93 1
90 127 1
54 98 1
98 106 1
15 123 1
17 123 1
15 17 1
27 127 1
38 127 1
127 137 1
83 127 1
22 127 1
62 127 1
27 70 1
27 90 1
27 93 1
93 104 1
90 104 1
27 104 1
70 104 1
104 127 1
59 136 1
41 59 1
53 59 1
46 66 1
66 111 1
4 42 1
90 120 1
70 120 1
104 120 1
27 120 1
93 120 1
120 127 1
81 90 1
139 154 1
140 145 1
147 155 1
150 152 1
144 155 1
144 147 1
140 150 1
145 150 1
140 152 1
168 175 1
164 165 1
163 168 1
163 175 1
174 175 1
168 174 1
163 174 1
163 169 1
168 169 1
169 174 1
169 175 1
186 199 1
185 194 1
187 196 1
187 199 1
196 199 1
186 187 1
184 186 1
184 187 1
184 199 1
156 157 1
157 159 1
156 159 1
111 152 -1
66 152 -1
46 152 -1
111 140 -1
111 150 -1
124 171 -1
12 168 -1
12 169 -1
12 163 -1
12 174 -1
12 175 -1
78 195 -1
157 176 -1
156 176 -1
159 176 -1
127 151 -1
70 151 -1
38 151 -1
104 151 -1
137 151 -1
83 151 -1
22 151 -1
120 151 -1
90 151 -1
27 151 -1
93 151 -1
62 151 -1
90 160 -1
70 160 -1
104 160 -1
81 160 -1
120 160 -1
27 160 -1
93 160 -1
127 160 -1
54 158 -1
106 158 -1
98 158 -1
45 141 -1
117 141 -1
143 173 -1
107 191 -1
34 193 -1
31 141 -1
18 191 -1
56 183 -1
35 183 -1
47 183 -1
109 193 -1
55 152 -1
55 140 -1
55 150 -1
108 165 -1
108 164 -1
73 156 -1
73 157 -1
73 159 -1
25 154 -1
25 139 -1
116 150 -1
116 152 -1
116 145 -1
116 140 -1
20 199 -1
20 184 -1
20 186 -1
20 187 -1
20 196 -1
49 186 -1
49 184 -1
49 187 -1
49 199 -1
8 183 -1
84 183 -1
101 183 -1
130 187 -1
130 184 -1
130 186 -1
130 196 -1
130 199 -1
98 180 -1
106 180 -1
54 180 -1
1 147 -1
1 144 -1
1 155 -1
24 185 -1
24 194 -1
53 167 -1
136 167 -1
41 167 -1
59 167 -1
19 183 -1
125 169 -1
125 168 -1
125 163 -1
125 174 -1
125 175 -1
43 171 -1
154 167 -1
139 167 -1
