12 15 1
35 37 1
76 93 1
38 112 1
13 53 1
24 105 1
39 47 1
47 62 1
39 62 1
20 32 1
36 124 1
67 117 1
19 79 1
4 71 1
42 127 1
46 66 1
100 109 1
83 118 1
119 133 1
0 97 1
68 117 1
67 68 1
63 136 1
86 96 1
63 81 1
81 136 1
64 101 1
18 21 1
15 125 1
12 125 1
23 75 1
69 103 1
39 87 1
62 87 1
47 87 1
68 105 1
67 105 1
105 117 1
24 68 1
50 125 1
12 50 1
15 50 1
41 67 1
41 105 1
41 68 1
41 117 1
46 93 1
66 93 1
46 76 1
19 112 1
79 112 1
19 38 1
37 69 1
35 69 1
37 103 1
110 127 1
42 110 1
4 107 1
71 107 1
61 83 1
61 118 1
51 73 1
50 86 1
12 86 1
86 125 1
15 86 1
50 96 1
2 122 1
15 138 1
50 138 1
12 138 1
125 138 1
86 138 1
147 151 1
141 153 1
143 154 1
139 150 1
148 154 1
143 148 1
147 155 1
151 155 1
162 182 1
168 173 1
167 182 1
162 167 1
166 167 1
162 166 1
166 182 1
166 177 1
162 177 1
177 182 1
167 177 1
188 202 1
185 186 1
185 194 1
186 194 1
199 201 1
185 201 1
186 201 1
194 201 1
185 199 1
156 159 1
156 160 1
159 160 1
27 158 -1
67 188 -1
105 188 -1
68 188 -1
117 188 -1
41 188 -1
67 202 -1
133 201 -1
119 201 -1
133 185 -1
133 186 -1
133 194 -1
133 199 -1
6 200 -1
132 171 -1
13 181 -1
53 181 -1
121 165 -1
71 150 -1
107 150 -1
4 150 -1
71 139 -1
75 169 -1
23 169 -1
136 144 -1
81 144 -1
63 144 -1
26 140 -1
30 169 -1
72 148 -1
72 154 -1
72 143 -1
107 162 -1
4 162 -1
71 162 -1
107 177 -1
107 166 -1
107 182 -1
107 167 -1
122 175 -1
2 175 -1
44 196 -1
106 158 -1
71 164 -1
107 164 -1
4 164 -1
119 190 -1
133 190 -1
56 173 -1
56 168 -1
131 164 -1
98 146 -1
127 187 -1
42 187 -1
110 187 -1
71 166 -1
4 166 -1
71 177 -1
71 182 -1
71 167 -1
101 156 -1
64 156 -1
101 160 -1
101 159 -1
55 139 -1
55 150 -1
95 170 -1
162 191 -1
177 191 -1
166 191 -1
182 191 -1
167 191 -1
84 192 -1
9 153 -1
9 141 -1
78 181 -1
111 143 -1
111 154 -1
111 148 -1
17 174 -1
15 190 -1
50 190 -1
12 190 -1
125 190 -1
86 190 -1
138 190 -1
100 190 -1
109 190 -1
155 166 -1
147 166 -1
151 166 -1
155 177 -1
155 162 -1
155 182 -1
155 167 -1
146 186 -1
146 185 -1
146 194 -1
146 201 -1
164 183 -1
55 175 -1
