29 92 1
79 81 1
29 80 1
80 92 1
65 94 1
46 74 1
37 112 1
18 48 1
42 62 1
11 77 1
70 138 1
69 110 1
47 78 1
27 138 1
27 70 1
95 124 1
2 4 1
9 89 1
112 114 1
37 114 1
35 44 1
1 129 1
66 131 1
121 137 1
20 77 1
11 20 1
2 3 1
3 4 1
7 70 1
7 138 1
7 27 1
97 98 1
25 125 1
26 54 1
76 134 1
17 71 1
71 134 1
17 134 1
71 76 1
25 95 1
95 125 1
25 124 1
49 90 1
4 26 1
2 26 1
3 26 1
4 54 1
30 118 1
40 71 1
17 40 1
40 76 1
40 134 1
3 113 1
2 113 1
4 113 1
26 113 1
33 136 1
55 121 1
55 137 1
16 67 1
80 121 1
92 121 1
29 121 1
80 137 1
55 80 1
46 50 1
50 74 1
34 60 1
20 24 1
11 24 1
24 77 1
141 149 1
148 149 1
141 148 1
145 149 1
145 148 1
141 145 1
141 142 1
142 145 1
142 148 1
142 149 1
165 175 1
164 173 1
164 164 1
168 175 1
165 168 1
162 178 1
168 169 1
165 169 1
169 175 1
166 174 1
192 194 1
184 189 1
193 201 1
188 198 1
187 193 1
187 201 1
183 187 1
183 193 1
183 201 1
159 161 1
157 158 1
68 181 -1
136 148 -1
33 148 -1
136 145 -1
136 149 -1
136 142 -1
136 141 -1
24 162 -1
11 162 -1
20 162 -1
77 162 -1
24 178 -1
74 179 -1
50 179 -1
46 179 -1
74 165 -1
50 165 -1
46 165 -1
74 168 -1
74 169 -1
74 175 -1
4 173 -1
113 173 -1
2 173 -1
3 173 -1
26 173 -1
54 173 -1
4 164 -1
82 167 -1
15 201 -1
15 193 -1
15 187 -1
15 183 -1
98 159 -1
97 159 -1
98 161 -1
48 162 -1
18 162 -1
48 178 -1
55 143 -1
80 143 -1
121 143 -1
137 143 -1
53 173 -1
53 164 -1
18 180 -1
48 180 -1
82 172 -1
18 181 -1
48 181 -1
82 157 -1
82 158 -1
116 154 -1
43 145 -1
43 148 -1
43 149 -1
43 142 -1
43 141 -1
80 156 -1
121 156 -1
55 156 -1
92 156 -1
29 156 -1
137 156 -1
118 173 -1
30 173 -1
118 164 -1
129 167 -1
1 167 -1
95 165 -1
25 165 -1
124 165 -1
125 165 -1
95 168 -1
95 169 -1
95 175 -1
49 171 -1
90 171 -1
70 166 -1
138 166 -1
27 166 -1
7 166 -1
70 174 -1
67 155 -1
16 155 -1
41 181 -1
64 143 -1
49 181 -1
90 181 -1
116 148 -1
116 145 -1
116 149 -1
116 142 -1
116 141 -1
48 170 -1
18 170 -1
73 156 -1
116 153 -1
83 143 -1
3 159 -1
113 159 -1
2 159 -1
4 159 -1
26 159 -1
3 161 -1
