6 76 1
2 85 1
15 96 1
10 117 1
37 44 1
39 128 1
40 47 1
41 49 1
17 124 1
32 90 1
27 48 1
2 32 1
32 85 1
2 90 1
39 59 1
59 128 1
67 105 1
14 113 1
113 134 1
14 134 1
33 60 1
50 111 1
17 110 1
110 124 1
1 17 1
1 124 1
1 110 1
118 124 1
17 118 1
110 118 1
1 118 1
3 74 1
35 106 1
41 43 1
43 49 1
107 136 1
56 94 1
50 76 1
76 111 1
6 50 1
44 64 1
37 64 1
6 92 1
50 92 1
76 92 1
57 105 1
57 67 1
31 136 1
31 107 1
3 41 1
41 74 1
3 49 1
3 43 1
35 123 1
106 123 1
37 94 1
64 94 1
44 94 1
37 56 1
86 132 1
17 98 1
1 98 1
98 124 1
98 118 1
98 110 1
5 57 1
5 105 1
5 67 1
44 104 1
64 104 1
37 104 1
94 104 1
66 89 1
6 13 1
13 92 1
13 50 1
13 76 1
45 104 1
45 64 1
44 45 1
37 45 1
45 94 1
19 60 1
19 33 1
47 116 1
40 116 1
49 115 1
3 115 1
41 115 1
43 115 1
97 128 1
59 97 1
39 97 1
15 56 1
56 96 1
15 37 1
15 94 1
72 79 1
4 126 1
84 116 1
40 84 1
47 84 1
7 11 1
22 113 1
22 134 1
14 22 1
28 113 1
22 28 1
28 134 1
14 28 1
26 133 1
128 135 1
97 135 1
59 135 1
39 135 1
25 83 1
15 17 1
17 96 1
17 56 1
17 37 1
17 94 1
1 15 1
15 98 1
15 110 1
15 118 1
15 124 1
40 130 1
84 130 1
116 130 1
47 130 1
7 21 1
11 21 1
69 125 1
25 68 1
68 83 1
73 92 1
50 73 1
73 76 1
13 73 1
6 73 1
143 155 1
145 145 1
148 155 1
143 148 1
139 144 1
142 151 1
142 146 1
146 151 1
150 151 1
146 150 1
142 150 1
141 148 1
141 155 1
141 143 1
142 155 1
146 155 1
150 155 1
151 155 1
141 142 1
142 143 1
142 148 1
172 182 1
175 182 1
172 175 1
177 179 1
167 171 1
171 182 1
167 182 1
171 172 1
171 175 1
163 175 1
163 171 1
163 172 1
163 182 1
166 172 1
166 171 1
163 166 1
166 182 1
166 175 1
166 180 1
163 180 1
171 180 1
172 180 1
175 180 1
180 182 1
192 197 1
183 189 1
183 185 1
185 189 1
200 202 1
187 188 1
185 195 1
189 195 1
183 195 1
183 194 1
185 194 1
194 195 1
189 194 1
191 194 1
185 191 1
191 195 1
189 191 1
183 191 1
192 193 1
193 197 1
157 159 1
156 160 1
156 156 1
157 158 1
158 159 1
129 199 -1
54 180 -1
54 163 -1
54 166 -1
54 171 -1
54 172 -1
54 175 -1
54 182 -1
22 199 -1
113 199 -1
28 199 -1
14 199 -1
134 199 -1
17 149 -1
96 149 -1
1 149 -1
98 149 -1
37 149 -1
110 149 -1
15 149 -1
118 149 -1
56 149 -1
124 149 -1
94 149 -1
98 166 -1
1 166 -1
110 166 -1
15 166 -1
17 166 -1
118 166 -1
124 166 -1
98 163 -1
98 171 -1
98 172 -1
98 175 -1
98 180 -1
98 182 -1
113 200 -1
22 200 -1
28 200 -1
134 200 -1
14 200 -1
113 202 -1
88 200 -1
88 202 -1
9 156 -1
9 160 -1
48 155 -1
27 155 -1
48 141 -1
48 142 -1
48 143 -1
48 146 -1
48 148 -1
48 150 -1
48 151 -1
101 149 -1
96 187 -1
56 187 -1
17 187 -1
15 187 -1
96 188 -1
63 195 -1
63 185 -1
63 194 -1
63 191 -1
63 189 -1
63 183 -1
150 185 -1
146 185 -1
155 185 -1
142 185 -1
151 185 -1
150 191 -1
150 194 -1
150 195 -1
150 189 -1
150 183 -1
133 166 -1
26 166 -1
133 163 -1
133 171 -1
133 172 -1
133 175 -1
133 180 -1
133 182 -1
125 143 -1
69 143 -1
125 155 -1
125 148 -1
125 141 -1
125 142 -1
74 193 -1
41 193 -1
3 193 -1
74 192 -1
74 197 -1
46 152 -1
76 193 -1
6 193 -1
73 193 -1
13 193 -1
111 193 -1
50 193 -1
92 193 -1
76 192 -1
76 197 -1
46 143 -1
46 155 -1
46 148 -1
46 141 -1
46 142 -1
139 188 -1
144 188 -1
139 187 -1
175 196 -1
163 196 -1
166 196 -1
171 196 -1
172 196 -1
180 196 -1
182 196 -1
63 190 -1
116 148 -1
40 148 -1
130 148 -1
84 148 -1
47 148 -1
116 155 -1
116 141 -1
116 142 -1
116 143 -1
36 142 -1
36 141 -1
36 143 -1
36 146 -1
36 148 -1
36 150 -1
36 151 -1
36 155 -1
29 161 -1
156 162 -1
160 162 -1
121 156 -1
121 160 -1
50 141 -1
6 141 -1
73 141 -1
76 141 -1
13 141 -1
111 141 -1
92 141 -1
50 155 -1
50 148 -1
50 142 -1
50 143 -1
80 150 -1
80 146 -1
80 155 -1
80 142 -1
80 151 -1
125 154 -1
69 154 -1
131 185 -1
131 191 -1
131 194 -1
131 195 -1
131 189 -1
131 183 -1
115 159 -1
49 159 -1
3 159 -1
43 159 -1
41 159 -1
115 157 -1
115 158 -1
0 187 -1
0 188 -1
41 152 -1
3 152 -1
49 152 -1
74 152 -1
43 152 -1
115 152 -1
45 150 -1
104 150 -1
64 150 -1
44 150 -1
37 150 -1
94 150 -1
45 146 -1
45 155 -1
45 142 -1
45 151 -1
156 175 -1
160 175 -1
156 163 -1
156 166 -1
156 171 -1
156 172 -1
156 180 -1
156 182 -1
