79 122 1
41 128 1
65 68 1
57 75 1
81 100 1
84 110 1
35 93 1
21 93 1
21 35 1
85 118 1
13 120 1
34 110 1
34 84 1
126 132 1
75 114 1
57 114 1
0 11 1
1 45 1
69 100 1
69 81 1
88 123 1
60 85 1
60 118 1
30 63 1
28 54 1
55 123 1
55 88 1
94 102 1
18 53 1
33 122 1
33 79 1
76 103 1
43 67 1
72 94 1
72 102 1
42 97 1
38 78 1
29 33 1
29 122 1
29 79 1
6 119 1
91 114 1
57 91 1
75 91 1
1 23 1
23 45 1
58 83 1
146 153 1
147 148 1
146 147 1
147 153 1
146 148 1
167 175 1
180 180 1
162 181 1
174 181 1
162 174 1
163 166 1
162 166 1
166 181 1
166 174 1
162 163 1
183 188 1
186 189 1
189 190 1
186 190 1
184 199 1
189 194 1
186 194 1
190 194 1
156 157 1
158 158 1
59 184 1
184 184 1
59 59 1
59 199 1
95 181 1
181 181 1
95 162 1
95 166 1
95 174 1
95 95 1
53 188 1
18 188 1
188 188 1
53 53 1
53 183 1
29 176 1
176 176 1
33 176 1
122 176 1
79 176 1
29 29 1
70 190 1
190 190 1
70 194 1
70 186 1
70 189 1
70 70 1
145 181 1
145 162 1
145 166 1
145 174 1
145 145 1
95 145 1
117 160 1
160 160 1
117 117 1
35 162 1
162 162 1
93 162 1
21 162 1
35 163 1
35 166 1
35 174 1
35 145 1
35 35 1
35 181 1
35 95 1
83 168 1
168 168 1
58 168 1
83 83 1
116 141 -1
116 144 -1
90 155 -1
112 150 -1
116 154 -1
46 179 -1
9 143 -1
70 176 -1
68 181 -1
65 181 -1
68 162 -1
68 166 -1
68 174 -1
133 173 -1
127 166 -1
127 162 -1
127 163 -1
127 181 -1
127 174 -1
5 158 -1
76 146 -1
103 146 -1
76 153 -1
76 147 -1
76 148 -1
160 188 -1
160 183 -1
122 157 -1
33 157 -1
29 157 -1
79 157 -1
122 156 -1
74 175 -1
74 167 -1
29 171 -1
33 171 -1
122 171 -1
79 171 -1
53 167 -1
18 167 -1
53 175 -1
118 173 -1
60 173 -1
85 173 -1
82 176 -1
29 175 -1
33 175 -1
122 175 -1
79 175 -1
29 167 -1
8 162 -1
8 163 -1
8 181 -1
8 174 -1
8 166 -1
136 149 -1
41 175 -1
128 175 -1
41 167 -1
11 187 -1
0 187 -1
70 164 -1
8 158 -1
137 175 -1
137 167 -1
78 171 -1
38 171 -1
59 174 -1
59 162 -1
59 181 -1
59 166 -1
46 55 -1
46 88 -1
46 123 -1
62 132 -1
62 126 -1
32 128 -1
32 41 -1
13 20 -1
20 120 -1
173 181 -1
162 173 -1
166 173 -1
173 174 -1
95 173 -1
70 71 -1
