37 95 1
78 110 1
34 114 1
39 115 1
21 112 1
14 71 1
8 132 1
15 96 1
40 136 1
10 91 1
25 88 1
44 65 1
9 130 1
46 95 1
37 46 1
12 138 1
30 102 1
3 24 1
135 137 1
24 84 1
3 84 1
14 37 1
37 71 1
14 46 1
14 95 1
90 130 1
9 90 1
1 119 1
88 107 1
25 107 1
11 31 1
35 35 1
29 83 1
36 84 1
24 36 1
3 36 1
63 79 1
32 124 1
2 120 1
62 107 1
62 88 1
25 62 1
25 117 1
88 117 1
107 117 1
62 117 1
35 66 1
140 154 1
140 146 1
146 154 1
142 151 1
143 151 1
142 143 1
167 168 1
170 176 1
172 180 1
165 174 1
169 179 1
165 171 1
171 174 1
187 187 1
184 195 1
191 197 1
191 201 1
197 201 1
186 187 1
158 160 1
157 157 1
12 156 1
138 156 1
156 156 1
12 12 1
16 173 1
173 173 1
16 16 1
111 164 1
164 164 1
111 111 1
125 200 1
200 200 1
125 125 1
154 190 1
146 190 1
140 190 1
190 190 1
154 154 1
87 160 1
160 160 1
87 158 1
87 87 1
22 160 1
22 22 1
22 158 1
22 87 1
151 184 1
184 184 1
142 184 1
143 184 1
151 195 1
151 151 1
143 171 1
171 184 1
171 171 1
142 171 1
151 171 1
143 165 1
143 143 1
143 174 1
97 167 1
167 167 1
97 168 1
97 97 1
79 188 -1
63 188 -1
122 201 -1
122 197 -1
122 191 -1
162 186 -1
162 187 -1
50 145 -1
101 149 -1
77 201 -1
77 197 -1
77 191 -1
82 140 -1
82 154 -1
82 146 -1
135 147 -1
137 147 -1
41 184 -1
41 195 -1
157 184 -1
157 195 -1
49 170 -1
49 176 -1
119 139 -1
1 139 -1
156 172 -1
156 180 -1
53 146 -1
53 154 -1
53 140 -1
65 202 -1
44 202 -1
69 197 -1
69 201 -1
69 191 -1
154 202 -1
146 202 -1
140 202 -1
89 167 -1
89 168 -1
97 159 -1
128 145 -1
152 192 -1
181 201 -1
181 197 -1
181 191 -1
42 156 -1
77 153 -1
101 181 -1
130 160 -1
9 160 -1
90 160 -1
130 158 -1
39 167 -1
115 167 -1
39 168 -1
55 200 -1
135 190 -1
137 190 -1
12 150 -1
138 150 -1
77 163 -1
70 172 -1
70 180 -1
30 158 -1
102 158 -1
30 160 -1
139 183 -1
25 144 -1
88 144 -1
107 144 -1
117 144 -1
62 144 -1
150 154 -1
146 150 -1
140 150 -1
59 80 -1
5 35 -1
5 66 -1
19 128 -1
41 120 -1
2 41 -1
19 39 -1
19 115 -1
3 57 -1
24 57 -1
36 57 -1
57 84 -1
11 21 -1
21 31 -1
11 112 -1
100 129 -1
89 117 -1
88 89 -1
25 89 -1
89 107 -1
62 89 -1
