45 124 1
33 58 1
66 95 1
96 103 1
0 35 1
54 126 1
74 131 1
12 98 1
71 85 1
49 135 1
90 129 1
35 59 1
0 59 1
76 97 1
41 91 1
38 118 1
22 120 1
73 116 1
35 118 1
0 118 1
59 118 1
35 38 1
10 80 1
14 122 1
45 136 1
124 136 1
54 62 1
62 126 1
24 134 1
56 122 1
14 56 1
21 37 1
58 80 1
33 80 1
10 58 1
83 105 1
26 48 1
74 115 1
115 131 1
10 77 1
77 80 1
58 77 1
2 121 1
30 54 1
30 62 1
30 126 1
78 87 1
111 128 1
79 93 1
20 107 1
46 130 1
66 138 1
95 138 1
25 95 1
25 66 1
25 138 1
22 48 1
48 120 1
22 26 1
66 79 1
25 79 1
79 138 1
79 95 1
66 93 1
5 40 1
32 117 1
49 114 1
114 135 1
11 82 1
8 60 1
13 26 1
13 48 1
13 22 1
43 50 1
85 125 1
71 125 1
105 128 1
83 128 1
105 111 1
15 114 1
15 49 1
15 135 1
68 135 1
49 68 1
68 114 1
15 68 1
40 51 1
5 51 1
90 127 1
127 129 1
15 124 1
49 124 1
114 124 1
68 124 1
124 135 1
15 136 1
15 45 1
32 119 1
117 119 1
86 105 1
86 128 1
83 86 1
86 111 1
140 155 1
139 154 1
141 151 1
144 153 1
146 154 1
139 146 1
147 155 1
140 147 1
141 146 1
146 151 1
141 154 1
139 141 1
173 181 1
163 173 1
163 181 1
173 174 1
163 174 1
174 181 1
163 166 1
166 173 1
166 174 1
166 181 1
169 181 1
163 169 1
169 173 1
169 174 1
166 169 1
191 202 1
194 201 1
188 188 1
187 201 1
187 194 1
184 199 1
189 197 1
184 189 1
189 199 1
184 197 1
183 187 1
183 201 1
183 194 1
183 183 1
157 160 1
156 160 1
156 157 1
158 159 1
43 172 -1
50 172 -1
118 161 -1
0 161 -1
59 161 -1
35 161 -1
38 161 -1
79 171 -1
25 171 -1
66 171 -1
93 171 -1
138 171 -1
95 171 -1
74 178 -1
115 178 -1
131 178 -1
103 196 -1
96 196 -1
84 202 -1
84 191 -1
69 146 -1
69 154 -1
69 139 -1
69 141 -1
69 151 -1
55 196 -1
44 183 -1
44 201 -1
44 194 -1
44 187 -1
27 200 -1
1 159 -1
1 158 -1
94 182 -1
36 154 -1
36 146 -1
36 139 -1
36 141 -1
90 185 -1
129 185 -1
127 185 -1
133 192 -1
55 167 -1
113 191 -1
113 202 -1
117 170 -1
32 170 -1
119 170 -1
74 147 -1
115 147 -1
131 147 -1
74 155 -1
74 140 -1
73 170 -1
116 170 -1
118 149 -1
0 149 -1
59 149 -1
35 149 -1
38 149 -1
66 143 -1
25 143 -1
138 143 -1
79 143 -1
93 143 -1
95 143 -1
126 200 -1
30 200 -1
62 200 -1
54 200 -1
51 188 -1
40 188 -1
5 188 -1
89 145 -1
69 165 -1
91 190 -1
41 190 -1
11 176 -1
82 176 -1
51 170 -1
40 170 -1
5 170 -1
76 162 -1
97 162 -1
155 170 -1
147 170 -1
140 170 -1
128 181 -1
105 181 -1
83 181 -1
86 181 -1
111 181 -1
128 169 -1
128 163 -1
128 173 -1
128 174 -1
128 166 -1
1 172 -1
68 153 -1
49 153 -1
114 153 -1
15 153 -1
124 153 -1
135 153 -1
68 144 -1
84 150 -1
91 157 -1
41 157 -1
91 160 -1
91 156 -1
145 159 -1
145 158 -1
78 143 -1
87 143 -1
1 168 -1
0 191 -1
59 191 -1
35 191 -1
118 191 -1
0 202 -1
58 152 -1
80 152 -1
33 152 -1
10 152 -1
77 152 -1
21 140 -1
37 140 -1
21 155 -1
21 147 -1
46 176 -1
130 176 -1
48 169 -1
120 169 -1
26 169 -1
13 169 -1
22 169 -1
48 163 -1
48 166 -1
48 181 -1
48 174 -1
48 173 -1
70 141 -1
70 146 -1
70 139 -1
70 154 -1
70 151 -1
29 170 -1
145 169 -1
145 163 -1
145 166 -1
145 181 -1
145 174 -1
145 173 -1
