20 85 1
33 52 1
22 120 1
79 125 1
35 98 1
45 73 1
21 42 1
33 135 1
52 135 1
6 137 1
16 127 1
35 92 1
92 98 1
27 93 1
37 62 1
30 77 1
105 107 1
59 116 1
70 95 1
88 124 1
47 131 1
20 121 1
85 121 1
30 96 1
77 96 1
27 70 1
70 93 1
27 95 1
118 126 1
40 60 1
65 127 1
16 65 1
57 122 1
54 64 1
37 130 1
62 130 1
17 61 1
118 132 1
126 132 1
115 124 1
88 115 1
61 134 1
17 134 1
41 84 1
85 117 1
117 121 1
20 117 1
59 63 1
63 116 1
19 79 1
19 125 1
68 74 1
62 63 1
63 130 1
37 63 1
59 62 1
62 116 1
3 57 1
3 122 1
75 89 1
50 79 1
19 50 1
50 125 1
54 71 1
64 71 1
18 135 1
18 33 1
18 52 1
20 95 1
95 121 1
85 95 1
95 117 1
20 70 1
20 27 1
145 147 1
141 145 1
141 147 1
140 140 1
139 155 1
148 151 1
139 149 1
149 155 1
165 175 1
167 174 1
177 177 1
179 179 1
171 181 1
162 177 1
167 178 1
174 178 1
176 180 1
169 176 1
169 180 1
185 201 1
188 190 1
196 199 1
186 188 1
186 190 1
186 189 1
188 189 1
189 190 1
185 199 1
199 201 1
185 196 1
158 161 1
156 160 1
63 150 -1
130 150 -1
59 150 -1
116 150 -1
37 150 -1
62 150 -1
7 140 -1
31 173 -1
128 200 -1
62 167 -1
130 167 -1
59 167 -1
116 167 -1
37 167 -1
63 167 -1
62 178 -1
62 174 -1
181 196 -1
171 196 -1
181 185 -1
181 199 -1
76 152 -1
25 144 -1
177 197 -1
162 197 -1
115 160 -1
88 160 -1
124 160 -1
115 156 -1
31 165 -1
31 175 -1
21 153 -1
42 153 -1
35 150 -1
98 150 -1
92 150 -1
127 185 -1
16 185 -1
65 185 -1
127 201 -1
127 196 -1
127 199 -1
41 151 -1
84 151 -1
41 148 -1
52 142 -1
33 142 -1
18 142 -1
135 142 -1
17 201 -1
61 201 -1
134 201 -1
17 185 -1
17 199 -1
138 178 -1
138 174 -1
138 167 -1
5 149 -1
5 139 -1
5 155 -1
57 140 -1
122 140 -1
3 140 -1
126 195 -1
132 195 -1
118 195 -1
100 188 -1
100 186 -1
100 189 -1
100 190 -1
47 166 -1
131 166 -1
7 155 -1
7 139 -1
7 149 -1
151 161 -1
148 161 -1
151 158 -1
8 185 -1
8 201 -1
8 196 -1
8 199 -1
103 177 -1
103 162 -1
20 180 -1
70 180 -1
85 180 -1
121 180 -1
27 180 -1
117 180 -1
95 180 -1
20 176 -1
20 169 -1
50 159 -1
19 159 -1
125 159 -1
79 159 -1
25 201 -1
25 185 -1
25 199 -1
15 191 -1
