432 745 1
578 660 1
372 708 1
403 648 1
424 597 1
385 720 1
628 713 1
553 792 1
494 671 1
501 774 1
514 718 1
401 663 1
607 697 1
602 762 1
372 599 1
599 708 1
367 608 1
389 456 1
800 817 1
541 797 1
589 681 1
549 621 1
386 410 1
704 755 1
493 742 1
412 712 1
493 746 1
742 746 1
526 581 1
606 612 1
502 754 1
595 655 1
579 748 1
699 736 1
405 452 1
468 640 1
539 573 1
399 759 1
677 698 1
472 580 1
442 681 1
442 589 1
658 797 1
541 658 1
366 682 1
498 655 1
498 595 1
560 657 1
611 808 1
396 432 1
396 745 1
556 578 1
556 660 1
580 674 1
472 674 1
393 467 1
605 656 1
600 773 1
624 698 1
624 677 1
566 760 1
717 796 1
469 600 1
469 773 1
500 709 1
757 810 1
681 699 1
442 699 1
589 699 1
681 736 1
387 757 1
387 810 1
398 703 1
752 818 1
596 627 1
498 723 1
595 723 1
655 723 1
529 710 1
390 549 1
390 621 1
644 671 1
494 644 1
490 504 1
487 739 1
534 545 1
385 705 1
705 720 1
596 697 1
627 697 1
596 607 1
414 793 1
747 767 1
420 720 1
385 420 1
420 705 1
536 695 1
382 722 1
557 647 1
390 779 1
549 779 1
621 779 1
474 735 1
565 669 1
581 643 1
526 643 1
389 784 1
456 784 1
555 797 1
555 658 1
541 555 1
613 786 1
492 604 1
1116 1222 1
1058 1224 1
972 1047 1
1003 1044 1
945 1223 1
828 950 1
934 1139 1
1023 1080 1
882 1196 1
1116 1126 1
1126 1222 1
1121 1220 1
1139 1191 1
934 1191 1
1159 1213 1
892 975 1
939 1119 1
1044 1099 1
1003 1099 1
821 864 1
938 1083 1
1043 1196 1
882 1043 1
874 903 1
934 987 1
987 1139 1
987 1191 1
1013 1235 1
957 1114 1
1180 1234 1
1025 1050 1
882 967 1
967 1043 1
967 1196 1
1075 1105 1
1213 1213 1
1102 1122 1
837 979 1
845 1227 1
849 1172 1
1044 1199 1
1099 1199 1
1003 1199 1
948 1082 1
1019 1219 1
850 1077 1
940 1079 1
936 1200 1
852 1181 1
894 933 1
1083 1197 1
938 1197 1
911 1082 1
911 948 1
959 1235 1
959 1013 1
1007 1142 1
838 908 1
1014 1042 1
1017 1023 1
1017 1080 1
912 977 1
821 924 1
864 924 1
853 870 1
918 979 1
837 918 1
869 1203 1
1068 1166 1
891 926 1
874 1230 1
903 1230 1
1073 1170 1
1140 1219 1
1019 1140 1
1020 1227 1
845 1020 1
1041 1211 1
894 1064 1
933 1064 1
970 1034 1
845 870 1
870 1227 1
870 1020 1
845 853 1
963 1167 1
972 1121 1
1047 1121 1
972 1220 1
917 937 1
923 1074 1
1007 1024 1
1024 1142 1
1169 1209 1
1163 1199 1
1099 1163 1
1044 1163 1
1003 1163 1
886 1174 1
1106 1169 1
1106 1209 1
955 1201 1
856 1067 1
928 1152 1
1381 1623 1
1347 1607 1
1307 1429 1
1459 1624 1
1522 1522 1
1554 1584 1
1346 1393 1
1358 1625 1
1253 1418 1
1536 1627 1
1296 1604 1
1301 1430 1
1614 1632 1
1252 1455 1
1425 1629 1
1570 1575 1
1511 1530 1
1389 1611 1
1276 1525 1
1393 1559 1
1346 1559 1
1468 1489 1
1335 1533 1
1293 1306 1
1296 1418 1
1418 1604 1
1253 1296 1
1465 1616 1
1459 1571 1
1571 1624 1
1243 1297 1
1565 1618 1
1265 1422 1
1245 1467 1
1527 1568 1
1515 1608 1
1323 1412 1
1254 1304 1
1253 1275 1
1275 1296 1
1275 1418 1
1371 1530 1
1371 1511 1
1238 1305 1
1249 1578 1
1338 1395 1
1278 1590 1
1356 1471 1
1255 1375 1
1349 1527 1
1349 1568 1
1269 1577 1
1300 1340 1
1408 1497 1
1336 1513 1
1473 1601 1
1430 1624 1
1301 1624 1
1430 1571 1
1430 1459 1
1416 1570 1
1416 1575 1
1402 1552 1
1305 1577 1
1238 1577 1
1269 1305 1
1267 1526 1
1421 1627 1
1421 1536 1
1458 1509 1
1249 1398 1
1398 1578 1
1510 1521 1
1389 1588 1
1588 1611 1
1311 1366 1
1399 1408 1
1399 1497 1
1323 1634 1
1412 1634 1
1399 1581 1
1408 1581 1
1497 1581 1
1246 1404 1
1484 1564 1
1258 1462 1
1483 1577 1
1305 1483 1
1269 1483 1
1238 1483 1
1271 1342 1
1293 1550 1
1306 1550 1
1453 1470 1
1239 1350 1
1283 1460 1
1495 1547 1
1369 1578 1
1249 1369 1
1369 1398 1
1666 1798 1
1798 1973 1
1666 1973 1
1787 1794 1
1698 1910 1
1985 2049 1
1825 2011 1
1727 1824 1
1952 2038 1
1779 1959 1
1666 1724 1
1724 1973 1
1724 1798 1
1698 1710 1
1710 1910 1
1672 1971 1
1676 2004 1
1749 1839 1
1681 1894 1
1674 1948 1
1772 2010 1
1783 1959 1
1779 1783 1
1940 1986 1
1671 1997 1
1853 1950 1
1796 1966 1
1650 2009 1
1700 1877 1
1920 2022 1
1809 1893 1
1645 1946 1
1668 2056 1
1642 2011 1
1642 1825 1
1823 1978 1
1912 2039 1
1950 2009 1
1853 2009 1
1650 1950 1
1681 2009 1
1894 2009 1
1650 1681 1
1681 1853 1
1681 1950 1
1807 1907 1
1711 2036 1
2024 2055 1
1640 1875 1
1680 1771 1
1901 2055 1
1901 2024 1
1732 1780 1
1862 1900 1
1666 1806 1
1724 1806 1
1806 1973 1
1798 1806 1
1899 1976 1
1803 1859 1
1680 1900 1
1771 1900 1
1680 1862 1
1889 2061 1
1709 1748 1
1778 1844 1
1859 1865 1
1803 1865 1
1690 1886 1
1644 2063 1
1885 2019 1
1996 2013 1
1671 1958 1
1958 1997 1
1654 1773 1
1645 1934 1
1934 1946 1
1918 2065 1
1883 2028 1
1857 2026 1
1743 1829 1
1864 2027 1
1846 1852 1
1868 1955 1
1850 1956 1
1793 1967 1
1739 1762 1
1872 1950 1
1872 2009 1
1650 1872 1
1853 1872 1
1681 1872 1
1644 1737 1
1737 2063 1
1706 2059 1
1813 1847 1
1648 1982 1
1754 1761 1
1681 1737 1
1737 1894 1
1737 1872 1
1650 1737 1
1737 2009 1
1737 1853 1
1737 1950 1
1644 1681 1
1681 2063 1
2228 2285 1
2069 2391 1
2175 2301 1
2158 2195 1
2088 2141 1
2263 2424 1
2149 2201 1
2229 2251 1
2068 2073 1
2180 2283 1
2289 2354 1
2187 2255 1
2107 2200 1
2158 2182 1
2182 2195 1
2266 2389 1
2264 2412 1
2185 2401 1
2214 2349 1
2280 2361 1
2307 2395 1
2152 2328 1
2082 2342 1
2149 2232 1
2201 2232 1
2185 2236 1
2236 2401 1
2066 2363 1
2283 2305 1
2180 2305 1
2119 2273 1
2204 2412 1
2204 2264 1
2327 2389 1
2266 2327 1
2187 2324 1
2255 2324 1
2102 2284 1
2241 2417 1
2109 2293 1
2220 2252 1
2107 2379 1
2200 2379 1
2288 2368 1
2077 2192 1
2216 2366 1
2109 2320 1
2293 2320 1
2297 2331 1
2333 2386 1
2172 2304 1
2223 2379 1
2200 2223 1
2107 2223 1
2347 2353 1
2104 2161 1
2132 2394 1
2113 2351 1
2197 2313 1
2113 2215 1
2215 2351 1
2197 2277 1
2277 2313 1
2166 2252 1
2166 2220 1
2180 2285 1
2285 2305 1
2283 2285 1
2180 2228 1
2104 2352 1
2161 2352 1
2177 2346 1
2210 2372 1
2095 2360 1
2124 2210 1
2124 2372 1
2116 2323 1
2174 2409 1
2291 2385 1
2136 2355 1
2232 2383 1
2201 2383 1
2149 2383 1
2140 2293 1
2140 2320 1
2109 2140 1
2387 2400 1
2201 2344 1
2232 2344 1
2149 2344 1
2344 2383 1
2502 2571 1
2431 2501 1
2484 2718 1
2427 2541 1
2551 2588 1
2430 2480 1
2476 2644 1
2551 2589 1
2588 2589 1
2464 2712 1
2440 2594 1
2494 2742 1
2476 2658 1
2644 2658 1
2547 2742 1
2494 2547 1
2651 2666 1
2550 2574 1
2570 2651 1
2570 2666 1
2504 2775 1
2645 2658 1
2644 2645 1
2476 2645 1
2473 2548 1
2519 2632 1
2463 2613 1
2703 2781 1
2450 2727 1
2693 2731 1
2461 2738 1
2540 2785 1
2741 2797 1
2756 2797 1
2741 2756 1
2433 2792 1
2468 2568 1
2599 2643 1
2555 2645 1
2476 2555 1
2555 2658 1
2555 2644 1
2592 2628 1
2730 2750 1
2541 2796 1
2427 2796 1
2469 2599 1
2469 2643 1
2541 2801 1
2427 2801 1
2796 2801 1
2613 2766 1
2463 2766 1
2505 2625 1
2546 2648 1
2539 2653 1
2554 2617 1
2574 2672 1
2550 2672 1
2612 2673 1
2697 2712 1
2464 2697 1
2506 2583 1
2580 2675 1
2601 2696 1
2704 2740 1
2453 2715 1
2549 2635 1
2457 2604 1
2531 2760 1
2450 2716 1
2716 2727 1
2470 2665 1
2574 2692 1
2672 2692 1
2550 2692 1
2465 2576 1
2455 2509 1
2547 2559 1
2494 2559 1
2559 2742 1
2441 2668 1
2609 2612 1
2609 2673 1
2654 2710 1
2674 2779 1
2528 2645 1
2476 2528 1
2528 2658 1
2528 2555 1
2528 2644 1
2454 2607 1
2577 2613 1
2577 2766 1
2463 2577 1
2859 3193 1
2826 3219 1
2822 3068 1
2862 3013 1
2975 3166 1
2922 3141 1
2823 2825 1
2914 3185 1
2878 2986 1
3091 3143 1
2881 3108 1
2910 3176 1
2992 3194 1
3128 3224 1
2931 3059 1
3155 3214 1
2818 2974 1
2898 3070 1
3069 3227 1
3087 3204 1
2861 3031 1
3164 3182 1
2832 3173 1
2864 2923 1
2928 3074 1
2947 3067 1
3079 3217 1
2841 3220 1
2919 3046 1
2872 2990 1
3142 3199 1
2952 3046 1
2919 2952 1
2840 2882 1
2892 3080 1
3125 3163 1
3138 3138 1
2899 3038 1
2964 2983 1
2905 2982 1
2975 3060 1
3060 3166 1
3184 3227 1
3069 3184 1
2816 3189 1
2844 2856 1
2847 3006 1
3011 3211 1
3080 3167 1
2892 3167 1
2854 3085 1
2839 2982 1
2839 2905 1
2809 2835 1
3093 3095 1
3169 3198 1
2888 3079 1
2888 3217 1
2891 3063 1
3023 3094 1
2998 3215 1
2874 3090 1
3154 3179 1
3062 3105 1
2938 2999 1
2992 2998 1
2998 3194 1
2992 3215 1
2870 2940 1
2867 3197 1
2867 3009 1
3009 3197 1
3077 3202 1
2855 3089 1
2812 3157 1
3003 3162 1
2874 3224 1
3090 3224 1
2874 3128 1
2964 2978 1
2978 2983 1
3035 3181 1
2803 2901 1
2864 3029 1
2923 3029 1
2860 2862 1
2860 3013 1
2811 2966 1
2929 2960 1
3100 3217 1
2888 3100 1
3079 3100 1
2841 2849 1
2849 3220 1
3131 3168 1
2868 2963 1
2810 2986 1
2810 2878 1
2967 3080 1
2892 2967 1
2967 3167 1
3140 3158 1
2839 2906 1
2905 2906 1
2906 2982 1
3086 3140 1
3086 3158 1
3325 3468 1
3394 3449 1
3252 3372 1
3390 3514 1
3323 3491 1
3321 3416 1
3291 3444 1
3268 3350 1
3492 3542 1
3362 3534 1
3280 3568 1
3343 3407 1
3356 3398 1
3366 3494 1
3233 3311 1
3366 3411 1
3411 3494 1
3562 3585 1
3452 3575 1
3387 3525 1
3283 3452 1
3283 3575 1
3269 3545 1
3271 3280 1
3271 3568 1
3373 3403 1
3278 3582 1
3405 3416 1
3321 3405 1
3283 3360 1
3360 3452 1
3360 3575 1
3262 3300 1
3371 3432 1
3347 3449 1
3347 3394 1
3280 3521 1
3521 3568 1
3271 3521 1
3245 3267 1
3338 3363 1
3252 3528 1
3372 3528 1
3327 3458 1
3295 3414 1
3238 3392 1
3261 3496 1
3522 3560 1
3525 3570 1
3387 3570 1
3375 3579 1
3467 3496 1
3261 3467 1
3351 3558 1
3390 3469 1
3469 3514 1
3331 3397 1
3246 3248 1
3433 3437 1
3511 3586 1
3529 3576 1
3492 3520 1
3520 3542 1
3276 3282 1
3427 3573 1
3441 3493 1
3254 3423 1
3253 3489 1
3439 3575 1
3360 3439 1
3283 3439 1
3439 3452 1
3281 3564 1
3336 3423 1
3254 3336 1
3319 3347 1
3319 3449 1
3319 3394 1
3378 3433 1
3378 3437 1
3342 3362 1
3342 3534 1
3345 3547 1
3268 3440 1
3350 3440 1
3467 3514 1
3496 3514 1
3261 3514 1
3467 3469 1
3390 3467 1
3312 3594 1
3679 3832 1
3622 3679 1
3622 3832 1
3654 3877 1
3670 3972 1
3696 3919 1
3864 3876 1
3766 3806 1
3765 3923 1
3869 3964 1
3710 3866 1
3646 3798 1
3767 3887 1
3607 3658 1
3810 3974 1
3747 3804 1
3737 3745 1
3662 3999 1
3624 3802 1
3686 3687 1
3770 3843 1
3685 3948 1
3655 3941 1
3716 3732 1
3780 3874 1
3656 3821 1
3623 3698 1
3976 3999 1
3662 3976 1
3732 3785 1
3716 3785 1
3766 3905 1
3806 3905 1
3778 3854 1
3834 3984 1
3969 3999 1
3969 3976 1
3662 3969 1
3861 3911 1
3617 3983 1
3604 3632 1
3962 3977 1
3864 3922 1
3876 3922 1
3963 3967 1
3772 3905 1
3772 3806 1
3766 3772 1
3736 3741 1
3603 3637 1
3862 3923 1
3765 3862 1
3781 3973 1
3651 3843 1
3651 3770 1
3826 3865 1
3696 3791 1
3791 3919 1
3788 3819 1
3651 3661 1
3661 3770 1
3661 3843 1
3668 3789 1
3665 3797 1
3745 3920 1
3737 3920 1
3716 3922 1
3785 3922 1
3732 3922 1
3716 3864 1
3716 3876 1
3680 3698 1
3623 3680 1
3721 3975 1
3691 3995 1
3854 3971 1
3778 3971 1
3677 3952 1
3940 3950 1
3703 3957 1
3715 3915 1
3789 3993 1
3668 3993 1
3668 3957 1
3957 3993 1
3789 3957 1
3668 3703 1
3808 3856 1
3667 3902 1
3862 3972 1
3923 3972 1
3765 3972 1
3670 3862 1
3639 3930 1
3677 3798 1
3798 3952 1
3646 3677 1
3711 3733 1
3598 3782 1
3710 3762 1
3762 3866 1
38 81 1
84 330 1
45 232 1
213 280 1
120 232 1
45 120 1
25 221 1
20 196 1
249 350 1
123 303 1
75 162 1
156 338 1
3 202 1
149 155 1
49 65 1
20 141 1
141 196 1
259 272 1
155 286 1
149 286 1
138 292 1
154 333 1
107 141 1
107 196 1
20 107 1
234 285 1
238 348 1
63 343 1
127 164 1
62 216 1
126 363 1
159 224 1
201 312 1
132 274 1
24 231 1
34 100 1
35 350 1
35 249 1
11 225 1
189 339 1
218 287 1
18 115 1
21 139 1
67 159 1
67 224 1
134 323 1
182 198 1
105 213 1
105 280 1
200 340 1
168 316 1
242 349 1
116 282 1
167 247 1
151 218 1
151 287 1
15 167 1
15 247 1
111 298 1
203 252 1
114 285 1
114 234 1
253 273 1
229 261 1
286 357 1
155 357 1
149 357 1
46 318 1
191 219 1
269 321 1
174 271 1
276 341 1
315 338 1
156 315 1
57 198 1
57 182 1
16 71 1
54 81 1
38 54 1
97 129 1
28 327 1
70 268 1
130 191 1
130 219 1
166 171 1
39 151 1
39 218 1
39 287 1
70 227 1
227 268 1
42 206 1
930 1796 -1
930 1966 -1
1863 3440 -1
1863 3268 -1
1863 3350 -1
768 3552 -1
950 2398 -1
828 2398 -1
1488 3716 -1
1488 3864 -1
1488 3785 -1
1488 3922 -1
1488 3732 -1
1488 3876 -1
458 2729 -1
207 2381 -1
1423 1980 -1
255 2769 -1
1770 3065 -1
3106 3428 -1
1130 2311 -1
1882 3058 -1
562 1272 -1
554 2467 -1
55 1934 -1
55 1946 -1
55 1645 -1
1763 3732 -1
1763 3785 -1
1763 3922 -1
1763 3716 -1
1163 2241 -1
1099 2241 -1
1044 2241 -1
1003 2241 -1
1199 2241 -1
1163 2417 -1
1863 2385 -1
1863 2291 -1
965 1475 -1
3 877 -1
202 877 -1
1539 3210 -1
190 706 -1
1438 2385 -1
1438 2291 -1
707 2404 -1
524 2361 -1
524 2280 -1
2376 2655 -1
1007 3258 -1
1024 3258 -1
1142 3258 -1
678 3882 -1
1946 2176 -1
1645 2176 -1
1934 2176 -1
2625 3326 -1
2505 3326 -1
236 3236 -1
3474 3995 -1
3474 3691 -1
467 1365 -1
393 1365 -1
728 1517 -1
1388 3244 -1
1840 3630 -1
217 2834 -1
857 2036 -1
857 1711 -1
2557 3270 -1
288 3691 -1
288 3995 -1
101 1569 -1
315 1028 -1
338 1028 -1
156 1028 -1
218 1181 -1
39 1181 -1
151 1181 -1
287 1181 -1
218 852 -1
2079 3845 -1
1002 1547 -1
1002 1495 -1
2162 3190 -1
1088 3385 -1
2690 3544 -1
560 1285 -1
657 1285 -1
1553 2030 -1
910 1558 -1
551 1713 -1
796 1023 -1
717 1023 -1
796 1080 -1
796 1017 -1
1311 2066 -1
1366 2066 -1
1311 2363 -1
1058 2018 -1
1224 2018 -1
1728 3970 -1
1116 2516 -1
1126 2516 -1
1222 2516 -1
370 2320 -1
370 2140 -1
370 2109 -1
370 2293 -1
1359 3075 -1
876 3416 -1
876 3321 -1
876 3405 -1
1996 2788 -1
2013 2788 -1
532 2403 -1
188 3960 -1
160 3566 -1
1642 3703 -1
1825 3703 -1
2011 3703 -1
1642 3668 -1
1642 3957 -1
258 2182 -1
258 2195 -1
258 2158 -1
2040 3797 -1
2040 3665 -1
2667 2976 -1
2161 2455 -1
2104 2455 -1
2352 2455 -1
2161 2509 -1
394 3509 -1
150 2868 -1
150 2963 -1
2555 3484 -1
2528 3484 -1
2644 3484 -1
2658 3484 -1
2476 3484 -1
2645 3484 -1
689 2408 -1
726 838 -1
726 908 -1
483 3273 -1
220 3809 -1
330 3415 -1
84 3415 -1
1115 1839 -1
1115 1749 -1
262 2859 -1
262 3193 -1
2055 2681 -1
2024 2681 -1
1901 2681 -1
1740 3556 -1
1449 2514 -1
1200 1627 -1
936 1627 -1
1200 1536 -1
1200 1421 -1
647 3678 -1
557 3678 -1
271 3714 -1
174 3714 -1
1493 2476 -1
1493 2528 -1
1493 2658 -1
1493 2555 -1
1493 2644 -1
1493 2645 -1
1928 2201 -1
1928 2232 -1
1928 2344 -1
1928 2149 -1
1928 2383 -1
923 3598 -1
1074 3598 -1
923 3782 -1
3584 3959 -1
2632 3232 -1
2519 3232 -1
1412 3774 -1
1634 3774 -1
1323 3774 -1
325 1811 -1
895 3669 -1
1252 3334 -1
1455 3334 -1
1691 3029 -1
1691 2864 -1
1691 2923 -1
514 3263 -1
718 3263 -1
1039 3082 -1
760 1874 -1
566 1874 -1
839 1954 -1
755 1773 -1
704 1773 -1
755 1654 -1
2058 2623 -1
738 1598 -1
797 2071 -1
658 2071 -1
555 2071 -1
541 2071 -1
337 499 -1
131 2664 -1
2418 2779 -1
2418 2674 -1
1907 2152 -1
1807 2152 -1
1907 2328 -1
2487 2859 -1
2487 3193 -1
2006 3540 -1
2053 3977 -1
2053 3962 -1
2316 2674 -1
2316 2779 -1
683 2396 -1
1830 3670 -1
1830 3972 -1
1830 3862 -1
1655 3056 -1
1125 1387 -1
84 657 -1
330 657 -1
84 560 -1
164 477 -1
127 477 -1
664 982 -1
568 1771 -1
568 1680 -1
568 1900 -1
2930 3390 -1
2930 3514 -1
2930 3467 -1
2930 3469 -1
3454 3740 -1
904 2224 -1
2668 3124 -1
2441 3124 -1
236 3076 -1
2030 2605 -1
3114 3670 -1
3114 3972 -1
3114 3862 -1
2751 3427 -1
2751 3573 -1
493 1875 -1
746 1875 -1
742 1875 -1
493 1640 -1
1637 3469 -1
1637 3514 -1
1637 3467 -1
1637 3390 -1
33 2484 -1
33 2718 -1
818 942 -1
752 942 -1
1891 3365 -1
1518 3864 -1
1518 3716 -1
1518 3922 -1
1518 3876 -1
1958 3954 -1
1997 3954 -1
1671 3954 -1
1309 2786 -1
1611 1936 -1
1588 1936 -1
1389 1936 -1
2656 3449 -1
2656 3394 -1
2656 3347 -1
2656 3319 -1
1711 2596 -1
2036 2596 -1
2736 3657 -1
520 1995 -1
3048 3785 -1
3048 3716 -1
3048 3922 -1
3048 3732 -1
120 3686 -1
232 3686 -1
45 3686 -1
120 3687 -1
1489 3500 -1
1468 3500 -1
1551 1906 -1
1992 2095 -1
1992 2360 -1
2246 3859 -1
571 3966 -1
133 2085 -1
1450 2422 -1
254 1147 -1
1012 3854 -1
1012 3778 -1
1012 3971 -1
2148 2898 -1
2148 3070 -1
641 3104 -1
17 533 -1
913 1423 -1
462 3414 -1
462 3295 -1
2325 3751 -1
1427 3233 -1
1427 3311 -1
34 1579 -1
100 1579 -1
1108 3114 -1
1753 2170 -1
1631 3516 -1
1698 2835 -1
1710 2835 -1
1910 2835 -1
1698 2809 -1
2375 3594 -1
2375 3312 -1
3302 3904 -1
686 3777 -1
921 3774 -1
1045 3071 -1
445 2420 -1
974 2174 -1
974 2409 -1
1914 3839 -1
63 1629 -1
343 1629 -1
63 1425 -1
1812 3757 -1
1430 1908 -1
1624 1908 -1
1459 1908 -1
1571 1908 -1
1301 1908 -1
1766 3827 -1
2538 3048 -1
782 1734 -1
678 3719 -1
2268 2738 -1
2268 2461 -1
973 2659 -1
42 3662 -1
206 3662 -1
42 3976 -1
42 3969 -1
42 3999 -1
2785 3526 -1
2540 3526 -1
219 621 -1
130 621 -1
191 621 -1
219 779 -1
219 549 -1
219 390 -1
2472 3774 -1
950 2563 -1
828 2563 -1
668 2831 -1
2200 3528 -1
2379 3528 -1
2107 3528 -1
2223 3528 -1
2200 3372 -1
2200 3252 -1
2708 2911 -1
698 1947 -1
624 1947 -1
677 1947 -1
1700 2468 -1
1877 2468 -1
1700 2568 -1
880 3947 -1
2799 3035 -1
2799 3181 -1
2401 3199 -1
2185 3199 -1
2236 3199 -1
2401 3142 -1
1241 3519 -1
1077 1933 -1
850 1933 -1
939 1370 -1
1119 1370 -1
2137 3195 -1
1428 1672 -1
1428 1971 -1
323 2702 -1
134 2702 -1
2697 3439 -1
2712 3439 -1
2464 3439 -1
2697 3360 -1
2697 3283 -1
2697 3452 -1
2697 3575 -1
208 871 -1
1907 2301 -1
1807 2301 -1
1907 2175 -1
305 3012 -1
464 1867 -1
468 3842 -1
640 3842 -1
83 3445 -1
1595 3856 -1
1595 3808 -1
745 3233 -1
432 3233 -1
396 3233 -1
745 3311 -1
877 2671 -1
1501 2039 -1
1501 1912 -1
796 3462 -1
717 3462 -1
2362 3781 -1
2362 3973 -1
582 3268 -1
582 3440 -1
582 3350 -1
1199 2455 -1
1099 2455 -1
1044 2455 -1
1163 2455 -1
1003 2455 -1
1199 2509 -1
763 1509 -1
763 1458 -1
911 2318 -1
1082 2318 -1
948 2318 -1
319 2515 -1
2483 3339 -1
1437 2781 -1
1437 2703 -1
2253 2794 -1
3264 3767 -1
3264 3887 -1
737 2652 -1
1229 2666 -1
1229 2570 -1
1229 2651 -1
2038 2783 -1
1952 2783 -1
1676 2643 -1
2004 2643 -1
1676 2469 -1
1676 2599 -1
3517 3893 -1
645 1332 -1
667 3966 -1
1476 3470 -1
117 3976 -1
117 3969 -1
117 3662 -1
117 3999 -1
135 1157 -1
3084 3965 -1
1426 3781 -1
1426 3973 -1
2754 3836 -1
336 1691 -1
2351 3885 -1
2113 3885 -1
2215 3885 -1
785 3332 -1
1130 3263 -1
1122 3810 -1
1102 3810 -1
1122 3974 -1
77 3574 -1
2342 3049 -1
2082 3049 -1
1424 2288 -1
1424 2368 -1
424 3413 -1
597 3413 -1
3477 3702 -1
485 1419 -1
568 3665 -1
568 3797 -1
3220 3935 -1
2841 3935 -1
2849 3935 -1
1194 2299 -1
312 1880 -1
201 1880 -1
2870 3608 -1
2940 3608 -1
2500 3184 -1
2500 3227 -1
2500 3069 -1
3043 3769 -1
1130 3590 -1
28 1669 -1
327 1669 -1
504 1405 -1
490 1405 -1
691 1490 -1
293 2152 -1
293 2328 -1
822 3067 -1
822 2947 -1
176 2870 -1
176 2940 -1
1572 3932 -1
486 923 -1
486 1074 -1
1182 3406 -1
1914 2317 -1
144 487 -1
144 739 -1
1384 1764 -1
565 2731 -1
669 2731 -1
565 2693 -1
1683 3808 -1
1683 3856 -1
1780 2560 -1
1732 2560 -1
1268 1635 -1
2043 2667 -1
507 2851 -1
119 3205 -1
3104 3964 -1
3104 3869 -1
797 3902 -1
658 3902 -1
555 3902 -1
541 3902 -1
797 3667 -1
2519 3251 -1
2632 3251 -1
1327 3298 -1
1162 2085 -1
889 3830 -1
337 3531 -1
622 3281 -1
622 3564 -1
724 2563 -1
262 2091 -1
216 3097 -1
62 3097 -1
1009 3009 -1
1009 2867 -1
1009 3197 -1
1427 2933 -1
455 3821 -1
455 3656 -1
771 3789 -1
771 3993 -1
771 3668 -1
771 3957 -1
1419 1810 -1
1789 2705 -1
194 1835 -1
2608 3708 -1
251 3839 -1
3250 3800 -1
1570 1944 -1
1416 1944 -1
1575 1944 -1
663 3398 -1
401 3398 -1
663 3356 -1
147 1747 -1
1474 3222 -1
1252 2942 -1
1455 2942 -1
2933 3791 -1
2933 3696 -1
2933 3919 -1
2732 3398 -1
2732 3356 -1
1443 2090 -1
2830 3473 -1
71 2159 -1
16 2159 -1
1335 2374 -1
1533 2374 -1
1387 3506 -1
233 3503 -1
702 3569 -1
1828 3390 -1
1828 3514 -1
1828 3467 -1
1828 3469 -1
223 3718 -1
1621 2942 -1
830 3261 -1
830 3496 -1
830 3514 -1
830 3467 -1
823 2602 -1
1646 2885 -1
599 2064 -1
708 2064 -1
372 2064 -1
1340 3469 -1
1300 3469 -1
1340 3514 -1
1340 3467 -1
1340 3390 -1
1400 3086 -1
1400 3140 -1
1400 3158 -1
2168 2859 -1
2168 3193 -1
2188 2511 -1
120 3224 -1
232 3224 -1
45 3224 -1
120 3128 -1
120 2874 -1
120 3090 -1
537 1402 -1
537 1552 -1
1148 2659 -1
2300 3523 -1
538 3331 -1
538 3397 -1
2190 3164 -1
2190 3182 -1
1421 3433 -1
1536 3433 -1
1627 3433 -1
1421 3378 -1
1421 3437 -1
3061 3768 -1
788 2820 -1
1649 2960 -1
1649 2929 -1
304 494 -1
304 644 -1
304 671 -1
544 1387 -1
1514 1645 -1
1514 1946 -1
1514 1934 -1
1009 3904 -1
1497 3106 -1
1408 3106 -1
1581 3106 -1
1399 3106 -1
379 2863 -1
2038 2170 -1
1952 2170 -1
2560 3981 -1
1999 2990 -1
1999 2872 -1
87 3487 -1
1068 3759 -1
1166 3759 -1
436 1718 -1
307 1183 -1
1749 3344 -1
1839 3344 -1
304 521 -1
995 3519 -1
646 1258 -1
646 1462 -1
1406 3164 -1
1406 3182 -1
546 3012 -1
2235 3943 -1
198 1097 -1
57 1097 -1
182 1097 -1
59 3183 -1
724 1347 -1
724 1607 -1
2019 2872 -1
1885 2872 -1
2019 2990 -1
1692 3106 -1
2550 3200 -1
2672 3200 -1
2692 3200 -1
2574 3200 -1
1912 3601 -1
2039 3601 -1
382 1372 -1
722 1372 -1
556 2790 -1
578 2790 -1
660 2790 -1
1320 3985 -1
326 3469 -1
326 3514 -1
326 3467 -1
326 3390 -1
198 3694 -1
57 3694 -1
182 3694 -1
577 1046 -1
943 1386 -1
361 3886 -1
1977 2571 -1
1977 2502 -1
1430 2134 -1
1624 2134 -1
1459 2134 -1
1571 2134 -1
1301 2134 -1
1189 3066 -1
2362 2470 -1
2362 2665 -1
460 2885 -1
1914 2610 -1
2181 3182 -1
2181 3164 -1
1695 2829 -1
42 3765 -1
206 3765 -1
42 3923 -1
42 3972 -1
42 3862 -1
678 3433 -1
678 3378 -1
678 3437 -1
1152 3302 -1
928 3302 -1
1272 3346 -1
1094 2905 -1
1094 2906 -1
1094 2982 -1
1094 2839 -1
377 2731 -1
377 2693 -1
840 1621 -1
457 988 -1
618 2326 -1
41 3220 -1
41 2841 -1
41 2849 -1
273 1335 -1
253 1335 -1
273 1533 -1
1416 3260 -1
1570 3260 -1
1575 3260 -1
1302 1806 -1
1302 1666 -1
1302 1724 -1
1302 1973 -1
1302 1798 -1
3251 3719 -1
946 2374 -1
1519 2567 -1
72 1415 -1
528 1568 -1
528 1349 -1
528 1527 -1
978 2530 -1
1145 2565 -1
547 1761 -1
547 1754 -1
1021 2002 -1
665 2549 -1
665 2635 -1
1346 2399 -1
1393 2399 -1
1559 2399 -1
898 3930 -1
898 3639 -1
2471 3546 -1
2275 3690 -1
815 2121 -1
1123 3709 -1
116 558 -1
282 558 -1
2633 3746 -1
688 3542 -1
688 3520 -1
688 3492 -1
102 3095 -1
102 3093 -1
285 3682 -1
234 3682 -1
114 3682 -1
2511 3641 -1
244 1469 -1
1897 2208 -1
1602 3991 -1
569 2259 -1
2448 3758 -1
2334 3587 -1
1771 2728 -1
1680 2728 -1
1900 2728 -1
1009 2498 -1
2094 3117 -1
801 1397 -1
1263 2685 -1
267 3627 -1
267 1692 -1
1684 2589 -1
1684 2588 -1
1684 2551 -1
2760 3234 -1
2531 3234 -1
1868 3497 -1
1955 3497 -1
1148 2066 -1
1148 2363 -1
2475 3072 -1
799 3228 -1
1079 2880 -1
940 2880 -1
133 3763 -1
634 1662 -1
2414 2866 -1
2270 3128 -1
2270 3224 -1
2270 2874 -1
343 2885 -1
63 2885 -1
383 1169 -1
383 1209 -1
383 1106 -1
811 2500 -1
2092 2692 -1
2092 2672 -1
2092 2550 -1
2092 2574 -1
1753 2140 -1
1753 2320 -1
1753 2293 -1
1753 2109 -1
2237 2795 -1
2333 3052 -1
2386 3052 -1
3165 3595 -1
1550 3358 -1
1306 3358 -1
1293 3358 -1
871 2303 -1
849 2457 -1
1172 2457 -1
849 2604 -1
379 3855 -1
1097 2157 -1
1048 3952 -1
1048 3677 -1
1048 3798 -1
1431 2300 -1
388 3730 -1
1001 1420 -1
1957 2513 -1
461 3034 -1
691 1528 -1
1440 3727 -1
230 2981 -1
1158 3691 -1
1158 3995 -1
4 3125 -1
4 3163 -1
1945 2309 -1
2895 3675 -1
954 2505 -1
954 2625 -1
3049 3698 -1
3049 3680 -1
3049 3623 -1
2424 3388 -1
2263 3388 -1
699 2686 -1
736 2686 -1
681 2686 -1
442 2686 -1
589 2686 -1
2621 3316 -1
257 1666 -1
257 1806 -1
257 1724 -1
257 1973 -1
257 1798 -1
372 2054 -1
708 2054 -1
599 2054 -1
2807 3433 -1
2807 3378 -1
2807 3437 -1
95 3718 -1
804 3243 -1
843 3793 -1
725 1152 -1
725 928 -1
2900 3907 -1
2388 2706 -1
2757 3601 -1
1171 3663 -1
173 3042 -1
159 3129 -1
224 3129 -1
67 3129 -1
1059 1806 -1
1059 1666 -1
1059 1724 -1
1059 1973 -1
1059 1798 -1
2914 3355 -1
3185 3355 -1
2408 3058 -1
327 3553 -1
28 3553 -1
1740 2957 -1
1530 1687 -1
1371 1687 -1
1511 1687 -1
951 2564 -1
1999 3348 -1
2093 3110 -1
2095 3425 -1
2360 3425 -1
2534 3228 -1
365 1576 -1
4 745 -1
4 432 -1
4 396 -1
127 2256 -1
164 2256 -1
1905 3810 -1
1905 3974 -1
1493 2320 -1
1493 2140 -1
1493 2109 -1
1493 2293 -1
1156 3949 -1
1608 2741 -1
1515 2741 -1
1608 2756 -1
1608 2797 -1
1793 3777 -1
1967 3777 -1
1836 2561 -1
1040 3338 -1
1040 3363 -1
1533 2403 -1
1335 2403 -1
514 1770 -1
718 1770 -1
1819 2684 -1
633 2482 -1
291 746 -1
291 493 -1
291 742 -1
1552 3886 -1
1402 3886 -1
2558 3452 -1
2558 3360 -1
2558 3439 -1
2558 3283 -1
2558 3575 -1
2173 3758 -1
583 1121 -1
583 972 -1
583 1220 -1
583 1047 -1
1497 3280 -1
1408 3280 -1
1581 3280 -1
1399 3280 -1
1497 3568 -1
1497 3521 -1
1497 3271 -1
1806 3544 -1
1666 3544 -1
1724 3544 -1
1973 3544 -1
1798 3544 -1
368 2418 -1
1953 3649 -1
75 1005 -1
162 1005 -1
1898 3522 -1
1898 3560 -1
430 3136 -1
1614 1750 -1
1632 1750 -1
168 3073 -1
316 3073 -1
476 1265 -1
476 1422 -1
1023 1548 -1
1080 1548 -1
1017 1548 -1
345 3996 -1
2825 3352 -1
2823 3352 -1
