577 698 1
529 756 1
730 794 1
443 810 1
376 465 1
523 530 1
628 693 1
478 669 1
449 637 1
714 765 1
468 536 1
610 807 1
510 512 1
366 521 1
417 432 1
560 724 1
633 713 1
540 819 1
401 818 1
710 819 1
540 710 1
502 794 1
502 730 1
414 559 1
416 638 1
451 756 1
451 529 1
397 415 1
495 668 1
579 683 1
463 701 1
399 422 1
416 754 1
638 754 1
449 778 1
637 778 1
587 678 1
501 692 1
438 491 1
469 583 1
643 721 1
510 521 1
512 521 1
366 510 1
549 760 1
452 539 1
426 761 1
691 799 1
515 568 1
556 591 1
424 608 1
397 553 1
415 553 1
617 637 1
449 617 1
617 778 1
404 745 1
561 706 1
413 652 1
394 760 1
394 549 1
698 817 1
577 817 1
451 553 1
529 553 1
553 756 1
397 451 1
415 451 1
600 630 1
659 678 1
587 659 1
714 715 1
715 765 1
379 731 1
470 626 1
464 653 1
480 585 1
376 807 1
465 807 1
376 610 1
381 608 1
381 424 1
491 537 1
438 537 1
605 789 1
560 576 1
576 724 1
502 780 1
780 794 1
730 780 1
417 785 1
432 785 1
636 734 1
472 744 1
375 817 1
375 577 1
375 698 1
633 728 1
713 728 1
399 646 1
422 646 1
437 465 1
376 437 1
437 807 1
437 554 1
376 554 1
465 554 1
554 807 1
509 537 1
491 509 1
438 509 1
405 515 1
405 568 1
443 635 1
635 810 1
552 699 1
384 426 1
384 761 1
538 697 1
387 390 1
571 766 1
412 688 1
366 375 1
375 521 1
375 510 1
366 577 1
366 817 1
366 698 1
401 442 1
442 818 1
656 677 1
716 745 1
404 716 1
498 510 1
498 512 1
498 521 1
366 498 1
375 498 1
448 715 1
448 714 1
448 765 1
606 610 1
376 606 1
606 807 1
469 534 1
534 583 1
693 765 1
628 765 1
448 693 1
693 714 1
693 715 1
711 769 1
454 726 1
442 767 1
401 767 1
767 818 1
492 618 1
740 755 1
376 418 1
418 610 1
418 807 1
418 554 1
418 465 1
418 437 1
418 606 1
518 566 1
441 777 1
455 797 1
563 563 1
372 435 1
641 818 1
401 641 1
442 641 1
641 767 1
622 698 1
577 622 1
375 622 1
366 622 1
622 817 1
681 768 1
484 657 1
493 508 1
565 675 1
508 664 1
493 664 1
519 590 1
369 521 1
369 512 1
366 369 1
369 498 1
369 375 1
369 510 1
393 584 1
386 544 1
517 756 1
517 529 1
451 517 1
517 553 1
463 709 1
701 709 1
376 492 1
492 610 1
492 807 1
492 554 1
418 492 1
465 492 1
437 492 1
492 606 1
376 618 1
641 772 1
401 772 1
772 818 1
442 772 1
767 772 1
643 673 1
673 721 1
552 751 1
699 751 1
745 817 1
716 817 1
404 817 1
577 745 1
622 745 1
366 745 1
375 745 1
698 745 1
531 568 1
515 531 1
405 531 1
400 624 1
700 765 1
448 700 1
700 714 1
700 715 1
628 700 1
693 700 1
660 679 1
509 753 1
537 753 1
491 753 1
438 753 1
437 791 1
418 791 1
791 807 1
554 791 1
492 791 1
465 791 1
376 791 1
392 790 1
453 631 1
773 786 1
501 578 1
578 692 1
550 555 1
447 540 1
447 819 1
447 710 1
676 814 1
418 540 1
540 610 1
540 807 1
540 554 1
492 540 1
465 540 1
437 540 1
540 791 1
376 540 1
540 606 1
418 710 1
418 819 1
418 447 1
523 643 1
530 643 1
523 721 1
523 673 1
611 814 1
611 676 1
466 658 1
488 642 1
385 590 1
385 519 1
417 634 1
432 634 1
634 785 1
529 565 1
553 565 1
451 565 1
565 756 1
517 565 1
529 675 1
394 417 1
417 760 1
417 549 1
394 432 1
394 785 1
394 634 1
486 607 1
569 574 1
451 554 1
517 554 1
553 554 1
397 554 1
529 554 1
554 756 1
554 565 1
415 554 1
418 451 1
451 807 1
451 492 1
451 465 1
437 451 1
451 791 1
376 451 1
451 540 1
661 794 1
661 730 1
661 780 1
502 661 1
387 668 1
390 668 1
387 495 1
769 777 1
711 777 1
441 769 1
413 555 1
555 652 1
413 550 1
431 814 1
431 611 1
431 676 1
454 598 1
598 726 1
468 477 1
477 536 1
394 555 1
417 555 1
549 555 1
432 555 1
555 785 1
555 760 1
555 634 1
394 550 1
394 652 1
394 413 1
898 956 1
832 857 1
1086 1101 1
845 1227 1
833 881 1
852 1037 1
833 854 1
854 881 1
978 1015 1
986 1107 1
1039 1063 1
971 1090 1
976 983 1
912 1044 1
1107 1167 1
986 1167 1
866 984 1
1161 1210 1
832 1017 1
857 1017 1
826 868 1
975 1024 1
880 1136 1
892 949 1
1001 1219 1
1113 1155 1
1012 1025 1
896 924 1
841 856 1
1001 1045 1
1045 1219 1
821 879 1
1026 1092 1
1001 1168 1
1168 1219 1
1045 1168 1
1051 1085 1
876 919 1
1005 1198 1
843 931 1
950 1182 1
888 1113 1
888 1155 1
883 1011 1
836 1083 1
942 962 1
974 994 1
864 1188 1
885 1204 1
1112 1201 1
920 1180 1
956 1085 1
898 1085 1
956 1051 1
898 1039 1
956 1039 1
1039 1085 1
898 1063 1
823 1178 1
960 970 1
1074 1185 1
851 1142 1
824 1129 1
991 1192 1
973 1056 1
1141 1178 1
823 1141 1
995 1227 1
845 995 1
828 1075 1
1111 1142 1
851 1111 1
866 1201 1
984 1201 1
866 1112 1
1002 1175 1
925 1067 1
849 916 1
1157 1179 1
1176 1214 1
1158 1184 1
1038 1134 1
835 1226 1
963 1008 1
824 1201 1
1129 1201 1
824 1112 1
824 984 1
824 866 1
881 1123 1
833 1123 1
854 1123 1
1024 1070 1
975 1070 1
867 908 1
1000 1217 1
1034 1096 1
1048 1149 1
1083 1096 1
836 1096 1
1034 1083 1
1073 1215 1
859 1017 1
832 859 1
857 859 1
1057 1093 1
964 1142 1
851 964 1
964 1111 1
920 1100 1
1100 1180 1
1049 1103 1
889 1228 1
907 952 1
886 1027 1
913 993 1
942 1108 1
962 1108 1
919 1057 1
876 1057 1
919 1093 1
856 1190 1
841 1190 1
855 1126 1
989 1062 1
916 1212 1
849 1212 1
821 960 1
879 960 1
821 970 1
927 959 1
948 994 1
948 974 1
1144 1223 1
942 1087 1
962 1087 1
1087 1108 1
1054 1135 1
949 957 1
892 957 1
942 1235 1
962 1235 1
1108 1235 1
1087 1235 1
930 932 1
890 1110 1
1015 1227 1
978 1227 1
995 1015 1
845 1015 1
828 996 1
996 1075 1
826 940 1
868 940 1
1030 1077 1
1037 1170 1
852 1170 1
1056 1208 1
973 1208 1
851 993 1
964 993 1
993 1142 1
993 1111 1
851 913 1
986 1112 1
1107 1112 1
1112 1167 1
866 986 1
986 1201 1
824 986 1
841 1046 1
856 1046 1
1046 1190 1
832 1126 1
857 1126 1
859 1126 1
1017 1126 1
832 855 1
973 1064 1
1056 1064 1
1064 1208 1
963 1140 1
1008 1140 1
869 950 1
869 1182 1
823 1214 1
1178 1214 1
1141 1214 1
823 1176 1
852 923 1
923 1170 1
923 1037 1
955 1192 1
955 991 1
863 921 1
921 1198 1
863 1198 1
921 1005 1
849 1157 1
1157 1212 1
916 1157 1
849 1179 1
1116 1178 1
1116 1141 1
1116 1214 1
823 1116 1
885 1177 1
1177 1204 1
902 957 1
892 902 1
902 949 1
846 962 1
846 1235 1
846 1108 1
846 942 1
846 1087 1
831 966 1
838 874 1
879 1111 1
960 1111 1
821 1111 1
879 993 1
879 964 1
851 879 1
879 1142 1
1186 1225 1
840 1008 1
840 963 1
840 1140 1
829 955 1
829 1192 1
829 991 1
924 1092 1
896 1092 1
924 1026 1
902 1105 1
892 1105 1
957 1105 1
949 1105 1
1028 1086 1
1028 1101 1
851 957 1
957 993 1
957 964 1
879 957 1
913 957 1
957 1142 1
957 1111 1
851 902 1
851 1105 1
851 949 1
851 892 1
895 1018 1
829 882 1
882 1192 1
882 955 1
882 991 1
846 1192 1
962 1192 1
942 1192 1
1192 1235 1
1108 1192 1
1087 1192 1
846 882 1
846 955 1
829 846 1
846 991 1
834 1065 1
1017 1170 1
832 1170 1
857 1170 1
859 1170 1
1126 1170 1
1017 1037 1
852 1017 1
923 1017 1
839 896 1
839 1092 1
839 924 1
1048 1177 1
1149 1177 1
1048 1204 1
885 1048 1
906 1211 1
941 951 1
864 1170 1
1170 1188 1
832 864 1
859 864 1
864 1126 1
864 1037 1
852 864 1
857 864 1
864 1017 1
864 923 1
1002 1042 1
1042 1175 1
865 943 1
1007 1099 1
893 1157 1
849 893 1
893 916 1
893 1179 1
893 1212 1
974 998 1
994 998 1
948 998 1
1041 1105 1
902 1041 1
851 1041 1
949 1041 1
892 1041 1
957 1041 1
1449 1489 1
1351 1461 1
1621 1633 1
1288 1333 1
1561 1611 1
1391 1461 1
1351 1391 1
1395 1444 1
1280 1402 1
1271 1503 1
1280 1423 1
1402 1423 1
1330 1522 1
1313 1437 1
1254 1296 1
1285 1353 1
1523 1549 1
1300 1467 1
1247 1587 1
1504 1601 1
1457 1515 1
1537 1567 1
1279 1601 1
1279 1504 1
1431 1461 1
1391 1431 1
1351 1431 1
1405 1559 1
1553 1603 1
1241 1253 1
1290 1368 1
1300 1524 1
1467 1524 1
1524 1550 1
1467 1550 1
1300 1550 1
1311 1501 1
1370 1585 1
1325 1371 1
1462 1524 1
1462 1467 1
1300 1462 1
1462 1550 1
1393 1424 1
1245 1406 1
1471 1630 1
1569 1622 1
1379 1414 1
1248 1295 1
1372 1584 1
1326 1631 1
1543 1569 1
1543 1622 1
1317 1387 1
1380 1609 1
1261 1291 1
1442 1611 1
1442 1561 1
1314 1497 1
1309 1457 1
1309 1515 1
1393 1527 1
1424 1527 1
1299 1448 1
1314 1589 1
1497 1589 1
1291 1591 1
1261 1591 1
1323 1493 1
1267 1590 1
1307 1355 1
1334 1568 1
1476 1629 1
1410 1621 1
1410 1633 1
1258 1512 1
1265 1597 1
1471 1611 1
1611 1630 1
1471 1561 1
1442 1471 1
1460 1597 1
1265 1460 1
1559 1582 1
1405 1582 1
1409 1582 1
1405 1409 1
1409 1559 1
1271 1421 1
1421 1503 1
1491 1514 1
1334 1389 1
1389 1568 1
1419 1573 1
1379 1545 1
1414 1545 1
1297 1521 1
1269 1456 1
1407 1530 1
1354 1553 1
1354 1603 1
1350 1581 1
1551 1555 1
1472 1592 1
1411 1444 1
1395 1411 1
1488 1503 1
1421 1488 1
1271 1488 1
1518 1558 1
1500 1536 1
1491 1603 1
1514 1603 1
1491 1553 1
1354 1491 1
1294 1405 1
1294 1409 1
1294 1582 1
1294 1559 1
1413 1459 1
1397 1615 1
1284 1357 1
1237 1439 1
1295 1632 1
1248 1632 1
1424 1619 1
1393 1619 1
1527 1619 1
1255 1367 1
1274 1293 1
1417 1417 1
1330 1541 1
1522 1541 1
1511 1528 1
1416 1430 1
1309 1473 1
1457 1473 1
1473 1515 1
1371 1437 1
1325 1437 1
1313 1371 1
1508 1576 1
1539 1540 1
1470 1473 1
1457 1470 1
1470 1515 1
1309 1470 1
1515 1595 1
1457 1595 1
1309 1595 1
1470 1595 1
1473 1595 1
1397 1508 1
1508 1615 1
1397 1576 1
1273 1276 1
1292 1462 1
1292 1300 1
1292 1467 1
1292 1524 1
1292 1550 1
1588 1624 1
1316 1601 1
1316 1504 1
1279 1316 1
1307 1310 1
1310 1355 1
1330 1446 1
1446 1522 1
1446 1541 1
1386 1604 1
1509 1601 1
1504 1509 1
1316 1509 1
1279 1509 1
1272 1308 1
1277 1488 1
1271 1277 1
1277 1421 1
1277 1503 1
1394 1457 1
1394 1473 1
1394 1515 1
1394 1595 1
1309 1394 1
1394 1470 1
1277 1585 1
1488 1585 1
1503 1585 1
1421 1585 1
1271 1585 1
1277 1370 1
1567 1569 1
1537 1569 1
1567 1622 1
1543 1567 1
1245 1466 1
1406 1466 1
1388 1406 1
1388 1466 1
1245 1388 1
1460 1491 1
1265 1491 1
1491 1597 1
1460 1603 1
1460 1514 1
1460 1553 1
1354 1460 1
1382 1566 1
1527 1573 1
1424 1573 1
1393 1573 1
1573 1619 1
1419 1527 1
1407 1568 1
1530 1568 1
1389 1407 1
1334 1407 1
1384 1461 1
1384 1391 1
1384 1431 1
1351 1384 1
1278 1549 1
1278 1523 1
1270 1318 1
1337 1584 1
1337 1372 1
1489 1556 1
1449 1556 1
1309 1342 1
1342 1473 1
1342 1515 1
1342 1457 1
1342 1394 1
1342 1595 1
1342 1470 1
1345 1391 1
1345 1384 1
1345 1431 1
1345 1461 1
1345 1351 1
1377 1384 1
1345 1377 1
1351 1377 1
1377 1391 1
1377 1461 1
1377 1431 1
1397 1529 1
1529 1576 1
1508 1529 1
1529 1615 1
1317 1324 1
1324 1387 1
1276 1382 1
1273 1382 1
1276 1566 1
1476 1573 1
1573 1629 1
1419 1476 1
1424 1476 1
1393 1476 1
1476 1619 1
1476 1527 1
1345 1373 1
1373 1377 1
1351 1373 1
1373 1384 1
1373 1391 1
1373 1461 1
1373 1431 1
1261 1436 1
1291 1436 1
1436 1591 1
1329 1607 1
1397 1501 1
1501 1576 1
1501 1529 1
1501 1508 1
1501 1615 1
1311 1397 1
1466 1516 1
1388 1516 1
1245 1516 1
1406 1516 1
1362 1386 1
1362 1604 1
1353 1376 1
1285 1376 1
1317 1461 1
1387 1461 1
1324 1461 1
1317 1345 1
1317 1377 1
1317 1384 1
1317 1351 1
1317 1391 1
1317 1431 1
1317 1373 1
1881 1924 1
1836 1973 1
1956 2008 1
1760 1852 1
1673 1800 1
1681 1780 1
1724 2018 1
1685 1974 1
1989 2030 1
1684 1944 1
1814 1969 1
1639 1835 1
1948 1970 1
1953 1989 1
1953 2030 1
1638 1930 1
1905 1970 1
1905 1948 1
1983 2005 1
1780 1868 1
1681 1868 1
1706 1760 1
1706 1852 1
1768 1997 1
1698 1770 1
1798 1901 1
1657 1983 1
1657 2005 1
2027 2040 1
1669 1959 1
1862 1887 1
1800 1876 1
1673 1876 1
1768 2037 1
1997 2037 1
1661 1840 1
1848 1912 1
1870 1978 1
1702 1904 1
1746 1880 1
1899 2051 1
1853 1919 1
2004 2008 1
1956 2004 1
1711 1847 1
1919 2037 1
1853 2037 1
1768 1919 1
1919 1997 1
1746 1991 1
1880 1991 1
1654 1676 1
1932 1962 1
1838 1937 1
1911 1943 1
1687 1689 1
1785 1982 1
1644 1827 1
1825 2022 1
1748 1757 1
1877 2017 1
1732 1759 1
1646 1839 1
1721 1752 1
1765 1773 1
1659 1772 1
1818 1966 1
1670 1775 1
1692 2040 1
1692 2027 1
1849 1868 1
1681 1849 1
1780 1849 1
1873 1920 1
1742 1985 1
1673 1718 1
1718 1800 1
1718 1876 1
1673 1854 1
1800 1854 1
1854 1876 1
1718 1854 1
1682 2020 1
1906 1954 1
1797 1935 1
1906 1999 1
1954 1999 1
1668 2015 1
1886 2062 1
1710 1981 1
1736 1940 1
1749 1806 1
1801 1829 1
1737 1978 1
1737 1870 1
1638 2024 1
1930 2024 1
1720 1891 1
1745 1907 1
1699 1726 1
1668 1816 1
1816 2015 1
1690 1888 1
1766 1884 1
1818 1878 1
1878 1966 1
1769 1832 1
1803 1968 1
1956 1994 1
1994 2008 1
1994 2004 1
1648 1861 1
1938 1996 1
1908 2043 1
1987 2049 1
1716 1748 1
1716 1757 1
1651 1852 1
1651 1760 1
1651 1706 1
1681 1917 1
1868 1917 1
1780 1917 1
1849 1917 1
1642 1728 1
1891 1922 1
1720 1922 1
1906 1970 1
1954 1970 1
1970 1999 1
1905 1906 1
1906 1948 1
1684 1904 1
1904 1944 1
1684 1702 1
2023 2062 1
1886 2023 1
1705 1991 1
1705 1880 1
1705 1746 1
1752 1914 1
1721 1914 1
1815 1938 1
1815 1996 1
1666 1995 1
1683 1756 1
1993 1997 1
1768 1993 1
1993 2037 1
1919 1993 1
1830 1873 1
1830 1920 1
1898 1996 1
1898 1938 1
1815 1898 1
1782 2019 1
1785 1891 1
1891 1982 1
1720 1785 1
1785 1922 1
1747 2002 1
1732 1899 1
1759 1899 1
1732 2051 1
1859 2019 1
1782 1859 1
1945 2052 1
1823 2059 1
1918 2034 1
1774 2013 1
1669 1902 1
1902 1959 1
1960 1985 1
1742 1960 1
1697 2008 1
1697 2004 1
1697 1994 1
1697 1956 1
1741 2030 1
1741 1953 1
1741 1989 1
1788 1828 1
1678 2004 1
1678 2008 1
1678 1697 1
1678 1994 1
1678 1956 1
1761 1861 1
1648 1761 1
1666 1916 1
1916 1995 1
1750 2043 1
1750 1908 1
1660 1730 1
1730 1818 1
1660 1818 1
1730 1878 1
1730 1966 1
1686 2056 1
1802 1935 1
1797 1802 1
1687 2023 1
1689 2023 1
1687 1886 1
1687 2062 1
1804 1910 1
1749 1920 1
1806 1920 1
1749 1873 1
1749 1830 1
1727 2065 1
1738 1897 1
1642 1831 1
1728 1831 1
1819 1822 1
1897 1976 1
1738 1976 1
1684 1748 1
1748 1944 1
1748 1904 1
1702 1748 1
1684 1716 1
1684 1757 1
1642 1719 1
1719 1728 1
1719 1831 1
1838 1980 1
1937 1980 1
1688 1918 1
1688 2034 1
1731 1736 1
1731 1940 1
1879 1885 1
1809 2055 1
1961 1973 1
1836 1961 1
1665 1701 1
1686 1767 1
1767 2056 1
1655 1908 1
1655 2043 1
1655 1750 1
1700 2001 1
1799 1944 1
1799 1904 1
1748 1799 1
1684 1799 1
1751 1871 1
1949 1980 1
1937 1949 1
1838 1949 1
1951 2038 1
1729 2020 1
1682 1729 1
1884 1932 1
1766 1932 1
1884 1962 1
1911 1941 1
1941 1943 1
1858 1905 1
1858 1970 1
1858 1948 1
1858 1906 1
1719 1882 1
1728 1882 1
1642 1882 1
1831 1882 1
1929 2051 1
1899 1929 1
1732 1929 1
1742 1837 1
1837 1960 1
1837 1985 1
1728 1811 1
1642 1811 1
1719 1811 1
1811 1882 1
1811 1831 1
2012 2034 1
1688 2012 1
1918 2012 1
1706 1808 1
1760 1808 1
1651 1808 1
1808 1852 1
1861 1905 1
1648 1905 1
1761 1905 1
1858 1861 1
1861 1906 1
1861 1970 1
1861 1948 1
1757 2007 1
1716 2007 1
1684 2007 1
1748 2007 1
1675 2013 1
1675 1774 1
1728 1920 1
1831 1920 1
1642 1920 1
1811 1920 1
1719 1920 1
1882 1920 1
1728 1830 1
1728 1806 1
1728 1873 1
1728 1749 1
1951 2065 1
2038 2065 1
1727 1951 1
1688 2019 1
2019 2034 1
2012 2019 1
1918 2019 1
1688 1859 1
1688 1782 1
1769 1994 1
1832 1994 1
1697 1769 1
1769 1956 1
1678 1769 1
1769 2004 1
1769 2008 1
2167 2320 1
2195 2383 1
2164 2326 1
2180 2348 1
2075 2336 1
2168 2274 1
2353 2364 1
2118 2340 1
2170 2352 1
2357 2361 1
2235 2367 1
2402 2421 1
2243 2264 1
2155 2360 1
2124 2145 1
2144 2326 1
2144 2164 1
2110 2399 1
2147 2418 1
2082 2268 1
2211 2399 1
2110 2211 1
2234 2301 1
2346 2406 1
2212 2416 1
2100 2389 1
2220 2335 1
2207 2287 1
2213 2256 1
2108 2132 1
2188 2212 1
2188 2416 1
2117 2357 1
2117 2361 1
2264 2400 1
2243 2400 1
2185 2252 1
2085 2371 1
2156 2291 1
2096 2224 1
2245 2405 1
2171 2218 1
2144 2220 1
2164 2220 1
2220 2326 1
2144 2335 1
2272 2325 1
2077 2413 1
2293 2369 1
2220 2319 1
2144 2319 1
2164 2319 1
2319 2326 1
2319 2335 1
2184 2313 1
2231 2396 1
2194 2368 1
2263 2272 1
2263 2325 1
2320 2372 1
2167 2372 1
2173 2404 1
2140 2219 1
2297 2387 1
2183 2400 1
2183 2264 1
2183 2243 1
2297 2319 1
2319 2387 1
2144 2297 1
2220 2297 1
2164 2297 1
2297 2326 1
2297 2335 1
2098 2365 1
2241 2253 1
2136 2346 1
2136 2406 1
2302 2378 1
2308 2315 1
2092 2108 1
2092 2132 1
2069 2392 1
2379 2417 1
2100 2304 1
2304 2389 1
2151 2285 1
2162 2202 1
2119 2207 1
2119 2287 1
2354 2417 1
2354 2379 1
2158 2326 1
2144 2158 1
2158 2220 1
2158 2319 1
2158 2164 1
2158 2297 1
2199 2252 1
2185 2199 1
2128 2129 1
2089 2295 1
2231 2387 1
2387 2396 1
2231 2297 1
2231 2319 1
2361 2366 1
2357 2366 1
2117 2366 1
2373 2410 1
2111 2144 1
2111 2220 1
2111 2158 1
2111 2319 1
2111 2164 1
2111 2326 1
2111 2297 1
2111 2335 1
2266 2390 1
2131 2272 1
2131 2325 1
2131 2263 1
2305 2395 1
2181 2222 1
2195 2327 1
2327 2383 1
2199 2345 1
2185 2345 1
2252 2345 1
2222 2368 1
2181 2368 1
2194 2222 1
2181 2183 1
2183 2368 1
2183 2222 1
2181 2400 1
2181 2243 1
2181 2264 1
2156 2371 1
2291 2371 1
2085 2156 1
2200 2370 1
2263 2289 1
2272 2289 1
2131 2289 1
2289 2325 1
2162 2365 1
2202 2365 1
2098 2162 1
2253 2347 1
2241 2347 1
2074 2262 1
2150 2317 1
2226 2392 1
2069 2226 1
2279 2388 1
2066 2221 1
2151 2328 1
2285 2328 1
2250 2272 1
2250 2289 1
2131 2250 1
2250 2325 1
2250 2263 1
2140 2281 1
2219 2281 1
2151 2287 1
2287 2328 1
2285 2287 1
2119 2151 1
2151 2207 1
2297 2311 1
2144 2311 1
2220 2311 1
2158 2311 1
2311 2319 1
2311 2387 1
2164 2311 1
2311 2326 1
2231 2311 1
2111 2311 1
2311 2335 1
2125 2143 1
2107 2384 1
2098 2383 1
2162 2383 1
2365 2383 1
2098 2195 1
2098 2327 1
2367 2422 1
2235 2422 1
2093 2129 1
2093 2128 1
2101 2347 1
2101 2241 1
2101 2253 1
2150 2213 1
2213 2317 1
2150 2256 1
2223 2263 1
2223 2272 1
2223 2250 1
2223 2289 1
2131 2223 1
2223 2325 1
2238 2341 1
2316 2339 1
2169 2300 1
2286 2418 1
2147 2286 1
2079 2334 1
2211 2304 1
2110 2304 1
2304 2399 1
2100 2211 1
2211 2389 1
2139 2163 1
2118 2292 1
2292 2340 1
2232 2353 1
2232 2364 1
2074 2315 1
2262 2315 1
2074 2308 1
2247 2363 1
2116 2360 1
2116 2155 1
2307 2362 1
2113 2407 1
2099 2112 1
2152 2333 1
2093 2150 1
2128 2150 1
2129 2150 1
2093 2213 1
2093 2317 1
2093 2256 1
2075 2095 1
2095 2336 1
2377 2386 1
2181 2363 1
2363 2368 1
2363 2400 1
2243 2363 1
2183 2363 1
2222 2363 1
2264 2363 1
2181 2247 1
2068 2202 1
2068 2162 1
2068 2365 1
2375 2396 1
2375 2387 1
2231 2375 1
2111 2332 1
2144 2332 1
2311 2332 1
2220 2332 1
2158 2332 1
2319 2332 1
2164 2332 1
2326 2332 1
2297 2332 1
2332 2335 1
2236 2297 1
2144 2236 1
2236 2311 1
2220 2236 1
2158 2236 1
2236 2319 1
2236 2387 1
2164 2236 1
2236 2326 1
2231 2236 1
2111 2236 1
2236 2332 1
2236 2335 1
2570 2607 1
2469 2739 1
2595 2600 1
2709 2777 1
2435 2507 1
2586 2697 1
2574 2737 1
2689 2793 1
2689 2797 1
2793 2797 1
2436 2452 1
2760 2773 1
2627 2716 1
2436 2641 1
2452 2641 1
2690 2766 1
2446 2518 1
2496 2715 1
2432 2682 1
2540 2739 1
2469 2540 1
2525 2623 1
2465 2672 1
2545 2556 1
2433 2733 1
2464 2750 1
2492 2501 1
2533 2793 1
2533 2689 1
2533 2797 1
2491 2601 1
2617 2686 1
2637 2780 1
2583 2790 1
2548 2722 1
2570 2656 1
2607 2656 1
2494 2581 1
2637 2735 1
2735 2780 1
2473 2777 1
2473 2709 1
2442 2611 1
2692 2747 1
2447 2646 1
2533 2625 1
2625 2793 1
2625 2797 1
2625 2689 1
2502 2712 1
2491 2627 1
2601 2627 1
2491 2716 1
2453 2744 1
2427 2619 1
2741 2755 1
2632 2640 1
2791 2795 1
2604 2669 1
2552 2767 1
2477 2735 1
2477 2780 1
2477 2637 1
2659 2756 1
2539 2705 1
2597 2767 1
2552 2597 1
2475 2772 1
2660 2687 1
2578 2687 1
2578 2660 1
2483 2728 1
2570 2667 1
2656 2667 1
2607 2667 1
2571 2657 1
2779 2786 1
2428 2465 1
2428 2672 1
2625 2708 1
2689 2708 1
2708 2793 1
2533 2708 1
2708 2797 1
2543 2632 1
2543 2640 1
2637 2695 1
2695 2780 1
2477 2695 1
2695 2735 1
2582 2749 1
2648 2721 1
2549 2684 1
2441 2462 1
2535 2664 1
2683 2800 1
2471 2603 1
2776 2779 1
2776 2786 1
2569 2762 1
2480 2676 1
2472 2521 1
2483 2682 1
2682 2728 1
2432 2483 1
2536 2684 1
2536 2549 1
2444 2676 1
2444 2480 1
2503 2657 1
2503 2571 1
2432 2771 1
2682 2771 1
2483 2771 1
2483 2526 1
2526 2728 1
2432 2526 1
2526 2682 1
2526 2771 1
2468 2548 1
2468 2722 1
2652 2656 1
2570 2652 1
2652 2667 1
2607 2652 1
2429 2582 1
2429 2749 1
2496 2721 1
2715 2721 1
2496 2648 1
2581 2641 1
2494 2641 1
2452 2581 1
2436 2581 1
2530 2711 1
2649 2694 1
2492 2780 1
2501 2780 1
2492 2695 1
2477 2492 1
2492 2637 1
2492 2735 1
2662 2698 1
2488 2559 1
2532 2640 1
2532 2632 1
2532 2543 1
2626 2771 1
2432 2626 1
2626 2682 1
2483 2626 1
2526 2626 1
2713 2759 1
2745 2766 1
2690 2745 1
2507 2730 1
2435 2730 1
2496 2643 1
2643 2648 1
2643 2721 1
2643 2715 1
2551 2705 1
2539 2551 1
2440 2704 1
2439 2678 1
2732 2735 1
2695 2732 1
2732 2780 1
2637 2732 1
2477 2732 1
2492 2732 1
2445 2766 1
2445 2745 1
2445 2690 1
2474 2732 1
2474 2695 1
2474 2780 1
2474 2477 1
2474 2637 1
2474 2735 1
2474 2492 1
2540 2732 1
2732 2739 1
2469 2732 1
2540 2695 1
2540 2780 1
2474 2540 1
2477 2540 1
2540 2637 1
2540 2735 1
2492 2540 1
2562 2672 1
2465 2562 1
2428 2562 1
2623 2777 1
2525 2777 1
2473 2623 1
2623 2709 1
2755 2766 1
2741 2766 1
2745 2755 1
2690 2755 1
2445 2755 1
2707 2793 1
2689 2707 1
2533 2707 1
2625 2707 1
2707 2797 1
2707 2708 1
2470 2476 1
2519 2531 1
2656 2725 1
2570 2725 1
2667 2725 1
2652 2725 1
2607 2725 1
2444 2797 1
2480 2797 1
2676 2797 1
2444 2689 1
2444 2533 1
2444 2625 1
2444 2793 1
2444 2707 1
2444 2708 1
2594 2596 1
2562 2734 1
2672 2734 1
2465 2734 1
2428 2734 1
2504 2634 1
2427 2432 1
2432 2619 1
2427 2626 1
2427 2483 1
2427 2771 1
2427 2682 1
2427 2526 1
2699 2759 1
2699 2713 1
2656 2676 1
2676 2725 1
2570 2676 1
2667 2676 1
2607 2676 1
2652 2676 1
2444 2656 1
2656 2797 1
2480 2656 1
2593 2650 1
2570 2781 1
2656 2781 1
2725 2781 1
2667 2781 1
2607 2781 1
2676 2781 1
2652 2781 1
2605 2667 1
2605 2656 1
2605 2725 1
2570 2605 1
2605 2607 1
2605 2676 1
2605 2652 1
2605 2781 1
2670 2756 1
2659 2670 1
2610 2691 1
2544 2614 1
2585 2795 1
2585 2791 1
2564 2727 1
2528 2554 1
2441 2510 1
2462 2510 1
2718 2768 1
2512 2799 1
2461 2786 1
2461 2776 1
2461 2779 1
2469 2624 1
2624 2732 1
2624 2739 1
2540 2624 1
2808 2982 1
2863 3145 1
2886 3093 1
2954 3231 1
2870 3092 1
2899 3168 1
2840 3036 1
3137 3190 1
3053 3202 1
2982 3141 1
2808 3141 1
2855 3198 1
2823 2889 1
3019 3182 1
3193 3218 1
2819 3040 1
3132 3205 1
2962 3138 1
2875 2914 1
2865 2976 1
2987 3086 1
2873 3231 1
2873 2954 1
2886 3012 1
3012 3093 1
2936 3087 1
2856 3152 1
2865 2939 1
2939 2976 1
3085 3162 1
2846 3045 1
3080 3224 1
2932 3185 1
2953 3106 1
2871 2968 1
2994 3052 1
2808 2856 1
2856 3141 1
2856 2982 1
2808 3152 1
2945 2953 1
2945 3106 1
2959 3221 1
2819 3153 1
3040 3153 1
2882 2906 1
3105 3110 1
2985 3039 1
3072 3205 1
3072 3132 1
2917 3202 1
2917 3053 1
2913 2941 1
2825 3025 1
2891 3203 1
3114 3174 1
3068 3191 1
2863 3198 1
3145 3198 1
2855 2863 1
2929 3062 1
3042 3182 1
3019 3042 1
2876 3173 1
2869 3081 1
3004 3224 1
3004 3080 1
2999 3182 1
2999 3042 1
2999 3019 1
2955 3101 1
2832 2975 1
2857 3025 1
2825 2857 1
2929 3223 1
3062 3223 1
3160 3215 1
2879 3153 1
2879 3040 1
2819 2879 1
2882 3110 1
2906 3110 1
2882 3105 1
2857 2952 1
2952 3025 1
2825 2952 1
2893 3057 1
2913 3091 1
2941 3091 1
2849 3198 1
2849 3145 1
2849 2863 1
2849 2855 1
2855 2931 1
2849 2931 1
2931 3198 1
2863 2931 1
2863 2875 1
2849 2875 1
2855 2875 1
2875 3145 1
2875 2931 1
2875 3198 1
2863 2914 1
2955 3126 1
3101 3126 1
2829 3156 1
2855 2955 1
2849 2955 1
2863 2955 1
2931 2955 1
2875 2955 1
2955 3198 1
2855 3126 1
2855 3101 1
2811 2825 1
2811 2952 1
2811 3025 1
2811 2857 1
2940 2975 1
2832 2940 1
2829 3204 1
3156 3204 1
2853 2923 1
2828 2877 1
2931 3159 1
2849 3159 1
2855 3159 1
2955 3159 1
2863 3159 1
2875 3159 1
3159 3198 1
3064 3098 1
2991 3024 1
2872 3129 1
2851 3215 1
2851 3160 1
3110 3168 1
3105 3168 1
2882 3168 1
2906 3168 1
2899 3110 1
3170 3178 1
2827 3101 1
2827 2955 1
2827 3126 1
2827 2855 1
3012 3231 1
3093 3231 1
2886 3231 1
2873 3012 1
2954 3012 1
2832 2953 1
2940 2953 1
2953 2975 1
2832 2945 1
2832 3106 1
3115 3227 1
2910 3090 1
2879 2970 1
2970 3040 1
2970 3153 1
2819 2970 1
2857 3127 1
2952 3127 1
3025 3127 1
2811 3127 1
2825 3127 1
3016 3161 1
2996 3090 1
2910 2996 1
2832 3135 1
2945 3135 1
3106 3135 1
2953 3135 1
2975 3135 1
2940 3135 1
3097 3098 1
3064 3097 1
2861 3072 1
2861 3132 1
2861 3205 1
2832 3191 1
2945 3191 1
3106 3191 1
2953 3191 1
2975 3191 1
2940 3191 1
3135 3191 1
2832 3068 1
3084 3151 1
3145 3168 1
2849 3168 1
2875 3168 1
3168 3198 1
2863 3168 1
3105 3145 1
2882 3145 1
3110 3145 1
2899 3145 1
2906 3145 1
3090 3114 1
2996 3114 1
2910 3114 1
3090 3174 1
2804 3155 1
2847 2859 1
2937 3070 1
2959 2988 1
2988 3221 1
2846 2997 1
2997 3045 1
3115 3201 1
3201 3227 1
2893 3058 1
3057 3058 1
2902 2962 1
2902 3138 1
2950 3172 1
3019 3108 1
3042 3108 1
3108 3182 1
2999 3108 1
3000 3229 1
3008 3126 1
2827 3008 1
2955 3008 1
3008 3101 1
2855 3008 1
2982 2988 1
2808 2988 1
2856 2988 1
2988 3141 1
2959 2982 1
2982 3221 1
2994 3140 1
3052 3140 1
2841 2874 1
2861 2954 1
2954 3072 1
2954 3132 1
2954 3205 1
2861 3012 1
2861 2873 1
2861 3231 1
2865 3157 1
2976 3157 1
2939 3157 1
2918 3199 1
2969 3170 1
2969 3178 1
2849 2865 1
2865 3168 1
2855 2865 1
2865 3145 1
2865 2955 1
2863 2865 1
2865 2931 1
2865 3159 1
2865 2875 1
2865 3198 1
2849 2976 1
2849 3157 1
2849 2939 1
3071 3084 1
3071 3151 1
3107 3136 1
3044 3125 1
3137 3198 1
3190 3198 1
3137 3168 1
2849 3137 1
2855 3137 1
3137 3145 1
2955 3137 1
2863 3137 1
2865 3137 1
2931 3137 1
3137 3159 1
2875 3137 1
2932 3160 1
3160 3185 1
2851 2932 1
2932 3215 1
3014 3121 1
2886 3030 1
3012 3030 1
3030 3093 1
3030 3231 1
2947 3128 1
2930 3030 1
2930 3012 1
2930 3093 1
2886 2930 1
2930 3231 1
3008 3069 1
2955 3069 1
2855 3069 1
2827 3069 1
3069 3101 1
3069 3126 1
2931 2974 1
2849 2974 1
2974 3137 1
2855 2974 1
2955 2974 1
2863 2974 1
2865 2974 1
2974 3159 1
2875 2974 1
2974 3198 1
2975 3094 1
2953 3094 1
2832 3094 1
3094 3191 1
2940 3094 1
3094 3135 1
3126 3201 1
3008 3201 1
2955 3201 1
2855 3201 1
2827 3201 1
3101 3201 1
3069 3201 1
3115 3126 1
3126 3227 1
3232 3524 1
3345 3581 1
3301 3468 1
3258 3564 1
3434 3545 1
3392 3481 1
3409 3523 1
3424 3445 1
3253 3504 1
3339 3481 1
3339 3392 1
3517 3562 1
3298 3567 1
3458 3486 1
3399 3570 1
3240 3274 1
3454 3508 1
3332 3334 1
3495 3590 1
3572 3583 1
3326 3471 1
3313 3474 1
3264 3343 1
3233 3519 1
3232 3401 1
3401 3524 1
3292 3482 1
3306 3419 1
3292 3527 1
3482 3527 1
3268 3412 1
3260 3351 1
3319 3324 1
3431 3572 1
3431 3583 1
3406 3454 1
3406 3508 1
3369 3570 1
3369 3399 1
3303 3382 1
3518 3524 1
3232 3518 1
3401 3518 1
3462 3510 1
3312 3429 1
3436 3591 1
3295 3297 1
3250 3396 1
3504 3522 1
3253 3522 1
3264 3502 1
3343 3502 1
3394 3444 1
3317 3484 1
3289 3528 1
3542 3550 1
3328 3429 1
3312 3328 1
3477 3558 1
3314 3436 1
3314 3591 1
3366 3413 1
3395 3509 1
3254 3312 1
3254 3328 1
3254 3429 1
3403 3436 1
3314 3403 1
3403 3591 1
3387 3510 1
3387 3462 1
3282 3589 1
3276 3283 1
3286 3462 1
3286 3387 1
3286 3510 1
3424 3436 1
3436 3445 1
3314 3424 1
3403 3424 1
3424 3591 1
3335 3392 1
3335 3481 1
3335 3339 1
3398 3524 1
3232 3398 1
3398 3401 1
3398 3518 1
3257 3557 1
3416 3456 1
3310 3548 1
3309 3565 1
3330 3349 1
3303 3327 1
3327 3382 1
3377 3434 1
3377 3545 1
3356 3555 1
3269 3524 1
3232 3269 1
3269 3401 1
3269 3398 1
3269 3518 1
3237 3394 1
3237 3444 1
3260 3566 1
3351 3566 1
3395 3448 1
3448 3509 1
3258 3384 1
3384 3564 1
3250 3434 1
3396 3434 1
3250 3545 1
3250 3377 1
3243 3565 1
3243 3309 1
3328 3369 1
3312 3369 1
3369 3429 1
3254 3369 1
3328 3399 1
3328 3570 1
3343 3460 1
3264 3460 1
3460 3502 1
3476 3524 1
3232 3476 1
3269 3476 1
3398 3476 1
3401 3476 1
3476 3518 1
3304 3531 1
3285 3400 1
3315 3518 1
3232 3315 1
3315 3524 1
3269 3315 1
3315 3398 1
3315 3401 1
3315 3476 1
3248 3253 1
3248 3504 1
3248 3522 1
3434 3485 1
3485 3545 1
3250 3485 1
3396 3485 1
3377 3485 1
3275 3516 1
3313 3431 1
3431 3474 1
3313 3572 1
3313 3583 1
3455 3593 1
3410 3587 1
3409 3474 1
3474 3523 1
3313 3409 1
3409 3431 1
3433 3504 1
3248 3433 1
3433 3522 1
3253 3433 1
3557 3570 1
3257 3570 1
3328 3557 1
3369 3557 1
3399 3557 1
3530 3579 1
3308 3405 1
3376 3508 1
3376 3406 1
3376 3454 1
3363 3580 1
3295 3505 1
3297 3505 1
3414 3429 1
3312 3414 1
3328 3414 1
3254 3414 1
3369 3414 1
3255 3571 1
3489 3575 1
3457 3493 1
3375 3540 1
3259 3343 1
3259 3264 1
3259 3460 1
3259 3502 1
3486 3505 1
3458 3505 1
3297 3486 1
3295 3486 1
3292 3384 1
3384 3482 1
3384 3527 1
3258 3292 1
3292 3564 1
3482 3494 1
3384 3494 1
3292 3494 1
3494 3527 1
3363 3405 1
3405 3580 1
3308 3363 1
3267 3524 1
3232 3267 1
3267 3269 1
3267 3398 1
3267 3401 1
3267 3315 1
3267 3476 1
3267 3518 1
3348 3544 1
3287 3536 1
3382 3539 1
3327 3539 1
3303 3539 1
3243 3265 1
3265 3565 1
3265 3309 1
3405 3411 1
3411 3580 1
3363 3411 1
3308 3411 1
3344 3533 1
3245 3478 1
3270 3588 1
3312 3452 1
3328 3452 1
3429 3452 1
3369 3452 1
3414 3452 1
3254 3452 1
3382 3578 1
3327 3578 1
3539 3578 1
3303 3578 1
3422 3560 1
3448 3543 1
3395 3543 1
3509 3543 1
3366 3482 1
3413 3482 1
3366 3494 1
3366 3527 1
3366 3384 1
3292 3366 1
3335 3464 1
3392 3464 1
3464 3481 1
3339 3464 1
3307 3327 1
3307 3578 1
3307 3539 1
3307 3382 1
3303 3307 1
3508 3581 1
3376 3581 1
3406 3581 1
3454 3581 1
3345 3508 1
3296 3506 1
3247 3356 1
3247 3555 1
3349 3372 1
3330 3372 1
3456 3585 1
3416 3585 1
3370 3436 1
3370 3424 1
3370 3591 1
3370 3403 1
3314 3370 1
3370 3445 1
3664 3696 1
3663 3904 1
3770 3938 1
3731 3845 1
3647 3826 1
3897 3955 1
3601 3774 1
3799 3955 1
3799 3897 1
3677 3861 1
3708 3980 1
3739 3941 1
3774 3935 1
3601 3935 1
3792 3998 1
3692 3744 1
3900 3933 1
3649 3903 1
3789 3952 1
3674 3869 1
3623 3810 1
3659 3735 1
3825 3965 1
3616 3696 1
3616 3664 1
3709 3989 1
3806 3931 1
3664 3901 1
3696 3901 1
3616 3901 1
3893 3996 1
3721 3956 1
3936 3995 1
3947 3988 1
3834 3846 1
3680 3831 1
3606 3655 1
3729 3940 1
3605 3726 1
3731 3738 1
3738 3845 1
3697 3998 1
3697 3792 1
3620 3639 1
3712 3941 1
3712 3739 1
3731 3949 1
3738 3949 1
3845 3949 1
3621 3742 1
3772 3949 1
3738 3772 1
3731 3772 1
3772 3845 1
3632 3662 1
3742 3849 1
3621 3849 1
3688 3798 1
3617 3969 1
3850 3938 1
3770 3850 1
3685 3870 1
3751 3822 1
3763 3972 1
3874 3952 1
3789 3874 1
3678 3693 1
3848 3948 1
3689 3819 1
3746 3771 1
3884 3890 1
3717 3927 1
3616 3802 1
3696 3802 1
3664 3802 1
3802 3901 1
3788 3961 1
3628 3742 1
3628 3849 1
3621 3628 1
3698 3833 1
3783 3807 1
3626 3803 1
3663 3706 1
3706 3904 1
3751 3935 1
3822 3935 1
3601 3751 1
3751 3774 1
3779 3943 1
3665 3838 1
3947 3956 1
3956 3988 1
3721 3947 1
3810 3988 1
3623 3988 1
3810 3947 1
3810 3956 1
3711 3944 1
3824 3962 1
3892 3899 1
3641 3960 1
3763 3897 1
3897 3972 1
3763 3955 1
3763 3799 1
3750 3933 1
3750 3900 1
3885 3900 1
3885 3933 1
3750 3885 1
3795 3797 1
3680 3930 1
3831 3930 1
3892 3987 1
3899 3987 1
3620 3650 1
3639 3650 1
3689 3919 1
3819 3919 1
3859 3915 1
3884 3885 1
3885 3890 1
3884 3900 1
3884 3933 1
3750 3884 1
3714 3858 1
3655 3860 1
3606 3860 1
3840 3890 1
3840 3884 1
3840 3885 1
3711 3971 1
3944 3971 1
3928 3932 1
3906 3960 1
3641 3906 1
3859 3889 1
3889 3915 1
3606 3971 1
3860 3971 1
3655 3971 1
3606 3944 1
3606 3711 1
3609 3619 1
3598 3639 1
3598 3650 1
3598 3620 1
3722 3972 1
3722 3897 1
3722 3763 1
3798 3860 1
3688 3860 1
3798 3971 1
3606 3798 1
3655 3798 1
3778 3905 1
3702 3749 1
3840 3864 1
3864 3890 1
3864 3884 1
3864 3885 1
3839 3894 1
3624 3729 1
3624 3940 1
3607 3764 1
3754 3987 1
3754 3899 1
3754 3892 1
3628 3841 1
3841 3849 1
3621 3841 1
3742 3841 1
3631 3699 1
3676 3733 1
3734 3814 1
3754 3967 1
3899 3967 1
3967 3987 1
3892 3967 1
3774 3983 1
3601 3983 1
3751 3983 1
3935 3983 1
3836 3901 1
3664 3836 1
3696 3836 1
3802 3836 1
3616 3836 1
3938 3999 1
3770 3999 1
3850 3999 1
3758 3962 1
3758 3824 1
3823 3939 1
3815 3849 1
3815 3841 1
3628 3815 1
3621 3815 1
3742 3815 1
3731 3735 1
3735 3738 1
3735 3772 1
3735 3845 1
3735 3949 1
3659 3731 1
3826 3860 1
3647 3860 1
3826 3971 1
3606 3826 1
3655 3826 1
3688 3826 1
3798 3826 1
3826 3899 1
3899 3971 1
3798 3899 1
3655 3899 1
3688 3899 1
3860 3899 1
3606 3899 1
3647 3899 1
3754 3826 1
3826 3987 1
3826 3892 1
3826 3967 1
3599 3663 1
3599 3904 1
3599 3706 1
3604 3916 1
3678 3896 1
3693 3896 1
3620 3987 1
3650 3987 1
3598 3987 1
3639 3987 1
3620 3754 1
3620 3826 1
3620 3892 1
3620 3899 1
3620 3967 1
3605 3826 1
3726 3826 1
3605 3967 1
3605 3971 1
3605 3620 1
3605 3798 1
3605 3655 1
3605 3688 1
3605 3754 1
3605 3987 1
3605 3860 1
3605 3606 1
3605 3892 1
3605 3899 1
3605 3647 1
3697 3719 1
3719 3792 1
3719 3998 1
3789 3890 1
3890 3952 1
3874 3890 1
3789 3840 1
3789 3884 1
3789 3885 1
3789 3864 1
3726 3947 1
3826 3947 1
3605 3947 1
3726 3810 1
3721 3726 1
3726 3956 1
3726 3988 1
3818 3989 1
3709 3818 1
3814 3928 1
3734 3928 1
3814 3932 1
3924 3990 1
3691 3937 1
3760 3848 1
3760 3948 1
3776 3804 1
3750 3982 1
3884 3982 1
3900 3982 1
3933 3982 1
3885 3982 1
3678 3890 1
3890 3896 1
3693 3890 1
3678 3840 1
3678 3874 1
3678 3884 1
3678 3885 1
3678 3789 1
3678 3952 1
3678 3864 1
3612 3815 1
3612 3841 1
3612 3621 1
3612 3849 1
3612 3628 1
3612 3742 1
27 227 1
109 150 1
227 348 1
27 348 1
68 250 1
213 261 1
51 74 1
187 261 1
187 213 1
209 349 1
30 144 1
22 339 1
77 350 1
127 248 1
148 265 1
171 328 1
343 357 1
147 344 1
183 318 1
26 114 1
165 364 1
212 234 1
32 284 1
175 298 1
283 343 1
283 357 1
120 165 1
120 364 1
70 95 1
51 258 1
74 258 1
203 221 1
66 344 1
66 147 1
4 238 1
84 356 1
213 248 1
187 248 1
248 261 1
127 213 1
128 360 1
318 364 1
183 364 1
120 318 1
165 318 1
31 223 1
140 172 1
78 107 1
156 213 1
156 248 1
156 187 1
156 261 1
127 156 1
299 343 1
283 299 1
299 357 1
174 221 1
174 203 1
141 143 1
95 191 1
70 191 1
9 337 1
46 265 1
46 148 1
106 136 1
85 195 1
110 352 1
273 319 1
325 332 1
12 194 1
79 156 1
79 261 1
79 213 1
79 248 1
79 187 1
79 127 1
224 333 1
2 234 1
2 212 1
237 352 1
110 237 1
171 300 1
300 328 1
272 323 1
28 237 1
28 352 1
28 110 1
62 326 1
27 176 1
176 227 1
176 348 1
147 347 1
344 347 1
66 347 1
282 319 1
273 282 1
107 217 1
78 217 1
61 284 1
32 61 1
73 247 1
167 177 1
175 258 1
258 298 1
74 175 1
51 175 1
41 282 1
41 273 1
41 319 1
76 106 1
76 136 1
101 160 1
14 225 1
14 133 1
133 225 1
34 320 1
127 238 1
238 248 1
156 238 1
213 238 1
79 238 1
4 127 1
75 350 1
75 77 1
33 207 1
160 298 1
101 298 1
160 258 1
160 175 1
57 215 1
159 336 1
171 249 1
249 328 1
249 300 1
245 355 1
59 121 1
244 272 1
244 323 1
58 67 1
289 352 1
28 289 1
237 289 1
110 289 1
151 288 1
87 181 1
204 222 1
22 118 1
118 339 1
166 274 1
190 337 1
9 190 1
46 142 1
142 265 1
142 148 1
7 112 1
103 124 1
303 324 1
204 231 1
222 231 1
58 137 1
67 137 1
74 159 1
159 258 1
51 159 1
159 175 1
74 336 1
74 153 1
153 258 1
153 175 1
153 336 1
51 153 1
153 159 1
123 191 1
70 123 1
95 123 1
67 355 1
137 355 1
58 355 1
67 245 1
107 346 1
217 346 1
78 346 1
105 363 1
215 263 1
57 263 1
46 119 1
119 265 1
119 148 1
119 142 1
144 267 1
30 267 1
162 301 1
214 246 1
32 63 1
63 284 1
61 63 1
90 191 1
90 123 1
70 90 1
90 95 1
123 225 1
90 225 1
95 225 1
70 225 1
191 225 1
123 133 1
14 123 1
183 280 1
280 364 1
280 318 1
291 296 1
201 288 1
151 201 1
144 255 1
255 267 1
30 255 1
208 306 1
52 154 1
133 176 1
176 225 1
123 176 1
14 176 1
27 133 1
133 227 1
133 348 1
113 297 1
71 153 1
71 258 1
71 74 1
71 175 1
71 336 1
51 71 1
71 159 1
21 126 1
58 326 1
326 355 1
137 326 1
67 326 1
58 62 1
21 36 1
36 126 1
132 250 1
68 132 1
110 141 1
141 352 1
141 289 1
28 141 1
141 237 1
110 143 1
120 335 1
335 364 1
165 335 1
318 335 1
161 247 1
73 161 1
265 327 1
148 327 1
142 327 1
46 327 1
119 327 1
8 329 1
123 250 1
225 250 1
133 250 1
70 250 1
14 250 1
176 250 1
90 250 1
191 250 1
95 250 1
123 132 1
68 123 1
33 121 1
121 207 1
33 59 1
729 947 -1
1008 2881 -1
840 2881 -1
963 2881 -1
1140 2881 -1
771 1125 -1
1326 2755 -1
1631 2755 -1
1326 2745 -1
1326 2690 -1
1326 2741 -1
1326 2766 -1
1326 2445 -1
1052 3904 -1
1052 3706 -1
1052 3599 -1
1052 3663 -1
780 2188 -1
794 2188 -1
730 2188 -1
502 2188 -1
661 2188 -1
780 2416 -1
780 2212 -1
343 2980 -1
299 2980 -1
283 2980 -1
357 2980 -1
2463 2874 -1
2463 2841 -1
1179 3720 -1
849 3720 -1
1157 3720 -1
893 3720 -1
818 1219 -1
641 1219 -1
401 1219 -1
442 1219 -1
772 1219 -1
767 1219 -1
818 1168 -1
818 1001 -1
818 1045 -1
3053 3933 -1
3202 3933 -1
2917 3933 -1
3053 3884 -1
3053 3982 -1
3053 3900 -1
3053 3885 -1
3053 3750 -1
138 3489 -1
138 3575 -1
43 2191 -1
883 1394 -1
1011 1394 -1
883 1473 -1
883 1515 -1
883 1457 -1
883 1342 -1
883 1595 -1
883 1309 -1
883 1470 -1
191 2737 -1
225 2737 -1
70 2737 -1
90 2737 -1
123 2737 -1
250 2737 -1
95 2737 -1
191 2574 -1
2770 3180 -1
2028 2440 -1
2028 2704 -1
1914 2336 -1
1752 2336 -1
1721 2336 -1
1914 2075 -1
1914 2095 -1
306 3558 -1
208 3558 -1
306 3477 -1
1446 1979 -1
1330 1979 -1
1522 1979 -1
1541 1979 -1
2081 3619 -1
2081 3609 -1
746 1177 -1
746 1048 -1
746 1204 -1
746 885 -1
746 1149 -1
275 1925 -1
2252 3965 -1
2185 3965 -1
2345 3965 -1
2199 3965 -1
2252 3825 -1
3295 3617 -1
3297 3617 -1
3486 3617 -1
3505 3617 -1
3295 3969 -1
32 621 -1
284 621 -1
61 621 -1
63 621 -1
2172 2886 -1
2172 2930 -1
2172 3012 -1
2172 3093 -1
2172 3030 -1
2172 3231 -1
1304 2289 -1
1304 2272 -1
1304 2250 -1
1304 2223 -1
1304 2131 -1
1304 2325 -1
1304 2263 -1
2180 3297 -1
2348 3297 -1
2180 3505 -1
2180 3486 -1
2180 3295 -1
726 1933 -1
598 1933 -1
454 1933 -1
1186 2539 -1
1225 2539 -1
1186 2705 -1
1186 2551 -1
600 3153 -1
630 3153 -1
600 3040 -1
600 2970 -1
600 2819 -1
600 2879 -1
1843 3559 -1
1665 3049 -1
1701 3049 -1
162 1828 -1
301 1828 -1
162 1788 -1
1091 2633 -1
324 3399 -1
303 3399 -1
324 3328 -1
324 3369 -1
324 3570 -1
324 3557 -1
1792 3128 -1
1792 2947 -1
978 1920 -1
1227 1920 -1
1015 1920 -1
978 1728 -1
978 1830 -1
978 1831 -1
978 1642 -1
978 1806 -1
978 1873 -1
978 1811 -1
978 1749 -1
978 1719 -1
978 1882 -1
3582 3816 -1
1967 2632 -1
1967 2640 -1
1967 2532 -1
1967 2543 -1
881 2117 -1
833 2117 -1
1123 2117 -1
854 2117 -1
881 2361 -1
881 2357 -1
881 2366 -1
426 863 -1
384 863 -1
761 863 -1
426 921 -1
426 1198 -1
25 3360 -1
530 2834 -1
523 2834 -1
643 2834 -1
3310 3990 -1
3548 3990 -1
3310 3924 -1
96 1055 -1
2761 3490 -1
162 1831 -1
301 1831 -1
162 1728 -1
162 1920 -1
162 1642 -1
162 1811 -1
162 1719 -1
162 1882 -1
363 3932 -1
105 3932 -1
363 3928 -1
363 3814 -1
908 3702 -1
867 3702 -1
908 3749 -1
1356 2425 -1
2679 3961 -1
2679 3788 -1
1207 2969 -1
1207 3170 -1
1207 3178 -1
1185 3427 -1
1074 3427 -1
812 1160 -1
562 1121 -1
927 2648 -1
959 2648 -1
927 2496 -1
927 2721 -1
927 2643 -1
2255 3449 -1
2884 3593 -1
2884 3455 -1
615 3656 -1
712 3667 -1
2373 3655 -1
2410 3655 -1
2373 3971 -1
2373 3606 -1
2373 3826 -1
2373 3860 -1
2373 3605 -1
2373 3798 -1
2373 3899 -1
1806 3954 -1
1920 3954 -1
1728 3954 -1
1749 3954 -1
682 3965 -1
682 3825 -1
2147 2760 -1
2418 2760 -1
2286 2760 -1
2147 2773 -1
878 3276 -1
878 3283 -1
2150 3630 -1
2128 3630 -1
2213 3630 -1
2093 3630 -1
2317 3630 -1
2256 3630 -1
2129 3630 -1
445 3216 -1
601 3313 -1
601 3409 -1
601 3474 -1
601 3583 -1
601 3572 -1
601 3431 -1
257 2968 -1
257 2871 -1
504 3728 -1
191 3813 -1
225 3813 -1
70 3813 -1
90 3813 -1
123 3813 -1
250 3813 -1
95 3813 -1
463 1624 -1
701 1624 -1
709 1624 -1
463 1588 -1
2511 2823 -1
2511 2889 -1
2490 3104 -1
725 1660 -1
725 1730 -1
725 1818 -1
1155 2335 -1
888 2335 -1
1113 2335 -1
1155 2144 -1
1155 2311 -1
1155 2236 -1
1155 2220 -1
1155 2319 -1
1155 2297 -1
1155 2332 -1
1155 2111 -1
2821 3432 -1
142 968 -1
265 968 -1
327 968 -1
148 968 -1
46 968 -1
119 968 -1
2015 3491 -1
1816 3491 -1
1668 3491 -1
73 2856 -1
161 2856 -1
247 2856 -1
73 3152 -1
73 2808 -1
73 2988 -1
73 3141 -1
73 2982 -1
819 1769 -1
418 1769 -1
540 1769 -1
710 1769 -1
447 1769 -1
819 1697 -1
819 1956 -1
819 1832 -1
819 1994 -1
819 1678 -1
819 2004 -1
819 2008 -1
1577 3308 -1
1577 3411 -1
1577 3363 -1
1577 3405 -1
1379 2694 -1
1545 2694 -1
1414 2694 -1
1379 2649 -1
461 1081 -1
1480 2420 -1
1610 2867 -1
667 2886 -1
667 2930 -1
667 3012 -1
667 3093 -1
667 3030 -1
667 3231 -1
3514 3711 -1
3514 3944 -1
3514 3971 -1
3514 3606 -1
690 1820 -1
797 3197 -1
455 3197 -1
221 3201 -1
203 3201 -1
174 3201 -1
221 3008 -1
221 2955 -1
221 2855 -1
221 2827 -1
221 3115 -1
221 3069 -1
221 3126 -1
221 3227 -1
221 3101 -1
836 3306 -1
1096 3306 -1
1083 3306 -1
836 3419 -1
1039 2994 -1
898 2994 -1
956 2994 -1
1085 2994 -1
1063 2994 -1
1039 3140 -1
1039 3052 -1
1028 1902 -1
1101 1902 -1
1086 1902 -1
1028 1669 -1
1028 1959 -1
1888 2543 -1
1690 2543 -1
1888 2632 -1
1888 2640 -1
1888 2532 -1
2474 3450 -1
2695 3450 -1
2492 3450 -1
2732 3450 -1
2477 3450 -1
2735 3450 -1
2780 3450 -1
2540 3450 -1
2637 3450 -1
317 1053 -1
2868 3545 -1
2868 3377 -1
2868 3434 -1
2868 3250 -1
2868 3485 -1
1633 2944 -1
1410 2944 -1
1621 2944 -1
1626 3390 -1
1019 2595 -1
1019 2600 -1
1212 3156 -1
849 3156 -1
916 3156 -1
1157 3156 -1
893 3156 -1
1212 3204 -1
1212 2829 -1
170 2545 -1
170 2556 -1
1139 2662 -1
1139 2698 -1
2948 3901 -1
2948 3664 -1
2948 3696 -1
2948 3802 -1
2948 3836 -1
2948 3616 -1
3116 3497 -1
976 2549 -1
983 2549 -1
976 2536 -1
976 2684 -1
2469 3231 -1
2624 3231 -1
2732 3231 -1
2739 3231 -1
2540 3231 -1
2469 3012 -1
2469 2886 -1
2469 2954 -1
2469 2861 -1
2469 2930 -1
2469 3093 -1
2469 3030 -1
2469 2873 -1
1492 2761 -1
2632 3422 -1
2640 3422 -1
2532 3422 -1
2543 3422 -1
2632 3560 -1
2070 3588 -1
2070 3270 -1
790 3760 -1
392 3760 -1
790 3848 -1
790 3948 -1
718 1019 -1
618 1140 -1
376 1140 -1
492 1140 -1
618 1008 -1
618 840 -1
618 963 -1
819 3930 -1
418 3930 -1
540 3930 -1
710 3930 -1
447 3930 -1
819 3680 -1
819 3831 -1
1480 1944 -1
1480 1904 -1
1480 1748 -1
1480 1684 -1
1480 1799 -1
437 1446 -1
418 1446 -1
451 1446 -1
807 1446 -1
554 1446 -1
492 1446 -1
465 1446 -1
791 1446 -1
376 1446 -1
540 1446 -1
437 1330 -1
437 1522 -1
437 1541 -1
455 1178 -1
797 1178 -1
455 1116 -1
455 1141 -1
455 1214 -1
455 823 -1
2137 2988 -1
2137 3141 -1
2137 2982 -1
2137 2856 -1
2137 2959 -1
2137 3221 -1
2137 2808 -1
127 1589 -1
4 1589 -1
238 1589 -1
79 1589 -1
213 1589 -1
248 1589 -1
156 1589 -1
127 1497 -1
127 1314 -1
1144 2653 -1
1223 2653 -1
2458 3495 -1
2458 3590 -1
688 973 -1
412 973 -1
688 1056 -1
688 1208 -1
688 1064 -1
2053 2466 -1
788 3959 -1
1439 2895 -1
1237 2895 -1
826 3759 -1
940 3759 -1
868 3759 -1
2918 3541 -1
3199 3541 -1
674 3299 -1
64 2302 -1
64 2378 -1
556 3726 -1
591 3726 -1
556 3810 -1
556 3721 -1
556 3947 -1
556 3826 -1
556 3956 -1
556 3605 -1
556 3988 -1
853 3685 -1
853 3870 -1
295 3543 -1
295 3448 -1
295 3395 -1
295 3509 -1
1591 2274 -1
1291 2274 -1
1436 2274 -1
1261 2274 -1
1591 2168 -1
286 3644 -1
1049 1970 -1
1103 1970 -1
1049 1954 -1
1049 1861 -1
1049 1858 -1
1049 1999 -1
1049 1905 -1
1049 1906 -1
1049 1948 -1
2891 3788 -1
3203 3788 -1
2891 3961 -1
130 2841 -1
130 2874 -1
1468 1730 -1
1468 1818 -1
1468 1660 -1
1468 1966 -1
1468 1878 -1
366 1235 -1
577 1235 -1
369 1235 -1
521 1235 -1
745 1235 -1
622 1235 -1
817 1235 -1
498 1235 -1
375 1235 -1
698 1235 -1
510 1235 -1
366 962 -1
366 1192 -1
366 846 -1
366 1108 -1
366 942 -1
366 1087 -1
478 2110 -1
669 2110 -1
478 2304 -1
478 2211 -1
478 2399 -1
1238 1739 -1
3044 3423 -1
3125 3423 -1
491 1798 -1
537 1798 -1
509 1798 -1
438 1798 -1
753 1798 -1
491 1901 -1
2272 2799 -1
2250 2799 -1
2223 2799 -1
2289 2799 -1
2131 2799 -1
2325 2799 -1
2263 2799 -1
2272 2512 -1
1488 2826 -1
1585 2826 -1
1277 2826 -1
1271 2826 -1
1421 2826 -1
1503 2826 -1
715 2810 -1
448 2810 -1
714 2810 -1
700 2810 -1
765 2810 -1
693 2810 -1
494 3224 -1
494 3080 -1
494 3004 -1
424 3251 -1
608 3251 -1
381 3251 -1
279 3849 -1
279 3841 -1
279 3621 -1
279 3815 -1
279 3628 -1
279 3612 -1
279 3742 -1
964 3548 -1
993 3548 -1
879 3548 -1
851 3548 -1
1142 3548 -1
1111 3548 -1
957 3548 -1
964 3310 -1
2537 3392 -1
2537 3464 -1
2537 3481 -1
2537 3339 -1
2537 3335 -1
1787 2739 -1
1787 2624 -1
1787 2732 -1
1787 2540 -1
1787 2469 -1
1136 3289 -1
880 3289 -1
1136 3528 -1
1875 2984 -1
1074 1300 -1
1185 1300 -1
1074 1292 -1
1074 1467 -1
1074 1524 -1
1074 1462 -1
1074 1550 -1
2378 3679 -1
2302 3679 -1
2915 3250 -1
2915 3545 -1
2915 3434 -1
2915 3396 -1
2915 3485 -1
2915 3377 -1
730 2265 -1
794 2265 -1
780 2265 -1
661 2265 -1
502 2265 -1
200 3525 -1
955 2144 -1
1192 2144 -1
882 2144 -1
829 2144 -1
846 2144 -1
991 2144 -1
955 2311 -1
955 2236 -1
955 2220 -1
955 2158 -1
955 2319 -1
955 2164 -1
955 2326 -1
955 2297 -1
955 2111 -1
955 2332 -1
955 2335 -1
483 1629 -1
483 1476 -1
483 1573 -1
146 3200 -1
54 1172 -1
903 1431 -1
903 1345 -1
903 1317 -1
903 1377 -1
903 1384 -1
903 1351 -1
903 1391 -1
903 1461 -1
903 1373 -1
1400 2572 -1
1802 3614 -1
1797 3614 -1
1935 3614 -1
1839 2943 -1
1646 2943 -1
874 3215 -1
838 3215 -1
874 3160 -1
874 2851 -1
874 2932 -1
3211 3833 -1
3211 3698 -1
2186 3910 -1
2411 2708 -1
2411 2625 -1
2411 2533 -1
2411 2689 -1
2411 2793 -1
2411 2444 -1
2411 2797 -1
2411 2707 -1
131 2283 -1
1796 2555 -1
1656 2402 -1
1656 2421 -1
946 2861 -1
946 3072 -1
946 3012 -1
946 3205 -1
946 2954 -1
946 2873 -1
946 3132 -1
946 3231 -1
486 3975 -1
607 3975 -1
1412 3161 -1
1412 3016 -1
2638 2973 -1
1887 3942 -1
1862 3942 -1
301 1232 -1
162 1232 -1
731 1212 -1
379 1212 -1
731 849 -1
731 916 -1
731 1157 -1
731 893 -1
1349 2354 -1
1349 2417 -1
1349 2379 -1
170 1391 -1
170 1345 -1
170 1317 -1
170 1377 -1
170 1384 -1
170 1351 -1
170 1461 -1
170 1431 -1
170 1373 -1
1724 2390 -1
2018 2390 -1
1724 2266 -1
1981 3957 -1
1710 3957 -1
2781 2940 -1
2656 2940 -1
2725 2940 -1
2570 2940 -1
2667 2940 -1
2605 2940 -1
2607 2940 -1
2676 2940 -1
2652 2940 -1
2781 2953 -1
2781 2832 -1
2781 3094 -1
2781 3191 -1
2781 2975 -1
2781 3135 -1
880 1983 -1
1136 1983 -1
880 1657 -1
880 2005 -1
577 3743 -1
745 3743 -1
622 3743 -1
817 3743 -1
366 3743 -1
375 3743 -1
698 3743 -1
1499 2024 -1
1499 1930 -1
1499 1638 -1
2840 3367 -1
3036 3367 -1
1932 2285 -1
1962 2285 -1
1884 2285 -1
1766 2285 -1
1932 2328 -1
1932 2287 -1
1932 2151 -1
818 1822 -1
641 1822 -1
401 1822 -1
442 1822 -1
772 1822 -1
767 1822 -1
818 1819 -1
1921 2764 -1
2137 3825 -1
2137 3965 -1
2686 3586 -1
2617 3586 -1
1650 3297 -1
1650 3505 -1
1650 3486 -1
1650 3295 -1
2285 3154 -1
2328 3154 -1
2287 3154 -1
2151 3154 -1
1548 3965 -1
1548 3825 -1
2082 3399 -1
2268 3399 -1
2082 3328 -1
2082 3369 -1
2082 3570 -1
2082 3557 -1
835 2990 -1
1226 2990 -1
1234 1370 -1
1234 1585 -1
1234 1277 -1
705 3637 -1
2364 2749 -1
2232 2749 -1
2353 2749 -1
2364 2429 -1
2364 2582 -1
2477 2983 -1
2695 2983 -1
2780 2983 -1
2474 2983 -1
2732 2983 -1
2637 2983 -1
2735 2983 -1
2492 2983 -1
2540 2983 -1
447 2342 -1
418 2342 -1
819 2342 -1
540 2342 -1
710 2342 -1
2049 3660 -1
1987 3660 -1
1154 3700 -1
743 2607 -1
743 2656 -1
743 2725 -1
743 2570 -1
743 2667 -1
743 2605 -1
743 2676 -1
743 2652 -1
743 2781 -1
637 2055 -1
449 2055 -1
778 2055 -1
617 2055 -1
637 1809 -1
1153 1911 -1
1153 1941 -1
1153 1943 -1
1792 3004 -1
1792 3224 -1
1792 3080 -1
3020 3663 -1
3020 3904 -1
3020 3706 -1
3020 3599 -1
2148 3097 -1
2148 3064 -1
2148 3098 -1
2758 2872 -1
2758 3129 -1
1117 3987 -1
1117 3650 -1
1117 3620 -1
1117 3754 -1
1117 3598 -1
1117 3826 -1
1117 3892 -1
1117 3605 -1
1117 3639 -1
1117 3899 -1
1117 3967 -1
2294 2851 -1
2294 3160 -1
2294 2932 -1
2294 3215 -1
2475 3865 -1
2772 3865 -1
2709 3437 -1
2777 3437 -1
2623 3437 -1
2473 3437 -1
70 2679 -1
225 2679 -1
95 2679 -1
90 2679 -1
123 2679 -1
250 2679 -1
191 2679 -1
249 2950 -1
328 2950 -1
171 2950 -1
300 2950 -1
249 3172 -1
740 1916 -1
755 1916 -1
740 1666 -1
740 1995 -1
2619 3781 -1
2432 3781 -1
2427 3781 -1
1377 2625 -1
1345 2625 -1
1317 2625 -1
1351 2625 -1
1384 2625 -1
1391 2625 -1
1461 2625 -1
1431 2625 -1
1373 2625 -1
1377 2689 -1
1377 2533 -1
1377 2793 -1
1377 2444 -1
1377 2797 -1
1377 2707 -1
1377 2708 -1
1393 2108 -1
1424 2108 -1
1619 2108 -1
1476 2108 -1
1573 2108 -1
1527 2108 -1
1393 2092 -1
1393 2132 -1
299 1407 -1
283 1407 -1
357 1407 -1
343 1407 -1
299 1568 -1
299 1530 -1
299 1389 -1
299 1334 -1
11 2298 -1
844 3117 -1
813 3393 -1
2734 2912 -1
2672 2912 -1
2465 2912 -1
2562 2912 -1
2428 2912 -1
61 2538 -1
32 2538 -1
284 2538 -1
63 2538 -1
764 1516 -1
764 1466 -1
764 1388 -1
764 1245 -1
764 1406 -1
1832 3737 -1
1769 3737 -1
1994 3737 -1
2225 2599 -1
237 3284 -1
352 3284 -1
289 3284 -1
28 3284 -1
141 3284 -1
110 3284 -1
167 789 -1
177 789 -1
167 605 -1
1579 2036 -1
3209 3238 -1
2759 2935 -1
2713 2935 -1
2699 2935 -1
1210 2962 -1
1161 2962 -1
1210 3138 -1
1210 2902 -1
3286 3884 -1
3387 3884 -1
3510 3884 -1
3462 3884 -1
3286 3840 -1
3286 3750 -1
3286 3885 -1
3286 3982 -1
3286 3789 -1
3286 3890 -1
3286 3864 -1
3286 3900 -1
3286 3933 -1
3286 3678 -1
2019 2343 -1
1859 2343 -1
2034 2343 -1
1782 2343 -1
1688 2343 -1
2012 2343 -1
1918 2343 -1
730 1337 -1
794 1337 -1
780 1337 -1
661 1337 -1
502 1337 -1
730 1584 -1
730 1372 -1
2183 2829 -1
2400 2829 -1
2368 2829 -1
2243 2829 -1
2181 2829 -1
2222 2829 -1
2264 2829 -1
2363 2829 -1
2183 3204 -1
2183 3156 -1
181 1089 -1
87 1089 -1
1194 3418 -1
366 3232 -1
577 3232 -1
369 3232 -1
521 3232 -1
745 3232 -1
622 3232 -1
817 3232 -1
498 3232 -1
375 3232 -1
698 3232 -1
510 3232 -1
366 3267 -1
366 3524 -1
366 3269 -1
366 3398 -1
366 3401 -1
366 3315 -1
366 3476 -1
366 3518 -1
1061 2075 -1
1061 2336 -1
1061 2095 -1
3129 3304 -1
2872 3304 -1
3129 3531 -1
195 2573 -1
85 2573 -1
2188 3499 -1
2416 3499 -1
2212 3499 -1
755 2420 -1
740 2420 -1
1247 2088 -1
1587 2088 -1
2626 3130 -1
2432 3130 -1
2483 3130 -1
2771 3130 -1
2682 3130 -1
2427 3130 -1
2526 3130 -1
611 3719 -1
676 3719 -1
814 3719 -1
431 3719 -1
611 3792 -1
611 3697 -1
611 3998 -1
880 2674 -1
1136 2674 -1
1486 3312 -1
1486 3328 -1
1486 3429 -1
1486 3369 -1
1486 3414 -1
1486 3452 -1
1486 3254 -1
1501 1911 -1
1508 1911 -1
1576 1911 -1
1615 1911 -1
1397 1911 -1
1529 1911 -1
1311 1911 -1
1501 1941 -1
1501 1943 -1
1905 2971 -1
1761 2971 -1
1858 2971 -1
1861 2971 -1
1906 2971 -1
1648 2971 -1
1970 2971 -1
1948 2971 -1
1561 2493 -1
1442 2493 -1
1611 2493 -1
1471 2493 -1
812 1388 -1
812 1466 -1
812 1516 -1
812 1245 -1
812 1406 -1
2180 3085 -1
2348 3085 -1
2180 3162 -1
1770 3304 -1
1698 3304 -1
1770 3531 -1
370 3097 -1
370 3064 -1
370 3098 -1
608 1676 -1
424 1676 -1
381 1676 -1
608 1654 -1
1174 2619 -1
1174 2432 -1
1174 2427 -1
1541 2001 -1
1330 2001 -1
1522 2001 -1
1446 2001 -1
1541 1700 -1
615 2961 -1
577 2765 -1
745 2765 -1
622 2765 -1
817 2765 -1
366 2765 -1
375 2765 -1
698 2765 -1
297 575 -1
113 575 -1
324 3130 -1
303 3130 -1
216 3418 -1
1507 2607 -1
1507 2656 -1
1507 2725 -1
1507 2570 -1
1507 2667 -1
1507 2605 -1
1507 2676 -1
1507 2652 -1
1507 2781 -1
822 2539 -1
822 2705 -1
822 2551 -1
503 1659 -1
503 1772 -1
2570 3886 -1
2656 3886 -1
2725 3886 -1
2667 3886 -1
2605 3886 -1
2607 3886 -1
2676 3886 -1
2652 3886 -1
2781 3886 -1
799 1877 -1
691 1877 -1
799 2017 -1
1112 3695 -1
866 3695 -1
1167 3695 -1
1201 3695 -1
1107 3695 -1
824 3695 -1
986 3695 -1
684 2736 -1
613 3321 -1
2725 3502 -1
2656 3502 -1
2570 3502 -1
2667 3502 -1
2605 3502 -1
2607 3502 -1
2676 3502 -1
2652 3502 -1
2781 3502 -1
2725 3264 -1
2725 3259 -1
2725 3460 -1
2725 3343 -1
1632 2398 -1
1248 2398 -1
1295 2398 -1
1742 2956 -1
1960 2956 -1
1985 2956 -1
1837 2956 -1
2105 3226 -1
349 3464 -1
209 3464 -1
349 3392 -1
349 3481 -1
349 3339 -1
349 3335 -1
516 2935 -1
133 2074 -1
225 2074 -1
227 2074 -1
14 2074 -1
176 2074 -1
27 2074 -1
250 2074 -1
123 2074 -1
348 2074 -1
133 2315 -1
133 2308 -1
133 2262 -1
2285 3281 -1
2328 3281 -1
2287 3281 -1
2151 3281 -1
2557 3766 -1
276 1124 -1
132 3953 -1
250 3953 -1
123 3953 -1
68 3953 -1
82 1892 -1
298 3754 -1
160 3754 -1
258 3754 -1
101 3754 -1
175 3754 -1
298 3620 -1
298 3826 -1
298 3987 -1
298 3892 -1
298 3605 -1
298 3899 -1
298 3967 -1
894 1659 -1
894 1772 -1
1555 3711 -1
1551 3711 -1
1555 3944 -1
1555 3971 -1
1555 3606 -1
83 2299 -1
258 2357 -1
160 2357 -1
71 2357 -1
74 2357 -1
175 2357 -1
51 2357 -1
153 2357 -1
298 2357 -1
159 2357 -1
258 2361 -1
258 2117 -1
258 2366 -1
1608 1937 -1
1608 1980 -1
1608 1949 -1
1608 1838 -1
1455 1755 -1
1859 3715 -1
1688 3715 -1
2019 3715 -1
1782 3715 -1
1853 3708 -1
2037 3708 -1
1919 3708 -1
1853 3980 -1
2433 3621 -1
2733 3621 -1
2433 3841 -1
2433 3815 -1
2433 3849 -1
2433 3628 -1
2433 3612 -1
2433 3742 -1
1351 2506 -1
1345 2506 -1
1317 2506 -1
1377 2506 -1
1384 2506 -1
1391 2506 -1
1461 2506 -1
1431 2506 -1
1373 2506 -1
242 1935 -1
242 1802 -1
242 1797 -1
2052 3942 -1
1945 3942 -1
992 3280 -1
3107 3714 -1
3136 3714 -1
3107 3858 -1
1406 2064 -1
1516 2064 -1
1466 2064 -1
1388 2064 -1
1245 2064 -1
3020 3498 -1
223 2382 -1
31 2382 -1
1924 2574 -1
1881 2574 -1
1924 2737 -1
3551 3626 -1
3551 3803 -1
755 3608 -1
740 3608 -1
2669 3716 -1
2604 3716 -1
3295 3715 -1
3297 3715 -1
3486 3715 -1
3505 3715 -1
1098 3101 -1
1098 3008 -1
1098 3201 -1
1098 2955 -1
1098 2855 -1
1098 2827 -1
1098 3126 -1
1098 3069 -1
1054 3356 -1
1135 3356 -1
1054 3555 -1
1054 3247 -1
2689 3009 -1
2625 3009 -1
2533 3009 -1
2793 3009 -1
2444 3009 -1
2797 3009 -1
2707 3009 -1
2708 3009 -1
148 2165 -1
265 2165 -1
327 2165 -1
142 2165 -1
46 2165 -1
119 2165 -1
2339 3027 -1
2316 3027 -1
189 2950 -1
189 3172 -1
776 1645 -1
142 2655 -1
265 2655 -1
327 2655 -1
148 2655 -1
46 2655 -1
119 2655 -1
103 3679 -1
124 3679 -1
1229 1852 -1
1229 1760 -1
1229 1808 -1
1229 1706 -1
1229 1651 -1
202 3705 -1
1274 3573 -1
1293 3573 -1
235 1229 -1
184 1735 -1
721 2888 -1
523 2888 -1
673 2888 -1
643 2888 -1
660 3220 -1
679 3220 -1
450 1928 -1
677 1522 -1
656 1522 -1
677 1330 -1
677 1541 -1
677 1446 -1
355 3348 -1
137 3348 -1
58 3348 -1
67 3348 -1
245 3348 -1
326 3348 -1
355 3544 -1
3463 3869 -1
3463 3674 -1
537 2774 -1
753 2774 -1
491 2774 -1
509 2774 -1
438 2774 -1
1137 1922 -1
1137 1720 -1
1137 1785 -1
1137 1891 -1
368 3512 -1
916 3271 -1
849 3271 -1
1212 3271 -1
1157 3271 -1
893 3271 -1
2802 3957 -1
1303 3838 -1
1303 3665 -1
120 2717 -1
364 2717 -1
165 2717 -1
318 2717 -1
335 2717 -1
3161 3634 -1
3016 3634 -1
406 2221 -1
406 2066 -1
1316 1958 -1
1504 1958 -1
1601 1958 -1
1509 1958 -1
1279 1958 -1
1082 2153 -1
2400 3185 -1
2264 3185 -1
2363 3185 -1
2243 3185 -1
2181 3185 -1
2183 3185 -1
2400 3160 -1
2400 2932 -1
1367 2627 -1
1255 2627 -1
1367 2601 -1
1367 2491 -1
1367 2716 -1
1232 1946 -1
1577 2126 -1
1562 3659 -1
1562 3731 -1
1562 3735 -1
608 2305 -1
424 2305 -1
381 2305 -1
608 2395 -1
1395 2326 -1
1411 2326 -1
1444 2326 -1
1395 2144 -1
1395 2311 -1
1395 2236 -1
1395 2220 -1
1395 2158 -1
1395 2319 -1
1395 2164 -1
1395 2297 -1
1395 2332 -1
1395 2111 -1
649 3574 -1
1172 2407 -1
1172 2113 -1
59 3522 -1
121 3522 -1
33 3522 -1
59 3504 -1
59 3248 -1
59 3253 -1
59 3433 -1
612 2785 -1
955 2515 -1
1192 2515 -1
882 2515 -1
829 2515 -1
846 2515 -1
991 2515 -1
2201 3383 -1
2097 2632 -1
2097 2640 -1
2097 2532 -1
2097 2543 -1
1042 1331 -1
1002 1331 -1
1175 1331 -1
823 1405 -1
1176 1405 -1
1178 1405 -1
1116 1405 -1
1141 1405 -1
1214 1405 -1
823 1409 -1
823 1294 -1
823 1582 -1
823 1559 -1
792 893 -1
792 849 -1
792 1179 -1
792 916 -1
792 1157 -1
792 1212 -1
908 2434 -1
867 2434 -1
823 3574 -1
1176 3574 -1
1178 3574 -1
1116 3574 -1
1141 3574 -1
1214 3574 -1
393 2804 -1
584 2804 -1
393 3155 -1
682 1268 -1
523 2527 -1
721 2527 -1
530 2527 -1
643 2527 -1
673 2527 -1
1133 3779 -1
1133 3943 -1
617 3392 -1
449 3392 -1
778 3392 -1
637 3392 -1
617 3464 -1
617 3481 -1
617 3339 -1
617 3335 -1
650 1580 -1
826 2527 -1
940 2527 -1
868 2527 -1
1699 3012 -1
1726 3012 -1
1699 2886 -1
1699 2954 -1
1699 2861 -1
1699 2930 -1
1699 3093 -1
1699 3030 -1
1699 2873 -1
1699 3231 -1
2889 3238 -1
2823 3238 -1
904 3860 -1
904 3971 -1
904 3606 -1
904 3655 -1
904 3688 -1
904 3826 -1
904 3605 -1
904 3798 -1
904 3899 -1
904 3647 -1
1922 3082 -1
1720 3082 -1
1785 3082 -1
1891 3082 -1
521 2729 -1
512 2729 -1
366 2729 -1
369 2729 -1
498 2729 -1
375 2729 -1
510 2729 -1
164 1556 -1
164 1489 -1
164 1449 -1
783 1469 -1
233 2453 -1
233 2744 -1
543 2275 -1
527 3354 -1
1725 2932 -1
1725 3160 -1
1725 3185 -1
1725 2851 -1
1725 3215 -1
2954 3762 -1
3072 3762 -1
3012 3762 -1
3205 3762 -1
2861 3762 -1
2873 3762 -1
3132 3762 -1
3231 3762 -1
560 3667 -1
576 3667 -1
724 3667 -1
299 3686 -1
283 3686 -1
357 3686 -1
343 3686 -1
2177 3933 -1
2177 3884 -1
2177 3982 -1
2177 3900 -1
2177 3885 -1
2177 3750 -1
3092 3700 -1
2870 3700 -1
771 3975 -1
1441 3491 -1
65 1029 -1
3082 3832 -1
1963 3603 -1
2448 3697 -1
2448 3792 -1
2448 3998 -1
2448 3719 -1
1156 2283 -1
1087 2379 -1
962 2379 -1
1192 2379 -1
846 2379 -1
1235 2379 -1
1108 2379 -1
942 2379 -1
1087 2417 -1
1087 2354 -1
1899 3852 -1
1929 3852 -1
2051 3852 -1
1732 3852 -1
1759 3852 -1
2473 2865 -1
2777 2865 -1
2709 2865 -1
2623 2865 -1
2473 2976 -1
2473 2849 -1
2473 2875 -1
2473 3137 -1
2473 2855 -1
2473 3168 -1
2473 2955 -1
2473 2863 -1
2473 2931 -1
2473 3157 -1
2473 3145 -1
2473 3159 -1
2473 2939 -1
2473 3198 -1
2473 2974 -1
894 2557 -1
990 1771 -1
584 1700 -1
393 1700 -1
584 2001 -1
471 3750 -1
471 3884 -1
471 3900 -1
471 3933 -1
471 3982 -1
471 3885 -1
240 2158 -1
240 2144 -1
240 2311 -1
240 2236 -1
240 2220 -1
240 2319 -1
240 2164 -1
240 2326 -1
240 2297 -1
240 2332 -1
240 2111 -1
761 2655 -1
384 2655 -1
426 2655 -1
865 2105 -1
943 2105 -1
698 2837 -1
577 2837 -1
745 2837 -1
622 2837 -1
817 2837 -1
366 2837 -1
375 2837 -1
257 736 -1
214 544 -1
246 544 -1
214 386 -1
1218 3323 -1
3487 3621 -1
3487 3841 -1
3487 3815 -1
3487 3849 -1
3487 3628 -1
3487 3612 -1
3487 3742 -1
3128 3566 -1
2947 3566 -1
3128 3260 -1
3128 3351 -1
595 2971 -1
149 3160 -1
149 3185 -1
149 2851 -1
149 2932 -1
149 3215 -1
629 1639 -1
629 1835 -1
1008 3682 -1
840 3682 -1
963 3682 -1
1140 3682 -1
299 1765 -1
283 1765 -1
357 1765 -1
343 1765 -1
299 1773 -1
1839 2588 -1
1646 2588 -1
3209 3558 -1
3209 3477 -1
1245 3640 -1
1516 3640 -1
1466 3640 -1
1388 3640 -1
1406 3640 -1
295 1264 -1
2575 2861 -1
2575 3072 -1
2575 3012 -1
2575 3205 -1
2575 2954 -1
2575 2873 -1
2575 3132 -1
2575 3231 -1
540 978 -1
418 978 -1
451 978 -1
710 978 -1
807 978 -1
554 978 -1
492 978 -1
610 978 -1
465 978 -1
819 978 -1
437 978 -1
791 978 -1
376 978 -1
606 978 -1
447 978 -1
540 1227 -1
540 1015 -1
1102 3497 -1
2624 3062 -1
2540 3062 -1
2739 3062 -1
2732 3062 -1
2469 3062 -1
2624 2929 -1
2624 3223 -1
1101 1731 -1
1028 1731 -1
1086 1731 -1
1101 1736 -1
1101 1940 -1
1173 2633 -1
1916 2680 -1
1666 2680 -1
1995 2680 -1
78 1513 -1
217 1513 -1
346 1513 -1
107 1513 -1
581 1139 -1
836 3530 -1
1096 3530 -1
1083 3530 -1
836 3579 -1
1527 2361 -1
1476 2361 -1
1573 2361 -1
1419 2361 -1
1424 2361 -1
1393 2361 -1
1619 2361 -1
1527 2357 -1
1527 2366 -1
1527 2117 -1
2972 3632 -1
2972 3662 -1
1704 2837 -1
1918 2130 -1
1688 2130 -1
2034 2130 -1
2019 2130 -1
2012 2130 -1
902 2356 -1
1041 2356 -1
1105 2356 -1
851 2356 -1
949 2356 -1
892 2356 -1
957 2356 -1
131 3511 -1
2062 2200 -1
1687 2200 -1
1886 2200 -1
2023 2200 -1
2062 2370 -1
298 2714 -1
160 2714 -1
258 2714 -1
101 2714 -1
175 2714 -1
1455 3248 -1
1455 3504 -1
1455 3433 -1
1455 3522 -1
1455 3253 -1
2717 3717 -1
2717 3927 -1
875 2796 -1
2706 3384 -1
2706 3366 -1
2706 3494 -1
2706 3527 -1
2706 3564 -1
2706 3258 -1
2706 3292 -1
2706 3482 -1
1107 2580 -1
1112 2580 -1
986 2580 -1
1167 2580 -1
1010 3789 -1
1010 3840 -1
1010 3874 -1
1010 3884 -1
1010 3885 -1
1010 3952 -1
1010 3890 -1
1010 3864 -1
1010 3678 -1
465 2392 -1
418 2392 -1
451 2392 -1
807 2392 -1
554 2392 -1
492 2392 -1
437 2392 -1
791 2392 -1
376 2392 -1
540 2392 -1
465 2226 -1
465 2069 -1
266 437 -1
266 418 -1
266 451 -1
266 807 -1
266 554 -1
266 492 -1
266 465 -1
266 791 -1
266 376 -1
266 540 -1
205 3178 -1
205 2969 -1
205 3170 -1
443 1611 -1
810 1611 -1
635 1611 -1
443 1561 -1
443 1442 -1
443 1630 -1
443 1471 -1
88 2375 -1
88 2387 -1
88 2396 -1
88 2231 -1
2004 3860 -1
1697 3860 -1
1956 3860 -1
1769 3860 -1
1994 3860 -1
1678 3860 -1
2008 3860 -1
2004 3971 -1
2004 3606 -1
2004 3655 -1
2004 3688 -1
2004 3826 -1
2004 3605 -1
2004 3798 -1
2004 3899 -1
2004 3647 -1
976 3062 -1
983 3062 -1
976 2929 -1
976 3223 -1
1831 3810 -1
1728 3810 -1
1920 3810 -1
1642 3810 -1
1811 3810 -1
1719 3810 -1
1882 3810 -1
1831 3956 -1
1831 3947 -1
1831 3988 -1
1831 3726 -1
1831 3623 -1
2472 3434 -1
2521 3434 -1
2472 3545 -1
2472 3250 -1
2472 3396 -1
2472 3485 -1
2472 3377 -1
1967 2530 -1
1967 2711 -1
2048 2908 -1
320 1139 -1
34 1139 -1
25 1205 -1
2687 3154 -1
2578 3154 -1
2660 3154 -1
140 1450 -1
172 1450 -1
1794 3901 -1
1794 3664 -1
1794 3696 -1
1794 3802 -1
1794 3836 -1
1794 3616 -1
1877 2780 -1
2017 2780 -1
1877 2501 -1
1877 2695 -1
1877 2540 -1
1877 2474 -1
1877 2732 -1
1877 2477 -1
1877 2637 -1
1877 2735 -1
1877 2492 -1
1441 3416 -1
1441 3456 -1
1441 3585 -1
2350 3351 -1
2350 3260 -1
2350 3566 -1
1157 1723 -1
849 1723 -1
916 1723 -1
1179 1723 -1
1212 1723 -1
893 1723 -1
1299 2307 -1
1448 2307 -1
1299 2362 -1
167 1546 -1
177 1546 -1
3348 3785 -1
3544 3785 -1
956 3807 -1
898 3807 -1
1051 3807 -1
1085 3807 -1
1039 3807 -1
956 3783 -1
2328 3642 -1
2287 3642 -1
2285 3642 -1
2151 3642 -1
961 3347 -1
1540 2610 -1
1539 2610 -1
1540 2691 -1
3403 3638 -1
3424 3638 -1
3314 3638 -1
3436 3638 -1
3370 3638 -1
3591 3638 -1
264 1618 -1
1866 3841 -1
1866 3621 -1
1866 3815 -1
1866 3849 -1
1866 3628 -1
1866 3612 -1
1866 3742 -1
1249 1684 -1
1249 1702 -1
1249 1799 -1
1249 1904 -1
1249 1716 -1
1249 2007 -1
1249 1944 -1
1249 1748 -1
1249 1757 -1
1134 2002 -1
1038 2002 -1
1134 1747 -1
908 1890 -1
867 1890 -1
2161 3843 -1
2032 2151 -1
2032 2328 -1
2032 2119 -1
2032 2207 -1
2032 2285 -1
2032 2287 -1
1955 2621 -1
211 2000 -1
997 1473 -1
997 1515 -1
997 1457 -1
997 1394 -1
997 1342 -1
997 1595 -1
997 1309 -1
997 1470 -1
1119 2016 -1
543 1087 -1
543 962 -1
543 1192 -1
543 846 -1
543 1235 -1
543 1108 -1
543 942 -1
1460 2119 -1
1603 2119 -1
1553 2119 -1
1514 2119 -1
1265 2119 -1
1491 2119 -1
1354 2119 -1
1597 2119 -1
1460 2151 -1
1460 2287 -1
1460 2207 -1
203 471 -1
221 471 -1
174 471 -1
1186 3894 -1
1225 3894 -1
1186 3839 -1
1137 2005 -1
1137 1657 -1
1137 1983 -1
3020 3284 -1
414 848 -1
559 848 -1
2263 3270 -1
2272 3270 -1
2250 3270 -1
2223 3270 -1
2289 3270 -1
2131 3270 -1
2325 3270 -1
2263 3588 -1
2149 3598 -1
2149 3650 -1
2149 3987 -1
2149 3620 -1
2149 3639 -1
843 1304 -1
931 1304 -1
1462 1773 -1
1292 1773 -1
1300 1773 -1
1467 1773 -1
1524 1773 -1
1550 1773 -1
1462 1765 -1
2664 2962 -1
2535 2962 -1
2664 3138 -1
2664 2902 -1
1621 1753 -1
1633 1753 -1
1410 1753 -1
1722 3015 -1
1409 2072 -1
1294 2072 -1
1405 2072 -1
1582 2072 -1
1559 2072 -1
433 2477 -1
433 2695 -1
433 2780 -1
433 2474 -1
433 2732 -1
433 2637 -1
433 2735 -1
433 2492 -1
433 2540 -1
653 3797 -1
464 3797 -1
653 3795 -1
2019 2671 -1
1859 2671 -1
2034 2671 -1
1782 2671 -1
1688 2671 -1
2012 2671 -1
1918 2671 -1
12 2976 -1
194 2976 -1
12 2865 -1
12 2939 -1
12 3157 -1
12 2849 -1
508 1545 -1
664 1545 -1
493 1545 -1
508 1379 -1
508 1414 -1
349 3926 -1
209 3926 -1
181 3261 -1
87 3261 -1
836 3434 -1
1096 3434 -1
1083 3434 -1
836 3545 -1
836 3250 -1
836 3396 -1
836 3485 -1
836 3377 -1
390 2889 -1
387 2889 -1
668 2889 -1
390 2823 -1
682 2826 -1
1764 2794 -1
671 2758 -1
2110 3493 -1
2304 3493 -1
2211 3493 -1
2399 3493 -1
2110 3457 -1
835 1435 -1
1226 1435 -1
441 3070 -1
777 3070 -1
769 3070 -1
441 2937 -1
1895 3652 -1
897 2468 -1
897 2722 -1
897 2548 -1
2738 3001 -1
934 3893 -1
934 3996 -1
811 3652 -1
46 2027 -1
265 2027 -1
327 2027 -1
148 2027 -1
142 2027 -1
119 2027 -1
46 2040 -1
46 1692 -1
415 2194 -1
553 2194 -1
554 2194 -1
451 2194 -1
397 2194 -1
415 2368 -1
415 2222 -1
1409 2472 -1
1294 2472 -1
1405 2472 -1
1582 2472 -1
1559 2472 -1
1409 2521 -1
3161 3481 -1
3016 3481 -1
3161 3392 -1
3161 3464 -1
3161 3339 -1
3161 3335 -1
1636 3873 -1
709 3321 -1
701 3321 -1
463 3321 -1
674 2525 -1
674 2777 -1
674 2623 -1
2742 2976 -1
2742 2865 -1
2742 2939 -1
2742 3157 -1
2742 2849 -1
319 3997 -1
273 3997 -1
282 3997 -1
41 3997 -1
1059 2127 -1
1771 3841 -1
1771 3621 -1
1771 3815 -1
1771 3849 -1
1771 3628 -1
1771 3612 -1
1771 3742 -1
1099 3258 -1
1007 3258 -1
1099 3384 -1
1099 3292 -1
1099 3564 -1
452 2422 -1
539 2422 -1
452 2235 -1
452 2367 -1
1338 1660 -1
1338 1730 -1
1338 1818 -1
355 558 -1
137 558 -1
58 558 -1
67 558 -1
245 558 -1
326 558 -1
628 883 -1
700 883 -1
693 883 -1
765 883 -1
628 1011 -1
1899 2666 -1
1929 2666 -1
2051 2666 -1
1732 2666 -1
1759 2666 -1
1446 1646 -1
1330 1646 -1
1522 1646 -1
1541 1646 -1
1446 1839 -1
702 2180 -1
702 2348 -1
2126 3324 -1
2126 3319 -1
803 3571 -1
803 3255 -1
241 1747 -1
241 2002 -1
420 3976 -1
1331 2460 -1
3010 3560 -1
3010 3422 -1
684 2383 -1
684 2098 -1
684 2195 -1
684 2365 -1
684 2162 -1
684 2327 -1
1653 2512 -1
1653 2799 -1
306 3924 -1
208 3924 -1
306 3990 -1
54 2951 -1
2724 3466 -1
3183 3428 -1
939 2256 -1
939 2213 -1
939 2150 -1
939 2093 -1
2475 3127 -1
2772 3127 -1
2475 2952 -1
2475 2857 -1
2475 2811 -1
2475 2825 -1
2475 3025 -1
3254 3599 -1
3328 3599 -1
3429 3599 -1
3369 3599 -1
3312 3599 -1
3414 3599 -1
3452 3599 -1
3254 3904 -1
3254 3706 -1
3254 3663 -1
2303 3142 -1
1723 3526 -1
1726 2775 -1
1699 2775 -1
2600 3316 -1
2595 3316 -1
910 2141 -1
336 2551 -1
153 2551 -1
74 2551 -1
71 2551 -1
159 2551 -1
336 2705 -1
336 2539 -1
1790 2868 -1
2671 3306 -1
2671 3419 -1
388 1372 -1
388 1584 -1
388 1337 -1
1491 2610 -1
1603 2610 -1
1265 2610 -1
1514 2610 -1
1597 2610 -1
1553 2610 -1
1460 2610 -1
1354 2610 -1
1491 2691 -1
1859 3502 -1
1688 3502 -1
2019 3502 -1
1782 3502 -1
1859 3264 -1
1859 3259 -1
1859 3460 -1
1859 3343 -1
214 2427 -1
246 2427 -1
214 2432 -1
214 2626 -1
214 2483 -1
214 2771 -1
214 2682 -1
214 2619 -1
214 2526 -1
1497 2838 -1
1314 2838 -1
1589 2838 -1
115 3572 -1
115 3313 -1
115 3431 -1
115 3583 -1
1422 3191 -1
1422 2945 -1
1422 3106 -1
1422 2953 -1
1422 2832 -1
1422 2940 -1
1422 3094 -1
1422 3135 -1
1422 3068 -1
1422 2975 -1
372 3717 -1
435 3717 -1
372 3927 -1
1915 3884 -1
1915 3840 -1
1915 3750 -1
1915 3885 -1
1915 3982 -1
1915 3789 -1
1915 3890 -1
1915 3864 -1
1915 3900 -1
1915 3933 -1
1915 3678 -1
1696 2718 -1
1696 2768 -1
238 2414 -1
4 2414 -1
79 2414 -1
213 2414 -1
248 2414 -1
156 2414 -1
127 2414 -1
1756 3730 -1
1683 3730 -1
1132 1977 -1
2427 3232 -1
2432 3232 -1
2626 3232 -1
2483 3232 -1
2771 3232 -1
2682 3232 -1
2619 3232 -1
2526 3232 -1
2427 3267 -1
2427 3524 -1
2427 3269 -1
2427 3398 -1
2427 3401 -1
2427 3315 -1
2427 3476 -1
2427 3518 -1
111 580 -1
2355 3026 -1
2240 3384 -1
2240 3366 -1
2240 3494 -1
2240 3527 -1
2240 3564 -1
2240 3258 -1
2240 3292 -1
2240 3482 -1
967 2041 -1
1220 1717 -1
573 1951 -1
573 2065 -1
573 2038 -1
573 1727 -1
2499 3347 -1
1853 2114 -1
2037 2114 -1
1919 2114 -1
2382 3212 -1
1833 3048 -1
1622 2086 -1
1569 2086 -1
1567 2086 -1
1543 2086 -1
2805 3756 -1
2474 2888 -1
2695 2888 -1
2492 2888 -1
2732 2888 -1
2477 2888 -1
2735 2888 -1
2780 2888 -1
2540 2888 -1
2637 2888 -1
659 3863 -1
587 3863 -1
678 3863 -1
700 1481 -1
448 1481 -1
714 1481 -1
715 1481 -1
628 1481 -1
693 1481 -1
765 1481 -1
476 1336 -1
2302 3242 -1
2378 3242 -1
2910 3498 -1
3090 3498 -1
2996 3498 -1
3114 3498 -1
2389 3290 -1
2304 3290 -1
2211 3290 -1
2100 3290 -1
2094 3453 -1
182 839 -1
182 896 -1
182 924 -1
182 1092 -1
43 3043 -1
2139 3511 -1
2163 3511 -1
1627 3419 -1
1627 3306 -1
1048 3286 -1
1177 3286 -1
1204 3286 -1
1149 3286 -1
885 3286 -1
1048 3387 -1
1048 3510 -1
1048 3462 -1
187 2940 -1
248 2940 -1
79 2940 -1
156 2940 -1
261 2940 -1
213 2940 -1
187 2953 -1
187 2832 -1
187 3094 -1
187 3191 -1
187 2975 -1
187 3135 -1
1432 3892 -1
1432 3620 -1
1432 3754 -1
1432 3826 -1
1432 3987 -1
1432 3605 -1
1432 3899 -1
1432 3967 -1
691 1156 -1
799 1156 -1
65 1267 -1
65 1590 -1
2360 3784 -1
2155 3784 -1
2116 3784 -1
2535 3608 -1
2664 3608 -1
931 3234 -1
843 3234 -1
272 3086 -1
323 3086 -1
244 3086 -1
272 2987 -1
570 1500 -1
570 1536 -1
2904 3442 -1
638 3577 -1
416 3577 -1
754 3577 -1
772 3166 -1
641 3166 -1
818 3166 -1
767 3166 -1
442 3166 -1
401 3166 -1
1495 3441 -1
1786 3823 -1
1786 3939 -1
1904 3474 -1
1944 3474 -1
1748 3474 -1
1684 3474 -1
1702 3474 -1
1799 3474 -1
1904 3313 -1
1904 3523 -1
1904 3409 -1
1904 3431 -1
1061 1452 -1
985 1991 -1
985 1880 -1
985 1705 -1
985 1746 -1
1975 2154 -1
1675 3743 -1
2013 3743 -1
1774 3743 -1
2452 3720 -1
2641 3720 -1
2436 3720 -1
2581 3720 -1
2068 3518 -1
2202 3518 -1
2162 3518 -1
2365 3518 -1
2068 3232 -1
2068 3267 -1
2068 3524 -1
2068 3269 -1
2068 3398 -1
2068 3401 -1
2068 3315 -1
2068 3476 -1
2438 3116 -1
1781 3455 -1
1781 3593 -1
86 2267 -1
240 2217 -1
2396 3513 -1
2375 3513 -1
2387 3513 -1
2231 3513 -1
1476 3501 -1
1573 3501 -1
1419 3501 -1
1424 3501 -1
1393 3501 -1
1619 3501 -1
1527 3501 -1
1629 3501 -1
2202 2980 -1
2162 2980 -1
2068 2980 -1
2365 2980 -1
2005 2862 -1
1657 2862 -1
1983 2862 -1
413 1266 -1
394 1266 -1
555 1266 -1
652 1266 -1
550 1266 -1
3154 3973 -1
149 3841 -1
149 3621 -1
149 3815 -1
149 3849 -1
149 3628 -1
149 3612 -1
149 3742 -1
837 3962 -1
837 3824 -1
837 3758 -1
386 3021 -1
544 3021 -1
1967 3642 -1
42 2897 -1
1974 3722 -1
1685 3722 -1
1974 3897 -1
1974 3763 -1
1974 3972 -1
3 1493 -1
3 1323 -1
947 1283 -1
1725 3209 -1
1458 3491 -1
1516 3916 -1
1466 3916 -1
1388 3916 -1
1245 3916 -1
1406 3916 -1
1516 3604 -1
935 1405 -1
935 1409 -1
935 1294 -1
935 1582 -1
935 1559 -1
823 1687 -1
1176 1687 -1
1178 1687 -1
1116 1687 -1
1141 1687 -1
1214 1687 -1
823 1689 -1
823 2062 -1
823 1886 -1
823 2023 -1
381 2312 -1
608 2312 -1
424 2312 -1
209 1491 -1
349 1491 -1
209 1603 -1
209 1265 -1
209 1514 -1
209 1597 -1
209 1553 -1
209 1460 -1
209 1354 -1
1867 3384 -1
1867 3366 -1
1867 3494 -1
1867 3527 -1
1867 3564 -1
1867 3258 -1
1867 3292 -1
1867 3482 -1
2347 3916 -1
2241 3916 -1
2253 3916 -1
2101 3916 -1
2347 3604 -1
2136 3217 -1
2346 3217 -1
2406 3217 -1
1930 2344 -1
2024 2344 -1
1638 2344 -1
1798 2335 -1
1901 2335 -1
1798 2144 -1
1798 2311 -1
1798 2236 -1
1798 2220 -1
1798 2319 -1
1798 2297 -1
1798 2332 -1
1798 2111 -1
295 1258 -1
295 1512 -1
2150 3794 -1
2128 3794 -1
2213 3794 -1
2093 3794 -1
2317 3794 -1
2256 3794 -1
2129 3794 -1
1320 2711 -1
1320 2530 -1
1168 1542 -1
1001 1542 -1
1219 1542 -1
1045 1542 -1
473 2713 -1
473 2699 -1
473 2759 -1
2326 3227 -1
2144 3227 -1
2311 3227 -1
2236 3227 -1
2220 3227 -1
2158 3227 -1
2319 3227 -1
2164 3227 -1
2297 3227 -1
2332 3227 -1
2111 3227 -1
2326 3201 -1
2326 3115 -1
2326 3126 -1
2046 3163 -1
2056 3513 -1
1686 3513 -1
1767 3513 -1
1538 3130 -1
1353 2226 -1
1376 2226 -1
1285 2226 -1
1353 2392 -1
1353 2069 -1
1004 3630 -1
2442 3044 -1
2611 3044 -1
2442 3125 -1
1441 3723 -1
641 2600 -1
401 2600 -1
818 2600 -1
772 2600 -1
442 2600 -1
767 2600 -1
641 2595 -1
2780 3855 -1
2501 3855 -1
2695 3855 -1
2540 3855 -1
2474 3855 -1
2732 3855 -1
2477 3855 -1
2637 3855 -1
2735 3855 -1
2492 3855 -1
1115 3489 -1
1115 3575 -1
2302 2425 -1
2378 2425 -1
15 2992 -1
1279 2762 -1
1504 2762 -1
1601 2762 -1
1316 2762 -1
1509 2762 -1
1279 2569 -1
564 880 -1
564 1136 -1
2070 2801 -1
1813 2184 -1
1813 2313 -1
2478 3103 -1
111 1825 -1
111 2022 -1
558 2297 -1
558 2144 -1
558 2311 -1
558 2236 -1
558 2220 -1
558 2158 -1
558 2319 -1
558 2387 -1
558 2164 -1
558 2326 -1
558 2231 -1
558 2111 -1
558 2332 -1
558 2335 -1
1283 3510 -1
1283 3387 -1
1283 3286 -1
1283 3462 -1
1848 2354 -1
1912 2354 -1
1848 2417 -1
1848 2379 -1
1348 2052 -1
1348 1945 -1
2151 3304 -1
2328 3304 -1
2119 3304 -1
2207 3304 -1
2285 3304 -1
2287 3304 -1
2151 3531 -1
2135 2547 -1
1943 3262 -1
1941 3262 -1
1911 3262 -1
1471 2232 -1
1561 2232 -1
1442 2232 -1
1611 2232 -1
1630 2232 -1
1471 2353 -1
1471 2364 -1
244 3764 -1
272 3764 -1
323 3764 -1
244 3607 -1
2801 2947 -1
2801 3128 -1
737 2288 -1
315 2059 -1
315 1823 -1
1492 3900 -1
1492 3982 -1
1492 3884 -1
1492 3933 -1
1492 3750 -1
1492 3885 -1
792 3485 -1
792 3545 -1
792 3434 -1
792 3396 -1
792 3250 -1
792 3377 -1
3104 3591 -1
3104 3424 -1
3104 3314 -1
3104 3403 -1
3104 3436 -1
3104 3370 -1
2151 3178 -1
2328 3178 -1
2119 3178 -1
2207 3178 -1
2285 3178 -1
2287 3178 -1
2151 2969 -1
2151 3170 -1
675 2715 -1
529 2715 -1
565 2715 -1
675 2496 -1
675 2721 -1
675 2643 -1
514 1350 -1
514 1581 -1
2139 2807 -1
2163 2807 -1
2379 3411 -1
2417 3411 -1
2354 3411 -1
2379 3308 -1
2379 3363 -1
2379 3580 -1
2379 3405 -1
175 1898 -1
160 1898 -1
258 1898 -1
71 1898 -1
298 1898 -1
51 1898 -1
153 1898 -1
74 1898 -1
159 1898 -1
175 1938 -1
175 1996 -1
175 1815 -1
2180 3194 -1
2348 3194 -1
3027 3956 -1
3027 3721 -1
3027 3810 -1
3027 3947 -1
3027 3988 -1
3027 3726 -1
420 1174 -1
1000 3170 -1
1217 3170 -1
1000 2969 -1
1000 3178 -1
109 2744 -1
150 2744 -1
109 2453 -1
1902 3491 -1
1669 3491 -1
1959 3491 -1
2088 3131 -1
209 3847 -1
349 3847 -1
194 1016 -1
12 1016 -1
1838 2541 -1
1937 2541 -1
1980 2541 -1
1949 2541 -1
979 3755 -1
816 3393 -1
27 2280 -1
176 2280 -1
227 2280 -1
348 2280 -1
133 2280 -1
98 1877 -1
98 2017 -1
1953 3786 -1
1989 3786 -1
2030 3786 -1
1741 3786 -1
2379 3106 -1
2417 3106 -1
2354 3106 -1
2379 2832 -1
2379 2953 -1
2379 3135 -1
2379 3191 -1
2379 2945 -1
3592 3990 -1
3592 3924 -1
1108 1507 -1
962 1507 -1
1192 1507 -1
846 1507 -1
1235 1507 -1
942 1507 -1
1087 1507 -1
2944 3263 -1
2558 2991 -1
2558 3024 -1
916 1510 -1
849 1510 -1
1212 1510 -1
1157 1510 -1
893 1510 -1
1324 1861 -1
1387 1861 -1
1317 1861 -1
1461 1861 -1
1324 1761 -1
1324 1858 -1
1324 1906 -1
1324 1648 -1
1324 1905 -1
1324 1970 -1
1324 1948 -1
450 1639 -1
450 1835 -1
1611 3944 -1
1561 3944 -1
1442 3944 -1
1630 3944 -1
1471 3944 -1
1611 3971 -1
1611 3606 -1
1611 3711 -1
1001 3037 -1
1168 3037 -1
1219 3037 -1
1045 3037 -1
76 2302 -1
136 2302 -1
106 2302 -1
76 2378 -1
734 1906 -1
636 1906 -1
734 1954 -1
734 1861 -1
734 1858 -1
734 1999 -1
734 1905 -1
734 1970 -1
734 1948 -1
1523 2652 -1
1549 2652 -1
1278 2652 -1
1523 2656 -1
1523 2725 -1
1523 2570 -1
1523 2667 -1
1523 2605 -1
1523 2607 -1
1523 2676 -1
1523 2781 -1
107 753 -1
217 753 -1
346 753 -1
78 753 -1
107 537 -1
107 491 -1
107 509 -1
107 438 -1
59 1373 -1
121 1373 -1
33 1373 -1
59 1345 -1
59 1317 -1
59 1351 -1
59 1384 -1
59 1377 -1
59 1391 -1
59 1461 -1
59 1431 -1
