439 549 1
440 710 1
412 772 1
754 780 1
430 527 1
670 711 1
482 574 1
586 750 1
442 779 1
546 623 1
472 537 1
373 534 1
555 729 1
543 599 1
516 736 1
647 741 1
547 558 1
532 682 1
535 732 1
405 818 1
528 683 1
443 573 1
371 619 1
479 636 1
503 662 1
514 685 1
748 766 1
611 646 1
607 630 1
370 651 1
467 481 1
391 601 1
397 808 1
383 518 1
397 592 1
592 808 1
444 643 1
398 599 1
398 543 1
419 705 1
454 601 1
391 454 1
710 754 1
440 754 1
710 780 1
385 703 1
401 432 1
403 667 1
588 706 1
490 565 1
695 696 1
642 672 1
505 768 1
734 801 1
501 586 1
501 750 1
942 1141 1
987 1048 1
950 1074 1
1159 1189 1
1086 1182 1
927 1020 1
958 961 1
849 1199 1
851 1092 1
957 1154 1
829 1234 1
846 1195 1
1137 1204 1
1022 1176 1
876 1154 1
876 957 1
1006 1012 1
1046 1071 1
955 979 1
923 1149 1
1139 1192 1
1056 1115 1
969 999 1
871 1056 1
871 1115 1
900 951 1
1117 1225 1
868 922 1
1096 1131 1
973 1222 1
1149 1201 1
923 1201 1
932 1029 1
864 1123 1
928 1234 1
829 928 1
1162 1226 1
939 1051 1
1168 1170 1
1119 1173 1
969 1115 1
999 1115 1
969 1056 1
871 969 1
860 1144 1
834 1227 1
852 1174 1
897 1229 1
829 1096 1
928 1096 1
1096 1234 1
829 1131 1
1368 1458 1
1444 1628 1
1546 1592 1
1319 1485 1
1393 1529 1
1483 1588 1
1399 1605 1
1280 1554 1
1435 1475 1
1432 1497 1
1272 1332 1
1254 1470 1
1467 1555 1
1350 1501 1
1397 1505 1
1264 1449 1
1272 1461 1
1332 1461 1
1413 1482 1
1539 1610 1
1524 1626 1
1500 1534 1
1482 1629 1
1413 1629 1
1389 1509 1
1303 1580 1
1412 1441 1
1416 1533 1
1450 1458 1
1368 1450 1
1425 1554 1
1280 1425 1
1485 1567 1
1319 1567 1
1260 1362 1
1447 1519 1
1296 1378 1
1243 1548 1
1283 1359 1
1401 1564 1
1270 1389 1
1270 1509 1
1409 1545 1
1309 1608 1
1265 1587 1
1350 1400 1
1400 1501 1
1409 1525 1
1525 1545 1
1860 1966 1
1831 1889 1
1737 1979 1
1785 1947 1
1813 1888 1
1729 1995 1
1934 1965 1
1682 1783 1
2015 2029 1
1669 1819 1
1644 1699 1
1758 1790 1
1723 1991 1
1763 1919 1
1855 1954 1
1788 1836 1
1654 1764 1
1715 1754 1
1830 1994 1
1651 2043 1
1867 1988 1
1722 2020 1
1822 1979 1
1737 1822 1
1642 1970 1
1751 1923 1
1903 2016 1
1723 1879 1
1879 1991 1
1681 1831 1
1681 1889 1
1731 2019 1
1985 2053 1
1964 1982 1
1678 1923 1
1678 1751 1
1693 2002 1
1690 2020 1
1690 1722 1
1847 2055 1
1870 2043 1
1651 1870 1
1741 1823 1
1740 1964 1
1740 1982 1
1841 1850 1
1811 1967 1
1774 1797 1
1751 1984 1
1923 1984 1
1678 1984 1
1650 1693 1
1650 2002 1
2188 2293 1
2256 2322 1
2162 2309 1
2117 2235 1
2278 2371 1
2161 2386 1
2207 2220 1
2176 2360 1
2245 2303 1
2154 2288 1
2071 2090 1
2077 2410 1
2145 2220 1
2145 2207 1
2069 2312 1
2134 2419 1
2078 2148 1
2118 2330 1
2088 2248 1
2104 2155 1
2236 2375 1
2225 2301 1
2203 2329 1
2126 2379 1
2188 2199 1
2199 2293 1
2304 2370 1
2248 2389 1
2088 2389 1
2189 2411 1
2225 2379 1
2301 2379 1
2126 2225 1
2326 2387 1
2208 2310 1
2216 2374 1
2093 2355 1
2338 2389 1
2248 2338 1
2088 2338 1
2215 2330 1
2118 2215 1
2186 2400 1
2258 2424 1
2514 2753 1
2432 2655 1
2565 2766 1
2476 2593 1
2460 2687 1
2491 2667 1
2491 2612 1
2612 2667 1
2519 2678 1
2665 2701 1
2599 2764 1
2674 2716 1
2533 2610 1
2569 2698 1
2486 2793 1
2489 2693 1
2545 2726 1
2558 2697 1
2586 2737 1
2589 2697 1
2558 2589 1
2589 2611 1
2611 2697 1
2558 2611 1
2436 2582 1
2531 2546 1
2593 2688 1
2476 2688 1
2544 2690 1
2449 2609 1
2578 2583 1
2447 2718 1
2495 2761 1
2499 2640 1
2488 2682 1
2751 2773 1
2470 2726 1
2470 2545 1
2567 2578 1
2567 2583 1
2555 2687 1
2460 2555 1
2721 2727 1
2427 2678 1
2427 2519 1
2543 2762 1
2682 2736 1
2488 2736 1
3160 3212 1
3101 3101 1
2946 3022 1
2957 3156 1
3103 3118 1
2838 2893 1
2882 3198 1
2964 3070 1
2974 3101 1
2865 2876 1
2845 2932 1
3071 3224 1
3045 3145 1
2896 3217 1
2996 3152 1
2928 2981 1
2863 2872 1
2875 2988 1
2925 3112 1
2847 2885 1
2887 3086 1
3194 3195 1
2945 2980 1
2996 3086 1
3086 3152 1
2887 2996 1
2835 3186 1
2876 2885 1
2865 2885 1
2847 2876 1
2905 3042 1
3047 3060 1
3138 3183 1
3062 3068 1
2816 2821 1
3174 3220 1
2966 3084 1
2919 3193 1
2818 2833 1
2824 3101 1
2824 2974 1
3087 3216 1
3138 3174 1
3174 3183 1
3138 3220 1
3128 3129 1
2888 3022 1
2888 2946 1
3157 3224 1
3071 3157 1
2890 3206 1
2988 3207 1
2875 3207 1
3236 3257 1
3261 3298 1
3465 3537 1
3327 3378 1
3304 3324 1
3486 3590 1
3413 3502 1
3350 3445 1
3433 3437 1
3242 3478 1
3334 3523 1
3327 3351 1
3351 3378 1
3518 3576 1
3422 3563 1
3370 3497 1
3367 3406 1
3286 3392 1
3333 3535 1
3293 3593 1
3271 3460 1
3339 3512 1
3443 3547 1
3433 3506 1
3437 3506 1
3309 3520 1
3394 3444 1
3458 3473 1
3250 3287 1
3374 3545 1
3306 3389 1
3338 3353 1
3390 3546 1
3289 3526 1
3372 3553 1
3236 3272 1
3257 3272 1
3351 3554 1
3378 3554 1
3327 3554 1
3274 3375 1
3272 3317 1
3257 3317 1
3236 3317 1
3526 3538 1
3289 3538 1
3611 3900 1
3757 3963 1
3636 3726 1
3661 3758 1
3759 3869 1
3625 3874 1
3621 3832 1
3776 3787 1
3779 3801 1
3606 3768 1
3810 3912 1
3848 3968 1
3622 3687 1
3658 3753 1
3702 3771 1
3670 3680 1
3728 3819 1
3734 3752 1
3791 3939 1
3784 3878 1
3656 3959 1
3817 3950 1
3629 3817 1
3629 3950 1
3601 3846 1
3625 3988 1
3874 3988 1
3755 3843 1
3681 3906 1
3864 3896 1
3895 3960 1
3660 3908 1
3655 3906 1
3655 3681 1
3894 3964 1
3662 3710 1
3705 3857 1
3609 3614 1
3715 3918 1
3701 3953 1
3748 3847 1
3624 3960 1
3624 3895 1
3753 3910 1
3658 3910 1
3617 3694 1
3949 3962 1
3672 3893 1
3896 3997 1
3864 3997 1
160 171 1
106 299 1
151 243 1
150 202 1
186 193 1
93 321 1
209 306 1
161 323 1
27 306 1
27 209 1
14 21 1
18 48 1
255 326 1
132 283 1
18 218 1
48 218 1
285 317 1
256 323 1
161 256 1
107 261 1
66 363 1
148 362 1
46 49 1
145 208 1
204 237 1
75 227 1
264 311 1
24 330 1
125 345 1
31 199 1
155 218 1
48 155 1
18 155 1
64 239 1
245 289 1
64 285 1
239 285 1
64 317 1
201 268 1
3 98 1
214 270 1
12 306 1
12 209 1
12 27 1
153 266 1
132 1333 -1
283 1333 -1
1554 3171 -1
1280 3171 -1
1425 3171 -1
1240 3207 -1
1240 2875 -1
1240 2988 -1
1540 2489 -1
1540 2693 -1
1591 3018 -1
746 1481 -1
740 951 -1
740 900 -1
250 3817 -1
250 3629 -1
250 3950 -1
1628 1892 -1
1444 1892 -1
1116 3941 -1
476 1256 -1
190 2456 -1
624 3404 -1
1954 3739 -1
1855 3739 -1
313 633 -1
1931 3564 -1
1411 2512 -1
1429 3212 -1
1429 3160 -1
2243 2897 -1
557 1222 -1
557 973 -1
10 2270 -1
1997 3057 -1
1294 1928 -1
1325 1792 -1
2410 2657 -1
2077 2657 -1
2301 3341 -1
2225 3341 -1
2379 3341 -1
474 1372 -1
1352 3391 -1
521 3467 -1
504 3558 -1
603 3611 -1
603 3900 -1
1807 3745 -1
1781 3325 -1
1018 3110 -1
1765 2986 -1
16 739 -1
2650 2840 -1
2863 3585 -1
2872 3585 -1
755 2392 -1
783 1839 -1
3005 3989 -1
2403 3600 -1
119 1749 -1
589 1816 -1
1867 3247 -1
1988 3247 -1
3146 3696 -1
1358 3970 -1
3373 3678 -1
1226 2879 -1
1162 2879 -1
2058 2393 -1
110 1812 -1
2022 2249 -1
1001 2809 -1
769 2575 -1
1547 2149 -1
72 2543 -1
72 2762 -1
712 3902 -1
1020 2401 -1
927 2401 -1
1100 3710 -1
1100 3662 -1
499 1364 -1
1221 3887 -1
1589 2611 -1
1589 2697 -1
1589 2589 -1
1589 2558 -1
69 1592 -1
69 1546 -1
834 3243 -1
1227 3243 -1
1837 2854 -1
654 2311 -1
2798 3735 -1
1342 2084 -1
915 2436 -1
915 2582 -1
2246 3579 -1
761 3034 -1
911 1463 -1
439 3148 -1
549 3148 -1
2212 3499 -1
405 3232 -1
818 3232 -1
1128 3214 -1
943 3822 -1
170 1861 -1
686 1345 -1
2371 3068 -1
2278 3068 -1
2371 3062 -1
2915 3501 -1
787 1119 -1
787 1173 -1
2646 3747 -1
2229 2890 -1
2229 3206 -1
1579 2198 -1
148 3838 -1
362 3838 -1
1134 1397 -1
1134 1505 -1
662 875 -1
503 875 -1
211 3783 -1
1885 2330 -1
1885 2118 -1
1885 2215 -1
576 1937 -1
60 1154 -1
60 876 -1
60 957 -1
1953 3598 -1
2068 3930 -1
1115 3806 -1
1056 3806 -1
969 3806 -1
999 3806 -1
871 3806 -1
159 2477 -1
1201 1361 -1
923 1361 -1
1149 1361 -1
153 3520 -1
266 3520 -1
153 3309 -1
2950 3558 -1
1707 2504 -1
318 1471 -1
766 3683 -1
748 3683 -1
1795 2622 -1
873 1896 -1
90 2168 -1
3126 3694 -1
3126 3617 -1
620 1019 -1
1105 1410 -1
946 3470 -1
1187 3783 -1
2154 2618 -1
2288 2618 -1
243 958 -1
151 958 -1
243 961 -1
2635 3777 -1
1799 3315 -1
3334 3780 -1
3523 3780 -1
294 2250 -1
2216 3699 -1
2374 3699 -1
942 2976 -1
1141 2976 -1
1534 1927 -1
1500 1927 -1
326 3616 -1
255 3616 -1
422 1641 -1
1624 3918 -1
1624 3715 -1
2544 3572 -1
2690 3572 -1
418 1214 -1
534 3963 -1
373 3963 -1
534 3757 -1
793 2548 -1
1677 2690 -1
1677 2544 -1
228 1224 -1
941 1708 -1
354 2559 -1
1605 2647 -1
1399 2647 -1
1605 2951 -1
1399 2951 -1
695 3844 -1
696 3844 -1
457 2948 -1
1565 2130 -1
515 1656 -1
1134 2803 -1
1569 3583 -1
554 2711 -1
887 2347 -1
1865 3948 -1
3157 3979 -1
3224 3979 -1
3071 3979 -1
1894 2659 -1
823 1382 -1
2952 3670 -1
2952 3680 -1
2604 3059 -1
2559 2885 -1
2559 2865 -1
2559 2876 -1
2559 2847 -1
2861 3445 -1
2861 3350 -1
3233 3935 -1
1517 3685 -1
308 1983 -1
1763 2066 -1
1919 2066 -1
1492 3869 -1
1492 3759 -1
354 2696 -1
1785 3750 -1
1947 3750 -1
740 1591 -1
3452 3837 -1
2908 3871 -1
1252 3292 -1
2158 3251 -1
842 3139 -1
794 2712 -1
418 2702 -1
863 1667 -1
3498 3839 -1
1519 3209 -1
1447 3209 -1
859 1684 -1
1447 2027 -1
1519 2027 -1
423 2421 -1
1953 3125 -1
666 3716 -1
1114 3272 -1
1114 3257 -1
1114 3236 -1
1114 3317 -1
1062 2336 -1
1743 3117 -1
1344 3481 -1
800 3358 -1
1323 2806 -1
1310 2692 -1
428 1829 -1
902 1593 -1
2441 3246 -1
897 3152 -1
1229 3152 -1
897 2996 -1
897 3086 -1
691 2535 -1
2483 3492 -1
2897 3539 -1
1771 3470 -1
30 1398 -1
854 1379 -1
2598 3123 -1
848 3942 -1
1690 2092 -1
1722 2092 -1
2020 2092 -1
2500 2854 -1
1104 2858 -1
241 2572 -1
550 3515 -1
2190 3361 -1
614 1358 -1
2796 3580 -1
1645 2668 -1
2402 3843 -1
2402 3755 -1
2432 3235 -1
2655 3235 -1
531 1830 -1
531 1994 -1
699 3750 -1
241 3566 -1
756 3029 -1
3363 3885 -1
202 598 -1
150 598 -1
305 2196 -1
1280 2114 -1
1425 2114 -1
1554 2114 -1
830 3426 -1
1248 3856 -1
1353 2050 -1
1994 3714 -1
1830 3714 -1
55 2036 -1
723 3505 -1
959 2946 -1
959 2888 -1
959 3022 -1
508 1034 -1
802 2088 -1
802 2248 -1
802 2338 -1
802 2389 -1
1542 3593 -1
1542 3293 -1
1279 3324 -1
1279 3304 -1
274 3085 -1
714 3453 -1
325 924 -1
3187 3673 -1
964 3035 -1
958 2584 -1
961 2584 -1
3236 3863 -1
3272 3863 -1
3257 3863 -1
3317 3863 -1
1681 2927 -1
1889 2927 -1
1831 2927 -1
739 1388 -1
343 1731 -1
343 2019 -1
2215 3906 -1
2330 3906 -1
2118 3906 -1
2215 3681 -1
2215 3655 -1
1858 2666 -1
36 473 -1
1885 3319 -1
1719 2928 -1
1719 2981 -1
203 3646 -1
1303 2439 -1
1580 2439 -1
151 1557 -1
243 1557 -1
1680 2156 -1
444 2941 -1
643 2941 -1
1339 2571 -1
880 3369 -1
279 2055 -1
279 1847 -1
1006 2941 -1
1012 2941 -1
2361 3254 -1
459 1130 -1
1344 2850 -1
2219 3431 -1
2065 2771 -1
96 916 -1
1961 3715 -1
1961 3918 -1
1859 3192 -1
1501 2673 -1
1400 2673 -1
1350 2673 -1
689 3475 -1
2390 3563 -1
2390 3422 -1
1427 1991 -1
1427 1723 -1
1427 1879 -1
1115 2064 -1
1056 2064 -1
969 2064 -1
999 2064 -1
871 2064 -1
1399 3694 -1
1605 3694 -1
1399 3617 -1
2709 3563 -1
2709 3422 -1
267 1200 -1
1716 3439 -1
800 2311 -1
667 3412 -1
403 3412 -1
1114 2736 -1
1114 2488 -1
1114 2682 -1
2951 3688 -1
1257 1687 -1
602 2832 -1
639 2762 -1
639 2543 -1
1372 1805 -1
3381 3852 -1
528 2373 -1
683 2373 -1
1627 2116 -1
1083 3222 -1
1623 2342 -1
2652 3211 -1
2205 2898 -1
2579 2812 -1
883 1420 -1
1177 2004 -1
2143 3013 -1
7 1597 -1
314 3025 -1
2503 3572 -1
3130 3828 -1
2798 3313 -1
801 3350 -1
734 3350 -1
801 3445 -1
1476 3838 -1
354 3767 -1
1262 1806 -1
441 2877 -1
2702 3471 -1
452 1945 -1
1614 2055 -1
1614 1847 -1
400 2497 -1
158 3360 -1
1012 3013 -1
1006 3013 -1
172 1471 -1
683 3420 -1
528 3420 -1
85 2944 -1
2343 3683 -1
1664 2431 -1
150 2162 -1
202 2162 -1
150 2309 -1
2891 3259 -1
1260 3338 -1
1362 3338 -1
1260 3353 -1
45 2263 -1
879 3145 -1
879 3045 -1
400 2414 -1
2142 2857 -1
1650 2096 -1
2002 2096 -1
1693 2096 -1
482 1619 -1
574 1619 -1
616 1566 -1
2684 3482 -1
1767 3148 -1
693 2116 -1
2450 3938 -1
713 2799 -1
964 2469 -1
276 3027 -1
600 3010 -1
2197 3058 -1
2635 3899 -1
3583 3973 -1
853 3947 -1
223 1471 -1
518 2647 -1
383 2647 -1
2660 2815 -1
2414 2559 -1
724 2144 -1
909 1351 -1
1255 3446 -1
539 2908 -1
669 3606 -1
669 3768 -1
662 2196 -1
503 2196 -1
1866 3336 -1
3072 3508 -1
925 2741 -1
1059 2640 -1
1059 2499 -1
121 1716 -1
2946 3624 -1
2888 3624 -1
3022 3624 -1
2946 3960 -1
2946 3895 -1
1445 1758 -1
1445 1790 -1
2372 3177 -1
