500 678 1
517 710 1
615 773 1
769 784 1
544 765 1
730 802 1
535 616 1
629 808 1
514 735 1
611 786 1
414 769 1
414 784 1
462 542 1
455 497 1
434 649 1
498 575 1
714 715 1
634 677 1
427 467 1
413 558 1
712 749 1
512 525 1
698 771 1
441 451 1
673 795 1
399 729 1
573 763 1
421 550 1
443 489 1
556 806 1
405 592 1
446 567 1
396 576 1
488 640 1
506 691 1
681 759 1
386 391 1
589 789 1
649 748 1
434 748 1
473 579 1
436 478 1
446 520 1
520 567 1
661 802 1
661 730 1
625 699 1
515 756 1
567 718 1
520 718 1
446 718 1
498 545 1
545 575 1
705 718 1
520 705 1
446 705 1
567 705 1
893 1205 1
832 978 1
842 1197 1
830 1035 1
920 1186 1
822 1065 1
1130 1178 1
835 1011 1
1029 1128 1
914 1117 1
883 919 1
892 1147 1
1112 1158 1
880 1088 1
1002 1136 1
953 1052 1
1074 1150 1
1065 1068 1
822 1068 1
827 929 1
828 986 1
926 954 1
954 993 1
926 993 1
1061 1194 1
1128 1203 1
1029 1203 1
1011 1181 1
835 1181 1
891 1052 1
891 953 1
1090 1126 1
1121 1160 1
1076 1160 1
1076 1121 1
935 1201 1
927 938 1
1065 1069 1
1068 1069 1
822 1069 1
1009 1211 1
1090 1234 1
1126 1234 1
1059 1165 1
1122 1141 1
997 1152 1
957 1033 1
948 971 1
851 1228 1
1017 1176 1
880 1174 1
1088 1174 1
1378 1602 1
1493 1591 1
1297 1409 1
1418 1496 1
1463 1538 1
1477 1523 1
1550 1574 1
1245 1552 1
1237 1391 1
1371 1429 1
1454 1619 1
1466 1580 1
1264 1478 1
1323 1395 1
1495 1575 1
1592 1610 1
1431 1601 1
1370 1499 1
1481 1621 1
1389 1392 1
1340 1560 1
1299 1321 1
1612 1632 1
1409 1477 1
1297 1477 1
1409 1523 1
1290 1485 1
1364 1527 1
1446 1455 1
1459 1509 1
1302 1563 1
1329 1429 1
1329 1371 1
1245 1441 1
1441 1552 1
1260 1610 1
1260 1592 1
1379 1426 1
1397 1540 1
1419 1424 1
1441 1632 1
1552 1632 1
1245 1632 1
1441 1612 1
1343 1571 1
1399 1434 1
1262 1561 1
1374 1410 1
1245 1476 1
1476 1552 1
1441 1476 1
1476 1632 1
1757 1763 1
1874 1962 1
1794 1937 1
1785 1903 1
1707 2038 1
1719 1874 1
1719 1962 1
1658 1685 1
1835 1984 1
2002 2022 1
1868 1871 1
1672 1874 1
1672 1962 1
1672 1719 1
1687 1990 1
1781 1795 1
1720 1970 1
1668 2059 1
1669 1911 1
1647 1849 1
1826 1908 1
1670 1863 1
1799 1833 1
1746 1995 1
1644 2030 1
1953 2028 1
1730 1830 1
2011 2059 1
1668 2011 1
1788 1892 1
1654 1928 1
1689 1766 1
1711 1833 1
1711 1799 1
1678 1924 1
1771 1856 1
1785 1982 1
1903 1982 1
1682 1817 1
1851 2030 1
1644 1851 1
1648 1663 1
1655 1667 1
1676 2006 1
1693 2033 1
1756 1960 1
1891 1894 1
1925 2021 1
1743 1930 1
1687 1782 1
1782 1990 1
1698 1776 1
1789 1957 1
2369 2394 1
2154 2172 1
2132 2144 1
2173 2390 1
2228 2356 1
2159 2322 1
2100 2176 1
2082 2366 1
2175 2403 1
2194 2373 1
2166 2410 1
2189 2265 1
2068 2245 1
2267 2412 1
2336 2368 1
2078 2078 1
2242 2404 1
2218 2327 1
2069 2331 1
2119 2218 1
2119 2327 1
2373 2414 1
2194 2414 1
2291 2313 1
2196 2306 1
2268 2357 1
2155 2383 1
2185 2268 1
2185 2357 1
2208 2298 1
2178 2391 1
2079 2288 1
2169 2390 1
2169 2173 1
2263 2418 1
2169 2335 1
2173 2335 1
2335 2390 1
2103 2303 1
2238 2375 1
2129 2194 1
2129 2373 1
2129 2414 1
2202 2291 1
2202 2313 1
2639 2708 1
2668 2752 1
2513 2523 1
2518 2600 1
2573 2763 1
2516 2645 1
2430 2678 1
2709 2725 1
2523 2663 1
2513 2663 1
2543 2729 1
2680 2749 1
2541 2554 1
2499 2763 1
2499 2573 1
2538 2689 1
2524 2580 1
2500 2754 1
2528 2724 1
2462 2591 1
2451 2501 1
2682 2750 1
2465 2644 1
2478 2652 1
2502 2754 1
2500 2502 1
2530 2605 1
2528 2624 1
2624 2724 1
2701 2705 1
2537 2557 1
2435 2706 1
2670 2686 1
2564 2770 1
2653 2782 1
2723 2747 1
2655 2775 1
2641 2749 1
2641 2680 1
2551 2604 1
2537 2559 1
2557 2559 1
2581 2784 1
2649 2657 1
2538 2538 1
2517 2547 1
2464 2753 1
3011 3211 1
2999 3144 1
2881 3155 1
2855 2887 1
3118 3126 1
2994 3161 1
2958 3209 1
3095 3229 1
2909 3201 1
2976 3187 1
3194 3220 1
2993 3221 1
3016 3181 1
2883 3050 1
2868 3176 1
2908 2947 1
2816 3102 1
3161 3185 1
2994 3185 1
3032 3097 1
2953 3109 1
3064 3084 1
3047 3112 1
2805 2809 1
3174 3191 1
2824 2976 1
2824 3187 1
3135 3200 1
2811 2978 1
2833 3214 1
2987 3094 1
3083 3177 1
2918 3010 1
3010 3194 1
2918 3194 1
3010 3220 1
2963 3135 1
2963 3200 1
2857 3107 1
3078 3098 1
2895 3055 1
2922 3024 1
3020 3099 1
3086 3117 1
2807 3093 1
2909 3017 1
3017 3201 1
3094 3096 1
2987 3096 1
3053 3121 1
2856 3077 1
2815 3179 1
2873 3212 1
3236 3566 1
3331 3471 1
3354 3505 1
3350 3505 1
3350 3354 1
3390 3528 1
3305 3496 1
3307 3352 1
3232 3565 1
3468 3527 1
3349 3502 1
3268 3434 1
3273 3391 1
3457 3576 1
3483 3555 1
3413 3517 1
3281 3486 1
3259 3275 1
3288 3553 1
3279 3415 1
3381 3410 1
3276 3411 1
3268 3578 1
3434 3578 1
3301 3516 1
3325 3586 1
3334 3455 1
3296 3468 1
3296 3527 1
3300 3562 1
3232 3434 1
3434 3565 1
3232 3578 1
3232 3268 1
3242 3553 1
3242 3288 1
3470 3537 1
3405 3490 1
3285 3484 1
3243 3353 1
3549 3558 1
3269 3581 1
3388 3546 1
3280 3591 1
3261 3561 1
3600 3749 1
3681 3722 1
3729 3943 1
3709 3792 1
3625 3931 1
3763 3921 1
3659 3714 1
3780 3942 1
3663 3912 1
3638 3911 1
3649 3835 1
3626 3835 1
3626 3649 1
3682 3890 1
3868 3963 1
3669 3671 1
3877 3895 1
3808 3922 1
3839 3980 1
3739 3803 1
3601 3879 1
3668 3978 1
3877 3899 1
3895 3899 1
3654 3948 1
3620 3729 1
3620 3943 1
3714 3879 1
3659 3879 1
3601 3714 1
3827 3984 1
3704 3814 1
3812 3925 1
3898 3962 1
3717 3993 1
3761 3893 1
3671 3989 1
3669 3989 1
3658 3916 1
3600 3888 1
3749 3888 1
3720 3824 1
3772 3852 1
3698 3803 1
3698 3739 1
3840 3942 1
3780 3840 1
3707 3854 1
3844 3979 1
3626 3920 1
3649 3920 1
3835 3920 1
104 314 1
129 358 1
102 225 1
245 279 1
25 174 1
2 246 1
112 287 1
115 256 1
136 269 1
25 26 1
26 174 1
117 241 1
341 348 1
160 340 1
113 267 1
316 355 1
93 117 1
93 241 1
224 326 1
183 290 1
165 180 1
23 124 1
204 341 1
204 348 1
35 228 1
174 320 1
25 320 1
26 320 1
133 314 1
104 133 1
227 257 1
134 326 1
134 224 1
227 313 1
257 313 1
230 333 1
175 199 1
7 362 1
110 210 1
294 294 1
140 300 1
81 169 1
11 220 1
217 230 1
217 333 1
1703 3147 -1
1048 3667 -1
135 3587 -1
0 591 -1
1198 2203 -1
1213 3415 -1
1213 3279 -1
959 2868 -1
959 3176 -1
132 1987 -1
303 889 -1
1610 3024 -1
1592 3024 -1
1260 3024 -1
1610 2922 -1
410 2934 -1
2629 3215 -1
766 2348 -1
2473 3887 -1
194 1583 -1
144 480 -1
2372 3630 -1
1637 2958 -1
1637 3209 -1
319 3669 -1
319 3989 -1
319 3671 -1
2363 3194 -1
2363 3010 -1
2363 3220 -1
2363 2918 -1
1470 3469 -1
98 2040 -1
1986 2711 -1
934 3831 -1
1547 3551 -1
1666 3305 -1
1666 3496 -1
2777 3128 -1
1218 3241 -1
840 3583 -1
1932 2178 -1
1932 2391 -1
52 1356 -1
1087 3001 -1
3280 3689 -1
3591 3689 -1
1994 2850 -1
172 1992 -1
685 1592 -1
685 1610 -1
685 1260 -1
3218 3293 -1
551 3806 -1
655 3905 -1
912 3974 -1
951 3781 -1
273 3774 -1
958 3327 -1
2382 3525 -1
2623 3170 -1
2009 2673 -1
1420 2924 -1
869 2552 -1
2033 2822 -1
1693 2822 -1
454 1575 -1
454 1495 -1
1078 2885 -1
1854 3945 -1
397 2002 -1
397 2022 -1
200 2934 -1
1589 2146 -1
1669 3491 -1
1911 3491 -1
1867 2239 -1
365 468 -1
235 1699 -1
390 1822 -1
657 2504 -1
2371 3513 -1
1153 1701 -1
567 3840 -1
520 3840 -1
705 3840 -1
718 3840 -1
446 3840 -1
567 3780 -1
567 3942 -1
305 401 -1
568 3243 -1
568 3353 -1
1419 1686 -1
1424 1686 -1
1614 2594 -1
527 847 -1
1624 1702 -1
1134 2946 -1
1007 1584 -1
428 3215 -1
2303 3414 -1
2103 3414 -1
2993 3976 -1
3221 3976 -1
189 1300 -1
2969 3834 -1
2437 3373 -1
468 2312 -1
849 3328 -1
568 1789 -1
568 1957 -1
328 3065 -1
235 3093 -1
235 2807 -1
1613 3329 -1
2616 3147 -1
11 2106 -1
220 2106 -1
68 2921 -1
119 2125 -1
1307 3810 -1
1178 1743 -1
1130 1743 -1
1178 1930 -1
1793 2946 -1
1759 3986 -1
800 2478 -1
800 2652 -1
1353 3916 -1
1353 3658 -1
90 1540 -1
90 1397 -1
1886 3184 -1
462 2654 -1
542 2654 -1
695 1601 -1
695 1431 -1
2251 3831 -1
38 557 -1
1424 2257 -1
1419 2257 -1
213 586 -1
1782 2407 -1
1990 2407 -1
1687 2407 -1
2223 3613 -1
1555 2174 -1
2575 3432 -1
888 3875 -1
2577 2812 -1
1045 3648 -1
466 3292 -1
517 999 -1
710 999 -1
984 1748 -1
278 3893 -1
278 3761 -1
1237 2544 -1
1391 2544 -1
638 1899 -1
3126 3577 -1
3118 3577 -1
1449 3534 -1
2855 3429 -1
2887 3429 -1
159 3908 -1
583 1005 -1
1172 2750 -1
1172 2682 -1
303 2360 -1
2390 2776 -1
2169 2776 -1
2173 2776 -1
2335 2776 -1
737 1180 -1
2054 3175 -1
2789 3305 -1
2789 3496 -1
781 912 -1
1224 1321 -1
1224 1299 -1
653 1852 -1
530 1715 -1
862 3050 -1
862 2883 -1
450 1935 -1
1506 2220 -1
2208 2876 -1
2298 2876 -1
923 2130 -1
2458 3091 -1
2721 3390 -1
2721 3528 -1
1043 3409 -1
492 1432 -1
1531 1699 -1
1909 3227 -1
1073 2537 -1
1073 2557 -1
1073 2559 -1
2138 3228 -1
1136 3714 -1
1002 3714 -1
1136 3601 -1
1136 3659 -1
1136 3879 -1
1297 2998 -1
1409 2998 -1
1477 2998 -1
2753 3007 -1
2464 3007 -1
710 3691 -1
517 3691 -1
2047 2827 -1
2069 3304 -1
2331 3304 -1
1150 2790 -1
1074 2790 -1
2110 3742 -1
2086 3905 -1
232 2966 -1
506 2349 -1
691 2349 -1
1962 2733 -1
1672 2733 -1
1874 2733 -1
1719 2733 -1
1827 2157 -1
978 1829 -1
832 1829 -1
619 3051 -1
665 3832 -1
297 1582 -1
2119 2760 -1
2218 2760 -1
2327 2760 -1
3532 3765 -1
1665 2792 -1
1013 2090 -1
391 866 -1
386 866 -1
2108 2912 -1
854 1438 -1
101 2423 -1
1948 2200 -1
526 3988 -1
1378 3780 -1
1602 3780 -1
1378 3840 -1
1378 3942 -1
2982 3890 -1
2982 3682 -1
1753 3981 -1
473 2884 -1
579 2884 -1
1545 1985 -1
71 2765 -1
2143 3810 -1
2295 3987 -1
1807 3688 -1
1747 3766 -1
1786 2534 -1
950 1711 -1
950 1833 -1
950 1799 -1
2665 3018 -1
2803 3902 -1
1092 3972 -1
2010 2326 -1
789 2484 -1
589 2484 -1
2034 3292 -1
896 3545 -1
1159 1580 -1
1159 1466 -1
1035 2115 -1
830 2115 -1
798 3961 -1
1703 3601 -1
1703 3714 -1
1703 3879 -1
232 2613 -1
428 3156 -1
1273 2372 -1
1370 2446 -1
1499 2446 -1
37 3020 -1
37 3099 -1
1833 3024 -1
1711 3024 -1
1799 3024 -1
1833 2922 -1
3148 3817 -1
2023 3922 -1
2023 3808 -1
238 1046 -1
621 3784 -1
935 2089 -1
1201 2089 -1
726 2768 -1
438 2469 -1
1957 3693 -1
1789 3693 -1
2084 2794 -1
1156 3775 -1
134 3614 -1
224 3614 -1
326 3614 -1
2118 2582 -1
1249 1825 -1
1069 1358 -1
1065 1358 -1
1068 1358 -1
822 1358 -1
661 2722 -1
802 2722 -1
730 2722 -1
3131 3704 -1
3131 3814 -1
1973 3407 -1
2063 2462 -1
2063 2591 -1
1738 3153 -1
550 2164 -1
421 2164 -1
626 3659 -1
626 3714 -1
626 3879 -1
3088 3960 -1
442 3895 -1
442 3899 -1
442 3877 -1
3572 3641 -1
136 3888 -1
269 3888 -1
136 3600 -1
136 3749 -1
771 2075 -1
698 2075 -1
784 2343 -1
769 2343 -1
414 2343 -1
516 1634 -1
2615 3913 -1
236 2083 -1
2303 3582 -1
2103 3582 -1
1448 2566 -1
808 3408 -1
629 3408 -1
2203 2694 -1
2268 3284 -1
2185 3284 -1
2357 3284 -1
732 935 -1
732 1201 -1
395 2996 -1
2846 3253 -1
674 1850 -1
3133 3884 -1
2030 2944 -1
1851 2944 -1
1644 2944 -1
1558 3596 -1
621 2604 -1
621 2551 -1
376 1279 -1
242 2722 -1
2314 2427 -1
2634 3731 -1
143 1450 -1
3463 3995 -1
3063 3262 -1
82 1434 -1
82 1399 -1
611 1092 -1
786 1092 -1
153 3134 -1
3415 3597 -1
3279 3597 -1
1104 3699 -1
1954 3795 -1
739 3558 -1
739 3549 -1
2624 3927 -1
2528 3927 -1
2724 3927 -1
2505 3701 -1
1550 3646 -1
1574 3646 -1
112 1397 -1
287 1397 -1
112 1540 -1
464 2741 -1
1411 2834 -1
965 1993 -1
723 3474 -1
405 910 -1
592 910 -1
116 2671 -1
1984 3777 -1
1835 3777 -1
2242 2656 -1
2404 2656 -1
196 1059 -1
196 1165 -1
329 1570 -1
294 1691 -1
2457 2972 -1
2062 3002 -1
719 1529 -1
459 3051 -1
575 3792 -1
545 3792 -1
498 3792 -1
575 3709 -1
1877 2601 -1
247 1635 -1
2271 3972 -1
617 2790 -1
1864 3553 -1
1864 3288 -1
1864 3242 -1
862 2945 -1
967 1821 -1
1022 1596 -1
498 3637 -1
545 3637 -1
575 3637 -1
2880 3454 -1
1467 2648 -1
185 2999 -1
185 3144 -1
1599 3319 -1
1723 2166 -1
1723 2410 -1
509 2857 -1
509 3107 -1
272 1951 -1
543 1856 -1
543 1771 -1
605 2460 -1
1213 3778 -1
1759 2331 -1
1759 2069 -1
2391 3316 -1
2178 3316 -1
1970 3838 -1
1720 3838 -1
393 1910 -1
402 3252 -1
3207 3382 -1
689 2252 -1
940 3182 -1
725 3663 -1
725 3912 -1
2989 3247 -1
46 3975 -1
16 820 -1
2511 3283 -1
1422 3919 -1
2679 3023 -1
47 1959 -1
119 3379 -1
2676 3405 -1
2676 3490 -1
1592 2306 -1
1610 2306 -1
1260 2306 -1
1592 2196 -1
1131 2527 -1
142 3365 -1
1814 2317 -1
1161 2504 -1
1767 2085 -1
1568 2578 -1
918 3292 -1
384 3619 -1
340 1655 -1
160 1655 -1
340 1667 -1
1103 2865 -1
2097 3819 -1
1103 1481 -1
1103 1621 -1
266 2555 -1
574 3250 -1
196 1719 -1
196 1672 -1
196 1874 -1
196 1962 -1
2038 3729 -1
1707 3729 -1
2038 3620 -1
2038 3943 -1
3233 3633 -1
187 2878 -1
3300 3898 -1
3562 3898 -1
3300 3962 -1
