542 766 1
595 787 1
663 673 1
424 576 1
497 650 1
426 518 1
498 517 1
379 809 1
454 585 1
408 490 1
368 705 1
383 494 1
721 756 1
458 479 1
422 695 1
556 785 1
557 604 1
375 678 1
368 819 1
705 819 1
507 767 1
554 748 1
559 705 1
368 559 1
559 819 1
496 520 1
382 804 1
393 778 1
444 610 1
738 748 1
554 738 1
602 770 1
670 718 1
397 793 1
661 680 1
425 592 1
450 622 1
690 802 1
498 743 1
517 743 1
666 770 1
602 666 1
507 743 1
743 767 1
498 507 1
507 517 1
414 539 1
469 731 1
506 648 1
531 542 1
531 766 1
449 738 1
449 554 1
449 748 1
409 669 1
434 506 1
434 648 1
562 729 1
504 562 1
504 729 1
771 806 1
394 560 1
411 718 1
411 670 1
402 579 1
473 594 1
560 704 1
394 704 1
395 737 1
568 714 1
399 489 1
394 570 1
560 570 1
570 704 1
367 604 1
367 557 1
414 531 1
531 539 1
414 766 1
414 542 1
464 580 1
497 635 1
635 650 1
385 625 1
673 718 1
663 718 1
411 673 1
670 673 1
732 798 1
562 730 1
504 730 1
729 730 1
463 738 1
449 463 1
463 554 1
463 748 1
428 760 1
540 610 1
444 540 1
568 639 1
639 714 1
372 417 1
533 536 1
707 744 1
579 688 1
402 688 1
397 756 1
756 793 1
397 721 1
425 660 1
592 660 1
438 512 1
597 707 1
597 744 1
440 664 1
761 762 1
686 802 1
686 690 1
372 593 1
417 593 1
632 723 1
408 623 1
490 623 1
627 770 1
602 627 1
627 666 1
471 803 1
554 571 1
449 571 1
571 738 1
571 748 1
463 571 1
585 757 1
454 757 1
439 569 1
458 803 1
479 803 1
458 471 1
566 696 1
757 776 1
585 776 1
454 776 1
579 701 1
688 701 1
402 701 1
374 707 1
374 744 1
374 597 1
453 585 1
453 776 1
453 757 1
453 454 1
401 757 1
401 776 1
401 585 1
401 453 1
401 454 1
537 725 1
449 478 1
478 738 1
478 554 1
478 748 1
463 478 1
478 571 1
397 569 1
569 793 1
569 756 1
569 721 1
397 439 1
679 713 1
530 787 1
530 595 1
523 751 1
390 406 1
468 792 1
538 661 1
538 680 1
663 795 1
673 795 1
718 795 1
450 518 1
518 622 1
426 450 1
400 660 1
400 592 1
400 425 1
414 647 1
531 647 1
539 647 1
542 647 1
647 766 1
522 739 1
453 582 1
454 582 1
582 776 1
582 585 1
401 582 1
582 757 1
620 666 1
620 770 1
620 627 1
602 620 1
533 725 1
536 725 1
533 537 1
389 552 1
430 663 1
430 673 1
430 795 1
430 718 1
527 638 1
412 760 1
412 428 1
399 726 1
489 726 1
644 685 1
366 384 1
372 405 1
405 417 1
405 593 1
451 528 1
380 392 1
503 593 1
417 503 1
372 503 1
405 503 1
456 714 1
456 568 1
456 639 1
773 813 1
683 703 1
378 634 1
583 700 1
704 794 1
560 794 1
394 794 1
570 794 1
376 501 1
392 666 1
380 666 1
392 770 1
392 620 1
392 627 1
392 602 1
547 737 1
395 547 1
393 654 1
654 778 1
581 610 1
540 581 1
444 581 1
572 597 1
572 744 1
572 707 1
374 572 1
408 534 1
490 534 1
534 623 1
747 799 1
608 656 1
411 652 1
652 673 1
652 670 1
652 718 1
553 785 1
553 556 1
693 800 1
391 766 1
391 531 1
391 414 1
391 542 1
391 647 1
577 673 1
411 577 1
577 652 1
430 577 1
577 718 1
577 663 1
577 795 1
577 670 1
592 695 1
400 695 1
425 695 1
660 695 1
422 592 1
405 581 1
417 581 1
503 581 1
372 581 1
581 593 1
405 610 1
405 540 1
405 444 1
639 741 1
568 741 1
456 741 1
714 741 1
427 542 1
391 427 1
427 647 1
427 531 1
427 766 1
414 427 1
446 702 1
455 616 1
548 791 1
541 747 1
541 799 1
430 566 1
566 673 1
566 577 1
566 718 1
566 663 1
566 795 1
430 696 1
374 496 1
496 744 1
496 707 1
496 572 1
496 597 1
374 520 1
620 626 1
626 770 1
392 626 1
626 627 1
626 666 1
602 626 1
444 587 1
587 610 1
540 587 1
581 587 1
405 587 1
643 711 1
490 665 1
408 665 1
534 665 1
623 665 1
552 684 1
389 684 1
407 721 1
407 569 1
407 756 1
397 407 1
858 1079 1
901 988 1
891 1105 1
869 1054 1
920 976 1
823 1036 1
1007 1056 1
1094 1208 1
958 1092 1
976 1211 1
920 1211 1
1046 1220 1
964 1008 1
1059 1180 1
936 1076 1
1205 1236 1
962 1124 1
868 873 1
979 1159 1
866 1086 1
907 1011 1
1211 1220 1
976 1220 1
920 1220 1
1046 1211 1
826 1127 1
1170 1235 1
890 1112 1
1121 1134 1
1051 1089 1
1121 1136 1
1134 1136 1
1001 1076 1
936 1001 1
828 1000 1
865 1114 1
864 1137 1
1131 1216 1
839 982 1
852 874 1
877 1147 1
915 1138 1
938 1114 1
865 938 1
949 1190 1
1062 1165 1
862 1026 1
1034 1098 1
869 1192 1
1054 1192 1
1039 1106 1
1196 1232 1
900 926 1
825 877 1
825 1147 1
979 1017 1
1017 1159 1
875 890 1
875 1112 1
836 1031 1
884 1170 1
884 1235 1
1029 1188 1
1122 1215 1
1065 1147 1
825 1065 1
877 1065 1
864 1127 1
1127 1137 1
826 864 1
846 1033 1
858 1168 1
1079 1168 1
830 1022 1
846 1116 1
1033 1116 1
842 1065 1
825 842 1
842 1147 1
842 877 1
975 1024 1
1037 1042 1
953 1027 1
1119 1222 1
824 857 1
1063 1187 1
889 891 1
889 1105 1
1076 1130 1
936 1130 1
1001 1130 1
913 1049 1
946 1127 1
864 946 1
946 1137 1
826 946 1
1036 1041 1
823 1041 1
973 1236 1
973 1205 1
1033 1197 1
1116 1197 1
846 1197 1
1010 1207 1
829 990 1
942 1162 1
840 927 1
1025 1158 1
943 1037 1
943 1042 1
974 1176 1
1183 1203 1
910 911 1
845 941 1
921 1059 1
921 1180 1
837 995 1
958 1171 1
1092 1171 1
1015 1067 1
878 989 1
827 881 1
845 1179 1
941 1179 1
931 1015 1
931 1067 1
941 1019 1
1019 1179 1
845 1019 1
1026 1137 1
862 1137 1
864 1026 1
946 1026 1
1026 1127 1
937 1163 1
915 1080 1
1080 1138 1
918 1226 1
829 1166 1
990 1166 1
994 1126 1
967 1088 1
982 1052 1
839 1052 1
855 972 1
903 1155 1
955 1209 1
1136 1137 1
1121 1137 1
1134 1137 1
864 1136 1
1026 1136 1
1127 1136 1
946 1136 1
862 1136 1
1189 1205 1
1189 1236 1
973 1189 1
1064 1109 1
1023 1111 1
1104 1152 1
900 1123 1
926 1123 1
931 1201 1
1067 1201 1
1015 1201 1
906 1204 1
894 1173 1
907 1234 1
1011 1234 1
1013 1166 1
829 1013 1
990 1013 1
1070 1189 1
1070 1236 1
1070 1205 1
973 1070 1
878 1146 1
989 1146 1
1018 1179 1
1018 1019 1
845 1018 1
941 1018 1
901 989 1
988 989 1
901 1146 1
878 901 1
841 1010 1
841 1207 1
1088 1197 1
967 1197 1
1033 1088 1
1088 1116 1
846 1088 1
1001 1169 1
936 1169 1
1130 1169 1
1076 1169 1
868 968 1
873 968 1
911 1106 1
910 1106 1
911 1039 1
844 899 1
920 997 1
976 997 1
997 1211 1
997 1220 1
995 1173 1
837 1173 1
894 995 1
1179 1185 1
1018 1185 1
1019 1185 1
845 1185 1
941 1185 1
1022 1069 1
830 1069 1
982 1004 1
1004 1052 1
839 1004 1
989 1108 1
1108 1146 1
988 1108 1
901 1108 1
878 1108 1
867 960 1
922 1117 1
938 1091 1
865 1091 1
1091 1114 1
905 1004 1
905 1052 1
905 982 1
839 905 1
999 1072 1
847 1202 1
995 1090 1
837 1090 1
894 1090 1
1090 1173 1
827 1058 1
881 1058 1
850 1110 1
1014 1191 1
837 1112 1
1090 1112 1
995 1112 1
1112 1173 1
837 875 1
837 890 1
825 828 1
828 1065 1
828 842 1
828 1147 1
828 877 1
825 1000 1
998 1201 1
998 1067 1
931 998 1
998 1015 1
1016 1194 1
943 1122 1
1042 1122 1
1037 1122 1
943 1215 1
925 1139 1
1073 1084 1
1123 1133 1
900 1133 1
926 1133 1
1040 1122 1
1040 1042 1
943 1040 1
1037 1040 1
1040 1215 1
994 1193 1
1126 1193 1
922 1122 1
1117 1122 1
922 1037 1
922 943 1
922 1040 1
922 1042 1
922 1215 1
1022 1038 1
1038 1069 1
830 1038 1
905 1151 1
1052 1151 1
1004 1151 1
982 1151 1
839 1151 1
1049 1160 1
913 1160 1
855 1055 1
972 1055 1
872 1173 1
872 1090 1
872 995 1
837 872 1
872 1112 1
872 894 1
846 902 1
902 1088 1
902 1033 1
902 1116 1
902 1197 1
889 918 1
918 1105 1
891 918 1
889 1226 1
1414 1589 1
1288 1395 1
1297 1552 1
1388 1526 1
1344 1523 1
1245 1421 1
1284 1294 1
1464 1531 1
1441 1568 1
1566 1610 1
1250 1493 1
1453 1591 1
1393 1520 1
1385 1602 1
1410 1484 1
1268 1308 1
1501 1629 1
1369 1436 1
1412 1497 1
1297 1444 1
1444 1552 1
1338 1564 1
1467 1554 1
1254 1370 1
1451 1476 1
1343 1582 1
1296 1368 1
1339 1614 1
1551 1614 1
1339 1551 1
1244 1277 1
1387 1387 1
1274 1507 1
1293 1599 1
1438 1472 1
1284 1479 1
1294 1479 1
1257 1297 1
1257 1552 1
1257 1444 1
1404 1458 1
1260 1343 1
1260 1582 1
1343 1484 1
1260 1484 1
1484 1582 1
1343 1410 1
1259 1612 1
1238 1587 1
1548 1584 1
1521 1624 1
1399 1581 1
1348 1389 1
1495 1613 1
1404 1532 1
1458 1532 1
1409 1624 1
1409 1521 1
1417 1475 1
1367 1567 1
1355 1517 1
1244 1283 1
1277 1283 1
1242 1554 1
1242 1467 1
1476 1563 1
1451 1563 1
1318 1348 1
1318 1389 1
1413 1559 1
1255 1561 1
1415 1536 1
1291 1603 1
1258 1310 1
1305 1585 1
1245 1547 1
1421 1547 1
1398 1571 1
1491 1553 1
1370 1547 1
1254 1547 1
1245 1370 1
1370 1421 1
1458 1605 1
1532 1605 1
1404 1605 1
1419 1500 1
1581 1613 1
1399 1613 1
1495 1581 1
1525 1569 1
1397 1546 1
1406 1612 1
1259 1406 1
1551 1622 1
1339 1622 1
1614 1622 1
1247 1440 1
1257 1294 1
1294 1552 1
1294 1297 1
1294 1444 1
1257 1479 1
1257 1284 1
1387 1509 1
1383 1422 1
1524 1599 1
1293 1524 1
1316 1542 1
1449 1604 1
1341 1532 1
1341 1458 1
1341 1404 1
1341 1605 1
1388 1552 1
1526 1552 1
1388 1444 1
1257 1388 1
1294 1388 1
1297 1388 1
1320 1433 1
1262 1306 1
1312 1602 1
1312 1385 1
1523 1561 1
1344 1561 1
1255 1523 1
1342 1350 1
1238 1479 1
1479 1587 1
1238 1257 1
1238 1284 1
1238 1294 1
1309 1433 1
1309 1320 1
1303 1353 1
1345 1589 1
1345 1414 1
1413 1422 1
1422 1559 1
1383 1413 1
1307 1461 1
1462 1509 1
1387 1462 1
1275 1557 1
1324 1498 1
1373 1633 1
1490 1572 1
1432 1457 1
1363 1555 1
1263 1589 1
1263 1345 1
1263 1414 1
1456 1628 1
1522 1572 1
1490 1522 1
1514 1634 1
1237 1452 1
1276 1633 1
1276 1373 1
1400 1462 1
1387 1400 1
1400 1509 1
1252 1462 1
1252 1400 1
1252 1387 1
1252 1509 1
1364 1574 1
1460 1601 1
1298 1334 1
1383 1438 1
1413 1438 1
1422 1438 1
1383 1472 1
1359 1362 1
1469 1516 1
1425 1533 1
1287 1517 1
1287 1355 1
1411 1427 1
1276 1285 1
1285 1633 1
1285 1373 1
1275 1503 1
1503 1557 1
1324 1629 1
1498 1629 1
1324 1501 1
1526 1528 1
1528 1552 1
1388 1528 1
1541 1580 1
1486 1623 1
1286 1404 1
1286 1458 1
1286 1532 1
1286 1605 1
1286 1341 1
1377 1444 1
1257 1377 1
1377 1388 1
1294 1377 1
1377 1552 1
1297 1377 1
1255 1560 1
1560 1561 1
1523 1560 1
1404 1544 1
1544 1605 1
1286 1544 1
1458 1544 1
1532 1544 1
1341 1544 1
1407 1628 1
1407 1456 1
1442 1564 1
1338 1442 1
1317 1336 1
1343 1375 1
1375 1484 1
1375 1410 1
1260 1375 1
1375 1582 1
1418 1448 1
1279 1314 1
1426 1605 1
1286 1426 1
1426 1544 1
1426 1532 1
1426 1458 1
1404 1426 1
1341 1426 1
1373 1454 1
1454 1633 1
1276 1454 1
1285 1454 1
1313 1545 1
1347 1479 1
1284 1347 1
1257 1347 1
1294 1347 1
1347 1587 1
1238 1347 1
1316 1372 1
1372 1542 1
1239 1583 1
1282 1320 1
1282 1433 1
1282 1309 1
1277 1475 1
1283 1475 1
1244 1475 1
1277 1417 1
1469 1625 1
1516 1625 1
1267 1611 1
1286 1482 1
1482 1605 1
1482 1544 1
1404 1482 1
1426 1482 1
1458 1482 1
1482 1532 1
1341 1482 1
1415 1514 1
1514 1536 1
1415 1634 1
1323 1526 1
1323 1552 1
1323 1528 1
1323 1388 1
1543 1598 1
1280 1297 1
1280 1377 1
1280 1444 1
1257 1280 1
1280 1388 1
1280 1294 1
1280 1552 1
1342 1572 1
1350 1572 1
1342 1490 1
1342 1522 1
1284 1491 1
1347 1491 1
1479 1491 1
1257 1491 1
1294 1491 1
1238 1491 1
1284 1553 1
1415 1554 1
1536 1554 1
1514 1554 1
1554 1634 1
1242 1415 1
1415 1467 1
1275 1565 1
1557 1565 1
1503 1565 1
1947 2040 1
1768 1912 1
1792 1799 1
1812 2059 1
1787 1932 1
1767 2034 1
1760 1865 1
2004 2016 1
1657 1684 1
2006 2057 1
1883 1902 1
1883 1909 1
1902 1909 1
1774 1993 1
1777 1922 1
1946 1952 1
1958 1968 1
1812 1908 1
1908 2059 1
1707 1861 1
1831 1846 1
1699 1840 1
1995 2055 1
1963 1967 1
1812 1960 1
1960 2059 1
1908 1960 1
1652 1934 1
1637 1894 1
1713 1834 1
1881 2033 1
1697 1901 1
1785 2006 1
1785 2057 1
1913 1965 1
1684 1743 1
1657 1743 1
1649 1775 1
1647 1974 1
2005 2037 1
1954 2007 1
1698 1879 1
1665 1719 1
1957 1960 1
1908 1957 1
1957 2059 1
1812 1957 1
1801 2013 1
1810 1990 1
1735 1930 1
1643 1867 1
1800 1920 1
1864 1877 1
1788 1884 1
1797 1889 1
1876 1901 1
1697 1876 1
1681 1789 1
1917 2049 1
1646 1926 1
1851 2042 1
1664 1803 1
1800 1954 1
1920 1954 1
1800 2007 1
1929 1975 1
1667 2053 1
1711 1878 1
1967 2017 1
1963 2017 1
1697 1947 1
1876 1947 1
1901 1947 1
1697 2040 1
1739 1786 1
1746 2039 1
1695 1702 1
1642 1674 1
1704 1851 1
1704 2042 1
1802 2024 1
1712 1932 1
1712 1787 1
1716 1726 1
1727 2006 1
1727 2057 1
1727 1785 1
1837 1858 1
1842 1873 1
1756 1996 1
1934 1947 1
1652 1947 1
1697 1934 1
1901 1934 1
1876 1934 1
1934 2040 1
1945 2064 1
1942 2030 1
1665 1732 1
1719 1732 1
1811 1897 1
1663 1931 1
1910 1961 1
1797 2061 1
1889 2061 1
1658 2044 1
1660 1807 1
1681 1814 1
1789 1814 1
1814 2031 1
1681 2031 1
1789 2031 1
1677 1880 1
1666 1929 1
1666 1975 1
1810 2005 1
1990 2005 1
1810 2037 1
1771 2038 1
1696 1834 1
1696 1713 1
1900 1936 1
1745 2030 1
1745 1942 1
1811 1952 1
1897 1952 1
1811 1946 1
1714 1915 1
1683 1739 1
1683 1786 1
1873 1934 1
1842 1934 1
1697 1873 1
1873 1901 1
1873 1876 1
1873 2040 1
1652 1873 1
1873 1947 1
1715 1846 1
1715 1831 1
1667 1972 1
1972 2053 1
1838 1907 1
1676 1944 1
1728 1998 1
1655 2059 1
1655 1960 1
1655 1908 1
1655 1812 1
1655 1957 1
1735 1794 1
1794 1930 1
1774 2020 1
1993 2020 1
1700 1912 1
1700 1768 1
1880 1885 1
1677 1885 1
1691 1886 1
1752 2064 1
1752 1945 1
1711 1752 1
1752 1878 1
1711 2064 1
1711 1945 1
1658 2013 1
2013 2044 1
1658 1801 1
2060 2062 1
1676 1837 1
1837 1944 1
1676 1858 1
1863 1889 1
1797 1863 1
1863 2061 1
1776 1826 1
1644 1920 1
1644 1800 1
1644 1954 1
1803 2059 1
1664 2059 1
1803 1957 1
1803 1960 1
1803 1908 1
1655 1803 1
1803 1812 1
1960 2032 1
2032 2059 1
1957 2032 1
1803 2032 1
1908 2032 1
1655 2032 1
1812 2032 1
1637 1888 1
1888 1894 1
1861 1943 1
1707 1943 1
1635 1734 1
1766 1983 1
1718 1866 1
1659 1932 1
1659 1712 1
1659 1787 1
1735 2020 1
1930 2020 1
1794 2020 1
1735 1993 1
1735 1774 1
1693 1879 1
1693 1698 1
1909 1975 1
1883 1975 1
1902 1975 1
1909 1929 1
1666 1909 1
1832 1991 1
1655 1678 1
1678 2059 1
1678 1957 1
1678 1960 1
1678 1803 1
1678 2032 1
1678 1812 1
1678 1908 1
1753 1788 1
1753 1884 1
1751 1927 1
1807 1880 1
1660 1880 1
1677 1807 1
1807 1885 1
1671 1740 1
1724 1824 1
1699 1918 1
1840 1918 1
1737 1986 1
1759 1936 1
1759 1900 1
1774 2032 1
1993 2032 1
2020 2032 1
1735 2032 1
1774 2059 1
1774 1957 1
1774 1960 1
1774 1803 1
1678 1774 1
1774 1908 1
1655 1774 1
1774 1812 1
1640 1690 1
1657 1823 1
1684 1823 1
1743 1823 1
1802 1970 1
1970 2024 1
1928 2058 1
1773 1924 1
1797 1967 1
1889 1967 1
1967 2061 1
1863 1967 1
1797 2017 1
1797 1963 1
1637 2053 1
1888 2053 1
1894 2053 1
1637 1667 1
1637 1972 1
1687 1934 1
1687 1697 1
1687 1901 1
1687 1873 1
1687 1842 1
1687 1876 1
1687 2040 1
1652 1687 1
1687 1947 1
1762 1966 1
1875 2022 1
1807 1945 1
1880 1945 1
1660 1945 1
1677 1945 1
1885 1945 1
1807 2064 1
1752 1807 1
1711 1807 1
1834 1875 1
1696 1875 1
1713 1875 1
1834 2022 1
1839 2023 1
1853 1993 1
1853 2032 1
1853 2020 1
1774 1853 1
1735 1853 1
1686 1891 1
1681 2009 1
1789 2009 1
1814 2009 1
2009 2031 1
1946 2023 1
1952 2023 1
1811 2023 1
1839 1946 1
1746 1776 1
1776 2039 1
1746 1826 1
1748 2021 1
1774 1934 1
1803 1934 1
1934 2020 1
1934 1957 1
1735 1934 1
1934 1960 1
1934 1993 1
1934 2059 1
1678 1934 1
1934 2032 1
1908 1934 1
1655 1934 1
1812 1934 1
1853 1934 1
1687 1774 1
1774 1947 1
1697 1774 1
1774 1842 1
1774 1873 1
1774 1876 1
1774 1901 1
1652 1774 1
1774 2040 1
2099 2132 1
2246 2424 1
2160 2362 1
2144 2315 1
2304 2367 1
2078 2202 1
2284 2341 1
2230 2373 1
2103 2192 1
2089 2283 1
2127 2321 1
2179 2379 1
2134 2352 1
2138 2240 1
2272 2423 1
2324 2385 1
2155 2252 1
2076 2254 1
2237 2312 1
2092 2240 1
2092 2138 1
2180 2319 1
2135 2410 1
2119 2267 1
2079 2170 1
2232 2379 1
2179 2232 1
2128 2247 1
2331 2408 1
2343 2412 1
2108 2306 1
2137 2260 1
2149 2341 1
2149 2284 1
2165 2250 1
2092 2252 1
2240 2252 1
2138 2252 1
2092 2155 1
2172 2346 1
2139 2260 1
2137 2139 1
2209 2220 1
2092 2170 1
2170 2240 1
2138 2170 1
2155 2170 1
2170 2252 1
2079 2092 1
2126 2135 1
2126 2410 1
2108 2386 1
2306 2386 1
2162 2363 1
2168 2416 1
2079 2208 1
2170 2208 1
2092 2208 1
2270 2361 1
2070 2114 1
2164 2349 1
2326 2374 1
2078 2412 1
2202 2412 1
2078 2343 1
2248 2331 1
2248 2408 1
2298 2408 1
2248 2298 1
2298 2331 1
2126 2222 1
2222 2410 1
2135 2222 1
2196 2227 1
2088 2369 1
2267 2387 1
2119 2387 1
2259 2360 1
2080 2391 1
2321 2406 1
2127 2406 1
2292 2307 1
2122 2163 1
2267 2296 1
2296 2387 1
2119 2296 1
2122 2244 1
2163 2244 1
2134 2381 1
2352 2381 1
2339 2383 1
2275 2319 1
2180 2275 1
2327 2422 1
2281 2368 1
2091 2295 1
2103 2313 1
2192 2313 1
2376 2405 1
2389 2420 1
2115 2146 1
2126 2235 1
2235 2410 1
2222 2235 1
2135 2235 1
2094 2340 1
2370 2394 1
2206 2244 1
2122 2206 1
2163 2206 1
2076 2353 1
2254 2353 1
2247 2268 1
2128 2268 1
2163 2290 1
2122 2290 1
2244 2290 1
2206 2290 1
2391 2400 1
2080 2400 1
2212 2387 1
2212 2296 1
2212 2267 1
2119 2212 1
2145 2182 1
2072 2337 1
2226 2401 1
2385 2385 1
2144 2312 1
2312 2315 1
2144 2237 1
2350 2384 1
2066 2109 1
2094 2149 1
2149 2340 1
2094 2284 1
2094 2341 1
2335 2423 1
2272 2335 1
2089 2299 1
2283 2299 1
2146 2260 1
2115 2260 1
2137 2146 1
2139 2146 1
2287 2289 1
2226 2343 1
2343 2401 1
2226 2412 1
2078 2226 1
2281 2357 1
2357 2368 1
2089 2340 1
2283 2340 1
2299 2340 1
2089 2149 1
2089 2094 1
2193 2338 1
2165 2260 1
2250 2260 1
2146 2165 1
2115 2165 1
2137 2165 1
2139 2165 1
2245 2246 1
2245 2424 1
2344 2350 1
2344 2384 1
2181 2189 1
2215 2362 1
2160 2215 1
2131 2228 1
2092 2410 1
2240 2410 1
2208 2410 1
2155 2410 1
2252 2410 1
2138 2410 1
2170 2410 1
2079 2410 1
2092 2222 1
2092 2126 1
2092 2135 1
2092 2235 1
2110 2320 1
2148 2261 1
2109 2418 1
2066 2418 1
2272 2389 1
2335 2389 1
2389 2423 1
2272 2420 1
2237 2336 1
2312 2336 1
2144 2336 1
2160 2323 1
2323 2362 1
2215 2323 1
2216 2359 1
2377 2394 1
2370 2377 1
2185 2383 1
2185 2339 1
2278 2316 1
2261 2411 1
2148 2411 1
2247 2321 1
2128 2321 1
2268 2321 1
2247 2406 1
2127 2247 1
2227 2349 1
2196 2349 1
2164 2227 1
2375 2384 1
2344 2375 1
2350 2375 1
2185 2389 1
2339 2389 1
2383 2389 1
2185 2272 1
2185 2420 1
2185 2423 1
2185 2335 1
2160 2210 1
2210 2362 1
2210 2323 1
2210 2215 1
2070 2415 1
2114 2415 1
2388 2407 1
2077 2302 1
2069 2248 1
2069 2408 1
2069 2298 1
2069 2331 1
2327 2363 1
2363 2422 1
2162 2327 1
2128 2133 1
2133 2321 1
2133 2268 1
2133 2247 1
2075 2338 1
2075 2193 1
2245 2278 1
2278 2424 1
2246 2278 1
2245 2316 1
2171 2207 1
2111 2318 1
2235 2414 1
2410 2414 1
2092 2414 1
2222 2414 1
2135 2414 1
2126 2414 1
2330 2400 1
2080 2330 1
2330 2391 1
2321 2385 1
2385 2406 1
2247 2385 1
2127 2385 1
2128 2385 1
2133 2385 1
2268 2385 1
2321 2324 1
2246 2414 1
2414 2424 1
2245 2414 1
2278 2414 1
2246 2410 1
2092 2246 1
2126 2246 1
2222 2246 1
2135 2246 1
2235 2246 1
2494 2561 1
2712 2751 1
2433 2656 1
2573 2752 1
2550 2789 1
2625 2726 1
2531 2553 1
2486 2677 1
2559 2800 1
2471 2653 1
2635 2737 1
2630 2659 1
2482 2489 1
2467 2721 1
2587 2771 1
2546 2648 1
2524 2694 1
2530 2795 1
2499 2579 1
2628 2629 1
2643 2755 1
2620 2794 1
2439 2468 1
2493 2548 1
2714 2755 1
2643 2714 1
2467 2591 1
2591 2721 1
2444 2593 1
2596 2657 1
2500 2588 1
2532 2766 1
2529 2651 1
2606 2642 1
2492 2784 1
2462 2780 1
2460 2539 1
2644 2790 1
2444 2762 1
2593 2762 1
2430 2553 1
2430 2531 1
2727 2730 1
2608 2715 1
2432 2687 1
2688 2725 1
2733 2780 1
2462 2733 1
2765 2773 1
2468 2599 1
2439 2599 1
2608 2609 1
2609 2715 1
2456 2511 1
2590 2703 1
2555 2648 1
2546 2555 1
2722 2725 1
2688 2722 1
2607 2613 1
2439 2557 1
2468 2557 1
2557 2599 1
2442 2705 1
2685 2706 1
2521 2763 1
2643 2773 1
2714 2773 1
2755 2773 1
2643 2765 1
2602 2667 1
2470 2577 1
2472 2650 1
2734 2749 1
2478 2577 1
2470 2478 1
2429 2655 1
2591 2743 1
2721 2743 1
2467 2743 1
2435 2542 1
2473 2574 1
2445 2679 1
2490 2583 1
2534 2766 1
2532 2534 1
2576 2586 1
2486 2650 1
2650 2677 1
2472 2486 1
2635 2798 1
2737 2798 1
2659 2700 1
2630 2700 1
2620 2780 1
2780 2794 1
2620 2733 1
2462 2620 1
2439 2452 1
2452 2468 1
2452 2557 1
2452 2599 1
2474 2689 1
2467 2760 1
2721 2760 1
2743 2760 1
2591 2760 1
2461 2582 1
2717 2746 1
2717 2741 1
2741 2746 1
2558 2606 1
2558 2642 1
2622 2726 1
2622 2625 1
2437 2658 1
2559 2794 1
2794 2800 1
2559 2780 1
2559 2620 1
2576 2743 1
2586 2743 1
2576 2721 1
2467 2576 1
2576 2760 1
2576 2591 1
2550 2711 1
2711 2789 1
2498 2752 1
2498 2573 1
2605 2790 1
2605 2644 1
2496 2566 1
2539 2706 1
2460 2706 1
2539 2685 1
2467 2516 1
2516 2721 1
2516 2760 1
2516 2576 1
2516 2743 1
2516 2591 1
2437 2519 1
2519 2658 1
2461 2528 1
2528 2582 1
2520 2553 1
2520 2531 1
2430 2520 1
2505 2777 1
2514 2724 1
2478 2793 1
2577 2793 1
2470 2793 1
2552 2641 1
2592 2788 1
2505 2507 1
2507 2777 1
2511 2532 1
2456 2532 1
2511 2534 1
2511 2766 1
2532 2636 1
2456 2636 1
2534 2636 1
2636 2766 1
2511 2636 1
2509 2714 1
2509 2643 1
2509 2755 1
2509 2773 1
2496 2625 1
2566 2625 1
2496 2622 1
2496 2726 1
2760 2761 1
2721 2761 1
2467 2761 1
2576 2761 1
2516 2761 1
2743 2761 1
2591 2761 1
2498 2559 1
2559 2752 1
2559 2573 1
2498 2780 1
2498 2794 1
2498 2800 1
2498 2620 1
2477 2636 1
2477 2532 1
2477 2534 1
2477 2766 1
2477 2511 1
2456 2477 1
2441 2499 1
2441 2579 1
2486 2695 1
2472 2695 1
2650 2695 1
2677 2695 1
2504 2735 1
2671 2715 1
2608 2671 1
2609 2671 1
2475 2488 1
2512 2679 1
2445 2512 1
2477 2780 1
2532 2780 1
2534 2780 1
2636 2780 1
2766 2780 1
2511 2780 1
2456 2780 1
2477 2498 1
2477 2794 1
2477 2733 1
2477 2620 1
2462 2477 1
2477 2559 1
2606 2763 1
2642 2763 1
2558 2763 1
2521 2606 1
2563 2677 1
2563 2650 1
2486 2563 1
2563 2695 1
2519 2764 1
2658 2764 1
2437 2764 1
2504 2576 1
2576 2735 1
2504 2721 1
2467 2504 1
2504 2760 1
2504 2761 1
2504 2516 1
2504 2743 1
2504 2586 1
2504 2591 1
2719 2773 1
2719 2755 1
2719 2765 1
2509 2719 1
2643 2719 1
2714 2719 1
2576 2602 1
2602 2721 1
2467 2602 1
2602 2760 1
2602 2761 1
2602 2735 1
2504 2602 1
2516 2602 1
2602 2743 1
2586 2602 1
2591 2602 1
2576 2667 1
2454 2517 1
2663 2772 1
2501 2772 1
2501 2663 1
2504 2708 1
2708 2721 1
2467 2708 1
2708 2760 1
2708 2761 1
2602 2708 1
2708 2735 1
2576 2708 1
2516 2708 1
2708 2743 1
2586 2708 1
2591 2708 1
2516 2675 1
2675 2721 1
2467 2675 1
2675 2760 1
2675 2761 1
2602 2675 1
2576 2675 1
2504 2675 1
2675 2708 1
2675 2743 1
2591 2675 1
2844 2886 1
3012 3179 1
2978 3146 1
2939 3080 1
2864 3164 1
2883 3170 1
3018 3093 1
2816 3189 1
2897 2978 1
2897 3146 1
2976 3225 1
2902 3000 1
2907 3019 1
3024 3222 1
2972 3075 1
2834 3034 1
2898 2995 1
2918 3073 1
3044 3130 1
3058 3125 1
2857 2978 1
2857 2897 1
2857 3146 1
3051 3215 1
2880 3196 1
2982 3059 1
2810 3067 1
2896 3123 1
2849 3063 1
3176 3213 1
2894 3108 1
2933 2954 1
3213 3219 1
3176 3219 1
2895 3206 1
2830 3080 1
2830 2939 1
2992 3195 1
2837 3191 1
2873 3192 1
2835 3186 1
2896 3200 1
3123 3200 1
3117 3134 1
2936 3163 1
2948 3136 1
2827 3127 1
2909 3006 1
2913 3217 1
3129 3153 1
2932 3097 1
3017 3201 1
2943 3023 1
2967 3179 1
2967 3012 1
2809 3110 1
2993 3045 1
3078 3203 1
2934 2937 1
3131 3145 1
2882 2903 1
2813 3124 1
2842 2926 1
2853 3193 1
3027 3189 1
2816 3027 1
2920 3073 1
2918 2920 1
2889 3105 1
2822 2888 1
3000 3157 1
2902 3157 1
3097 3215 1
2932 3215 1
3051 3097 1
2931 3029 1
3042 3175 1
2907 3167 1
3019 3167 1
2892 3069 1
2819 3156 1
2989 3147 1
3107 3231 1
2990 3154 1
2834 3036 1
3034 3036 1
2825 3165 1
2947 3042 1
2947 3175 1
2832 3213 1
2832 3176 1
2832 3219 1
2855 2969 1
3072 3194 1
2909 3228 1
3006 3228 1
2830 2900 1
2900 3080 1
2900 2939 1
2900 3210 1
3080 3210 1
2939 3210 1
2830 3210 1
2886 3206 1
2844 3206 1
2886 2895 1
2952 3178 1
3066 3080 1
3066 3210 1
2939 3066 1
2900 3066 1
2830 3066 1
2807 2911 1
2813 3155 1
3124 3155 1
2960 3092 1
3089 3192 1
2873 3089 1
2835 3089 1
3089 3186 1
2835 3192 1
2835 2873 1
2853 3048 1
3048 3193 1
3068 3225 1
2976 3068 1
2957 2978 1
2897 2957 1
2957 3146 1
2857 2957 1
3055 3082 1
2952 3115 1
3115 3178 1
3081 3119 1
2850 3213 1
2850 3176 1
2832 2850 1
2850 3219 1
3132 3136 1
2948 3132 1
2948 3145 1
3136 3145 1
3132 3145 1
2948 3131 1
2840 3002 1
2811 2837 1
2811 3191 1
2865 2888 1
2822 2865 1
2895 3170 1
2886 3170 1
3170 3206 1
2883 2895 1
2956 3007 1
2847 3104 1
2963 3216 1
2969 2970 1
2855 2970 1
2868 3148 1
2860 3151 1
3078 3134 1
3134 3203 1
3078 3117 1
2923 2953 1
2945 3026 1
3089 3125 1
3125 3192 1
2873 3125 1
3125 3186 1
2835 3125 1
3058 3089 1
2803 2982 1
2803 3059 1
3127 3180 1
2827 3180 1
2930 3162 1
2919 2953 1
2919 2923 1
2805 2850 1
2805 3176 1
2805 2832 1
2805 3219 1
2805 3213 1
2993 3006 1
3006 3045 1
2993 3228 1
2909 2993 1
2954 3113 1
2933 3113 1
3114 3230 1
2910 3166 1
2809 3045 1
3045 3110 1
2809 2993 1
2809 3006 1
2908 3035 1
3059 3133 1
2803 3133 1
2982 3133 1
2838 2942 1
3122 3209 1
3138 3205 1
2806 2904 1
2853 3187 1
3048 3187 1
3187 3193 1
2932 3205 1
3097 3205 1
3205 3215 1
2932 3138 1
2915 3115 1
2915 2952 1
2915 3178 1
3126 3193 1
3048 3126 1
3126 3187 1
2853 3126 1
2901 3159 1
3021 3080 1
3021 3210 1
2830 3021 1
2900 3021 1
3021 3066 1
2939 3021 1
2936 3122 1
3122 3163 1
2936 3209 1
3030 3169 1
2945 3119 1
3026 3119 1
2945 3081 1
2950 3133 1
2950 3059 1
2950 2982 1
2803 2950 1
2964 3194 1
2964 3072 1
2958 3107 1
2958 3231 1
3076 3160 1
3002 3165 1
2840 3165 1
2825 3002 1
3083 3139 1
3163 3218 1
2936 3218 1
3122 3218 1
2912 3032 1
2880 3085 1
3085 3196 1
2829 3002 1
2829 2840 1
2825 2829 1
2829 3165 1
2887 2996 1
2840 3000 1
3000 3002 1
3000 3165 1
2829 3000 1
2840 3157 1
2840 2902 1
2821 2870 1
2857 3129 1
2897 3129 1
2978 3129 1
3129 3146 1
2957 3129 1
2857 3153 1
3030 3188 1
3169 3188 1
2868 3179 1
3148 3179 1
2868 3012 1
2868 2967 1
2894 3044 1
3044 3108 1
2894 3130 1
3006 3042 1
3042 3045 1
2993 3042 1
2809 3042 1
3042 3228 1
2909 3042 1
2947 3006 1
3006 3175 1
2906 3055 1
2906 3082 1
3002 3046 1
2825 3046 1
2829 3046 1
3000 3046 1
2840 3046 1
3046 3165 1
3023 3137 1
2943 3137 1
2959 3208 1
3142 3212 1
2885 2913 1
2885 3217 1
2952 3199 1
2915 3199 1
3178 3199 1
3115 3199 1
3185 3200 1
2896 3185 1
3123 3185 1
2834 3219 1
3034 3219 1
3036 3219 1
2834 2850 1
2834 3176 1
2834 3213 1
2832 2834 1
2805 2834 1
2975 3150 1
2850 2863 1
2863 3176 1
2863 3213 1
2832 2863 1
2834 2863 1
2863 3219 1
2805 2863 1
3418 3489 1
3335 3570 1
3374 3377 1
3278 3351 1
3423 3555 1
3470 3581 1
3279 3486 1
3293 3482 1
3236 3486 1
3236 3279 1
3327 3534 1
3530 3562 1
3491 3564 1
3449 3575 1
3281 3586 1
3441 3566 1
3305 3486 1
3236 3305 1
3279 3305 1
3351 3518 1
3278 3518 1
3333 3461 1
3421 3573 1
3476 3528 1
3343 3380 1
3457 3581 1
3457 3470 1
3381 3384 1
3266 3473 1
3329 3508 1
3538 3574 1
3440 3581 1
3440 3457 1
3440 3470 1
3551 3562 1
3530 3551 1
3300 3581 1
3300 3440 1
3300 3457 1
3300 3470 1
3363 3535 1
3494 3521 1
3284 3558 1
3332 3480 1
3269 3560 1
3327 3354 1
3354 3534 1
3471 3487 1
3355 3468 1
3375 3529 1
3233 3349 1
3483 3484 1
3275 3582 1
3338 3504 1
3377 3517 1
3374 3517 1
3303 3437 1
3301 3392 1
3333 3527 1
3461 3527 1
3320 3467 1
3296 3355 1
3296 3468 1
3368 3460 1
3330 3531 1
3285 3565 1
3421 3463 1
3463 3573 1
3330 3445 1
3445 3531 1
3262 3589 1
3536 3590 1
3422 3581 1
3422 3440 1
3422 3457 1
3300 3422 1
3422 3470 1
3283 3436 1
3288 3333 1
3288 3461 1
3288 3527 1
3315 3414 1
3259 3273 1
3463 3527 1
3421 3527 1
3527 3573 1
3333 3463 1
3288 3463 1
3461 3463 1
3341 3476 1
3341 3528 1
3510 3589 1
3262 3510 1
3439 3475 1
3405 3586 1
3281 3405 1
3290 3347 1
3565 3592 1
3285 3592 1
3311 3516 1
3463 3587 1
3461 3587 1
3527 3587 1
3573 3587 1
3288 3587 1
3421 3587 1
3333 3587 1
3300 3381 1
3381 3457 1
3381 3470 1
3381 3440 1
3381 3581 1
3381 3422 1
3300 3384 1
3272 3347 1
3272 3290 1
3395 3452 1
3370 3539 1
3421 3429 1
3429 3587 1
3429 3527 1
3429 3573 1
3429 3463 1
3318 3396 1
3261 3447 1
3361 3561 1
3288 3523 1
3523 3587 1
3333 3523 1
3523 3527 1
3463 3523 1
3461 3523 1
3430 3542 1
3343 3368 1
3368 3380 1
3343 3460 1
3465 3568 1
3240 3423 1
3240 3555 1
3408 3425 1
3458 3571 1
3563 3589 1
3510 3563 1
3262 3563 1
3424 3529 1
3375 3424 1
3563 3591 1
3589 3591 1
3510 3591 1
3262 3591 1
3380 3578 1
3368 3578 1
3343 3578 1
3301 3553 1
3392 3553 1
3269 3285 1
3285 3560 1
3269 3592 1
3269 3565 1
3306 3366 1
3268 3552 1
3516 3588 1
3311 3588 1
3282 3595 1
3415 3458 1
3415 3571 1
3370 3452 1
3452 3539 1
3370 3395 1
3268 3344 1
3344 3552 1
3449 3495 1
3495 3575 1
3505 3539 1
3370 3505 1
3452 3505 1
3286 3344 1
3286 3552 1
3268 3286 1
3416 3577 1
3490 3583 1
3500 3576 1
3267 3461 1
3267 3587 1
3267 3333 1
3267 3463 1
3267 3527 1
3267 3523 1
3267 3288 1
3394 3455 1
3416 3512 1
3512 3577 1
3316 3576 1
3316 3500 1
3450 3498 1
3272 3436 1
3290 3436 1
3347 3436 1
3272 3283 1
3367 3431 1
3383 3405 1
3281 3383 1
3383 3586 1
3255 3441 1
3255 3566 1
3490 3565 1
3565 3583 1
3490 3592 1
3285 3490 1
3269 3490 1
3507 3545 1
3449 3558 1
3495 3558 1
3558 3575 1
3284 3449 1
3313 3522 1
3403 3484 1
3403 3483 1
3439 3587 1
3475 3587 1
3439 3523 1
3429 3439 1
3439 3461 1
3439 3527 1
3439 3463 1
3267 3439 1
3439 3573 1
3288 3439 1
3421 3439 1
3333 3439 1
3295 3421 1
3295 3587 1
3295 3429 1
3295 3527 1
3295 3463 1
3295 3439 1
3295 3573 1
3303 3510 1
3437 3510 1
3303 3589 1
3303 3591 1
3303 3563 1
3262 3303 1
3443 3498 1
3443 3450 1
3303 3464 1
3464 3589 1
3464 3591 1
3464 3563 1
3437 3464 1
3464 3510 1
3262 3464 1
3409 3411 1
3500 3515 1
3515 3576 1
3316 3515 1
3361 3396 1
3396 3561 1
3318 3361 1
3402 3428 1
3434 3459 1
3415 3577 1
3458 3577 1
3571 3577 1
3415 3416 1
3415 3512 1
3342 3574 1
3342 3538 1
3501 3546 1
3376 3557 1
3266 3360 1
3360 3473 1
3357 3480 1
3332 3357 1
3874 3987 1
3828 3867 1
3761 3804 1
3648 3895 1
3610 3657 1
3619 3634 1
3819 3984 1
3614 3856 1
3685 3947 1
3669 3711 1
3717 3807 1
3760 3889 1
3662 3881 1
3699 3728 1
3849 3952 1
3612 3726 1
3908 3924 1
3854 3898 1
3645 3790 1
3884 3965 1
3833 3890 1
3918 3963 1
3597 3798 1
3826 3946 1
3741 3939 1
3736 3825 1
3903 3950 1
3727 3942 1
3650 3684 1
3709 3891 1
3852 3979 1
3810 3899 1
3682 3900 1
3776 3993 1
3837 3845 1
3761 3991 1
3804 3991 1
3841 3879 1
3907 3927 1
3637 3862 1
3616 3809 1
3655 3849 1
3655 3952 1
3772 3894 1
3648 3737 1
3737 3895 1
3685 3922 1
3922 3947 1
3959 3987 1
3874 3959 1
3621 3886 1
3858 3976 1
3805 3913 1
3702 3755 1
3762 3959 1
3762 3874 1
3762 3987 1
3603 3761 1
3603 3804 1
3603 3991 1
3629 3936 1
3619 3708 1
3634 3708 1
3737 3811 1
3648 3811 1
3811 3895 1
3668 3904 1
3744 3747 1
3749 3987 1
3749 3874 1
3749 3762 1
3749 3959 1
3713 3778 1
3706 3804 1
3706 3761 1
3603 3706 1
3706 3991 1
3756 3982 1
3901 3997 1
3698 3991 1
3698 3761 1
3698 3706 1
3603 3698 1
3698 3804 1
3658 3733 1
3948 3983 1
3765 3974 1
3622 3921 1
3900 3920 1
3682 3920 1
3740 3919 1
3718 3749 1
3718 3874 1
3718 3987 1
3718 3762 1
3718 3959 1
3837 3969 1
3845 3969 1
3879 3964 1
3841 3964 1
3647 3893 1
3803 3815 1
3686 3964 1
3686 3841 1
3686 3879 1
3630 3685 1
3630 3922 1
3630 3947 1
3654 3931 1
3598 3857 1
3665 3955 1
3652 3894 1
3652 3772 1
3607 3969 1
3607 3837 1
3607 3845 1
3668 3693 1
3693 3904 1
3751 3815 1
3751 3803 1
3614 3769 1
3769 3856 1
3849 3982 1
3952 3982 1
3655 3982 1
3756 3849 1
3712 3717 1
3712 3807 1
3651 3826 1
3651 3946 1
3734 3886 1
3621 3734 1
3679 3983 1
3679 3948 1
3640 3956 1
3815 3870 1
3803 3870 1
3751 3870 1
3652 3852 1
3772 3852 1
3852 3894 1
3652 3979 1
3771 3956 1
3640 3771 1
3726 3746 1
3612 3746 1
3603 3933 1
3761 3933 1
3698 3933 1
3933 3991 1
3706 3933 1
3804 3933 1
3612 3928 1
3746 3928 1
3726 3928 1
3643 3999 1
3608 3880 1
3818 3928 1
3746 3818 1
3612 3818 1
3726 3818 1
3965 3968 1
3884 3968 1
3736 3850 1
3825 3850 1
3938 3984 1
3819 3938 1
3682 3703 1
3703 3920 1
3703 3900 1
3768 3841 1
3768 3964 1
3686 3768 1
3768 3879 1
3656 3789 1
3797 3979 1
3652 3797 1
3797 3852 1
3685 3887 1
3887 3922 1
3887 3947 1
3630 3887 1
3621 3845 1
3734 3845 1
3845 3886 1
3621 3969 1
3607 3621 1
3621 3837 1
3792 3849 1
3792 3952 1
3756 3792 1
3792 3982 1
3655 3792 1
3599 3952 1
3599 3792 1
3599 3849 1
3599 3982 1
3599 3655 1
3624 3804 1
3624 3761 1
3624 3698 1
3603 3624 1
3624 3991 1
3624 3706 1
3624 3933 1
3645 3776 1
3776 3790 1
3645 3993 1
3900 3961 1
3920 3961 1
3682 3961 1
3703 3961 1
3863 3882 1
3748 3963 1
3748 3918 1
3693 3880 1
3880 3904 1
3668 3880 1
3608 3693 1
3869 3950 1
3869 3903 1
3736 3857 1
3825 3857 1
3850 3857 1
3598 3736 1
3735 3841 1
3735 3768 1
3735 3964 1
3686 3735 1
3735 3879 1
3758 3906 1
3741 3907 1
3907 3939 1
3741 3927 1
3633 3726 1
3633 3928 1
3633 3746 1
3612 3633 1
3633 3818 1
3617 3808 1
3809 3962 1
3616 3962 1
3943 3990 1
3610 3860 1
3657 3860 1
3912 3913 1
3805 3912 1
3596 3847 1
3756 3936 1
3792 3936 1
3849 3936 1
3936 3982 1
3629 3756 1
3796 3887 1
3796 3922 1
3796 3947 1
3685 3796 1
3630 3796 1
3818 3839 1
3746 3839 1
3726 3839 1
3633 3839 1
3839 3928 1
3612 3839 1
3617 3869 1
3808 3869 1
3617 3950 1
3617 3903 1
3630 3677 1
3677 3685 1
3677 3947 1
3677 3887 1
3677 3922 1
3677 3796 1
3631 3730 1
3612 3959 1
3746 3959 1
3818 3959 1
3726 3959 1
3633 3959 1
3928 3959 1
3839 3959 1
3612 3874 1
3612 3749 1
3612 3718 1
3612 3762 1
3612 3987 1
3633 3837 1
3746 3837 1
3818 3837 1
3726 3837 1
3837 3959 1
3837 3928 1
3612 3837 1
3837 3839 1
3633 3969 1
3621 3633 1
3607 3633 1
3633 3845 1
3632 3734 1
3621 3632 1
3632 3886 1
3632 3845 1
257 275 1
152 252 1
305 341 1
230 284 1
182 223 1
352 357 1
202 315 1
231 316 1
4 315 1
4 202 1
152 215 1
215 252 1
178 257 1
178 275 1
74 82 1
135 197 1
358 359 1
227 270 1
231 249 1
249 316 1
23 124 1
91 303 1
160 172 1
57 304 1
4 265 1
202 265 1
265 315 1
136 284 1
136 230 1
180 236 1
175 345 1
184 239 1
126 212 1
65 352 1
65 357 1
123 174 1
100 234 1
55 198 1
291 341 1
291 305 1
136 215 1
215 284 1
215 230 1
136 152 1
136 252 1
124 167 1
23 167 1
225 319 1
96 309 1
14 328 1
228 268 1
104 235 1
116 226 1
244 319 1
225 244 1
31 329 1
17 259 1
253 305 1
253 291 1
253 341 1
15 330 1
73 349 1
23 258 1
124 258 1
167 258 1
176 185 1
55 98 1
98 198 1
3 157 1
51 216 1
103 167 1
103 258 1
103 124 1
23 103 1
291 353 1
305 353 1
341 353 1
253 353 1
42 302 1
293 345 1
175 293 1
31 246 1
246 329 1
193 286 1
161 252 1
152 161 1
136 161 1
161 215 1
60 111 1
13 17 1
13 259 1
171 277 1
201 206 1
120 329 1
120 246 1
31 120 1
129 207 1
69 122 1
100 341 1
234 341 1
100 353 1
100 291 1
100 305 1
100 253 1
215 319 1
161 319 1
230 319 1
136 319 1
284 319 1
152 319 1
252 319 1
215 225 1
215 244 1
71 105 1
69 226 1
122 226 1
69 116 1
24 338 1
102 316 1
102 249 1
102 231 1
115 175 1
115 345 1
115 293 1
19 155 1
95 334 1
54 255 1
16 82 1
16 74 1
160 244 1
172 244 1
160 225 1
160 215 1
160 319 1
42 121 1
121 302 1
99 336 1
259 271 1
17 271 1
13 271 1
67 224 1
72 169 1
7 97 1
80 241 1
79 231 1
79 249 1
79 316 1
79 102 1
226 248 1
122 248 1
116 248 1
69 248 1
125 145 1
72 183 1
169 183 1
87 362 1
133 209 1
175 277 1
277 345 1
115 277 1
277 293 1
171 175 1
16 294 1
82 294 1
74 294 1
193 312 1
286 312 1
66 176 1
66 185 1
30 357 1
30 352 1
30 65 1
44 67 1
44 224 1
6 30 1
6 352 1
6 65 1
6 357 1
53 84 1
58 265 1
58 202 1
58 315 1
4 58 1
17 100 1
100 259 1
13 100 1
100 271 1
17 353 1
17 291 1
17 234 1
17 305 1
17 341 1
17 253 1
160 314 1
225 314 1
172 314 1
244 314 1
215 314 1
314 319 1
111 259 1
60 259 1
100 111 1
13 111 1
17 111 1
111 271 1
12 324 1
88 153 1
299 307 1
221 356 1
22 92 1
15 195 1
195 330 1
68 223 1
68 182 1
63 284 1
63 136 1
63 319 1
63 230 1
63 215 1
288 364 1
279 353 1
279 291 1
100 279 1
17 279 1
279 305 1
279 341 1
253 279 1
31 207 1
120 207 1
207 329 1
207 246 1
31 129 1
21 296 1
114 354 1
237 362 1
87 237 1
173 267 1
50 247 1
194 232 1
147 349 1
73 147 1
152 281 1
161 281 1
136 281 1
215 281 1
252 281 1
281 319 1
135 321 1
197 321 1
227 306 1
270 306 1
55 79 1
79 98 1
79 198 1
55 102 1
55 231 1
55 249 1
55 316 1
179 224 1
67 179 1
44 179 1
126 180 1
180 212 1
126 236 1
154 267 1
154 173 1
4 337 1
265 337 1
202 337 1
315 337 1
58 337 1
189 213 1
338 349 1
24 349 1
73 338 1
147 338 1
2312 3482 -1
2144 3482 -1
2336 3482 -1
2315 3482 -1
2237 3482 -1
2312 3293 -1
548 882 -1
791 882 -1
538 3308 -1
680 3308 -1
661 3308 -1
1766 3676 -1
1983 3676 -1
264 1207 -1
264 841 -1
264 1010 -1
2959 3848 -1
3208 3848 -1
1983 3641 -1
1766 3641 -1
2059 3790 -1
1664 3790 -1
1957 3790 -1
1934 3790 -1
1960 3790 -1
1803 3790 -1
1678 3790 -1
2032 3790 -1
1908 3790 -1
1774 3790 -1
1655 3790 -1
1812 3790 -1
2059 3776 -1
2059 3645 -1
1836 3864 -1
1353 2236 -1
1303 2236 -1
818 1797 -1
818 1889 -1
818 2017 -1
818 1963 -1
818 2061 -1
818 1967 -1
818 1863 -1
2030 3874 -1
1745 3874 -1
1942 3874 -1
2030 3749 -1
2030 3718 -1
2030 3762 -1
2030 3987 -1
2030 3959 -1
2030 3612 -1
494 2933 -1
383 2933 -1
494 3113 -1
494 2954 -1
1582 3478 -1
1484 3478 -1
1375 3478 -1
1260 3478 -1
1343 3478 -1
1806 3944 -1
1672 3510 -1
1672 3589 -1
1672 3303 -1
1672 3591 -1
1672 3563 -1
1672 3437 -1
1672 3464 -1
1672 3262 -1
3161 3611 -1
1840 3969 -1
1699 3969 -1
1918 3969 -1
1840 3633 -1
1840 3621 -1
1840 3607 -1
1840 3837 -1
1840 3845 -1
1021 2014 -1
3544 3694 -1
1775 3740 -1
1649 3740 -1
1775 3919 -1
1033 3151 -1
1088 3151 -1
1116 3151 -1
1197 3151 -1
846 3151 -1
902 3151 -1
1033 2860 -1
2372 2723 -1
1562 2109 -1
1562 2066 -1
1562 2418 -1
3088 3627 -1
343 2342 -1
2159 3557 -1
2159 3376 -1
3283 3700 -1
3272 3700 -1
3436 3700 -1
617 1000 -1
617 825 -1
617 828 -1
1571 3431 -1
1398 3431 -1
1571 3367 -1
2887 3397 -1
2996 3397 -1
1991 3994 -1
1832 3994 -1
1891 3786 -1
1686 3786 -1
1933 3864 -1
1050 3092 -1
1050 2960 -1
1093 2959 -1
1093 3208 -1
422 940 -1
592 940 -1
695 940 -1
1992 3921 -1
1992 3622 -1
978 2881 -1
1155 3206 -1
903 3206 -1
1155 3170 -1
1155 2844 -1
1155 2886 -1
1155 2895 -1
1987 2267 -1
1987 2296 -1
1987 2387 -1
1987 2212 -1
1987 2119 -1
2018 3631 -1
2018 3730 -1
887 2892 -1
887 3069 -1
1344 2270 -1
1561 2270 -1
1523 2270 -1
1344 2361 -1
590 3511 -1
1023 1399 -1
1111 1399 -1
1023 1581 -1
1023 1613 -1
705 922 -1
368 922 -1
819 922 -1
559 922 -1
705 1122 -1
705 1037 -1
705 943 -1
705 1040 -1
705 1042 -1
705 1117 -1
705 1215 -1
1756 3625 -1
1996 3625 -1
887 1241 -1
2713 3964 -1
2713 3768 -1
2713 3841 -1
2713 3735 -1
2713 3686 -1
2713 3879 -1
547 1848 -1
737 1848 -1
395 1848 -1
3164 3683 -1
2864 3683 -1
1860 3938 -1
1860 3984 -1
1860 3819 -1
2928 3651 -1
2928 3826 -1
2928 3946 -1
869 3854 -1
1192 3854 -1
1054 3854 -1
869 3898 -1
229 2508 -1
1788 2740 -1
1753 2740 -1
1884 2740 -1
192 2385 -1
192 2406 -1
192 2247 -1
192 2321 -1
192 2127 -1
192 2128 -1
192 2324 -1
192 2133 -1
192 2268 -1
325 2455 -1
69 2630 -1
248 2630 -1
122 2630 -1
116 2630 -1
226 2630 -1
69 2659 -1
69 2700 -1
1009 3561 -1
1009 3361 -1
1009 3396 -1
1359 3955 -1
1362 3955 -1
1359 3665 -1
3025 3778 -1
3025 3713 -1
2961 3813 -1
1595 2426 -1
446 3384 -1
702 3384 -1
446 3300 -1
446 3381 -1
487 3124 -1
487 3155 -1
487 2813 -1
98 2160 -1
79 2160 -1
198 2160 -1
55 2160 -1
98 2362 -1
98 2323 -1
98 2210 -1
98 2215 -1
1293 3367 -1
1524 3367 -1
1599 3367 -1
1293 3431 -1
3133 3968 -1
3059 3968 -1
2950 3968 -1
2982 3968 -1
2803 3968 -1
3133 3884 -1
3133 3965 -1
2870 3764 -1
2821 3764 -1
27 3689 -1
2246 2696 -1
2245 2696 -1
2278 2696 -1
2410 2696 -1
2092 2696 -1
2414 2696 -1
2222 2696 -1
2126 2696 -1
2135 2696 -1
2424 2696 -1
2235 2696 -1
332 3352 -1
1320 3562 -1
1433 3562 -1
1282 3562 -1
1309 3562 -1
1320 3530 -1
1320 3551 -1
3506 3826 -1
3506 3946 -1
3506 3651 -1
1830 2167 -1
295 3689 -1
276 3420 -1
2971 3808 -1
2971 3617 -1
2971 3869 -1
880 1549 -1
746 1089 -1
746 1051 -1
505 3041 -1
1854 2681 -1
3549 3886 -1
3549 3632 -1
3549 3621 -1
3549 3734 -1
3549 3845 -1
623 1801 -1
408 1801 -1
665 1801 -1
490 1801 -1
534 1801 -1
623 1658 -1
623 2013 -1
595 1021 -1
530 1021 -1
787 1021 -1
497 2933 -1
650 2933 -1
635 2933 -1
497 3113 -1
497 2954 -1
1159 3111 -1
1017 3111 -1
979 3111 -1
1461 3195 -1
1307 3195 -1
1461 2992 -1
1843 3802 -1
3186 3432 -1
3089 3432 -1
2835 3432 -1
3125 3432 -1
2421 3471 -1
2421 3487 -1
735 2910 -1
735 3166 -1
1425 2237 -1
1533 2237 -1
1425 2312 -1
1425 2144 -1
1425 2336 -1
617 1146 -1
617 1108 -1
617 989 -1
617 878 -1
617 901 -1
1547 3400 -1
1370 3400 -1
1245 3400 -1
1254 3400 -1
1421 3400 -1
798 3116 -1
732 3116 -1
1287 3184 -1
1355 3184 -1
1517 3184 -1
1874 2329 -1
736 3206 -1
736 3170 -1
736 2844 -1
736 2886 -1
736 2895 -1
2061 3818 -1
1889 3818 -1
1967 3818 -1
1797 3818 -1
1863 3818 -1
2061 3746 -1
2061 3726 -1
2061 3633 -1
2061 3959 -1
2061 3928 -1
2061 3612 -1
2061 3837 -1
2061 3839 -1
1615 3922 -1
1615 3685 -1
1615 3947 -1
1615 3630 -1
1615 3887 -1
1615 3796 -1
1615 3677 -1
1961 3843 -1
1910 3843 -1
818 2856 -1
698 1029 -1
698 1188 -1
1333 2269 -1
3108 3993 -1
3044 3993 -1
2894 3993 -1
3108 3776 -1
3108 3645 -1
1491 3907 -1
1347 3907 -1
1284 3907 -1
1479 3907 -1
1257 3907 -1
1294 3907 -1
1553 3907 -1
1238 3907 -1
1491 3939 -1
1491 3741 -1
1491 3927 -1
1650 3621 -1
1650 3969 -1
1650 3845 -1
1650 3886 -1
1650 3632 -1
1650 3633 -1
1650 3734 -1
1650 3607 -1
1650 3837 -1
1852 3774 -1
3127 3901 -1
2827 3901 -1
3180 3901 -1
3127 3997 -1
228 2667 -1
268 2667 -1
228 2576 -1
228 2602 -1
1459 3500 -1
1459 3576 -1
1459 3515 -1
1459 3316 -1
668 3177 -1
2099 3646 -1
2132 3646 -1
301 1124 -1
301 962 -1
1605 2414 -1
1286 2414 -1
1544 2414 -1
1532 2414 -1
1482 2414 -1
1426 2414 -1
1458 2414 -1
1404 2414 -1
1341 2414 -1
1605 2278 -1
1605 2245 -1
1605 2246 -1
1605 2410 -1
1605 2092 -1
1605 2126 -1
1605 2222 -1
1605 2135 -1
1605 2424 -1
1605 2235 -1
662 3249 -1
1632 2109 -1
1632 2066 -1
1632 2418 -1
1259 2890 -1
1612 2890 -1
1406 2890 -1
1495 3556 -1
1613 3556 -1
1581 3556 -1
1717 2851 -1
1491 3895 -1
1347 3895 -1
1284 3895 -1
1479 3895 -1
1257 3895 -1
1294 3895 -1
1553 3895 -1
1238 3895 -1
1491 3648 -1
1491 3737 -1
1491 3811 -1
1364 2914 -1
1574 2914 -1
984 2835 -1
984 3192 -1
984 3089 -1
984 3186 -1
984 3125 -1
984 2873 -1
3200 3359 -1
2896 3359 -1
3185 3359 -1
3123 3359 -1
1864 3821 -1
1877 3821 -1
3202 3986 -1
2936 3701 -1
3209 3701 -1
3122 3701 -1
3163 3701 -1
3218 3701 -1
556 2860 -1
785 2860 -1
553 2860 -1
556 3151 -1
1601 2838 -1
1460 2838 -1
1601 2942 -1
1510 3481 -1
418 1829 -1
341 2141 -1
353 2141 -1
291 2141 -1
100 2141 -1
17 2141 -1
234 2141 -1
305 2141 -1
279 2141 -1
253 2141 -1
791 2753 -1
548 2753 -1
1139 2531 -1
925 2531 -1
1139 2520 -1
1139 2553 -1
1139 2430 -1
3181 3616 -1
3181 3809 -1
3181 3962 -1
1769 3910 -1
112 3388 -1
2978 3758 -1
2897 3758 -1
3146 3758 -1
3129 3758 -1
2957 3758 -1
2857 3758 -1
2978 3906 -1
1521 2184 -1
1624 2184 -1
1409 2184 -1
1021 2167 -1
777 3124 -1
777 3155 -1
777 2813 -1
1259 2905 -1
1612 2905 -1
1406 2905 -1
26 2409 -1
299 1426 -1
307 1426 -1
299 1605 -1
299 1286 -1
299 1544 -1
299 1532 -1
299 1482 -1
299 1458 -1
299 1404 -1
299 1341 -1
1501 3353 -1
1324 3353 -1
1629 3353 -1
2104 3574 -1
2104 3538 -1
2104 3342 -1
678 1109 -1
375 1109 -1
678 1064 -1
430 1796 -1
673 1796 -1
577 1796 -1
718 1796 -1
566 1796 -1
663 1796 -1
696 1796 -1
795 1796 -1
2055 2914 -1
1995 2914 -1
1585 3564 -1
1305 3564 -1
1585 3491 -1
361 1235 -1
361 1170 -1
361 884 -1
3284 3973 -1
3449 3973 -1
3558 3973 -1
318 3689 -1
2707 3918 -1
2707 3963 -1
2707 3748 -1
1050 1782 -1
2416 2682 -1
2168 2682 -1
607 1000 -1
607 825 -1
607 828 -1
2039 3986 -1
1776 3986 -1
1746 3986 -1
1306 3333 -1
1262 3333 -1
1306 3587 -1
1306 3461 -1
1306 3267 -1
1306 3463 -1
1306 3527 -1
1306 3439 -1
1306 3523 -1
1306 3288 -1
340 1235 -1
340 1170 -1
340 884 -1
1314 3424 -1
1279 3424 -1
1314 3529 -1
1314 3375 -1
430 1798 -1
673 1798 -1
577 1798 -1
718 1798 -1
566 1798 -1
663 1798 -1
696 1798 -1
795 1798 -1
2284 3468 -1
2341 3468 -1
2094 3468 -1
2149 3468 -1
2284 3296 -1
2284 3355 -1
1194 3555 -1
1016 3555 -1
1194 3240 -1
1194 3423 -1
2353 3625 -1
2076 3625 -1
2254 3625 -1
750 2824 -1
1029 2136 -1
1188 2136 -1
1067 3366 -1
1201 3366 -1
931 3366 -1
998 3366 -1
1015 3366 -1
1067 3306 -1
1599 2095 -1
1524 2095 -1
1293 2095 -1
1434 3553 -1
1434 3392 -1
1434 3301 -1
2540 3273 -1
2540 3259 -1
559 3788 -1
368 3788 -1
705 3788 -1
819 3788 -1
2077 3540 -1
2302 3540 -1
1972 2544 -1
1667 2544 -1
2053 2544 -1
1637 2544 -1
1221 3325 -1
468 3092 -1
792 3092 -1
468 2960 -1
1866 3326 -1
1718 3326 -1
1680 3244 -1
1319 2413 -1
499 972 -1
499 1055 -1
499 855 -1
1528 2364 -1
1552 2364 -1
1323 2364 -1
1388 2364 -1
1526 2364 -1
3017 3867 -1
3201 3867 -1
3017 3828 -1
1165 2429 -1
1062 2429 -1
1165 2655 -1
1453 3281 -1
1591 3281 -1
1453 3586 -1
1453 3405 -1
1453 3383 -1
1980 2512 -1
1980 2445 -1
1980 2679 -1
1287 3174 -1
1355 3174 -1
1517 3174 -1
1571 3562 -1
1398 3562 -1
1571 3530 -1
1571 3551 -1
2359 3795 -1
2216 3795 -1
2891 3949 -1
53 2112 -1
84 2112 -1
2009 3645 -1
1681 3645 -1
1789 3645 -1
1814 3645 -1
2031 3645 -1
2009 3776 -1
2009 3993 -1
2009 3790 -1
597 1543 -1
744 1543 -1
496 1543 -1
707 1543 -1
572 1543 -1
374 1543 -1
597 1598 -1
2136 2937 -1
2136 2934 -1
241 1530 -1
80 1530 -1
1348 3462 -1
1389 3462 -1
1318 3462 -1
217 2785 -1
420 1768 -1
420 1912 -1
420 1700 -1
3122 3627 -1
2936 3627 -1
3209 3627 -1
3218 3627 -1
3163 3627 -1
1762 2136 -1
1966 2136 -1
543 3526 -1
1694 2473 -1
1694 2574 -1
533 2860 -1
536 2860 -1
537 2860 -1
725 2860 -1
533 3151 -1
1551 2077 -1
1339 2077 -1
1622 2077 -1
1614 2077 -1
1551 2302 -1
927 3503 -1
840 3503 -1
1344 2133 -1
1561 2133 -1
1523 2133 -1
1344 2128 -1
1344 2321 -1
1344 2268 -1
1344 2385 -1
1344 2247 -1
3181 3723 -1
600 2726 -1
600 2496 -1
600 2625 -1
600 2622 -1
3492 3717 -1
3492 3712 -1
3492 3807 -1
1474 3503 -1
2062 2930 -1
2060 2930 -1
2062 3162 -1
993 3716 -1
2384 3340 -1
2344 3340 -1
2350 3340 -1
2375 3340 -1
1322 2120 -1
3159 3854 -1
2901 3854 -1
3159 3898 -1
486 1943 -1
486 1707 -1
486 1861 -1
1053 3359 -1
1297 3713 -1
1280 3713 -1
1377 3713 -1
1444 3713 -1
1257 3713 -1
1388 3713 -1
1294 3713 -1
1552 3713 -1
1297 3778 -1
1324 3424 -1
1498 3424 -1
1629 3424 -1
1501 3424 -1
1324 3529 -1
1324 3375 -1
2997 3783 -1
705 3264 -1
368 3264 -1
819 3264 -1
559 3264 -1
3480 3920 -1
3332 3920 -1
3357 3920 -1
3480 3961 -1
3480 3682 -1
3480 3900 -1
3480 3703 -1
539 1150 -1
531 1150 -1
414 1150 -1
647 1150 -1
1538 3848 -1
1929 3694 -1
1666 3694 -1
1909 3694 -1
1975 3694 -1
1007 2051 -1
1056 2051 -1
693 2873 -1
800 2873 -1
693 3192 -1
693 3089 -1
693 2835 -1
693 3125 -1
2597 3978 -1
545 1173 -1
545 1090 -1
545 995 -1
545 837 -1
545 872 -1
545 1112 -1
545 894 -1
807 2053 -1
807 1888 -1
807 1667 -1
807 1972 -1
807 1637 -1
807 1894 -1
1578 2149 -1
1578 2340 -1
1578 2284 -1
1578 2341 -1
1578 2094 -1
1578 2089 -1
3201 3816 -1
3017 3816 -1
1704 3765 -1
2042 3765 -1
1851 3765 -1
1704 3974 -1
1282 3644 -1
1320 3644 -1
1433 3644 -1
1309 3644 -1
1422 2072 -1
1559 2072 -1
1413 2072 -1
1438 2072 -1
1383 2072 -1
1422 2337 -1
1744 3815 -1
1744 3803 -1
1744 3870 -1
1744 3751 -1
973 1777 -1
1236 1777 -1
1205 1777 -1
1070 1777 -1
1189 1777 -1
973 1922 -1
1714 3557 -1
1915 3557 -1
1714 3376 -1
3489 3637 -1
3418 3637 -1
3489 3862 -1
182 2707 -1
68 2707 -1
223 2707 -1
2145 3517 -1
2182 3517 -1
2145 3377 -1
2145 3374 -1
2036 3859 -1
1165 2705 -1
1062 2705 -1
1165 2442 -1
1585 3454 -1
1305 3454 -1
1373 2125 -1
1633 2125 -1
1276 2125 -1
1285 2125 -1
1454 2125 -1
1439 2198 -1
432 1792 -1
432 1799 -1
1900 3659 -1
1936 3659 -1
1759 3659 -1
330 2571 -1
195 2571 -1
15 2571 -1
1904 3084 -1
1190 3123 -1
949 3123 -1
1190 2896 -1
1190 3200 -1
1190 3185 -1
417 3526 -1
593 3526 -1
372 3526 -1
405 3526 -1
581 3526 -1
503 3526 -1
3189 3750 -1
2816 3750 -1
3027 3750 -1
3528 3647 -1
3476 3647 -1
3341 3647 -1
3528 3893 -1
888 2854 -1
1824 2258 -1
1724 2258 -1
1864 3636 -1
1877 3636 -1
2252 2967 -1
2240 2967 -1
2410 2967 -1
2155 2967 -1
2092 2967 -1
2138 2967 -1
2170 2967 -1
2252 2868 -1
2252 3179 -1
2252 3012 -1
1024 3003 -1
975 3003 -1
2001 3963 -1
2001 3748 -1
2001 3918 -1
1288 3712 -1
1395 3712 -1
1288 3717 -1
1288 3807 -1
3224 3896 -1
493 1059 -1
493 921 -1
493 1180 -1
2390 2668 -1
2226 2712 -1
2401 2712 -1
2412 2712 -1
2078 2712 -1
2343 2712 -1
2226 2751 -1
1937 3786 -1
1154 2763 -1
1154 2521 -1
1154 2642 -1
1154 2558 -1
1154 2606 -1
1053 3007 -1
1053 2956 -1
2262 3258 -1
1943 3264 -1
1707 3264 -1
1861 3264 -1
873 3191 -1
968 3191 -1
868 3191 -1
873 2811 -1
873 2837 -1
1987 3181 -1
231 1154 -1
249 1154 -1
55 1154 -1
316 1154 -1
102 1154 -1
79 1154 -1
1683 3652 -1
1786 3652 -1
1739 3652 -1
1683 3852 -1
1683 3979 -1
1683 3772 -1
1683 3797 -1
1683 3894 -1
762 3686 -1
761 3686 -1
762 3768 -1
762 3841 -1
762 3735 -1
762 3964 -1
762 3879 -1
1532 3694 -1
1605 3694 -1
1286 3694 -1
1544 3694 -1
1482 3694 -1
1426 3694 -1
1458 3694 -1
1404 3694 -1
1341 3694 -1
1829 2356 -1
3409 3681 -1
3411 3681 -1
1925 3862 -1
1925 3637 -1
105 3922 -1
71 3922 -1
105 3685 -1
105 3947 -1
105 3630 -1
105 3887 -1
105 3796 -1
105 3677 -1
1957 3611 -1
2059 3611 -1
1934 3611 -1
1960 3611 -1
1803 3611 -1
1678 3611 -1
2032 3611 -1
1812 3611 -1
1774 3611 -1
1655 3611 -1
1908 3611 -1
1818 3930 -1
1996 3856 -1
1756 3856 -1
1996 3769 -1
1996 3614 -1
1520 2340 -1
1393 2340 -1
1520 2089 -1
1520 2283 -1
1520 2149 -1
1520 2094 -1
1520 2299 -1
1494 2265 -1
2047 3009 -1
1408 3458 -1
1408 3577 -1
1408 3571 -1
1408 3415 -1
535 1016 -1
535 1194 -1
3416 3737 -1
3512 3737 -1
3577 3737 -1
3415 3737 -1
3416 3648 -1
3416 3811 -1
3416 3895 -1
1860 2246 -1
1860 2245 -1
1860 2278 -1
1860 2410 -1
1860 2092 -1
1860 2414 -1
1860 2222 -1
1860 2126 -1
1860 2135 -1
1860 2424 -1
1860 2235 -1
987 1377 -1
987 1280 -1
987 1444 -1
987 1257 -1
987 1388 -1
987 1294 -1
987 1552 -1
987 1297 -1
1544 2307 -1
1605 2307 -1
1286 2307 -1
1404 2307 -1
1482 2307 -1
1426 2307 -1
1458 2307 -1
1532 2307 -1
1341 2307 -1
1544 2292 -1
3011 3538 -1
3011 3342 -1
3011 3574 -1
1296 2295 -1
1368 2295 -1
1296 2091 -1
1865 3649 -1
1760 3649 -1
3392 3890 -1
3553 3890 -1
3301 3890 -1
3392 3833 -1
1084 3539 -1
1073 3539 -1
1084 3505 -1
1084 3370 -1
1084 3452 -1
693 2449 -1
800 2449 -1
2834 3701 -1
2850 3701 -1
3176 3701 -1
3213 3701 -1
2863 3701 -1
2832 3701 -1
3219 3701 -1
2805 3701 -1
3034 3701 -1
3036 3701 -1
658 1712 -1
658 1659 -1
658 1787 -1
658 1932 -1
3508 3942 -1
3329 3942 -1
3508 3727 -1
1569 3732 -1
1525 3732 -1
697 1904 -1
1973 3993 -1
1973 3776 -1
1973 3645 -1
2012 2837 -1
2012 2811 -1
2012 3191 -1
783 3834 -1
493 1182 -1
791 2732 -1
548 2732 -1
1108 1663 -1
1146 1663 -1
988 1663 -1
989 1663 -1
878 1663 -1
901 1663 -1
1108 1931 -1
3201 3836 -1
3017 3836 -1
422 1089 -1
592 1089 -1
695 1089 -1
422 1051 -1
2116 3385 -1
1411 3723 -1
1427 3723 -1
114 881 -1
354 881 -1
114 1058 -1
114 827 -1
1032 1633 -1
1032 1276 -1
1032 1373 -1
1032 1454 -1
1032 1285 -1
565 2873 -1
565 3192 -1
565 3089 -1
565 2835 -1
565 3125 -1
90 906 -1
90 1204 -1
12 2381 -1
324 2381 -1
12 2352 -1
12 2134 -1
1489 3281 -1
1489 3586 -1
1489 3405 -1
1489 3383 -1
3530 3677 -1
3562 3677 -1
3551 3677 -1
3530 3685 -1
3530 3947 -1
3530 3630 -1
3530 3887 -1
3530 3922 -1
3530 3796 -1
951 2942 -1
951 2838 -1
2398 3463 -1
2398 3587 -1
2398 3429 -1
2398 3461 -1
2398 3267 -1
2398 3527 -1
2398 3439 -1
2398 3523 -1
2398 3573 -1
2398 3288 -1
2398 3295 -1
2398 3421 -1
2398 3333 -1
1020 2172 -1
1020 2346 -1
1217 1469 -1
1217 1625 -1
1217 1516 -1
1595 3564 -1
1595 3491 -1
1616 2254 -1
1616 2353 -1
1616 2076 -1
1194 3501 -1
1016 3501 -1
1194 3546 -1
261 2468 -1
261 2599 -1
261 2452 -1
261 2557 -1
261 2439 -1
2357 3208 -1
2368 3208 -1
2281 3208 -1
2357 2959 -1
3141 3623 -1
1930 3802 -1
1794 3802 -1
2020 3802 -1
1735 3802 -1
1220 3327 -1
976 3327 -1
920 3327 -1
1211 3327 -1
997 3327 -1
1046 3327 -1
1220 3354 -1
1220 3534 -1
521 1363 -1
521 1555 -1
228 881 -1
268 881 -1
228 1058 -1
228 827 -1
96 861 -1
309 861 -1
2776 3962 -1
2776 3616 -1
2776 3809 -1
2047 3864 -1
1487 3362 -1
3181 3903 -1
3181 3617 -1
3181 3869 -1
3181 3950 -1
917 3397 -1
584 3042 -1
584 2947 -1
584 3045 -1
584 3175 -1
584 2993 -1
584 2809 -1
584 3228 -1
584 2909 -1
584 3006 -1
2149 2671 -1
2340 2671 -1
2284 2671 -1
2341 2671 -1
2094 2671 -1
2089 2671 -1
2149 2608 -1
2149 2609 -1
2149 2715 -1
2293 2655 -1
2293 2429 -1
845 2135 -1
1185 2135 -1
1018 2135 -1
1179 2135 -1
941 2135 -1
1019 2135 -1
845 2246 -1
845 2410 -1
845 2092 -1
845 2414 -1
845 2222 -1
845 2235 -1
845 2126 -1
745 1822 -1
3452 3955 -1
3505 3955 -1
3370 3955 -1
3395 3955 -1
3539 3955 -1
3452 3665 -1
1963 3918 -1
2017 3918 -1
1797 3918 -1
1967 3918 -1
1963 3963 -1
1963 3748 -1
397 3600 -1
569 3600 -1
439 3600 -1
721 3600 -1
756 3600 -1
407 3600 -1
793 3600 -1
691 1747 -1
1183 3194 -1
1203 3194 -1
1183 3072 -1
1183 2964 -1
2115 2661 -1
2146 2661 -1
2260 2661 -1
2165 2661 -1
666 2347 -1
770 2347 -1
392 2347 -1
620 2347 -1
626 2347 -1
627 2347 -1
602 2347 -1
380 2347 -1
3493 3626 -1
1533 3493 -1
1425 3493 -1
3400 3717 -1
3400 3712 -1
3400 3807 -1
1701 3603 -1
1701 3624 -1
1701 3761 -1
1701 3698 -1
1701 3991 -1
1701 3706 -1
1701 3804 -1
1701 3933 -1
2094 3561 -1
2284 3561 -1
2089 3561 -1
2340 3561 -1
2149 3561 -1
2341 3561 -1
2094 3361 -1
2094 3396 -1
2294 2967 -1
2294 2868 -1
2294 3179 -1
2294 3012 -1
556 2933 -1
785 2933 -1
553 2933 -1
556 3113 -1
556 2954 -1
660 3537 -1
592 3537 -1
425 3537 -1
400 3537 -1
695 3537 -1
1970 3065 -1
2024 3065 -1
1802 3065 -1
320 2313 -1
320 2192 -1
320 2103 -1
2727 3544 -1
2730 3544 -1
674 1768 -1
674 1912 -1
674 1700 -1
1813 3636 -1
370 2866 -1
964 3589 -1
1008 3589 -1
964 3303 -1
964 3464 -1
964 3563 -1
964 3591 -1
964 3510 -1
964 3262 -1
3244 3957 -1
1968 2329 -1
1958 2329 -1
1841 3848 -1
1387 2072 -1
1400 2072 -1
1252 2072 -1
1509 2072 -1
1462 2072 -1
1387 2337 -1
2932 3724 -1
3097 3724 -1
3138 3724 -1
3205 3724 -1
3215 3724 -1
2158 3716 -1
3373 3984 -1
3373 3938 -1
3373 3819 -1
2099 3633 -1
2132 3633 -1
2099 3969 -1
2099 3746 -1
2099 3621 -1
2099 3818 -1
2099 3607 -1
2099 3726 -1
2099 3845 -1
2099 3959 -1
2099 3928 -1
2099 3612 -1
2099 3837 -1
2099 3839 -1
933 1453 -1
933 1591 -1
697 3447 -1
697 3261 -1
3125 3845 -1
3186 3845 -1
3089 3845 -1
3058 3845 -1
2835 3845 -1
3192 3845 -1
2873 3845 -1
3125 3969 -1
3125 3621 -1
3125 3886 -1
3125 3632 -1
3125 3633 -1
3125 3734 -1
3125 3607 -1
3125 3837 -1
2415 3334 -1
2114 3334 -1
2070 3334 -1
683 2347 -1
703 2347 -1
98 2227 -1
79 2227 -1
198 2227 -1
55 2227 -1
98 2164 -1
98 2196 -1
98 2349 -1
3423 3694 -1
3240 3694 -1
3555 3694 -1
3160 3527 -1
3076 3527 -1
3160 3587 -1
3160 3429 -1
3160 3333 -1
3160 3267 -1
3160 3463 -1
3160 3439 -1
3160 3523 -1
3160 3573 -1
3160 3288 -1
3160 3295 -1
3160 3421 -1
3160 3461 -1
1457 3458 -1
1432 3458 -1
1457 3577 -1
1457 3571 -1
1457 3415 -1
2555 3257 -1
2648 3257 -1
2546 3257 -1
1638 3992 -1
2012 3988 -1
1574 2289 -1
1364 2289 -1
1574 2287 -1
628 2072 -1
628 2337 -1
1542 2361 -1
1372 2361 -1
1316 2361 -1
1542 2270 -1
705 1205 -1
368 1205 -1
819 1205 -1
559 1205 -1
705 1236 -1
705 973 -1
705 1070 -1
705 1189 -1
1306 3595 -1
1262 3595 -1
1306 3282 -1
1889 3640 -1
1967 3640 -1
1863 3640 -1
1797 3640 -1
2061 3640 -1
1889 3771 -1
1889 3956 -1
1422 2863 -1
1559 2863 -1
1413 2863 -1
1438 2863 -1
1383 2863 -1
1422 2850 -1
1422 3176 -1
1422 3213 -1
1422 2832 -1
1422 2834 -1
1422 3219 -1
1422 2805 -1
180 2613 -1
212 2613 -1
236 2613 -1
126 2613 -1
180 2607 -1
641 1799 -1
641 1792 -1
1786 2495 -1
1739 2495 -1
1683 2495 -1
254 830 -1
254 1038 -1
254 1069 -1
254 1022 -1
2029 3644 -1
563 1443 -1
1752 3598 -1
2064 3598 -1
1945 3598 -1
1807 3598 -1
1878 3598 -1
1711 3598 -1
1752 3736 -1
1752 3857 -1
1953 3907 -1
1953 3939 -1
1953 3741 -1
1953 3927 -1
1024 3211 -1
975 3211 -1
65 2157 -1
352 2157 -1
6 2157 -1
357 2157 -1
30 2157 -1
1900 3889 -1
1936 3889 -1
1759 3889 -1
1900 3760 -1
1734 2258 -1
1635 2258 -1
243 2707 -1
1831 3610 -1
1715 3610 -1
1846 3610 -1
1831 3657 -1
1831 3860 -1
801 850 -1
801 1110 -1
1433 3889 -1
1320 3889 -1
1282 3889 -1
1309 3889 -1
1433 3760 -1
2359 3675 -1
2216 3675 -1
894 1754 -1
872 1754 -1
1090 1754 -1
995 1754 -1
1173 1754 -1
2921 3614 -1
2921 3856 -1
2921 3769 -1
3067 3846 -1
2810 3846 -1
2793 3418 -1
2577 3418 -1
2470 3418 -1
2478 3418 -1
2793 3489 -1
2420 3182 -1
2272 3182 -1
2185 3182 -1
2389 3182 -1
2410 3291 -1
2240 3291 -1
2208 3291 -1
2246 3291 -1
2252 3291 -1
2155 3291 -1
2092 3291 -1
2222 3291 -1
2414 3291 -1
2126 3291 -1
2135 3291 -1
2138 3291 -1
2235 3291 -1
2170 3291 -1
2079 3291 -1
1206 3188 -1
1206 3169 -1
1206 3030 -1
1825 3908 -1
1825 3924 -1
1264 3033 -1
1970 3865 -1
2024 3865 -1
1802 3865 -1
2817 3745 -1
243 932 -1
1713 3807 -1
1696 3807 -1
1834 3807 -1
1875 3807 -1
1713 3712 -1
1713 3717 -1
1468 2289 -1
1468 2287 -1
1466 2423 -1
1466 2272 -1
1466 2185 -1
1466 2389 -1
1466 2335 -1
860 3344 -1
860 3552 -1
860 3268 -1
860 3286 -1
923 2961 -1
1265 3513 -1
1846 3938 -1
1715 3938 -1
1831 3938 -1
1846 3984 -1
1846 3819 -1
3141 3850 -1
3141 3736 -1
3141 3825 -1
3141 3857 -1
1245 3602 -1
1370 3602 -1
1547 3602 -1
1421 3602 -1
1527 2120 -1
796 2963 -1
796 3216 -1
735 3241 -1
450 3447 -1
426 3447 -1
518 3447 -1
622 3447 -1
450 3261 -1
2273 3096 -1
846 2923 -1
1088 2923 -1
1033 2923 -1
1116 2923 -1
1197 2923 -1
902 2923 -1
846 2953 -1
846 2919 -1
435 1699 -1
435 1840 -1
435 1918 -1
1645 3911 -1
2921 3963 -1
2921 3748 -1
2921 3918 -1
1730 3645 -1
1730 3776 -1
1730 3993 -1
1730 3790 -1
1634 3293 -1
1514 3293 -1
1554 3293 -1
1415 3293 -1
1634 3482 -1
951 3273 -1
951 3259 -1
1529 2071 -1
1794 3856 -1
1930 3856 -1
2020 3856 -1
1735 3856 -1
1794 3769 -1
1794 3614 -1
2932 3600 -1
3097 3600 -1
3138 3600 -1
3205 3600 -1
3215 3600 -1
150 1445 -1
3579 3897 -1
1424 3441 -1
1424 3566 -1
1424 3255 -1
559 2252 -1
368 2252 -1
705 2252 -1
819 2252 -1
559 2240 -1
559 2410 -1
559 2155 -1
559 2092 -1
559 2138 -1
559 2170 -1
248 1188 -1
226 1188 -1
116 1188 -1
122 1188 -1
69 1188 -1
248 1029 -1
2319 3894 -1
2275 3894 -1
2180 3894 -1
2319 3652 -1
2319 3772 -1
2319 3852 -1
2818 3766 -1
1022 1970 -1
1038 1970 -1
1069 1970 -1
830 1970 -1
1022 2024 -1
1022 1802 -1
705 1146 -1
368 1146 -1
819 1146 -1
559 1146 -1
705 1108 -1
705 989 -1
705 878 -1
705 901 -1
2804 3752 -1
3048 3714 -1
3193 3714 -1
3187 3714 -1
2853 3714 -1
3126 3714 -1
678 953 -1
375 953 -1
678 1027 -1
559 3447 -1
368 3447 -1
705 3447 -1
819 3447 -1
559 3261 -1
2099 3719 -1
2132 3719 -1
3096 3993 -1
3096 3776 -1
3096 3645 -1
3141 3883 -1
352 2681 -1
65 2681 -1
6 2681 -1
357 2681 -1
30 2681 -1
617 3589 -1
617 3303 -1
617 3464 -1
617 3563 -1
617 3591 -1
617 3510 -1
617 3262 -1
2942 3627 -1
2838 3627 -1
290 2767 -1
1478 2188 -1
717 3120 -1
1823 2843 -1
1657 2843 -1
1684 2843 -1
1743 2843 -1
780 2398 -1
434 2615 -1
648 2615 -1
506 2615 -1
2953 3480 -1
2923 3480 -1
2919 3480 -1
2953 3332 -1
2953 3357 -1
1883 3791 -1
1909 3791 -1
1902 3791 -1
1975 3791 -1
2018 3645 -1
2018 3776 -1
2018 3993 -1
2018 3790 -1
379 2933 -1
809 2933 -1
379 3113 -1
379 2954 -1
1889 2906 -1
1967 2906 -1
1863 2906 -1
1797 2906 -1
2061 2906 -1
1889 3082 -1
1889 3055 -1
2660 2937 -1
2660 2934 -1
2012 3753 -1
605 2072 -1
605 2337 -1
2766 3477 -1
2532 3477 -1
2534 3477 -1
2636 3477 -1
2477 3477 -1
2511 3477 -1
2780 3477 -1
141 1235 -1
141 1170 -1
141 884 -1
687 972 -1
687 1055 -1
687 855 -1
230 1188 -1
136 1188 -1
63 1188 -1
319 1188 -1
284 1188 -1
215 1188 -1
230 1029 -1
2300 3975 -1
1322 2234 -1
1929 3644 -1
1666 3644 -1
1909 3644 -1
1975 3644 -1
1914 3776 -1
1914 3993 -1
1914 3645 -1
1914 3790 -1
1301 2385 -1
1301 2406 -1
1301 2247 -1
1301 2321 -1
1301 2127 -1
1301 2128 -1
1301 2324 -1
1301 2133 -1
1301 2268 -1
2388 3866 -1
2407 3866 -1
1167 2857 -1
1167 2978 -1
1167 3153 -1
1167 3146 -1
1167 2957 -1
1167 2897 -1
1167 3129 -1
180 3957 -1
212 3957 -1
236 3957 -1
126 3957 -1
3557 3786 -1
3376 3786 -1
3219 3891 -1
2850 3891 -1
3176 3891 -1
3213 3891 -1
2863 3891 -1
2832 3891 -1
2834 3891 -1
2805 3891 -1
3034 3891 -1
3036 3891 -1
3219 3709 -1
2125 2762 -1
2125 2593 -1
2125 2444 -1
553 1021 -1
785 1021 -1
556 1021 -1
2265 3595 -1
2265 3282 -1
587 3177 -1
540 3177 -1
610 3177 -1
444 3177 -1
581 3177 -1
405 3177 -1
882 3529 -1
882 3424 -1
882 3375 -1
1339 2100 -1
1622 2100 -1
1614 2100 -1
1551 2100 -1
698 1450 -1
1693 3108 -1
1698 3108 -1
1879 3108 -1
1693 3044 -1
1693 2894 -1
2865 3630 -1
2888 3630 -1
2822 3630 -1
2865 3685 -1
2865 3947 -1
2865 3887 -1
2865 3922 -1
2865 3796 -1
2865 3677 -1
142 514 -1
2313 2762 -1
2192 2762 -1
2103 2762 -1
2313 2593 -1
2313 2444 -1
1548 3588 -1
1584 3588 -1
1548 3516 -1
1548 3311 -1
1287 2999 -1
1355 2999 -1
1517 2999 -1
2421 3423 -1
2421 3240 -1
2421 3555 -1
1538 2914 -1
87 915 -1
362 915 -1
237 915 -1
87 1080 -1
87 1138 -1
1125 3342 -1
1125 3538 -1
1125 3574 -1
1195 3543 -1
1904 3217 -1
1904 2913 -1
1904 2885 -1
1072 3277 -1
999 3277 -1
3181 3861 -1
1768 2936 -1
1912 2936 -1
1700 2936 -1
1768 3209 -1
1768 3122 -1
1768 3163 -1
1768 3218 -1
321 2479 -1
197 2479 -1
135 2479 -1
2337 3457 -1
2072 3457 -1
2337 3300 -1
2337 3470 -1
2337 3440 -1
2337 3381 -1
2337 3581 -1
2337 3422 -1
1756 2843 -1
1996 2843 -1
1978 2963 -1
1978 3216 -1
520 2873 -1
496 2873 -1
374 2873 -1
520 3192 -1
520 3089 -1
520 2835 -1
520 3125 -1
1574 2423 -1
1364 2423 -1
1574 2272 -1
1574 2185 -1
1574 2389 -1
1574 2335 -1
1113 2818 -1
1511 2077 -1
1511 2302 -1
1930 3822 -1
1794 3822 -1
2020 3822 -1
1735 3822 -1
1549 3035 -1
1549 2908 -1
426 1069 -1
450 1069 -1
518 1069 -1
426 1038 -1
426 830 -1
426 1022 -1
1214 3013 -1
1243 3516 -1
1243 3588 -1
1243 3311 -1
3208 3973 -1
2959 3973 -1
371 1352 -1
478 1089 -1
449 1089 -1
738 1089 -1
554 1089 -1
748 1089 -1
463 1089 -1
571 1089 -1
478 1051 -1
2013 2776 -1
1801 2776 -1
1658 2776 -1
2044 2776 -1
762 3177 -1
761 3177 -1
2359 3625 -1
2216 3625 -1
2983 3758 -1
2983 3906 -1
3536 3837 -1
3590 3837 -1
3536 3969 -1
3536 3746 -1
3536 3621 -1
3536 3818 -1
3536 3959 -1
3536 3726 -1
3536 3633 -1
3536 3607 -1
3536 3928 -1
3536 3839 -1
3536 3612 -1
3536 3845 -1
89 2168 -1
89 2416 -1
20 1207 -1
20 841 -1
20 1010 -1
1836 3053 -1
703 1593 -1
683 1593 -1
603 1886 -1
603 1691 -1
2121 2668 -1
779 2824 -1
834 1666 -1
834 1929 -1
834 1909 -1
834 1975 -1
1538 3223 -1
1595 2484 -1
150 1413 -1
150 1383 -1
150 1438 -1
150 1422 -1
150 1559 -1
3320 3702 -1
3467 3702 -1
3320 3755 -1
3151 3372 -1
2860 3372 -1
2354 3449 -1
2354 3495 -1
2354 3284 -1
2354 3558 -1
2354 3575 -1
1778 2779 -1
3536 3821 -1
3590 3821 -1
1571 2407 -1
1398 2407 -1
1571 2388 -1
2370 2451 -1
2377 2451 -1
2394 2451 -1
2027 2922 -1
484 2014 -1
1638 3096 -1
2335 3862 -1
2272 3862 -1
2185 3862 -1
2389 3862 -1
2423 3862 -1
2335 3637 -1
556 1053 -1
785 1053 -1
553 1053 -1
254 2176 -1
1968 3627 -1
1958 3627 -1
1072 3252 -1
999 3252 -1
462 3079 -1
1722 3821 -1
1282 3612 -1
1320 3612 -1
1433 3612 -1
1309 3612 -1
1282 3746 -1
1282 3749 -1
1282 3718 -1
1282 3818 -1
1282 3874 -1
1282 3726 -1
1282 3633 -1
1282 3762 -1
1282 3987 -1
1282 3959 -1
1282 3928 -1
1282 3837 -1
1282 3839 -1
2186 2475 -1
2186 2488 -1
2355 2503 -1
2077 3513 -1
2302 3513 -1
2390 2787 -1
874 1263 -1
852 1263 -1
874 1345 -1
874 1589 -1
874 1414 -1
306 3425 -1
227 3425 -1
270 3425 -1
306 3408 -1
1565 3083 -1
1275 3083 -1
1557 3083 -1
1503 3083 -1
1565 3139 -1
921 3404 -1
1059 3404 -1
1180 3404 -1
2840 3841 -1
3046 3841 -1
2829 3841 -1
3157 3841 -1
2902 3841 -1
3000 3841 -1
3002 3841 -1
3165 3841 -1
2840 3768 -1
2840 3735 -1
2840 3964 -1
2840 3686 -1
2840 3879 -1
1551 3732 -1
1339 3732 -1
1622 3732 -1
1614 3732 -1
1532 3426 -1
1605 3426 -1
1286 3426 -1
1544 3426 -1
1482 3426 -1
1426 3426 -1
1458 3426 -1
1404 3426 -1
1341 3426 -1
1818 3846 -1
1880 2566 -1
1945 2566 -1
1807 2566 -1
1660 2566 -1
1677 2566 -1
1885 2566 -1
1880 2496 -1
1880 2625 -1
808 3301 -1
808 3392 -1
808 3553 -1
1009 3363 -1
1009 3535 -1
3363 3995 -1
3535 3995 -1
2279 3594 -1
1154 1714 -1
1154 1915 -1
39 1170 -1
39 1235 -1
39 884 -1
497 1799 -1
650 1799 -1
635 1799 -1
497 1792 -1
1067 3337 -1
1201 3337 -1
931 3337 -1
998 3337 -1
1015 3337 -1
3310 3723 -1
3046 3771 -1
2825 3771 -1
2829 3771 -1
2840 3771 -1
3000 3771 -1
3002 3771 -1
3165 3771 -1
3046 3640 -1
3046 3956 -1
1654 2818 -1
371 3153 -1
371 3129 -1
371 2857 -1
235 2468 -1
104 2468 -1
235 2599 -1
235 2452 -1
235 2557 -1
235 2439 -1
1937 3656 -1
1937 3789 -1
646 2824 -1
1508 2614 -1
238 2571 -1
617 2851 -1
710 3582 -1
710 3275 -1
2028 3308 -1
1883 3706 -1
1909 3706 -1
1902 3706 -1
1975 3706 -1
1883 3624 -1
1883 3761 -1
1883 3698 -1
1883 3603 -1
1883 3991 -1
1883 3804 -1
1883 3933 -1
379 3137 -1
809 3137 -1
379 2943 -1
379 3023 -1
3152 3688 -1
2199 2955 -1
2012 3952 -1
2012 3792 -1
2012 3849 -1
2012 3599 -1
2012 3982 -1
2012 3655 -1
3291 3694 -1
515 3206 -1
515 3170 -1
515 2844 -1
515 2886 -1
515 2895 -1
927 3308 -1
840 3308 -1
574 3565 -1
574 3592 -1
574 3490 -1
574 3583 -1
574 3285 -1
574 3269 -1
208 1145 -1
1763 3822 -1
3489 3681 -1
3418 3681 -1
497 3253 -1
650 3253 -1
635 3253 -1
3054 3995 -1
643 3289 -1
711 3289 -1
554 865 -1
449 865 -1
738 865 -1
748 865 -1
463 865 -1
571 865 -1
478 865 -1
554 1114 -1
554 1091 -1
554 938 -1
2327 3736 -1
2162 3736 -1
2363 3736 -1
2422 3736 -1
2327 3825 -1
2327 3850 -1
2327 3598 -1
2327 3857 -1
1709 3918 -1
1709 3963 -1
1709 3748 -1
3397 3998 -1
2357 3482 -1
2368 3482 -1
2281 3482 -1
2357 3293 -1
668 3124 -1
668 3155 -1
668 2813 -1
1297 2161 -1
1280 2161 -1
1377 2161 -1
1444 2161 -1
1257 2161 -1
1388 2161 -1
1294 2161 -1
1552 2161 -1
1491 3644 -1
1347 3644 -1
1284 3644 -1
1479 3644 -1
1257 3644 -1
1294 3644 -1
1553 3644 -1
1238 3644 -1
1940 3933 -1
1940 3624 -1
1940 3761 -1
1940 3698 -1
1940 3603 -1
1940 3991 -1
1940 3706 -1
1940 3804 -1
402 3447 -1
688 3447 -1
579 3447 -1
701 3447 -1
402 3261 -1
748 1768 -1
449 1768 -1
738 1768 -1
554 1768 -1
463 1768 -1
571 1768 -1
478 1768 -1
748 1912 -1
748 1700 -1
1794 3923 -1
1930 3923 -1
2020 3923 -1
1735 3923 -1
126 2120 -1
180 2120 -1
212 2120 -1
236 2120 -1
1827 2267 -1
1827 2296 -1
1827 2387 -1
1827 2212 -1
1827 2119 -1
578 1768 -1
578 1912 -1
578 1700 -1
2061 2374 -1
1889 2374 -1
1967 2374 -1
1797 2374 -1
1863 2374 -1
2061 2326 -1
1245 2130 -1
1370 2130 -1
1547 2130 -1
1421 2130 -1
2407 3050 -1
2388 3050 -1
1349 3566 -1
1349 3441 -1
1349 3255 -1
1743 3338 -1
1657 3338 -1
1684 3338 -1
1823 3338 -1
1743 3504 -1
119 3477 -1
2776 3950 -1
2776 3617 -1
2776 3869 -1
2776 3903 -1
2095 3786 -1
273 2765 -1
273 2643 -1
273 2773 -1
273 2719 -1
1548 3496 -1
1584 3496 -1
783 3348 -1
2230 3409 -1
2373 3409 -1
2230 3411 -1
324 2621 -1
12 2621 -1
1478 2289 -1
1478 2287 -1
1321 3420 -1
1490 3259 -1
1522 3259 -1
1572 3259 -1
1342 3259 -1
1490 3273 -1
228 1878 -1
268 1878 -1
228 1752 -1
228 1711 -1
316 2089 -1
249 2089 -1
79 2089 -1
55 2089 -1
102 2089 -1
231 2089 -1
316 2283 -1
316 2340 -1
316 2149 -1
316 2094 -1
316 2299 -1
1077 3156 -1
1077 2819 -1
1354 3410 -1
873 2863 -1
968 2863 -1
868 2863 -1
873 2850 -1
873 3176 -1
873 3213 -1
873 2832 -1
873 2834 -1
873 3219 -1
873 2805 -1
1513 3454 -1
1845 3739 -1
243 1722 -1
2187 3512 -1
2187 3416 -1
2187 3577 -1
2187 3415 -1
1571 3069 -1
1398 3069 -1
1571 2892 -1
1989 3762 -1
1989 3874 -1
1989 3749 -1
1989 3718 -1
1989 3987 -1
1989 3959 -1
1989 3612 -1
104 2194 -1
235 2194 -1
142 3301 -1
142 3392 -1
142 3553 -1
823 3093 -1
1041 3093 -1
1036 3093 -1
823 3018 -1
2657 3420 -1
2596 3420 -1
1020 1531 -1
1020 1464 -1
436 3315 -1
436 3414 -1
886 3363 -1
886 3535 -1
680 3289 -1
538 3289 -1
661 3289 -1
1453 3513 -1
1591 3513 -1
2023 3980 -1
1952 3980 -1
1946 3980 -1
1811 3980 -1
1839 3980 -1
9 3477 -1
1395 2177 -1
1288 2177 -1
1774 2989 -1
1803 2989 -1
1678 2989 -1
1812 2989 -1
1687 2989 -1
1947 2989 -1
1697 2989 -1
1957 2989 -1
1960 2989 -1
1842 2989 -1
1652 2989 -1
1853 2989 -1
2059 2989 -1
1735 2989 -1
1993 2989 -1
1873 2989 -1
1876 2989 -1
1934 2989 -1
2020 2989 -1
1901 2989 -1
2032 2989 -1
1908 2989 -1
1655 2989 -1
2040 2989 -1
1774 3147 -1
499 891 -1
499 1105 -1
499 918 -1
499 889 -1
777 3116 -1
1972 2462 -1
1667 2462 -1
2053 2462 -1
1637 2462 -1
1972 2620 -1
1972 2780 -1
1972 2733 -1
1972 2477 -1
1243 2310 -1
1929 3884 -1
1666 3884 -1
1909 3884 -1
1975 3884 -1
1929 3968 -1
1929 3965 -1
1773 3728 -1
1924 3728 -1
1773 3699 -1
1591 3205 -1
1453 3205 -1
1591 3097 -1
1591 3138 -1
1591 2932 -1
1591 3215 -1
846 2942 -1
1088 2942 -1
1033 2942 -1
1116 2942 -1
1197 2942 -1
902 2942 -1
846 2838 -1
1349 3511 -1
3283 3854 -1
3272 3854 -1
3436 3854 -1
3283 3898 -1
1497 2086 -1
1412 2086 -1
2284 3973 -1
2341 3973 -1
2094 3973 -1
2149 3973 -1
2005 3785 -1
1810 3785 -1
2037 3785 -1
1990 3785 -1
488 1084 -1
488 1073 -1
1961 3839 -1
1910 3839 -1
1961 3746 -1
1961 3818 -1
1961 3726 -1
1961 3633 -1
1961 3959 -1
1961 3928 -1
1961 3612 -1
1961 3837 -1
1923 3863 -1
1923 3882 -1
1554 3847 -1
1536 3847 -1
1634 3847 -1
1415 3847 -1
1514 3847 -1
1242 3847 -1
1467 3847 -1
1554 3596 -1
19 3443 -1
155 3443 -1
19 3498 -1
19 3450 -1
1000 3751 -1
825 3751 -1
828 3751 -1
1000 3803 -1
1000 3870 -1
1000 3815 -1
2614 3487 -1
2614 3471 -1
933 1589 -1
933 1345 -1
933 1414 -1
933 1263 -1
1168 2458 -1
858 2458 -1
1079 2458 -1
1577 2423 -1
1577 2272 -1
1577 2185 -1
1577 2389 -1
1577 2335 -1
2264 2699 -1
978 3050 -1
1451 2265 -1
1563 2265 -1
1476 2265 -1
53 2122 -1
84 2122 -1
53 2290 -1
53 2163 -1
53 2244 -1
53 2206 -1
2021 2971 -1
1748 2971 -1
538 1220 -1
680 1220 -1
661 1220 -1
538 976 -1
538 920 -1
538 1211 -1
538 997 -1
538 1046 -1
2308 3724 -1
2018 3802 -1
1214 2909 -1
1214 2993 -1
1214 3042 -1
1214 3228 -1
1214 3006 -1
699 3586 -1
699 3281 -1
699 3405 -1
699 3383 -1
1887 3626 -1
1457 3487 -1
1432 3487 -1
1457 3471 -1
1362 3564 -1
1359 3564 -1
1362 3491 -1
2073 2762 -1
2073 2593 -1
2073 2444 -1
553 1029 -1
785 1029 -1
556 1029 -1
553 1188 -1
599 1822 -1
350 2508 -1
1264 2717 -1
1264 2746 -1
1264 2741 -1
142 729 -1
142 504 -1
142 562 -1
142 730 -1
26 2427 -1
1008 3503 -1
964 3503 -1
1392 2278 -1
1392 2424 -1
1392 2414 -1
1392 2316 -1
1392 2245 -1
1392 2246 -1
728 3129 -1
728 2978 -1
728 2897 -1
728 2857 -1
728 3146 -1
728 2957 -1
728 3153 -1
1299 2208 -1
1299 2170 -1
1299 2092 -1
1299 2410 -1
1299 2079 -1
1053 3538 -1
1053 3342 -1
1053 3574 -1
247 2144 -1
50 2144 -1
247 2312 -1
247 2336 -1
247 2315 -1
247 2237 -1
53 2160 -1
84 2160 -1
53 2362 -1
53 2323 -1
53 2210 -1
53 2215 -1
2057 3901 -1
1785 3901 -1
2006 3901 -1
1727 3901 -1
2057 3997 -1
337 1188 -1
265 1188 -1
202 1188 -1
315 1188 -1
4 1188 -1
58 1188 -1
337 1029 -1
1653 3860 -1
1653 3657 -1
1653 3610 -1
1139 1575 -1
925 1575 -1
3048 3701 -1
3193 3701 -1
3187 3701 -1
2853 3701 -1
3126 3701 -1
465 1796 -1
71 876 -1
105 876 -1
1626 3281 -1
1626 3586 -1
1626 3405 -1
1626 3383 -1
1471 3648 -1
1471 3737 -1
1471 3811 -1
1471 3895 -1
2789 3678 -1
2550 3678 -1
2711 3678 -1
339 1125 -1
2035 2819 -1
2035 3156 -1
1493 3390 -1
1250 3390 -1
116 3443 -1
248 3443 -1
226 3443 -1
69 3443 -1
116 3498 -1
116 3450 -1
3499 3683 -1
2390 2699 -1
144 2281 -1
144 2368 -1
144 2357 -1
1331 2127 -1
1331 2321 -1
1331 2385 -1
1331 2406 -1
1331 2247 -1
765 3594 -1
3520 3855 -1
1727 3998 -1
2057 3998 -1
2006 3998 -1
1785 3998 -1
278 834 -1
1880 2673 -1
1945 2673 -1
1807 2673 -1
1660 2673 -1
1677 2673 -1
1885 2673 -1
578 1900 -1
578 1936 -1
578 1759 -1
1804 2651 -1
1804 2529 -1
1181 1290 -1
1096 3531 -1
1096 3330 -1
1096 3445 -1
1864 3677 -1
1877 3677 -1
1864 3685 -1
1864 3947 -1
1864 3630 -1
1864 3887 -1
1864 3922 -1
1864 3796 -1
2287 3595 -1
2289 3595 -1
2287 3282 -1
541 901 -1
747 901 -1
799 901 -1
541 1108 -1
541 1146 -1
541 988 -1
541 989 -1
541 878 -1
2978 3730 -1
2897 3730 -1
3146 3730 -1
3129 3730 -1
2957 3730 -1
2857 3730 -1
2978 3631 -1
2919 3722 -1
2953 3722 -1
2923 3722 -1
1885 3607 -1
1880 3607 -1
1945 3607 -1
1677 3607 -1
1807 3607 -1
1885 3969 -1
1885 3621 -1
1885 3633 -1
1885 3837 -1
1885 3845 -1
1803 3693 -1
1664 3693 -1
1957 3693 -1
1934 3693 -1
1960 3693 -1
2059 3693 -1
1678 3693 -1
2032 3693 -1
1908 3693 -1
1774 3693 -1
1655 3693 -1
1812 3693 -1
1803 3904 -1
1803 3880 -1
1803 3668 -1
1803 3608 -1
1502 2391 -1
1502 2080 -1
1502 2400 -1
1502 2330 -1
779 2908 -1
779 3035 -1
1047 1336 -1
1047 1317 -1
142 2771 -1
142 2587 -1
860 3402 -1
860 3428 -1
531 3348 -1
427 3348 -1
391 3348 -1
647 3348 -1
542 3348 -1
414 3348 -1
539 3348 -1
766 3348 -1
750 1801 -1
750 1658 -1
750 2013 -1
1794 3907 -1
1930 3907 -1
2020 3907 -1
1735 3907 -1
1794 3939 -1
1794 3741 -1
1794 3927 -1
2339 3845 -1
2185 3845 -1
2389 3845 -1
2383 3845 -1
2339 3969 -1
2339 3621 -1
2339 3886 -1
2339 3632 -1
2339 3633 -1
2339 3734 -1
2339 3607 -1
2339 3837 -1
1972 2548 -1
1667 2548 -1
2053 2548 -1
1637 2548 -1
1972 2493 -1
1393 3448 -1
1520 3448 -1
2061 3997 -1
1889 3997 -1
1967 3997 -1
1797 3997 -1
1863 3997 -1
2061 3901 -1
2287 3421 -1
2289 3421 -1
2287 3587 -1
2287 3429 -1
2287 3527 -1
2287 3463 -1
2287 3439 -1
2287 3573 -1
2287 3295 -1
1594 2184 -1
2225 3821 -1
3038 3842 -1
777 3286 -1
777 3344 -1
777 3552 -1
777 3268 -1
1767 3910 -1
2034 3910 -1
1497 2123 -1
1412 2123 -1
2030 3798 -1
1745 3798 -1
1942 3798 -1
2030 3597 -1
1062 1357 -1
1165 1357 -1
561 978 -1
1953 3859 -1
1107 3503 -1
290 2540 -1
3202 3695 -1
1359 3341 -1
1362 3341 -1
1359 3528 -1
1359 3476 -1
2912 3687 -1
3032 3687 -1
1287 3044 -1
1355 3044 -1
1517 3044 -1
1287 3130 -1
1287 3108 -1
1287 2894 -1
646 2398 -1
953 3144 -1
1027 3144 -1
2007 3982 -1
1800 3982 -1
1954 3982 -1
2007 3936 -1
2007 3792 -1
2007 3655 -1
2007 3849 -1
2007 3756 -1
2007 3599 -1
2007 3952 -1
3502 3805 -1
3502 3912 -1
3502 3913 -1
806 3206 -1
771 3206 -1
806 3170 -1
806 2844 -1
806 2886 -1
806 2895 -1
1284 3525 -1
1347 3525 -1
1479 3525 -1
1257 3525 -1
1294 3525 -1
1553 3525 -1
1491 3525 -1
1238 3525 -1
428 895 -1
760 895 -1
412 895 -1
1571 2190 -1
1398 2190 -1
2881 3600 -1
658 3259 -1
658 3273 -1
1485 2310 -1
2039 3834 -1
1776 3834 -1
1746 3834 -1
2246 2728 -1
2245 2728 -1
2278 2728 -1
2410 2728 -1
2092 2728 -1
2414 2728 -1
2222 2728 -1
2126 2728 -1
2135 2728 -1
2424 2728 -1
2235 2728 -1
758 933 -1
2180 3245 -1
2275 3245 -1
2319 3245 -1
1804 3931 -1
1804 3654 -1
1093 3102 -1
793 1829 -1
569 1829 -1
756 1829 -1
397 1829 -1
485 1791 -1
616 2252 -1
455 2252 -1
616 2240 -1
616 2410 -1
616 2155 -1
616 2092 -1
616 2138 -1
616 2170 -1
23 3425 -1
258 3425 -1
103 3425 -1
124 3425 -1
167 3425 -1
23 3408 -1
1675 3932 -1
1639 3573 -1
1639 3587 -1
1639 3429 -1
1639 3527 -1
1639 3463 -1
1639 3439 -1
1639 3421 -1
1639 3295 -1
2849 3779 -1
3063 3779 -1
409 1134 -1
669 1134 -1
409 1136 -1
409 1121 -1
409 1137 -1
846 2857 -1
1088 2857 -1
1033 2857 -1
1116 2857 -1
1197 2857 -1
902 2857 -1
846 2978 -1
846 3153 -1
846 3146 -1
846 2957 -1
846 2897 -1
846 3129 -1
1661 3603 -1
1661 3624 -1
1661 3761 -1
1661 3698 -1
1661 3991 -1
1661 3706 -1
1661 3804 -1
1661 3933 -1
