383 639 1
626 792 1
794 813 1
598 667 1
566 629 1
446 669 1
396 683 1
419 786 1
396 426 1
426 683 1
606 791 1
586 707 1
394 657 1
496 812 1
713 777 1
603 672 1
548 819 1
637 678 1
704 721 1
444 635 1
596 787 1
495 532 1
532 785 1
495 785 1
761 774 1
756 784 1
645 762 1
665 737 1
441 497 1
462 658 1
442 656 1
644 694 1
469 555 1
472 521 1
517 703 1
412 527 1
551 779 1
467 507 1
697 725 1
683 805 1
426 805 1
396 805 1
476 801 1
574 696 1
535 620 1
669 798 1
446 798 1
496 733 1
733 812 1
574 651 1
651 696 1
640 753 1
614 693 1
576 699 1
512 712 1
510 713 1
510 777 1
492 714 1
428 439 1
454 510 1
454 713 1
454 777 1
523 755 1
754 787 1
596 754 1
405 554 1
415 665 1
415 737 1
609 770 1
575 732 1
388 431 1
426 426 1
460 533 1
644 736 1
694 736 1
404 818 1
437 816 1
673 704 1
673 721 1
520 652 1
399 653 1
377 400 1
706 807 1
374 755 1
374 523 1
545 634 1
389 559 1
448 731 1
588 740 1
467 585 1
507 585 1
498 590 1
387 679 1
634 661 1
545 661 1
406 589 1
394 569 1
569 657 1
510 597 1
597 713 1
454 597 1
597 777 1
386 637 1
386 678 1
669 804 1
798 804 1
446 804 1
492 562 1
562 714 1
407 609 1
407 770 1
647 695 1
453 690 1
488 592 1
495 577 1
577 785 1
532 577 1
716 816 1
437 716 1
383 465 1
465 639 1
567 729 1
472 740 1
521 740 1
472 588 1
527 630 1
412 630 1
583 587 1
403 739 1
480 731 1
448 480 1
467 475 1
475 585 1
475 507 1
794 811 1
811 813 1
580 700 1
397 799 1
503 603 1
503 672 1
587 642 1
583 642 1
390 618 1
385 560 1
627 756 1
627 784 1
708 785 1
577 708 1
532 708 1
495 708 1
631 703 1
517 631 1
570 740 1
472 570 1
521 570 1
570 588 1
405 499 1
499 554 1
488 783 1
592 783 1
526 649 1
555 663 1
469 663 1
672 698 1
603 698 1
503 698 1
432 637 1
386 432 1
432 678 1
414 664 1
372 752 1
462 748 1
658 748 1
728 772 1
386 660 1
432 660 1
637 660 1
660 678 1
431 633 1
388 633 1
596 757 1
754 757 1
757 787 1
663 812 1
555 812 1
469 812 1
496 663 1
663 733 1
454 762 1
713 762 1
597 762 1
510 762 1
762 777 1
454 645 1
367 744 1
479 785 1
479 577 1
479 532 1
479 708 1
479 495 1
449 784 1
449 627 1
449 756 1
513 732 1
513 575 1
489 565 1
678 731 1
432 731 1
386 731 1
660 731 1
637 731 1
448 678 1
480 678 1
425 584 1
385 455 1
455 560 1
718 789 1
400 404 1
377 404 1
400 818 1
530 658 1
530 748 1
462 530 1
477 709 1
396 520 1
426 520 1
520 683 1
520 805 1
396 652 1
904 941 1
846 1234 1
859 1146 1
892 1138 1
1161 1170 1
986 1077 1
822 1202 1
899 1140 1
869 1127 1
912 926 1
944 945 1
1001 1211 1
887 1158 1
1113 1122 1
878 938 1
1128 1129 1
947 1033 1
1084 1196 1
892 1049 1
1049 1138 1
832 1021 1
1103 1184 1
1051 1062 1
1000 1116 1
868 1207 1
921 970 1
940 1191 1
987 989 1
901 1100 1
868 910 1
910 1207 1
1158 1213 1
887 1213 1
834 906 1
1081 1205 1
1181 1193 1
1007 1163 1
848 855 1
951 979 1
874 1119 1
913 1086 1
1116 1177 1
1000 1177 1
878 1157 1
938 1157 1
1001 1218 1
1211 1218 1
968 1216 1
863 1126 1
944 1190 1
945 1190 1
1057 1161 1
1057 1170 1
1076 1122 1
1076 1113 1
822 1062 1
1062 1202 1
822 1051 1
1043 1218 1
1001 1043 1
1043 1211 1
842 1209 1
892 1025 1
1025 1049 1
1025 1138 1
871 1206 1
1012 1162 1
868 872 1
872 910 1
872 1207 1
1028 1107 1
1026 1058 1
1082 1220 1
899 1221 1
1140 1221 1
876 977 1
1130 1207 1
872 1130 1
868 1130 1
910 1130 1
920 1154 1
857 1043 1
857 1001 1
857 1218 1
857 1211 1
881 999 1
850 960 1
1156 1173 1
856 1001 1
856 1043 1
856 857 1
856 1218 1
856 1211 1
953 1145 1
893 1096 1
1024 1225 1
939 1057 1
939 1161 1
939 1170 1
877 992 1
963 1162 1
963 1012 1
835 905 1
826 1060 1
1114 1195 1
1015 1154 1
920 1015 1
840 987 1
840 989 1
936 977 1
876 936 1
1137 1208 1
1029 1036 1
911 937 1
1018 1208 1
1018 1137 1
861 1106 1
860 1015 1
860 920 1
860 1154 1
853 1170 1
853 1161 1
853 939 1
853 1057 1
944 1132 1
945 1132 1
1132 1190 1
1012 1018 1
1018 1162 1
963 1018 1
1012 1208 1
1012 1137 1
833 1015 1
833 920 1
833 1154 1
833 860 1
934 1235 1
820 864 1
907 1063 1
1006 1113 1
1006 1122 1
1006 1076 1
1174 1216 1
968 1174 1
846 1106 1
1106 1234 1
846 861 1
943 1224 1
832 1236 1
1021 1236 1
861 967 1
967 1106 1
846 967 1
969 1193 1
969 1181 1
913 922 1
922 1086 1
1065 1080 1
936 953 1
953 977 1
876 953 1
936 1145 1
1146 1229 1
859 1229 1
856 1085 1
1085 1218 1
1001 1085 1
1043 1085 1
857 1085 1
1085 1211 1
907 1218 1
1063 1218 1
907 1001 1
907 1043 1
856 907 1
857 907 1
907 1211 1
907 1085 1
1010 1172 1
831 926 1
831 912 1
862 929 1
897 1218 1
897 1063 1
897 1001 1
897 907 1
897 1043 1
856 897 1
857 897 1
897 1211 1
897 1085 1
832 1030 1
1030 1236 1
1021 1030 1
945 1040 1
944 1040 1
1040 1132 1
1040 1190 1
857 1069 1
897 1069 1
1069 1218 1
1001 1069 1
907 1069 1
1043 1069 1
856 1069 1
1069 1211 1
1069 1085 1
833 1121 1
920 1121 1
1121 1154 1
860 1121 1
1015 1121 1
1248 1338 1
1404 1454 1
1363 1590 1
1339 1382 1
1570 1594 1
1282 1548 1
1284 1516 1
1512 1571 1
1273 1296 1
1314 1347 1
1457 1463 1
1305 1581 1
1281 1582 1
1336 1413 1
1381 1495 1
1455 1501 1
1351 1568 1
1435 1570 1
1435 1594 1
1369 1619 1
1278 1401 1
1297 1538 1
1380 1446 1
1397 1529 1
1238 1358 1
1552 1630 1
1322 1337 1
1349 1597 1
1495 1500 1
1381 1500 1
1369 1403 1
1403 1619 1
1413 1557 1
1336 1557 1
1263 1292 1
1275 1468 1
1246 1608 1
1329 1494 1
1267 1512 1
1267 1571 1
1566 1584 1
1307 1388 1
1349 1564 1
1564 1597 1
1356 1509 1
1356 1611 1
1509 1611 1
1310 1605 1
1564 1615 1
1349 1615 1
1597 1615 1
1390 1508 1
1518 1552 1
1518 1630 1
1251 1408 1
1240 1287 1
1303 1534 1
1484 1595 1
1262 1341 1
1296 1428 1
1273 1428 1
1280 1541 1
1330 1617 1
1362 1450 1
1403 1627 1
1369 1627 1
1619 1627 1
1243 1357 1
1584 1605 1
1566 1605 1
1310 1584 1
1250 1582 1
1250 1281 1
1299 1331 1
1463 1598 1
1457 1598 1
1435 1623 1
1570 1623 1
1594 1623 1
1366 1498 1
1397 1577 1
1529 1577 1
1526 1596 1
1286 1471 1
1345 1470 1
1244 1633 1
1313 1373 1
1449 1520 1
1241 1444 1
1306 1364 1
1331 1597 1
1299 1597 1
1331 1564 1
1331 1349 1
1331 1615 1
1349 1356 1
1331 1356 1
1356 1564 1
1356 1597 1
1356 1615 1
1349 1509 1
1349 1611 1
1293 1308 1
1536 1610 1
1390 1490 1
1490 1508 1
1333 1433 1
1302 1311 1
1264 1297 1
1264 1538 1
1373 1411 1
1313 1411 1
1307 1321 1
1321 1388 1
1461 1579 1
1260 1480 1
1328 1485 1
1293 1333 1
1308 1333 1
1293 1433 1
1335 1343 1
1436 1518 1
1436 1552 1
1436 1630 1
1539 1540 1
1358 1468 1
1238 1468 1
1275 1358 1
1240 1385 1
1287 1385 1
1403 1606 1
1369 1606 1
1606 1627 1
1606 1619 1
1528 1541 1
1280 1528 1
1384 1556 1
1265 1400 1
1390 1423 1
1423 1490 1
1423 1508 1
1271 1488 1
1483 1531 1
1583 1600 1
1488 1542 1
1271 1542 1
1479 1489 1
1377 1628 1
1330 1341 1
1341 1617 1
1262 1330 1
1406 1566 1
1406 1584 1
1406 1605 1
1322 1454 1
1337 1454 1
1322 1404 1
1240 1320 1
1320 1385 1
1287 1320 1
1254 1549 1
1257 1379 1
1440 1585 1
1326 1595 1
1326 1484 1
1336 1535 1
1413 1535 1
1535 1557 1
1366 1486 1
1486 1498 1
1313 1329 1
1329 1411 1
1329 1373 1
1313 1494 1
1398 1502 1
1604 1631 1
1257 1320 1
1320 1379 1
1240 1257 1
1257 1385 1
1257 1287 1
1377 1596 1
1596 1628 1
1377 1526 1
1455 1519 1
1501 1519 1
1250 1389 1
1281 1389 1
1389 1582 1
1436 1608 1
1552 1608 1
1608 1630 1
1518 1608 1
1246 1436 1
1411 1449 1
1313 1449 1
1373 1449 1
1329 1449 1
1411 1520 1
1704 1891 1
1636 2019 1
1737 2027 1
1714 1817 1
1641 2063 1
1796 1922 1
1759 1919 1
1830 1859 1
1746 1984 1
1726 1868 1
1743 1775 1
1794 1828 1
1953 1962 1
1852 1928 1
1656 2021 1
1761 1978 1
1802 2020 1
1892 1901 1
1730 1958 1
1698 1737 1
1698 2027 1
1749 1852 1
1749 1928 1
1702 1785 1
1758 1863 1
1638 1936 1
1871 1936 1
1638 1871 1
1669 1801 1
1781 2025 1
1754 1823 1
1765 2053 1
1767 1991 1
1751 1996 1
1694 1798 1
1883 1944 1
1739 1871 1
1739 1936 1
1638 1739 1
1789 1995 1
1656 1803 1
1803 2021 1
1703 1747 1
1917 1990 1
1782 2044 1
2011 2042 1
1682 1987 1
1826 1908 1
1874 1976 1
1674 1835 1
1653 1663 1
1802 1885 1
1885 2020 1
1662 1850 1
1721 2051 1
1877 1986 1
1698 1993 1
1737 1993 1
1993 2027 1
1964 2034 1
1654 1863 1
1654 1758 1
1655 1858 1
1663 2034 1
1653 2034 1
1663 1964 1
2022 2053 1
1765 2022 1
1795 1927 1
1832 1906 1
1915 1968 1
1639 1796 1
1639 1922 1
1841 1870 1
1727 1928 1
1727 1852 1
1727 1749 1
1864 1989 1
1699 1910 1
1887 2023 1
1710 1804 1
1767 1997 1
1991 1997 1
1688 1868 1
1688 1726 1
1769 1938 1
1735 1769 1
1735 1938 1
1841 1927 1
1870 1927 1
1795 1841 1
1723 1938 1
1723 1769 1
1723 1735 1
1776 1931 1
1702 2001 1
1785 2001 1
1681 1812 1
1928 1976 1
1852 1976 1
1749 1976 1
1727 1976 1
1874 1928 1
1957 1975 1
1687 2014 1
1965 2060 1
1945 1965 1
1945 2060 1
1905 1934 1
1636 1867 1
1867 2019 1
1866 2044 1
1782 1866 1
1907 1964 1
1907 2034 1
1663 1907 1
1692 2009 1
1755 1771 1
1686 2025 1
1686 1781 1
1765 1780 1
1780 2053 1
1780 2022 1
1886 1959 1
1763 1873 1
1751 1921 1
1921 1996 1
2008 2026 1
1923 2022 1
1780 1923 1
1923 2053 1
1765 1923 1
1692 1934 1
1934 2009 1
1692 1905 1
1758 1985 1
1654 1985 1
1863 1985 1
1813 2017 1
1965 2043 1
1945 2043 1
2043 2060 1
1655 1826 1
1826 1858 1
1655 1908 1
1713 1766 1
1766 1939 1
1713 1939 1
1765 2042 1
1923 2042 1
1780 2042 1
2042 2053 1
2022 2042 1
1765 2011 1
1908 1927 1
1826 1927 1
1655 1927 1
1795 1908 1
1870 1908 1
1841 1908 1
1691 1754 1
1691 1823 1
1807 2044 1
1807 1866 1
1782 1807 1
1704 1768 1
1768 1891 1
1816 1917 1
1816 1990 1
1718 2001 1
1718 1785 1
1702 1718 1
1688 2002 1
1868 2002 1
1726 2002 1
1839 1963 1
1906 1991 1
1832 1991 1
1906 1997 1
1767 1906 1
1743 1889 1
1775 1889 1
1740 1871 1
1740 1936 1
1739 1740 1
1638 1740 1
1674 1753 1
1753 1835 1
1944 2053 1
1883 2053 1
1923 1944 1
1765 1944 1
1944 2022 1
1780 1944 1
1944 2042 1
1705 1727 1
1705 1928 1
1705 1976 1
1705 1852 1
1705 1749 1
1710 2060 1
1804 2060 1
1710 1945 1
1710 2043 1
1710 1965 1
1803 2040 1
1656 2040 1
2021 2040 1
1920 1989 1
1864 1920 1
1650 1909 1
1841 1879 1
1795 1879 1
1879 1908 1
1870 1879 1
1879 1927 1
2174 2179 1
2255 2355 1
2287 2395 1
2113 2285 1
2227 2269 1
2101 2197 1
2316 2341 1
2302 2377 1
2247 2277 1
2123 2411 1
2076 2338 1
2134 2358 1
2158 2299 1
2222 2227 1
2222 2269 1
2209 2277 1
2209 2247 1
2235 2355 1
2235 2255 1
2195 2315 1
2165 2389 1
2154 2286 1
2266 2321 1
2121 2258 1
2289 2389 1
2165 2289 1
2325 2388 1
2306 2340 1
2225 2310 1
2090 2258 1
2090 2121 1
2212 2406 1
2105 2138 1
2323 2407 1
2093 2413 1
2228 2351 1
2101 2322 1
2197 2322 1
2252 2334 1
2181 2413 1
2093 2181 1
2280 2386 1
2204 2331 1
2128 2311 1
2104 2293 1
2106 2140 1
2167 2200 1
2078 2179 1
2078 2174 1
2217 2331 1
2204 2217 1
2239 2302 1
2239 2377 1
2231 2303 1
2092 2197 1
2092 2322 1
2092 2101 1
2348 2418 1
2129 2348 1
2129 2418 1
2304 2404 1
2179 2256 1
2078 2256 1
2174 2256 1
2155 2180 1
2070 2246 1
2241 2339 1
2260 2391 1
2071 2362 1
2194 2247 1
2194 2209 1
2194 2277 1
2183 2422 1
2088 2228 1
2088 2351 1
2232 2247 1
2209 2232 1
2194 2232 1
2232 2277 1
2226 2361 1
2228 2412 1
2088 2412 1
2351 2412 1
2263 2381 1
2180 2311 1
2155 2311 1
2128 2180 1
2366 2416 1
2231 2338 1
2303 2338 1
2076 2231 1
2223 2341 1
2223 2316 1
2287 2289 1
2289 2395 1
2287 2389 1
2165 2287 1
2171 2401 1
2259 2323 1
2259 2407 1
2094 2258 1
2094 2121 1
2090 2094 1
2143 2394 1
2133 2242 1
2237 2372 1
2292 2384 1
2137 2227 1
2137 2269 1
2137 2222 1
2379 2384 1
2292 2379 1
2071 2244 1
2244 2362 1
2097 2349 1
2240 2414 1
2193 2323 1
2193 2259 1
2193 2407 1
2076 2222 1
2222 2338 1
2222 2231 1
2076 2227 1
2076 2137 1
2076 2269 1
2078 2310 1
2256 2310 1
2179 2310 1
2174 2310 1
2078 2225 1
2154 2212 1
2212 2286 1
2154 2406 1
2114 2366 1
2114 2416 1
2145 2201 1
2167 2385 1
2200 2385 1
2066 2235 1
2066 2355 1
2066 2255 1
2352 2423 1
2204 2256 1
2217 2256 1
2256 2331 1
2179 2204 1
2204 2310 1
2078 2204 1
2174 2204 1
2143 2234 1
2234 2394 1
2328 2350 1
2074 2194 1
2074 2232 1
2074 2209 1
2074 2277 1
2074 2247 1
2169 2402 1
2118 2138 1
2105 2118 1
2139 2376 1
2099 2238 1
2076 2221 1
2221 2338 1
2221 2222 1
2221 2227 1
2221 2231 1
2137 2221 1
2221 2269 1
2375 2376 1
2139 2375 1
2305 2349 1
2097 2305 1
2124 2142 1
2117 2242 1
2117 2133 1
2173 2398 1
2111 2240 1
2111 2414 1
2440 2662 1
2604 2606 1
2520 2663 1
2459 2734 1
2481 2605 1
2520 2524 1
2524 2663 1
2722 2767 1
2463 2570 1
2622 2747 1
2564 2762 1
2657 2657 1
2429 2441 1
2565 2672 1
2502 2505 1
2464 2604 1
2464 2606 1
2472 2731 1
2444 2488 1
2455 2468 1
2554 2749 1
2609 2717 1
2748 2796 1
2485 2563 1
2454 2761 1
2427 2428 1
2462 2702 1
2514 2700 1
2532 2687 1
2698 2783 1
2487 2509 1
2641 2792 1
2667 2765 1
2627 2673 1
2629 2722 1
2629 2767 1
2476 2625 1
2425 2626 1
2621 2646 1
2577 2721 1
2429 2763 1
2441 2763 1
2449 2666 1
2542 2758 1
2613 2747 1
2613 2622 1
2671 2737 1
2495 2589 1
2470 2499 1
2678 2700 1
2514 2678 1
2427 2518 1
2428 2518 1
2457 2800 1
2513 2698 1
2513 2783 1
2670 2713 1
2456 2521 1
2565 2571 1
2571 2672 1
2466 2469 1
2548 2706 1
2605 2627 1
2481 2627 1
2605 2673 1
2544 2673 1
2544 2627 1
2544 2605 1
2541 2665 1
2635 2793 1
2459 2494 1
2494 2734 1
2540 2544 1
2540 2673 1
2540 2627 1
2540 2605 1
2555 2638 1
2609 2637 1
2637 2717 1
2569 2720 1
2497 2795 1
2447 2561 1
2577 2762 1
2721 2762 1
2564 2577 1
2594 2666 1
2449 2594 1
2573 2686 1
2512 2702 1
2462 2512 1
2568 2737 1
2568 2671 1
2558 2698 1
2513 2558 1
2558 2783 1
2520 2697 1
2524 2697 1
2663 2697 1
2530 2745 1
2545 2562 1
2573 2679 1
2679 2686 1
2640 2769 1
2631 2728 1
2610 2646 1
2610 2621 1
2536 2541 1
2536 2665 1
2624 2696 1
2523 2742 1
2535 2610 1
2535 2621 1
2535 2646 1
2496 2523 1
2496 2742 1
2718 2732 1
2715 2784 1
2773 2792 1
2641 2773 1
2641 2673 1
2673 2792 1
2673 2773 1
2627 2641 1
2540 2641 1
2605 2641 1
2544 2641 1
2638 2802 1
2555 2802 1
2500 2747 1
2500 2613 1
2500 2622 1
2526 2612 1
2698 2754 1
2513 2754 1
2558 2754 1
2754 2783 1
2632 2756 1
2553 2555 1
2553 2802 1
2553 2638 1
2556 2683 1
2481 2583 1
2583 2627 1
2583 2605 1
2490 2776 1
2463 2663 1
2570 2663 1
2463 2520 1
2463 2697 1
2463 2524 1
2571 2605 1
2605 2672 1
2565 2605 1
2571 2627 1
2571 2641 1
2571 2583 1
2540 2571 1
2544 2571 1
2481 2571 1
2571 2673 1
2458 2662 1
2440 2458 1
2470 2723 1
2499 2723 1
2590 2798 1
2511 2600 1
2497 2687 1
2687 2795 1
2497 2532 1
2632 2781 1
2756 2781 1
2570 2589 1
2589 2663 1
2463 2589 1
2495 2570 1
2761 2801 1
2454 2801 1
2446 2585 1
2570 2695 1
2663 2695 1
2495 2695 1
2589 2695 1
2463 2695 1
2437 2593 1
2470 2745 1
2499 2745 1
2723 2745 1
2470 2530 1
2515 2718 1
2515 2732 1
2979 3209 1
2978 3139 1
2942 3033 1
3101 3167 1
2944 3010 1
2911 3077 1
2937 2960 1
2900 3141 1
2834 2883 1
2919 3184 1
2842 3130 1
2894 2895 1
3169 3209 1
2979 3169 1
2938 2992 1
2837 2944 1
2837 3010 1
2959 3158 1
2841 3178 1
2811 2854 1
2866 3225 1
2862 3171 1
2928 3035 1
2823 2936 1
2941 3189 1
2927 3187 1
2847 3106 1
2902 2938 1
2902 2992 1
3043 3095 1
2987 3140 1
2824 3090 1
2908 3004 1
2816 2953 1
2910 3045 1
2895 2937 1
2894 2937 1
2895 2960 1
2937 2973 1
2960 2973 1
2894 2973 1
2895 2973 1
2939 3198 1
2946 3127 1
2968 3164 1
2992 3004 1
2938 3004 1
2902 3004 1
2908 2992 1
2831 3063 1
2838 3189 1
2838 2941 1
2803 3087 1
2849 3084 1
2881 2965 1
2861 2953 1
2816 2861 1
3130 3220 1
2842 3220 1
2823 2826 1
2826 2936 1
3000 3041 1
2888 2891 1
2822 3223 1
2863 3024 1
2990 3151 1
2934 3111 1
3016 3216 1
3148 3228 1
2983 3087 1
2803 2983 1
2859 2900 1
2859 3141 1
2946 3133 1
3127 3133 1
2807 2901 1
3179 3197 1
2868 2897 1
2809 2931 1
3027 3061 1
2877 2939 1
2877 3198 1
2877 3155 1
2939 3155 1
3155 3198 1
2824 3120 1
3090 3120 1
3067 3211 1
3168 3204 1
2911 3062 1
3062 3077 1
3134 3226 1
2903 3053 1
2931 2990 1
2809 2990 1
2931 3151 1
2886 2973 1
2886 2960 1
2886 2937 1
2886 2894 1
2886 2895 1
2910 2981 1
2981 3045 1
2966 3219 1
3039 3224 1
2832 3063 1
2831 2832 1
3046 3228 1
3046 3148 1
2815 2851 1
2857 3064 1
2827 3048 1
2824 3218 1
3120 3218 1
3090 3218 1
3087 3224 1
2803 3224 1
2983 3224 1
3039 3087 1
2825 3038 1
3119 3216 1
3016 3119 1
2855 2925 1
3141 3211 1
2859 3211 1
2900 3211 1
3067 3141 1
2949 3207 1
3014 3070 1
3068 3100 1
2894 2979 1
2937 2979 1
2973 2979 1
2886 2979 1
2895 2979 1
2894 3169 1
2894 3209 1
3110 3143 1
2933 3102 1
3049 3163 1
2851 2878 1
2815 2878 1
2916 3120 1
2824 2916 1
2916 3090 1
2916 3218 1
2921 3147 1
2983 2998 1
2998 3224 1
2803 2998 1
2998 3087 1
2965 3014 1
2881 3014 1
2965 3070 1
2864 2957 1
2922 3123 1
2904 2986 1
2990 3210 1
2809 3210 1
2931 3210 1
3151 3210 1
2957 3047 1
2864 3047 1
3053 3194 1
2903 3194 1
2856 2881 1
2856 2965 1
2856 3014 1
2915 2979 1
2915 3169 1
2886 2915 1
2915 3209 1
2894 2915 1
2895 2915 1
2915 2937 1
2915 2973 1
3059 3099 1
2992 3148 1
2908 3148 1
2938 3148 1
3004 3148 1
2902 3148 1
2992 3046 1
2992 3228 1
2913 3118 1
2923 2970 1
2944 3058 1
3010 3058 1
2837 3058 1
2852 2923 1
2852 2970 1
2879 2999 1
2833 3154 1
3067 3166 1
3166 3211 1
3141 3166 1
2857 2966 1
2966 3064 1
2857 3219 1
2960 3108 1
2937 3108 1
2973 3108 1
2886 3108 1
2895 3108 1
2895 2900 1
2900 2979 1
2900 3108 1
2886 2900 1
2894 2900 1
2900 2960 1
2900 2915 1
2900 2937 1
2900 2973 1
2895 3141 1
2859 2895 1
2895 3211 1
3421 3507 1
3406 3492 1
3303 3475 1
3283 3549 1
3291 3484 1
3406 3479 1
3479 3492 1
3458 3465 1
3467 3470 1
3312 3376 1
3379 3539 1
3277 3456 1
3350 3375 1
3308 3344 1
3261 3498 1
3339 3503 1
3296 3468 1
3269 3347 1
3288 3306 1
3277 3436 1
3436 3456 1
3427 3448 1
3390 3453 1
3332 3536 1
3250 3482 1
3282 3294 1
3394 3498 1
3261 3394 1
3365 3396 1
3377 3487 1
3305 3324 1
3386 3459 1
3233 3519 1
3278 3457 1
3451 3463 1
3526 3542 1
3469 3535 1
3300 3532 1
3361 3491 1
3459 3468 1
3386 3468 1
3296 3459 1
3277 3363 1
3363 3456 1
3363 3436 1
3286 3570 1
3494 3512 1
3360 3393 1
3382 3525 1
3367 3535 1
3367 3469 1
3257 3422 1
3339 3582 1
3503 3582 1
3397 3447 1
3279 3576 1
3271 3367 1
3271 3469 1
3271 3535 1
3269 3537 1
3347 3537 1
3374 3510 1
3313 3327 1
3304 3385 1
3298 3321 1
3270 3562 1
3300 3414 1
3414 3532 1
3377 3585 1
3487 3585 1
3357 3492 1
3357 3406 1
3357 3479 1
3362 3586 1
3306 3330 1
3288 3330 1
3400 3514 1
3254 3548 1
3309 3343 1
3335 3579 1
3512 3555 1
3494 3555 1
3338 3571 1
3439 3591 1
3391 3413 1
3500 3533 1
3403 3548 1
3254 3403 1
3402 3419 1
3381 3481 1
3232 3266 1
3490 3518 1
3254 3432 1
3403 3432 1
3432 3548 1
3269 3524 1
3524 3537 1
3347 3524 1
3289 3521 1
3300 3569 1
3532 3569 1
3414 3569 1
3521 3572 1
3289 3572 1
3416 3458 1
3416 3465 1
3386 3417 1
3417 3459 1
3417 3468 1
3368 3576 1
3279 3368 1
3290 3515 1
3503 3535 1
3339 3535 1
3535 3582 1
3367 3503 1
3271 3503 1
3469 3503 1
3425 3486 1
3554 3585 1
3377 3554 1
3487 3554 1
3258 3415 1
3384 3518 1
3384 3490 1
3485 3527 1
3481 3509 1
3381 3509 1
3515 3579 1
3290 3579 1
3335 3515 1
3263 3531 1
3404 3491 1
3361 3404 1
3369 3575 1
3516 3538 1
3514 3571 1
3400 3571 1
3338 3514 1
3269 3460 1
3460 3537 1
3347 3460 1
3460 3524 1
3402 3539 1
3419 3539 1
3379 3402 1
3421 3516 1
3507 3516 1
3421 3538 1
3387 3500 1
3387 3533 1
3456 3540 1
3363 3540 1
3436 3540 1
3277 3540 1
3280 3384 1
3280 3490 1
3280 3518 1
3388 3471 1
3411 3567 1
3458 3558 1
3416 3558 1
3465 3558 1
3366 3474 1
3453 3527 1
3390 3527 1
3453 3485 1
3329 3460 1
3329 3537 1
3329 3347 1
3329 3524 1
3269 3329 1
3298 3512 1
3321 3512 1
3298 3555 1
3298 3494 1
3295 3407 1
3376 3406 1
3312 3406 1
3376 3492 1
3357 3376 1
3376 3479 1
3620 3970 1
3619 3997 1
3825 3967 1
3635 3735 1
3598 3980 1
3600 3882 1
3758 3886 1
3771 3990 1
3790 3888 1
3658 3958 1
3726 3812 1
3658 3791 1
3791 3958 1
3777 3948 1
3831 3866 1
3837 3905 1
3630 3808 1
3612 3716 1
3629 3678 1
3840 3903 1
3599 3676 1
3605 3631 1
3672 3787 1
3825 3954 1
3954 3967 1
3828 3960 1
3761 3805 1
3643 3928 1
3805 3904 1
3761 3904 1
3651 3828 1
3651 3960 1
3866 3895 1
3831 3895 1
3680 3984 1
3664 3720 1
3672 3775 1
3775 3787 1
3601 3679 1
3717 3927 1
3691 3802 1
3616 3993 1
3677 3836 1
3701 3855 1
3852 3958 1
3658 3852 1
3791 3852 1
3888 3997 1
3790 3997 1
3619 3888 1
3617 3627 1
3650 3695 1
3770 3807 1
3632 3651 1
3632 3960 1
3632 3828 1
3844 3944 1
3714 3990 1
3714 3771 1
3733 3975 1
3789 3799 1
3776 3822 1
3666 3705 1
3725 3917 1
3835 3871 1
3858 3978 1
3693 3841 1
3692 3761 1
3692 3904 1
3692 3805 1
3744 3856 1
3735 3934 1
3635 3934 1
3677 3877 1
3836 3877 1
3658 3833 1
3833 3852 1
3833 3958 1
3791 3833 1
3744 3863 1
3856 3863 1
3802 3882 1
3691 3882 1
3600 3802 1
3772 3864 1
3824 3944 1
3824 3844 1
3777 3934 1
3934 3948 1
3635 3777 1
3735 3777 1
3837 3848 1
3848 3905 1
3701 3916 1
3855 3916 1
3676 3843 1
3599 3843 1
3942 3997 1
3888 3942 1
3619 3942 1
3790 3942 1
3616 3812 1
3812 3993 1
3616 3726 1
3763 3990 1
3714 3763 1
3763 3771 1
3868 3976 1
3733 3869 1
3869 3975 1
3812 3842 1
3616 3842 1
3842 3993 1
3726 3842 1
3867 3958 1
3833 3867 1
3658 3867 1
3852 3867 1
3791 3867 1
3695 3836 1
3650 3836 1
3677 3695 1
3695 3877 1
3668 3726 1
3616 3668 1
3668 3842 1
3668 3812 1
3723 3834 1
3832 3865 1
3959 3993 1
3616 3959 1
3842 3959 1
3812 3959 1
3733 3969 1
3869 3969 1
3969 3975 1
3863 3937 1
3744 3937 1
3856 3937 1
3811 3951 1
3666 3857 1
3705 3857 1
3792 3990 1
3714 3792 1
3771 3792 1
3763 3792 1
3604 3842 1
3604 3616 1
3604 3812 1
3604 3726 1
3604 3668 1
3604 3959 1
3604 3993 1
3611 3724 1
3603 3747 1
3639 3646 1
3816 3874 1
3848 3980 1
3905 3980 1
3837 3980 1
3598 3848 1
3681 3758 1
3681 3886 1
3609 3665 1
3727 3767 1
3806 3968 1
3782 3984 1
3680 3782 1
3954 3973 1
3825 3973 1
3967 3973 1
3668 3862 1
3616 3862 1
3842 3862 1
3812 3862 1
3726 3862 1
3604 3862 1
3988 3991 1
3647 3726 1
3616 3647 1
3647 3842 1
3647 3812 1
3647 3668 1
3647 3862 1
3604 3647 1
3906 3955 1
3742 3891 1
3730 3855 1
3730 3916 1
3701 3730 1
3882 3981 1
3600 3981 1
3802 3981 1
3691 3981 1
3929 3945 1
3901 3927 1
3717 3901 1
3674 3877 1
3674 3836 1
3674 3677 1
3674 3695 1
3867 3890 1
3658 3890 1
3852 3890 1
3791 3890 1
3890 3958 1
3833 3890 1
33 137 1
207 336 1
69 82 1
228 346 1
108 325 1
273 280 1
85 322 1
0 98 1
96 98 1
0 96 1
7 137 1
7 33 1
42 118 1
53 358 1
188 303 1
63 288 1
182 265 1
39 84 1
98 267 1
0 267 1
96 267 1
18 279 1
1 32 1
28 61 1
144 305 1
33 292 1
137 292 1
7 292 1
2 74 1
44 192 1
155 196 1
95 203 1
136 155 1
136 196 1
84 170 1
39 170 1
40 50 1
61 144 1
28 144 1
61 305 1
71 314 1
34 293 1
42 173 1
118 173 1
284 290 1
150 206 1
142 156 1
23 240 1
151 347 1
99 346 1
99 228 1
218 344 1
305 342 1
144 342 1
61 342 1
162 188 1
162 303 1
277 290 1
277 284 1
161 338 1
15 53 1
15 358 1
118 148 1
42 148 1
148 173 1
148 258 1
42 258 1
173 258 1
118 258 1
192 245 1
44 245 1
29 362 1
91 209 1
140 165 1
10 247 1
5 7 1
5 137 1
5 292 1
5 33 1
38 309 1
5 362 1
137 362 1
292 362 1
33 362 1
7 362 1
5 29 1
25 185 1
122 279 1
18 122 1
227 246 1
137 155 1
33 155 1
155 292 1
5 155 1
7 155 1
155 362 1
137 196 1
136 137 1
143 314 1
71 143 1
6 248 1
21 181 1
134 176 1
140 206 1
165 206 1
140 150 1
200 295 1
109 306 1
295 358 1
200 358 1
53 295 1
15 295 1
1 301 1
32 301 1
62 102 1
233 291 1
131 192 1
44 131 1
131 245 1
258 359 1
42 359 1
148 359 1
173 359 1
118 359 1
220 240 1
23 220 1
71 170 1
170 314 1
143 170 1
71 84 1
39 71 1
235 265 1
182 235 1
46 97 1
136 208 1
137 208 1
155 208 1
196 208 1
226 255 1
201 239 1
107 212 1
20 306 1
20 109 1
60 266 1
111 290 1
111 284 1
111 277 1
57 181 1
21 57 1
270 350 1
91 271 1
209 271 1
216 336 1
207 216 1
105 334 1
109 256 1
256 306 1
20 256 1
90 226 1
90 255 1
12 298 1
46 93 1
93 97 1
62 129 1
102 129 1
32 232 1
1 232 1
232 301 1
146 208 1
136 146 1
137 146 1
146 155 1
146 196 1
212 327 1
107 327 1
133 197 1
125 241 1
117 291 1
117 233 1
110 283 1
204 348 1
272 300 1
16 270 1
16 350 1
1783 3774 -1
1559 3973 -1
1559 3825 -1
1559 3954 -1
1559 3967 -1
1773 3740 -1
399 1829 -1
653 1829 -1
953 2942 -1
936 2942 -1
1145 2942 -1
876 2942 -1
977 2942 -1
953 3033 -1
2390 2723 -1
2390 2745 -1
2390 2499 -1
2390 2470 -1
2113 3683 -1
2285 3683 -1
1972 2496 -1
1972 2523 -1
1972 2742 -1
2098 2495 -1
2098 2570 -1
2098 2589 -1
2098 2695 -1
381 3348 -1
1980 2480 -1
1736 2922 -1
1736 3123 -1
2125 2762 -1
2125 2577 -1
2125 2564 -1
2125 2721 -1
1050 1443 -1
1850 3510 -1
1662 3510 -1
1850 3374 -1
921 1755 -1
970 1755 -1
921 1771 -1
616 1016 -1
370 2866 -1
370 3225 -1
1688 3864 -1
2002 3864 -1
1868 3864 -1
1726 3864 -1
1688 3772 -1
371 1209 -1
371 842 -1
135 3913 -1
2029 3847 -1
103 3425 -1
103 3486 -1
1453 3551 -1
103 2187 -1
1748 3847 -1
1491 3949 -1
554 3834 -1
499 3834 -1
405 3834 -1
554 3723 -1
731 3289 -1
448 3289 -1
480 3289 -1
386 3289 -1
678 3289 -1
432 3289 -1
660 3289 -1
637 3289 -1
731 3521 -1
731 3572 -1
1855 3925 -1
2094 3487 -1
2121 3487 -1
2258 3487 -1
2090 3487 -1
2094 3377 -1
2094 3554 -1
2094 3585 -1
705 1182 -1
1367 2107 -1
738 1310 -1
738 1584 -1
738 1605 -1
1454 2276 -1
1337 2276 -1
1322 2276 -1
1404 2276 -1
662 2072 -1
1885 3828 -1
1802 3828 -1
2020 3828 -1
1885 3960 -1
1885 3632 -1
1885 3651 -1
724 3332 -1
724 3536 -1
772 1057 -1
728 1057 -1
772 1161 -1
772 1170 -1
772 939 -1
772 853 -1
1123 1487 -1
769 3788 -1
1643 3774 -1
1418 2313 -1
514 1009 -1
762 3286 -1
645 3286 -1
454 3286 -1
713 3286 -1
597 3286 -1
777 3286 -1
510 3286 -1
762 3570 -1
2032 3758 -1
2032 3681 -1
2032 3886 -1
891 3566 -1
553 1029 -1
553 1036 -1
1501 3428 -1
1519 3428 -1
1455 3428 -1
1661 3615 -1
3174 3884 -1
1570 3281 -1
1594 3281 -1
1435 3281 -1
1623 3281 -1
1940 3933 -1
1875 3283 -1
1875 3549 -1
558 3177 -1
846 3032 -1
1234 3032 -1
967 3032 -1
1106 3032 -1
861 3032 -1
2355 3510 -1
2066 3510 -1
2235 3510 -1
2255 3510 -1
2355 3374 -1
1091 2509 -1
1091 2487 -1
973 2061 -1
990 3591 -1
990 3439 -1
1538 2914 -1
1264 2914 -1
1297 2914 -1
3245 3941 -1
1334 3398 -1
1471 2839 -1
1286 2839 -1
948 1378 -1
157 1170 -1
157 1161 -1
157 939 -1
157 853 -1
157 1057 -1
2171 3255 -1
2401 3255 -1
711 3537 -1
711 3460 -1
711 3347 -1
711 3524 -1
711 3269 -1
711 3329 -1
2391 2762 -1
2260 2762 -1
2391 2577 -1
2391 2564 -1
2391 2721 -1
1573 3458 -1
1573 3416 -1
1573 3465 -1
1573 3558 -1
384 1150 -1
315 1450 -1
315 1362 -1
2812 3708 -1
1532 3428 -1
1320 2937 -1
1240 2937 -1
1385 2937 -1
1257 2937 -1
1379 2937 -1
1287 2937 -1
1320 2979 -1
1320 3108 -1
1320 2886 -1
1320 2894 -1
1320 2895 -1
1320 2960 -1
1320 2915 -1
1320 2900 -1
1320 2973 -1
917 3275 -1
2104 2762 -1
2293 2762 -1
2104 2577 -1
2104 2564 -1
2104 2721 -1
2324 2503 -1
1033 3501 -1
947 3501 -1
1877 3774 -1
1986 3774 -1
2119 3913 -1
2416 3677 -1
2114 3677 -1
2366 3677 -1
2416 3674 -1
2416 3836 -1
2416 3877 -1
2416 3695 -1
3434 3918 -1
889 2888 -1
889 2891 -1
888 1293 -1
888 1433 -1
888 1308 -1
888 1333 -1
2220 3498 -1
2220 3394 -1
2220 3261 -1
2149 2623 -1
135 3483 -1
420 1228 -1
2006 3844 -1
2006 3944 -1
2006 3824 -1
1027 2836 -1
718 868 -1
789 868 -1
718 872 -1
718 1130 -1
718 910 -1
718 1207 -1
1638 3096 -1
1936 3096 -1
1739 3096 -1
1740 3096 -1
1871 3096 -1
1867 3575 -1
2019 3575 -1
1636 3575 -1
1867 3369 -1
12 3420 -1
298 3420 -1
2794 3921 -1
486 1063 -1
486 897 -1
486 1218 -1
486 907 -1
2292 3353 -1
2384 3353 -1
2379 3353 -1
3327 3973 -1
3313 3973 -1
3327 3825 -1
3327 3954 -1
3327 3967 -1
1081 3225 -1
1205 3225 -1
1081 2866 -1
1461 3003 -1
1579 3003 -1
1229 1894 -1
1146 1894 -1
859 1894 -1
1875 2335 -1
1923 3725 -1
2053 3725 -1
2022 3725 -1
1780 3725 -1
1944 3725 -1
2042 3725 -1
1765 3725 -1
1923 3917 -1
1154 1714 -1
920 1714 -1
833 1714 -1
860 1714 -1
1121 1714 -1
1015 1714 -1
1154 1817 -1
3509 3702 -1
3481 3702 -1
3381 3702 -1
2887 3813 -1
503 2053 -1
672 2053 -1
698 2053 -1
603 2053 -1
503 1923 -1
503 1765 -1
503 2022 -1
503 1780 -1
503 1944 -1
503 2042 -1
503 1883 -1
1648 3702 -1
90 3689 -1
226 3689 -1
255 3689 -1
687 1020 -1
1459 3996 -1
2510 3573 -1
777 3009 -1
713 3009 -1
762 3009 -1
454 3009 -1
510 3009 -1
597 3009 -1
69 2630 -1
82 2630 -1
1203 3061 -1
1203 3027 -1
2849 3853 -1
3084 3853 -1
3283 3905 -1
3549 3905 -1
3283 3848 -1
3283 3980 -1
3283 3837 -1
228 3267 -1
346 3267 -1
99 3267 -1
2149 2777 -1
2335 3415 -1
2335 3258 -1
1993 3577 -1
1737 3577 -1
1698 3577 -1
2027 3577 -1
814 2373 -1
3362 3815 -1
3586 3815 -1
2265 3403 -1
2265 3432 -1
2265 3548 -1
2265 3254 -1
1517 3423 -1
3017 3943 -1
1410 3372 -1
1885 3801 -1
1802 3801 -1
2020 3801 -1
939 1829 -1
1057 1829 -1
1170 1829 -1
853 1829 -1
1161 1829 -1
3283 3767 -1
3549 3767 -1
3283 3727 -1
1270 2333 -1
1952 3968 -1
1952 3806 -1
3312 3756 -1
3376 3756 -1
3406 3756 -1
1611 3973 -1
1356 3973 -1
1509 3973 -1
1349 3973 -1
1611 3825 -1
1611 3954 -1
1611 3967 -1
1988 2776 -1
1988 2490 -1
1812 3846 -1
1681 3846 -1
1956 3895 -1
1956 3866 -1
1956 3831 -1
374 1747 -1
523 1747 -1
755 1747 -1
374 1703 -1
2808 3599 -1
2808 3843 -1
2808 3676 -1
1418 2937 -1
1418 2979 -1
1418 3108 -1
1418 2886 -1
1418 2894 -1
1418 2895 -1
1418 2960 -1
1418 2915 -1
1418 2900 -1
1418 2973 -1
149 2647 -1
584 3116 -1
425 3116 -1
413 1181 -1
413 1193 -1
413 969 -1
131 3336 -1
192 3336 -1
44 3336 -1
245 3336 -1
1914 3608 -1
1178 3209 -1
1178 3169 -1
1178 2915 -1
1178 2979 -1
1178 2894 -1
1947 3911 -1
1288 3759 -1
1675 3898 -1
3489 3637 -1
2018 3926 -1
660 3537 -1
432 3537 -1
386 3537 -1
731 3537 -1
637 3537 -1
678 3537 -1
660 3460 -1
660 3347 -1
660 3524 -1
660 3269 -1
660 3329 -1
3171 3909 -1
2862 3909 -1
2384 3461 -1
2379 3461 -1
2292 3461 -1
53 2515 -1
295 2515 -1
358 2515 -1
15 2515 -1
53 2732 -1
53 2718 -1
1131 2816 -1
1131 2953 -1
1131 2861 -1
1241 3055 -1
1444 3055 -1
1889 3598 -1
1775 3598 -1
1743 3598 -1
1889 3848 -1
1889 3980 -1
1171 3459 -1
1171 3296 -1
1171 3417 -1
1171 3386 -1
1171 3468 -1
2957 3954 -1
2864 3954 -1
3047 3954 -1
2957 3825 -1
2957 3973 -1
2957 3967 -1
1491 3961 -1
3056 3611 -1
3056 3724 -1
2159 3237 -1
1018 1464 -1
1208 1464 -1
1137 1464 -1
1162 1464 -1
963 1464 -1
1012 1464 -1
917 3351 -1
534 3537 -1
534 3460 -1
534 3347 -1
534 3524 -1
534 3269 -1
534 3329 -1
1558 2212 -1
1558 2154 -1
1558 2286 -1
1558 2406 -1
3471 3973 -1
3388 3973 -1
3471 3825 -1
3471 3954 -1
3471 3967 -1
2190 3221 -1
3075 3547 -1
3258 3605 -1
3415 3605 -1
3258 3631 -1
677 1443 -1
724 3526 -1
724 3542 -1
3133 3924 -1
2946 3924 -1
3127 3924 -1
3509 3698 -1
3481 3698 -1
3381 3698 -1
2902 3892 -1
2992 3892 -1
3148 3892 -1
2938 3892 -1
3004 3892 -1
480 2072 -1
448 2072 -1
731 2072 -1
678 2072 -1
2280 3553 -1
2386 3553 -1
1960 3202 -1
736 1651 -1
644 1651 -1
694 1651 -1
1540 2277 -1
1539 2277 -1
1540 2232 -1
1540 2209 -1
1540 2194 -1
1540 2074 -1
1540 2247 -1
1167 3004 -1
1167 2992 -1
1167 3148 -1
1167 2938 -1
1167 2908 -1
1167 2902 -1
1680 3009 -1
1825 3784 -1
3025 3915 -1
1454 2217 -1
1337 2217 -1
1322 2217 -1
1404 2217 -1
1454 2256 -1
1454 2331 -1
1454 2204 -1
426 2252 -1
520 2252 -1
683 2252 -1
396 2252 -1
805 2252 -1
426 2334 -1
1564 2110 -1
1331 2110 -1
1615 2110 -1
1356 2110 -1
1349 2110 -1
1597 2110 -1
3127 3993 -1
2946 3993 -1
3133 3993 -1
3127 3616 -1
3127 3604 -1
3127 3842 -1
3127 3812 -1
3127 3959 -1
2928 3665 -1
3035 3665 -1
2928 3609 -1
1742 3909 -1
1738 3675 -1
1803 3910 -1
1656 3910 -1
2040 3910 -1
2021 3910 -1
403 953 -1
739 953 -1
403 936 -1
403 1145 -1
403 876 -1
403 977 -1
12 3443 -1
298 3443 -1
1795 2324 -1
1841 2324 -1
1879 2324 -1
1908 2324 -1
1927 2324 -1
415 2600 -1
665 2600 -1
737 2600 -1
415 2511 -1
1052 3334 -1
1344 3574 -1
242 1125 -1
1904 3194 -1
1904 3053 -1
1904 2903 -1
341 1124 -1
2227 3597 -1
2137 3597 -1
2076 3597 -1
2269 3597 -1
2222 3597 -1
2221 3597 -1
733 963 -1
496 963 -1
812 963 -1
663 963 -1
733 1162 -1
733 1012 -1
733 1018 -1
1875 3936 -1
995 3334 -1
1604 3316 -1
1631 3316 -1
609 3079 -1
770 3079 -1
407 3079 -1
2174 3336 -1
2256 3336 -1
2179 3336 -1
2204 3336 -1
2310 3336 -1
2078 3336 -1
1331 2313 -1
1349 2313 -1
1356 2313 -1
1615 2313 -1
1299 2313 -1
1564 2313 -1
1597 2313 -1
1332 3557 -1
456 1054 -1
1993 2291 -1
1737 2291 -1
1698 2291 -1
2027 2291 -1
1972 2480 -1
725 2272 -1
697 2272 -1
1843 3928 -1
1843 3643 -1
2604 3535 -1
2464 3535 -1
2606 3535 -1
2604 3367 -1
2604 3271 -1
2604 3339 -1
2604 3469 -1
2604 3503 -1
2604 3582 -1
1328 2366 -1
1485 2366 -1
1328 2416 -1
1328 2114 -1
1093 3063 -1
1093 2832 -1
1093 2831 -1
605 2942 -1
605 3033 -1
1593 3294 -1
1593 3282 -1
150 1531 -1
140 1531 -1
206 1531 -1
150 1483 -1
869 3636 -1
1127 3636 -1
1887 3920 -1
2023 3920 -1
818 935 -1
400 935 -1
404 935 -1
1004 3043 -1
1004 3095 -1
1223 1444 -1
1223 1241 -1
846 3009 -1
1234 3009 -1
967 3009 -1
1106 3009 -1
861 3009 -1
3045 3611 -1
2981 3611 -1
2910 3611 -1
3045 3724 -1
2061 2651 -1
2712 3129 -1
3025 3854 -1
1548 3990 -1
1282 3990 -1
1548 3792 -1
1548 3714 -1
1548 3771 -1
1548 3763 -1
1776 3739 -1
1931 3739 -1
1849 2988 -1
103 3576 -1
103 3368 -1
103 3279 -1
791 2673 -1
606 2673 -1
791 2627 -1
791 2792 -1
791 2571 -1
791 2540 -1
791 2605 -1
791 2544 -1
791 2641 -1
791 2773 -1
403 868 -1
739 868 -1
403 872 -1
403 1130 -1
403 910 -1
403 1207 -1
1932 3720 -1
1932 3664 -1
887 2400 -1
1213 2400 -1
1158 2400 -1
2116 3385 -1
2116 3304 -1
917 1360 -1
1984 2646 -1
1746 2646 -1
1984 2610 -1
1984 2621 -1
1984 2535 -1
2319 3894 -1
1929 3616 -1
1929 3842 -1
1929 3812 -1
1929 3604 -1
1929 3726 -1
1929 3668 -1
1929 3862 -1
1929 3959 -1
1929 3993 -1
1929 3647 -1
2020 2783 -1
1802 2783 -1
1885 2783 -1
2020 2513 -1
2020 2698 -1
2020 2754 -1
2020 2558 -1
3102 3845 -1
2933 3845 -1
2059 3770 -1
2059 3807 -1
3110 3683 -1
3143 3683 -1
306 2188 -1
256 2188 -1
20 2188 -1
109 2188 -1
2914 3448 -1
2914 3427 -1
671 1571 -1
671 1512 -1
671 1267 -1
2388 3015 -1
2325 3015 -1
2274 2754 -1
2274 2513 -1
2274 2698 -1
2274 2558 -1
2274 2783 -1
1257 3481 -1
1320 3481 -1
1240 3481 -1
1287 3481 -1
1379 3481 -1
1385 3481 -1
1257 3381 -1
1257 3509 -1
1042 3501 -1
1354 3638 -1
1955 3377 -1
1955 3585 -1
1955 3554 -1
1955 3487 -1
1516 3262 -1
1284 3262 -1
2908 3956 -1
2992 3956 -1
3148 3956 -1
3004 3956 -1
1256 3005 -1
1913 3956 -1
3130 3918 -1
2842 3918 -1
3220 3918 -1
2776 3763 -1
2490 3763 -1
2776 3792 -1
2776 3714 -1
2776 3771 -1
2776 3990 -1
860 3591 -1
920 3591 -1
833 3591 -1
1154 3591 -1
1121 3591 -1
1015 3591 -1
860 3439 -1
744 3177 -1
367 3177 -1
3102 3868 -1
2933 3868 -1
3102 3976 -1
1480 3517 -1
1260 3517 -1
1171 3435 -1
668 3050 -1
1696 3770 -1
1696 3807 -1
1203 3043 -1
1203 3095 -1
765 3041 -1
765 3000 -1
1766 3664 -1
1713 3664 -1
1939 3664 -1
1766 3720 -1
828 2953 -1
828 2816 -1
828 2861 -1
2032 3610 -1
664 2347 -1
414 2347 -1
2018 3802 -1
2018 3600 -1
2018 3882 -1
2018 3691 -1
2018 3981 -1
1614 3564 -1
2334 3870 -1
2252 3870 -1
2870 3960 -1
2870 3632 -1
2870 3651 -1
2870 3828 -1
2421 3512 -1
2421 3321 -1
2421 3298 -1
2421 3555 -1
2421 3494 -1
2176 2468 -1
2176 2455 -1
2141 3557 -1
462 1712 -1
658 1712 -1
748 1712 -1
530 1712 -1
1331 2142 -1
1349 2142 -1
1356 2142 -1
1615 2142 -1
1299 2142 -1
1564 2142 -1
1597 2142 -1
1331 2124 -1
792 891 -1
626 891 -1
1560 3262 -1
1442 2169 -1
1442 2402 -1
1438 3955 -1
1438 3906 -1
2033 3663 -1
2090 3973 -1
2121 3973 -1
2258 3973 -1
2094 3973 -1
2090 3825 -1
2090 3954 -1
2090 3967 -1
180 3957 -1
1171 3122 -1
1913 3848 -1
1913 3905 -1
1913 3980 -1
1913 3837 -1
1913 3598 -1
800 2840 -1
1175 3344 -1
1175 3308 -1
2135 2525 -1
1081 2881 -1
1205 2881 -1
1081 2856 -1
1081 2965 -1
1081 3014 -1
1424 2171 -1
1424 2401 -1
1494 3551 -1
1329 3551 -1
1313 3551 -1
1322 2314 -1
1337 2314 -1
1404 2314 -1
1454 2314 -1
1929 3952 -1
1461 3083 -1
1579 3083 -1
2287 3595 -1
2289 3595 -1
2395 3595 -1
2389 3595 -1
2165 3595 -1
1942 3893 -1
668 882 -1
1054 1801 -1
1054 1669 -1
2126 2633 -1
450 1209 -1
450 842 -1
3221 3804 -1
1453 3284 -1
886 3526 -1
886 3542 -1
2190 3423 -1
1938 2158 -1
1769 2158 -1
1723 2158 -1
1735 2158 -1
1938 2299 -1
670 2373 -1
1538 3775 -1
1264 3775 -1
1297 3775 -1
1538 3672 -1
1538 3787 -1
3090 3915 -1
2824 3915 -1
3120 3915 -1
3218 3915 -1
2916 3915 -1
630 963 -1
412 963 -1
527 963 -1
630 1162 -1
630 1012 -1
630 1018 -1
1902 3929 -1
1902 3945 -1
2119 3445 -1
1532 2094 -1
1532 2121 -1
1532 2258 -1
1532 2090 -1
2982 3746 -1
1972 2554 -1
1972 2749 -1
1442 2385 -1
1442 2200 -1
1442 2167 -1
2280 3421 -1
2386 3421 -1
2280 3538 -1
2280 3507 -1
2280 3516 -1
116 3443 -1
379 1193 -1
379 969 -1
379 1181 -1
909 2055 -1
2396 3991 -1
2396 3988 -1
2833 3606 -1
3154 3606 -1
1264 2359 -1
1297 2359 -1
1538 2359 -1
1120 1450 -1
1120 1362 -1
1884 2930 -1
1223 1347 -1
1223 1314 -1
1099 3200 -1
1899 3447 -1
1899 3397 -1
1769 3803 -1
1938 3803 -1
1723 3803 -1
1735 3803 -1
846 2857 -1
1234 2857 -1
967 2857 -1
1106 2857 -1
861 2857 -1
846 3064 -1
846 3219 -1
846 2966 -1
388 1057 -1
633 1057 -1
431 1057 -1
388 1161 -1
388 1170 -1
388 939 -1
388 853 -1
1951 3133 -1
1951 2946 -1
1951 3127 -1
1517 3585 -1
1517 3377 -1
1517 3554 -1
1517 3487 -1
2071 3129 -1
2362 3129 -1
2244 3129 -1
567 1543 -1
729 1543 -1
785 963 -1
577 963 -1
479 963 -1
532 963 -1
708 963 -1
495 963 -1
785 1162 -1
785 1012 -1
785 1018 -1
681 3537 -1
681 3460 -1
681 3347 -1
681 3524 -1
681 3269 -1
681 3329 -1
2306 2967 -1
2340 2967 -1
399 1529 -1
653 1529 -1
399 1577 -1
399 1397 -1
2865 3779 -1
1992 3589 -1
180 2426 -1
3321 3602 -1
3512 3602 -1
3298 3602 -1
2205 3294 -1
2205 3282 -1
468 3050 -1
1264 3077 -1
1297 3077 -1
1538 3077 -1
1264 3062 -1
1264 2911 -1
3283 3714 -1
3549 3714 -1
3283 3792 -1
3283 3771 -1
3283 3763 -1
3283 3990 -1
330 2647 -1
2732 3535 -1
2515 3535 -1
2718 3535 -1
2732 3367 -1
2732 3271 -1
2732 3339 -1
2732 3469 -1
2732 3503 -1
2732 3582 -1
3283 3793 -1
3549 3793 -1
1875 3885 -1
254 1325 -1
561 882 -1
1578 3502 -1
290 2429 -1
284 2429 -1
277 2429 -1
111 2429 -1
290 2441 -1
290 2763 -1
779 3079 -1
551 3079 -1
657 3583 -1
569 3583 -1
394 3583 -1
1491 2190 -1
1542 2361 -1
1488 2361 -1
1271 2361 -1
1542 2226 -1
1973 3688 -1
1810 3871 -1
1810 3835 -1
547 1848 -1
1258 3633 -1
2194 3664 -1
2232 3664 -1
2209 3664 -1
2074 3664 -1
2277 3664 -1
2247 3664 -1
2194 3720 -1
1294 3590 -1
2034 2329 -1
1907 2329 -1
1964 2329 -1
1653 2329 -1
1663 2329 -1
1366 3305 -1
1498 3305 -1
1486 3305 -1
1366 3324 -1
133 2808 -1
197 2808 -1
1944 2473 -1
1923 2473 -1
2053 2473 -1
2022 2473 -1
1780 2473 -1
2042 2473 -1
1883 2473 -1
1765 2473 -1
1895 3716 -1
1895 3612 -1
3507 3844 -1
3516 3844 -1
3421 3844 -1
3507 3944 -1
3507 3824 -1
1876 3680 -1
1876 3984 -1
1876 3782 -1
1954 3966 -1
1604 2347 -1
1631 2347 -1
1982 3701 -1
1982 3730 -1
1982 3916 -1
1982 3855 -1
1439 2361 -1
1439 2226 -1
1171 3301 -1
445 3050 -1
583 3206 -1
642 3206 -1
587 3206 -1
513 3156 -1
732 3156 -1
575 3156 -1
1756 2651 -1
466 2449 -1
466 2666 -1
466 2594 -1
1165 2589 -1
1165 2570 -1
1165 2663 -1
1165 2463 -1
1165 2695 -1
1165 2495 -1
2818 3636 -1
133 2088 -1
197 2088 -1
133 2412 -1
133 2228 -1
133 2351 -1
1536 2089 -1
1610 2089 -1
965 1814 -1
860 3501 -1
920 3501 -1
833 3501 -1
1154 3501 -1
1121 3501 -1
1015 3501 -1
547 2053 -1
547 1923 -1
547 1765 -1
547 2022 -1
547 1780 -1
547 1944 -1
547 2042 -1
547 1883 -1
915 3665 -1
915 3609 -1
2391 2581 -1
2260 2581 -1
1454 2418 -1
1337 2418 -1
1322 2418 -1
1404 2418 -1
1454 2129 -1
1454 2348 -1
1806 3944 -1
1806 3824 -1
1806 3844 -1
2042 3703 -1
1923 3703 -1
1765 3703 -1
2022 3703 -1
1780 3703 -1
1944 3703 -1
2011 3703 -1
2053 3703 -1
254 1154 -1
254 920 -1
254 833 -1
254 860 -1
254 1121 -1
254 1015 -1
1077 3156 -1
986 3156 -1
3050 3890 -1
3050 3658 -1
3050 3852 -1
3050 3791 -1
3050 3958 -1
3050 3833 -1
3050 3867 -1
2059 3802 -1
2059 3600 -1
2059 3882 -1
2059 3691 -1
2059 3981 -1
1764 3676 -1
1764 3843 -1
1764 3599 -1
3187 3995 -1
2927 3995 -1
1267 3633 -1
1512 3633 -1
1571 3633 -1
681 1092 -1
442 2866 -1
656 2866 -1
442 3225 -1
886 3301 -1
1093 3489 -1
2229 3415 -1
2229 3258 -1
101 2162 -1
2373 3521 -1
2373 3289 -1
2373 3572 -1
1234 3110 -1
1106 3110 -1
846 3110 -1
1234 3143 -1
2983 3744 -1
3224 3744 -1
2803 3744 -1
2998 3744 -1
3087 3744 -1
2983 3856 -1
2983 3937 -1
2983 3863 -1
343 2590 -1
343 2798 -1
2117 3818 -1
2242 3818 -1
2133 3818 -1
2542 3740 -1
2758 3740 -1
2324 2626 -1
2324 2425 -1
2294 3164 -1
2294 2968 -1
2152 2906 -1
3071 3915 -1
769 945 -1
769 944 -1
769 1040 -1
769 1132 -1
769 1190 -1
1211 2459 -1
897 2459 -1
1218 2459 -1
1001 2459 -1
907 2459 -1
1069 2459 -1
1043 2459 -1
856 2459 -1
857 2459 -1
1085 2459 -1
1211 2494 -1
1211 2734 -1
1850 3572 -1
1662 3572 -1
1850 3521 -1
1850 3289 -1
2422 2599 -1
2183 2599 -1
768 1077 -1
768 986 -1
1027 2876 -1
1052 1606 -1
1052 1369 -1
1052 1627 -1
1052 1403 -1
1052 1619 -1
723 3205 -1
1505 2090 -1
1505 2121 -1
1505 2258 -1
1505 2094 -1
1913 3623 -1
417 2506 -1
960 2603 -1
850 2603 -1
218 2172 -1
344 2172 -1
2117 3791 -1
2242 3791 -1
2133 3791 -1
2117 3658 -1
2117 3852 -1
2117 3890 -1
2117 3958 -1
2117 3833 -1
2117 3867 -1
692 3456 -1
692 3540 -1
692 3363 -1
692 3436 -1
692 3277 -1
2399 3633 -1
1904 3308 -1
1904 3344 -1
243 2758 -1
243 2542 -1
452 1294 -1
1373 2234 -1
1313 2234 -1
1411 2234 -1
1449 2234 -1
1329 2234 -1
1373 2394 -1
1373 2143 -1
2415 3284 -1
1590 2332 -1
1363 2332 -1
2727 3488 -1
2961 3813 -1
1300 3306 -1
1300 3288 -1
1300 3330 -1
1562 2077 -1
692 3241 -1
1259 2850 -1
1672 3589 -1
532 2014 -1
785 2014 -1
479 2014 -1
708 2014 -1
577 2014 -1
495 2014 -1
532 1687 -1
968 1365 -1
1216 1365 -1
1174 1365 -1
228 881 -1
346 881 -1
99 881 -1
228 999 -1
2938 3702 -1
2992 3702 -1
3148 3702 -1
3004 3702 -1
2902 3702 -1
777 2995 -1
713 2995 -1
762 2995 -1
454 2995 -1
510 2995 -1
597 2995 -1
3141 3864 -1
2859 3864 -1
3211 3864 -1
2895 3864 -1
2900 3864 -1
3067 3864 -1
3166 3864 -1
3141 3772 -1
696 1502 -1
651 1502 -1
574 1502 -1
696 1398 -1
142 2593 -1
156 2593 -1
142 2437 -1
3506 3705 -1
3506 3857 -1
3506 3666 -1
1806 3860 -1
2267 3821 -1
3282 3741 -1
3294 3741 -1
1593 3511 -1
1372 2241 -1
1372 2339 -1
1774 3295 -1
1774 3407 -1
1604 3207 -1
1631 3207 -1
1604 2949 -1
1929 3861 -1
3530 3918 -1
498 1792 -1
590 1792 -1
1994 3846 -1
424 1819 -1
973 1784 -1
705 922 -1
705 913 -1
705 1086 -1
1679 3090 -1
1679 2824 -1
1679 3120 -1
1679 3218 -1
1679 2916 -1
238 3922 -1
1577 3462 -1
1529 3462 -1
1397 3462 -1
1471 3599 -1
1286 3599 -1
1471 3843 -1
1471 3676 -1
1788 2776 -1
1788 2490 -1
3179 3600 -1
3197 3600 -1
3179 3882 -1
3179 3802 -1
3179 3981 -1
703 3153 -1
517 3153 -1
631 3153 -1
1572 3544 -1
2362 3988 -1
2244 3988 -1
2071 3988 -1
2362 3991 -1
1583 2247 -1
1600 2247 -1
1583 2232 -1
1583 2209 -1
1583 2194 -1
1583 2074 -1
1583 2277 -1
3557 3720 -1
3557 3664 -1
1725 3133 -1
1725 2946 -1
1725 3127 -1
792 2014 -1
626 2014 -1
792 1687 -1
1536 2262 -1
1610 2262 -1
635 1593 -1
444 1593 -1
565 3418 -1
489 3418 -1
1354 3926 -1
1843 3812 -1
1843 3616 -1
1843 3842 -1
1843 3604 -1
1843 3726 -1
1843 3668 -1
1843 3862 -1
1843 3959 -1
1843 3993 -1
1843 3647 -1
1349 3334 -1
1509 3334 -1
1611 3334 -1
1356 3334 -1
1615 3334 -1
1331 3334 -1
1564 3334 -1
1597 3334 -1
882 3242 -1
519 1009 -1
1982 3890 -1
1982 3658 -1
1982 3852 -1
1982 3791 -1
1982 3958 -1
1982 3833 -1
1982 3867 -1
1567 3562 -1
1567 3270 -1
499 1057 -1
554 1057 -1
405 1057 -1
499 1161 -1
499 1170 -1
499 939 -1
499 853 -1
307 3678 -1
307 3629 -1
2957 3675 -1
2864 3675 -1
3047 3675 -1
1697 3536 -1
1697 3332 -1
1682 2146 -1
1987 2146 -1
3151 3813 -1
3210 3813 -1
2931 3813 -1
2990 3813 -1
455 1089 -1
560 1089 -1
385 1089 -1
713 1712 -1
777 1712 -1
762 1712 -1
454 1712 -1
510 1712 -1
597 1712 -1
3130 3898 -1
2842 3898 -1
3220 3898 -1
1922 3929 -1
1796 3929 -1
1639 3929 -1
1922 3945 -1
2039 3589 -1
1597 2247 -1
1349 2247 -1
1331 2247 -1
1356 2247 -1
1615 2247 -1
1299 2247 -1
1564 2247 -1
1597 2232 -1
1597 2209 -1
1597 2194 -1
1597 2074 -1
1597 2277 -1
880 3105 -1
978 3515 -1
978 3290 -1
978 3579 -1
978 3335 -1
1776 3731 -1
1931 3731 -1
1542 2404 -1
1488 2404 -1
1271 2404 -1
1542 2304 -1
1979 3703 -1
65 1199 -1
176 3576 -1
134 3576 -1
176 3368 -1
176 3279 -1
579 2347 -1
973 1754 -1
973 1691 -1
973 1823 -1
698 1450 -1
672 1450 -1
603 1450 -1
503 1450 -1
698 1362 -1
376 3156 -1
1624 3580 -1
587 882 -1
642 882 -1
583 882 -1
104 1711 -1
1035 1474 -1
1617 2423 -1
1330 2423 -1
1341 2423 -1
1617 2352 -1
1435 2095 -1
1570 2095 -1
1594 2095 -1
1623 2095 -1
83 2708 -1
551 3332 -1
779 3332 -1
551 3536 -1
89 1379 -1
89 1320 -1
89 1257 -1
374 2873 -1
523 2873 -1
755 2873 -1
1374 2153 -1
3171 3846 -1
2862 3846 -1
812 1021 -1
496 1021 -1
469 1021 -1
555 1021 -1
733 1021 -1
663 1021 -1
812 832 -1
812 1236 -1
812 1030 -1
2032 3244 -1
1822 3847 -1
456 2347 -1
806 2840 -1
315 2495 -1
315 2570 -1
315 2589 -1
315 2695 -1
2057 3996 -1
1424 3485 -1
1424 3453 -1
1424 3527 -1
2752 3301 -1
921 1752 -1
970 1752 -1
1004 3127 -1
1004 2946 -1
1004 3133 -1
2702 3502 -1
2512 3502 -1
2462 3502 -1
910 1422 -1
872 1422 -1
1130 1422 -1
868 1422 -1
1207 1422 -1
737 3041 -1
665 3041 -1
415 3041 -1
737 3000 -1
1411 3723 -1
1520 3723 -1
1313 3723 -1
1449 3723 -1
1373 3723 -1
1329 3723 -1
1411 3834 -1
337 1188 -1
330 2559 -1
798 1651 -1
804 1651 -1
669 1651 -1
446 1651 -1
30 2660 -1
2388 3887 -1
2325 3887 -1
1244 3454 -1
1633 3454 -1
723 1000 -1
723 1177 -1
723 1116 -1
2369 2599 -1
89 2514 -1
89 2700 -1
89 2678 -1
2258 3966 -1
2121 3966 -1
2090 3966 -1
2094 3966 -1
2676 3591 -1
2676 3439 -1
3404 3690 -1
3361 3690 -1
3491 3690 -1
2095 3574 -1
3339 3728 -1
3535 3728 -1
3582 3728 -1
3503 3728 -1
1460 2409 -1
1471 2889 -1
1286 2889 -1
1951 2374 -1
1831 3697 -1
1941 3090 -1
1941 2824 -1
1941 3120 -1
1941 3218 -1
1941 2916 -1
1715 3676 -1
1715 3843 -1
1715 3599 -1
1869 3741 -1
1469 3735 -1
1469 3777 -1
1469 3635 -1
1469 3934 -1
1891 3986 -1
1704 3986 -1
1768 3986 -1
915 2122 -1
935 3160 -1
706 868 -1
807 868 -1
706 872 -1
706 1130 -1
706 910 -1
706 1207 -1
636 3160 -1
1920 3654 -1
1864 3654 -1
1989 3654 -1
1756 3826 -1
834 1711 -1
906 1711 -1
1331 2235 -1
1349 2235 -1
1356 2235 -1
1615 2235 -1
1299 2235 -1
1564 2235 -1
1597 2235 -1
1331 2066 -1
1331 2355 -1
1331 2255 -1
555 3204 -1
812 3204 -1
469 3204 -1
663 3204 -1
555 3168 -1
1573 3340 -1
1792 3573 -1
1084 3235 -1
1196 3235 -1
2036 3859 -1
927 3308 -1
927 3344 -1
1719 2930 -1
1875 3911 -1
1001 3043 -1
897 3043 -1
1218 3043 -1
907 3043 -1
1069 3043 -1
1043 3043 -1
856 3043 -1
857 3043 -1
1211 3043 -1
1085 3043 -1
1001 3095 -1
1953 3644 -1
1962 3644 -1
933 3551 -1
1399 3413 -1
1399 3391 -1
3568 3913 -1
1123 3030 -1
1399 3458 -1
1399 3416 -1
1399 3465 -1
1399 3558 -1
2186 3921 -1
1876 3589 -1
889 2999 -1
889 2879 -1
554 3602 -1
499 3602 -1
405 3602 -1
2010 3834 -1
2010 3723 -1
371 2201 -1
371 2145 -1
409 3241 -1
2329 3465 -1
2329 3416 -1
2329 3458 -1
2329 3558 -1
603 1886 -1
672 1886 -1
698 1886 -1
503 1886 -1
603 1959 -1
891 1581 -1
891 1305 -1
2592 3357 -1
2592 3376 -1
2592 3492 -1
2592 3406 -1
2592 3479 -1
143 989 -1
314 989 -1
170 989 -1
71 989 -1
143 840 -1
143 987 -1
2345 3924 -1
2059 3772 -1
2059 3864 -1
1882 3400 -1
1882 3514 -1
1882 3571 -1
1752 3815 -1
3186 3708 -1
607 3446 -1
2058 2651 -1
2262 3595 -1
1426 2657 -1
1671 3045 -1
1671 2981 -1
1671 2910 -1
2186 2699 -1
1348 3452 -1
312 1052 -1
788 3526 -1
788 3542 -1
1632 2109 -1
1970 3931 -1
1992 2494 -1
1992 2459 -1
1992 2734 -1
1984 2515 -1
1746 2515 -1
1984 2732 -1
1984 2718 -1
1289 2225 -1
1289 2078 -1
1289 2310 -1
1968 3627 -1
1915 3627 -1
1968 3617 -1
2866 3666 -1
3225 3666 -1
2866 3705 -1
2866 3857 -1
705 2294 -1
497 953 -1
441 953 -1
497 936 -1
497 1145 -1
497 876 -1
497 977 -1
824 3543 -1
1768 3727 -1
1704 3727 -1
1891 3727 -1
1768 3767 -1
3191 3957 -1
2105 3377 -1
2138 3377 -1
2118 3377 -1
2105 3585 -1
2105 3554 -1
2105 3487 -1
1818 3846 -1
2855 3807 -1
2925 3807 -1
2855 3770 -1
218 1369 -1
344 1369 -1
218 1403 -1
218 1627 -1
218 1619 -1
218 1606 -1
884 2854 -1
884 2811 -1
1565 2159 -1
1988 3965 -1
1259 3188 -1
311 2751 -1
1099 3368 -1
1099 3576 -1
1099 3279 -1
1530 2089 -1
2005 3828 -1
2005 3960 -1
2005 3632 -1
2005 3651 -1
288 2712 -1
63 2712 -1
1720 3710 -1
1499 3855 -1
1499 3730 -1
1499 3916 -1
1499 3701 -1
1653 2748 -1
2034 2748 -1
1663 2748 -1
1653 2796 -1
895 3503 -1
895 3339 -1
895 3367 -1
895 3271 -1
895 3469 -1
895 3535 -1
895 3582 -1
735 2904 -1
735 2986 -1
1220 3468 -1
1082 3468 -1
1220 3296 -1
1220 3417 -1
1220 3386 -1
1220 3459 -1
3053 3749 -1
3194 3749 -1
2903 3749 -1
748 3204 -1
658 3204 -1
530 3204 -1
462 3204 -1
748 3168 -1
1294 3363 -1
1294 3456 -1
1294 3540 -1
1294 3436 -1
1294 3277 -1
1874 3918 -1
1976 3918 -1
1928 3918 -1
905 1496 -1
835 1496 -1
3220 3944 -1
3130 3944 -1
2842 3944 -1
3220 3824 -1
3220 3844 -1
1096 3245 -1
893 3245 -1
646 2824 -1
646 3120 -1
646 3090 -1
646 2916 -1
646 3218 -1
416 886 -1
69 1052 -1
82 1052 -1
94 1062 -1
94 1202 -1
94 1051 -1
94 822 -1
1903 3202 -1
2055 3946 -1
1495 3567 -1
1500 3567 -1
1381 3567 -1
1495 3411 -1
1778 2651 -1
2708 3477 -1
1053 3042 -1
2355 3303 -1
2066 3303 -1
2235 3303 -1
2255 3303 -1
2355 3475 -1
1920 3746 -1
1864 3746 -1
1989 3746 -1
1880 2673 -1
1880 2627 -1
1880 2792 -1
1880 2571 -1
1880 2540 -1
1880 2605 -1
1880 2544 -1
1880 2641 -1
1880 2773 -1
180 2409 -1
1615 2089 -1
1356 2089 -1
1331 2089 -1
1564 2089 -1
1349 2089 -1
1597 2089 -1
922 2058 -1
913 2058 -1
1086 2058 -1
816 1801 -1
716 1801 -1
437 1801 -1
816 1669 -1
1830 2168 -1
1859 2168 -1
1159 3918 -1
278 2360 -1
426 1639 -1
520 1639 -1
683 1639 -1
396 1639 -1
805 1639 -1
426 1922 -1
426 1796 -1
3022 3416 -1
3022 3465 -1
3022 3458 -1
3022 3558 -1
1534 3407 -1
1303 3407 -1
1534 3295 -1
1364 2914 -1
1306 2914 -1
1146 3530 -1
859 3530 -1
1229 3530 -1
1624 3720 -1
1624 3664 -1
1256 3691 -1
1256 3802 -1
1256 3882 -1
1256 3981 -1
