396 654 1
410 475 1
500 564 1
403 542 1
416 463 1
431 631 1
670 743 1
366 521 1
562 666 1
589 715 1
667 716 1
390 645 1
476 636 1
503 724 1
719 767 1
424 663 1
604 789 1
706 782 1
551 691 1
372 586 1
540 558 1
499 700 1
396 660 1
654 660 1
423 653 1
672 814 1
553 660 1
396 553 1
553 654 1
518 744 1
535 723 1
551 750 1
691 750 1
503 620 1
620 724 1
532 717 1
410 451 1
451 475 1
446 777 1
479 558 1
479 540 1
515 730 1
388 610 1
721 784 1
731 812 1
401 426 1
555 568 1
482 811 1
585 761 1
504 771 1
417 592 1
768 768 1
642 710 1
386 428 1
519 750 1
519 691 1
519 551 1
739 773 1
697 712 1
452 745 1
617 667 1
617 716 1
467 699 1
513 537 1
462 553 1
396 462 1
462 660 1
462 654 1
520 559 1
670 739 1
739 743 1
670 773 1
437 579 1
420 442 1
493 731 1
493 812 1
595 624 1
732 751 1
396 813 1
553 813 1
660 813 1
462 813 1
654 813 1
762 770 1
377 794 1
459 721 1
459 784 1
609 612 1
370 510 1
664 789 1
604 664 1
390 746 1
645 746 1
425 733 1
592 744 1
417 744 1
518 592 1
402 789 1
402 664 1
402 604 1
448 689 1
669 804 1
474 663 1
424 474 1
439 581 1
528 794 1
377 528 1
479 520 1
520 540 1
520 558 1
479 559 1
405 546 1
624 633 1
595 633 1
677 748 1
660 784 1
553 784 1
396 784 1
784 813 1
462 784 1
654 784 1
459 660 1
660 721 1
532 681 1
681 717 1
716 772 1
617 772 1
667 772 1
439 570 1
570 581 1
538 725 1
577 738 1
512 554 1
510 531 1
370 531 1
494 792 1
655 719 1
655 767 1
608 717 1
608 681 1
532 608 1
766 816 1
519 584 1
584 691 1
584 750 1
551 584 1
475 519 1
410 519 1
451 519 1
475 551 1
475 584 1
475 750 1
475 691 1
566 698 1
430 531 1
370 430 1
430 510 1
496 546 1
405 496 1
505 677 1
505 748 1
558 612 1
520 612 1
540 612 1
479 612 1
558 609 1
377 403 1
403 528 1
403 794 1
377 542 1
406 472 1
776 799 1
571 695 1
448 769 1
689 769 1
421 736 1
525 600 1
408 585 1
408 761 1
377 522 1
522 528 1
522 794 1
403 522 1
522 542 1
495 654 1
495 553 1
396 495 1
495 813 1
462 495 1
495 784 1
495 660 1
667 711 1
617 711 1
711 716 1
711 772 1
770 807 1
762 807 1
588 815 1
573 612 1
573 609 1
520 573 1
558 573 1
540 573 1
479 573 1
658 721 1
658 784 1
459 658 1
658 660 1
901 942 1
831 1064 1
1089 1109 1
857 1027 1
918 1153 1
919 1028 1
1107 1139 1
874 1131 1
994 1177 1
1071 1152 1
876 1023 1
856 1228 1
1118 1188 1
839 1170 1
1127 1145 1
883 1210 1
978 1101 1
890 1193 1
863 1183 1
1204 1208 1
1003 1189 1
1020 1164 1
1049 1163 1
1027 1190 1
857 1190 1
968 1075 1
1097 1222 1
1061 1081 1
840 1102 1
907 1226 1
841 1177 1
841 994 1
955 1030 1
926 1191 1
867 935 1
1118 1193 1
1188 1193 1
890 1118 1
859 1112 1
944 1163 1
944 1049 1
1051 1130 1
847 1209 1
934 1051 1
934 1130 1
957 987 1
855 1081 1
855 1061 1
1034 1103 1
1053 1067 1
843 881 1
853 983 1
1104 1153 1
918 1104 1
1138 1155 1
946 1116 1
902 920 1
939 1015 1
1000 1211 1
1135 1159 1
902 1021 1
920 1021 1
897 1219 1
866 1080 1
1086 1177 1
841 1086 1
994 1086 1
1019 1023 1
876 1019 1
1005 1179 1
1040 1172 1
1027 1131 1
857 1131 1
1131 1190 1
874 1027 1
1040 1074 1
1074 1172 1
963 1230 1
921 1186 1
898 1127 1
898 1145 1
1000 1011 1
1011 1211 1
1159 1221 1
1135 1221 1
1091 1093 1
1060 1100 1
973 1101 1
973 978 1
835 930 1
864 1149 1
831 860 1
860 1064 1
820 943 1
980 1042 1
1034 1165 1
1103 1165 1
1075 1090 1
968 1090 1
903 1101 1
903 978 1
903 973 1
993 1218 1
888 927 1
1029 1203 1
993 1127 1
1127 1218 1
993 1145 1
898 993 1
830 1194 1
924 933 1
828 860 1
828 1064 1
828 831 1
989 1063 1
839 1210 1
1170 1210 1
839 883 1
965 1095 1
849 1080 1
849 866 1
845 1147 1
883 1229 1
1210 1229 1
839 1229 1
992 1066 1
879 1230 1
879 963 1
857 1042 1
1042 1131 1
1027 1042 1
1042 1190 1
857 980 1
989 1009 1
1009 1063 1
1042 1100 1
1027 1100 1
1100 1190 1
1100 1131 1
980 1100 1
857 1100 1
1042 1060 1
1053 1204 1
1067 1204 1
1053 1208 1
919 1150 1
1028 1150 1
924 1181 1
933 1181 1
867 925 1
925 935 1
842 935 1
842 867 1
842 925 1
860 1028 1
1028 1064 1
828 1028 1
831 1028 1
860 919 1
860 1150 1
1100 1121 1
1027 1121 1
1060 1121 1
1121 1190 1
1121 1131 1
1042 1121 1
980 1121 1
857 1121 1
946 1086 1
1086 1116 1
946 1177 1
946 994 1
841 946 1
885 1066 1
885 992 1
940 1210 1
940 1170 1
883 940 1
940 1229 1
839 940 1
1031 1037 1
952 964 1
859 1033 1
1033 1112 1
892 1001 1
833 1142 1
1112 1182 1
1033 1182 1
859 1182 1
908 1106 1
954 1193 1
890 954 1
954 1188 1
954 1118 1
1279 1315 1
1280 1417 1
1560 1630 1
1367 1563 1
1412 1529 1
1278 1401 1
1462 1506 1
1304 1602 1
1241 1291 1
1559 1596 1
1398 1608 1
1393 1436 1
1442 1462 1
1442 1506 1
1409 1555 1
1395 1418 1
1355 1521 1
1340 1524 1
1410 1610 1
1268 1519 1
1516 1528 1
1440 1549 1
1375 1449 1
1435 1455 1
1372 1463 1
1356 1632 1
1329 1383 1
1291 1421 1
1241 1421 1
1531 1560 1
1531 1630 1
1462 1471 1
1471 1506 1
1442 1471 1
1602 1620 1
1304 1620 1
1367 1611 1
1563 1611 1
1349 1552 1
1398 1497 1
1497 1608 1
1291 1530 1
1241 1530 1
1421 1530 1
1262 1601 1
1518 1634 1
1475 1495 1
1387 1437 1
1326 1379 1
1544 1556 1
1589 1612 1
1351 1380 1
1356 1628 1
1628 1632 1
1472 1587 1
1279 1423 1
1315 1423 1
1428 1547 1
1433 1605 1
1287 1401 1
1278 1287 1
1268 1594 1
1519 1594 1
1281 1566 1
1246 1458 1
1345 1581 1
1353 1480 1
1348 1423 1
1315 1348 1
1279 1348 1
1303 1350 1
1274 1428 1
1274 1547 1
1491 1598 1
1253 1590 1
1321 1468 1
1416 1596 1
1416 1559 1
1361 1628 1
1361 1632 1
1356 1361 1
1379 1460 1
1326 1460 1
1487 1552 1
1349 1487 1
1453 1564 1
1349 1376 1
1376 1552 1
1376 1487 1
1294 1579 1
1338 1546 1
1276 1394 1
1372 1394 1
1394 1463 1
1276 1372 1
1466 1529 1
1412 1466 1
1471 1478 1
1478 1506 1
1442 1478 1
1462 1478 1
1371 1568 1
1404 1415 1
1365 1415 1
1365 1404 1
1536 1568 1
1371 1536 1
1425 1632 1
1425 1628 1
1356 1425 1
1361 1425 1
1258 1521 1
1258 1355 1
1288 1579 1
1288 1294 1
1284 1351 1
1284 1380 1
1500 1513 1
1445 1595 1
1426 1471 1
1426 1478 1
1426 1506 1
1426 1442 1
1426 1462 1
1267 1633 1
1387 1606 1
1437 1606 1
1471 1586 1
1506 1586 1
1478 1586 1
1442 1586 1
1426 1586 1
1462 1586 1
1451 1583 1
1411 1417 1
1280 1411 1
1265 1350 1
1265 1303 1
1244 1402 1
1335 1598 1
1335 1491 1
1375 1379 1
1379 1449 1
1375 1460 1
1326 1375 1
1452 1628 1
1452 1632 1
1361 1452 1
1356 1452 1
1425 1452 1
1450 1501 1
1280 1553 1
1417 1553 1
1411 1553 1
1476 1559 1
1416 1476 1
1476 1596 1
1270 1620 1
1270 1304 1
1270 1602 1
1406 1454 1
1336 1517 1
1334 1349 1
1334 1552 1
1334 1376 1
1334 1487 1
1413 1521 1
1258 1413 1
1355 1413 1
1418 1553 1
1395 1553 1
1280 1418 1
1417 1418 1
1411 1418 1
1289 1586 1
1289 1506 1
1289 1478 1
1289 1442 1
1289 1426 1
1289 1462 1
1289 1471 1
1420 1470 1
1343 1538 1
1735 1993 1
1825 1831 1
1857 2051 1
1817 1984 1
1656 1985 1
1876 1974 1
1761 1857 1
1761 2051 1
1943 2022 1
1705 1792 1
1691 1733 1
1726 1735 1
1726 1993 1
1985 2034 1
1656 2034 1
1815 1901 1
1959 1960 1
1793 1976 1
1834 1870 1
1639 1808 1
1845 1859 1
1897 2048 1
1724 1854 1
1849 1889 1
1792 1997 1
1705 1997 1
1734 1917 1
1762 1861 1
1904 1976 1
1793 1904 1
1660 1788 1
1858 2062 1
1842 1955 1
1752 1940 1
1866 1910 1
1650 1985 1
1650 1656 1
1650 2034 1
1915 2037 1
1670 1968 1
1692 1771 1
1669 2054 1
1691 1719 1
1719 1733 1
1788 1934 1
1660 1934 1
1709 1950 1
1671 2061 1
1695 2062 1
1695 1858 1
1818 1839 1
1785 1978 1
1708 1764 1
1764 1777 1
1708 1777 1
1804 1804 1
2052 2054 1
1669 2052 1
1910 1959 1
1866 1959 1
1910 1960 1
1736 1814 1
1690 1960 1
1690 1910 1
1690 1959 1
1859 2019 1
1845 2019 1
1983 2060 1
1644 1847 1
1830 1946 1
1795 2015 1
1733 1808 1
1691 1808 1
1719 1808 1
1639 1733 1
1871 1935 1
1648 1968 1
1648 1670 1
1737 2050 1
1883 1967 1
1914 2047 1
1848 1949 1
1826 1933 1
1889 2059 1
1849 2059 1
1784 1988 1
1729 1867 1
1673 1957 1
1918 1991 1
1711 1945 1
1764 1937 1
1777 1937 1
1708 1937 1
1962 1977 1
1743 1747 1
1770 1876 1
1770 1974 1
1825 1899 1
1831 1899 1
1679 1882 1
1700 1788 1
1660 1700 1
1700 1934 1
1845 1850 1
1850 1859 1
1850 2019 1
1704 1867 1
1704 1729 1
1713 1810 1
1657 1751 1
1679 1789 1
1789 1882 1
1727 1799 1
1933 2012 1
1826 2012 1
1660 1965 1
1700 1965 1
1788 1965 1
1934 1965 1
1696 1724 1
1696 1854 1
2010 2036 1
1688 1763 1
1746 1846 1
1832 1976 1
1832 1904 1
1793 1832 1
1714 1772 1
1692 1822 1
1771 1822 1
1697 1962 1
1697 1977 1
1808 1937 1
1719 1937 1
1691 1937 1
1733 1937 1
1639 1937 1
1764 1808 1
1708 1808 1
1777 1808 1
1755 1849 1
1755 1889 1
1755 2059 1
1752 1822 1
1822 1940 1
1752 1771 1
1692 1752 1
1854 2031 1
1696 2031 1
1724 2031 1
1681 1865 1
1707 1899 1
1707 1825 1
1707 1831 1
1728 1955 1
1728 1842 1
1902 1958 1
1655 1668 1
1848 1873 1
1873 1949 1
1757 1789 1
1757 1882 1
1679 1757 1
1747 1935 1
1743 1935 1
1747 1871 1
1841 1843 1
1959 2052 1
1960 2052 1
1866 2052 1
1690 2052 1
1910 2052 1
1669 1959 1
1959 2054 1
1690 1963 1
1960 1963 1
1963 2052 1
1910 1963 1
1959 1963 1
1859 2055 1
1850 2055 1
2019 2055 1
1845 2055 1
1645 2042 1
1922 2051 1
1857 1922 1
1761 1922 1
1868 1899 1
1825 1868 1
1707 1868 1
1831 1868 1
1915 2027 1
2027 2037 1
1721 1981 1
1672 1989 1
1938 2005 1
1635 1835 1
1735 2037 1
1993 2037 1
1726 2037 1
1735 1915 1
1735 2027 1
2132 2273 1
2081 2408 1
2243 2320 1
2349 2391 1
2159 2311 1
2083 2123 1
2182 2232 1
2210 2370 1
2070 2342 1
2109 2148 1
2117 2195 1
2129 2228 1
2160 2181 1
2194 2196 1
2072 2133 1
2277 2352 1
2270 2344 1
2143 2182 1
2143 2232 1
2238 2263 1
2279 2341 1
2194 2219 1
2196 2219 1
2255 2307 1
2263 2367 1
2238 2367 1
2082 2346 1
2069 2220 1
2250 2278 1
2182 2202 1
2202 2232 1
2143 2202 1
2075 2358 1
2085 2092 1
2122 2209 1
2138 2424 1
2071 2098 1
2203 2423 1
2155 2349 1
2155 2391 1
2395 2423 1
2203 2395 1
2259 2340 1
2212 2319 1
2184 2268 1
2181 2246 1
2160 2246 1
2143 2363 1
2232 2363 1
2202 2363 1
2182 2363 1
2113 2216 1
2282 2364 1
2127 2218 1
2117 2388 1
2195 2388 1
2168 2406 1
2220 2265 1
2069 2265 1
2070 2127 1
2127 2342 1
2070 2218 1
2203 2296 1
2296 2395 1
2296 2423 1
2079 2246 1
2079 2160 1
2079 2181 1
2093 2190 1
2211 2291 1
2076 2234 1
2124 2158 1
2292 2406 1
2168 2292 1
2207 2213 1
2187 2218 1
2070 2187 1
2127 2187 1
2253 2373 1
2195 2294 1
2294 2388 1
2117 2294 1
2253 2268 1
2268 2373 1
2184 2253 1
2245 2419 1
2077 2081 1
2077 2408 1
2112 2191 1
2322 2360 1
2308 2417 1
2104 2306 1
2098 2181 1
2071 2181 1
2098 2160 1
2098 2246 1
2079 2098 1
2157 2264 1
2276 2373 1
2268 2276 1
2253 2276 1
2187 2187 1
2094 2261 1
2136 2157 1
2136 2264 1
2203 2244 1
2244 2296 1
2244 2395 1
2244 2423 1
2086 2413 1
2090 2095 1
2150 2327 1
2380 2395 1
2296 2380 1
2203 2380 1
2244 2380 1
2380 2423 1
2165 2215 1
2091 2343 1
2161 2366 1
2068 2332 1
2084 2155 1
2084 2349 1
2084 2391 1
2134 2156 1
2074 2390 1
2249 2391 1
2155 2249 1
2084 2249 1
2249 2349 1
2222 2359 1
2125 2260 1
2347 2407 1
2366 2381 1
2161 2381 1
2179 2215 1
2165 2179 1
2195 2230 1
2230 2388 1
2117 2230 1
2230 2294 1
2114 2287 1
2069 2401 1
2265 2401 1
2220 2401 1
2172 2331 1
2214 2385 1
2134 2280 1
2156 2280 1
2091 2176 1
2176 2343 1
2219 2375 1
2194 2375 1
2196 2375 1
2305 2332 1
2068 2305 1
2113 2165 1
2165 2216 1
2113 2179 1
2113 2215 1
2380 2414 1
2203 2414 1
2244 2414 1
2414 2423 1
2296 2414 1
2395 2414 1
2550 2657 1
2467 2620 1
2602 2634 1
2555 2705 1
2487 2690 1
2508 2585 1
2434 2793 1
2430 2698 1
2639 2721 1
2521 2634 1
2521 2602 1
2470 2632 1
2441 2759 1
2563 2787 1
2593 2668 1
2668 2689 1
2593 2689 1
2475 2524 1
2539 2564 1
2478 2663 1
2434 2492 1
2492 2793 1
2468 2576 1
2449 2667 1
2483 2537 1
2508 2519 1
2519 2585 1
2468 2586 1
2576 2586 1
2742 2773 1
2730 2769 1
2488 2778 1
2558 2620 1
2467 2558 1
2577 2609 1
2602 2802 1
2521 2802 1
2634 2802 1
2650 2680 1
2507 2549 1
2644 2647 1
2483 2561 1
2537 2561 1
2458 2592 1
2613 2710 1
2659 2764 1
2561 2704 1
2537 2704 1
2483 2704 1
2550 2650 1
2650 2657 1
2550 2680 1
2599 2745 1
2448 2782 1
2467 2551 1
2551 2620 1
2551 2558 1
2676 2689 1
2593 2676 1
2668 2676 1
2468 2651 1
2576 2651 1
2586 2651 1
2644 2712 1
2647 2712 1
2521 2735 1
2735 2802 1
2634 2735 1
2602 2735 1
2488 2633 1
2633 2778 1
2431 2714 1
2727 2737 1
2568 2580 1
2589 2633 1
2488 2589 1
2589 2778 1
2656 2732 1
2652 2695 1
2690 2802 1
2487 2802 1
2602 2690 1
2690 2735 1
2521 2690 1
2634 2690 1
2599 2785 1
2745 2785 1
2442 2725 1
2564 2640 1
2539 2640 1
2455 2688 1
2553 2796 1
2565 2776 1
2521 2745 1
2690 2745 1
2634 2745 1
2735 2745 1
2745 2802 1
2602 2745 1
2521 2785 1
2521 2599 1
2723 2729 1
2433 2525 1
2429 2635 1
2594 2690 1
2594 2745 1
2594 2634 1
2594 2735 1
2594 2802 1
2487 2594 1
2521 2594 1
2594 2602 1
2622 2768 1
2458 2551 1
2551 2592 1
2458 2467 1
2458 2620 1
2458 2558 1
2513 2607 1
2431 2678 1
2678 2714 1
2703 2774 1
2453 2556 1
2441 2650 1
2650 2759 1
2441 2680 1
2441 2657 1
2441 2550 1
2521 2522 1
2522 2785 1
2522 2690 1
2522 2599 1
2522 2634 1
2522 2594 1
2522 2735 1
2522 2802 1
2522 2745 1
2522 2602 1
2535 2716 1
2470 2766 1
2632 2766 1
2478 2612 1
2612 2663 1
2663 2764 1
2612 2764 1
2478 2764 1
2659 2663 1
2541 2790 1
2557 2744 1
2523 2726 1
2584 2692 1
2426 2542 1
2513 2705 1
2607 2705 1
2513 2555 1
2553 2763 1
2763 2796 1
2487 2638 1
2638 2690 1
2594 2638 1
2638 2802 1
2694 2762 1
2701 2722 1
2630 2657 1
2441 2630 1
2630 2650 1
2550 2630 1
2533 2670 1
2564 2659 1
2640 2659 1
2539 2659 1
2564 2764 1
2564 2663 1
3146 3149 1
2895 3072 1
2944 2947 1
2981 3223 1
2973 3098 1
3005 3176 1
2805 3106 1
2951 3180 1
2927 3085 1
3042 3146 1
3042 3149 1
2930 3219 1
2811 3005 1
2811 3176 1
2977 3104 1
2858 2891 1
2828 3117 1
2871 3218 1
2973 3043 1
3043 3098 1
3113 3209 1
2824 2832 1
2939 3175 1
2850 2920 1
2956 3006 1
2995 3056 1
3094 3097 1
3026 3056 1
2995 3026 1
2850 3020 1
2920 3020 1
2891 3010 1
2858 3010 1
2976 3061 1
2810 2870 1
2844 3157 1
2911 3207 1
3151 3180 1
2951 3151 1
3057 3103 1
2997 3070 1
3062 3202 1
3004 3194 1
2911 3218 1
3207 3218 1
2871 2911 1
2875 2990 1
2990 3173 1
2875 3173 1
3054 3124 1
2946 2994 1
3100 3157 1
2844 3100 1
3039 3210 1
2893 3216 1
3032 3219 1
2930 3032 1
2859 3181 1
2819 3019 1
2976 3151 1
3061 3151 1
2976 3180 1
2951 2976 1
2863 3050 1
3043 3190 1
3098 3190 1
2973 3190 1
2925 2999 1
2986 3023 1
2849 3008 1
2855 3021 1
2897 2936 1
2803 3132 1
2983 3150 1
2819 2912 1
2912 3019 1
2994 3175 1
2946 3175 1
2939 2994 1
2850 2987 1
2920 2987 1
2987 3020 1
2929 3227 1
2954 3148 1
2860 2934 1
2921 3124 1
2921 3054 1
2980 3097 1
2980 3094 1
3066 3188 1
3039 3197 1
3197 3210 1
2951 3058 1
2976 3058 1
3058 3180 1
3058 3151 1
2895 3095 1
3072 3095 1
2826 2950 1
2849 3132 1
3008 3132 1
2803 2849 1
2912 2986 1
2819 2986 1
2986 3019 1
2912 3023 1
2820 3161 1
2964 3182 1
3116 3138 1
2924 3051 1
2897 3126 1
2936 3126 1
2883 3103 1
2883 3057 1
3070 3146 1
2997 3146 1
3042 3070 1
3070 3149 1
2912 3090 1
2986 3090 1
2819 3090 1
3019 3090 1
3023 3090 1
2890 3098 1
2890 3043 1
2890 2973 1
2890 3190 1
2831 2939 1
2831 2994 1
2831 3175 1
2852 2883 1
2852 3057 1
2852 3103 1
2981 3060 1
3060 3223 1
2998 3161 1
2820 2998 1
2947 3187 1
2944 3187 1
2819 3135 1
2912 3135 1
2986 3135 1
3019 3135 1
3090 3135 1
3067 3138 1
3067 3116 1
2998 3129 1
3129 3161 1
2820 3129 1
2883 3086 1
3057 3086 1
2852 3086 1
3086 3103 1
2992 3143 1
2869 3074 1
2823 3038 1
2839 3205 1
2910 3001 1
2816 2827 1
3039 3204 1
3204 3210 1
3197 3204 1
2876 3211 1
2919 2948 1
2813 2915 1
2864 3160 1
2945 3037 1
3023 3146 1
2912 3146 1
2986 3146 1
3090 3146 1
3023 3042 1
3023 3149 1
2997 3023 1
3023 3070 1
2878 3124 1
2878 2921 1
2878 3054 1
2906 3019 1
2906 2912 1
2819 2906 1
2906 2986 1
2906 3090 1
2906 3135 1
2848 3062 1
2848 3202 1
2935 2986 1
2912 2935 1
2819 2935 1
2935 3146 1
2935 3019 1
2935 3023 1
2935 3090 1
2906 2935 1
2935 3135 1
3023 3098 1
2912 3098 1
3042 3098 1
2986 3098 1
3098 3149 1
3090 3098 1
2997 3098 1
2935 3098 1
3098 3146 1
3070 3098 1
3023 3043 1
2890 3023 1
3023 3190 1
2973 3023 1
3452 3455 1
3362 3528 1
3252 3553 1
3372 3378 1
3247 3302 1
3394 3551 1
3429 3561 1
3287 3388 1
3240 3280 1
3311 3540 1
3477 3568 1
3293 3468 1
3263 3346 1
3420 3510 1
3367 3575 1
3296 3594 1
3426 3440 1
3355 3375 1
3381 3579 1
3328 3385 1
3363 3493 1
3370 3490 1
3460 3514 1
3428 3558 1
3293 3593 1
3468 3593 1
3309 3410 1
3356 3529 1
3296 3416 1
3416 3594 1
3472 3529 1
3356 3472 1
3476 3487 1
3355 3451 1
3375 3451 1
3363 3465 1
3465 3493 1
3283 3433 1
3232 3367 1
3232 3575 1
3401 3594 1
3296 3401 1
3401 3416 1
3328 3440 1
3385 3440 1
3328 3426 1
3458 3513 1
3359 3492 1
3232 3496 1
3496 3575 1
3367 3496 1
3260 3565 1
3291 3321 1
3242 3520 1
3370 3581 1
3490 3581 1
3348 3429 1
3348 3561 1
3266 3364 1
3258 3515 1
3338 3467 1
3281 3551 1
3281 3394 1
3295 3540 1
3295 3311 1
3299 3307 1
3390 3414 1
3436 3454 1
3239 3588 1
3261 3376 1
3447 3520 1
3242 3447 1
3265 3416 1
3265 3296 1
3265 3401 1
3265 3594 1
3246 3491 1
3272 3290 1
3371 3539 1
3256 3313 1
3281 3466 1
3394 3466 1
3466 3551 1
3269 3328 1
3269 3440 1
3269 3385 1
3269 3426 1
3442 3493 1
3442 3465 1
3363 3442 1
3511 3534 1
3296 3411 1
3411 3416 1
3401 3411 1
3411 3594 1
3265 3411 1
3293 3345 1
3345 3593 1
3345 3468 1
3291 3438 1
3321 3438 1
3570 3574 1
3419 3510 1
3419 3420 1
3274 3539 1
3274 3371 1
3475 3524 1
3393 3586 1
3315 3406 1
3474 3475 1
3474 3524 1
3349 3401 1
3296 3349 1
3265 3349 1
3349 3594 1
3349 3411 1
3349 3416 1
3280 3550 1
3240 3550 1
3541 3578 1
3344 3485 1
3236 3586 1
3236 3393 1
3239 3390 1
3390 3588 1
3239 3414 1
3454 3544 1
3436 3544 1
3300 3566 1
3458 3572 1
3513 3572 1
3377 3460 1
3377 3514 1
3304 3493 1
3304 3465 1
3304 3442 1
3304 3363 1
3332 3381 1
3332 3579 1
3258 3497 1
3497 3515 1
3243 3411 1
3243 3296 1
3243 3265 1
3243 3401 1
3243 3594 1
3243 3349 1
3243 3416 1
3287 3593 1
3388 3593 1
3287 3345 1
3287 3468 1
3287 3293 1
3296 3325 1
3265 3325 1
3325 3401 1
3325 3594 1
3243 3325 1
3325 3411 1
3325 3349 1
3325 3416 1
3511 3575 1
3534 3575 1
3232 3511 1
3496 3511 1
3367 3511 1
3244 3573 1
3728 3927 1
3811 3955 1
3685 3930 1
3847 3949 1
3639 3758 1
3874 3943 1
3672 3702 1
3803 3917 1
3614 3664 1
3859 3879 1
3776 3935 1
3661 3736 1
3693 3994 1
3769 3916 1
3694 3993 1
3794 3972 1
3639 3989 1
3758 3989 1
3679 3988 1
3915 3959 1
3814 3860 1
3857 3982 1
3757 3932 1
3687 3867 1
3734 3849 1
3884 3892 1
3900 3906 1
3840 3850 1
3655 3908 1
3687 3730 1
3730 3867 1
3822 3905 1
3695 3719 1
3640 3795 1
3738 3943 1
3738 3874 1
3707 3776 1
3707 3935 1
3689 3990 1
3698 3907 1
3635 3703 1
3697 3999 1
3656 3802 1
3632 3920 1
3693 3831 1
3831 3994 1
3615 3675 1
3686 3988 1
3679 3686 1
3750 3963 1
3690 3876 1
3792 3968 1
3635 3922 1
3703 3922 1
3601 3904 1
3772 3937 1
3633 3951 1
3624 3644 1
3737 3773 1
3817 3935 1
3776 3817 1
3707 3817 1
3734 3832 1
3832 3849 1
3843 3971 1
3677 3934 1
3686 3956 1
3956 3988 1
3679 3956 1
3635 3946 1
3922 3946 1
3703 3946 1
3650 3995 1
3652 3860 1
3652 3814 1
3598 3786 1
3751 3800 1
3658 3922 1
3658 3946 1
3635 3658 1
3658 3703 1
3682 3892 1
3682 3884 1
3849 3995 1
3832 3995 1
3734 3995 1
3650 3849 1
3700 3971 1
3700 3843 1
3917 3946 1
3803 3946 1
3658 3917 1
3917 3922 1
3635 3917 1
3703 3917 1
3718 3763 1
3688 3826 1
3640 3689 1
3689 3795 1
3640 3990 1
3600 3696 1
3908 3962 1
3655 3962 1
3649 3979 1
3961 3961 1
3777 3842 1
3711 3849 1
3711 3832 1
3650 3711 1
3711 3995 1
3711 3734 1
3654 3864 1
3601 3629 1
3629 3904 1
3748 3780 1
3663 3862 1
3626 3930 1
3626 3685 1
3686 3869 1
3869 3956 1
3869 3988 1
3679 3869 1
3831 3984 1
3984 3994 1
3693 3984 1
3806 3873 1
3661 3893 1
3736 3893 1
3666 3900 1
3666 3906 1
3694 3720 1
3720 3993 1
3658 3840 1
3840 3946 1
3840 3917 1
3840 3922 1
3635 3840 1
3703 3840 1
3658 3850 1
3656 3704 1
3704 3802 1
3855 3879 1
3855 3859 1
3793 3871 1
3599 3850 1
3599 3840 1
3599 3658 1
3604 3851 1
3628 3825 1
3694 3865 1
3720 3865 1
3865 3993 1
3674 3881 1
3814 3951 1
3652 3951 1
3860 3951 1
3633 3814 1
3735 3742 1
3788 3843 1
3788 3971 1
3700 3788 1
3704 3829 1
3656 3829 1
3802 3829 1
3917 3920 1
3840 3920 1
3920 3946 1
3920 3922 1
3635 3920 1
3703 3920 1
3803 3920 1
3658 3920 1
3632 3917 1
3826 3890 1
3688 3890 1
3704 3836 1
3656 3836 1
3802 3836 1
3829 3836 1
3722 3816 1
3831 3896 1
3896 3984 1
3896 3994 1
3693 3896 1
3643 3645 1
111 128 1
194 254 1
74 237 1
236 239 1
57 62 1
56 57 1
56 62 1
75 169 1
346 353 1
182 276 1
108 243 1
162 259 1
28 294 1
25 30 1
190 351 1
306 333 1
155 175 1
82 348 1
195 323 1
79 192 1
322 359 1
45 350 1
153 318 1
227 302 1
128 335 1
111 335 1
288 335 1
128 288 1
111 288 1
91 261 1
95 298 1
19 259 1
19 162 1
163 298 1
95 163 1
137 266 1
148 286 1
104 155 1
104 175 1
117 135 1
26 225 1
229 309 1
90 164 1
71 336 1
123 356 1
101 129 1
32 175 1
32 104 1
32 155 1
166 326 1
226 329 1
4 28 1
4 294 1
171 175 1
104 171 1
32 171 1
155 171 1
260 288 1
128 260 1
111 260 1
260 335 1
5 332 1
146 153 1
146 318 1
210 312 1
187 285 1
119 136 1
320 327 1
41 99 1
27 105 1
265 293 1
177 339 1
9 51 1
17 333 1
17 306 1
15 244 1
65 193 1
39 95 1
39 298 1
39 163 1
154 170 1
45 130 1
130 350 1
87 240 1
35 176 1
49 284 1
146 337 1
153 337 1
318 337 1
224 258 1
95 257 1
257 298 1
163 257 1
39 257 1
32 256 1
104 256 1
155 256 1
171 256 1
175 256 1
37 128 1
37 288 1
37 335 1
37 260 1
37 111 1
206 252 1
117 148 1
135 148 1
117 286 1
63 363 1
37 49 1
49 128 1
49 288 1
49 260 1
49 111 1
49 335 1
37 284 1
99 163 1
41 163 1
99 257 1
39 99 1
99 298 1
95 99 1
14 283 1
259 351 1
162 351 1
19 351 1
190 259 1
181 233 1
63 147 1
147 363 1
117 156 1
148 156 1
156 286 1
135 156 1
214 264 1
233 269 1
181 269 1
77 151 1
14 101 1
101 283 1
14 129 1
124 349 1
59 136 1
59 119 1
40 206 1
40 252 1
187 284 1
284 285 1
49 187 1
37 187 1
115 139 1
77 142 1
142 151 1
229 329 1
309 329 1
226 229 1
35 51 1
51 176 1
9 35 1
265 299 1
293 299 1
166 197 1
197 326 1
202 222 1
129 236 1
101 236 1
14 236 1
129 239 1
2477 3383 1
3383 3383 1
2477 2477 1
824 1361 1
1361 1361 1
824 1632 1
824 1452 1
824 1356 1
824 1425 1
824 824 1
824 1628 1
2723 3283 1
2729 3283 1
3283 3283 1
2723 3433 1
2723 2723 1
182 2855 1
276 2855 1
2855 2855 1
182 3021 1
182 182 1
1741 3450 1
3450 3450 1
1741 1741 1
231 1690 1
1690 1690 1
231 2052 1
231 231 1
231 1960 1
231 1963 1
231 1959 1
231 1910 1
2759 2900 1
2441 2900 1
2650 2900 1
2900 2900 1
2759 2759 1
88 2448 1
2448 2448 1
88 88 1
88 2782 1
516 945 1
945 945 1
516 516 1
1875 3600 1
3600 3600 1
1875 3696 1
1875 1875 1
787 1412 1
1412 1412 1
787 1529 1
787 1466 1
787 787 1
250 2405 1
2405 2405 1
250 250 1
1400 2821 1
2821 2821 1
1400 1400 1
1019 3232 1
3232 3232 1
876 3232 1
1023 3232 1
1019 3367 1
1019 3496 1
1019 3511 1
1019 3575 1
1019 1019 1
737 3312 1
3312 3312 1
737 737 1
204 626 1
626 626 1
204 204 1
1410 2772 1
1610 2772 1
2772 2772 1
1410 1410 1
2407 3492 1
2347 3492 1
3492 3492 1
2407 2407 1
2407 3359 1
2695 3160 1
3160 3160 1
2652 3160 1
2695 2864 1
2695 2695 1
1098 3864 1
3864 3864 1
1098 1098 1
1098 3654 1
4 2871 1
28 2871 1
294 2871 1
2871 2871 1
4 4 1
4 3218 1
4 2911 1
709 2430 1
2430 2430 1
709 2698 1
709 709 1
771 1714 1
504 1714 1
1714 1714 1
771 771 1
771 1772 1
12 1359 1
1359 1359 1
12 12 1
531 1071 1
370 1071 1
430 1071 1
510 1071 1
1071 1071 1
531 1152 1
531 531 1
1137 3448 1
3448 3448 1
1137 1137 1
2213 3875 1
3875 3875 1
2207 3875 1
2213 2213 1
1265 1963 1
1963 1963 1
1350 1963 1
1303 1963 1
1265 2052 1
231 1265 1
1265 1960 1
1265 1959 1
1265 1265 1
1265 1910 1
1265 1690 1
586 2921 1
2921 2921 1
372 2921 1
586 586 1
586 3054 1
586 3124 1
586 2878 1
297 3979 1
3979 3979 1
297 3649 1
297 297 1
1027 2755 1
1121 2755 1
2755 2755 1
1190 2755 1
874 2755 1
1131 2755 1
1100 2755 1
1042 2755 1
857 2755 1
1027 1027 1
619 2158 1
2158 2158 1
619 619 1
619 2124 1
3580 3656 1
3656 3656 1
3580 3836 1
3580 3829 1
3580 3704 1
3580 3802 1
3580 3580 1
2340 2588 1
2259 2588 1
2588 2588 1
2340 2340 1
2650 2967 1
2657 2967 1
2630 2967 1
2759 2967 1
2441 2967 1
2900 2967 1
2550 2967 1
2967 2967 1
2680 2967 1
2650 2650 1
478 2674 1
2674 2674 1
478 478 1
1892 2936 1
2936 2936 1
1892 2897 1
1892 1892 1
1892 3126 1
1587 1990 1
1472 1990 1
1990 1990 1
1587 1587 1
499 2063 1
700 2063 1
2063 2063 1
499 499 1
2216 3014 1
2113 3014 1
2165 3014 1
3014 3014 1
2216 2216 1
863 2328 1
2328 2328 1
1183 2328 1
863 863 1
1329 2113 1
2113 2113 1
1383 2113 1
1329 2179 1
1329 3014 1
1329 2215 1
1329 2216 1
1329 1329 1
1329 2165 1
2515 3820 1
3820 3820 1
2515 2515 1
637 1158 1
1158 1158 1
637 637 1
362 521 1
521 521 1
362 362 1
362 366 1
373 3978 1
3978 3978 1
373 373 1
1132 1925 1
1925 1925 1
1132 1132 1
2349 3911 1
2249 3911 1
3911 3911 1
2155 3911 1
2084 3911 1
2391 3911 1
2349 2349 1
489 1116 1
1116 1116 1
489 489 1
489 946 1
489 1086 1
1078 2781 1
2781 2781 1
1078 1078 1
2924 3615 1
3051 3615 1
3615 3615 1
2924 3675 1
2924 2924 1
1293 3279 1
3279 3279 1
1293 1293 1
591 1982 1
1982 1982 1
591 591 1
1804 3293 1
3293 3293 1
1804 3593 1
1804 3468 1
1804 3345 1
1804 3287 1
610 2658 1
2658 2658 1
388 2658 1
610 610 1
5 2748 1
2748 2748 1
332 2748 1
5 5 1
1971 3810 1
3810 3810 1
1971 1971 1
2735 3964 1
2690 3964 1
2602 3964 1
2594 3964 1
2802 3964 1
2745 3964 1
2521 3964 1
2522 3964 1
3964 3964 1
2634 3964 1
2735 2735 1
1316 1834 1
1834 1834 1
1316 1316 1
1316 1870 1
1559 3210 1
1416 3210 1
1476 3210 1
3210 3210 1
1596 3210 1
1559 1559 1
1559 3204 1
1559 3197 1
1559 3039 1
246 484 -1
51 1121 -1
176 1121 -1
9 1121 -1
35 1121 -1
51 1027 -1
51 1060 -1
51 1190 -1
51 1131 -1
51 1100 -1
51 1042 -1
51 980 -1
51 857 -1
965 2149 -1
1095 2149 -1
749 1692 -1
749 1752 -1
749 1771 -1
749 1822 -1
2389 3907 -1
2389 3698 -1
539 2684 -1
67 2079 -1
67 2160 -1
67 2098 -1
67 2181 -1
67 2246 -1
1594 3224 -1
1268 3224 -1
1519 3224 -1
529 2225 -1
893 2695 -1
893 2652 -1
2226 3202 -1
2226 2848 -1
2226 3062 -1
554 2007 -1
512 2007 -1
2093 3316 -1
2190 3316 -1
602 2648 -1
1119 2693 -1
851 2094 -1
851 2261 -1
249 2966 -1
1594 1675 -1
1268 1675 -1
1519 1675 -1
1185 1782 -1
351 3736 -1
19 3736 -1
162 3736 -1
259 3736 -1
190 3736 -1
351 3661 -1
351 3893 -1
607 1152 -1
607 1071 -1
1049 3884 -1
944 3884 -1
1163 3884 -1
1049 3682 -1
1049 3892 -1
927 3820 -1
888 3820 -1
1685 3482 -1
1435 3170 -1
1455 3170 -1
452 3747 -1
745 3747 -1
1318 3263 -1
1318 3346 -1
2721 3474 -1
2639 3474 -1
2721 3475 -1
2721 3524 -1
3110 3831 -1
3110 3984 -1
3110 3896 -1
3110 3994 -1
3110 3693 -1
444 2634 -1
444 2690 -1
444 2602 -1
444 2594 -1
444 2735 -1
444 2802 -1
444 2521 -1
444 2745 -1
444 2522 -1
304 2142 -1
609 2633 -1
612 2633 -1
573 2633 -1
558 2633 -1
609 2488 -1
609 2778 -1
609 2589 -1
622 2033 -1
428 3355 -1
386 3355 -1
428 3451 -1
428 3375 -1
3057 3746 -1
2883 3746 -1
2852 3746 -1
3086 3746 -1
3103 3746 -1
1117 2062 -1
1117 1858 -1
1117 1695 -1
771 1102 -1
504 1102 -1
771 840 -1
3434 3762 -1
1389 2006 -1
529 2602 -1
529 2690 -1
529 2634 -1
529 2594 -1
529 2735 -1
529 2802 -1
529 2521 -1
529 2745 -1
529 2522 -1
142 1679 -1
77 1679 -1
151 1679 -1
142 1882 -1
142 1789 -1
142 1757 -1
0 3845 -1
212 3502 -1
1395 1667 -1
1553 1667 -1
1418 1667 -1
2300 3270 -1
1084 3585 -1
1973 3499 -1
1533 1786 -1
2461 2878 -1
2461 2921 -1
2461 3124 -1
2461 3054 -1
503 1531 -1
620 1531 -1
724 1531 -1
503 1560 -1
503 1630 -1
2036 3175 -1
2010 3175 -1
2036 2994 -1
2036 2939 -1
2036 2946 -1
2036 2831 -1
947 3706 -1
906 2851 -1
645 2631 -1
746 2631 -1
390 2631 -1
374 3774 -1
2509 3472 -1
2509 3529 -1
2509 3356 -1
2099 2813 -1
2099 2915 -1
1103 2130 -1
1034 2130 -1
1165 2130 -1
291 3846 -1
645 2350 -1
746 2350 -1
390 2350 -1
917 3543 -1
3066 3516 -1
3188 3516 -1
1004 2348 -1
455 2372 -1
2227 3706 -1
1640 3572 -1
1640 3513 -1
1640 3458 -1
1234 1272 -1
504 2468 -1
771 2468 -1
504 2576 -1
504 2586 -1
504 2651 -1
1759 3488 -1
22 2493 -1
3142 3582 -1
1064 3199 -1
828 3199 -1
860 3199 -1
1028 3199 -1
831 3199 -1
651 3424 -1
290 1287 -1
290 1401 -1
290 1278 -1
2339 3397 -1
931 1868 -1
931 1825 -1
931 1899 -1
931 1707 -1
931 1831 -1
851 3330 -1
3416 3963 -1
3296 3963 -1
3265 3963 -1
3401 3963 -1
3594 3963 -1
3243 3963 -1
3411 3963 -1
3349 3963 -1
3325 3963 -1
3416 3750 -1
2731 3925 -1
1094 1301 -1
1139 3388 -1
1107 3388 -1
1139 3593 -1
1139 3287 -1
323 861 -1
195 861 -1
2468 2827 -1
2576 2827 -1
2586 2827 -1
2651 2827 -1
2468 2816 -1
1700 2147 -1
1660 2147 -1
1788 2147 -1
1965 2147 -1
1934 2147 -1
2673 3809 -1
911 3339 -1
2059 2766 -1
1889 2766 -1
1755 2766 -1
1849 2766 -1
2059 2632 -1
2059 2470 -1
2371 3157 -1
2371 3100 -1
2371 2844 -1
714 957 -1
714 987 -1
421 3285 -1
736 3285 -1
2353 2931 -1
217 3171 -1
220 1829 -1
2672 3528 -1
2672 3362 -1
1509 2619 -1
900 3925 -1
2357 2681 -1
1233 3500 -1
702 2046 -1
799 2614 -1
776 2614 -1
1991 2225 -1
1918 2225 -1
1619 3587 -1
557 1237 -1
2134 3721 -1
2280 3721 -1
2156 3721 -1
479 3694 -1
612 3694 -1
520 3694 -1
558 3694 -1
559 3694 -1
540 3694 -1
573 3694 -1
479 3720 -1
479 3993 -1
479 3865 -1
2276 3814 -1
2268 3814 -1
2373 3814 -1
2253 3814 -1
2276 3652 -1
2276 3860 -1
2276 3633 -1
2276 3951 -1
1484 3833 -1
3315 3615 -1
3406 3615 -1
3315 3675 -1
1197 2185 -1
2622 3947 -1
2768 3947 -1
1083 2997 -1
1083 3146 -1
1083 3098 -1
1083 3070 -1
1083 3023 -1
2031 3081 -1
1696 3081 -1
1724 3081 -1
1854 3081 -1
1763 2083 -1
1688 2083 -1
1763 2123 -1
224 1870 -1
258 1870 -1
224 1834 -1
1586 1856 -1
1506 1856 -1
1478 1856 -1
1289 1856 -1
1442 1856 -1
1426 1856 -1
1462 1856 -1
1471 1856 -1
451 2401 -1
410 2401 -1
475 2401 -1
519 2401 -1
451 2265 -1
451 2220 -1
451 2069 -1
145 1886 -1
1533 2523 -1
1533 2726 -1
109 1172 -1
109 1040 -1
109 1074 -1
2551 3348 -1
2592 3348 -1
2458 3348 -1
2467 3348 -1
2620 3348 -1
2558 3348 -1
2551 3561 -1
2551 3429 -1
574 2266 -1
649 942 -1
649 901 -1
607 1254 -1
157 3818 -1
1746 3026 -1
1846 3026 -1
1746 3056 -1
1746 2995 -1
1435 3556 -1
1455 3556 -1
1475 3321 -1
1495 3321 -1
1475 3291 -1
1475 3438 -1
1121 3684 -1
1027 3684 -1
1060 3684 -1
1190 3684 -1
1131 3684 -1
1100 3684 -1
1042 3684 -1
980 3684 -1
857 3684 -1
2796 3679 -1
2553 3679 -1
2763 3679 -1
2796 3956 -1
2796 3988 -1
2796 3869 -1
2796 3686 -1
742 2567 -1
1452 3633 -1
1632 3633 -1
1361 3633 -1
1356 3633 -1
1628 3633 -1
1425 3633 -1
1452 3814 -1
1452 3951 -1
2399 3011 -1
1196 1531 -1
1196 1560 -1
1196 1630 -1
482 3401 -1
811 3401 -1
482 3296 -1
482 3265 -1
482 3594 -1
482 3243 -1
482 3411 -1
482 3349 -1
482 3416 -1
482 3325 -1
1195 3174 -1
799 1544 -1
776 1544 -1
799 1556 -1
2138 3083 -1
2424 3083 -1
1694 2290 -1
1960 2159 -1
1690 2159 -1
1963 2159 -1
2052 2159 -1
1910 2159 -1
1959 2159 -1
1960 2311 -1
1752 3033 -1
1692 3033 -1
1771 3033 -1
1940 3033 -1
1822 3033 -1
1733 2487 -1
1808 2487 -1
1639 2487 -1
1937 2487 -1
1691 2487 -1
1719 2487 -1
1733 2690 -1
1733 2594 -1
1733 2802 -1
1733 2638 -1
1807 3372 -1
1807 3378 -1
840 1593 -1
1102 1593 -1
425 886 -1
733 886 -1
2865 3292 -1
576 1827 -1
684 2187 -1
684 2218 -1
684 2070 -1
684 2127 -1
1722 2146 -1
980 1802 -1
857 1802 -1
1042 1802 -1
1100 1802 -1
1121 1802 -1
37 2018 -1
128 2018 -1
288 2018 -1
187 2018 -1
260 2018 -1
111 2018 -1
49 2018 -1
335 2018 -1
284 2018 -1
708 2395 -1
708 2244 -1
708 2380 -1
708 2414 -1
708 2423 -1
708 2296 -1
708 2203 -1
1279 3189 -1
1315 3189 -1
1348 3189 -1
1423 3189 -1
803 2288 -1
291 2462 -1
1508 3348 -1
1508 3561 -1
1508 3429 -1
1718 3500 -1
533 2670 -1
533 2533 -1
98 1199 -1
1426 2101 -1
1506 2101 -1
1478 2101 -1
1289 2101 -1
1442 2101 -1
1586 2101 -1
1462 2101 -1
1471 2101 -1
958 3921 -1
607 2118 -1
97 1267 -1
97 1633 -1
3094 3265 -1
3097 3265 -1
2980 3265 -1
3094 3296 -1
3094 3401 -1
3094 3594 -1
3094 3243 -1
3094 3411 -1
3094 3349 -1
3094 3416 -1
3094 3325 -1
873 2897 -1
873 2936 -1
873 3126 -1
317 2831 -1
317 2994 -1
317 2939 -1
317 3175 -1
596 3850 -1
596 3840 -1
596 3658 -1
596 3599 -1
1208 2560 -1
1204 2560 -1
1053 2560 -1
2902 3516 -1
972 2595 -1
1560 3749 -1
1531 3749 -1
1630 3749 -1
675 3864 -1
675 3654 -1
2061 2152 -1
1671 2152 -1
3420 3969 -1
3419 3969 -1
3510 3969 -1
910 3449 -1
1287 2782 -1
1401 2782 -1
1278 2782 -1
1287 2448 -1
1145 2715 -1
993 2715 -1
898 2715 -1
1127 2715 -1
1172 2874 -1
1040 2874 -1
1074 2874 -1
730 833 -1
515 833 -1
730 1142 -1
405 1238 -1
496 1238 -1
546 1238 -1
2892 3963 -1
2892 3750 -1
331 1251 -1
161 1908 -1
1338 2677 -1
1546 2677 -1
68 1715 -1
2076 2842 -1
2234 2842 -1
560 1581 -1
560 1345 -1
77 2626 -1
142 2626 -1
151 2626 -1
2808 3954 -1
1836 2351 -1
275 3168 -1
2610 3088 -1
899 2338 -1
2174 2949 -1
2162 3793 -1
2162 3871 -1
1050 1422 -1
1236 2764 -1
1236 2564 -1
1236 2659 -1
1236 2612 -1
1236 2478 -1
1236 2663 -1
1084 1420 -1
1084 1470 -1
594 955 -1
594 1030 -1
1378 3085 -1
1378 2927 -1
1338 2261 -1
1546 2261 -1
1338 2094 -1
967 2740 -1
135 1574 -1
156 1574 -1
148 1574 -1
117 1574 -1
1292 3062 -1
1292 2848 -1
1292 3202 -1
954 1323 -1
1193 1323 -1
890 1323 -1
1188 1323 -1
1118 1323 -1
427 2304 -1
1869 3082 -1
2257 3812 -1
57 3050 -1
56 3050 -1
62 3050 -1
57 2863 -1
805 884 -1
1672 2102 -1
1989 2102 -1
2722 3285 -1
2701 3285 -1
1410 1722 -1
1610 1722 -1
91 2224 -1
261 2224 -1
1679 2873 -1
1882 2873 -1
1789 2873 -1
1757 2873 -1
2713 3946 -1
2713 3840 -1
2713 3658 -1
2713 3917 -1
2713 3920 -1
2713 3922 -1
2713 3635 -1
2713 3703 -1
2713 3803 -1
2212 3480 -1
2319 3480 -1
2248 3494 -1
1177 3169 -1
841 3169 -1
994 3169 -1
946 3169 -1
1086 3169 -1
1159 3747 -1
1221 3747 -1
1135 3747 -1
719 823 -1
655 823 -1
767 823 -1
1190 3540 -1
1121 3540 -1
1027 3540 -1
1131 3540 -1
1100 3540 -1
1042 3540 -1
857 3540 -1
1190 3295 -1
1190 3311 -1
1525 3344 -1
1525 3485 -1
2523 3658 -1
2726 3658 -1
2523 3840 -1
2523 3946 -1
2523 3917 -1
2523 3599 -1
2523 3920 -1
2523 3922 -1
2523 3635 -1
2523 3703 -1
2523 3850 -1
69 628 -1
1675 2170 -1
1040 3164 -1
1074 3164 -1
1172 3164 -1
3403 3638 -1
568 2480 -1
555 2480 -1
805 992 -1
805 1066 -1
805 885 -1
1957 2163 -1
1673 2163 -1
699 1508 -1
467 1508 -1
1988 2901 -1
1784 2901 -1
166 3730 -1
197 3730 -1
326 3730 -1
166 3867 -1
166 3687 -1
1288 1894 -1
1579 1894 -1
1294 1894 -1
903 1883 -1
978 1883 -1
1101 1883 -1
973 1883 -1
903 1967 -1
887 3769 -1
887 3916 -1
1759 3343 -1
1040 2841 -1
1074 2841 -1
1172 2841 -1
357 786 -1
1331 3170 -1
743 2294 -1
739 2294 -1
670 2294 -1
743 2195 -1
743 2388 -1
743 2117 -1
743 2230 -1
1773 2782 -1
1773 2448 -1
1425 2944 -1
1632 2944 -1
1356 2944 -1
1452 2944 -1
1628 2944 -1
1361 2944 -1
1425 3187 -1
1425 2947 -1
1540 3316 -1
947 2451 -1
2514 3452 -1
2514 3455 -1
1823 3621 -1
1149 3148 -1
864 3148 -1
1149 2954 -1
807 1547 -1
770 1547 -1
762 1547 -1
807 1274 -1
807 1428 -1
2379 3614 -1
2379 3664 -1
216 1928 -1
2538 2937 -1
1039 1283 -1
364 2036 -1
364 2010 -1
1475 1816 -1
1495 1816 -1
566 2818 -1
698 2818 -1
965 2041 -1
1095 2041 -1
2026 3047 -1
355 3395 -1
1775 3497 -1
1775 3258 -1
1775 3515 -1
37 2046 -1
128 2046 -1
288 2046 -1
187 2046 -1
260 2046 -1
111 2046 -1
49 2046 -1
335 2046 -1
284 2046 -1
3452 3680 -1
3455 3680 -1
958 1504 -1
2228 3037 -1
2129 3037 -1
2228 2945 -1
1424 2619 -1
999 2462 -1
263 3152 -1
17 2911 -1
306 2911 -1
333 2911 -1
17 3218 -1
17 2871 -1
17 3207 -1
405 2723 -1
496 2723 -1
546 2723 -1
405 2729 -1
1973 2699 -1
1421 3648 -1
1241 3648 -1
1530 3648 -1
1291 3648 -1
2984 3355 -1
2984 3451 -1
2984 3375 -1
200 1004 -1
359 1328 -1
322 1328 -1
1764 2641 -1
1808 2641 -1
1777 2641 -1
1708 2641 -1
1937 2641 -1
1211 2155 -1
1000 2155 -1
1011 2155 -1
1211 2249 -1
1211 2084 -1
1211 2349 -1
1211 2391 -1
267 3560 -1
10 705 -1
220 2727 -1
220 2737 -1
2169 3541 -1
2169 3578 -1
1314 3346 -1
1314 3263 -1
1115 1735 -1
1115 1993 -1
1115 1915 -1
1115 2037 -1
1115 1726 -1
1115 2027 -1
386 2049 -1
428 2049 -1
1023 3095 -1
1019 3095 -1
876 3095 -1
1023 3072 -1
1023 2895 -1
1700 2694 -1
1660 2694 -1
1788 2694 -1
1965 2694 -1
1934 2694 -1
1700 2762 -1
1629 2319 -1
1629 2212 -1
2204 3061 -1
2204 2976 -1
2204 3151 -1
645 3413 -1
746 3413 -1
390 3413 -1
1512 3535 -1
556 2224 -1
2309 3773 -1
2309 3737 -1
777 3294 -1
446 3294 -1
732 2051 -1
751 2051 -1
732 1857 -1
732 1922 -1
732 1761 -1
2176 3370 -1
2091 3370 -1
2343 3370 -1
2176 3490 -1
2176 3581 -1
2803 3653 -1
2849 3653 -1
3132 3653 -1
308 1796 -1
1486 2411 -1
227 1245 -1
302 1245 -1
1247 3550 -1
1247 3280 -1
1247 3240 -1
279 3209 -1
279 3113 -1
1007 1552 -1
1007 1376 -1
1007 1349 -1
1007 1334 -1
1007 1487 -1
1111 2086 -1
1111 2413 -1
40 3843 -1
252 3843 -1
206 3843 -1
40 3788 -1
40 3971 -1
40 3700 -1
1387 2656 -1
1437 2656 -1
1606 2656 -1
1387 2732 -1
3449 3864 -1
3449 3654 -1
1270 3721 -1
1304 3721 -1
1602 3721 -1
1620 3721 -1
2381 2768 -1
2161 2768 -1
2366 2768 -1
2381 2622 -1
449 3895 -1
248 3449 -1
778 1667 -1
1 1716 -1
282 3473 -1
262 3729 -1
5 1221 -1
332 1221 -1
5 1135 -1
5 1159 -1
1501 2329 -1
1450 2329 -1
1982 3475 -1
1982 3474 -1
1982 3524 -1
2160 3458 -1
2098 3458 -1
2181 3458 -1
2246 3458 -1
2079 3458 -1
2160 3513 -1
2160 3572 -1
206 3749 -1
40 3749 -1
252 3749 -1
2220 2639 -1
2265 2639 -1
2069 2639 -1
2401 2639 -1
2220 2721 -1
2053 2757 -1
943 1691 -1
820 1691 -1
943 1808 -1
943 1937 -1
943 1733 -1
943 1719 -1
577 914 -1
738 914 -1
1029 3941 -1
1203 3941 -1
887 3739 -1
561 1606 -1
561 1387 -1
561 1437 -1
1201 2192 -1
729 2758 -1
139 2087 -1
115 2087 -1
801 3126 -1
801 2936 -1
801 2897 -1
3542 3676 -1
855 3576 -1
1081 3576 -1
1061 3576 -1
323 3969 -1
195 3969 -1
938 2314 -1
379 2868 -1
1052 3924 -1
1491 3313 -1
1598 3313 -1
1335 3313 -1
1491 3256 -1
305 2525 -1
305 2433 -1
218 3935 -1
218 3776 -1
218 3817 -1
218 3707 -1
163 672 -1
257 672 -1
99 672 -1
39 672 -1
41 672 -1
298 672 -1
95 672 -1
163 814 -1
413 1774 -1
1613 2787 -1
1613 2563 -1
2290 3403 -1
3280 3623 -1
3240 3623 -1
3550 3623 -1
1074 1540 -1
1040 1540 -1
1172 1540 -1
1711 3007 -1
1945 3007 -1
1866 2500 -1
2052 2500 -1
1910 2500 -1
1959 2500 -1
2178 2936 -1
2178 2897 -1
2178 3126 -1
2170 3590 -1
13 3297 -1
87 1945 -1
240 1945 -1
87 1711 -1
389 3129 -1
389 3161 -1
389 2820 -1
389 2998 -1
2076 3053 -1
2234 3053 -1
1070 2319 -1
1070 2212 -1
129 3578 -1
236 3578 -1
101 3578 -1
14 3578 -1
239 3578 -1
129 3541 -1
899 3377 -1
899 3514 -1
899 3460 -1
345 2917 -1
645 1527 -1
746 1527 -1
390 1527 -1
1326 2877 -1
1379 2877 -1
1460 2877 -1
1375 2877 -1
2725 3282 -1
2442 3282 -1
2429 3558 -1
2635 3558 -1
2429 3428 -1
510 2673 -1
370 2673 -1
531 2673 -1
430 2673 -1
2492 3808 -1
2793 3808 -1
2434 3808 -1
1884 3761 -1
919 2045 -1
860 2045 -1
1028 2045 -1
1150 2045 -1
2829 3507 -1
541 2406 -1
541 2168 -1
541 2292 -1
1040 3369 -1
1074 3369 -1
1172 3369 -1
944 2956 -1
1049 2956 -1
1163 2956 -1
944 3006 -1
2306 3456 -1
2104 3456 -1
3498 3827 -1
419 2634 -1
419 2690 -1
419 2602 -1
419 2594 -1
419 2735 -1
419 2802 -1
419 2521 -1
419 2745 -1
419 2522 -1
1382 3083 -1
657 1333 -1
1056 1326 -1
1056 1379 -1
1056 1460 -1
1056 1375 -1
322 3580 -1
359 3580 -1
80 2974 -1
373 3507 -1
1141 2660 -1
2259 3067 -1
2340 3067 -1
2259 3138 -1
2259 3116 -1
1933 3430 -1
1826 3430 -1
2012 3430 -1
1725 3042 -1
1725 3146 -1
1725 3098 -1
1725 3149 -1
1725 3070 -1
1725 3023 -1
536 1642 -1
167 1594 -1
167 1268 -1
167 1519 -1
2089 3409 -1
1108 3937 -1
1108 3772 -1
1804 3981 -1
3199 3371 -1
3199 3274 -1
3199 3539 -1
1956 3281 -1
1956 3394 -1
1956 3466 -1
1956 3551 -1
2149 3366 -1
1170 1585 -1
1210 1585 -1
940 1585 -1
839 1585 -1
67 2281 -1
680 3348 -1
680 3561 -1
680 3429 -1
115 1347 -1
139 1347 -1
1487 2713 -1
1552 2713 -1
1376 2713 -1
1349 2713 -1
1334 2713 -1
1073 2122 -1
1073 2209 -1
73 2911 -1
73 3218 -1
73 2871 -1
73 3207 -1
1818 2969 -1
1839 2969 -1
587 3741 -1
455 3238 -1
900 3752 -1
2364 2791 -1
2282 2791 -1
2212 2494 -1
2319 2494 -1
2084 2532 -1
2249 2532 -1
2155 2532 -1
2349 2532 -1
2391 2532 -1
2959 3428 -1
2959 3558 -1
1549 2802 -1
1440 2802 -1
1549 2690 -1
1549 2745 -1
1549 2602 -1
1549 2594 -1
1549 2638 -1
1549 2735 -1
1549 2487 -1
1549 2521 -1
1549 2522 -1
1549 2634 -1
154 961 -1
170 961 -1
1575 3332 -1
1575 3579 -1
1575 3381 -1
2414 3560 -1
2203 3560 -1
2244 3560 -1
2380 3560 -1
2423 3560 -1
2296 3560 -1
2395 3560 -1
2339 3517 -1
415 3349 -1
415 3296 -1
415 3265 -1
415 3401 -1
415 3594 -1
415 3243 -1
415 3411 -1
415 3416 -1
415 3325 -1
2560 3825 -1
2560 3628 -1
2662 3076 -1
54 2828 -1
54 3117 -1
3094 3720 -1
3097 3720 -1
2980 3720 -1
3094 3993 -1
3094 3694 -1
3094 3865 -1
1618 1970 -1
1581 1837 -1
1345 1837 -1
333 2118 -1
17 2118 -1
306 2118 -1
819 3523 -1
332 3156 -1
5 3156 -1
1627 2193 -1
1621 3472 -1
1621 3529 -1
1621 3356 -1
893 3682 -1
893 3884 -1
893 3892 -1
72 717 -1
72 608 -1
72 681 -1
72 532 -1
315 2275 -1
2503 3247 -1
2503 3302 -1
533 2869 -1
533 3074 -1
731 2270 -1
812 2270 -1
493 2270 -1
731 2344 -1
590 3762 -1
1865 2944 -1
1681 2944 -1
1865 3187 -1
1865 2947 -1
997 2211 -1
997 2291 -1
2078 3969 -1
2013 2646 -1
1245 3752 -1
3133 3618 -1
1742 3601 -1
1742 3904 -1
1742 3629 -1
1759 3877 -1
882 3596 -1
472 3450 -1
406 3450 -1
661 3878 -1
2379 3599 -1
2379 3840 -1
2379 3850 -1
2379 3658 -1
103 1617 -1
406 1044 -1
472 1044 -1
1466 3332 -1
1529 3332 -1
1412 3332 -1
1466 3579 -1
1466 3381 -1
283 1952 -1
101 1952 -1
14 1952 -1
662 1862 -1
3422 3937 -1
3422 3772 -1
1636 3427 -1
1839 2538 -1
1818 2538 -1
1429 2472 -1
2814 3852 -1
765 2305 -1
765 2068 -1
765 2332 -1
527 1854 -1
527 1696 -1
527 1724 -1
527 2031 -1
80 1235 -1
2508 3845 -1
2585 3845 -1
2519 3845 -1
465 1976 -1
465 1904 -1
465 1793 -1
465 1832 -1
1336 3828 -1
1517 3828 -1
733 1466 -1
425 1466 -1
733 1529 -1
733 1412 -1
1371 3836 -1
1568 3836 -1
1536 3836 -1
1371 3704 -1
1371 3656 -1
1371 3802 -1
1371 3829 -1
930 3347 -1
835 3347 -1
1716 3700 -1
1716 3843 -1
1716 3971 -1
1716 3788 -1
1759 3034 -1
887 2125 -1
887 2260 -1
355 3466 -1
355 3281 -1
355 3394 -1
355 3551 -1
651 2547 -1
2372 3024 -1
3179 3777 -1
3179 3842 -1
286 2658 -1
156 2658 -1
148 2658 -1
117 2658 -1
2274 3678 -1
1647 3523 -1
2965 3801 -1
26 2271 -1
225 2271 -1
1501 2347 -1
1450 2347 -1
1501 2407 -1
2131 2801 -1
2894 3636 -1
2876 3358 -1
3211 3358 -1
3220 3557 -1
1777 2891 -1
1808 2891 -1
1708 2891 -1
1764 2891 -1
1937 2891 -1
1777 2858 -1
1777 3010 -1
324 1939 -1
1796 3153 -1
1176 2693 -1
187 2036 -1
49 2036 -1
284 2036 -1
285 2036 -1
37 2036 -1
187 2010 -1
43 1719 -1
43 1808 -1
43 1937 -1
43 1691 -1
43 1733 -1
1465 2885 -1
1455 2985 -1
1435 2985 -1
660 3949 -1
553 3949 -1
459 3949 -1
396 3949 -1
813 3949 -1
462 3949 -1
495 3949 -1
784 3949 -1
721 3949 -1
658 3949 -1
654 3949 -1
660 3847 -1
2023 3481 -1
772 1102 -1
617 1102 -1
667 1102 -1
716 1102 -1
711 1102 -1
772 840 -1
668 1898 -1
186 842 -1
186 867 -1
186 925 -1
186 935 -1
371 866 -1
371 1080 -1
371 849 -1
1771 2765 -1
1752 2765 -1
1692 2765 -1
1822 2765 -1
1004 1860 -1
1579 3550 -1
1288 3550 -1
1294 3550 -1
1579 3280 -1
1579 3240 -1
2370 2460 -1
2210 2460 -1
1608 2522 -1
1497 2522 -1
1398 2522 -1
1608 2785 -1
1608 2594 -1
1608 2599 -1
1608 2634 -1
1608 2690 -1
1608 2735 -1
1608 2802 -1
1608 2745 -1
1608 2521 -1
1608 2602 -1
349 3104 -1
124 3104 -1
349 2977 -1
709 3630 -1
2309 2729 -1
2309 2723 -1
2483 3391 -1
2704 3391 -1
2537 3391 -1
2561 3391 -1
3458 3712 -1
3513 3712 -1
3572 3712 -1
2589 3568 -1
2488 3568 -1
2633 3568 -1
2778 3568 -1
2589 3477 -1
1403 1937 -1
1403 1764 -1
1403 1733 -1
1403 1639 -1
1403 1708 -1
1403 1808 -1
1403 1777 -1
1403 1719 -1
1403 1691 -1
315 3764 -1
3199 3401 -1
3199 3296 -1
3199 3265 -1
3199 3594 -1
3199 3243 -1
3199 3411 -1
3199 3349 -1
3199 3416 -1
3199 3325 -1
2236 2468 -1
2236 2576 -1
2236 2586 -1
2236 2651 -1
1241 2877 -1
1530 2877 -1
1291 2877 -1
1421 2877 -1
237 3522 -1
74 3522 -1
2017 2456 -1
1510 3987 -1
2175 3635 -1
2175 3840 -1
2175 3658 -1
2175 3917 -1
2175 3920 -1
2175 3922 -1
2175 3703 -1
2175 3946 -1
1787 2307 -1
1787 2255 -1
51 2420 -1
176 2420 -1
9 2420 -1
35 2420 -1
170 1470 -1
154 1470 -1
170 1420 -1
1453 3711 -1
1564 3711 -1
1453 3832 -1
1453 3849 -1
1453 3650 -1
1453 3995 -1
1453 3734 -1
470 1497 -1
470 1608 -1
470 1398 -1
3365 3814 -1
3365 3652 -1
3365 3860 -1
3365 3633 -1
3365 3951 -1
415 1221 -1
415 1135 -1
415 1159 -1
52 3674 -1
52 3881 -1
1313 1887 -1
679 1138 -1
679 1155 -1
539 3099 -1
906 3184 -1
2349 3783 -1
2249 3783 -1
2155 3783 -1
2084 3783 -1
2391 3783 -1
171 3264 -1
104 3264 -1
32 3264 -1
155 3264 -1
256 3264 -1
175 3264 -1
1867 3439 -1
1704 3439 -1
1729 3439 -1
1209 1261 -1
847 1261 -1
683 2126 -1
531 1340 -1
370 1340 -1
430 1340 -1
510 1340 -1
531 1524 -1
2714 3546 -1
2678 3546 -1
2431 3546 -1
1458 2832 -1
1246 2832 -1
1458 2824 -1
1885 2769 -1
1885 2730 -1
694 2976 -1
694 3058 -1
694 2951 -1
694 3180 -1
694 3061 -1
694 3151 -1
530 2511 -1
1350 3196 -1
1265 3196 -1
1303 3196 -1
1730 3314 -1
675 3977 -1
450 1157 -1
388 2577 -1
610 2577 -1
388 2609 -1
1462 3142 -1
1506 3142 -1
1478 3142 -1
1289 3142 -1
1586 3142 -1
1442 3142 -1
1426 3142 -1
1471 3142 -1
38 767 -1
38 655 -1
38 719 -1
1565 2517 -1
539 3811 -1
539 3955 -1
418 3639 -1
418 3989 -1
418 3758 -1
2023 2672 -1
2543 3270 -1
784 3680 -1
553 3680 -1
459 3680 -1
396 3680 -1
813 3680 -1
462 3680 -1
495 3680 -1
721 3680 -1
658 3680 -1
660 3680 -1
654 3680 -1
196 2378 -1
2637 2991 -1
2369 3253 -1
381 3062 -1
381 2848 -1
381 3202 -1
682 901 -1
682 942 -1
25 1923 -1
30 1923 -1
1024 1983 -1
1024 2060 -1
2008 3594 -1
2008 3296 -1
2008 3265 -1
2008 3401 -1
2008 3243 -1
2008 3411 -1
2008 3349 -1
2008 3416 -1
2008 3325 -1
567 3154 -1
2259 3092 -1
2340 3092 -1
2645 3768 -1
1421 2247 -1
1241 2247 -1
1530 2247 -1
1291 2247 -1
1657 2529 -1
1751 2529 -1
229 3580 -1
329 3580 -1
226 3580 -1
309 3580 -1
448 1215 -1
689 1215 -1
769 1215 -1
1790 2151 -1
309 3413 -1
329 3413 -1
229 3413 -1
276 3165 -1
182 3165 -1
2973 3782 -1
3098 3782 -1
3043 3782 -1
2890 3782 -1
3190 3782 -1
3023 3782 -1
712 3803 -1
697 3803 -1
712 3920 -1
712 3946 -1
712 3917 -1
3363 3907 -1
3304 3907 -1
3465 3907 -1
3442 3907 -1
3493 3907 -1
3363 3698 -1
126 3945 -1
2648 3098 -1
2648 2912 -1
2648 3042 -1
2648 3043 -1
2648 2890 -1
2648 3149 -1
2648 2986 -1
2648 3023 -1
2648 3090 -1
2648 3146 -1
2648 2997 -1
2648 3190 -1
2648 2935 -1
2648 2973 -1
2648 3070 -1
2165 3518 -1
2216 3518 -1
2113 3518 -1
2179 3518 -1
2215 3518 -1
1145 3988 -1
993 3988 -1
898 3988 -1
1127 3988 -1
1145 3956 -1
1145 3869 -1
1145 3686 -1
1145 3679 -1
298 3732 -1
99 3732 -1
39 3732 -1
163 3732 -1
257 3732 -1
95 3732 -1
777 3973 -1
446 3973 -1
3031 3317 -1
312 3524 -1
210 3524 -1
312 3474 -1
312 3475 -1
1166 2267 -1
1248 2301 -1
3415 3618 -1
236 2761 -1
129 2761 -1
101 2761 -1
14 2761 -1
239 2761 -1
386 3502 -1
428 3502 -1
1716 3900 -1
1716 3906 -1
1716 3666 -1
475 3628 -1
451 3628 -1
551 3628 -1
584 3628 -1
519 3628 -1
750 3628 -1
691 3628 -1
410 3628 -1
475 3825 -1
2071 3998 -1
2098 3998 -1
2181 3998 -1
335 633 -1
128 633 -1
288 633 -1
260 633 -1
37 633 -1
111 633 -1
49 633 -1
335 624 -1
335 595 -1
211 3366 -1
2359 3670 -1
2222 3670 -1
1135 3265 -1
1221 3265 -1
1159 3265 -1
1135 3296 -1
1135 3401 -1
1135 3594 -1
1135 3243 -1
1135 3411 -1
1135 3349 -1
1135 3416 -1
1135 3325 -1
2882 3822 -1
2882 3905 -1
250 644 -1
658 2895 -1
784 2895 -1
721 2895 -1
459 2895 -1
660 2895 -1
658 3072 -1
658 3095 -1
968 3963 -1
1090 3963 -1
1075 3963 -1
968 3750 -1
2743 3022 -1
1364 2856 -1
1003 2183 -1
1189 2183 -1
482 1177 -1
811 1177 -1
482 841 -1
482 994 -1
482 946 -1
482 1086 -1
336 3194 -1
71 3194 -1
336 3004 -1
1641 3889 -1
1093 2694 -1
1091 2694 -1
1093 2762 -1
1618 3669 -1
1003 1810 -1
1189 1810 -1
1003 1713 -1
638 1309 -1
749 3930 -1
749 3626 -1
749 3685 -1
870 2412 -1
1133 2528 -1
2660 3202 -1
2660 2848 -1
2660 3062 -1
7 3369 -1
842 3014 -1
867 3014 -1
925 3014 -1
935 3014 -1
1464 2286 -1
400 3475 -1
400 3474 -1
400 3524 -1
2007 2910 -1
2007 3001 -1
870 1622 -1
3087 3909 -1
1617 2137 -1
62 2191 -1
56 2191 -1
57 2191 -1
62 2112 -1
2272 2708 -1
1416 3155 -1
1476 3155 -1
1596 3155 -1
1559 3155 -1
1411 2382 -1
1280 2382 -1
1417 2382 -1
1418 2382 -1
1553 2382 -1
74 3514 -1
237 3514 -1
74 3377 -1
74 3460 -1
1058 1906 -1
612 2462 -1
609 2462 -1
520 2462 -1
558 2462 -1
540 2462 -1
573 2462 -1
479 2462 -1
489 2916 -1
1786 2579 -1
1834 2762 -1
1870 2762 -1
1834 2694 -1
737 3376 -1
737 3261 -1
1246 3694 -1
1458 3694 -1
1246 3720 -1
1246 3993 -1
1246 3865 -1
68 2906 -1
68 2912 -1
68 2819 -1
68 2986 -1
68 3019 -1
68 3090 -1
68 2935 -1
68 3135 -1
297 2011 -1
135 987 -1
156 987 -1
148 987 -1
117 987 -1
135 957 -1
587 1768 -1
1417 2290 -1
1280 2290 -1
1553 2290 -1
1418 2290 -1
1411 2290 -1
898 2832 -1
1145 2832 -1
993 2832 -1
1127 2832 -1
898 2824 -1
165 726 -1
905 2942 -1
1457 2968 -1
239 2142 -1
129 2142 -1
236 2142 -1
397 2255 -1
397 2307 -1
1615 3232 -1
1615 3496 -1
1615 3575 -1
1615 3511 -1
1615 3367 -1
977 3839 -1
356 2960 -1
123 2960 -1
1601 1895 -1
1262 1895 -1
189 1215 -1
1073 1386 -1
813 1737 -1
553 1737 -1
396 1737 -1
654 1737 -1
495 1737 -1
784 1737 -1
660 1737 -1
462 1737 -1
813 2050 -1
1563 1590 -1
1590 1611 -1
1367 1590 -1
1253 1563 -1
1729 1832 -1
1704 1832 -1
1832 1867 -1
1729 1976 -1
1729 1904 -1
1729 1793 -1
428 587 -1
386 587 -1
1434 1530 -1
1241 1434 -1
1291 1434 -1
1421 1434 -1
3892 3932 -1
3682 3932 -1
3884 3932 -1
3757 3892 -1
2081 2288 -1
2288 2408 -1
2077 2288 -1
3605 3642 -1
24 67 -1
2445 2464 -1
