522 610 1
586 774 1
639 725 1
620 672 1
790 801 1
556 734 1
396 790 1
396 801 1
428 591 1
384 444 1
384 408 1
408 444 1
528 794 1
438 677 1
754 777 1
443 676 1
535 739 1
632 661 1
396 708 1
708 801 1
708 790 1
445 489 1
573 724 1
559 665 1
370 587 1
597 784 1
464 680 1
601 736 1
381 806 1
435 611 1
485 506 1
382 574 1
384 406 1
406 408 1
406 444 1
384 605 1
408 605 1
444 605 1
406 605 1
388 613 1
608 661 1
608 632 1
657 758 1
548 683 1
569 575 1
412 806 1
381 412 1
416 578 1
410 493 1
492 738 1
440 486 1
565 707 1
454 675 1
774 790 1
586 790 1
774 801 1
396 774 1
708 774 1
458 761 1
470 660 1
381 782 1
412 782 1
782 806 1
468 496 1
527 624 1
510 644 1
456 732 1
583 669 1
567 651 1
559 638 1
638 665 1
615 812 1
465 600 1
433 805 1
569 744 1
575 744 1
680 713 1
464 713 1
502 594 1
498 569 1
498 744 1
498 575 1
462 534 1
418 545 1
399 543 1
607 669 1
583 607 1
537 685 1
522 529 1
529 610 1
712 736 1
601 712 1
460 482 1
370 657 1
587 657 1
370 758 1
551 793 1
498 731 1
731 744 1
569 731 1
575 731 1
750 813 1
574 711 1
382 711 1
459 459 1
447 691 1
433 620 1
620 805 1
433 672 1
431 497 1
446 571 1
551 758 1
758 793 1
551 657 1
370 551 1
378 547 1
367 680 1
367 464 1
367 713 1
404 766 1
694 779 1
509 598 1
398 606 1
728 807 1
735 780 1
444 520 1
384 520 1
408 520 1
520 605 1
406 520 1
501 802 1
410 611 1
493 611 1
410 435 1
491 493 1
410 491 1
491 611 1
484 626 1
637 755 1
527 732 1
624 732 1
456 527 1
436 797 1
398 641 1
606 641 1
542 606 1
542 641 1
398 542 1
403 701 1
676 720 1
443 720 1
527 741 1
624 741 1
456 741 1
732 741 1
475 793 1
475 758 1
475 551 1
669 752 1
607 752 1
583 752 1
423 425 1
428 499 1
499 591 1
389 676 1
389 720 1
389 443 1
513 649 1
528 723 1
723 794 1
710 761 1
458 710 1
623 639 1
623 725 1
553 699 1
620 790 1
672 790 1
433 790 1
790 805 1
620 801 1
620 708 1
620 774 1
586 620 1
396 620 1
616 639 1
616 725 1
616 623 1
431 742 1
497 742 1
383 446 1
383 571 1
421 556 1
421 734 1
517 759 1
475 528 1
528 793 1
528 758 1
528 551 1
475 723 1
475 794 1
570 571 1
446 570 1
383 570 1
441 713 1
441 680 1
441 464 1
367 441 1
646 804 1
467 659 1
559 778 1
665 778 1
638 778 1
727 790 1
672 727 1
727 801 1
708 727 1
727 805 1
727 774 1
620 727 1
586 727 1
396 727 1
433 727 1
504 772 1
370 389 1
389 657 1
389 587 1
389 758 1
389 551 1
370 676 1
370 720 1
370 443 1
871 1217 1
864 954 1
1087 1115 1
931 1135 1
844 1147 1
988 1138 1
1087 1227 1
1115 1227 1
966 1024 1
1126 1158 1
921 1013 1
1036 1091 1
871 1019 1
1019 1217 1
879 1183 1
1115 1234 1
1227 1234 1
1087 1234 1
980 1133 1
1018 1047 1
904 1127 1
1131 1222 1
899 1200 1
1056 1105 1
865 1079 1
1132 1221 1
838 1095 1
935 984 1
1145 1198 1
834 847 1
1109 1228 1
967 969 1
1173 1173 1
1079 1103 1
865 1103 1
911 1114 1
908 1174 1
975 1206 1
1081 1184 1
1087 1185 1
1185 1234 1
1115 1185 1
1185 1227 1
1130 1176 1
955 1088 1
929 995 1
1010 1035 1
1131 1172 1
1172 1222 1
914 1055 1
1065 1089 1
1072 1196 1
901 1170 1
876 1159 1
925 936 1
905 1190 1
825 898 1
939 1096 1
881 1023 1
821 1103 1
821 865 1
821 1079 1
852 1091 1
852 1036 1
1109 1155 1
1155 1228 1
976 1009 1
1011 1039 1
870 1170 1
870 901 1
956 1193 1
868 1226 1
1081 1097 1
1097 1184 1
935 951 1
951 984 1
886 894 1
896 1015 1
823 1018 1
823 1047 1
1158 1232 1
1126 1232 1
916 917 1
848 973 1
1086 1157 1
1142 1204 1
986 1061 1
908 1039 1
1039 1174 1
908 1011 1
1104 1210 1
846 1196 1
846 1072 1
1056 1162 1
1105 1162 1
1019 1132 1
1132 1217 1
871 1132 1
1019 1221 1
932 962 1
878 902 1
1143 1167 1
954 970 1
864 970 1
933 1165 1
946 991 1
944 979 1
1051 1220 1
1193 1224 1
956 1224 1
1190 1229 1
905 1229 1
863 1052 1
827 1207 1
828 1182 1
1041 1065 1
1041 1089 1
1006 1072 1
1006 1196 1
846 1006 1
969 971 1
967 971 1
821 1105 1
865 1105 1
1079 1105 1
1103 1105 1
821 1056 1
821 1162 1
859 948 1
898 985 1
825 985 1
1003 1089 1
1003 1065 1
1003 1041 1
1087 1214 1
1185 1214 1
1214 1234 1
1115 1214 1
1214 1227 1
868 975 1
975 1226 1
868 1206 1
1063 1117 1
1182 1198 1
828 1198 1
1145 1182 1
1082 1137 1
834 1015 1
847 1015 1
834 896 1
958 1085 1
1058 1186 1
884 1103 1
865 884 1
821 884 1
884 1105 1
884 1079 1
1135 1235 1
931 1235 1
913 962 1
913 932 1
990 1215 1
828 920 1
920 1198 1
920 1182 1
898 1236 1
825 1236 1
985 1236 1
843 1148 1
965 975 1
965 1226 1
868 965 1
965 1206 1
918 1096 1
918 939 1
823 860 1
860 1018 1
860 1047 1
1124 1151 1
1189 1232 1
1126 1189 1
1158 1189 1
974 1020 1
1045 1071 1
975 1136 1
1136 1226 1
868 1136 1
965 1136 1
1136 1206 1
1141 1180 1
927 1208 1
1030 1032 1
1004 1049 1
955 1054 1
1054 1088 1
993 1115 1
993 1185 1
993 1227 1
993 1234 1
993 1214 1
993 1087 1
1080 1164 1
1060 1215 1
990 1060 1
856 897 1
971 1083 1
969 1083 1
967 1083 1
1293 1345 1
1494 1510 1
1493 1523 1
1339 1410 1
1364 1412 1
1300 1611 1
1283 1539 1
1270 1382 1
1535 1623 1
1430 1486 1
1352 1600 1
1254 1266 1
1346 1404 1
1331 1578 1
1400 1460 1
1493 1537 1
1523 1537 1
1453 1514 1
1434 1521 1
1292 1445 1
1363 1432 1
1431 1473 1
1295 1588 1
1404 1554 1
1346 1554 1
1394 1441 1
1391 1515 1
1466 1473 1
1431 1466 1
1448 1612 1
1442 1529 1
1475 1520 1
1252 1462 1
1349 1470 1
1306 1578 1
1306 1331 1
1244 1422 1
1401 1614 1
1538 1539 1
1283 1538 1
1285 1530 1
1323 1600 1
1323 1352 1
1240 1390 1
1288 1487 1
1411 1471 1
1241 1512 1
1370 1568 1
1306 1556 1
1556 1578 1
1331 1556 1
1384 1534 1
1423 1586 1
1326 1514 1
1326 1453 1
1324 1337 1
1402 1582 1
1453 1461 1
1461 1514 1
1326 1461 1
1323 1579 1
1579 1600 1
1352 1579 1
1258 1396 1
1292 1538 1
1445 1538 1
1283 1292 1
1292 1539 1
1575 1633 1
1417 1482 1
1497 1586 1
1423 1497 1
1430 1534 1
1486 1534 1
1384 1430 1
1525 1570 1
1316 1469 1
1305 1371 1
1494 1581 1
1510 1581 1
1299 1462 1
1252 1299 1
1283 1634 1
1538 1634 1
1539 1634 1
1292 1634 1
1620 1627 1
1394 1564 1
1441 1564 1
1391 1453 1
1453 1515 1
1391 1514 1
1391 1461 1
1326 1391 1
1310 1515 1
1310 1453 1
1310 1391 1
1491 1517 1
1486 1535 1
1534 1535 1
1430 1535 1
1486 1623 1
1345 1443 1
1293 1443 1
1322 1545 1
1580 1617 1
1447 1531 1
1246 1259 1
1254 1311 1
1266 1311 1
1261 1529 1
1261 1442 1
1530 1558 1
1285 1558 1
1575 1624 1
1624 1633 1
1269 1321 1
1513 1589 1
1247 1629 1
1385 1577 1
1577 1621 1
1385 1621 1
1386 1444 1
1336 1385 1
1336 1577 1
1336 1621 1
1507 1559 1
1325 1497 1
1325 1586 1
1325 1423 1
1283 1427 1
1427 1538 1
1427 1539 1
1292 1427 1
1427 1634 1
1402 1497 1
1497 1582 1
1402 1586 1
1325 1402 1
1402 1423 1
1284 1357 1
1279 1569 1
1332 1482 1
1332 1417 1
1332 1539 1
1417 1539 1
1482 1539 1
1332 1538 1
1283 1332 1
1292 1332 1
1332 1634 1
1332 1427 1
1252 1577 1
1299 1577 1
1462 1577 1
1252 1385 1
1252 1621 1
1252 1336 1
1462 1506 1
1506 1577 1
1299 1506 1
1252 1506 1
1345 1459 1
1443 1459 1
1293 1459 1
1424 1560 1
1515 1572 1
1453 1572 1
1310 1572 1
1391 1572 1
1325 1621 1
1497 1621 1
1586 1621 1
1402 1621 1
1423 1621 1
1252 1325 1
1325 1577 1
1325 1385 1
1325 1336 1
1359 1437 1
1433 1625 1
1285 1329 1
1329 1530 1
1329 1558 1
1289 1424 1
1289 1560 1
1313 1379 1
1470 1485 1
1349 1485 1
1282 1508 1
1312 1494 1
1312 1581 1
1312 1510 1
1349 1499 1
1485 1499 1
1470 1499 1
1467 1607 1
1470 1630 1
1499 1630 1
1349 1630 1
1485 1630 1
1687 1994 1
1868 2058 1
2013 2033 1
1786 1907 1
1950 1971 1
1701 1714 1
1856 1941 1
1763 1822 1
1703 1787 1
1777 1884 1
2031 2053 1
1797 2047 1
1921 2018 1
1680 2019 1
1983 1992 1
1860 1953 1
1662 1826 1
1818 1961 1
1708 1845 1
1845 2050 1
1708 2050 1
1741 1918 1
1811 1872 1
1702 1706 1
1653 1654 1
1858 1944 1
1769 1807 1
1704 1862 1
1995 2018 1
1921 1995 1
1754 1951 1
1646 1865 1
1884 1893 1
1777 1893 1
2010 2062 1
1737 1808 1
1899 1914 1
1717 1935 1
1779 1950 1
1779 1971 1
1921 1944 1
1944 2018 1
1944 1995 1
1858 1921 1
1753 1889 1
1728 1756 1
1790 1803 1
1944 1952 1
1921 1952 1
1858 1952 1
1952 1995 1
1952 2018 1
1707 1924 1
1968 2003 1
1839 2032 1
1637 1642 1
1710 1932 1
1670 2008 1
1962 2057 1
1792 2014 1
1807 1816 1
1769 1816 1
1770 1852 1
1951 1968 1
1754 1968 1
1951 2003 1
1973 1988 1
1641 1676 1
1676 2028 1
1641 2028 1
1916 1970 1
1914 1996 1
1899 1996 1
1844 1846 1
1674 1960 1
1835 1883 1
1804 2046 1
1640 2002 1
1749 1906 1
1727 1757 1
1716 1905 1
1792 1912 1
1912 2014 1
1863 1976 1
1711 1824 1
1790 1811 1
1803 1811 1
1790 1872 1
1848 1872 1
1811 1848 1
1790 1848 1
1740 1768 1
1901 1939 1
1649 1679 1
1713 1840 1
1819 1931 1
1836 1937 1
1855 1957 1
1832 2064 1
1883 2063 1
1835 2063 1
1840 1888 1
1713 1888 1
1981 1996 1
1914 1981 1
1899 1981 1
1806 1855 1
1806 1957 1
1885 2062 1
1885 2010 1
1784 1886 1
1669 2002 1
1640 1669 1
1645 1777 1
1645 1884 1
1645 1893 1
1656 1796 1
1798 1807 1
1798 1816 1
1769 1798 1
1642 1661 1
1637 1661 1
1996 2030 1
1914 2030 1
1899 2030 1
1981 2030 1
1951 2024 1
1968 2024 1
1754 2024 1
2003 2024 1
1668 1803 1
1668 1811 1
1668 1790 1
1803 1997 1
1811 1997 1
1668 1997 1
1790 1997 1
1888 2009 1
1840 2009 1
1713 2009 1
1800 1901 1
1800 1939 1
2040 2064 1
1832 2040 1
2020 2055 1
2044 2051 1
1979 1983 1
1979 1992 1
1786 1827 1
1827 1907 1
1788 2051 1
1788 2044 1
1976 2061 1
1863 2061 1
1662 1811 1
1811 1826 1
1662 1668 1
1662 1803 1
1662 1997 1
1662 1872 1
1662 1848 1
1662 1790 1
1712 1897 1
1666 1742 1
1741 1911 1
1911 1918 1
1730 2005 1
1643 1997 1
1643 1803 1
1643 1668 1
1643 1811 1
1643 1790 1
1643 1662 1
1736 2036 1
1791 2061 1
1791 1976 1
1791 1863 1
1720 1845 1
1720 2050 1
1708 1720 1
1741 1775 1
1775 1918 1
1775 1911 1
1837 2058 1
1837 1868 1
1720 1750 1
1750 2050 1
1708 1750 1
1750 1845 1
1697 1762 1
1725 1981 1
1725 1914 1
1725 1899 1
1725 1996 1
1725 2030 1
1816 2041 1
1769 2041 1
1798 2041 1
1807 2041 1
1738 1931 1
1738 1819 1
1964 2042 1
1686 1818 1
1686 1961 1
1871 2062 1
1871 2010 1
1871 1885 1
1969 2005 1
1730 1969 1
1939 2057 1
1800 2057 1
1901 2057 1
1939 1962 1
1694 1766 1
1832 2065 1
2064 2065 1
2040 2065 1
2195 2263 1
2288 2305 1
2067 2091 1
2279 2316 1
2089 2375 1
2339 2373 1
2111 2195 1
2111 2263 1
2241 2352 1
2184 2345 1
2119 2199 1
2137 2335 1
2277 2404 1
2249 2334 1
2115 2415 1
2122 2252 1
2204 2205 1
2326 2362 1
2238 2373 1
2238 2339 1
2314 2388 1
2330 2367 1
2346 2392 1
2110 2181 1
2354 2422 1
2256 2391 1
2155 2207 1
2124 2300 1
2094 2247 1
2152 2402 1
2129 2216 1
2133 2216 1
2129 2133 1
2175 2368 1
2218 2282 1
2114 2374 1
2251 2280 1
2292 2326 1
2292 2362 1
2164 2245 1
2136 2149 1
2069 2210 1
2407 2420 1
2217 2421 1
2098 2207 1
2098 2155 1
2189 2212 1
2131 2161 1
2114 2302 1
2302 2374 1
2152 2309 1
2309 2402 1
2204 2394 1
2205 2394 1
2192 2244 1
2184 2366 1
2345 2366 1
2178 2358 1
2103 2257 1
2338 2339 1
2338 2373 1
2238 2338 1
2277 2405 1
2404 2405 1
2090 2323 1
2098 2264 1
2155 2264 1
2207 2264 1
2270 2354 1
2270 2422 1
2222 2267 1
2249 2356 1
2334 2356 1
2195 2233 1
2111 2233 1
2233 2263 1
2139 2402 1
2139 2152 1
2139 2309 1
2109 2245 1
2109 2164 1
2144 2283 1
2082 2303 1
2176 2391 1
2176 2256 1
2357 2375 1
2089 2357 1
2178 2346 1
2346 2358 1
2178 2392 1
2143 2411 1
2066 2309 1
2066 2152 1
2066 2402 1
2066 2139 1
2110 2249 1
2181 2249 1
2110 2356 1
2110 2334 1
2325 2422 1
2325 2354 1
2270 2325 1
2150 2406 1
2149 2249 1
2136 2249 1
2149 2356 1
2149 2334 1
2110 2149 1
2149 2181 1
2302 2328 1
2114 2328 1
2328 2374 1
2076 2083 1
2133 2420 1
2216 2420 1
2129 2420 1
2133 2407 1
2098 2171 1
2171 2264 1
2155 2171 1
2171 2207 1
2269 2422 1
2269 2354 1
2269 2325 1
2269 2270 1
2319 2420 1
2216 2319 1
2129 2319 1
2133 2319 1
2319 2407 1
2290 2308 1
2201 2410 1
2167 2352 1
2167 2241 1
2122 2186 1
2186 2252 1
2144 2310 1
2283 2310 1
2181 2424 1
2249 2424 1
2149 2424 1
2110 2424 1
2295 2355 1
2350 2407 1
2350 2420 1
2133 2350 1
2319 2350 1
2104 2187 1
2225 2372 1
2139 2185 1
2152 2185 1
2185 2402 1
2066 2185 1
2185 2309 1
2117 2398 1
2145 2357 1
2089 2145 1
2145 2375 1
2354 2420 1
2269 2420 1
2270 2420 1
2420 2422 1
2325 2420 1
2354 2407 1
2216 2354 1
2350 2354 1
2319 2354 1
2129 2354 1
2133 2354 1
2137 2394 1
2335 2394 1
2137 2204 1
2137 2205 1
2180 2373 1
2180 2338 1
2180 2339 1
2180 2238 1
2170 2305 1
2170 2288 1
2503 2728 1
2624 2712 1
2521 2647 1
2471 2729 1
2600 2754 1
2520 2753 1
2612 2629 1
2553 2567 1
2438 2469 1
2557 2582 1
2576 2629 1
2576 2612 1
2570 2605 1
2607 2690 1
2519 2524 1
2519 2647 1
2524 2647 1
2519 2521 1
2575 2685 1
2524 2550 1
2550 2647 1
2519 2550 1
2426 2484 1
2601 2750 1
2662 2720 1
2490 2558 1
2463 2490 1
2463 2558 1
2715 2800 1
2469 2694 1
2438 2694 1
2457 2602 1
2450 2598 1
2439 2699 1
2541 2799 1
2700 2736 1
2461 2493 1
2545 2693 1
2467 2646 1
2522 2555 1
2502 2736 1
2502 2700 1
2502 2784 1
2736 2784 1
2700 2784 1
2732 2758 1
2596 2741 1
2439 2762 1
2699 2762 1
2549 2567 1
2549 2553 1
2517 2669 1
2631 2726 1
2577 2744 1
2538 2734 1
2492 2550 1
2492 2519 1
2492 2524 1
2492 2647 1
2683 2721 1
2700 2741 1
2736 2741 1
2741 2784 1
2502 2741 1
2596 2700 1
2577 2636 1
2636 2744 1
2532 2624 1
2532 2712 1
2453 2630 1
2466 2638 1
2698 2702 1
2701 2784 1
2701 2736 1
2700 2701 1
2701 2741 1
2502 2701 1
2425 2480 1
2485 2744 1
2485 2577 1
2485 2636 1
2654 2711 1
2601 2668 1
2668 2750 1
2515 2602 1
2457 2515 1
2515 2651 1
2457 2651 1
2602 2651 1
2508 2743 1
2514 2559 1
2746 2789 1
2437 2743 1
2437 2508 1
2559 2745 1
2514 2745 1
2567 2568 1
2553 2568 1
2549 2568 1
2651 2789 1
2457 2789 1
2602 2789 1
2515 2789 1
2651 2746 1
2474 2655 1
2436 2576 1
2436 2612 1
2436 2629 1
2558 2571 1
2490 2571 1
2463 2571 1
2432 2604 1
2437 2639 1
2508 2639 1
2639 2743 1
2739 2753 1
2520 2739 1
2670 2701 1
2670 2784 1
2502 2670 1
2670 2700 1
2670 2736 1
2670 2741 1
2625 2715 1
2625 2800 1
2762 2793 1
2699 2793 1
2439 2793 1
2655 2751 1
2474 2751 1
2508 2515 1
2515 2639 1
2437 2515 1
2515 2743 1
2508 2789 1
2508 2602 1
2457 2508 1
2508 2651 1
2529 2658 1
2492 2737 1
2647 2737 1
2524 2737 1
2550 2737 1
2519 2737 1
2734 2794 1
2538 2794 1
2692 2718 1
2616 2656 1
2505 2618 1
2477 2531 1
2533 2782 1
2543 2572 1
2493 2728 1
2461 2728 1
2493 2503 1
2582 2614 1
2557 2614 1
2673 2745 1
2514 2673 1
2559 2673 1
2531 2755 1
2477 2755 1
2430 2627 1
2447 2527 1
2540 2732 1
2540 2758 1
2588 2772 1
2628 2727 1
2430 2775 1
2627 2775 1
2705 2736 1
2705 2784 1
2502 2705 1
2700 2705 1
2701 2705 1
2670 2705 1
2705 2741 1
2657 2752 1
2454 2616 1
2454 2656 1
2675 2698 1
2675 2702 1
2426 2646 1
2484 2646 1
2426 2467 1
2438 2684 1
2469 2684 1
2684 2694 1
2606 2724 1
2829 3092 1
2971 3122 1
3013 3196 1
2813 3020 1
2947 3118 1
2851 2935 1
3193 3215 1
3006 3226 1
2852 2988 1
2844 3124 1
3030 3118 1
2947 3030 1
2825 3001 1
2999 3192 1
2946 3006 1
2946 3226 1
2901 3190 1
2860 3201 1
3092 3171 1
2829 3171 1
2985 3111 1
2951 3210 1
2874 3109 1
3103 3178 1
3059 3059 1
2950 2994 1
3053 3136 1
2952 2976 1
3130 3171 1
3092 3130 1
2829 3130 1
2878 3093 1
2868 3165 1
2836 3017 1
2951 3038 1
3038 3210 1
2857 3103 1
2857 3178 1
2966 3023 1
2831 3102 1
2980 3019 1
2883 3040 1
3095 3126 1
3068 3082 1
3166 3176 1
3138 3171 1
3130 3138 1
3092 3138 1
2829 3138 1
2894 3092 1
2894 3130 1
2894 3171 1
2894 3138 1
2829 2894 1
2843 3048 1
2827 3136 1
2827 3053 1
2972 2989 1
2865 3078 1
2938 3166 1
2938 3176 1
2988 3062 1
2852 3062 1
2805 2885 1
3101 3225 1
2890 2912 1
2804 3102 1
2804 2831 1
2882 2935 1
2851 2882 1
3014 3133 1
2981 3000 1
3019 3084 1
2980 3084 1
2867 3140 1
2895 2915 1
2907 3067 1
2977 3181 1
3065 3155 1
2900 2978 1
3009 3097 1
3129 3174 1
2946 3002 1
3002 3226 1
3002 3006 1
2863 3039 1
2917 3191 1
2917 2921 1
2921 3191 1
2918 2962 1
3037 3197 1
2881 3006 1
2881 3226 1
2881 2946 1
2881 3002 1
2904 3003 1
2861 2911 1
3187 3189 1
2835 2837 1
3007 3217 1
2869 3026 1
2848 3199 1
2925 3036 1
2874 3029 1
3029 3109 1
3059 3227 1
2946 2969 1
2881 2969 1
2969 3226 1
2969 3002 1
2969 3006 1
2866 2963 1
3147 3218 1
2910 3028 1
2811 2997 1
3008 3048 1
2843 3008 1
2866 3152 1
2963 3152 1
2890 3085 1
2912 3085 1
2894 2914 1
2914 3171 1
2914 3138 1
2829 2914 1
2914 3092 1
2914 3130 1
2872 2876 1
3019 3193 1
3084 3193 1
2980 3193 1
3019 3215 1
2940 3006 1
2881 2940 1
2940 2946 1
2940 2969 1
2940 3226 1
2940 3002 1
2976 3131 1
2952 3131 1
3073 3184 1
2950 3038 1
2994 3038 1
2950 3210 1
2950 2951 1
2841 2877 1
2825 3211 1
3001 3211 1
2816 3089 1
2954 3201 1
2860 2954 1
2812 2928 1
3136 3200 1
2827 3200 1
3053 3200 1
3035 3152 1
2866 3035 1
2963 3035 1
2995 3114 1
2925 3137 1
3036 3137 1
2856 3050 1
2807 2987 1
2815 2963 1
2815 3152 1
2815 2866 1
2815 3035 1
3029 3094 1
2874 3094 1
3094 3109 1
3088 3188 1
2833 3041 1
2966 3062 1
3023 3062 1
2852 2966 1
2966 2988 1
2881 2991 1
2946 2991 1
2969 2991 1
2991 3226 1
2940 2991 1
2991 3002 1
2991 3006 1
2958 2990 1
2806 3213 1
3109 3158 1
2874 3158 1
3029 3158 1
3094 3158 1
2902 3015 1
3204 3221 1
2835 2842 1
2837 2842 1
3012 3181 1
2977 3012 1
3046 3165 1
2868 3046 1
2917 2941 1
2921 2941 1
2941 3191 1
2804 3150 1
3102 3150 1
2831 3150 1
2827 2957 1
2957 3136 1
2957 3200 1
2957 3053 1
2844 3201 1
3124 3201 1
2844 2954 1
2844 2860 1
3122 3193 1
2971 3193 1
2980 3122 1
3019 3122 1
3084 3122 1
3122 3215 1
3338 3487 1
3240 3320 1
3360 3554 1
3241 3303 1
3291 3514 1
3333 3408 1
3276 3552 1
3262 3477 1
3246 3455 1
3355 3454 1
3316 3501 1
3525 3540 1
3377 3580 1
3478 3507 1
3275 3322 1
3401 3496 1
3353 3455 1
3246 3353 1
3276 3359 1
3359 3552 1
3260 3378 1
3276 3526 1
3526 3552 1
3359 3526 1
3360 3588 1
3554 3588 1
3292 3455 1
3292 3353 1
3246 3292 1
3552 3552 1
3353 3561 1
3292 3561 1
3246 3561 1
3455 3561 1
3237 3425 1
3379 3560 1
3274 3434 1
3243 3562 1
3264 3547 1
3244 3523 1
3473 3504 1
3304 3537 1
3433 3529 1
3426 3512 1
3236 3463 1
3347 3526 1
3347 3552 1
3276 3347 1
3347 3359 1
3263 3425 1
3237 3263 1
3435 3439 1
3324 3380 1
3379 3524 1
3524 3560 1
3302 3325 1
3329 3399 1
3233 3450 1
3478 3593 1
3507 3593 1
3349 3431 1
3428 3537 1
3304 3428 1
3412 3431 1
3349 3412 1
3322 3583 1
3275 3583 1
3464 3480 1
3486 3584 1
3263 3577 1
3425 3577 1
3237 3577 1
3477 3579 1
3262 3579 1
3432 3532 1
3417 3517 1
3313 3402 1
3294 3306 1
3275 3552 1
3322 3552 1
3552 3583 1
3275 3526 1
3275 3276 1
3275 3347 1
3275 3359 1
3254 3317 1
3425 3487 1
3487 3577 1
3237 3487 1
3263 3487 1
3338 3425 1
3556 3589 1
3356 3383 1
3448 3514 1
3291 3448 1
3433 3495 1
3495 3529 1
3280 3509 1
3307 3432 1
3307 3532 1
3323 3540 1
3323 3525 1
3424 3497 1
3242 3511 1
3298 3522 1
3442 3540 1
3323 3442 1
3442 3525 1
3434 3449 1
3274 3449 1
3316 3331 1
3331 3501 1
3232 3346 1
3465 3494 1
3368 3395 1
3321 3534 1
3269 3396 1
3362 3383 1
3356 3362 1
3294 3424 1
3306 3424 1
3294 3497 1
3233 3454 1
3450 3454 1
3233 3355 1
3302 3593 1
3325 3593 1
3302 3507 1
3302 3478 1
3449 3478 1
3434 3478 1
3274 3478 1
3302 3449 1
3449 3593 1
3449 3507 1
3538 3560 1
3379 3538 1
3524 3538 1
3233 3318 1
3318 3450 1
3318 3355 1
3318 3454 1
3451 3484 1
3430 3500 1
3311 3546 1
3243 3303 1
3303 3562 1
3241 3243 1
3274 3427 1
3427 3449 1
3427 3434 1
3427 3478 1
3296 3533 1
3241 3555 1
3243 3555 1
3303 3555 1
3276 3538 1
3538 3552 1
3526 3538 1
3275 3538 1
3347 3538 1
3359 3538 1
3276 3524 1
3276 3560 1
3276 3379 1
3514 3534 1
3448 3534 1
3291 3534 1
3321 3514 1
3316 3486 1
3331 3486 1
3486 3501 1
3316 3584 1
3471 3584 1
3316 3471 1
3471 3486 1
3307 3464 1
3432 3464 1
3464 3532 1
3307 3480 1
3309 3512 1
3309 3426 1
3693 3962 1
3649 3658 1
3758 3973 1
3878 3977 1
3782 3913 1
3968 3993 1
3812 3890 1
3723 3885 1
3732 3867 1
3626 3831 1
3618 3750 1
3733 3818 1
3692 3725 1
3611 3651 1
3865 3936 1
3783 3863 1
3899 3978 1
3672 3817 1
3827 3986 1
3804 3907 1
3667 3906 1
3847 3984 1
3804 3961 1
3907 3961 1
3894 3900 1
3618 3966 1
3750 3966 1
3831 3927 1
3626 3927 1
3847 3852 1
3852 3984 1
3741 3925 1
3778 3928 1
3804 3915 1
3915 3961 1
3907 3915 1
3655 3890 1
3655 3812 1
3599 3859 1
3624 3887 1
3737 3908 1
3711 3732 1
3711 3867 1
3926 3951 1
3850 3860 1
3718 3886 1
3767 3945 1
3761 3777 1
3632 3681 1
3706 3821 1
3718 3989 1
3886 3989 1
3757 3805 1
3603 3800 1
3779 3947 1
3815 3819 1
3782 3962 1
3913 3962 1
3693 3782 1
3893 3896 1
3890 3957 1
3812 3957 1
3655 3957 1
3675 3878 1
3675 3977 1
3794 3906 1
3667 3794 1
3637 3981 1
3668 3720 1
3624 3802 1
3802 3887 1
3715 3897 1
3596 3649 1
3596 3658 1
3720 3971 1
3668 3971 1
3653 3697 1
3696 3799 1
3608 3672 1
3608 3817 1
3675 3892 1
3892 3977 1
3878 3892 1
3609 3771 1
3691 3983 1
3798 3874 1
3734 3804 1
3734 3961 1
3734 3915 1
3734 3907 1
3615 3912 1
3641 3879 1
3779 3983 1
3947 3983 1
3691 3779 1
3815 3940 1
3819 3940 1
3779 3832 1
3691 3832 1
3832 3947 1
3832 3983 1
3698 3733 1
3698 3818 1
3805 3860 1
3757 3860 1
3805 3850 1
3672 3887 1
3608 3887 1
3817 3887 1
3624 3672 1
3672 3802 1
3894 3974 1
3900 3974 1
3618 3822 1
3822 3966 1
3750 3822 1
3696 3707 1
3707 3799 1
3699 3923 1
3639 3748 1
3784 3895 1
3621 3883 1
3603 3605 1
3605 3800 1
3845 3876 1
3711 3890 1
3867 3890 1
3732 3890 1
3711 3812 1
3655 3711 1
3711 3957 1
3834 3895 1
3784 3834 1
3639 3795 1
3748 3795 1
3782 3829 1
3829 3913 1
3829 3962 1
3693 3829 1
3636 3642 1
3803 3935 1
3858 3874 1
3798 3858 1
3619 3860 1
3619 3850 1
3619 3805 1
3619 3757 1
3702 3876 1
3702 3845 1
3645 3965 1
3600 3687 1
3735 3965 1
3645 3735 1
3724 3746 1
3684 3937 1
3805 3954 1
3850 3954 1
3619 3954 1
3860 3954 1
3757 3954 1
3837 3948 1
3679 3896 1
3679 3893 1
3610 3969 1
3935 3987 1
3803 3987 1
3788 3991 1
3621 3795 1
3795 3883 1
3621 3748 1
3621 3639 1
3761 3936 1
3777 3936 1
3761 3865 1
3648 3778 1
3648 3928 1
3710 3937 1
3684 3710 1
3677 3913 1
3677 3962 1
3677 3829 1
3677 3782 1
3661 3755 1
3699 3961 1
3923 3961 1
3699 3907 1
3699 3915 1
3699 3734 1
3699 3804 1
3649 3877 1
3658 3877 1
3596 3877 1
3709 3905 1
3674 3883 1
3674 3795 1
3621 3674 1
3738 3852 1
3738 3984 1
3738 3847 1
3695 3995 1
3925 3930 1
3741 3930 1
236 325 1
129 352 1
41 251 1
204 338 1
154 156 1
90 314 1
11 195 1
38 340 1
148 245 1
176 224 1
81 333 1
220 292 1
4 365 1
190 296 1
132 237 1
141 221 1
37 72 1
246 311 1
64 140 1
151 200 1
192 348 1
281 354 1
148 158 1
158 245 1
97 345 1
12 293 1
100 356 1
58 277 1
123 157 1
54 338 1
54 204 1
90 236 1
236 314 1
90 325 1
190 220 1
220 296 1
190 292 1
80 212 1
189 353 1
301 354 1
281 301 1
97 272 1
272 345 1
84 99 1
148 196 1
196 245 1
158 196 1
161 200 1
151 161 1
146 155 1
199 311 1
199 246 1
313 333 1
81 313 1
104 240 1
171 253 1
62 245 1
62 196 1
62 148 1
62 158 1
55 99 1
55 84 1
80 183 1
183 212 1
62 104 1
104 148 1
104 196 1
104 245 1
104 158 1
62 240 1
115 202 1
89 199 1
89 246 1
89 311 1
74 142 1
134 252 1
212 234 1
80 234 1
183 234 1
138 317 1
182 244 1
96 258 1
150 239 1
233 294 1
276 304 1
311 316 1
89 316 1
246 316 1
199 316 1
223 281 1
223 354 1
223 301 1
138 161 1
161 317 1
138 200 1
138 151 1
20 220 1
20 296 1
20 292 1
20 190 1
22 262 1
118 148 1
118 196 1
104 118 1
118 158 1
118 245 1
62 118 1
6 312 1
46 223 1
46 281 1
46 354 1
46 301 1
167 268 1
209 349 1
111 291 1
96 302 1
258 302 1
150 286 1
239 286 1
97 107 1
107 272 1
107 345 1
4 238 1
238 365 1
285 352 1
129 285 1
140 223 1
64 223 1
140 354 1
140 301 1
46 140 1
140 281 1
148 317 1
196 317 1
104 317 1
158 317 1
245 317 1
118 317 1
62 317 1
148 161 1
138 148 1
18 345 1
18 272 1
18 97 1
18 107 1
154 237 1
156 237 1
132 154 1
265 342 1
8 37 1
8 72 1
180 187 1
42 189 1
42 353 1
267 303 1
2 81 1
2 313 1
2 333 1
60 272 1
60 97 1
18 60 1
60 107 1
60 345 1
218 299 1
335 342 1
265 335 1
3 301 1
3 354 1
3 140 1
3 46 1
3 281 1
3 223 1
111 331 1
291 331 1
147 343 1
71 137 1
156 168 1
154 168 1
168 237 1
52 199 1
52 89 1
52 316 1
52 246 1
52 311 1
859 1913 -1
948 1913 -1
437 1410 -1
437 1339 -1
3049 3894 -1
3049 3900 -1
3049 3974 -1
1709 3429 -1
2955 3558 -1
1652 2784 -1
1652 2502 -1
1652 2700 -1
1652 2701 -1
1652 2670 -1
1652 2736 -1
1652 2705 -1
1652 2741 -1
1333 2515 -1
1333 2789 -1
1333 2602 -1
1333 2508 -1
1333 2639 -1
1333 2743 -1
1333 2457 -1
1333 2651 -1
1333 2437 -1
272 2107 -1
97 2107 -1
18 2107 -1
107 2107 -1
60 2107 -1
345 2107 -1
1557 2631 -1
1557 2726 -1
1083 2101 -1
969 2101 -1
971 2101 -1
967 2101 -1
556 1664 -1
421 1664 -1
734 1664 -1
1137 3261 -1
1082 3261 -1
885 2678 -1
818 2374 -1
818 2328 -1
818 2114 -1
818 2302 -1
1708 2817 -1
1720 2817 -1
2050 2817 -1
1845 2817 -1
1750 2817 -1
1538 2553 -1
1634 2553 -1
1283 2553 -1
1445 2553 -1
1292 2553 -1
1539 2553 -1
1332 2553 -1
1427 2553 -1
1538 2568 -1
1538 2549 -1
1538 2567 -1
470 3960 -1
660 3960 -1
186 3049 -1
351 1138 -1
351 988 -1
105 2662 -1
105 2720 -1
677 3678 -1
438 3678 -1
2678 2906 -1
23 2629 -1
23 2576 -1
23 2436 -1
23 2612 -1
175 2073 -1
621 2491 -1
682 1804 -1
682 2046 -1
2810 3436 -1
1226 2403 -1
1136 2403 -1
868 2403 -1
965 2403 -1
975 2403 -1
2868 3770 -1
3165 3770 -1
3046 3770 -1
353 2658 -1
42 2658 -1
189 2658 -1
353 2529 -1
99 1583 -1
84 1583 -1
55 1583 -1
1606 3026 -1
1606 2869 -1
1185 2315 -1
993 2315 -1
1227 2315 -1
1234 2315 -1
1115 2315 -1
1214 2315 -1
1087 2315 -1
2135 3662 -1
531 3861 -1
2708 3345 -1
2475 2946 -1
2475 2881 -1
2475 2991 -1
2475 2969 -1
2475 3226 -1
2475 2940 -1
2475 3002 -1
2475 3006 -1
1484 1875 -1
706 2579 -1
1065 1943 -1
1089 1943 -1
1003 1943 -1
1041 1943 -1
3011 3480 -1
3011 3464 -1
3011 3307 -1
635 1296 -1
2216 3931 -1
2129 3931 -1
2354 3931 -1
2420 3931 -1
2133 3931 -1
2319 3931 -1
1046 2647 -1
1046 2524 -1
1046 2737 -1
1046 2550 -1
1046 2519 -1
1046 2521 -1
1046 2492 -1
1968 3973 -1
2024 3973 -1
1754 3973 -1
2003 3973 -1
1951 3973 -1
1968 3758 -1
2621 2835 -1
2621 2842 -1
2621 2837 -1
479 1383 -1
1127 2771 -1
904 2771 -1
920 3287 -1
828 3287 -1
1182 3287 -1
1198 3287 -1
1853 2999 -1
1853 3192 -1
1648 3297 -1
499 2542 -1
428 2542 -1
591 2542 -1
1196 2434 -1
1072 2434 -1
1006 2434 -1
846 2434 -1
38 3942 -1
340 3942 -1
874 3674 -1
874 3883 -1
874 3621 -1
874 3795 -1
1397 3022 -1
425 1507 -1
423 1507 -1
425 1559 -1
842 2838 -1
192 1164 -1
348 1164 -1
192 1080 -1
116 1149 -1
1127 1744 -1
904 1744 -1
119 2012 -1
1567 3082 -1
1567 3068 -1
524 1589 -1
524 1513 -1
190 476 -1
296 476 -1
292 476 -1
220 476 -1
20 476 -1
1124 2806 -1
1151 2806 -1
1124 3213 -1
2123 3634 -1
543 2717 -1
399 2717 -1
1291 3371 -1
435 1158 -1
410 1158 -1
611 1158 -1
435 1232 -1
435 1189 -1
435 1126 -1
2625 3439 -1
2800 3439 -1
2715 3439 -1
2625 3435 -1
356 1272 -1
100 1272 -1
820 1715 -1
2181 3068 -1
2424 3068 -1
2249 3068 -1
2149 3068 -1
2110 3068 -1
2181 3082 -1
1368 3011 -1
706 1773 -1
2420 3568 -1
2407 3568 -1
2216 3568 -1
2350 3568 -1
2319 3568 -1
2129 3568 -1
2354 3568 -1
2133 3568 -1
2422 3568 -1
2269 3568 -1
2270 3568 -1
2325 3568 -1
459 2744 -1
459 2577 -1
459 2636 -1
459 2485 -1
1449 2227 -1
617 1908 -1
919 3024 -1
1912 2528 -1
1792 2528 -1
2014 2528 -1
284 392 -1
1990 2507 -1
1598 3651 -1
1598 3611 -1
1529 2631 -1
1442 2631 -1
1261 2631 -1
1529 2726 -1
1623 3659 -1
1486 3659 -1
1535 3659 -1
666 1979 -1
666 1992 -1
666 1983 -1
779 2498 -1
694 2498 -1
582 3115 -1
361 3695 -1
361 3995 -1
2096 3092 -1
2096 2914 -1
2096 3171 -1
2096 3138 -1
2096 2894 -1
2096 2829 -1
2096 3130 -1
967 1391 -1
969 1391 -1
971 1391 -1
1083 1391 -1
967 1572 -1
967 1514 -1
967 1515 -1
967 1453 -1
967 1326 -1
967 1461 -1
967 1310 -1
2453 2861 -1
2630 2861 -1
2453 2911 -1
1477 3441 -1
1996 2637 -1
1914 2637 -1
1899 2637 -1
1981 2637 -1
2030 2637 -1
1725 2637 -1
32 2823 -1
535 1121 -1
739 1121 -1
339 1159 -1
339 876 -1
2429 3373 -1
1554 3736 -1
1346 3736 -1
1404 3736 -1
603 3117 -1
269 3523 -1
269 3244 -1
1036 3226 -1
1091 3226 -1
852 3226 -1
1036 2881 -1
1036 2946 -1
1036 2991 -1
1036 2969 -1
1036 3002 -1
1036 2940 -1
1036 3006 -1
358 913 -1
358 962 -1
358 932 -1
2633 2808 -1
114 2296 -1
1813 3873 -1
896 1966 -1
834 1966 -1
1015 1966 -1
508 3340 -1
2499 3520 -1
642 1266 -1
642 1254 -1
642 1311 -1
781 3371 -1
2143 2879 -1
2411 2879 -1
1138 2506 -1
988 2506 -1
2335 2687 -1
2137 2687 -1
2394 2687 -1
1758 2793 -1
1758 2762 -1
1758 2699 -1
1758 2439 -1
538 2745 -1
538 2673 -1
538 2514 -1
538 2559 -1
926 3399 -1
926 3329 -1
343 1266 -1
147 1266 -1
343 1254 -1
343 1311 -1
144 2923 -1
1809 2661 -1
976 3334 -1
1009 3334 -1
450 1180 -1
450 1141 -1
1392 3307 -1
1392 3432 -1
1392 3464 -1
1392 3480 -1
1392 3532 -1
3161 3714 -1
1372 2271 -1
1496 2220 -1
1498 2072 -1
547 1204 -1
378 1204 -1
547 1142 -1
823 3860 -1
1018 3860 -1
860 3860 -1
1047 3860 -1
823 3954 -1
823 3850 -1
823 3619 -1
823 3805 -1
823 3757 -1
335 3148 -1
265 3148 -1
342 3148 -1
1102 1642 -1
1102 1637 -1
1102 1661 -1
589 3980 -1
285 1784 -1
352 1784 -1
129 1784 -1
285 1886 -1
1947 3481 -1
407 3902 -1
33 1770 -1
33 1852 -1
598 3629 -1
509 3629 -1
3312 3641 -1
3312 3879 -1
1984 3586 -1
2271 3771 -1
2271 3609 -1
263 2809 -1
884 1681 -1
865 1681 -1
1079 1681 -1
821 1681 -1
1105 1681 -1
1103 1681 -1
1161 1630 -1
1161 1499 -1
1161 1349 -1
1161 1470 -1
1161 1485 -1
745 3705 -1
579 2634 -1
1334 2958 -1
1334 2990 -1
2349 3724 -1
2349 3746 -1
2265 3737 -1
2265 3908 -1
2623 3244 -1
2623 3523 -1
606 3744 -1
641 3744 -1
542 3744 -1
398 3744 -1
1627 2056 -1
1620 2056 -1
2866 3353 -1
3152 3353 -1
2963 3353 -1
3035 3353 -1
2815 3353 -1
2866 3561 -1
2866 3292 -1
2866 3246 -1
2866 3455 -1
1001 3667 -1
1001 3906 -1
1001 3794 -1
236 3289 -1
90 3289 -1
314 3289 -1
325 3289 -1
637 1369 -1
755 1369 -1
1836 3834 -1
1937 3834 -1
1836 3784 -1
1836 3895 -1
1020 1355 -1
974 1355 -1
684 3757 -1
684 3954 -1
684 3619 -1
684 3860 -1
684 3805 -1
1751 3589 -1
1751 3556 -1
414 2942 -1
2121 3441 -1
2959 3766 -1
2109 3474 -1
2164 3474 -1
2245 3474 -1
2294 2925 -1
2294 3137 -1
2294 3036 -1
994 3770 -1
1967 3002 -1
1967 2881 -1
1967 2946 -1
1967 2991 -1
1967 2969 -1
1967 3226 -1
1967 2940 -1
1967 3006 -1
1802 2177 -1
692 1714 -1
692 1701 -1
2142 2956 -1
3062 3725 -1
2852 3725 -1
2988 3725 -1
2966 3725 -1
3023 3725 -1
3062 3692 -1
1402 2333 -1
1325 2333 -1
1582 2333 -1
1423 2333 -1
1586 2333 -1
1621 2333 -1
1497 2333 -1
1600 2744 -1
1352 2744 -1
1579 2744 -1
1323 2744 -1
1600 2577 -1
1600 2636 -1
1600 2485 -1
2866 3938 -1
3152 3938 -1
2963 3938 -1
3035 3938 -1
2815 3938 -1
313 720 -1
81 720 -1
2 720 -1
333 720 -1
313 370 -1
313 443 -1
313 676 -1
313 389 -1
1610 2884 -1
2596 3955 -1
2700 3955 -1
2741 3955 -1
303 1456 -1
267 1456 -1
1075 1577 -1
1075 1506 -1
1075 1252 -1
1075 1385 -1
1075 1325 -1
1075 1299 -1
1075 1621 -1
1075 1462 -1
1075 1336 -1
578 1746 -1
416 1746 -1
852 3666 -1
1091 3666 -1
1036 3666 -1
570 1396 -1
571 1396 -1
446 1396 -1
383 1396 -1
570 1258 -1
767 3972 -1
667 2876 -1
667 2872 -1
2139 2530 -1
2152 2530 -1
2185 2530 -1
2402 2530 -1
2066 2530 -1
2309 2530 -1
103 2950 -1
103 2994 -1
103 3210 -1
103 3038 -1
103 2951 -1
1531 2368 -1
1447 2368 -1
1531 2175 -1
2035 3709 -1
2035 3905 -1
928 3462 -1
8 756 -1
72 756 -1
37 756 -1
987 1470 -1
987 1499 -1
987 1349 -1
987 1630 -1
987 1485 -1
1530 3052 -1
1329 3052 -1
1285 3052 -1
1558 3052 -1
901 3301 -1
1170 3301 -1
870 3301 -1
872 1928 -1
1583 2855 -1
2387 2493 -1
2387 2728 -1
2387 2461 -1
2387 2503 -1
153 3860 -1
153 3954 -1
153 3850 -1
153 3619 -1
153 3805 -1
153 3757 -1
884 1978 -1
865 1978 -1
1079 1978 -1
821 1978 -1
1105 1978 -1
1103 1978 -1
1856 2458 -1
1941 2458 -1
1839 3732 -1
2032 3732 -1
1839 3890 -1
1839 3867 -1
1839 3711 -1
1248 3334 -1
1013 1396 -1
921 1396 -1
1013 1258 -1
352 3403 -1
129 3403 -1
285 3403 -1
1128 2624 -1
1128 2712 -1
1128 2532 -1
1924 3051 -1
1707 3051 -1
2946 3320 -1
2881 3320 -1
2991 3320 -1
2969 3320 -1
3226 3320 -1
2940 3320 -1
3002 3320 -1
3006 3320 -1
2946 3240 -1
23 1809 -1
3302 3976 -1
3593 3976 -1
3507 3976 -1
3325 3976 -1
3478 3976 -1
3449 3976 -1
737 1100 -1
321 3277 -1
1783 3542 -1
1981 3360 -1
1914 3360 -1
1899 3360 -1
1996 3360 -1
1725 3360 -1
2030 3360 -1
1981 3554 -1
1981 3588 -1
1410 3672 -1
1339 3672 -1
1410 3608 -1
1410 3817 -1
1410 3802 -1
1410 3624 -1
1410 3887 -1
725 1312 -1
616 1312 -1
623 1312 -1
639 1312 -1
725 1510 -1
725 1581 -1
725 1494 -1
80 2399 -1
234 2399 -1
212 2399 -1
183 2399 -1
1642 3467 -1
1637 3467 -1
1661 3467 -1
1505 2086 -1
155 3463 -1
146 3463 -1
155 3236 -1
119 3125 -1
769 3554 -1
769 3360 -1
769 3588 -1
878 2785 -1
902 2785 -1
138 3452 -1
200 3452 -1
161 3452 -1
148 3452 -1
317 3452 -1
151 3452 -1
1552 3328 -1
997 2740 -1
3127 3536 -1
161 1522 -1
200 1522 -1
138 1522 -1
148 1522 -1
317 1522 -1
151 1522 -1
1790 2664 -1
1643 2664 -1
1668 2664 -1
1803 2664 -1
1997 2664 -1
1872 2664 -1
1811 2664 -1
1848 2664 -1
1662 2664 -1
2085 3611 -1
2085 3651 -1
1810 3898 -1
2357 2602 -1
2089 2602 -1
2145 2602 -1
2375 2602 -1
2357 2457 -1
2357 2651 -1
2357 2515 -1
2357 2508 -1
2357 2789 -1
2339 3016 -1
2338 3016 -1
2180 3016 -1
2373 3016 -1
2238 3016 -1
384 2561 -1
408 2561 -1
520 2561 -1
444 2561 -1
605 2561 -1
406 2561 -1
1396 3531 -1
1258 3531 -1
1085 1587 -1
958 1587 -1
387 2168 -1
1724 2190 -1
2134 3072 -1
1995 3783 -1
1944 3783 -1
1921 3783 -1
2018 3783 -1
1952 3783 -1
1995 3863 -1
654 3481 -1
610 3038 -1
529 3038 -1
522 3038 -1
610 3210 -1
610 2994 -1
610 2950 -1
610 2951 -1
1938 3641 -1
1938 3879 -1
599 3537 -1
599 3304 -1
599 3428 -1
1077 2119 -1
1077 2199 -1
2215 3980 -1
158 726 -1
196 726 -1
104 726 -1
148 726 -1
245 726 -1
118 726 -1
317 726 -1
62 726 -1
438 2478 -1
677 2478 -1
1434 1895 -1
1521 1895 -1
1721 2624 -1
1721 2712 -1
1721 2532 -1
2660 3525 -1
2660 3442 -1
2660 3323 -1
2660 3540 -1
293 1659 -1
12 1659 -1
146 880 -1
155 880 -1
2076 3408 -1
2083 3408 -1
2076 3333 -1
564 3169 -1
66 2669 -1
66 2517 -1
1659 2963 -1
1659 3152 -1
1659 2866 -1
1659 3035 -1
1659 2815 -1
458 2942 -1
761 2942 -1
710 2942 -1
12 3060 -1
293 3060 -1
833 1592 -1
2473 3856 -1
3126 3941 -1
3095 3941 -1
52 639 -1
89 639 -1
311 639 -1
316 639 -1
246 639 -1
199 639 -1
52 616 -1
52 725 -1
52 623 -1
1611 3071 -1
1300 3071 -1
1299 2306 -1
1577 2306 -1
1506 2306 -1
1252 2306 -1
1462 2306 -1
2257 3695 -1
2103 3695 -1
2257 3995 -1
1034 2737 -1
1034 2524 -1
1034 2519 -1
1034 2492 -1
1034 2550 -1
1034 2647 -1
1129 3795 -1
1129 3674 -1
1129 3883 -1
1129 3748 -1
1129 3621 -1
1129 3639 -1
3006 3945 -1
2881 3945 -1
2946 3945 -1
2991 3945 -1
2969 3945 -1
3226 3945 -1
2940 3945 -1
3002 3945 -1
3006 3767 -1
2691 3507 -1
2691 3593 -1
2691 3302 -1
2691 3478 -1
2691 3449 -1
1825 2797 -1
1110 3389 -1
875 2203 -1
2234 2734 -1
2234 2538 -1
2234 2794 -1
1016 1804 -1
1016 2046 -1
10 3072 -1
601 3501 -1
736 3501 -1
712 3501 -1
601 3331 -1
601 3316 -1
601 3486 -1
1005 3615 -1
1005 3912 -1
1619 2369 -1
263 1030 -1
263 1032 -1
827 1440 -1
1207 1440 -1
1733 3839 -1
1677 3589 -1
1677 3556 -1
820 3150 -1
820 2804 -1
820 3102 -1
820 2831 -1
3554 3704 -1
3360 3704 -1
3588 3704 -1
241 1128 -1
1916 2884 -1
1970 2884 -1
1866 2305 -1
1866 2288 -1
1866 2170 -1
585 3221 -1
585 3204 -1
1846 2084 -1
1844 2084 -1
2095 2852 -1
2095 2988 -1
2095 2966 -1
2095 3062 -1
653 2752 -1
653 2657 -1
1024 2920 -1
966 2920 -1
2376 3449 -1
2376 3427 -1
2376 3302 -1
2376 3593 -1
2376 3434 -1
2376 3507 -1
2376 3478 -1
2376 3274 -1
920 1318 -1
828 1318 -1
1182 1318 -1
1198 1318 -1
2733 3976 -1
203 3190 -1
203 2901 -1
2393 2533 -1
2393 2782 -1
598 2102 -1
509 2102 -1
433 2981 -1
672 2981 -1
620 2981 -1
805 2981 -1
790 2981 -1
727 2981 -1
433 3000 -1
1722 3827 -1
1722 3986 -1
2736 3331 -1
2784 3331 -1
2502 3331 -1
2700 3331 -1
2701 3331 -1
2670 3331 -1
2705 3331 -1
2741 3331 -1
2736 3316 -1
2736 3501 -1
2736 3486 -1
1723 3064 -1
2019 3160 -1
1680 3160 -1
115 435 -1
202 435 -1
115 410 -1
115 611 -1
1151 2908 -1
1124 2908 -1
3405 3754 -1
449 2344 -1
3380 3801 -1
3324 3801 -1
2314 3201 -1
2388 3201 -1
2314 2844 -1
2314 2954 -1
2314 2860 -1
2314 3124 -1
1520 3344 -1
1475 3344 -1
1112 3489 -1
2148 3669 -1
718 1428 -1
22 2355 -1
262 2355 -1
22 2295 -1
2053 2466 -1
2031 2466 -1
2053 2638 -1
327 3784 -1
327 3834 -1
327 3895 -1
470 3502 -1
660 3502 -1
1921 3827 -1
1944 3827 -1
1952 3827 -1
2018 3827 -1
1995 3827 -1
1858 3827 -1
1921 3986 -1
2265 3358 -1
310 3088 -1
310 3188 -1
1920 3200 -1
1920 3136 -1
1920 2827 -1
1920 3053 -1
1920 2957 -1
1076 1766 -1
1076 1694 -1
606 2106 -1
641 2106 -1
542 2106 -1
398 2106 -1
1856 3991 -1
1941 3991 -1
1856 3788 -1
2763 2957 -1
2763 3136 -1
2763 3200 -1
2763 2827 -1
2763 3053 -1
987 2054 -1
1817 3352 -1
1148 3902 -1
843 3902 -1
1526 3719 -1
758 2060 -1
389 2060 -1
551 2060 -1
528 2060 -1
657 2060 -1
370 2060 -1
793 2060 -1
475 2060 -1
18 1489 -1
272 1489 -1
345 1489 -1
107 1489 -1
60 1489 -1
97 1489 -1
1627 2075 -1
1620 2075 -1
762 1782 -1
569 2802 -1
744 2802 -1
498 2802 -1
731 2802 -1
575 2802 -1
966 2366 -1
1024 2366 -1
966 2184 -1
966 2345 -1
837 3732 -1
837 3890 -1
837 3867 -1
837 3711 -1
1040 1417 -1
1040 1482 -1
1040 1539 -1
1040 1332 -1
522 2278 -1
529 2278 -1
610 2278 -1
836 2031 -1
836 2053 -1
2312 2728 -1
2312 2461 -1
2312 2493 -1
2312 2503 -1
1399 2411 -1
1399 2143 -1
2288 3003 -1
2305 3003 -1
2170 3003 -1
2288 2904 -1
905 2478 -1
1229 2478 -1
1190 2478 -1
2016 2948 -1
2298 3558 -1
2738 3869 -1
1446 2021 -1
1599 2919 -1
1938 3955 -1
1068 3349 -1
1068 3412 -1
1068 3431 -1
3049 3695 -1
3049 3995 -1
218 1035 -1
299 1035 -1
218 1010 -1
512 1529 -1
512 1442 -1
512 1261 -1
2444 3349 -1
2444 3412 -1
2444 3431 -1
1992 3068 -1
1979 3068 -1
1983 3068 -1
1992 3082 -1
1136 3344 -1
1226 3344 -1
868 3344 -1
965 3344 -1
1206 3344 -1
975 3344 -1
272 3617 -1
97 3617 -1
18 3617 -1
107 3617 -1
60 3617 -1
345 3617 -1
2087 3673 -1
209 2209 -1
349 2209 -1
971 3522 -1
969 3522 -1
1083 3522 -1
967 3522 -1
971 3298 -1
2082 3853 -1
2303 3853 -1
135 1520 -1
135 1475 -1
2747 3130 -1
2747 2914 -1
2747 3171 -1
2747 3138 -1
2747 2894 -1
2747 2829 -1
2747 3092 -1
2791 2823 -1
1037 3250 -1
677 2661 -1
438 2661 -1
2076 3312 -1
2083 3312 -1
2110 2635 -1
2181 2635 -1
2249 2635 -1
2356 2635 -1
2424 2635 -1
2334 2635 -1
2149 2635 -1
915 3293 -1
257 639 -1
257 616 -1
257 725 -1
257 623 -1
724 2095 -1
573 2095 -1
104 1966 -1
196 1966 -1
158 1966 -1
240 1966 -1
148 1966 -1
245 1966 -1
118 1966 -1
317 1966 -1
62 1966 -1
2838 3833 -1
349 1667 -1
209 1667 -1
1242 2048 -1
3161 3680 -1
2205 3422 -1
2137 3422 -1
2394 3422 -1
2204 3422 -1
278 732 -1
278 456 -1
278 624 -1
278 741 -1
278 527 -1
65 3473 -1
65 3504 -1
3550 3986 -1
3550 3827 -1
901 1529 -1
1170 1529 -1
870 1529 -1
901 1442 -1
901 1261 -1
1166 2850 -1
1590 3928 -1
1590 3648 -1
1590 3778 -1
3162 3584 -1
3162 3316 -1
3162 3486 -1
3162 3471 -1
675 3815 -1
454 3815 -1
675 3819 -1
675 3940 -1
2169 3910 -1
179 1306 -1
179 1578 -1
179 1331 -1
179 1556 -1
576 1814 -1
3412 3684 -1
3349 3684 -1
3431 3684 -1
3412 3937 -1
3412 3710 -1
474 1457 -1
1185 3065 -1
993 3065 -1
1227 3065 -1
1234 3065 -1
1115 3065 -1
1214 3065 -1
1087 3065 -1
1185 3155 -1
2178 2871 -1
2392 2871 -1
2346 2871 -1
2358 2871 -1
1540 3170 -1
1633 2891 -1
1624 2891 -1
1575 2891 -1
310 3101 -1
310 3225 -1
2179 3780 -1
1342 3707 -1
1342 3696 -1
1342 3799 -1
2541 3919 -1
2799 3919 -1
1003 1421 -1
1089 1421 -1
1041 1421 -1
1065 1421 -1
1782 3285 -1
735 3300 -1
780 3300 -1
1616 3856 -1
787 3917 -1
132 2626 -1
154 2626 -1
237 2626 -1
193 3117 -1
179 2008 -1
179 1670 -1
1774 3230 -1
1181 3200 -1
1181 3136 -1
1181 2827 -1
1181 3053 -1
1181 2957 -1
1826 2690 -1
1811 2690 -1
1662 2690 -1
1826 2607 -1
12 3910 -1
293 3910 -1
1417 2117 -1
1482 2117 -1
1539 2117 -1
1332 2117 -1
1417 2398 -1
3514 3874 -1
3448 3874 -1
3321 3874 -1
3291 3874 -1
3534 3874 -1
3514 3858 -1
3514 3798 -1
1124 1437 -1
1151 1437 -1
1124 1359 -1
1440 2338 -1
1440 2339 -1
1440 2180 -1
1440 2373 -1
1440 2238 -1
6 2839 -1
312 2839 -1
2595 3552 -1
2595 3526 -1
2595 3275 -1
2595 3276 -1
2595 3538 -1
2595 3347 -1
2595 3322 -1
2595 3583 -1
2595 3359 -1
1110 1872 -1
1110 1848 -1
1110 1811 -1
1110 1662 -1
1110 1790 -1
2476 2828 -1
3062 3510 -1
2852 3510 -1
2988 3510 -1
2966 3510 -1
3023 3510 -1
471 3745 -1
1547 3437 -1
396 1304 -1
801 1304 -1
708 1304 -1
774 1304 -1
620 1304 -1
790 1304 -1
727 1304 -1
2948 3512 -1
2948 3426 -1
2948 3309 -1
1551 3733 -1
1551 3818 -1
1551 3698 -1
2945 3408 -1
2945 3333 -1
155 3349 -1
146 3349 -1
155 3412 -1
155 3431 -1
784 934 -1
597 934 -1
699 1639 -1
553 1639 -1
531 2403 -1
159 2296 -1
674 1563 -1
97 505 -1
272 505 -1
345 505 -1
18 505 -1
107 505 -1
60 505 -1
1155 2149 -1
1228 2149 -1
1109 2149 -1
1155 2181 -1
1155 2249 -1
1155 2424 -1
1155 2356 -1
1155 2334 -1
1155 2136 -1
1155 2110 -1
1341 3466 -1
836 2329 -1
287 1187 -1
1838 2838 -1
1901 3540 -1
1800 3540 -1
2057 3540 -1
1939 3540 -1
1901 3442 -1
1901 3323 -1
1901 3525 -1
488 3873 -1
2122 3968 -1
2186 3968 -1
2252 3968 -1
2122 3993 -1
1425 1979 -1
1425 1992 -1
1425 1983 -1
373 1601 -1
1098 3093 -1
1098 2878 -1
1360 3850 -1
1360 3954 -1
1360 3619 -1
1360 3860 -1
1360 3805 -1
107 3645 -1
272 3645 -1
97 3645 -1
18 3645 -1
60 3645 -1
345 3645 -1
107 3965 -1
107 3735 -1
190 3317 -1
296 3317 -1
292 3317 -1
220 3317 -1
20 3317 -1
190 3254 -1
1103 1889 -1
865 1889 -1
884 1889 -1
821 1889 -1
1105 1889 -1
1079 1889 -1
1103 1753 -1
339 371 -1
176 1156 -1
224 1156 -1
3242 3619 -1
3511 3619 -1
3242 3850 -1
3242 3954 -1
3242 3860 -1
3242 3805 -1
3242 3757 -1
124 3595 -1
2703 3735 -1
2703 3965 -1
2703 3645 -1
1859 3233 -1
1859 3450 -1
1859 3355 -1
1859 3318 -1
1859 3454 -1
347 3027 -1
2164 3893 -1
2245 3893 -1
2109 3893 -1
2164 3896 -1
2164 3679 -1
2550 3000 -1
2737 3000 -1
2492 3000 -1
2519 3000 -1
2524 3000 -1
2647 3000 -1
2550 2981 -1
386 2580 -1
451 3943 -1
222 694 -1
222 779 -1
1379 3082 -1
1313 3082 -1
1379 3068 -1
116 386 -1
948 1668 -1
859 1668 -1
948 1643 -1
948 1803 -1
948 1997 -1
948 1811 -1
948 1790 -1
948 1662 -1
497 1695 -1
742 1695 -1
431 1695 -1
2584 3115 -1
1930 2704 -1
673 3422 -1
966 2946 -1
1024 2946 -1
966 2881 -1
966 2991 -1
966 2969 -1
966 3226 -1
966 2940 -1
966 3002 -1
966 3006 -1
874 1270 -1
874 1382 -1
1877 2665 -1
921 2500 -1
1013 2500 -1
50 411 -1
394 1548 -1
1516 3540 -1
1516 3442 -1
1516 3323 -1
1516 3525 -1
1349 2892 -1
1499 2892 -1
1630 2892 -1
1485 2892 -1
1470 2892 -1
952 3777 -1
952 3936 -1
952 3761 -1
2004 2295 -1
2004 2355 -1
689 1144 -1
814 1061 -1
814 986 -1
1604 2749 -1
622 1599 -1
919 1243 -1
207 3732 -1
207 3890 -1
207 3867 -1
207 3711 -1
474 1273 -1
1906 2613 -1
1749 2613 -1
324 1852 -1
324 1770 -1
960 3851 -1
1159 2026 -1
876 2026 -1
1304 2838 -1
1096 1830 -1
939 1830 -1
918 1830 -1
1786 2390 -1
1827 2390 -1
1907 2390 -1
3035 3958 -1
3152 3958 -1
2866 3958 -1
2963 3958 -1
2815 3958 -1
821 3085 -1
1056 3085 -1
865 3085 -1
1162 3085 -1
1103 3085 -1
1105 3085 -1
884 3085 -1
1079 3085 -1
821 2912 -1
821 2890 -1
1418 3261 -1
1 3694 -1
239 1730 -1
286 1730 -1
150 1730 -1
239 1969 -1
239 2005 -1
98 565 -1
98 707 -1
2118 2971 -1
2118 3193 -1
2118 3122 -1
1207 1981 -1
827 1981 -1
1207 1914 -1
1207 1899 -1
1207 1996 -1
1207 1725 -1
1207 2030 -1
3142 3489 -1
2440 3434 -1
2440 3449 -1
2440 3274 -1
2440 3427 -1
2440 3478 -1
253 3075 -1
171 3075 -1
471 958 -1
471 1085 -1
1275 3969 -1
1275 3610 -1
459 3598 -1
2724 3600 -1
2606 3600 -1
2724 3687 -1
2737 3237 -1
2524 3237 -1
2519 3237 -1
2492 3237 -1
2550 3237 -1
2647 3237 -1
2737 3425 -1
2737 3577 -1
2737 3487 -1
2737 3263 -1
2191 3412 -1
2191 3349 -1
2191 3431 -1
3100 3307 -1
3100 3432 -1
3100 3464 -1
3100 3480 -1
3100 3532 -1
3060 3245 -1
1784 3742 -1
1886 3742 -1
1313 3990 -1
1379 3990 -1
1071 1238 -1
1045 1238 -1
1429 3688 -1
336 2329 -1
1538 1810 -1
1634 1810 -1
1283 1810 -1
1445 1810 -1
1292 1810 -1
1539 1810 -1
1332 1810 -1
1427 1810 -1
1499 2592 -1
1630 2592 -1
1349 2592 -1
1470 2592 -1
1485 2592 -1
1602 1655 -1
1071 3801 -1
1045 3801 -1
669 3995 -1
752 3995 -1
607 3995 -1
583 3995 -1
669 3695 -1
2213 3480 -1
2213 3464 -1
2213 3307 -1
826 2512 -1
240 3168 -1
104 3168 -1
62 3168 -1
1571 2439 -1
1571 2793 -1
1571 2762 -1
1571 2699 -1
3398 3655 -1
3398 3890 -1
3398 3812 -1
3398 3957 -1
3398 3711 -1
2232 2611 -1
499 1880 -1
428 1880 -1
591 1880 -1
1747 2989 -1
1747 2972 -1
2018 3683 -1
1944 3683 -1
1921 3683 -1
1995 3683 -1
1952 3683 -1
3243 3941 -1
3241 3941 -1
3562 3941 -1
3555 3941 -1
3303 3941 -1
455 3068 -1
455 3082 -1
2355 3683 -1
2295 3683 -1
1271 2981 -1
1271 3000 -1
273 1464 -1
836 1906 -1
836 1749 -1
1189 3263 -1
1232 3263 -1
1158 3263 -1
1126 3263 -1
1189 3425 -1
1189 3487 -1
1189 3237 -1
1189 3577 -1
2412 3723 -1
2412 3885 -1
897 3910 -1
856 3910 -1
1716 3341 -1
1905 3341 -1
1821 2158 -1
1201 2331 -1
1045 2241 -1
1071 2241 -1
1045 2352 -1
1045 2167 -1
675 1241 -1
454 1241 -1
675 1512 -1
27 1726 -1
2847 3386 -1
2070 3548 -1
1279 1757 -1
1569 1757 -1
1279 1727 -1
1397 3502 -1
2298 3634 -1
3239 3727 -1
1003 1548 -1
1089 1548 -1
1041 1548 -1
1065 1548 -1
1000 3162 -1
1306 1829 -1
1578 1829 -1
1331 1829 -1
1556 1829 -1
1228 2188 -1
1155 2188 -1
1109 2188 -1
367 2273 -1
680 2273 -1
464 2273 -1
441 2273 -1
713 2273 -1
319 980 -1
319 1133 -1
562 3299 -1
336 3649 -1
336 3658 -1
336 3596 -1
336 3877 -1
203 3244 -1
203 3523 -1
2633 2882 -1
2633 2851 -1
2633 2935 -1
140 3490 -1
64 3490 -1
354 3490 -1
3 3490 -1
301 3490 -1
46 3490 -1
281 3490 -1
223 3490 -1
475 3438 -1
551 3438 -1
528 3438 -1
723 3438 -1
758 3438 -1
793 3438 -1
794 3438 -1
1291 2590 -1
2450 3253 -1
2598 3253 -1
772 3391 -1
504 3391 -1
2825 3486 -1
3001 3486 -1
3211 3486 -1
2825 3584 -1
2825 3331 -1
2825 3316 -1
2825 3501 -1
2825 3471 -1
2565 3495 -1
2565 3433 -1
2565 3529 -1
401 1349 -1
401 1499 -1
401 1630 -1
401 1485 -1
401 1470 -1
1953 3549 -1
1860 3549 -1
2253 2701 -1
2253 2784 -1
2253 2502 -1
2253 2700 -1
2253 2670 -1
2253 2736 -1
2253 2705 -1
2253 2741 -1
663 1182 -1
663 920 -1
663 1145 -1
663 828 -1
663 1198 -1
1442 2900 -1
1529 2900 -1
1261 2900 -1
1442 2978 -1
84 560 -1
99 560 -1
55 560 -1
1211 1368 -1
2538 3990 -1
2794 3990 -1
2734 3990 -1
746 3620 -1
1381 2214 -1
1222 2997 -1
1131 2997 -1
1172 2997 -1
1222 2811 -1
512 2255 -1
862 1237 -1
1527 3745 -1
548 3118 -1
683 3118 -1
548 2947 -1
548 3030 -1
2602 3726 -1
2457 3726 -1
2651 3726 -1
2515 3726 -1
2508 3726 -1
2789 3726 -1
1436 3013 -1
1436 3196 -1
527 900 -1
624 900 -1
456 900 -1
732 900 -1
741 900 -1
1626 2433 -1
2348 2570 -1
2348 2605 -1
1144 1614 -1
1144 1401 -1
2126 3484 -1
2126 3451 -1
234 1658 -1
80 1658 -1
212 1658 -1
183 1658 -1
890 2216 -1
890 2129 -1
890 2354 -1
890 2420 -1
890 2133 -1
890 2319 -1
980 1665 -1
1133 1665 -1
1391 3656 -1
1572 3656 -1
1514 3656 -1
1515 3656 -1
1453 3656 -1
1326 3656 -1
1461 3656 -1
1310 3656 -1
2227 2679 -1
267 1436 -1
303 1436 -1
287 2571 -1
287 2490 -1
287 2558 -1
287 2463 -1
1598 3612 -1
1639 3291 -1
1639 3448 -1
1639 3514 -1
1639 3534 -1
111 1128 -1
331 1128 -1
291 1128 -1
705 2043 -1
1751 2484 -1
1751 2426 -1
1751 2646 -1
313 1666 -1
81 1666 -1
2 1666 -1
333 1666 -1
313 1742 -1
2283 3627 -1
2144 3627 -1
2310 3627 -1
527 2720 -1
624 2720 -1
456 2720 -1
732 2720 -1
741 2720 -1
527 2662 -1
1018 3628 -1
823 3628 -1
860 3628 -1
1047 3628 -1
45 2334 -1
45 2249 -1
45 2356 -1
45 2149 -1
45 2110 -1
232 2748 -1
1453 2878 -1
1572 2878 -1
1514 2878 -1
1515 2878 -1
1326 2878 -1
1391 2878 -1
1461 2878 -1
1310 2878 -1
1453 3093 -1
1478 3830 -1
335 1637 -1
265 1637 -1
342 1637 -1
335 1642 -1
335 1661 -1
1093 1512 -1
1093 1241 -1
2710 3657 -1
1946 2340 -1
425 1246 -1
423 1246 -1
425 1259 -1
1888 3122 -1
1840 3122 -1
1713 3122 -1
2009 3122 -1
1888 2980 -1
1888 3019 -1
1888 3084 -1
1888 3215 -1
1888 3193 -1
1888 2971 -1
1653 3890 -1
1654 3890 -1
1653 3812 -1
1653 3655 -1
1653 3732 -1
1653 3957 -1
1653 3867 -1
1653 3711 -1
448 1346 -1
448 1554 -1
448 1404 -1
909 3231 -1
994 1632 -1
553 1919 -1
699 1919 -1
327 3862 -1
511 3223 -1
2756 3806 -1
1786 3676 -1
1827 3676 -1
1907 3676 -1
1930 3089 -1
1930 2816 -1
330 1949 -1
673 1765 -1
2614 3939 -1
2557 3939 -1
2582 3939 -1
424 2634 -1
2391 2688 -1
2256 2688 -1
2176 2688 -1
275 760 -1
166 1515 -1
166 1572 -1
166 1453 -1
166 1310 -1
166 1391 -1
646 3687 -1
804 3687 -1
646 3600 -1
627 2090 -1
627 2323 -1
157 3213 -1
123 3213 -1
157 2806 -1
2589 3633 -1
362 3101 -1
362 3225 -1
346 2602 -1
346 2457 -1
346 2651 -1
346 2515 -1
346 2508 -1
346 2789 -1
692 1314 -1
77 2331 -1
299 3154 -1
218 3154 -1
671 2974 -1
252 640 -1
134 640 -1
31 3423 -1
1000 2927 -1
179 3449 -1
179 3427 -1
179 3302 -1
179 3593 -1
179 3434 -1
179 3507 -1
179 3478 -1
179 3274 -1
1349 1815 -1
1499 1815 -1
1630 1815 -1
1485 1815 -1
1470 1815 -1
1293 3464 -1
1345 3464 -1
1443 3464 -1
1459 3464 -1
1293 3480 -1
1293 3432 -1
1293 3307 -1
1293 3532 -1
1376 2210 -1
1376 2069 -1
2136 2751 -1
2249 2751 -1
2149 2751 -1
2136 2474 -1
2136 2655 -1
254 3978 -1
254 3899 -1
170 3214 -1
766 2198 -1
404 2198 -1
2326 3390 -1
2362 3390 -1
2292 3390 -1
1886 3349 -1
1784 3349 -1
1886 3412 -1
1886 3431 -1
798 2248 -1
1736 2599 -1
2036 2599 -1
23 3600 -1
23 3687 -1
507 1616 -1
704 3826 -1
731 2107 -1
744 2107 -1
569 2107 -1
498 2107 -1
575 2107 -1
187 1688 -1
180 1688 -1
938 2401 -1
1040 2946 -1
1040 2881 -1
1040 2991 -1
1040 2969 -1
1040 3226 -1
1040 2940 -1
1040 3002 -1
1040 3006 -1
1580 2477 -1
1617 2477 -1
1580 2531 -1
1580 2755 -1
446 3476 -1
570 3476 -1
571 3476 -1
383 3476 -1
2217 2445 -1
2421 2445 -1
1247 3447 -1
1629 3447 -1
105 2026 -1
1174 2866 -1
908 2866 -1
1039 2866 -1
1174 3152 -1
1174 2963 -1
1174 3035 -1
1174 2815 -1
