416 438 1
611 790 1
527 751 1
424 695 1
508 779 1
651 686 1
472 564 1
556 805 1
383 698 1
674 754 1
538 566 1
462 465 1
578 771 1
578 713 1
713 771 1
480 572 1
605 802 1
470 719 1
394 631 1
600 672 1
371 691 1
687 731 1
472 588 1
564 588 1
409 708 1
368 522 1
366 772 1
605 623 1
623 802 1
486 526 1
416 441 1
438 441 1
475 654 1
719 741 1
470 741 1
715 727 1
437 637 1
427 484 1
753 788 1
505 606 1
530 545 1
536 575 1
412 557 1
471 749 1
531 618 1
573 591 1
658 763 1
643 767 1
700 794 1
497 810 1
648 684 1
368 736 1
522 736 1
379 423 1
379 776 1
423 776 1
445 472 1
445 588 1
445 564 1
452 459 1
413 783 1
616 818 1
383 764 1
698 764 1
466 725 1
707 733 1
401 817 1
448 802 1
448 605 1
448 623 1
443 814 1
510 763 1
510 658 1
720 723 1
390 717 1
414 605 1
414 448 1
414 802 1
414 623 1
563 677 1
374 529 1
408 603 1
487 704 1
682 766 1
596 656 1
417 433 1
541 552 1
461 599 1
482 814 1
443 482 1
563 799 1
677 799 1
738 744 1
613 805 1
556 613 1
383 775 1
698 775 1
764 775 1
412 459 1
459 557 1
412 452 1
597 744 1
597 738 1
521 652 1
372 503 1
702 743 1
631 806 1
394 806 1
781 783 1
413 781 1
371 470 1
470 691 1
371 741 1
371 719 1
606 802 1
505 802 1
448 606 1
606 623 1
414 606 1
605 606 1
633 774 1
439 520 1
764 818 1
698 818 1
775 818 1
383 818 1
616 764 1
547 736 1
368 547 1
522 547 1
398 582 1
538 728 1
566 728 1
373 554 1
410 561 1
387 758 1
513 643 1
513 767 1
368 692 1
692 736 1
522 692 1
547 692 1
628 633 1
628 774 1
408 424 1
424 603 1
408 695 1
492 669 1
672 730 1
600 730 1
488 573 1
488 591 1
366 533 1
533 772 1
715 742 1
727 742 1
393 475 1
393 654 1
378 505 1
378 802 1
378 606 1
743 811 1
702 811 1
434 763 1
434 658 1
434 510 1
635 710 1
388 649 1
547 727 1
727 736 1
368 727 1
522 727 1
692 727 1
547 742 1
547 715 1
945 1116 1
870 1156 1
834 901 1
1105 1236 1
1063 1121 1
833 905 1
1056 1180 1
961 1002 1
997 1070 1
1101 1178 1
931 1012 1
855 857 1
1067 1173 1
864 1128 1
844 952 1
1132 1206 1
836 861 1
1058 1115 1
1018 1199 1
887 967 1
927 930 1
934 1168 1
823 866 1
1087 1201 1
886 963 1
983 1126 1
1152 1191 1
1063 1173 1
1121 1173 1
1063 1067 1
1005 1149 1
1147 1210 1
879 1034 1
985 1218 1
895 1010 1
963 1212 1
886 1212 1
882 1001 1
966 1187 1
1118 1144 1
962 1190 1
884 1082 1
1078 1228 1
843 931 1
843 1012 1
832 910 1
855 963 1
857 963 1
855 1212 1
855 886 1
975 1139 1
1005 1173 1
1149 1173 1
1005 1121 1
1005 1067 1
1005 1063 1
939 1190 1
939 962 1
920 1020 1
1063 1105 1
1105 1121 1
1067 1105 1
1105 1173 1
1005 1105 1
1063 1236 1
980 1090 1
913 1087 1
913 1201 1
1094 1181 1
824 1105 1
824 1121 1
824 1063 1
824 1067 1
824 1005 1
824 1236 1
824 1173 1
1086 1159 1
1036 1050 1
869 1085 1
994 1020 1
920 994 1
925 1038 1
999 1125 1
830 981 1
850 951 1
879 1132 1
1034 1132 1
879 1206 1
982 1009 1
910 1123 1
832 1123 1
883 1050 1
883 1036 1
1093 1218 1
985 1093 1
927 993 1
930 993 1
1009 1021 1
982 1021 1
1113 1233 1
1051 1115 1
1051 1058 1
1102 1119 1
828 1007 1
868 1143 1
828 1019 1
1007 1019 1
931 1057 1
843 1057 1
1012 1057 1
1037 1086 1
1037 1159 1
881 1041 1
852 1041 1
852 881 1
908 1015 1
1010 1081 1
895 1081 1
868 992 1
992 1143 1
1110 1129 1
935 1024 1
1013 1070 1
997 1013 1
850 1079 1
951 1079 1
858 1147 1
858 1210 1
1139 1203 1
975 1203 1
960 1076 1
994 1212 1
920 1212 1
1020 1212 1
963 994 1
886 994 1
855 994 1
1044 1178 1
1044 1101 1
904 1111 1
874 1040 1
1187 1199 1
966 1199 1
1018 1187 1
1064 1130 1
940 1129 1
940 1110 1
935 1174 1
1024 1174 1
869 1224 1
1085 1224 1
1058 1166 1
1051 1166 1
1115 1166 1
876 888 1
946 971 1
844 912 1
912 952 1
1291 1534 1
1416 1616 1
1345 1485 1
1439 1512 1
1375 1524 1
1285 1416 1
1285 1616 1
1329 1571 1
1259 1549 1
1306 1338 1
1289 1494 1
1241 1386 1
1497 1509 1
1252 1554 1
1284 1481 1
1273 1516 1
1374 1630 1
1287 1314 1
1340 1378 1
1299 1315 1
1319 1515 1
1349 1366 1
1413 1568 1
1246 1518 1
1335 1605 1
1422 1441 1
1585 1600 1
1453 1611 1
1367 1489 1
1240 1418 1
1294 1591 1
1402 1552 1
1275 1461 1
1361 1425 1
1582 1620 1
1298 1440 1
1276 1311 1
1331 1401 1
1238 1336 1
1472 1622 1
1329 1568 1
1568 1571 1
1329 1413 1
1251 1598 1
1469 1597 1
1326 1610 1
1338 1383 1
1306 1383 1
1460 1462 1
1460 1523 1
1462 1523 1
1540 1554 1
1252 1540 1
1396 1573 1
1290 1603 1
1306 1402 1
1338 1402 1
1383 1402 1
1306 1552 1
1347 1536 1
1358 1589 1
1385 1405 1
1319 1342 1
1342 1515 1
1334 1492 1
1357 1517 1
1270 1460 1
1270 1523 1
1270 1462 1
1318 1529 1
1504 1548 1
1345 1392 1
1392 1485 1
1430 1610 1
1326 1430 1
1401 1441 1
1331 1441 1
1401 1422 1
1275 1376 1
1376 1461 1
1267 1353 1
1465 1522 1
1272 1532 1
1402 1411 1
1411 1552 1
1306 1411 1
1338 1411 1
1383 1411 1
1546 1581 1
1348 1380 1
1330 1459 1
1239 1361 1
1239 1425 1
1318 1618 1
1529 1618 1
1245 1556 1
1266 1285 1
1266 1416 1
1266 1616 1
1306 1589 1
1411 1589 1
1383 1589 1
1552 1589 1
1338 1589 1
1402 1589 1
1306 1358 1
1314 1557 1
1287 1557 1
1264 1347 1
1264 1536 1
1323 1450 1
1254 1283 1
1501 1603 1
1290 1501 1
1250 1522 1
1250 1465 1
1357 1440 1
1440 1517 1
1298 1357 1
1427 1501 1
1290 1427 1
1427 1603 1
1289 1305 1
1305 1494 1
1439 1451 1
1451 1512 1
1262 1618 1
1262 1529 1
1262 1318 1
1253 1377 1
1263 1576 1
1272 1339 1
1339 1532 1
1388 1614 1
1267 1413 1
1353 1413 1
1267 1568 1
1267 1329 1
1333 1533 1
1330 1338 1
1338 1459 1
1330 1411 1
1330 1383 1
1330 1589 1
1306 1330 1
1330 1402 1
1399 1609 1
1243 1564 1
1356 1365 1
1515 1579 1
1342 1579 1
1319 1579 1
1742 1895 1
1670 1847 1
1773 1945 1
1717 2012 1
1783 1843 1
1642 1859 1
1787 1984 1
1698 1805 1
1750 1849 1
1753 2001 1
1651 2063 1
1728 1955 1
1686 1757 1
1911 1969 1
1869 1901 1
1676 1883 1
1814 1960 1
1670 1776 1
1776 1847 1
1665 1802 1
1704 2058 1
1716 1934 1
1680 1717 1
1680 2012 1
1947 2065 1
1939 1989 1
1685 1820 1
1683 1965 1
1935 1956 1
1814 1904 1
1904 1960 1
1801 1826 1
1926 2022 1
1826 1952 1
1801 1952 1
1745 1745 1
1731 2000 1
1773 2065 1
1945 2065 1
1773 1947 1
1667 1980 1
2033 2055 1
1695 2053 1
1940 1943 1
1704 1757 1
1757 2058 1
1686 1704 1
1855 1994 1
2036 2036 1
1847 2054 1
1776 2054 1
1670 2054 1
1691 1971 1
1717 1724 1
1680 1724 1
1724 2012 1
1717 1803 1
1680 1803 1
1724 1803 1
1803 2012 1
1728 1903 1
1903 1955 1
1917 1956 1
1917 1935 1
1777 1968 1
1847 1875 1
1776 1875 1
1875 2054 1
1670 1875 1
1756 1957 1
1896 1990 1
2022 2036 1
1926 2036 1
1717 2038 1
1680 2038 1
1724 2038 1
1803 2038 1
2012 2038 1
1775 1919 1
1921 2023 1
1810 1914 1
1728 2026 1
1955 2026 1
1903 2026 1
1697 1952 1
1697 1801 1
1697 1826 1
1653 1739 1
1682 1770 1
1919 1932 1
1775 1932 1
1892 1926 1
1892 2036 1
1892 2022 1
1714 2061 1
1723 1767 1
1704 1759 1
1759 2058 1
1757 1759 1
1686 1759 1
1788 1865 1
1637 2048 1
1795 2033 1
1795 2055 1
1821 1898 1
1811 2012 1
1803 1811 1
1680 1811 1
1717 1811 1
1811 2038 1
1724 1811 1
1917 1923 1
1923 1956 1
1923 1935 1
1720 1920 1
1934 1991 1
1716 1991 1
1694 1755 1
1914 1971 1
1810 1971 1
1691 1914 1
1773 1873 1
1873 1945 1
1873 1947 1
1873 2065 1
1776 1779 1
1779 1875 1
1779 2054 1
1670 1779 1
1779 1847 1
1818 1920 1
1720 1818 1
1655 1826 1
1655 1952 1
1655 1801 1
1655 1697 1
1834 1864 1
1871 1938 1
1932 2029 1
1775 2029 1
1919 2029 1
1689 1805 1
1689 1698 1
1709 1852 1
1751 2007 1
1988 2044 1
1849 2003 1
1750 2003 1
1650 1987 1
1968 2060 1
1777 2060 1
1947 2009 1
2009 2065 1
1773 2009 1
1873 2009 1
1920 2062 1
1720 2062 1
1818 2062 1
1985 2028 1
1898 2022 1
1821 2022 1
1892 1898 1
1898 2036 1
1898 1926 1
2249 2269 1
2330 2344 1
2135 2371 1
2169 2178 1
2142 2175 1
2100 2315 1
2247 2291 1
2259 2397 1
2161 2191 1
2275 2360 1
2135 2369 1
2369 2371 1
2257 2402 1
2103 2130 1
2076 2138 1
2226 2291 1
2226 2247 1
2252 2298 1
2138 2311 1
2076 2311 1
2190 2422 1
2237 2315 1
2100 2237 1
2239 2294 1
2095 2252 1
2095 2298 1
2251 2352 1
2111 2364 1
2329 2346 1
2277 2411 1
2222 2242 1
2177 2285 1
2208 2348 1
2129 2161 1
2129 2191 1
2094 2127 1
2180 2282 1
2210 2286 1
2139 2269 1
2139 2249 1
2342 2370 1
2207 2251 1
2207 2352 1
2130 2289 1
2103 2289 1
2212 2374 1
2067 2158 1
2194 2237 1
2194 2315 1
2100 2194 1
2076 2420 1
2138 2420 1
2311 2420 1
2191 2392 1
2161 2392 1
2129 2392 1
2340 2363 1
2184 2262 1
2166 2358 1
2117 2118 1
2097 2329 1
2097 2346 1
2150 2195 1
2217 2403 1
2091 2365 1
2123 2129 1
2123 2392 1
2123 2161 1
2123 2191 1
2129 2414 1
2392 2414 1
2161 2414 1
2123 2414 1
2191 2414 1
2280 2300 1
2138 2406 1
2406 2420 1
2076 2406 1
2311 2406 1
2197 2216 1
2396 2409 1
2145 2164 1
2073 2249 1
2073 2139 1
2073 2269 1
2272 2356 1
2107 2321 1
2348 2405 1
2208 2405 1
2151 2382 1
2278 2324 1
2073 2085 1
2085 2249 1
2085 2139 1
2085 2269 1
2184 2242 1
2242 2262 1
2184 2222 1
2088 2149 1
2336 2401 1
2165 2395 1
2308 2418 1
2111 2346 1
2346 2364 1
2111 2329 1
2097 2111 1
2275 2329 1
2329 2360 1
2097 2275 1
2275 2346 1
2111 2275 1
2086 2123 1
2086 2161 1
2086 2414 1
2086 2191 1
2086 2129 1
2086 2392 1
2311 2320 1
2320 2420 1
2138 2320 1
2076 2320 1
2320 2406 1
2145 2335 1
2164 2335 1
2076 2174 1
2174 2406 1
2174 2311 1
2174 2320 1
2174 2420 1
2138 2174 1
2269 2332 1
2249 2332 1
2139 2332 1
2085 2332 1
2073 2332 1
2118 2294 1
2117 2294 1
2118 2239 1
2477 2736 1
2694 2740 1
2660 2673 1
2542 2748 1
2505 2771 1
2610 2780 1
2535 2697 1
2440 2592 1
2524 2545 1
2575 2581 1
2470 2505 1
2470 2771 1
2436 2668 1
2596 2660 1
2596 2673 1
2516 2595 1
2463 2583 1
2493 2579 1
2445 2468 1
2440 2480 1
2480 2592 1
2535 2684 1
2684 2697 1
2603 2750 1
2756 2802 1
2443 2775 1
2760 2794 1
2761 2773 1
2685 2700 1
2718 2779 1
2662 2768 1
2513 2776 1
2641 2779 1
2641 2718 1
2641 2801 1
2779 2801 1
2718 2801 1
2447 2792 1
2687 2778 1
2503 2530 1
2456 2638 1
2537 2558 1
2501 2578 1
2736 2745 1
2477 2745 1
2508 2683 1
2453 2801 1
2453 2641 1
2453 2779 1
2453 2718 1
2540 2658 1
2613 2714 1
2540 2689 1
2658 2689 1
2688 2737 1
2655 2697 1
2655 2684 1
2535 2655 1
2687 2776 1
2776 2778 1
2513 2687 1
2515 2560 1
2509 2538 1
2510 2706 1
2553 2585 1
2451 2546 1
2663 2681 1
2542 2776 1
2748 2776 1
2513 2542 1
2542 2778 1
2542 2687 1
2673 2715 1
2596 2715 1
2660 2715 1
2615 2647 1
2540 2615 1
2615 2689 1
2615 2658 1
2540 2647 1
2733 2771 1
2505 2733 1
2470 2733 1
2481 2792 1
2447 2481 1
2529 2767 1
2698 2766 1
2498 2681 1
2498 2663 1
2529 2734 1
2734 2767 1
2442 2535 1
2442 2697 1
2442 2684 1
2442 2655 1
2490 2675 1
2681 2788 1
2498 2788 1
2663 2788 1
2512 2561 1
2707 2732 1
2434 2575 1
2434 2581 1
2545 2551 1
2524 2551 1
2455 2782 1
2617 2650 1
2450 2548 1
2678 2744 1
2503 2782 1
2530 2782 1
2455 2503 1
2710 2773 1
2710 2761 1
2430 2559 1
2538 2685 1
2509 2685 1
2538 2700 1
2494 2766 1
2494 2698 1
2664 2733 1
2505 2664 1
2664 2771 1
2470 2664 1
2542 2769 1
2513 2769 1
2769 2776 1
2769 2778 1
2748 2769 1
2687 2769 1
2486 2591 1
2529 2779 1
2734 2779 1
2767 2779 1
2529 2801 1
2529 2641 1
2453 2529 1
2529 2718 1
2469 2585 1
2469 2553 1
2657 2794 1
2657 2760 1
2710 2799 1
2761 2799 1
2773 2799 1
2924 2980 1
2879 3111 1
2803 3111 1
2803 2879 1
2869 3146 1
2867 3094 1
3045 3221 1
3124 3222 1
2970 3051 1
3016 3095 1
2887 3165 1
2887 2917 1
2917 3165 1
2943 3039 1
2840 2971 1
3004 3023 1
3046 3126 1
3058 3104 1
2832 3163 1
2817 3184 1
3048 3181 1
3010 3096 1
3087 3093 1
2823 3192 1
2805 2901 1
3044 3065 1
3047 3070 1
2904 3230 1
2976 3152 1
2943 3120 1
3039 3120 1
2928 3219 1
3084 3206 1
3147 3173 1
2820 2938 1
3025 3227 1
2828 3151 1
2898 3030 1
2896 2951 1
2956 3002 1
2835 3126 1
2835 3046 1
2935 3088 1
2940 3144 1
2904 2998 1
2998 3230 1
2937 3203 1
2887 2936 1
2936 3165 1
2917 2936 1
2858 3063 1
2828 3162 1
3151 3162 1
2856 2980 1
2856 2924 1
2838 2968 1
2918 3001 1
3108 3135 1
2907 2952 1
2825 2876 1
3154 3193 1
2879 3123 1
2803 3123 1
3111 3123 1
2905 3143 1
3084 3093 1
3093 3206 1
3084 3087 1
2893 3164 1
3054 3113 1
2846 3072 1
3057 3136 1
3134 3138 1
3054 3081 1
3081 3113 1
2803 2913 1
2913 3123 1
2879 2913 1
2913 3111 1
3093 3112 1
3084 3112 1
3112 3206 1
3087 3112 1
2869 3079 1
3079 3146 1
2819 3132 1
2829 3006 1
2813 2966 1
3027 3117 1
2959 3204 1
3075 3105 1
3071 3078 1
3133 3223 1
3011 3035 1
3035 3128 1
3011 3128 1
2992 3153 1
2834 3009 1
2953 3084 1
2953 3112 1
2953 3093 1
2953 3206 1
2953 3087 1
2901 3163 1
2805 3163 1
2832 2901 1
2829 2921 1
2921 3006 1
2845 3151 1
2845 3162 1
2828 2845 1
2804 2963 1
2942 3166 1
2907 3089 1
2952 3089 1
2826 3005 1
2810 2993 1
2924 3132 1
2856 3132 1
2980 3132 1
2819 2924 1
2840 3060 1
2971 3060 1
2880 3170 1
2857 3099 1
2931 3058 1
2931 3104 1
2946 3168 1
2853 3149 1
3180 3187 1
2939 3047 1
2939 3070 1
3130 3142 1
2909 3109 1
3034 3154 1
3034 3193 1
3026 3083 1
2995 3030 1
2898 2995 1
2805 2981 1
2981 3163 1
2901 2981 1
2829 3073 1
2921 3073 1
3006 3073 1
2817 2926 1
2926 3184 1
3070 3177 1
2939 3177 1
3047 3177 1
2810 3133 1
2993 3133 1
2810 3223 1
2906 3173 1
2906 3147 1
2863 2883 1
2894 2941 1
2913 3010 1
3010 3123 1
2803 3010 1
3010 3111 1
2879 3010 1
2913 3096 1
3467 3482 1
3494 3566 1
3259 3438 1
3278 3289 1
3381 3580 1
3412 3530 1
3235 3389 1
3487 3561 1
3299 3413 1
3391 3484 1
3334 3549 1
3234 3415 1
3280 3389 1
3235 3280 1
3406 3515 1
3303 3347 1
3381 3548 1
3548 3580 1
3487 3589 1
3561 3589 1
3369 3554 1
3311 3388 1
3466 3498 1
3251 3404 1
3276 3394 1
3298 3375 1
3235 3335 1
3280 3335 1
3335 3389 1
3232 3525 1
3328 3339 1
3284 3545 1
3550 3570 1
3592 3593 1
3260 3556 1
3276 3532 1
3394 3532 1
3252 3403 1
3396 3563 1
3410 3411 1
3392 3526 1
3252 3381 1
3381 3403 1
3252 3548 1
3252 3580 1
3519 3527 1
3344 3488 1
3415 3471 1
3234 3471 1
3312 3548 1
3252 3312 1
3312 3580 1
3312 3381 1
3384 3517 1
3470 3585 1
3434 3562 1
3349 3441 1
3319 3542 1
3285 3448 1
3406 3414 1
3414 3515 1
3278 3414 1
3289 3414 1
3278 3515 1
3278 3406 1
3311 3445 1
3388 3445 1
3404 3535 1
3251 3535 1
3277 3539 1
3521 3530 1
3412 3521 1
3405 3420 1
3296 3375 1
3296 3298 1
3478 3578 1
3408 3586 1
3461 3517 1
3384 3461 1
3473 3473 1
3372 3540 1
3261 3505 1
3382 3428 1
3315 3575 1
3333 3466 1
3333 3498 1
3279 3535 1
3251 3279 1
3279 3404 1
3450 3507 1
3420 3453 1
3405 3453 1
3495 3519 1
3495 3527 1
3375 3574 1
3296 3574 1
3298 3574 1
3400 3402 1
3370 3480 1
3340 3539 1
3277 3340 1
3392 3393 1
3393 3526 1
3387 3560 1
3242 3418 1
3350 3426 1
3280 3432 1
3235 3432 1
3389 3432 1
3335 3432 1
3392 3578 1
3393 3578 1
3526 3578 1
3392 3478 1
3544 3569 1
3368 3493 1
3461 3538 1
3384 3538 1
3517 3538 1
3415 3452 1
3234 3452 1
3452 3471 1
3485 3561 1
3485 3589 1
3485 3487 1
3442 3592 1
3442 3593 1
3364 3572 1
3302 3467 1
3302 3482 1
3285 3455 1
3448 3455 1
3273 3413 1
3273 3299 1
3396 3536 1
3536 3563 1
3365 3439 1
3325 3356 1
3704 3841 1
3909 3931 1
3798 3936 1
3721 3970 1
3729 3861 1
3740 3910 1
3777 3968 1
3766 3949 1
3610 3887 1
3650 3957 1
3955 3994 1
3868 3969 1
3693 3838 1
3732 3843 1
3856 3862 1
3827 3834 1
3906 3969 1
3868 3906 1
3649 3839 1
3815 3997 1
3659 3881 1
3770 3822 1
3619 3866 1
3812 3854 1
3923 3926 1
3733 3960 1
3899 3973 1
3756 3954 1
3611 3698 1
3876 3975 1
3614 3635 1
3609 3769 1
3645 3938 1
3648 3760 1
3780 3841 1
3704 3780 1
3630 3771 1
3943 3972 1
3841 3993 1
3704 3993 1
3780 3993 1
3681 3727 1
3606 3714 1
3690 3921 1
3630 3861 1
3771 3861 1
3630 3729 1
3635 3948 1
3614 3948 1
3765 3806 1
3701 3906 1
3701 3969 1
3701 3868 1
3783 3811 1
3841 3992 1
3704 3992 1
3992 3993 1
3780 3992 1
3688 3802 1
3707 3851 1
3686 3711 1
3775 3777 1
3775 3968 1
3709 3786 1
3851 3903 1
3707 3903 1
3650 3650 1
3896 3973 1
3896 3899 1
3840 3911 1
3778 3786 1
3709 3778 1
3887 3924 1
3610 3924 1
3817 3866 1
3619 3817 1
3625 3634 1
3663 3804 1
3738 3886 1
3764 3826 1
3647 3970 1
3647 3721 1
3687 3786 1
3687 3778 1
3687 3709 1
3734 3756 1
3734 3954 1
3623 3860 1
3618 3805 1
3750 3765 1
3750 3806 1
3617 3827 1
3617 3834 1
3700 3769 1
3609 3700 1
3609 3908 1
3769 3908 1
3700 3908 1
3795 3984 1
3930 3946 1
3636 3698 1
3611 3636 1
3672 3960 1
3672 3733 1
3740 3931 1
3910 3931 1
3740 3909 1
3665 3941 1
3640 3933 1
3831 3974 1
3762 3826 1
3762 3764 1
3630 3754 1
3729 3754 1
3754 3771 1
3754 3861 1
3632 3857 1
3613 3842 1
3736 3972 1
3736 3943 1
3779 3921 1
3690 3779 1
3919 3948 1
3635 3919 1
3614 3919 1
3630 3686 1
3686 3729 1
3686 3754 1
3686 3771 1
3686 3861 1
3630 3711 1
3731 3928 1
3800 3898 1
3657 3706 1
3784 3888 1
3628 3979 1
3959 3979 1
3628 3959 1
3618 3688 1
3688 3805 1
3618 3802 1
3665 3773 1
3773 3941 1
3880 3888 1
3784 3880 1
3639 3977 1
3850 3909 1
3850 3931 1
3740 3850 1
3790 3840 1
3790 3911 1
3745 3940 1
3650 3972 1
3957 3972 1
3650 3736 1
3650 3943 1
70 248 1
110 358 1
9 199 1
229 252 1
244 358 1
110 244 1
12 310 1
15 109 1
46 157 1
33 243 1
46 85 1
85 157 1
49 266 1
311 364 1
275 303 1
209 241 1
35 146 1
20 306 1
60 363 1
208 351 1
150 181 1
219 246 1
52 298 1
88 302 1
331 350 1
30 151 1
182 298 1
52 182 1
236 236 1
288 298 1
52 288 1
182 288 1
223 364 1
223 311 1
251 353 1
18 319 1
102 250 1
44 287 1
158 227 1
331 344 1
344 350 1
37 194 1
148 330 1
72 101 1
56 82 1
69 357 1
9 113 1
113 199 1
147 201 1
307 313 1
5 121 1
32 45 1
2 119 1
20 235 1
235 306 1
32 181 1
45 181 1
32 150 1
308 322 1
195 254 1
170 311 1
170 364 1
170 223 1
188 288 1
188 298 1
52 188 1
182 188 1
105 269 1
217 257 1
13 80 1
0 168 1
182 348 1
288 348 1
188 348 1
298 348 1
52 348 1
125 217 1
125 257 1
122 258 1
207 332 1
287 322 1
44 322 1
287 308 1
235 262 1
262 306 1
20 262 1
92 286 1
241 243 1
209 243 1
33 241 1
61 136 1
180 333 1
61 175 1
136 175 1
127 333 1
127 180 1
20 145 1
145 306 1
145 235 1
145 262 1
32 213 1
45 213 1
150 213 1
181 213 1
5 360 1
121 360 1
105 342 1
269 342 1
47 310 1
12 47 1
192 302 1
88 192 1
81 182 1
81 288 1
81 348 1
81 298 1
52 81 1
81 188 1
184 351 1
184 208 1
169 316 1
250 253 1
102 253 1
110 278 1
244 278 1
278 358 1
181 183 1
32 183 1
45 183 1
150 183 1
183 213 1
39 292 1
229 306 1
252 306 1
229 262 1
229 235 1
145 229 1
20 229 1
76 92 1
76 286 1
1450 1731 1
1323 1731 1
1731 1731 1
1450 2000 1
1450 1450 1
2676 3388 1
3388 3388 1
2676 2676 1
2676 3445 1
2676 3311 1
45 2539 1
32 2539 1
183 2539 1
181 2539 1
2539 2539 1
213 2539 1
45 45 1
203 3243 1
3243 3243 1
203 203 1
2262 3315 1
2184 3315 1
2242 3315 1
3315 3315 1
2262 2262 1
2262 3575 1
121 3951 1
360 3951 1
5 3951 1
3951 3951 1
121 121 1
91 2944 1
2944 2944 1
91 91 1
1003 3308 1
3308 3308 1
1003 1003 1
835 1972 1
1972 1972 1
835 835 1
401 2661 1
817 2661 1
2661 2661 1
401 401 1
863 2873 1
2873 2873 1
863 863 1
1624 2901 1
2901 2901 1
1624 2981 1
1624 2832 1
1624 2805 1
1624 1624 1
1624 3163 1
1948 3907 1
3907 3907 1
1948 1948 1
782 2027 1
2027 2027 1
782 782 1
800 1836 1
1836 1836 1
800 800 1
407 2161 1
2161 2161 1
407 2086 1
407 2123 1
407 2414 1
407 2191 1
407 2129 1
407 407 1
407 2392 1
57 2499 1
2499 2499 1
57 57 1
359 2663 1
2663 2663 1
359 2681 1
359 2498 1
359 2788 1
359 359 1
971 1698 1
946 1698 1
1698 1698 1
971 1689 1
971 971 1
971 1805 1
567 1810 1
1810 1810 1
567 1914 1
567 1971 1
567 567 1
2143 3172 1
3172 3172 1
2143 2143 1
1959 2526 1
2526 2526 1
1959 1959 1
1694 3019 1
1755 3019 1
3019 3019 1
1694 1694 1
274 1696 1
1696 1696 1
274 274 1
1146 2247 1
2247 2247 1
1146 2226 1
1146 2291 1
1146 1146 1
1949 2975 1
2975 2975 1
1949 1949 1
2077 3434 1
3434 3434 1
2077 3562 1
2077 2077 1
1540 3644 1
3644 3644 1
1554 3644 1
1252 3644 1
1540 1540 1
1247 2557 1
2557 2557 1
1247 1247 1
2361 3780 1
3780 3780 1
2361 3841 1
2361 3992 1
2361 3993 1
2361 3704 1
2361 2361 1
332 651 1
651 651 1
207 651 1
332 332 1
332 686 1
933 2110 1
2110 2110 1
933 933 1
2984 3852 1
3852 3852 1
2984 2984 1
3063 3431 1
2858 3431 1
3431 3431 1
3063 3063 1
1006 2872 1
2872 2872 1
1006 1006 1
1347 2747 1
1536 2747 1
1264 2747 1
2747 2747 1
1347 1347 1
1453 2174 1
1611 2174 1
2174 2174 1
1453 2406 1
1453 2311 1
1453 1453 1
1453 2320 1
1453 2420 1
1453 2138 1
1453 2076 1
2798 3829 1
3829 3829 1
2798 2798 1
102 3095 1
250 3095 1
253 3095 1
3095 3095 1
102 3016 1
102 102 1
1961 3036 1
3036 3036 1
1961 1961 1
151 1476 1
1476 1476 1
30 1476 1
151 151 1
501 2795 1
2795 2795 1
501 501 1
484 2882 1
2882 2882 1
427 2882 1
484 484 1
341 2858 1
2858 2858 1
341 3431 1
341 341 1
341 3063 1
2648 3180 1
3180 3180 1
2648 2648 1
2648 3187 1
165 3222 1
3222 3222 1
165 3124 1
165 165 1
1299 1788 1
1315 1788 1
1788 1788 1
1299 1865 1
1299 1299 1
1917 3798 1
1923 3798 1
1956 3798 1
3798 3798 1
1935 3798 1
1917 3936 1
1917 1917 1
768 3493 1
3493 3493 1
768 3368 1
768 768 1
1106 2495 1
2495 2495 1
1106 1106 1
29 3244 1
3244 3244 1
29 29 1
750 1184 1
1184 1184 1
750 750 1
1254 1641 1
1641 1641 1
1283 1641 1
1254 1254 1
980 3673 1
3673 3673 1
1090 3673 1
980 980 1
244 2475 1
278 2475 1
2475 2475 1
110 2475 1
358 2475 1
244 244 1
943 1332 1
1332 1332 1
943 943 1
1298 2321 1
1440 2321 1
2321 2321 1
1357 2321 1
1298 1298 1
1298 2107 1
1165 3326 1
3326 3326 1
1165 1165 1
1493 2729 1
2729 2729 1
1493 1493 1
73 3620 1
3620 3620 1
73 73 1
696 3502 1
3502 3502 1
696 696 1
1702 3726 1
3726 3726 1
1702 1702 1
829 2063 1
2063 2063 1
829 1651 1
829 829 1
1428 3950 1
3950 3950 1
1428 1428 1
1978 2353 1
2353 2353 1
1978 1978 1
3028 3409 1
3409 3409 1
3028 3028 1
870 3153 1
3153 3153 1
1156 3153 1
870 2992 1
870 870 1
2349 3662 1
3662 3662 1
2349 2349 1
3168 3301 1
2946 3301 1
3301 3301 1
3168 3168 1
834 3888 1
3888 3888 1
901 3888 1
834 3784 1
834 3880 1
834 834 1
2352 3474 1
3474 3474 1
2251 3474 1
2207 3474 1
2352 2352 1
909 2276 1
2276 2276 1
909 909 1
179 1548 1
1548 1548 1
179 1504 1
179 179 1
1372 1774 1
1774 1774 1
1372 1372 1
1259 2788 1
2788 2788 1
1549 2788 1
1259 2498 1
359 1259 1
1259 1259 1
1259 2681 1
1259 2663 1
1812 3895 1
3895 3895 1
1812 1812 1
2236 3637 1
3637 3637 1
2236 2236 1
207 466 1
466 466 1
466 651 1
332 466 1
207 725 1
207 207 1
960 2735 1
1076 2735 1
2735 2735 1
960 960 1
3432 3641 1
3280 3641 1
3641 3641 1
3235 3641 1
3389 3641 1
3335 3641 1
3432 3432 1
484 1505 1
1505 1505 1
1505 2882 1
427 1505 1
423 1887 1
776 1887 1
379 1887 1
1887 1887 1
423 423 1
158 2243 1
227 2243 1
2243 2243 1
158 158 1
1431 2296 1
2296 2296 1
1431 1431 1
2207 3702 1
2352 3702 1
3474 3702 1
2251 3702 1
3702 3702 1
2207 2207 1
26 2408 1
2408 2408 1
26 26 1
1619 2156 1
2156 2156 1
1619 1619 1
1675 2296 1
1675 1675 1
1431 1675 1
771 3970 1
713 3970 1
578 3970 1
3970 3970 1
771 771 1
771 3721 1
771 3647 1
3576 3605 1
3605 3605 1
3576 3576 1
1374 2921 1
2921 2921 1
1630 2921 1
1374 3073 1
1374 3006 1
1374 2829 1
1374 1374 1
3028 3857 1
3409 3857 1
3857 3857 1
3028 3632 1
597 3730 1
744 3730 1
738 3730 1
3730 3730 1
597 597 1
1657 2343 1
2343 2343 1
1657 1657 1
56 2314 1
82 2314 1
2314 2314 1
56 56 1
672 966 1
600 966 1
730 966 1
966 966 1
672 672 1
672 1187 1
672 1199 1
3055 3744 1
3744 3744 1
3055 3055 1
208 1229 1
184 1229 1
1229 1229 1
351 1229 1
208 208 1
1142 2915 1
2915 2915 1
1142 1142 1
1870 3776 1
3776 3776 1
1870 1870 1
2786 3735 1
3735 3735 1
2786 2786 1
1090 2751 1
2751 3673 1
980 2751 1
2751 2751 1
1090 1090 1
1467 3087 1
3087 3087 1
1467 3112 1
1467 2953 1
1467 3084 1
1467 3093 1
1467 1467 1
1721 2597 1
2597 2597 1
1721 1721 1
3035 3535 1
3128 3535 1
3011 3535 1
3535 3535 1
3035 3404 1
3035 3279 1
3035 3251 1
3035 3035 1
1475 3216 1
3216 3216 1
1475 1475 1
628 3281 1
633 3281 1
774 3281 1
3281 3281 1
628 628 1
1082 2419 1
2419 2419 1
884 2419 1
1082 1082 1
273 2433 1
2433 2433 1
273 273 1
2759 3998 1
3998 3998 1
2759 2759 1
2560 3827 1
2515 3827 1
3827 3827 1
2560 2560 1
2560 3617 1
2560 3834 1
1501 3385 1
3385 3385 1
1290 3385 1
1603 3385 1
1427 3385 1
1501 1501 1
416 2457 1
441 2457 1
438 2457 1
2457 2457 1
416 416 1
1334 3092 1
3092 3092 1
1492 3092 1
1334 1334 1
1529 2223 1
1618 2223 1
1262 2223 1
1318 2223 1
2223 2223 1
1529 1529 1
2354 3330 1
3330 3330 1
2354 2354 1
1891 3774 1
3774 3774 1
1891 1891 1
618 3377 1
3377 3377 1
531 3377 1
618 618 1
467 2276 1
467 467 1
467 909 1
628 2273 1
633 2273 1
2273 2273 1
774 2273 1
2273 3281 1
609 2255 1
2255 2255 1
609 609 1
235 3788 1
229 3788 1
262 3788 1
3788 3788 1
145 3788 1
306 3788 1
20 3788 1
235 235 1
927 3726 1
993 3726 1
930 3726 1
927 1702 1
927 927 1
1532 3946 1
1272 3946 1
3946 3946 1
1339 3946 1
1532 3930 1
1532 1532 1
1777 3378 1
1968 3378 1
3378 3378 1
2060 3378 1
1777 1777 1
1039 3864 1
3864 3864 1
1039 1039 1
641 1059 1
1059 1059 1
641 641 1
1638 3507 1
3507 3507 1
1638 3450 1
1638 1638 1
1193 1609 1
1609 1609 1
1193 1193 1
1193 1399 1
1065 2653 1
2653 2653 1
1065 1065 1
470 2215 1
691 2215 1
371 2215 1
2215 2215 1
741 2215 1
719 2215 1
470 470 1
505 1733 1
802 1733 1
378 1733 1
606 1733 1
1733 1733 1
505 505 1
481 3739 1
3739 3739 1
481 481 1
2590 3276 1
3276 3276 1
2590 3394 1
2590 3532 1
2590 2590 1
40 2476 1
2476 2476 1
40 40 1
996 2028 1
2028 2028 1
996 1985 1
996 996 1
2526 3644 1
1959 3644 1
1540 2526 1
1554 2526 1
1252 2526 1
2081 3002 1
3002 3002 1
2081 2081 1
2081 2956 1
645 1341 1
1341 1341 1
645 645 1
984 2336 1
2336 2336 1
984 984 1
984 2401 1
431 940 1
940 940 1
431 1129 1
431 1110 1
431 431 1
401 1875 1
817 1875 1
1875 1875 1
1875 2661 1
401 2054 1
401 1670 1
401 1776 1
401 1779 1
401 1847 1
446 2087 1
2087 2087 1
446 446 1
335 961 1
961 961 1
335 1002 1
335 335 1
2666 3639 1
3639 3639 1
2666 3977 1
2666 2666 1
1989 2555 1
1939 2555 1
2555 2555 1
1989 1989 1
332 1362 1
651 1362 1
1362 1362 1
686 1362 1
207 1362 1
466 1362 1
890 1941 1
1941 1941 1
890 890 1
2354 3901 1
3330 3901 1
3901 3901 1
1567 2892 1
2892 2892 1
1567 1567 1
516 2862 1
2862 2862 1
516 516 1
965 2818 1
2818 2818 1
965 965 1
381 1968 1
1968 1968 1
381 1777 1
381 3378 1
381 2060 1
381 381 1
1067 3486 1
1063 3486 1
1005 3486 1
1105 3486 1
1173 3486 1
824 3486 1
3486 3486 1
1067 1067 1
375 933 1
375 2110 1
375 375 1
1380 3828 1
3828 3828 1
1348 3828 1
1380 1380 1
1435 1984 1
1984 1984 1
1435 1787 1
1435 1435 1
1632 2399 1
2399 2399 1
1632 1632 1
1144 3357 1
3357 3357 1
1118 3357 1
1144 1144 1
392 2074 1
2074 2074 1
392 392 1
1963 2810 1
2810 2810 1
1963 2993 1
1963 1963 1
1963 3133 1
1963 3223 1
485 3841 1
3841 3841 1
485 3780 1
485 485 1
485 3992 1
485 2361 1
485 3704 1
485 3993 1
1036 2309 1
1050 2309 1
883 2309 1
2309 2309 1
1036 1036 1
465 1889 1
1889 1889 1
462 1889 1
465 465 1
736 3492 1
547 3492 1
3492 3492 1
522 3492 1
368 3492 1
692 3492 1
727 3492 1
736 736 1
893 2936 1
2936 2936 1
893 893 1
893 3165 1
893 2917 1
893 2887 1
296 1404 1
1404 1404 1
296 296 1
1347 1728 1
1536 1728 1
1264 1728 1
1728 2747 1
1728 1728 1
1347 1955 1
1347 2026 1
1347 1903 1
941 3763 1
3763 3763 1
941 941 1
1109 3978 1
3978 3978 1
1109 1109 1
2267 2589 1
2589 2589 1
2267 2267 1
2066 3807 1
3807 3807 1
2066 2066 1
1469 1844 1
1844 1844 1
1597 1844 1
1469 1469 1
2521 3854 1
3854 3854 1
2521 2521 1
2521 3812 1
183 3975 1
32 3975 1
3975 3975 1
2539 3975 1
45 3975 1
213 3975 1
150 3975 1
181 3975 1
183 3876 1
183 183 1
378 3137 1
505 3137 1
802 3137 1
1733 3137 1
606 3137 1
3137 3137 1
378 378 1
544 3165 1
3165 3165 1
544 544 1
544 2917 1
544 2887 1
544 2936 1
544 893 1
3125 3475 1
3475 3475 1
3125 3125 1
1707 3886 1
3886 3886 1
1707 3738 1
1707 1707 1
1048 2864 1
2864 2864 1
1048 1048 1
1399 1929 1
1929 1929 1
1609 1929 1
1193 1929 1
1399 1399 1
815 3816 1
3816 3816 1
815 815 1
943 3812 1
3812 3812 1
1332 3812 1
943 2521 1
943 3854 1
415 1587 1
1587 1587 1
415 415 1
263 484 1
263 1505 1
263 2882 1
263 427 1
263 263 1
2162 3689 1
3689 3689 1
2162 2162 1
40 3720 1
3720 3720 1
2476 3720 1
854 3089 1
3089 3089 1
854 2952 1
854 2907 1
854 854 1
965 3735 1
2818 3735 1
965 2786 1
598 2568 1
2568 2568 1
598 598 1
939 3937 1
3937 3937 1
962 3937 1
1190 3937 1
939 939 1
1981 2486 1
2486 2486 1
1981 1981 1
1981 2591 1
1296 1973 1
1973 1973 1
1296 1296 1
1027 3396 1
3396 3396 1
1027 3536 1
1027 1027 1
1027 3563 1
370 3803 1
3803 3803 1
370 370 1
586 2903 1
2903 2903 1
586 586 1
278 2892 1
2475 2892 1
244 2892 1
358 2892 1
110 2892 1
278 278 1
278 1567 1
308 2416 1
2416 2416 1
322 2416 1
287 2416 1
308 308 1
2124 3273 1
3273 3273 1
2124 3299 1
2124 2124 1
2124 3413 1
2971 3493 1
2840 3493 1
3060 3493 1
768 2971 1
2971 3368 1
2971 2971 1
688 2959 1
2959 2959 1
688 688 1
688 3204 1
2047 3158 1
3158 3158 1
2047 2047 1
1941 2311 1
890 2311 1
2311 2311 1
1941 2406 1
1453 1941 1
1941 2320 1
1941 2420 1
1941 2138 1
1941 2076 1
1941 2174 1
2759 3164 1
3164 3164 1
3164 3998 1
2759 2893 1
814 1153 1
1153 1153 1
482 1153 1
443 1153 1
814 814 1
1499 2365 1
2365 2365 1
1499 2091 1
1499 1499 1
2167 2957 1
2957 2957 1
2167 2167 1
1769 3511 1
3511 3511 1
1769 1769 1
1833 3329 1
3329 3329 1
1833 1833 1
249 1763 1
1763 1763 1
249 249 1
1936 2270 -1
2771 3025 -1
2664 3025 -1
2505 3025 -1
2733 3025 -1
2470 3025 -1
2771 3227 -1
615 2059 -1
61 3487 -1
136 3487 -1
175 3487 -1
61 3561 -1
61 3589 -1
61 3485 -1
946 2715 -1
971 2715 -1
946 2660 -1
946 2673 -1
946 2596 -1
115 3269 -1
2537 3223 -1
2558 3223 -1
2537 2810 -1
2537 3133 -1
2483 3726 -1
2624 3484 -1
2624 3391 -1
1617 2545 -1
1617 2524 -1
1617 2551 -1
2778 3847 -1
2776 3847 -1
2769 3847 -1
2542 3847 -1
2687 3847 -1
2323 3269 -1
44 1331 -1
322 1331 -1
287 1331 -1
44 1401 -1
44 1441 -1
561 3633 -1
410 3633 -1
10 1667 -1
10 1980 -1
3074 3484 -1
3074 3391 -1
1799 3757 -1
226 3293 -1
461 835 -1
599 835 -1
50 1397 -1
2332 2849 -1
2249 2849 -1
2139 2849 -1
2073 2849 -1
2269 2849 -1
2085 2849 -1
2657 3910 -1
2760 3910 -1
2794 3910 -1
2657 3931 -1
2657 3740 -1
3558 3740 -1
3558 3850 -1
3558 3931 -1
3558 3909 -1
3558 3910 -1
2388 3205 -1
1425 2622 -1
1361 2622 -1
1239 2622 -1
2382 3032 -1
2151 3032 -1
1664 3212 -1
2940 3781 -1
3144 3781 -1
1917 2863 -1
1923 2863 -1
1956 2863 -1
1935 2863 -1
1917 2883 -1
608 2063 -1
608 1651 -1
1861 2559 -1
1861 2430 -1
2637 2988 -1
2314 3888 -1
2314 3784 -1
2314 3880 -1
1592 2090 -1
2204 2458 -1
534 3555 -1
534 2567 -1
471 2332 -1
749 2332 -1
471 2249 -1
471 2139 -1
471 2073 -1
471 2269 -1
471 2085 -1
2597 2841 -1
724 1787 -1
724 1984 -1
595 1820 -1
595 1685 -1
2215 2839 -1
2208 2538 -1
2348 2538 -1
2405 2538 -1
2208 2700 -1
2208 2509 -1
2208 2685 -1
1376 3566 -1
1275 3566 -1
1461 3566 -1
1376 3494 -1
1412 2245 -1
298 918 -1
288 918 -1
348 918 -1
81 918 -1
52 918 -1
182 918 -1
188 918 -1
895 3939 -1
1081 3939 -1
1010 3939 -1
447 2403 -1
447 2217 -1
1089 2915 -1
445 2180 -1
472 2180 -1
564 2180 -1
588 2180 -1
445 2282 -1
725 1324 -1
466 1324 -1
3172 3961 -1
1924 3496 -1
287 525 -1
308 525 -1
322 525 -1
44 525 -1
918 1628 -1
883 3347 -1
1050 3347 -1
1036 3347 -1
883 3303 -1
259 2333 -1
3002 3799 -1
2956 3799 -1
144 2447 -1
144 2792 -1
144 2481 -1
1134 3781 -1
1364 3293 -1
656 1237 -1
596 1237 -1
1526 3733 -1
1526 3960 -1
1526 3672 -1
21 2777 -1
1162 3903 -1
1162 3707 -1
1162 3851 -1
470 2333 -1
691 2333 -1
371 2333 -1
741 2333 -1
719 2333 -1
6 685 -1
1760 3892 -1
1105 2343 -1
1121 2343 -1
1063 2343 -1
1067 2343 -1
1005 2343 -1
1236 2343 -1
1173 2343 -1
824 2343 -1
724 2758 -1
615 896 -1
2208 2495 -1
2348 2495 -1
2405 2495 -1
1955 2599 -1
1728 2599 -1
2026 2599 -1
1903 2599 -1
2073 3519 -1
2249 3519 -1
2139 3519 -1
2332 3519 -1
2269 3519 -1
2085 3519 -1
2073 3495 -1
2073 3527 -1
442 2815 -1
336 3224 -1
1865 2440 -1
1788 2440 -1
1865 2592 -1
1865 2480 -1
312 1240 -1
312 1418 -1
2158 2678 -1
2067 2678 -1
2158 2744 -1
1982 2077 -1
289 3484 -1
289 3391 -1
1927 2360 -1
1927 2329 -1
1927 2275 -1
24 3140 -1
152 2752 -1
111 2727 -1
1857 3101 -1
1237 3828 -1
102 3574 -1
250 3574 -1
253 3574 -1
102 3296 -1
102 3298 -1
102 3375 -1
797 1391 -1
1889 2610 -1
1889 2780 -1
1527 2592 -1
1527 2440 -1
1527 2480 -1
1986 2221 -1
1822 2101 -1
1015 1552 -1
908 1552 -1
1015 1402 -1
1015 1411 -1
1015 1306 -1
1015 1589 -1
2384 3453 -1
2384 3420 -1
2384 3405 -1
353 1990 -1
251 1990 -1
353 1896 -1
55 2482 -1
267 689 -1
1262 2426 -1
1529 2426 -1
1618 2426 -1
1318 2426 -1
2723 2996 -1
471 2977 -1
749 2977 -1
200 3691 -1
456 1557 -1
456 1314 -1
456 1287 -1
799 3425 -1
563 3425 -1
677 3425 -1
210 2752 -1
1269 2281 -1
617 3815 -1
617 3997 -1
535 1359 -1
2104 3592 -1
2104 3593 -1
2104 3442 -1
390 3596 -1
717 3596 -1
2526 2988 -1
2196 3216 -1
3574 3979 -1
3296 3979 -1
3298 3979 -1
3375 3979 -1
3574 3628 -1
3574 3959 -1
2440 3290 -1
2592 3290 -1
2480 3290 -1
844 3062 -1
952 3062 -1
912 3062 -1
1611 2786 -1
1453 2786 -1
2884 3841 -1
2884 3704 -1
2884 3993 -1
2884 3992 -1
2884 3780 -1
1562 3124 -1
1562 3222 -1
1160 1448 -1
1302 1956 -1
1302 1923 -1
1302 1917 -1
1302 1935 -1
3450 3903 -1
3507 3903 -1
3450 3707 -1
3450 3851 -1
2516 3208 -1
2595 3208 -1
2511 3654 -1
2937 3448 -1
3203 3448 -1
2937 3285 -1
2937 3455 -1
1538 3607 -1
3119 3584 -1
1340 2731 -1
1378 2731 -1
2257 3607 -1
2402 3607 -1
246 2385 -1
219 2385 -1
1946 2749 -1
813 2371 -1
813 2369 -1
813 2135 -1
1208 2544 -1
879 2806 -1
1034 2806 -1
1132 2806 -1
1206 2806 -1
1374 2809 -1
1630 2809 -1
216 2491 -1
945 2781 -1
1116 2781 -1
2051 3634 -1
2051 3625 -1
2952 3728 -1
3089 3728 -1
2907 3728 -1
2877 3639 -1
2877 3977 -1
186 1111 -1
186 904 -1
180 2567 -1
333 2567 -1
127 2567 -1
376 3572 -1
376 3364 -1
199 816 -1
9 816 -1
113 816 -1
398 2763 -1
582 2763 -1
1573 3842 -1
1396 3842 -1
1573 3613 -1
2867 3771 -1
3094 3771 -1
2867 3754 -1
2867 3686 -1
2867 3861 -1
2867 3630 -1
2854 3274 -1
136 1601 -1
61 1601 -1
175 1601 -1
431 2755 -1
1594 2425 -1
537 3595 -1
1366 2685 -1
1349 2685 -1
1366 2538 -1
1366 2700 -1
1366 2509 -1
1796 2782 -1
1796 2530 -1
1796 2503 -1
1796 2455 -1
1676 3023 -1
1883 3023 -1
1676 3004 -1
2011 2970 -1
2011 3051 -1
1911 2897 -1
1969 2897 -1
12 3343 -1
310 3343 -1
47 3343 -1
2718 3514 -1
2641 3514 -1
2529 3514 -1
2779 3514 -1
2453 3514 -1
2801 3514 -1
496 1430 -1
496 1610 -1
496 1326 -1
3095 3554 -1
3016 3554 -1
3095 3369 -1
3183 3331 -1
1366 2076 -1
1349 2076 -1
1366 2406 -1
1366 2311 -1
1366 2320 -1
1366 2420 -1
1366 2138 -1
1366 2174 -1
1244 2348 -1
1244 2208 -1
1244 2405 -1
1451 3708 -1
1512 3708 -1
1439 3708 -1
2192 2859 -1
1891 2682 -1
140 1976 -1
1377 3662 -1
1253 3662 -1
2630 3987 -1
1452 2327 -1
646 3715 -1
221 835 -1
1722 2698 -1
1722 2494 -1
1722 2766 -1
1062 3653 -1
538 1866 -1
728 1866 -1
566 1866 -1
516 1182 -1
1464 3872 -1
2038 2692 -1
1724 2692 -1
1803 2692 -1
1680 2692 -1
1811 2692 -1
1717 2692 -1
2012 2692 -1
1383 2610 -1
1411 2610 -1
1306 2610 -1
1330 2610 -1
1589 2610 -1
1338 2610 -1
1402 2610 -1
1383 2780 -1
1467 3929 -1
1498 3765 -1
1498 3750 -1
1498 3806 -1
489 2138 -1
489 2406 -1
489 2311 -1
489 2320 -1
489 2420 -1
489 2076 -1
489 2174 -1
80 1808 -1
13 1808 -1
460 1283 -1
460 1254 -1
1283 2396 -1
1254 2396 -1
1283 2409 -1
935 2367 -1
1024 2367 -1
1174 2367 -1
1781 2466 -1
1014 3154 -1
1014 3193 -1
1014 3034 -1
135 2259 -1
135 2397 -1
1928 3558 -1
350 1859 -1
344 1859 -1
331 1859 -1
350 1642 -1
2602 3258 -1
2649 3166 -1
2649 2942 -1
1951 2377 -1
900 3546 -1
938 3815 -1
938 3997 -1
1824 3535 -1
1824 3251 -1
1824 3404 -1
1824 3279 -1
1966 3462 -1
868 3052 -1
992 3052 -1
1143 3052 -1
193 2267 -1
623 2252 -1
448 2252 -1
802 2252 -1
606 2252 -1
605 2252 -1
414 2252 -1
623 2298 -1
623 2095 -1
1606 2030 -1
1920 3907 -1
1720 3907 -1
1818 3907 -1
2062 3907 -1
25 3253 -1
2301 3070 -1
2301 3177 -1
2301 2939 -1
2301 3047 -1
711 2097 -1
711 2329 -1
711 2346 -1
711 2275 -1
711 2111 -1
1758 3784 -1
1758 3888 -1
1758 3880 -1
598 3443 -1
1601 2867 -1
1601 3094 -1
482 2152 -1
443 2152 -1
814 2152 -1
561 2442 -1
410 2442 -1
561 2697 -1
561 2655 -1
561 2684 -1
561 2535 -1
1386 2221 -1
1241 2221 -1
2677 3256 -1
2486 3862 -1
2591 3862 -1
2486 3856 -1
245 3378 -1
1182 1500 -1
2503 3163 -1
2530 3163 -1
2782 3163 -1
2455 3163 -1
2503 2832 -1
2503 2981 -1
2503 2901 -1
2503 2805 -1
1504 2230 -1
1548 2230 -1
1539 2583 -1
1539 2463 -1
1585 2789 -1
1600 2789 -1
1733 2141 -1
2826 3642 -1
3005 3642 -1
1998 2815 -1
721 1697 -1
721 1952 -1
721 1801 -1
721 1826 -1
721 1655 -1
21 654 -1
21 393 -1
21 475 -1
2170 3260 -1
2170 3556 -1
1886 3607 -1
1810 2219 -1
1914 2219 -1
1971 2219 -1
291 2950 -1
111 1410 -1
344 937 -1
331 937 -1
350 937 -1
948 3552 -1
1849 2529 -1
2003 2529 -1
1750 2529 -1
1849 2641 -1
1849 2734 -1
1849 2767 -1
1849 2801 -1
1849 2453 -1
1849 2779 -1
1849 2718 -1
895 2463 -1
1081 2463 -1
1010 2463 -1
895 2583 -1
1460 3263 -1
1523 3263 -1
1270 3263 -1
1462 3263 -1
1692 3449 -1
362 1531 -1
457 1745 -1
1235 3061 -1
2279 3056 -1
903 2812 -1
1768 2109 -1
1794 2843 -1
212 3318 -1
2265 2930 -1
1034 3326 -1
1132 3326 -1
879 3326 -1
838 2577 -1
221 1067 -1
221 824 -1
221 1105 -1
221 1005 -1
221 1173 -1
221 1063 -1
1862 3047 -1
1862 3177 -1
1862 2939 -1
1862 3070 -1
205 1200 -1
581 3943 -1
581 3736 -1
581 3650 -1
581 3972 -1
1618 1835 -1
1529 1835 -1
1262 1835 -1
1318 1835 -1
166 1480 -1
1936 2421 -1
1042 2113 -1
73 1445 -1
118 484 -1
118 427 -1
161 1297 -1
2541 3253 -1
2512 3336 -1
2561 3336 -1
1872 3064 -1
2808 3513 -1
1377 2905 -1
1253 2905 -1
1377 3143 -1
1443 3280 -1
1443 3432 -1
1443 3235 -1
1443 3389 -1
1443 3335 -1
1925 3671 -1
507 1442 -1
524 2985 -1
383 2538 -1
698 2538 -1
764 2538 -1
818 2538 -1
775 2538 -1
383 2700 -1
383 2509 -1
383 2685 -1
1354 2233 -1
220 944 -1
258 3032 -1
122 3032 -1
3087 3692 -1
3112 3692 -1
2953 3692 -1
3084 3692 -1
3093 3692 -1
1590 3805 -1
1590 3688 -1
1590 3618 -1
1024 1816 -1
1174 1816 -1
935 1816 -1
0 3016 -1
168 3016 -1
0 3095 -1
1859 3653 -1
1642 3653 -1
1839 2787 -1
1517 3944 -1
1440 3944 -1
1357 3944 -1
216 3600 -1
1217 2051 -1
1601 3625 -1
1601 3634 -1
3108 3658 -1
3135 3658 -1
1014 3309 -1
1065 1800 -1
377 2882 -1
791 1337 -1
431 3487 -1
431 3561 -1
431 3589 -1
431 3485 -1
80 1010 -1
13 1010 -1
80 1081 -1
80 895 -1
682 1347 -1
766 1347 -1
682 1536 -1
682 1264 -1
2209 3758 -1
2154 3817 -1
2154 3866 -1
2154 3619 -1
1334 3426 -1
1492 3426 -1
1334 3350 -1
1043 3277 -1
1043 3539 -1
1043 3340 -1
1401 1755 -1
1441 1755 -1
1331 1755 -1
1422 1755 -1
1401 1694 -1
1132 3464 -1
1034 3464 -1
1206 3464 -1
879 3464 -1
683 3065 -1
683 3044 -1
135 3692 -1
1668 3207 -1
112 2384 -1
2973 3984 -1
2973 3795 -1
1534 2558 -1
1291 2558 -1
1534 2537 -1
667 2295 -1
1622 3976 -1
1472 3976 -1
104 762 -1
2644 3797 -1
1011 3283 -1
1300 2838 -1
1300 2968 -1
150 2739 -1
32 2739 -1
183 2739 -1
181 2739 -1
213 2739 -1
2694 3948 -1
2740 3948 -1
2694 3635 -1
2694 3614 -1
2694 3919 -1
68 1323 -1
68 1450 -1
1910 3348 -1
343 2433 -1
1328 1959 -1
776 1280 -1
379 1280 -1
423 1280 -1
457 2171 -1
2081 2583 -1
2081 2463 -1
1981 2846 -1
1981 3072 -1
659 2100 -1
659 2194 -1
659 2315 -1
659 2237 -1
1806 3263 -1
2047 2405 -1
2047 2208 -1
2047 2348 -1
1138 2620 -1
523 2022 -1
523 1892 -1
523 1898 -1
523 2036 -1
523 1821 -1
523 1926 -1
307 2056 -1
313 2056 -1
2347 2837 -1
1230 1594 -1
612 3044 -1
612 3065 -1
506 2126 -1
1998 3464 -1
1403 1733 -1
1236 2044 -1
824 2044 -1
1105 2044 -1
1063 2044 -1
1236 1988 -1
1087 2966 -1
1201 2966 -1
913 2966 -1
1087 2813 -1
2148 3314 -1
170 3610 -1
223 3610 -1
364 3610 -1
311 3610 -1
170 3924 -1
170 3887 -1
1958 2253 -1
500 3919 -1
500 3635 -1
500 3948 -1
500 3614 -1
1756 2857 -1
1957 2857 -1
1756 3099 -1
1068 1795 -1
1068 2033 -1
1068 2055 -1
206 623 -1
206 448 -1
206 802 -1
206 606 -1
206 605 -1
206 414 -1
1190 3723 -1
962 3723 -1
939 3723 -1
1157 2796 -1
2059 3348 -1
1824 2882 -1
1392 3908 -1
1345 3908 -1
1485 3908 -1
1392 3609 -1
1392 3700 -1
1392 3769 -1
593 3027 -1
593 3117 -1
1646 3774 -1
39 833 -1
292 833 -1
39 905 -1
354 1183 -1
1150 3533 -1
3383 3895 -1
293 3907 -1
427 3365 -1
484 3365 -1
427 3439 -1
467 3749 -1
1177 3838 -1
1177 3693 -1
1084 3451 -1
598 2957 -1
1346 2526 -1
364 1869 -1
170 1869 -1
223 1869 -1
311 1869 -1
364 1901 -1
1582 2733 -1
1620 2733 -1
1582 2664 -1
1582 2505 -1
1582 2771 -1
1582 2470 -1
1191 1294 -1
1152 1294 -1
1191 1591 -1
406 1084 -1
1993 2204 -1
160 1382 -1
1294 2887 -1
1591 2887 -1
1294 2936 -1
1294 3165 -1
1294 2917 -1
3154 3316 -1
3193 3316 -1
3034 3316 -1
1732 2942 -1
1732 3166 -1
1145 3519 -1
1145 3495 -1
1145 3527 -1
2427 3390 -1
1117 3082 -1
1510 2328 -1
217 2433 -1
257 2433 -1
125 2433 -1
771 2196 -1
713 2196 -1
578 2196 -1
289 2908 -1
608 1140 -1
1680 2396 -1
2012 2396 -1
1803 2396 -1
1811 2396 -1
1717 2396 -1
2038 2396 -1
1724 2396 -1
1680 2409 -1
488 3647 -1
573 3647 -1
591 3647 -1
488 3721 -1
488 3970 -1
1139 1455 -1
1203 1455 -1
975 1455 -1
2818 3748 -1
705 3750 -1
705 3765 -1
705 3806 -1
75 886 -1
75 994 -1
75 963 -1
75 1212 -1
75 855 -1
1993 2351 -1
3296 3614 -1
3298 3614 -1
3574 3614 -1
3375 3614 -1
3296 3635 -1
3296 3948 -1
3296 3919 -1
1548 1975 -1
1504 1975 -1
1578 3946 -1
1578 3930 -1
2999 3381 -1
2999 3312 -1
2999 3548 -1
2999 3403 -1
2999 3252 -1
2999 3580 -1
3203 3715 -1
2937 3715 -1
749 3583 -1
471 3583 -1
185 2408 -1
395 1846 -1
518 1475 -1
339 529 -1
339 374 -1
1284 3151 -1
1481 3151 -1
1284 3162 -1
1284 2828 -1
1284 2845 -1
292 3226 -1
39 3226 -1
3019 3978 -1
636 3910 -1
636 3931 -1
636 3740 -1
353 1618 -1
251 1618 -1
353 1529 -1
353 1262 -1
353 1318 -1
280 1887 -1
1458 3866 -1
1458 3817 -1
1458 3619 -1
1836 2145 -1
1836 2164 -1
1836 2335 -1
412 2642 -1
459 2642 -1
452 2642 -1
557 2642 -1
2333 3151 -1
2333 3162 -1
2333 2828 -1
2333 2845 -1
444 1923 -1
444 1956 -1
444 1917 -1
444 1935 -1
1540 3203 -1
1554 3203 -1
1252 3203 -1
1540 2937 -1
3398 3639 -1
3398 3977 -1
1275 2786 -1
1376 2786 -1
1461 2786 -1
1019 1881 -1
828 1881 -1
1007 1881 -1
1211 2436 -1
1211 2668 -1
1343 2118 -1
1343 2117 -1
1343 2294 -1
1343 2239 -1
2380 3476 -1
650 2681 -1
650 2498 -1
650 2788 -1
650 2663 -1
348 2584 -1
288 2584 -1
298 2584 -1
81 2584 -1
52 2584 -1
182 2584 -1
188 2584 -1
2577 2999 -1
564 2493 -1
472 2493 -1
588 2493 -1
445 2493 -1
564 2579 -1
268 1409 -1
1227 2218 -1
1055 1288 -1
1107 2912 -1
607 919 -1
2726 3968 -1
2726 3777 -1
2726 3775 -1
849 1543 -1
1196 1320 -1
2386 3446 -1
550 1784 -1
240 3022 -1
1178 3087 -1
1044 3087 -1
1101 3087 -1
1178 3112 -1
1178 2953 -1
1178 3084 -1
1178 3093 -1
172 3151 -1
172 3162 -1
172 2828 -1
172 2845 -1
581 3953 -1
470 2374 -1
691 2374 -1
371 2374 -1
741 2374 -1
719 2374 -1
470 2212 -1
559 1979 -1
1866 3580 -1
1866 3312 -1
1866 3252 -1
1866 3548 -1
1866 3381 -1
961 1391 -1
1002 1391 -1
617 902 -1
2857 3771 -1
3099 3771 -1
2857 3754 -1
2857 3686 -1
2857 3861 -1
2857 3630 -1
856 3680 -1
1185 2497 -1
1648 2414 -1
1648 2086 -1
1648 2161 -1
1648 2123 -1
1648 2191 -1
1648 2129 -1
1648 2392 -1
1255 3487 -1
1255 3561 -1
1255 3589 -1
1255 3485 -1
370 889 -1
453 1470 -1
2963 3403 -1
2804 3403 -1
2963 3252 -1
2963 3381 -1
1565 1955 -1
1565 1728 -1
1565 2026 -1
1565 1903 -1
504 1138 -1
1431 2878 -1
369 2623 -1
370 2728 -1
192 1229 -1
88 1229 -1
302 1229 -1
715 3021 -1
547 3021 -1
742 3021 -1
727 3021 -1
3019 3415 -1
3019 3234 -1
3019 3452 -1
3019 3471 -1
439 3496 -1
520 3496 -1
890 1584 -1
1567 2751 -1
2752 2821 -1
1062 2227 -1
3294 3882 -1
940 3334 -1
1129 3334 -1
1110 3334 -1
940 3549 -1
47 570 -1
12 570 -1
310 570 -1
1649 3194 -1
486 1172 -1
526 1172 -1
1067 2384 -1
824 2384 -1
1105 2384 -1
1005 2384 -1
1173 2384 -1
1063 2384 -1
2138 3724 -1
2406 3724 -1
2311 3724 -1
2320 3724 -1
2420 3724 -1
2076 3724 -1
2174 3724 -1
462 2608 -1
465 2608 -1
2255 3502 -1
2428 3912 -1
933 3783 -1
933 3811 -1
3418 3664 -1
3242 3664 -1
413 3763 -1
781 3763 -1
783 3763 -1
534 1271 -1
1913 2898 -1
1913 2995 -1
1913 3030 -1
355 878 -1
405 1367 -1
405 1489 -1
444 3839 -1
444 3649 -1
2305 3207 -1
2283 3795 -1
2283 3984 -1
1553 3431 -1
92 3915 -1
76 3915 -1
286 3915 -1
3582 3708 -1
691 1250 -1
371 1250 -1
470 1250 -1
691 1465 -1
691 1522 -1
1885 2518 -1
394 1588 -1
806 1588 -1
631 1588 -1
487 1363 -1
704 1363 -1
1642 3976 -1
1859 3976 -1
1415 3290 -1
3579 3789 -1
2377 2531 -1
3061 3851 -1
3061 3707 -1
3061 3903 -1
1466 2647 -1
1466 2540 -1
1466 2615 -1
286 2181 -1
76 2181 -1
92 2181 -1
179 461 -1
179 599 -1
116 3629 -1
942 3473 -1
185 2429 -1
71 3518 -1
370 2333 -1
1932 3834 -1
1775 3834 -1
2029 3834 -1
1919 3834 -1
1932 3617 -1
1932 3827 -1
1887 2465 -1
90 2565 -1
2797 3049 -1
2108 3750 -1
2108 3765 -1
2108 3806 -1
3077 3286 -1
478 2429 -1
539 3459 -1
3560 3806 -1
3387 3806 -1
3560 3765 -1
3560 3750 -1
1980 3861 -1
1667 3861 -1
1980 3729 -1
1980 3754 -1
1980 3771 -1
1980 3686 -1
1980 3630 -1
1767 2143 -1
1723 2143 -1
2323 3444 -1
1797 3549 -1
1797 3334 -1
1770 2853 -1
1682 2853 -1
1770 3149 -1
385 3186 -1
352 620 -1
107 2795 -1
1790 3673 -1
386 1914 -1
386 1810 -1
386 1971 -1
386 1691 -1
1281 2883 -1
1281 2863 -1
523 1100 -1
455 3014 -1
1846 3418 -1
1846 3242 -1
997 2732 -1
1013 2732 -1
1070 2732 -1
997 2707 -1
17 3619 -1
17 3817 -1
17 3866 -1
556 2935 -1
805 2935 -1
613 2935 -1
556 3088 -1
56 808 -1
82 808 -1
628 3821 -1
633 3821 -1
774 3821 -1
1083 3272 -1
959 1967 -1
983 1601 -1
1126 1601 -1
2126 2736 -1
2126 2745 -1
2126 2477 -1
2317 3889 -1
1137 3685 -1
1032 3458 -1
3030 3630 -1
2898 3630 -1
2995 3630 -1
3030 3686 -1
3030 3754 -1
3030 3729 -1
3030 3861 -1
3030 3771 -1
3030 3711 -1
132 1283 -1
132 1254 -1
519 3525 -1
519 3232 -1
2441 2881 -1
2879 3445 -1
3123 3445 -1
3010 3445 -1
2803 3445 -1
2913 3445 -1
3111 3445 -1
2879 3388 -1
2879 3311 -1
1695 3228 -1
2053 3228 -1
3502 3756 -1
3502 3954 -1
3502 3734 -1
372 3556 -1
503 3556 -1
372 3260 -1
490 862 -1
1943 2553 -1
1940 2553 -1
1943 2585 -1
1943 2469 -1
1091 3178 -1
2029 2746 -1
1919 2746 -1
1932 2746 -1
1775 2746 -1
935 3901 -1
1024 3901 -1
1174 3901 -1
172 689 -1
2447 3105 -1
2792 3105 -1
2481 3105 -1
2447 3075 -1
1104 3079 -1
1104 3146 -1
1104 2869 -1
1517 1789 -1
1440 1789 -1
1357 1789 -1
590 3517 -1
590 3384 -1
590 3538 -1
590 3461 -1
3196 3786 -1
3196 3778 -1
3196 3709 -1
3196 3687 -1
587 1983 -1
1809 2405 -1
1809 2208 -1
1809 2348 -1
2350 2727 -1
966 1799 -1
1187 1799 -1
1199 1799 -1
261 3483 -1
1298 3636 -1
1440 3636 -1
1357 3636 -1
1298 3698 -1
1298 3611 -1
1263 2962 -1
1576 2962 -1
315 961 -1
315 1002 -1
782 2767 -1
782 2529 -1
782 2779 -1
782 2734 -1
1918 3978 -1
270 1858 -1
22 3881 -1
22 3659 -1
1879 3041 -1
1871 2817 -1
1938 2817 -1
1871 3184 -1
1871 2926 -1
1512 3713 -1
1451 3713 -1
1439 3713 -1
834 1642 -1
901 1642 -1
834 1859 -1
1782 2448 -1
2041 3346 -1
440 1616 -1
440 1416 -1
440 1266 -1
440 1285 -1
1655 2764 -1
1952 2764 -1
1801 2764 -1
1826 2764 -1
1697 2764 -1
1551 2008 -1
2032 3300 -1
2956 3954 -1
3002 3954 -1
2956 3756 -1
2956 3734 -1
2064 3316 -1
547 958 -1
736 958 -1
742 958 -1
522 958 -1
715 958 -1
368 958 -1
692 958 -1
727 958 -1
1245 2507 -1
1556 2507 -1
1004 3728 -1
321 2186 -1
1318 2213 -1
1529 2213 -1
1618 2213 -1
1262 2213 -1
715 2970 -1
547 2970 -1
742 2970 -1
727 2970 -1
715 3051 -1
2078 3843 -1
2078 3732 -1
1515 3247 -1
1579 3247 -1
1342 3247 -1
1319 3247 -1
1031 2474 -1
2392 3821 -1
2086 3821 -1
2129 3821 -1
2123 3821 -1
2414 3821 -1
2191 3821 -1
2161 3821 -1
1544 2622 -1
3076 3386 -1
3373 3839 -1
3373 3649 -1
1664 3750 -1
1664 3765 -1
1664 3806 -1
688 2208 -1
688 2348 -1
688 2405 -1
34 607 -1
1490 1668 -1
484 1057 -1
427 1057 -1
484 843 -1
484 931 -1
484 1012 -1
1769 3943 -1
1769 3736 -1
1769 3650 -1
1769 3972 -1
2505 3622 -1
2664 3622 -1
2771 3622 -1
2733 3622 -1
2470 3622 -1
1339 2524 -1
1272 2524 -1
1532 2524 -1
1339 2545 -1
1339 2551 -1
2338 3687 -1
2338 3786 -1
2338 3778 -1
2338 3709 -1
444 1483 -1
98 1852 -1
98 1709 -1
1563 2125 -1
325 2907 -1
325 2952 -1
325 3089 -1
1469 1707 -1
1597 1707 -1
493 1616 -1
493 1416 -1
493 1266 -1
493 1285 -1
1976 3527 -1
1976 3495 -1
1976 3519 -1
2310 3375 -1
2310 3296 -1
2310 3298 -1
2310 3574 -1
58 2207 -1
58 2352 -1
58 2251 -1
360 1596 -1
121 1596 -1
5 1596 -1
2336 3200 -1
2401 3200 -1
718 1823 -1
1174 2045 -1
1024 2045 -1
935 2045 -1
1601 2848 -1
913 2655 -1
1201 2655 -1
1087 2655 -1
913 2697 -1
913 2442 -1
913 2684 -1
913 2535 -1
1245 2237 -1
1556 2237 -1
1245 2194 -1
1245 2315 -1
1245 2100 -1
210 3640 -1
210 3933 -1
449 3919 -1
449 3635 -1
449 3948 -1
449 3614 -1
321 1588 -1
532 2408 -1
2063 2651 -1
1651 2651 -1
3240 3722 -1
2186 3801 -1
1247 2505 -1
1247 2664 -1
1247 2771 -1
1247 2733 -1
1247 2470 -1
440 866 -1
440 823 -1
277 3552 -1
191 756 -1
2149 2351 -1
2088 2351 -1
2493 2669 -1
2579 2669 -1
3638 3835 -1
2229 2230 -1
3547 3574 -1
3296 3547 -1
3298 3547 -1
3375 3547 -1
2664 2747 -1
2505 2747 -1
2747 2771 -1
2733 2747 -1
2470 2747 -1
1536 2664 -1
1264 2664 -1
1347 2664 -1
3920 3989 -1
2941 2969 -1
2894 2969 -1
1311 1467 -1
1276 1467 -1
2636 2722 -1
48 361 -1
2283 2357 -1
2831 3109 -1
2831 2909 -1
2508 2686 -1
2683 2686 -1
1766 1770 -1
1682 1766 -1
2112 2269 -1
2112 2249 -1
2112 2139 -1
2112 2332 -1
2085 2112 -1
2073 2112 -1
3284 3299 -1
3299 3545 -1
3273 3284 -1
3284 3413 -1
3647 3716 -1
3716 3721 -1
3716 3970 -1
771 3716 -1
