459 791 1
451 665 1
541 618 1
367 657 1
469 583 1
591 597 1
435 642 1
539 616 1
372 640 1
506 786 1
428 814 1
430 760 1
618 744 1
541 744 1
529 695 1
564 775 1
521 646 1
525 775 1
525 564 1
528 673 1
404 782 1
657 712 1
367 712 1
425 500 1
549 648 1
708 765 1
456 817 1
404 667 1
667 782 1
695 707 1
529 707 1
431 567 1
638 742 1
392 535 1
510 798 1
654 663 1
471 704 1
404 743 1
667 743 1
743 782 1
470 559 1
491 548 1
540 747 1
449 656 1
673 729 1
528 729 1
575 613 1
381 417 1
561 604 1
415 801 1
382 410 1
572 766 1
431 497 1
497 567 1
467 480 1
377 686 1
561 738 1
604 738 1
623 809 1
630 809 1
623 630 1
626 748 1
486 797 1
776 811 1
474 700 1
727 760 1
430 727 1
474 584 1
584 700 1
466 649 1
481 569 1
689 698 1
684 731 1
524 530 1
601 760 1
430 601 1
601 727 1
390 606 1
424 792 1
408 512 1
469 728 1
583 728 1
532 813 1
484 511 1
405 529 1
405 707 1
405 695 1
429 773 1
627 760 1
601 627 1
430 627 1
627 727 1
610 702 1
455 547 1
368 507 1
536 724 1
382 552 1
410 552 1
407 698 1
407 689 1
547 773 1
455 773 1
429 547 1
489 584 1
474 489 1
489 700 1
702 806 1
610 806 1
393 612 1
622 651 1
578 816 1
389 702 1
389 610 1
389 806 1
383 578 1
383 816 1
526 530 1
524 526 1
608 643 1
486 613 1
613 797 1
486 575 1
668 744 1
618 668 1
541 668 1
424 684 1
684 792 1
424 731 1
495 689 1
495 698 1
407 495 1
393 724 1
612 724 1
393 536 1
419 680 1
589 674 1
497 545 1
545 567 1
431 545 1
541 719 1
719 744 1
618 719 1
668 719 1
630 819 1
809 819 1
623 819 1
443 538 1
508 756 1
541 784 1
744 784 1
618 784 1
668 784 1
719 784 1
394 581 1
875 1139 1
964 1157 1
879 933 1
1006 1219 1
894 995 1
1037 1123 1
918 1004 1
931 1138 1
897 1032 1
844 1180 1
929 1010 1
1053 1095 1
909 1049 1
863 1199 1
1019 1088 1
825 950 1
1188 1235 1
1073 1152 1
896 1082 1
864 1096 1
1123 1144 1
1037 1144 1
1218 1230 1
1100 1144 1
1100 1123 1
1037 1100 1
1145 1160 1
952 1214 1
864 965 1
965 1096 1
897 936 1
936 1032 1
1074 1131 1
938 1203 1
1001 1036 1
991 1103 1
897 1162 1
1032 1162 1
936 1162 1
862 1133 1
1050 1122 1
935 1116 1
1163 1231 1
928 942 1
995 1119 1
894 1119 1
881 996 1
1163 1195 1
1195 1231 1
878 1155 1
1013 1209 1
941 1203 1
938 941 1
855 1133 1
855 862 1
838 978 1
825 1208 1
950 1208 1
1026 1080 1
1035 1230 1
1035 1218 1
968 1200 1
849 1232 1
879 1132 1
933 1132 1
860 1122 1
860 1050 1
946 1075 1
841 1223 1
884 969 1
1021 1199 1
863 1021 1
890 1032 1
890 936 1
890 897 1
890 1162 1
1003 1012 1
1077 1110 1
971 1023 1
1188 1236 1
1235 1236 1
845 1229 1
871 1073 1
871 1152 1
1104 1163 1
1104 1195 1
1104 1231 1
1020 1222 1
1126 1143 1
988 1054 1
935 1098 1
1098 1116 1
929 959 1
959 1010 1
909 1024 1
1024 1049 1
864 1021 1
1021 1096 1
965 1021 1
863 864 1
864 1199 1
967 1057 1
949 1210 1
820 1035 1
820 1218 1
820 1230 1
854 1146 1
851 1102 1
1048 1086 1
1145 1221 1
1160 1221 1
1111 1225 1
1092 1164 1
873 1075 1
873 946 1
1053 1074 1
1074 1095 1
1053 1131 1
892 981 1
904 1097 1
969 1102 1
884 1102 1
851 969 1
1070 1082 1
896 1070 1
1076 1119 1
995 1076 1
894 1076 1
873 880 1
880 946 1
880 1075 1
840 1170 1
1134 1170 1
840 1134 1
909 1101 1
1024 1101 1
1049 1101 1
880 945 1
873 945 1
945 946 1
945 1075 1
1509 1584 1
1289 1294 1
1237 1288 1
1506 1577 1
1420 1580 1
1255 1494 1
1290 1297 1
1342 1420 1
1342 1580 1
1413 1542 1
1303 1518 1
1336 1380 1
1384 1464 1
1285 1532 1
1514 1538 1
1357 1387 1
1296 1308 1
1395 1419 1
1370 1376 1
1263 1626 1
1242 1467 1
1273 1539 1
1415 1449 1
1569 1621 1
1405 1596 1
1300 1505 1
1360 1460 1
1286 1542 1
1286 1413 1
1456 1603 1
1421 1502 1
1404 1524 1
1387 1489 1
1357 1489 1
1529 1545 1
1481 1510 1
1449 1478 1
1415 1478 1
1278 1486 1
1268 1348 1
1332 1509 1
1332 1584 1
1443 1605 1
1503 1617 1
1307 1564 1
1386 1400 1
1494 1606 1
1255 1606 1
1497 1591 1
1315 1357 1
1315 1489 1
1315 1387 1
1488 1530 1
1313 1342 1
1313 1580 1
1313 1420 1
1359 1441 1
1403 1481 1
1403 1510 1
1378 1523 1
1258 1586 1
1422 1441 1
1359 1422 1
1432 1468 1
1387 1398 1
1398 1489 1
1315 1398 1
1357 1398 1
1264 1448 1
1275 1332 1
1275 1584 1
1275 1509 1
1326 1615 1
1466 1587 1
1431 1606 1
1431 1494 1
1255 1431 1
1246 1310 1
1492 1630 1
1376 1489 1
1370 1489 1
1315 1376 1
1376 1387 1
1357 1376 1
1376 1398 1
1341 1389 1
1256 1463 1
1519 1597 1
1277 1291 1
1333 1410 1
1448 1557 1
1264 1557 1
1290 1483 1
1297 1483 1
1339 1402 1
1264 1389 1
1389 1448 1
1389 1557 1
1264 1341 1
1238 1262 1
1452 1616 1
1415 1467 1
1449 1467 1
1467 1478 1
1242 1415 1
1368 1474 1
1273 1343 1
1343 1539 1
1262 1419 1
1238 1419 1
1262 1395 1
1400 1462 1
1386 1462 1
1290 1321 1
1297 1321 1
1321 1483 1
1353 1382 1
1484 1494 1
1431 1484 1
1484 1606 1
1255 1484 1
1356 1468 1
1356 1432 1
1555 1593 1
1302 1578 1
1465 1539 1
1273 1465 1
1343 1465 1
1248 1419 1
1248 1395 1
1238 1248 1
1248 1262 1
1240 1402 1
1240 1339 1
1325 1629 1
1714 1943 1
1670 1744 1
1938 1938 1
1814 1959 1
1806 1934 1
1821 1857 1
1834 1847 1
1786 1868 1
1687 1951 1
1808 2062 1
1880 1884 1
1941 2012 1
1715 1859 1
1728 1951 1
1687 1728 1
1699 1742 1
1739 1740 1
1650 1998 1
1880 1965 1
1884 1965 1
1701 1846 1
1655 1811 1
1666 1760 1
1661 1886 1
1688 1890 1
1854 2028 1
1666 1710 1
1710 1760 1
1711 1971 1
1745 1911 1
1676 1698 1
1653 1722 1
1790 1972 1
1642 1807 1
1711 1743 1
1743 1971 1
1767 2065 1
1680 1782 1
1875 1909 1
1643 1873 1
1872 1937 1
1979 1991 1
1849 1867 1
1707 1816 1
1772 1903 1
1668 1701 1
1668 1846 1
1763 1845 1
1647 1969 1
1882 1926 1
1816 1999 1
1707 1999 1
1991 2059 1
1979 2059 1
1731 1974 1
1747 1813 1
1817 1949 1
1932 2010 1
1703 1804 1
1756 1984 1
1685 1686 1
1673 1907 1
1688 1967 1
1890 1967 1
1928 1955 1
1723 1755 1
1806 1965 1
1934 1965 1
1806 1880 1
1806 1884 1
1721 1787 1
1829 1984 1
1756 1829 1
1639 1662 1
1830 1924 1
1974 2038 1
1731 2038 1
1831 1958 1
1852 2023 1
1641 1998 1
1641 1650 1
1746 1810 1
1668 2038 1
1701 2038 1
1846 2038 1
1668 1731 1
1668 1974 1
1682 1700 1
1834 2031 1
1847 2031 1
1937 2004 1
1872 2004 1
1882 2060 1
1926 2060 1
2005 2051 1
1756 2013 1
1984 2013 1
1829 2013 1
2012 2041 1
1941 2041 1
1939 2029 1
1958 2039 1
1831 2039 1
1641 1784 1
1650 1784 1
1784 1998 1
1652 2021 1
1873 2032 1
1643 2032 1
1739 1826 1
1740 1826 1
1667 1699 1
1667 1742 1
1929 2024 1
1851 1888 1
1694 1808 1
1694 2062 1
1887 1920 1
1790 1938 1
1938 1972 1
1665 1925 1
1745 1987 1
1911 1987 1
1646 1772 1
1646 1903 1
1768 1975 1
1794 2059 1
1794 1979 1
1794 1991 1
1906 1924 1
1830 1906 1
1643 1806 1
1806 2032 1
1806 1873 1
1643 1965 1
1643 1934 1
1643 1880 1
1643 1884 1
1822 1942 1
1700 1898 1
1682 1898 1
1754 2065 1
1754 1767 1
1678 1976 1
1656 2000 1
1777 1996 1
2134 2348 1
2313 2410 1
2114 2354 1
2259 2260 1
2119 2348 1
2119 2134 1
2203 2245 1
2131 2414 1
2201 2284 1
2082 2360 1
2113 2318 1
2150 2227 1
2122 2266 1
2212 2241 1
2142 2401 1
2173 2415 1
2134 2254 1
2254 2348 1
2119 2254 1
2104 2284 1
2104 2201 1
2220 2234 1
2081 2249 1
2291 2323 1
2245 2315 1
2203 2315 1
2261 2409 1
2187 2278 1
2155 2200 1
2155 2385 1
2200 2385 1
2290 2311 1
2303 2354 1
2114 2303 1
2257 2289 1
2096 2276 1
2130 2146 1
2240 2293 1
2223 2410 1
2223 2313 1
2144 2375 1
2080 2218 1
2162 2321 1
2303 2335 1
2335 2354 1
2114 2335 1
2230 2354 1
2114 2230 1
2230 2335 1
2230 2303 1
2157 2310 1
2258 2350 1
2260 2269 1
2259 2269 1
2090 2380 1
2210 2335 1
2210 2354 1
2114 2210 1
2210 2230 1
2210 2303 1
2087 2420 1
2252 2409 1
2252 2261 1
2205 2387 1
2135 2304 1
2109 2291 1
2109 2323 1
2068 2141 1
2101 2185 1
2108 2109 1
2108 2323 1
2108 2291 1
2108 2343 1
2323 2343 1
2109 2343 1
2291 2343 1
2098 2322 1
2069 2379 1
2082 2315 1
2315 2360 1
2082 2203 1
2082 2245 1
2167 2179 1
2149 2372 1
2329 2347 1
2205 2369 1
2369 2387 1
2247 2284 1
2104 2247 1
2201 2247 1
2144 2282 1
2282 2375 1
2242 2287 1
2126 2414 1
2126 2131 1
2213 2372 1
2149 2213 1
2084 2393 1
2173 2391 1
2391 2415 1
2141 2406 1
2068 2406 1
2142 2171 1
2171 2401 1
2082 2404 1
2360 2404 1
2315 2404 1
2203 2404 1
2245 2404 1
2122 2241 1
2241 2266 1
2122 2212 1
2183 2383 1
2142 2191 1
2191 2401 1
2171 2191 1
2112 2260 1
2112 2259 1
2112 2269 1
2164 2189 1
2135 2227 1
2227 2304 1
2135 2150 1
2748 2785 1
2438 2770 1
2447 2665 1
2569 2581 1
2567 2653 1
2623 2635 1
2514 2656 1
2527 2733 1
2536 2569 1
2536 2581 1
2453 2635 1
2453 2623 1
2473 2725 1
2549 2798 1
2539 2561 1
2567 2663 1
2653 2663 1
2505 2702 1
2508 2624 1
2526 2589 1
2591 2704 1
2605 2720 1
2517 2745 1
2638 2750 1
2491 2509 1
2665 2794 1
2447 2794 1
2581 2625 1
2536 2625 1
2569 2625 1
2547 2678 1
2599 2625 1
2536 2599 1
2569 2599 1
2581 2599 1
2446 2525 1
2473 2481 1
2481 2725 1
2462 2730 1
2527 2583 1
2583 2733 1
2602 2783 1
2655 2791 1
2539 2743 1
2561 2743 1
2485 2760 1
2563 2735 1
2582 2707 1
2515 2592 1
2608 2760 1
2485 2608 1
2693 2758 1
2438 2651 1
2651 2770 1
2486 2642 1
2624 2798 1
2508 2798 1
2549 2624 1
2506 2764 1
2525 2580 1
2446 2580 1
2475 2751 1
2644 2706 1
2463 2490 1
2494 2687 1
2444 2789 1
2585 2742 1
2662 2747 1
2506 2692 1
2692 2764 1
2613 2765 1
2537 2607 1
2496 2691 1
2730 2765 1
2462 2765 1
2613 2730 1
2654 2798 1
2624 2654 1
2508 2654 1
2549 2654 1
2560 2732 1
2524 2801 1
2540 2601 1
2467 2698 1
2454 2716 1
2611 2708 1
2505 2776 1
2702 2776 1
2632 2774 1
2465 2670 1
2581 2673 1
2536 2673 1
2569 2673 1
2599 2673 1
2625 2673 1
2537 2559 1
2559 2607 1
2520 2768 1
2426 2484 1
2586 2661 1
2482 2620 1
2585 2589 1
2589 2742 1
2526 2585 1
2483 2647 1
2435 2718 1
2753 2773 1
2550 2697 1
2425 2441 1
2663 2704 1
2653 2704 1
2567 2704 1
2591 2663 1
2503 2686 1
2529 2772 1
2488 2548 1
2528 2737 1
2468 2677 1
2466 2681 1
2562 2567 1
2562 2704 1
2562 2653 1
2562 2663 1
2429 2751 1
2429 2475 1
2455 2657 1
2648 2684 1
2425 2576 1
2441 2576 1
2884 3024 1
3032 3210 1
3006 3071 1
2949 3018 1
2948 3117 1
2950 2987 1
2927 3038 1
2866 3229 1
2907 3230 1
2834 3023 1
2973 3052 1
3156 3218 1
2895 3034 1
3075 3152 1
2899 3201 1
2903 3075 1
2903 3152 1
3087 3165 1
2901 3175 1
3070 3139 1
2815 2923 1
2847 3186 1
3056 3116 1
2866 3150 1
3150 3229 1
2830 2886 1
2815 3017 1
2923 3017 1
3017 3099 1
2923 3099 1
2815 3099 1
2931 3169 1
2894 3047 1
2826 3179 1
3013 3201 1
2899 3013 1
2846 2894 1
2846 3047 1
3076 3196 1
2990 3095 1
2930 3038 1
2927 2930 1
2841 3085 1
3001 3086 1
3011 3034 1
2895 3011 1
2818 3216 1
2864 2962 1
2937 2995 1
2845 3040 1
2988 3094 1
3122 3139 1
3070 3122 1
2922 3128 1
2804 2988 1
2804 3094 1
3046 3130 1
2819 3039 1
2893 2924 1
2918 2978 1
2881 3191 1
2942 3126 1
3034 3061 1
3011 3061 1
2895 3061 1
2874 2934 1
3040 3221 1
2845 3221 1
2901 2925 1
2925 3175 1
3169 3182 1
2931 3182 1
3087 3134 1
3134 3165 1
3079 3139 1
3079 3122 1
3070 3079 1
2930 2966 1
2966 3038 1
2927 2966 1
3024 3111 1
2884 3111 1
2853 3148 1
3009 3105 1
2998 3156 1
2998 3218 1
2823 2916 1
2803 3056 1
2803 3116 1
3125 3126 1
2942 3125 1
2863 3148 1
2853 2863 1
3105 3220 1
3009 3220 1
2907 3083 1
3083 3230 1
3120 3219 1
2828 2832 1
3123 3214 1
2854 3088 1
2908 2994 1
2865 2955 1
2830 3083 1
2886 3083 1
2830 2907 1
2830 3230 1
3083 3103 1
2907 3103 1
2886 3103 1
2830 3103 1
3103 3230 1
3019 3046 1
3019 3130 1
2905 3035 1
3042 3066 1
2884 2984 1
2984 3024 1
2984 3111 1
2872 2976 1
2900 3180 1
2828 3159 1
2832 3159 1
2905 3175 1
3035 3175 1
2901 2905 1
2905 2925 1
2831 3124 1
3130 3202 1
3019 3202 1
3046 3202 1
2805 3064 1
3194 3220 1
3105 3194 1
3009 3194 1
3096 3133 1
2868 3180 1
2868 2900 1
3022 3096 1
3022 3133 1
3075 3088 1
3088 3152 1
2903 3088 1
2854 3075 1
2835 2900 1
2835 2868 1
2835 3180 1
3247 3433 1
3543 3564 1
3258 3268 1
3307 3330 1
3440 3466 1
3507 3589 1
3358 3574 1
3398 3569 1
3241 3568 1
3471 3498 1
3395 3546 1
3358 3368 1
3368 3574 1
3234 3306 1
3281 3438 1
3315 3362 1
3453 3534 1
3349 3372 1
3292 3471 1
3292 3498 1
3325 3329 1
3308 3344 1
3471 3516 1
3498 3516 1
3292 3516 1
3379 3400 1
3353 3564 1
3353 3543 1
3408 3542 1
3475 3477 1
3483 3545 1
3298 3571 1
3357 3505 1
3380 3545 1
3380 3483 1
3507 3541 1
3541 3589 1
3436 3484 1
3539 3569 1
3398 3539 1
3390 3507 1
3390 3589 1
3390 3541 1
3248 3536 1
3382 3528 1
3415 3541 1
3415 3507 1
3415 3589 1
3390 3415 1
3311 3465 1
3566 3570 1
3292 3317 1
3317 3498 1
3317 3516 1
3317 3471 1
3408 3465 1
3465 3542 1
3311 3408 1
3497 3576 1
3295 3358 1
3295 3368 1
3295 3574 1
3329 3339 1
3325 3339 1
3506 3575 1
3431 3569 1
3431 3539 1
3398 3431 1
3419 3536 1
3248 3419 1
3335 3342 1
3357 3466 1
3466 3505 1
3357 3440 1
3269 3280 1
3339 3558 1
3329 3558 1
3325 3558 1
3462 3564 1
3353 3462 1
3462 3543 1
3287 3372 1
3287 3349 1
3450 3502 1
3331 3555 1
3348 3555 1
3331 3348 1
3395 3456 1
3456 3546 1
3273 3309 1
3244 3322 1
3388 3566 1
3388 3570 1
3426 3483 1
3426 3545 1
3380 3426 1
3297 3321 1
3336 3359 1
3430 3432 1
3299 3383 1
3247 3470 1
3433 3470 1
3430 3555 1
3432 3555 1
3331 3430 1
3348 3430 1
3483 3531 1
3531 3545 1
3426 3531 1
3380 3531 1
3466 3556 1
3440 3556 1
3505 3556 1
3357 3556 1
3433 3484 1
3470 3484 1
3247 3484 1
3433 3436 1
3307 3568 1
3330 3568 1
3241 3307 1
3320 3439 1
3268 3545 1
3258 3545 1
3268 3426 1
3268 3531 1
3268 3380 1
3268 3483 1
3600 3915 1
3782 3876 1
3608 3717 1
3610 3978 1
3852 3940 1
3620 3639 1
3725 3978 1
3610 3725 1
3655 3861 1
3644 3883 1
3815 3965 1
3760 3961 1
3644 3645 1
3645 3883 1
3833 3885 1
3808 3861 1
3655 3808 1
3627 3644 1
3627 3883 1
3627 3645 1
3622 3634 1
3644 3744 1
3627 3744 1
3744 3883 1
3645 3744 1
3641 3684 1
3665 3935 1
3755 3905 1
3710 3982 1
3608 3767 1
3717 3767 1
3875 3920 1
3955 3982 1
3710 3955 1
3608 3863 1
3717 3863 1
3767 3863 1
3894 3961 1
3760 3894 1
3681 3692 1
3809 3859 1
3646 3917 1
3907 3967 1
3887 3987 1
3889 3939 1
3647 3706 1
3766 3774 1
3947 3990 1
3666 3983 1
3619 3778 1
3646 3802 1
3802 3917 1
3668 3927 1
3621 3845 1
3662 3882 1
3675 3941 1
3692 3780 1
3681 3780 1
3632 3955 1
3632 3710 1
3632 3982 1
3764 3989 1
3896 3970 1
3873 3944 1
3891 3906 1
3852 3928 1
3928 3940 1
3818 3969 1
3792 3877 1
3691 3977 1
3825 3932 1
3650 3800 1
3744 3808 1
3808 3883 1
3627 3808 1
3644 3808 1
3645 3808 1
3655 3744 1
3744 3861 1
3721 3892 1
3716 3732 1
3787 3819 1
3903 3966 1
3672 3859 1
3672 3809 1
3921 3999 1
3837 3928 1
3837 3940 1
3837 3852 1
3657 3761 1
3811 3820 1
3673 3728 1
3633 3670 1
3821 3885 1
3821 3833 1
3724 3843 1
3756 3879 1
3874 3919 1
3764 3842 1
3842 3989 1
3855 3903 1
3855 3966 1
3720 3942 1
3657 3934 1
3761 3934 1
3622 3735 1
3634 3735 1
3603 3831 1
3884 3954 1
3706 3993 1
3647 3993 1
3800 3867 1
3650 3867 1
3990 3995 1
3947 3995 1
3665 3738 1
3738 3935 1
3716 3974 1
3732 3974 1
3649 3668 1
3649 3927 1
3640 3674 1
3960 3968 1
3609 3763 1
3694 3826 1
3659 3907 1
3659 3967 1
3744 3766 1
3766 3808 1
3627 3766 1
3655 3766 1
3766 3883 1
3766 3861 1
3644 3766 1
3645 3766 1
3744 3774 1
3867 3870 1
3800 3870 1
3650 3870 1
73 223 1
36 167 1
200 265 1
129 268 1
6 191 1
25 263 1
31 211 1
96 272 1
140 277 1
131 267 1
102 359 1
193 347 1
16 17 1
13 57 1
182 272 1
96 182 1
87 210 1
90 279 1
229 333 1
104 346 1
45 111 1
223 315 1
73 315 1
6 272 1
191 272 1
6 96 1
6 182 1
24 248 1
32 42 1
87 293 1
210 293 1
76 260 1
69 340 1
125 156 1
6 363 1
272 363 1
96 363 1
182 363 1
191 363 1
151 323 1
11 288 1
72 226 1
198 222 1
213 277 1
140 213 1
76 146 1
146 260 1
147 211 1
31 147 1
58 146 1
58 260 1
58 76 1
35 125 1
35 156 1
238 305 1
220 275 1
63 281 1
163 362 1
53 203 1
261 305 1
238 261 1
15 256 1
40 182 1
40 272 1
40 96 1
40 363 1
6 40 1
212 306 1
119 356 1
85 331 1
157 340 1
69 157 1
180 316 1
108 254 1
81 331 1
81 85 1
252 254 1
108 252 1
109 285 1
51 337 1
64 248 1
24 64 1
174 307 1
91 194 1
39 87 1
39 210 1
39 293 1
171 194 1
91 171 1
4 159 1
28 215 1
236 327 1
10 196 1
4 104 1
104 159 1
4 346 1
1 199 1
115 145 1
276 331 1
81 276 1
85 276 1
53 301 1
203 301 1
39 340 1
210 340 1
293 340 1
87 340 1
39 157 1
39 69 1
87 126 1
126 210 1
126 340 1
126 293 1
39 126 1
48 144 1
184 265 1
184 200 1
79 207 1
40 74 1
74 96 1
6 74 1
74 363 1
74 272 1
74 182 1
1296 2303 1
1308 2303 1
2303 2303 1
1296 2210 1
1296 2114 1
1296 1296 1
1296 2354 1
1296 2230 1
1296 2335 1
9 889 1
889 889 1
9 9 1
337 3643 1
3643 3643 1
51 3643 1
337 337 1
1221 1343 1
1160 1343 1
1145 1343 1
1343 1343 1
1221 1465 1
1221 1539 1
1221 1221 1
1221 1273 1
748 2439 1
626 2439 1
2439 2439 1
748 748 1
1213 2637 1
2637 2637 1
1213 1213 1
2083 2523 1
2523 2523 1
2083 2083 1
786 963 1
506 963 1
963 963 1
786 786 1
2033 3679 1
3679 3679 1
2033 2033 1
1426 1974 1
1974 1974 1
1426 1426 1
1426 1731 1
1426 1668 1
1426 2038 1
751 2674 1
2674 2674 1
751 751 1
1151 3700 1
3700 3700 1
1151 1151 1
2187 3416 1
3416 3416 1
2278 3416 1
2187 2187 1
1059 3829 1
3829 3829 1
1059 1059 1
61 2831 1
2831 2831 1
61 3124 1
61 61 1
285 3598 1
109 3598 1
3598 3598 1
285 285 1
288 3374 1
11 3374 1
3374 3374 1
288 288 1
810 1932 1
1932 1932 1
810 2010 1
810 810 1
1778 3826 1
3826 3826 1
1778 1778 1
1778 3694 1
1980 2355 1
2355 2355 1
1980 1980 1
750 3047 1
3047 3047 1
750 750 1
750 2846 1
750 2894 1
889 2501 1
9 2501 1
2501 2501 1
1650 2100 1
1784 2100 1
1641 2100 1
2100 2100 1
1998 2100 1
1650 1650 1
3397 3698 1
3698 3698 1
3397 3397 1
302 3969 1
3969 3969 1
302 3818 1
302 302 1
2229 2658 1
2658 2658 1
2229 2229 1
37 2913 1
2913 2913 1
37 37 1
2316 2545 1
2545 2545 1
2316 2316 1
842 3759 1
3759 3759 1
842 842 1
2597 3153 1
3153 3153 1
2597 2597 1
25 2937 1
2937 2937 1
263 2937 1
25 25 1
25 2995 1
53 1582 1
203 1582 1
301 1582 1
1582 1582 1
53 53 1
2564 3285 1
3285 3285 1
2564 2564 1
1505 2020 1
2020 2020 1
1300 2020 1
1505 1505 1
2795 3101 1
3101 3101 1
2795 2795 1
283 3011 1
3011 3011 1
283 3034 1
283 283 1
283 3061 1
283 2895 1
2880 3263 1
3263 3263 1
2880 2880 1
2414 2962 1
2962 2962 1
2131 2962 1
2126 2962 1
2414 2864 1
2414 2414 1
109 1608 1
1608 1608 1
285 1608 1
1608 3598 1
109 109 1
2849 3610 1
3610 3610 1
2849 2849 1
2849 3978 1
2849 3725 1
495 3591 1
689 3591 1
698 3591 1
3591 3591 1
407 3591 1
495 495 1
32 811 1
42 811 1
811 811 1
32 776 1
32 32 1
863 1508 1
864 1508 1
1508 1508 1
1021 1508 1
1199 1508 1
863 863 1
1103 3124 1
3124 3124 1
991 3124 1
1103 1103 1
61 1103 1
1103 2831 1
2209 3891 1
3891 3891 1
2209 2209 1
2209 3906 1
1171 3801 1
3801 3801 1
1171 1171 1
118 403 1
403 403 1
118 118 1
201 1886 1
1886 1886 1
201 201 1
201 1661 1
2464 2961 1
2961 2961 1
2464 2464 1
923 1732 1
1732 1732 1
923 923 1
1253 3436 1
3436 3436 1
1253 3433 1
1253 3484 1
1253 1253 1
969 1946 1
1946 1946 1
851 1946 1
884 1946 1
1102 1946 1
969 969 1
2686 3732 1
3732 3732 1
2503 3732 1
2686 3716 1
2686 2686 1
2686 3974 1
1159 3185 1
3185 3185 1
1159 1159 1
480 2660 1
467 2660 1
2660 2660 1
480 480 1
119 3818 1
3818 3818 1
356 3818 1
119 3969 1
119 302 1
119 119 1
2785 3957 1
2748 3957 1
3957 3957 1
2785 2785 1
962 2841 1
2841 2841 1
962 962 1
962 3085 1
183 3568 1
3568 3568 1
183 3241 1
183 3330 1
183 3307 1
183 183 1
318 2542 1
2542 2542 1
318 318 1
2007 3854 1
3854 3854 1
2007 2007 1
1935 3034 1
3034 3034 1
1935 2895 1
1935 3011 1
1935 1935 1
1935 3061 1
283 1935 1
598 3434 1
3434 3434 1
598 598 1
1065 2010 1
2010 2010 1
1065 1065 1
810 1065 1
1065 1932 1
2755 3404 1
3404 3404 1
2755 2755 1
870 1976 1
1976 1976 1
870 870 1
870 1678 1
1007 3366 1
3366 3366 1
1007 1007 1
1823 3915 1
3915 3915 1
1823 3600 1
1823 1823 1
1888 2414 1
1851 2414 1
1888 1888 1
1888 2864 1
1888 2962 1
1888 2131 1
1888 2126 1
690 2766 1
2766 2766 1
690 690 1
813 2697 1
2697 2697 1
532 2697 1
813 813 1
813 2550 1
2016 3823 1
3823 3823 1
2016 2016 1
602 3142 1
3142 3142 1
602 602 1
19 2250 1
2250 2250 1
19 19 1
1779 2539 1
2539 2539 1
1779 2561 1
1779 1779 1
1779 2743 1
1018 2566 1
2566 2566 1
1018 1018 1
946 3131 1
880 3131 1
873 3131 1
1075 3131 1
3131 3131 1
945 3131 1
946 946 1
559 3908 1
3908 3908 1
470 3908 1
559 559 1
539 3529 1
616 3529 1
3529 3529 1
539 539 1
518 2758 1
2758 2758 1
518 2693 1
518 518 1
3330 3742 1
3568 3742 1
3307 3742 1
3742 3742 1
183 3742 1
3330 3330 1
19 1454 1
1454 2250 1
1454 1454 1
240 1492 1
1492 1492 1
240 240 1
240 1630 1
1000 1872 1
1872 1872 1
1000 1000 1
1000 1937 1
1000 2004 1
961 2047 1
2047 2047 1
961 961 1
1598 2919 1
2919 2919 1
1598 1598 1
2083 2704 1
2704 2704 1
2523 2704 1
2083 2562 1
2083 2567 1
2083 2663 1
2083 2653 1
2083 2591 1
186 1211 1
1211 1211 1
186 186 1
31 1045 1
211 1045 1
147 1045 1
1045 1045 1
31 31 1
559 1271 1
1271 1271 1
1271 3908 1
470 1271 1
330 417 1
417 417 1
330 330 1
330 381 1
418 3325 1
3325 3325 1
418 3329 1
418 418 1
418 3339 1
418 3558 1
1642 2968 1
2968 2968 1
1807 2968 1
1642 1642 1
552 2647 1
410 2647 1
382 2647 1
2647 2647 1
552 552 1
552 2483 1
742 3254 1
3254 3254 1
638 3254 1
742 742 1
1629 3123 1
3123 3123 1
1325 3123 1
1629 1629 1
1629 3214 1
181 584 1
584 584 1
181 489 1
181 474 1
181 700 1
181 181 1
2748 2829 1
2785 2829 1
2829 3957 1
2829 2829 1
2748 2748 1
65 1726 1
1726 1726 1
65 65 1
87 3941 1
3941 3941 1
39 3941 1
210 3941 1
340 3941 1
126 3941 1
293 3941 1
87 87 1
87 3675 1
56 1831 1
1831 1831 1
56 56 1
56 1958 1
56 2039 1
783 2605 1
2605 2605 1
783 2720 1
783 783 1
2906 3250 1
3250 3250 1
2906 2906 1
1380 2019 1
1336 2019 1
2019 2019 1
1380 1380 1
579 1262 1
1262 1262 1
579 1248 1
579 579 1
579 1419 1
579 1395 1
579 1238 1
1115 3733 1
3733 3733 1
1115 1115 1
2354 3516 1
2114 3516 1
2210 3516 1
1296 3516 1
2230 3516 1
2303 3516 1
3516 3516 1
2335 3516 1
2354 3498 1
2354 3471 1
2354 2354 1
2354 3317 1
2354 3292 1
692 1729 1
1729 1729 1
692 692 1
599 3993 1
3993 3993 1
599 3706 1
599 599 1
599 3647 1
151 3415 1
323 3415 1
3415 3415 1
151 3589 1
151 3507 1
151 3541 1
151 151 1
151 3390 1
148 877 1
877 877 1
148 148 1
1933 2871 1
2871 2871 1
1933 1933 1
2085 3625 1
3625 3625 1
2085 2085 1
2721 3728 1
3728 3728 1
2721 3673 1
2721 2721 1
470 1688 1
1688 1688 1
1271 1688 1
1688 3908 1
559 1688 1
470 1890 1
470 1967 1
470 470 1
3048 3930 1
3930 3930 1
3048 3048 1
154 3175 1
3175 3175 1
154 2925 1
154 2901 1
154 2905 1
154 154 1
154 3035 1
507 1556 1
368 1556 1
1556 1556 1
507 507 1
1080 3616 1
3616 3616 1
1026 3616 1
1080 1080 1
1182 2332 1
2332 2332 1
1182 1182 1
2782 3500 1
3500 3500 1
2782 2782 1
90 1575 1
1575 1575 1
279 1575 1
90 90 1
815 3688 1
3688 3688 1
815 815 1
14 2659 1
2659 2659 1
14 14 1
619 2314 1
2314 2314 1
619 619 1
1292 3181 1
3181 3181 1
1292 1292 1
7 605 1
605 605 1
7 7 1
528 2284 1
673 2284 1
2284 2284 1
729 2284 1
528 2247 1
528 528 1
528 2104 1
528 2201 1
1763 3285 1
1845 3285 1
1763 1763 1
1763 2564 1
1093 3472 1
3472 3472 1
1093 1093 1
51 3034 1
337 3034 1
3034 3643 1
51 2895 1
51 3011 1
51 1935 1
51 51 1
51 3061 1
51 283 1
2635 3201 1
3201 3201 1
2453 3201 1
2623 3201 1
2635 3013 1
2635 2635 1
2635 2899 1
88 489 1
489 489 1
88 584 1
88 181 1
88 88 1
88 474 1
88 700 1
1131 3409 1
3409 3409 1
1074 3409 1
1053 3409 1
1131 1131 1
2483 3989 1
552 3989 1
3989 3989 1
2647 3989 1
2483 3842 1
2483 2483 1
2483 3764 1
344 1300 1
1300 1300 1
344 344 1
344 1505 1
344 2020 1
1131 2541 1
2541 3409 1
1074 2541 1
1053 2541 1
2541 2541 1
1326 2444 1
2444 2444 1
1615 2444 1
1326 2789 1
1326 1326 1
735 3798 1
3798 3798 1
735 735 1
2968 3890 1
1642 3890 1
3890 3890 1
1807 3890 1
1239 2494 1
2494 2494 1
1239 1239 1
1239 2687 1
421 1419 1
1419 1419 1
421 1248 1
421 579 1
421 421 1
421 1262 1
421 1395 1
421 1238 1
3259 3883 1
3883 3883 1
3259 3744 1
3259 3808 1
3259 3627 1
3259 3766 1
3259 3259 1
3259 3644 1
3259 3645 1
154 1078 1
1078 3175 1
1078 2925 1
1078 2901 1
1078 1078 1
1078 2905 1
1078 3035 1
2 3438 1
3438 3438 1
2 3281 1
2 2 1
1064 2203 1
2203 2203 1
1064 2082 1
1064 2404 1
1064 2245 1
1064 1064 1
1064 2315 1
228 766 1
766 766 1
228 228 1
228 572 1
2666 3329 1
3329 3329 1
418 2666 1
2666 3558 1
2666 2666 1
2666 3339 1
2666 3325 1
246 2531 1
2531 2531 1
246 246 1
516 2281 1
2281 2281 1
516 516 1
1132 2911 1
2911 2911 1
933 2911 1
879 2911 1
1132 1132 1
266 1133 1
1133 1133 1
266 266 1
266 862 1
266 855 1
1966 3576 1
3576 3576 1
1966 3497 1
1966 1966 1
2491 3609 1
3609 3609 1
2509 3609 1
2491 3763 1
2491 2491 1
1788 3652 1
3652 3652 1
1788 1788 1
2139 2865 1
2865 2865 1
2139 2139 1
2139 2955 1
1481 2295 1
1403 2295 1
1510 2295 1
2295 2295 1
1481 1481 1
1222 1824 1
1824 1824 1
1020 1824 1
1222 1222 1
37 2696 1
2696 2696 1
2696 2913 1
1578 2312 1
2312 2312 1
1302 2312 1
1578 1578 1
1819 2223 1
2223 2223 1
1819 2313 1
1819 2410 1
1819 1819 1
2441 3165 1
2576 3165 1
2425 3165 1
3165 3165 1
2441 2441 1
2441 3087 1
2441 3134 1
28 2276 1
2276 2276 1
215 2276 1
28 2096 1
28 28 1
785 1410 1
1410 1410 1
785 785 1
785 1333 1
3135 3534 1
3534 3534 1
3135 3453 1
3135 3135 1
2789 3546 1
3546 3546 1
2444 3546 1
1326 3546 1
2789 3456 1
2789 3395 1
2789 2789 1
682 2673 1
2673 2673 1
682 2625 1
682 2599 1
682 2536 1
682 2569 1
682 682 1
682 2581 1
39 2237 1
293 2237 1
2237 2237 1
210 2237 1
340 2237 1
87 2237 1
2237 3941 1
157 2237 1
126 2237 1
69 2237 1
39 39 1
1782 3072 1
1680 3072 1
3072 3072 1
1782 1782 1
797 3220 1
3220 3220 1
613 3220 1
486 3220 1
797 3105 1
797 3009 1
797 3194 1
797 797 1
3217 3878 1
3878 3878 1
3217 3217 1
1943 2711 1
1714 2711 1
2711 2711 1
1943 1943 1
1293 3774 1
3774 3774 1
1293 3744 1
1293 1293 1
1293 3766 1
1456 3465 1
3465 3465 1
1603 3465 1
1456 1456 1
1456 3311 1
1456 3408 1
1456 3542 1
313 419 1
419 419 1
313 680 1
313 313 1
2771 2864 1
2864 2864 1
1888 2771 1
2771 2962 1
2771 2771 1
2414 2771 1
1042 1788 1
1042 1042 1
1042 3652 1
1175 1944 1
1944 1944 1
1175 1175 1
3313 3646 1
3646 3646 1
3313 3313 1
3313 3802 1
3313 3917 1
888 2503 1
2503 2503 1
888 888 1
888 3732 1
888 2686 1
2888 3387 1
3387 3387 1
2888 2888 1
249 3419 1
3419 3419 1
249 3536 1
249 3248 1
249 249 1
3374 3787 1
288 3787 1
3787 3787 1
11 3787 1
3374 3819 1
906 3185 1
906 906 1
906 1159 1
913 3297 1
3297 3297 1
913 3321 1
913 913 1
184 3785 1
200 3785 1
265 3785 1
3785 3785 1
184 184 1
1283 2363 1
2363 2363 1
1283 1283 1
2076 2671 1
2671 2671 1
2076 2076 1
822 1292 1
822 3181 1
822 822 1
812 2288 1
2288 2288 1
812 812 1
2047 3939 1
961 3939 1
3939 3939 1
2047 3889 1
275 1078 1
220 1078 1
275 3175 1
275 2925 1
275 275 1
275 2901 1
275 2905 1
154 275 1
275 3035 1
1933 2712 1
2712 2712 1
2712 2871 1
1256 3160 1
3160 3160 1
1463 3160 1
1256 1256 1
3293 3651 1
3651 3651 1
3293 3293 1
1341 2698 1
1264 2698 1
2698 2698 1
1389 2698 1
1341 2467 1
1341 1341 1
160 1628 1
1628 1628 1
160 160 1
262 3066 1
3066 3066 1
262 3042 1
262 262 1
1107 3308 1
3308 3308 1
1107 3344 1
1107 1107 1
908 3467 1
3467 3467 1
908 908 1
2340 3106 1
3106 3106 1
2340 2340 1
968 2029 1
1200 2029 1
2029 2029 1
968 968 1
968 1939 1
215 1530 1
1530 2276 1
1530 1530 1
28 1530 1
215 1488 1
215 215 1
1308 3562 1
1296 3562 1
3562 3562 1
2303 3562 1
1308 1308 1
719 3663 1
744 3663 1
618 3663 1
3663 3663 1
784 3663 1
668 3663 1
541 3663 1
719 719 1
2475 3224 1
3224 3224 1
2429 3224 1
2751 3224 1
2475 2475 1
341 2168 1
2168 2168 1
341 341 1
106 3291 1
3291 3291 1
106 106 1
255 3538 1
3538 3538 1
255 255 1
2957 3574 1
3574 3574 1
2957 3368 1
2957 2957 1
2957 3358 1
2957 3295 1
614 2915 1
2915 2915 1
614 614 1
1442 3202 1
3202 3202 1
1442 3130 1
1442 3019 1
1442 1442 1
1442 3046 1
838 3903 1
978 3903 1
3903 3903 1
838 838 1
838 3966 1
838 3855 1
1369 3514 1
3514 3514 1
1369 1369 1
25 2221 1
2221 2937 1
2221 2995 1
2221 2221 1
263 2221 1
1482 2938 1
2938 2938 1
1482 1482 1
1022 3673 1
3673 3673 1
1022 3728 1
1022 2721 1
1022 1022 1
2280 3834 1
3834 3834 1
2280 2280 1
3085 3522 1
2841 3522 1
962 3522 1
3522 3522 1
3085 3085 1
873 3078 1
3078 3078 1
880 3078 1
945 3078 1
946 3078 1
1075 3078 1
3078 3131 1
873 873 1
556 2943 1
2943 2943 1
556 556 1
1120 1569 1
1569 1569 1
1120 1120 1
1120 1621 1
73 2851 1
2851 2851 1
315 2851 1
223 2851 1
73 73 1
938 3104 1
3104 3104 1
1203 3104 1
941 3104 1
938 938 1
2679 3267 1
3267 3267 1
2679 2679 1
695 2431 1
529 2431 1
707 2431 1
405 2431 1
2431 2431 1
695 695 1
90 2344 1
2344 2344 1
1575 2344 1
279 2344 1
332 2783 1
2783 2783 1
332 2602 1
332 332 1
573 3724 1
3724 3724 1
573 3843 1
573 573 1
1394 3672 1
3672 3672 1
1394 3809 1
1394 1394 1
1394 3859 1
2623 3468 1
3201 3468 1
2635 3468 1
3468 3468 1
2453 3468 1
2623 2623 1
109 3349 1
1608 3349 1
3349 3349 1
285 3349 1
3349 3598 1
109 3372 1
109 3287 1
1531 2314 1
619 1531 1
1531 1531 1
1456 2725 1
2725 3408 1
1603 2725 1
2725 2725 1
2725 3465 1
2725 3311 1
2725 3542 1
1456 2473 1
1456 2481 1
1551 2037 1
2037 2037 1
1551 1551 1
566 1222 1
566 1824 1
566 1020 1
566 566 1
1737 2292 1
2292 2292 1
1737 1737 1
2104 2643 1
528 2643 1
2201 2643 1
2643 2643 1
2284 2643 1
2247 2643 1
2104 2104 1
1177 3088 1
3088 3088 1
1177 3075 1
1177 2854 1
1177 3152 1
1177 2903 1
1177 1177 1
1470 3149 1
3149 3149 1
1470 1470 1
358 637 1
637 637 1
358 358 1
821 3167 1
3167 3167 1
821 821 1
2210 2949 1
2114 2949 1
2949 2949 1
1296 2949 1
2354 2949 1
2230 2949 1
2335 2949 1
2949 3516 1
2303 2949 1
2210 3018 1
2210 2210 1
1156 1921 1
1921 1921 1
1156 1156 1
2300 3816 1
3816 3816 1
2300 2300 1
1357 2234 1
1376 2234 1
1315 2234 1
1387 2234 1
1489 2234 1
1398 2234 1
2234 2234 1
1357 2220 1
1357 1357 1
47 1511 1
1511 1511 1
47 47 1
490 3891 1
490 2209 1
490 3906 1
490 490 1
1304 3278 1
3278 3278 1
1304 1304 1
1375 3962 1
3962 3962 1
1375 1375 1
368 3325 1
507 3325 1
1556 3325 1
368 3329 1
368 418 1
368 3558 1
368 2666 1
368 3339 1
368 368 1
3122 3618 1
3618 3618 1
3139 3618 1
3070 3618 1
3079 3618 1
3122 3122 1
3344 3955 1
3955 3955 1
1107 3955 1
3308 3955 1
3344 3344 1
3344 3982 1
3344 3632 1
3344 3710 1
1421 3053 1
3053 3053 1
1502 3053 1
1421 1421 1
1012 2029 1
1003 2029 1
968 1012 1
1012 1200 1
1012 1939 1
1012 1012 1
327 2207 1
236 2207 1
2207 2207 1
327 327 1
1828 3432 1
3432 3432 1
1828 3555 1
1828 1828 1
1828 3430 1
34 1022 1
34 3728 1
34 3673 1
34 34 1
34 2721 1
2225 3359 1
3359 3359 1
2225 3336 1
2225 2225 1
664 3766 1
3766 3766 1
664 3744 1
664 3808 1
664 3883 1
664 3655 1
664 3627 1
664 1293 1
664 3861 1
664 664 1
664 3259 1
664 3644 1
664 3645 1
664 3774 1
1786 2475 1
1868 2475 1
1786 3224 1
1786 1786 1
1786 2429 1
1786 2751 1
115 3893 1
145 3893 1
3893 3893 1
115 115 1
635 2007 1
635 635 1
635 3854 1
1172 3156 1
3156 3156 1
1172 3218 1
1172 1172 1
1172 2998 1
218 3033 1
3033 3033 1
218 218 1
2742 3819 1
2585 3819 1
3819 3819 1
2589 3819 1
2742 3787 1
2742 3374 1
2742 2742 1
688 2667 -1
1963 3629 -1
1944 2390 -1
2035 2610 -1
1657 3704 -1
1090 2302 -1
1411 2099 -1
818 954 -1
1275 2669 -1
1584 2669 -1
1332 2669 -1
1509 2669 -1
1914 2978 -1
1914 2918 -1
2663 2823 -1
2704 2823 -1
2562 2823 -1
2591 2823 -1
2653 2823 -1
2567 2823 -1
2663 2916 -1
355 2284 -1
355 2104 -1
355 2201 -1
355 2247 -1
48 2182 -1
144 2182 -1
1648 2355 -1
152 1232 -1
152 849 -1
2132 3078 -1
1986 3321 -1
1986 3297 -1
713 3614 -1
264 1769 -1
15 3184 -1
256 3184 -1
1134 2752 -1
840 2752 -1
1170 2752 -1
2932 3486 -1
1772 3014 -1
1646 3014 -1
1903 3014 -1
1065 2019 -1
2174 2945 -1
3305 3861 -1
3305 3808 -1
3305 3744 -1
3305 3766 -1
3305 3655 -1
1251 2224 -1
745 1500 -1
1357 1641 -1
1376 1641 -1
1489 1641 -1
1387 1641 -1
1398 1641 -1
1315 1641 -1
1357 1784 -1
1357 1650 -1
1357 1998 -1
1891 2879 -1
2555 3640 -1
2555 3674 -1
18 2525 -1
18 2580 -1
18 2446 -1
416 1713 -1
1578 2976 -1
1302 2976 -1
1578 2872 -1
510 2071 -1
798 2071 -1
1796 3646 -1
1796 3802 -1
1796 3917 -1
1955 3319 -1
1928 3319 -1
1467 3266 -1
1449 3266 -1
1242 3266 -1
1478 3266 -1
1415 3266 -1
1535 3223 -1
1667 2449 -1
1699 2449 -1
1742 2449 -1
2040 2609 -1
1097 2522 -1
904 2522 -1
384 2033 -1
1212 2302 -1
2310 3498 -1
2157 3498 -1
2310 3516 -1
2310 3292 -1
2310 3317 -1
2310 3471 -1
1801 3205 -1
275 3052 -1
220 3052 -1
275 2973 -1
1784 2909 -1
1641 2909 -1
1650 2909 -1
1998 2909 -1
545 1843 -1
497 1843 -1
431 1843 -1
567 1843 -1
270 456 -1
270 817 -1
873 2665 -1
880 2665 -1
945 2665 -1
946 2665 -1
1075 2665 -1
873 2794 -1
873 2447 -1
876 3888 -1
1092 2732 -1
1164 2732 -1
1092 2560 -1
1657 3568 -1
1657 3241 -1
1657 3330 -1
1657 3307 -1
1191 2133 -1
169 419 -1
169 680 -1
1700 3472 -1
1682 3472 -1
1898 3472 -1
702 3437 -1
610 3437 -1
389 3437 -1
806 3437 -1
1111 2517 -1
1225 2517 -1
1111 2745 -1
381 1608 -1
417 1608 -1
3583 3972 -1
2785 3961 -1
2748 3961 -1
2785 3760 -1
2785 3894 -1
477 3813 -1
1148 2043 -1
401 1175 -1
740 1759 -1
2271 2586 -1
2271 2661 -1
1214 2402 -1
952 2402 -1
1703 3266 -1
1804 3266 -1
2718 3824 -1
2435 3824 -1
2705 3143 -1
273 1863 -1
1559 3140 -1
2707 3624 -1
2582 3624 -1
1177 3287 -1
1177 3372 -1
1177 3349 -1
3531 3817 -1
3268 3817 -1
3545 3817 -1
3426 3817 -1
3483 3817 -1
3380 3817 -1
183 3512 -1
890 2669 -1
1032 2669 -1
936 2669 -1
1162 2669 -1
897 2669 -1
1887 2109 -1
1920 2109 -1
1887 2323 -1
1887 2291 -1
1887 2108 -1
1887 2343 -1
2119 3723 -1
2348 3723 -1
2254 3723 -1
2134 3723 -1
1009 2943 -1
1687 2324 -1
1728 2324 -1
1951 2324 -1
809 2020 -1
819 2020 -1
630 2020 -1
623 2020 -1
2467 2957 -1
2698 2957 -1
1712 2740 -1
711 1953 -1
947 3606 -1
114 3348 -1
114 3331 -1
114 3555 -1
114 3430 -1
336 1284 -1
1184 3035 -1
1184 2905 -1
1184 3175 -1
494 2774 -1
494 2632 -1
2046 2860 -1
1646 3861 -1
1772 3861 -1
1903 3861 -1
1646 3808 -1
1646 3744 -1
1646 3766 -1
1646 3655 -1
268 1837 -1
129 1837 -1
2029 3261 -1
1939 3261 -1
824 1464 -1
824 1384 -1
26 2805 -1
26 3064 -1
218 3274 -1
582 1771 -1
526 1671 -1
530 1671 -1
524 1671 -1
2007 2477 -1
1039 2613 -1
1039 2730 -1
1039 2765 -1
1020 3267 -1
1222 3267 -1
428 1418 -1
814 1418 -1
1314 2184 -1
2058 3116 -1
2058 3056 -1
2058 2803 -1
159 1950 -1
104 1950 -1
4 1950 -1
605 3360 -1
2249 3618 -1
2081 3618 -1
1236 3818 -1
1235 3818 -1
1188 3818 -1
1236 3969 -1
1179 1317 -1
1148 1439 -1
1967 3436 -1
1688 3436 -1
1890 3436 -1
1967 3433 -1
1967 3484 -1
3546 3876 -1
3456 3876 -1
3395 3876 -1
3546 3782 -1
1445 2745 -1
1445 2517 -1
788 1354 -1
929 3968 -1
1010 3968 -1
959 3968 -1
929 3960 -1
319 1307 -1
319 1564 -1
254 1387 -1
252 1387 -1
108 1387 -1
254 1376 -1
254 1489 -1
254 1315 -1
254 1357 -1
254 1398 -1
893 2165 -1
275 1368 -1
220 1368 -1
275 1474 -1
1740 2132 -1
1826 2132 -1
1739 2132 -1
1351 3197 -1
600 2287 -1
600 2242 -1
479 1799 -1
380 3066 -1
380 3042 -1
125 1339 -1
35 1339 -1
156 1339 -1
125 1240 -1
125 1402 -1
456 3412 -1
817 3412 -1
1650 2867 -1
1784 2867 -1
1641 2867 -1
1998 2867 -1
854 2249 -1
1146 2249 -1
854 2081 -1
39 2983 -1
293 2983 -1
210 2983 -1
340 2983 -1
87 2983 -1
157 2983 -1
126 2983 -1
69 2983 -1
1781 3320 -1
1781 3439 -1
2621 3464 -1
2823 3800 -1
2916 3800 -1
2823 3650 -1
2823 3867 -1
2823 3870 -1
911 2636 -1
992 3712 -1
2320 3383 -1
2320 3299 -1
688 3534 -1
688 3453 -1
502 2702 -1
502 2776 -1
502 2505 -1
1240 3145 -1
1402 3145 -1
1339 3145 -1
690 3975 -1
211 2810 -1
147 2810 -1
31 2810 -1
465 1428 -1
129 1581 -1
268 1581 -1
404 2837 -1
667 2837 -1
782 2837 -1
743 2837 -1
771 2167 -1
771 2179 -1
1027 3383 -1
1027 3299 -1
2988 3343 -1
2804 3343 -1
3094 3343 -1
848 1438 -1
498 1341 -1
498 1264 -1
498 1389 -1
2448 3308 -1
2448 3344 -1
2642 2934 -1
2486 2934 -1
2642 2874 -1
1579 2953 -1
682 1839 -1
87 3981 -1
210 3981 -1
340 3981 -1
293 3981 -1
126 3981 -1
39 3981 -1
725 2899 -1
725 3201 -1
725 3013 -1
148 2758 -1
148 2693 -1
1202 2827 -1
2621 3086 -1
2621 3001 -1
1193 3712 -1
874 3484 -1
874 3433 -1
874 3436 -1
874 3470 -1
874 3247 -1
1653 3630 -1
1722 3630 -1
360 423 -1
1278 2305 -1
1486 2305 -1
1905 2152 -1
731 1653 -1
424 1653 -1
684 1653 -1
731 1722 -1
329 2901 -1
329 2905 -1
329 2925 -1
329 3175 -1
165 1598 -1
3492 3638 -1
1531 3764 -1
1531 3842 -1
1531 3989 -1
77 1254 -1
809 2389 -1
819 2389 -1
630 2389 -1
623 2389 -1
25 2824 -1
263 2824 -1
454 2150 -1
454 2227 -1
454 2135 -1
810 3200 -1
1577 2425 -1
1506 2425 -1
1577 2576 -1
1577 2441 -1
395 1629 -1
395 1325 -1
298 2039 -1
298 1958 -1
298 1831 -1
777 3820 -1
777 3811 -1
28 1771 -1
215 1771 -1
2155 3193 -1
2200 3193 -1
2385 3193 -1
1262 2915 -1
1248 2915 -1
1395 2915 -1
1419 2915 -1
1238 2915 -1
1337 2798 -1
1337 2624 -1
1337 2508 -1
1337 2549 -1
1337 2654 -1
2446 3288 -1
2580 3288 -1
2525 3288 -1
2318 3127 -1
2113 3127 -1
1391 3097 -1
389 2205 -1
610 2205 -1
806 2205 -1
702 2205 -1
389 2369 -1
389 2387 -1
911 3805 -1
2825 3883 -1
2825 3744 -1
2825 3808 -1
2825 3627 -1
2825 3766 -1
2825 3644 -1
2825 3645 -1
3333 3901 -1
1514 2587 -1
1538 2587 -1
1600 1909 -1
1600 1875 -1
1123 3755 -1
1144 3755 -1
1100 3755 -1
1037 3755 -1
1123 3905 -1
1525 3775 -1
1190 2994 -1
1190 2908 -1
1601 2858 -1
1995 2357 -1
3240 3946 -1
2123 3780 -1
2123 3681 -1
2123 3692 -1
2927 3710 -1
2930 3710 -1
2966 3710 -1
3038 3710 -1
2927 3632 -1
2927 3955 -1
2927 3982 -1
779 3154 -1
461 952 -1
461 1214 -1
735 1380 -1
735 1336 -1
991 2293 -1
1103 2293 -1
991 2240 -1
241 3906 -1
241 3891 -1
2586 3333 -1
2661 3333 -1
2093 3000 -1
3534 3653 -1
3453 3653 -1
2001 2321 -1
2001 2162 -1
2828 3348 -1
2832 3348 -1
3159 3348 -1
2828 3331 -1
2828 3555 -1
2828 3430 -1
1374 3111 -1
1374 3024 -1
1374 2984 -1
1374 2884 -1
231 375 -1
377 3822 -1
686 3822 -1
787 3502 -1
787 3450 -1
2469 3039 -1
2469 2819 -1
1622 2129 -1
688 3709 -1
1508 3735 -1
1508 3634 -1
1508 3622 -1
2522 3400 -1
2522 3379 -1
2847 3889 -1
3186 3889 -1
2847 3939 -1
184 1128 -1
200 1128 -1
265 1128 -1
188 553 -1
908 1909 -1
908 1875 -1
753 2260 -1
753 2112 -1
753 2259 -1
753 2269 -1
304 916 -1
267 2214 -1
131 2214 -1
3111 3369 -1
3024 3369 -1
2984 3369 -1
2884 3369 -1
1457 2737 -1
1457 2528 -1
1979 2622 -1
1794 2622 -1
2059 2622 -1
1991 2622 -1
986 2582 -1
986 2707 -1
237 1516 -1
77 3821 -1
77 3833 -1
77 3885 -1
1209 2617 -1
1013 2617 -1
4 2556 -1
104 2556 -1
346 2556 -1
159 2556 -1
514 2115 -1
439 3424 -1
522 1065 -1
673 3069 -1
528 3069 -1
729 3069 -1
1533 3985 -1
3323 3681 -1
3323 3780 -1
3323 3692 -1
1340 2331 -1
855 1376 -1
1133 1376 -1
862 1376 -1
855 1315 -1
855 1387 -1
855 1357 -1
855 1489 -1
855 1398 -1
855 1370 -1
1128 3475 -1
1128 3477 -1
2226 3066 -1
2226 3042 -1
496 1805 -1
1684 3145 -1
2198 2907 -1
2198 3083 -1
2198 2830 -1
2198 3230 -1
2198 3103 -1
1996 3431 -1
1777 3431 -1
1996 3569 -1
1996 3539 -1
1996 3398 -1
386 2102 -1
2640 2803 -1
2640 3056 -1
2640 3116 -1
1710 2827 -1
1760 2827 -1
1666 2827 -1
729 2310 -1
528 2310 -1
673 2310 -1
729 2157 -1
416 2757 -1
2243 2632 -1
2243 2774 -1
1534 1934 -1
1534 1643 -1
1534 1965 -1
1534 1806 -1
706 2019 -1
249 1054 -1
249 988 -1
1384 3149 -1
1464 3149 -1
1301 3858 -1
949 3744 -1
1210 3744 -1
949 3808 -1
949 3627 -1
949 3655 -1
949 3883 -1
949 3861 -1
949 3766 -1
949 3644 -1
949 3645 -1
949 3774 -1
1491 3950 -1
2087 2723 -1
2420 2723 -1
2268 2627 -1
3052 3659 -1
2973 3659 -1
3052 3907 -1
3052 3967 -1
776 3395 -1
811 3395 -1
776 3456 -1
776 3546 -1
21 2123 -1
442 1411 -1
1232 3568 -1
849 3568 -1
1232 3241 -1
1232 3330 -1
1232 3307 -1
572 2291 -1
766 2291 -1
572 2323 -1
572 2108 -1
572 2109 -1
572 2343 -1
2262 2967 -1
116 1819 -1
2414 2812 -1
2131 2812 -1
2126 2812 -1
598 3475 -1
598 3477 -1
485 3400 -1
485 3379 -1
1816 2593 -1
1707 2593 -1
1999 2593 -1
2791 3141 -1
2655 3141 -1
1950 2717 -1
129 3609 -1
268 3609 -1
129 3763 -1
683 2623 -1
683 2635 -1
683 2453 -1
2975 3588 -1
1025 3219 -1
1025 3120 -1
1530 3385 -1
1488 3385 -1
2014 3397 -1
241 527 -1
597 3970 -1
591 3970 -1
597 3896 -1
674 900 -1
589 900 -1
235 2209 -1
1617 3667 -1
1503 3667 -1
1997 2662 -1
1997 2747 -1
3162 3318 -1
473 3154 -1
170 3213 -1
35 2276 -1
156 2276 -1
125 2276 -1
35 2096 -1
1535 1920 -1
1535 1887 -1
1444 1762 -1
1957 3863 -1
1957 3608 -1
1957 3717 -1
1957 3767 -1
1614 3813 -1
2983 3761 -1
2983 3657 -1
2983 3934 -1
1471 2316 -1
263 1700 -1
25 1700 -1
263 1682 -1
263 1898 -1
1824 3143 -1
2863 3506 -1
3148 3506 -1
2853 3506 -1
2863 3575 -1
1576 2919 -1
2353 2870 -1
2984 3921 -1
3024 3921 -1
2884 3921 -1
3111 3921 -1
2984 3999 -1
2504 3313 -1
116 1276 -1
1478 1876 -1
1449 1876 -1
1467 1876 -1
1415 1876 -1
416 2369 -1
416 2387 -1
416 2205 -1
19 1489 -1
19 1376 -1
19 1315 -1
19 1387 -1
19 1357 -1
19 1398 -1
19 1370 -1
1798 2407 -1
2326 2804 -1
2326 2988 -1
2326 3094 -1
342 2664 -1
1105 1247 -1
2387 3302 -1
2369 3302 -1
2205 3302 -1
282 3962 -1
2366 3076 -1
2366 3196 -1
557 2017 -1
3057 3257 -1
2596 2883 -1
978 1630 -1
838 1630 -1
978 1492 -1
2323 3431 -1
2291 3431 -1
2108 3431 -1
2109 3431 -1
2343 3431 -1
2323 3569 -1
2323 3539 -1
2323 3398 -1
2129 3947 -1
2129 3995 -1
2129 3990 -1
1919 3646 -1
1919 3802 -1
1919 3917 -1
1828 3148 -1
1828 2853 -1
1828 2863 -1
1497 2431 -1
1591 2431 -1
1400 3261 -1
1386 3261 -1
1462 3261 -1
518 3317 -1
518 3516 -1
518 3498 -1
518 3292 -1
518 3471 -1
750 1257 -1
812 1177 -1
2451 3961 -1
2451 3760 -1
2451 3894 -1
175 775 -1
175 564 -1
175 525 -1
213 879 -1
140 879 -1
277 879 -1
213 1132 -1
213 933 -1
83 547 -1
83 429 -1
83 773 -1
83 455 -1
439 820 -1
439 1218 -1
439 1035 -1
439 1230 -1
935 3388 -1
1098 3388 -1
1116 3388 -1
935 3570 -1
935 3566 -1
86 3775 -1
366 3353 -1
366 3564 -1
366 3462 -1
366 3543 -1
1396 3230 -1
1396 3083 -1
1396 2907 -1
1396 2830 -1
1396 3103 -1
433 2469 -1
684 3570 -1
424 3570 -1
792 3570 -1
731 3570 -1
684 3388 -1
684 3566 -1
759 1137 -1
1937 2789 -1
1872 2789 -1
2004 2789 -1
1937 2444 -1
1261 1871 -1
1339 3389 -1
1240 3389 -1
1402 3389 -1
1129 2671 -1
690 2287 -1
690 2242 -1
2071 3675 -1
2071 3941 -1
1509 3740 -1
1584 3740 -1
1275 3740 -1
1332 3740 -1
1575 2694 -1
952 2340 -1
1214 2340 -1
2318 3454 -1
2113 3454 -1
999 3478 -1
1096 2433 -1
864 2433 -1
965 2433 -1
1021 2433 -1
1097 2151 -1
904 2151 -1
2981 3551 -1
1805 3237 -1
1907 2940 -1
1673 2940 -1
431 1534 -1
497 1534 -1
545 1534 -1
567 1534 -1
823 2013 -1
823 1984 -1
823 1756 -1
823 1829 -1
1315 3882 -1
1376 3882 -1
1489 3882 -1
1387 3882 -1
1357 3882 -1
1398 3882 -1
1315 3662 -1
2791 3279 -1
2655 3279 -1
337 1789 -1
51 1789 -1
1601 2162 -1
1601 2321 -1
282 2731 -1
2036 2852 -1
907 3506 -1
907 3575 -1
826 1542 -1
826 1413 -1
826 1286 -1
113 1427 -1
1269 3434 -1
1524 3463 -1
1404 3463 -1
1457 2710 -1
1954 3506 -1
1954 3575 -1
2023 3548 -1
1852 3548 -1
2886 3505 -1
3083 3505 -1
2830 3505 -1
3103 3505 -1
2886 3466 -1
2886 3556 -1
2886 3357 -1
60 797 -1
60 613 -1
60 486 -1
2020 3276 -1
715 2202 -1
248 1997 -1
24 1997 -1
64 1997 -1
1952 3187 -1
160 2813 -1
595 3792 -1
595 3877 -1
170 2053 -1
794 2007 -1
504 3069 -1
117 3954 -1
117 3884 -1
833 1490 -1
502 3055 -1
1939 3284 -1
2029 3284 -1
276 3218 -1
81 3218 -1
331 3218 -1
85 3218 -1
276 3156 -1
276 2998 -1
2617 3436 -1
2617 3433 -1
2617 3484 -1
841 3332 -1
1223 3332 -1
1204 1886 -1
1204 1661 -1
895 3139 -1
895 3122 -1
895 3070 -1
895 3079 -1
745 3032 -1
745 3210 -1
222 2702 -1
198 2702 -1
222 2776 -1
222 2505 -1
620 3896 -1
620 3970 -1
776 3030 -1
811 3030 -1
317 1791 -1
209 2043 -1
2861 3764 -1
2861 3842 -1
2861 3989 -1
1768 3066 -1
1975 3066 -1
1768 3042 -1
845 3069 -1
1229 3069 -1
2269 2472 -1
2112 2472 -1
2259 2472 -1
2260 2472 -1
2749 3963 -1
2543 3130 -1
2543 3202 -1
2543 3019 -1
2543 3046 -1
130 704 -1
130 471 -1
1510 2314 -1
1481 2314 -1
1403 2314 -1
374 3019 -1
374 3130 -1
374 3202 -1
374 3046 -1
124 3937 -1
1851 3358 -1
1888 3358 -1
1851 3368 -1
1851 3574 -1
1851 3295 -1
1195 3174 -1
1104 3174 -1
1163 3174 -1
1231 3174 -1
2320 3235 -1
282 1506 -1
282 1577 -1
2440 2816 -1
2007 2559 -1
2007 2537 -1
2007 2607 -1
569 3207 -1
481 3207 -1
204 1133 -1
204 862 -1
204 855 -1
1213 3471 -1
1213 3516 -1
1213 3498 -1
1213 3292 -1
1213 3317 -1
1055 3783 -1
511 3358 -1
484 3358 -1
511 3368 -1
511 3574 -1
511 3295 -1
235 3566 -1
235 3570 -1
235 3388 -1
2812 3919 -1
2812 3874 -1
2214 3148 -1
2214 2853 -1
2214 2863 -1
2206 2824 -1
2521 3726 -1
2008 3533 -1
1422 2385 -1
1441 2385 -1
1359 2385 -1
1422 2200 -1
1422 2155 -1
1030 2752 -1
679 3325 -1
679 3329 -1
679 3339 -1
679 3558 -1
343 1698 -1
343 1676 -1
926 3503 -1
919 2648 -1
919 2684 -1
3314 3866 -1
375 1338 -1
51 1852 -1
337 1852 -1
51 2023 -1
1194 2221 -1
96 737 -1
6 737 -1
40 737 -1
74 737 -1
363 737 -1
272 737 -1
182 737 -1
1372 3340 -1
1843 2115 -1
1423 2086 -1
2696 3871 -1
616 3658 -1
539 3658 -1
971 2706 -1
1023 2706 -1
971 2644 -1
841 3681 -1
1223 3681 -1
841 3780 -1
841 3692 -1
1330 2102 -1
2481 3497 -1
2473 3497 -1
2725 3497 -1
2481 3576 -1
653 1075 -1
653 880 -1
653 873 -1
653 946 -1
653 945 -1
1276 1950 -1
1152 2247 -1
1073 2247 -1
871 2247 -1
1152 2104 -1
1152 2201 -1
1152 2284 -1
108 1311 -1
252 1311 -1
254 1311 -1
868 3518 -1
3250 3697 -1
1502 2306 -1
1421 2306 -1
136 2288 -1
2002 2753 -1
2002 2773 -1
44 3224 -1
1504 2470 -1
633 3969 -1
633 3818 -1
213 3127 -1
140 3127 -1
277 3127 -1
2064 3320 -1
2064 3439 -1
840 3121 -1
1170 3121 -1
1134 3121 -1
670 1836 -1
2927 3838 -1
2930 3838 -1
2966 3838 -1
3038 3838 -1
1541 2584 -1
1426 3846 -1
2239 3048 -1
761 2410 -1
761 2313 -1
761 2223 -1
782 2712 -1
667 2712 -1
404 2712 -1
743 2712 -1
1783 3808 -1
1783 3744 -1
1783 3883 -1
1783 3655 -1
1783 3627 -1
1783 3861 -1
1783 3766 -1
1783 3644 -1
1783 3645 -1
1364 2380 -1
1364 2090 -1
1313 2147 -1
1420 2147 -1
1580 2147 -1
1342 2147 -1
1874 3422 -1
2288 2936 -1
2424 3752 -1
527 3290 -1
898 1737 -1
497 1406 -1
545 1406 -1
567 1406 -1
431 1406 -1
854 3292 -1
1146 3292 -1
854 3498 -1
854 3516 -1
854 3317 -1
854 3471 -1
1553 2431 -1
1135 1849 -1
1135 1867 -1
2608 3446 -1
2760 3446 -1
2485 3446 -1
2288 2932 -1
735 2845 -1
735 3040 -1
735 3221 -1
220 1534 -1
275 1534 -1
2440 3226 -1
2181 3775 -1
1195 2843 -1
1104 2843 -1
1163 2843 -1
1231 2843 -1
492 2695 -1
1963 3984 -1
1263 2026 -1
1626 2026 -1
257 3904 -1
2068 2719 -1
2141 2719 -1
2406 2719 -1
2609 3034 -1
2609 3011 -1
2609 3061 -1
2609 2895 -1
195 3682 -1
1033 1398 -1
1033 1376 -1
1033 1489 -1
1033 1387 -1
1033 1357 -1
1033 1315 -1
1563 3018 -1
1563 2949 -1
3141 3772 -1
180 1293 -1
316 1293 -1
1940 2409 -1
1940 2252 -1
1940 2261 -1
1764 3459 -1
1440 1835 -1
1008 3064 -1
1008 2805 -1
2847 3499 -1
3186 3499 -1
1775 3406 -1
784 3008 -1
744 3008 -1
618 3008 -1
668 3008 -1
541 3008 -1
719 3008 -1
363 3966 -1
96 3966 -1
6 3966 -1
40 3966 -1
74 3966 -1
272 3966 -1
182 3966 -1
191 3966 -1
363 3855 -1
363 3903 -1
2178 3350 -1
1547 3501 -1
2033 3535 -1
1430 1943 -1
1430 1714 -1
1109 3110 -1
1118 1898 -1
1118 1682 -1
1118 1700 -1
1158 2177 -1
311 938 -1
311 1203 -1
311 941 -1
0 2316 -1
958 1761 -1
107 1953 -1
1898 2943 -1
1682 2943 -1
1700 2943 -1
2608 3048 -1
2760 3048 -1
2485 3048 -1
2801 3686 -1
2524 3686 -1
1939 3513 -1
2029 3513 -1
2423 3475 -1
2423 3477 -1
1390 3094 -1
1390 2804 -1
1390 2988 -1
1239 3939 -1
1239 3889 -1
402 2700 -1
481 1178 -1
569 1178 -1
3052 3875 -1
2973 3875 -1
3052 3920 -1
475 1069 -1
2342 3133 -1
2342 3096 -1
2342 3022 -1
197 1723 -1
197 1755 -1
1355 2193 -1
423 2948 -1
423 3117 -1
2918 3847 -1
2978 3847 -1
1795 2149 -1
1795 2372 -1
1795 2213 -1
118 1382 -1
118 1353 -1
432 863 -1
432 864 -1
432 1021 -1
432 1199 -1
1558 2733 -1
1558 2583 -1
1558 2527 -1
101 1668 -1
101 2038 -1
101 1731 -1
101 1701 -1
101 1846 -1
101 1974 -1
455 1589 -1
547 1589 -1
773 1589 -1
1659 3425 -1
2376 3250 -1
540 2522 -1
747 2522 -1
511 3454 -1
484 3454 -1
1272 2292 -1
249 2608 -1
249 2760 -1
249 2485 -1
1329 3710 -1
1329 3632 -1
1329 3955 -1
1329 3982 -1
1820 3014 -1
87 1124 -1
210 1124 -1
340 1124 -1
293 1124 -1
126 1124 -1
39 1124 -1
327 2594 -1
236 2594 -1
1188 2945 -1
1235 2945 -1
1236 2945 -1
1057 1311 -1
967 1311 -1
1347 2074 -1
586 3947 -1
586 3995 -1
586 3990 -1
1437 2079 -1
1841 3300 -1
851 3659 -1
969 3659 -1
1102 3659 -1
851 3907 -1
851 3967 -1
189 1861 -1
2471 3900 -1
535 1506 -1
392 1506 -1
535 1577 -1
749 1037 -1
749 1144 -1
749 1123 -1
749 1100 -1
2587 3372 -1
2587 3349 -1
2587 3287 -1
1232 1428 -1
849 1428 -1
186 2670 -1
186 2465 -1
2371 2605 -1
2371 2720 -1
1710 1725 -1
1725 1760 -1
1666 1725 -1
3293 3317 -1
3293 3516 -1
3293 3498 -1
3292 3293 -1
3293 3471 -1
3116 3140 -1
3056 3140 -1
2803 3140 -1
605 796 -1
51 320 -1
320 337 -1
320 3643 -1
266 283 -1
266 2895 -1
266 3011 -1
266 1935 -1
266 3061 -1
266 3034 -1
1294 1594 -1
1289 1594 -1
2970 3106 -1
2250 2299 -1
19 2299 -1
1454 2299 -1
2237 2283 -1
1828 1931 -1
394 741 -1
581 741 -1
526 557 -1
530 557 -1
524 557 -1
1018 1030 -1
1030 2566 -1
2445 2703 -1
1661 1665 -1
201 1665 -1
1665 1886 -1
1661 1925 -1
610 672 -1
672 806 -1
672 702 -1
389 672 -1
953 990 -1
1590 1593 -1
1555 1590 -1
