371 746 1
370 524 1
549 619 1
655 769 1
703 771 1
459 461 1
503 662 1
733 756 1
419 737 1
496 714 1
440 705 1
557 620 1
422 588 1
539 818 1
419 600 1
600 737 1
458 684 1
667 803 1
548 713 1
620 742 1
557 742 1
385 791 1
522 752 1
685 797 1
446 694 1
484 617 1
369 561 1
465 766 1
636 692 1
450 649 1
491 534 1
511 681 1
532 626 1
548 654 1
654 713 1
731 794 1
397 491 1
397 534 1
766 807 1
465 807 1
732 764 1
380 509 1
716 751 1
581 647 1
559 607 1
391 574 1
379 490 1
615 679 1
504 737 1
504 600 1
419 504 1
599 645 1
526 764 1
526 732 1
694 759 1
446 759 1
456 670 1
477 540 1
491 766 1
397 766 1
534 766 1
465 491 1
491 807 1
589 759 1
446 589 1
589 694 1
429 669 1
749 778 1
457 616 1
446 459 1
459 589 1
459 694 1
459 759 1
446 461 1
430 475 1
371 668 1
668 746 1
368 756 1
368 733 1
496 616 1
616 714 1
457 496 1
668 698 1
698 746 1
371 698 1
393 454 1
409 627 1
394 687 1
421 423 1
575 656 1
655 752 1
752 769 1
522 655 1
494 616 1
494 496 1
457 494 1
494 714 1
435 754 1
405 801 1
434 511 1
434 681 1
678 753 1
515 609 1
389 668 1
389 746 1
371 389 1
389 698 1
461 709 1
459 709 1
446 709 1
379 424 1
424 490 1
601 745 1
594 703 1
594 771 1
374 625 1
474 646 1
457 520 1
520 616 1
496 520 1
494 520 1
440 647 1
647 705 1
440 581 1
504 807 1
600 807 1
737 807 1
419 807 1
491 504 1
465 504 1
504 766 1
534 790 1
491 790 1
397 790 1
766 790 1
618 678 1
618 753 1
604 636 1
604 692 1
708 749 1
708 778 1
491 782 1
782 790 1
782 807 1
397 782 1
465 782 1
534 782 1
504 782 1
766 782 1
450 502 1
502 649 1
496 517 1
517 616 1
457 517 1
517 714 1
494 517 1
517 520 1
413 637 1
403 767 1
436 664 1
518 661 1
486 815 1
375 398 1
474 521 1
521 646 1
418 532 1
418 626 1
467 486 1
467 815 1
404 587 1
422 587 1
587 588 1
404 422 1
687 721 1
394 721 1
499 754 1
435 499 1
730 750 1
521 641 1
474 641 1
641 646 1
742 794 1
620 794 1
557 794 1
731 742 1
426 628 1
639 650 1
451 569 1
584 802 1
524 615 1
370 615 1
524 679 1
460 726 1
366 789 1
488 747 1
538 561 1
369 538 1
493 777 1
392 647 1
392 440 1
392 705 1
392 581 1
373 427 1
464 779 1
485 728 1
590 753 1
590 618 1
590 678 1
392 767 1
440 767 1
705 767 1
581 767 1
647 767 1
392 403 1
390 576 1
669 672 1
429 672 1
424 518 1
490 518 1
379 518 1
424 661 1
566 755 1
449 606 1
579 583 1
495 588 1
495 587 1
422 495 1
380 529 1
509 529 1
384 594 1
384 771 1
384 703 1
805 805 1
535 675 1
635 729 1
580 605 1
559 690 1
607 690 1
393 464 1
454 464 1
393 779 1
429 675 1
672 675 1
669 675 1
429 535 1
403 797 1
392 797 1
767 797 1
403 685 1
417 625 1
374 417 1
578 612 1
665 803 1
665 667 1
755 763 1
566 763 1
599 722 1
645 722 1
396 504 1
396 737 1
396 419 1
396 807 1
396 491 1
396 782 1
396 465 1
396 600 1
396 766 1
481 781 1
616 715 1
517 715 1
520 715 1
457 715 1
714 715 1
494 715 1
496 715 1
701 759 1
459 701 1
446 701 1
694 701 1
589 701 1
519 641 1
519 521 1
474 519 1
519 646 1
635 780 1
729 780 1
575 706 1
656 706 1
446 659 1
659 709 1
459 659 1
461 659 1
589 659 1
659 694 1
659 759 1
659 701 1
503 791 1
662 791 1
385 503 1
369 553 1
553 561 1
538 553 1
488 666 1
666 747 1
490 550 1
424 550 1
379 550 1
518 550 1
462 721 1
394 462 1
462 687 1
518 687 1
550 687 1
424 687 1
490 687 1
661 687 1
379 687 1
394 518 1
462 518 1
518 721 1
586 638 1
706 735 1
656 735 1
575 735 1
506 511 1
506 681 1
434 506 1
622 733 1
368 622 1
622 756 1
519 719 1
641 719 1
474 719 1
646 719 1
521 719 1
373 407 1
407 427 1
421 769 1
423 769 1
421 752 1
421 655 1
510 573 1
429 550 1
550 672 1
550 675 1
550 669 1
535 550 1
429 518 1
424 429 1
429 490 1
429 687 1
379 429 1
470 796 1
459 665 1
665 709 1
461 665 1
589 665 1
659 665 1
665 694 1
665 759 1
665 701 1
446 665 1
459 803 1
459 667 1
374 635 1
625 635 1
417 635 1
374 729 1
374 780 1
738 811 1
624 745 1
601 624 1
383 640 1
766 773 1
773 790 1
773 807 1
491 773 1
396 773 1
397 773 1
773 782 1
465 773 1
534 773 1
504 773 1
424 592 1
518 592 1
550 592 1
490 592 1
429 592 1
592 687 1
592 661 1
379 592 1
608 734 1
534 735 1
735 773 1
491 735 1
397 735 1
735 782 1
735 790 1
735 766 1
534 706 1
534 656 1
534 575 1
381 744 1
529 587 1
380 587 1
509 587 1
422 529 1
529 588 1
495 529 1
404 529 1
551 560 1
594 807 1
384 807 1
771 807 1
703 807 1
594 737 1
419 594 1
594 773 1
594 600 1
491 594 1
396 594 1
594 782 1
465 594 1
504 594 1
594 766 1
398 615 1
375 615 1
370 398 1
398 524 1
398 679 1
578 640 1
612 640 1
383 578 1
367 788 1
751 768 1
716 768 1
569 792 1
451 792 1
590 674 1
674 753 1
618 674 1
674 678 1
521 581 1
581 641 1
581 646 1
519 581 1
581 719 1
474 581 1
521 647 1
392 521 1
440 521 1
521 767 1
368 463 1
463 756 1
463 733 1
463 622 1
848 1071 1
1123 1204 1
938 1126 1
913 980 1
847 1197 1
1142 1217 1
1135 1217 1
1135 1142 1
910 1193 1
991 992 1
839 1184 1
1143 1181 1
932 1218 1
871 1025 1
1067 1166 1
879 1010 1
974 1232 1
899 1151 1
1103 1200 1
840 1109 1
939 1204 1
939 1123 1
863 1158 1
1021 1031 1
1145 1152 1
1056 1100 1
1068 1172 1
845 1020 1
1054 1104 1
876 1160 1
886 988 1
1186 1220 1
849 974 1
849 1232 1
1108 1211 1
1052 1159 1
923 979 1
854 937 1
833 840 1
833 1109 1
974 1141 1
1141 1232 1
849 1141 1
933 1018 1
842 1042 1
936 1163 1
998 1152 1
998 1145 1
885 1164 1
839 1205 1
1184 1205 1
915 1026 1
1140 1187 1
828 918 1
945 965 1
924 964 1
989 1004 1
1047 1076 1
955 978 1
837 964 1
837 924 1
993 1003 1
834 882 1
855 879 1
855 1010 1
915 1092 1
1026 1092 1
941 1183 1
1078 1117 1
938 1068 1
1068 1126 1
938 1172 1
1063 1213 1
876 1149 1
1149 1160 1
826 921 1
985 991 1
985 992 1
898 1221 1
854 965 1
937 965 1
854 945 1
905 1179 1
830 1069 1
1163 1212 1
936 1212 1
998 1002 1
1002 1152 1
1002 1145 1
931 1081 1
1064 1131 1
965 1228 1
945 1228 1
854 1228 1
937 1228 1
835 1087 1
936 1153 1
1153 1163 1
1153 1212 1
1058 1203 1
956 1183 1
941 956 1
855 1198 1
1010 1198 1
879 1198 1
945 1209 1
1209 1228 1
965 1209 1
854 1209 1
906 923 1
906 979 1
1095 1097 1
1041 1102 1
1009 1023 1
919 1198 1
919 1010 1
879 919 1
855 919 1
1164 1234 1
885 1234 1
850 1211 1
850 1108 1
1034 1138 1
856 966 1
881 982 1
838 1087 1
835 838 1
878 1012 1
840 1156 1
833 1156 1
1109 1156 1
1210 1212 1
936 1210 1
1153 1210 1
1163 1210 1
864 1209 1
864 945 1
864 1228 1
864 965 1
854 864 1
996 1052 1
996 1159 1
928 1200 1
928 1103 1
865 959 1
1089 1229 1
1001 1203 1
1001 1058 1
949 1042 1
842 949 1
822 1018 1
822 933 1
836 1104 1
836 1054 1
887 1117 1
887 1078 1
964 1050 1
924 1050 1
837 1050 1
1031 1213 1
1021 1213 1
1031 1063 1
961 1003 1
961 993 1
1113 1204 1
1113 1123 1
939 1113 1
1012 1210 1
878 1210 1
1012 1153 1
936 1012 1
1012 1163 1
1012 1212 1
1005 1036 1
868 1130 1
1002 1212 1
1152 1212 1
1145 1212 1
998 1212 1
1002 1153 1
936 1002 1
1002 1163 1
1002 1012 1
1002 1210 1
929 1045 1
1105 1131 1
1064 1105 1
851 933 1
851 1018 1
822 851 1
898 1046 1
1046 1221 1
958 1020 1
845 958 1
835 995 1
838 995 1
995 1087 1
1051 1233 1
1069 1125 1
830 1125 1
923 1145 1
906 1145 1
979 1145 1
923 1152 1
923 998 1
923 1002 1
923 1212 1
1094 1221 1
898 1094 1
1046 1094 1
879 1129 1
1010 1129 1
919 1129 1
1129 1198 1
855 1129 1
956 1114 1
941 1114 1
1114 1183 1
872 980 1
872 913 1
996 1211 1
1052 1211 1
1159 1211 1
850 996 1
996 1108 1
1080 1202 1
1078 1203 1
1117 1203 1
887 1203 1
1001 1078 1
1058 1078 1
948 1072 1
1013 1108 1
850 1013 1
1013 1211 1
996 1013 1
859 999 1
1026 1036 1
915 1036 1
1036 1092 1
1005 1026 1
1004 1171 1
989 1171 1
1052 1122 1
1122 1211 1
996 1122 1
1122 1159 1
915 1232 1
1036 1232 1
1026 1232 1
1092 1232 1
915 974 1
849 915 1
915 1141 1
1053 1113 1
1053 1123 1
1053 1204 1
939 1053 1
1203 1207 1
1058 1207 1
1001 1207 1
887 1207 1
1078 1207 1
1117 1207 1
1080 1119 1
1119 1202 1
942 1144 1
825 1217 1
825 1142 1
825 1135 1
888 1141 1
888 1232 1
849 888 1
888 915 1
888 974 1
1072 1156 1
948 1156 1
840 1072 1
833 1072 1
1072 1109 1
905 1152 1
1152 1179 1
905 998 1
905 1002 1
905 1145 1
905 923 1
905 1212 1
821 971 1
830 1198 1
1069 1198 1
1125 1198 1
830 1129 1
830 855 1
830 879 1
830 1010 1
830 919 1
876 1141 1
1141 1160 1
1141 1149 1
876 974 1
876 1232 1
849 876 1
876 915 1
876 888 1
1186 1211 1
1211 1220 1
1122 1186 1
996 1186 1
1159 1186 1
850 1186 1
1108 1186 1
1013 1186 1
1052 1186 1
837 890 1
890 924 1
890 1050 1
890 964 1
823 1011 1
856 1122 1
966 1122 1
856 1186 1
856 996 1
856 1159 1
856 1211 1
856 1052 1
1039 1212 1
1039 1152 1
1039 1153 1
998 1039 1
936 1039 1
905 1039 1
1002 1039 1
1039 1163 1
1012 1039 1
1039 1145 1
1039 1210 1
923 1039 1
996 1007 1
1007 1122 1
1007 1159 1
1007 1186 1
850 1007 1
1007 1108 1
1007 1013 1
856 1007 1
1007 1211 1
1007 1052 1
1132 1159 1
1122 1132 1
996 1132 1
1132 1186 1
1007 1132 1
856 1132 1
1132 1211 1
1052 1132 1
884 978 1
884 955 1
1023 1156 1
1009 1156 1
833 1023 1
840 1023 1
1023 1072 1
948 1023 1
1023 1109 1
883 997 1
838 1060 1
835 1060 1
995 1060 1
1060 1087 1
853 966 1
853 856 1
853 1122 1
1008 1034 1
1008 1138 1
951 990 1
863 1038 1
1038 1158 1
1160 1184 1
876 1184 1
1149 1184 1
1141 1184 1
839 1160 1
1160 1205 1
981 1178 1
1038 1233 1
1158 1233 1
863 1233 1
1038 1051 1
946 1092 1
946 1232 1
946 1026 1
915 946 1
946 1036 1
1213 1218 1
1031 1218 1
1021 1218 1
1063 1218 1
932 1213 1
961 1201 1
993 1201 1
1003 1201 1
1070 1084 1
850 1086 1
1086 1186 1
996 1086 1
1007 1086 1
1086 1108 1
1013 1086 1
1086 1211 1
914 1010 1
914 1129 1
914 919 1
914 1198 1
879 914 1
855 914 1
830 914 1
904 1215 1
1539 1579 1
1509 1566 1
1422 1488 1
1255 1532 1
1325 1393 1
1470 1610 1
1258 1470 1
1258 1610 1
1273 1496 1
1408 1546 1
1416 1562 1
1371 1562 1
1371 1416 1
1385 1589 1
1329 1383 1
1326 1400 1
1269 1516 1
1460 1599 1
1305 1366 1
1327 1384 1
1360 1421 1
1243 1433 1
1301 1358 1
1249 1512 1
1257 1373 1
1399 1609 1
1445 1471 1
1313 1336 1
1519 1609 1
1399 1519 1
1355 1623 1
1248 1395 1
1271 1278 1
1403 1455 1
1465 1488 1
1422 1465 1
1365 1600 1
1280 1575 1
1535 1571 1
1423 1602 1
1287 1550 1
1359 1601 1
1331 1403 1
1331 1455 1
1302 1451 1
1494 1579 1
1494 1539 1
1464 1478 1
1305 1598 1
1366 1598 1
1429 1612 1
1440 1628 1
1242 1442 1
1416 1419 1
1419 1562 1
1371 1419 1
1328 1517 1
1250 1350 1
1328 1331 1
1331 1517 1
1328 1403 1
1328 1455 1
1451 1587 1
1302 1587 1
1500 1547 1
1469 1547 1
1469 1500 1
1407 1513 1
1279 1419 1
1279 1416 1
1279 1562 1
1279 1371 1
1419 1632 1
1416 1632 1
1562 1632 1
1371 1632 1
1279 1632 1
1310 1361 1
1340 1345 1
1286 1600 1
1286 1365 1
1286 1481 1
1481 1600 1
1365 1481 1
1344 1366 1
1305 1344 1
1344 1598 1
1590 1626 1
1581 1597 1
1279 1410 1
1410 1632 1
1410 1416 1
1410 1419 1
1410 1562 1
1371 1410 1
1255 1520 1
1520 1532 1
1242 1625 1
1442 1625 1
1237 1566 1
1237 1509 1
1435 1490 1
1284 1382 1
1253 1593 1
1335 1445 1
1335 1471 1
1298 1601 1
1298 1359 1
1256 1625 1
1242 1256 1
1256 1442 1
1451 1594 1
1587 1594 1
1302 1594 1
1348 1573 1
1280 1365 1
1365 1575 1
1280 1600 1
1280 1481 1
1280 1286 1
1266 1386 1
1396 1626 1
1396 1590 1
1366 1506 1
1344 1506 1
1305 1506 1
1506 1598 1
1266 1563 1
1386 1563 1
1250 1500 1
1350 1500 1
1250 1547 1
1250 1469 1
1520 1629 1
1532 1629 1
1255 1629 1
1365 1569 1
1569 1600 1
1286 1569 1
1569 1575 1
1481 1569 1
1280 1569 1
1249 1284 1
1284 1512 1
1249 1382 1
1347 1406 1
1384 1485 1
1327 1485 1
1499 1578 1
1433 1464 1
1243 1464 1
1433 1478 1
1280 1416 1
1416 1600 1
1416 1569 1
1286 1416 1
1416 1575 1
1416 1481 1
1365 1416 1
1280 1632 1
1280 1410 1
1280 1419 1
1280 1562 1
1280 1371 1
1279 1280 1
1571 1594 1
1535 1594 1
1571 1587 1
1451 1571 1
1302 1571 1
1401 1548 1
1444 1537 1
1345 1598 1
1340 1598 1
1344 1345 1
1345 1506 1
1345 1366 1
1305 1345 1
1452 1594 1
1452 1571 1
1451 1452 1
1452 1587 1
1302 1452 1
1452 1535 1
1418 1539 1
1418 1579 1
1418 1494 1
1413 1484 1
1488 1557 1
1465 1557 1
1422 1557 1
1421 1513 1
1360 1513 1
1407 1421 1
1255 1293 1
1293 1520 1
1293 1532 1
1293 1629 1
1334 1372 1
1347 1555 1
1406 1555 1
1240 1355 1
1240 1623 1
1368 1597 1
1368 1581 1
1251 1632 1
1251 1280 1
1251 1410 1
1251 1416 1
1251 1419 1
1251 1562 1
1251 1371 1
1251 1279 1
1281 1620 1
1317 1601 1
1298 1317 1
1317 1359 1
1263 1522 1
1356 1391 1
1297 1392 1
1256 1521 1
1521 1625 1
1242 1521 1
1442 1521 1
1373 1520 1
1257 1520 1
1255 1373 1
1293 1373 1
1373 1629 1
1373 1532 1
1454 1538 1
1238 1408 1
1238 1546 1
1329 1363 1
1363 1383 1
1258 1517 1
1517 1610 1
1470 1517 1
1258 1328 1
1258 1331 1
1377 1574 1
1366 1470 1
1344 1470 1
1345 1470 1
1470 1506 1
1470 1598 1
1305 1470 1
1366 1610 1
1366 1517 1
1258 1366 1
1579 1582 1
1418 1582 1
1539 1582 1
1494 1582 1
1395 1575 1
1248 1575 1
1280 1395 1
1395 1569 1
1395 1416 1
1365 1395 1
1250 1402 1
1402 1547 1
1402 1500 1
1402 1469 1
1350 1402 1
1409 1574 1
1377 1409 1
1477 1568 1
1376 1458 1
1400 1576 1
1326 1576 1
1472 1501 1
1537 1579 1
1444 1579 1
1537 1539 1
1418 1537 1
1537 1582 1
1494 1537 1
1391 1560 1
1356 1560 1
1518 1555 1
1347 1518 1
1406 1518 1
1331 1580 1
1258 1580 1
1517 1580 1
1455 1580 1
1328 1580 1
1403 1580 1
1287 1300 1
1300 1550 1
1408 1509 1
1509 1546 1
1238 1509 1
1237 1408 1
1408 1566 1
1346 1512 1
1249 1346 1
1284 1346 1
1301 1542 1
1358 1542 1
1316 1425 1
1377 1631 1
1409 1631 1
1574 1631 1
1465 1603 1
1488 1603 1
1557 1603 1
1422 1603 1
1259 1470 1
1259 1344 1
1259 1345 1
1259 1506 1
1259 1610 1
1259 1517 1
1259 1366 1
1259 1305 1
1258 1259 1
1259 1598 1
1402 1634 1
1350 1634 1
1547 1634 1
1250 1634 1
1500 1634 1
1469 1634 1
1439 1568 1
1439 1477 1
1555 1611 1
1347 1611 1
1518 1611 1
1406 1611 1
1394 1526 1
1332 1451 1
1332 1571 1
1332 1452 1
1332 1587 1
1302 1332 1
1332 1594 1
1316 1346 1
1346 1425 1
1316 1512 1
1249 1316 1
1284 1316 1
1307 1468 1
1259 1631 1
1344 1631 1
1345 1631 1
1506 1631 1
1610 1631 1
1517 1631 1
1598 1631 1
1366 1631 1
1305 1631 1
1258 1631 1
1470 1631 1
1259 1377 1
1259 1574 1
1259 1409 1
1412 1605 1
1454 1591 1
1538 1591 1
1272 1365 1
1272 1600 1
1272 1569 1
1272 1286 1
1272 1575 1
1272 1416 1
1272 1481 1
1272 1280 1
1272 1395 1
1395 1423 1
1248 1423 1
1280 1423 1
1423 1569 1
1416 1423 1
1423 1575 1
1365 1423 1
1272 1423 1
1395 1602 1
1347 1450 1
1450 1611 1
1450 1555 1
1450 1518 1
1406 1450 1
1274 1338 1
1297 1486 1
1392 1486 1
1251 1556 1
1556 1632 1
1280 1556 1
1410 1556 1
1416 1556 1
1419 1556 1
1556 1562 1
1371 1556 1
1279 1556 1
1320 1397 1
1372 1600 1
1334 1600 1
1280 1372 1
1372 1569 1
1286 1372 1
1372 1416 1
1372 1481 1
1365 1372 1
1272 1372 1
1698 1962 1
1685 1998 1
1832 1899 1
1698 1885 1
1885 1962 1
1775 1802 1
1639 1805 1
1698 1856 1
1856 1962 1
1856 1885 1
1800 1838 1
1935 2039 1
1835 1976 1
1707 1842 1
1702 1866 1
1837 1941 1
2052 2057 1
1662 1874 1
1961 1988 1
1946 2062 1
1662 1873 1
1873 1874 1
1870 2001 1
1856 2013 1
1698 2013 1
1962 2013 1
1885 2013 1
1936 2064 1
1784 1860 1
2010 2036 1
1787 2041 1
1726 1967 1
1690 1829 1
1921 1987 1
1847 1914 1
1709 2038 1
1947 2063 1
1844 1909 1
1843 1852 1
1778 1943 1
1664 1672 1
1757 1925 1
1783 1827 1
1767 1846 1
1646 1816 1
2013 2015 1
1856 2015 1
1698 2015 1
1962 2015 1
1885 2015 1
1783 1935 1
1827 1935 1
1783 2039 1
1748 1849 1
1807 1823 1
1954 1959 1
1862 1868 1
1870 1922 1
1922 2001 1
1842 1900 1
1707 1900 1
1652 1659 1
1797 1880 1
1754 1896 1
1657 1792 1
1697 2046 1
1785 1956 1
1658 1874 1
1658 1873 1
1658 1662 1
1758 1808 1
1929 1988 1
1929 1961 1
1717 2005 1
1851 1938 1
1735 2064 1
1735 1936 1
1793 1954 1
1793 1959 1
1767 1977 1
1846 1977 1
2035 2057 1
2035 2052 1
1712 2030 1
1936 2042 1
2042 2064 1
1735 2042 1
1767 2052 1
1977 2052 1
1846 2052 1
1767 2057 1
1767 2035 1
1908 2044 1
1961 1986 1
1929 1986 1
1986 1988 1
1828 1828 1
1650 1956 1
1650 1785 1
1833 1982 1
1657 1790 1
1790 1792 1
1694 1709 1
1694 2038 1
1774 1863 1
1772 1798 1
1666 2023 1
1659 1776 1
1652 1776 1
1735 2012 1
2012 2064 1
1936 2012 1
2012 2042 1
1981 2044 1
1908 1981 1
1698 1951 1
1856 1951 1
1951 1962 1
1951 2013 1
1885 1951 1
1951 2015 1
1708 1975 1
1671 1900 1
1671 1842 1
1671 1707 1
1722 1722 1
1661 1911 1
1813 2028 1
1673 1793 1
1673 1954 1
1673 1959 1
1765 1795 1
1902 1976 1
1835 1902 1
1860 1987 1
1784 1987 1
1860 1921 1
1639 1738 1
1738 1805 1
1921 1967 1
1967 1987 1
1860 1967 1
1726 1921 1
1770 1968 1
1637 1939 1
2040 2062 1
1946 2040 1
1867 1939 1
1637 1867 1
1977 2000 1
2000 2052 1
1846 2000 1
1767 2000 1
1736 1837 1
1736 1941 1
1799 1844 1
1799 1909 1
1861 1869 1
1669 1915 1
1697 2014 1
2014 2046 1
1698 1779 1
1779 1856 1
1779 1962 1
1779 2013 1
1779 1951 1
1779 1885 1
1779 2015 1
1649 1918 1
1967 1983 1
1921 1983 1
1983 1987 1
1860 1983 1
1726 1983 1
1868 1957 1
1862 1957 1
1811 1912 1
1785 1841 1
1650 1841 1
1841 1956 1
1792 1986 1
1657 1986 1
1790 1986 1
1792 1988 1
1792 1961 1
1792 1929 1
1791 1843 1
1791 1852 1
2005 2029 1
1717 2029 1
1766 2059 1
1664 1913 1
1672 1913 1
1821 2040 1
1821 1946 1
1821 2062 1
1879 2057 1
1879 2035 1
1879 2052 1
1767 1879 1
1990 2031 1
1865 1923 1
1831 2012 1
1831 2064 1
1831 1936 1
1831 2042 1
1735 1831 1
1826 1944 1
1754 1794 1
1794 1896 1
1744 1926 1
1740 1780 1
1788 2030 1
1712 1788 1
1753 1996 1
1691 1812 1
1892 1932 1
1783 2001 1
1827 2001 1
2001 2039 1
1935 2001 1
1783 1922 1
1783 1870 1
1666 1831 1
1831 2023 1
1666 1936 1
1666 1735 1
1666 2064 1
1666 2042 1
1666 2012 1
1825 2047 1
1792 1858 1
1858 1986 1
1858 1988 1
1858 1929 1
1858 1961 1
1657 1858 1
1790 1858 1
1800 1963 1
1838 1963 1
1694 1931 1
1709 1931 1
1931 2038 1
1709 1966 1
1931 1966 1
1694 1966 1
1966 2038 1
1721 2014 1
1697 1721 1
1721 2046 1
1662 1715 1
1715 1873 1
1715 1874 1
1658 1715 1
1688 1801 1
1839 1985 1
1712 2055 1
1788 2055 1
2030 2055 1
1636 1739 1
1710 2056 1
1714 1743 1
1810 1899 1
1810 1832 1
1715 1820 1
1820 1873 1
1820 1874 1
1658 1820 1
1662 1820 1
1804 1832 1
1804 1810 1
1804 1899 1
1702 2041 1
1866 2041 1
1702 1787 1
1791 1964 1
1843 1964 1
1852 1964 1
1841 1930 1
1785 1930 1
1650 1930 1
1930 1956 1
1913 2025 1
1664 2025 1
1672 2025 1
1743 1866 1
1714 1866 1
1743 2041 1
1702 1743 1
1683 1944 1
1683 1826 1
1656 2035 1
1656 2057 1
1656 1879 1
1656 2052 1
1656 1767 1
1720 1880 1
1720 1797 1
1847 1998 1
1914 1998 1
1685 1847 1
1685 1924 1
1924 1998 1
1847 1924 1
1823 2053 1
1807 2053 1
1777 1854 1
1964 2053 1
1843 2053 1
1852 2053 1
1791 2053 1
1807 1964 1
1823 1964 1
1781 1896 1
1754 1781 1
1781 1794 1
1919 1955 1
1692 1977 1
1692 2000 1
1692 2052 1
1692 1846 1
1692 1767 1
1828 1839 1
1828 1985 1
1697 1822 1
1721 1822 1
1822 2014 1
1822 2046 1
1789 1864 1
1825 1839 1
1839 2047 1
1825 1985 1
1825 1828 1
1840 2014 1
1697 1840 1
1822 1840 1
1840 2046 1
1721 1840 1
1787 1854 1
1854 2041 1
1702 1854 1
1777 1787 1
1743 1889 1
1889 2041 1
1714 1889 1
1866 1889 1
1702 1889 1
1691 2022 1
1812 2022 1
1644 1818 1
1781 1858 1
1858 1896 1
1754 1858 1
1794 1858 1
1781 1792 1
1781 1986 1
1781 1988 1
1781 1929 1
1781 1961 1
1657 1781 1
1781 1790 1
1903 1954 1
1673 1903 1
1793 1903 1
1903 1959 1
1729 1765 1
1729 1795 1
1684 2030 1
1684 1712 1
1684 1788 1
1684 2055 1
1676 1797 1
1676 1880 1
1676 1720 1
1918 2022 1
1649 2022 1
1691 1918 1
1812 1918 1
1734 2031 1
1734 1990 1
1749 1754 1
1749 1896 1
1749 1794 1
1749 1858 1
1749 1781 1
1751 1978 1
1709 1905 1
1905 1931 1
1694 1905 1
1905 2038 1
1905 1966 1
1775 1835 1
1802 1835 1
1775 1976 1
1775 1902 1
1732 1959 1
1732 1793 1
1732 1954 1
1732 1903 1
1673 1732 1
1712 1987 1
1684 1987 1
1788 1987 1
1987 2030 1
1987 2055 1
1712 1921 1
1712 1860 1
1712 1967 1
1712 1784 1
1712 1983 1
1759 1929 1
1759 1792 1
1759 1986 1
1759 1988 1
1759 1961 1
1759 1858 1
1759 1781 1
1992 2005 1
1717 1992 1
1992 2029 1
1667 1843 1
1667 1964 1
1667 1852 1
1667 2053 1
1667 1791 1
1663 1899 1
1663 1832 1
1663 1810 1
1663 1804 1
1656 1940 1
1940 2052 1
1767 1940 1
1940 2057 1
1940 2035 1
1879 1940 1
2143 2275 1
2156 2304 1
2299 2367 1
2198 2276 1
2171 2235 1
2100 2188 1
2254 2374 1
2219 2225 1
2200 2357 1
2180 2219 1
2180 2225 1
2086 2187 1
2282 2340 1
2079 2351 1
2164 2391 1
2132 2149 1
2097 2203 1
2295 2315 1
2134 2139 1
2091 2321 1
2076 2298 1
2223 2373 1
2170 2375 1
2217 2369 1
2265 2422 1
2067 2112 1
2278 2346 1
2136 2357 1
2136 2200 1
2271 2299 1
2271 2367 1
2174 2280 1
2258 2420 1
2361 2374 1
2254 2361 1
2081 2123 1
2088 2375 1
2088 2170 1
2358 2382 1
2326 2329 1
2101 2277 1
2177 2319 1
2115 2342 1
2121 2122 1
2236 2318 1
2160 2298 1
2076 2160 1
2110 2271 1
2110 2299 1
2110 2367 1
2233 2279 1
2325 2389 1
2090 2197 1
2183 2331 1
2206 2253 1
2126 2408 1
2126 2227 1
2227 2408 1
2309 2315 1
2295 2309 1
2241 2389 1
2241 2325 1
2314 2415 1
2220 2341 1
2268 2281 1
2198 2309 1
2276 2309 1
2198 2315 1
2198 2295 1
2142 2229 1
2096 2134 1
2096 2139 1
2096 2271 1
2139 2271 1
2134 2271 1
2096 2299 1
2096 2110 1
2096 2367 1
2250 2265 1
2250 2422 1
2238 2421 1
2119 2418 1
2088 2153 1
2153 2170 1
2153 2375 1
2093 2241 1
2093 2389 1
2093 2325 1
2100 2316 1
2188 2316 1
2345 2371 1
2325 2413 1
2241 2413 1
2389 2413 1
2093 2413 1
2157 2272 1
2139 2410 1
2096 2410 1
2134 2410 1
2271 2410 1
2100 2403 1
2316 2403 1
2188 2403 1
2278 2308 1
2308 2346 1
2273 2318 1
2236 2273 1
2266 2342 1
2115 2266 1
2229 2385 1
2142 2385 1
2120 2251 1
2070 2284 1
2310 2348 1
2140 2384 1
2307 2406 1
2194 2354 1
2139 2325 1
2096 2325 1
2325 2410 1
2134 2325 1
2271 2325 1
2139 2241 1
2139 2413 1
2093 2139 1
2139 2389 1
2249 2353 1
2071 2388 1
2241 2309 1
2093 2309 1
2309 2413 1
2309 2389 1
2139 2309 1
2309 2325 1
2241 2276 1
2241 2315 1
2198 2241 1
2241 2295 1
2260 2387 1
2231 2340 1
2231 2282 1
2248 2284 1
2070 2248 1
2299 2345 1
2096 2345 1
2271 2345 1
2110 2345 1
2345 2367 1
2299 2371 1
2205 2310 1
2205 2348 1
2157 2381 1
2272 2381 1
2161 2177 1
2161 2319 1
2241 2351 1
2276 2351 1
2309 2351 1
2315 2351 1
2093 2351 1
2351 2413 1
2351 2389 1
2198 2351 1
2295 2351 1
2139 2351 1
2325 2351 1
2079 2241 1
2191 2402 1
2084 2387 1
2084 2260 1
2156 2276 1
2276 2304 1
2156 2241 1
2156 2309 1
2156 2351 1
2156 2198 1
2280 2282 1
2174 2282 1
2280 2340 1
2231 2280 1
2104 2191 1
2104 2402 1
2409 2420 1
2258 2409 1
2190 2403 1
2190 2316 1
2188 2190 1
2100 2190 1
2206 2399 1
2253 2399 1
2131 2402 1
2104 2131 1
2131 2191 1
2102 2179 1
2155 2221 1
2141 2206 1
2141 2253 1
2141 2399 1
2172 2297 1
2268 2347 1
2281 2347 1
2195 2315 1
2195 2241 1
2195 2309 1
2195 2351 1
2195 2198 1
2195 2295 1
2078 2421 1
2078 2238 1
2180 2411 1
2225 2411 1
2219 2411 1
2258 2396 1
2396 2409 1
2396 2420 1
2210 2251 1
2120 2210 1
2152 2420 1
2152 2409 1
2152 2258 1
2152 2396 1
2342 2361 1
2266 2361 1
2115 2361 1
2254 2342 1
2342 2374 1
2070 2169 1
2169 2248 1
2169 2284 1
2081 2424 1
2123 2424 1
2137 2208 1
2255 2407 1
2330 2331 1
2183 2330 1
2075 2228 1
2201 2292 1
2404 2414 1
2090 2166 1
2166 2197 1
2100 2220 1
2220 2316 1
2220 2403 1
2188 2220 1
2190 2220 1
2100 2341 1
2076 2377 1
2160 2377 1
2298 2377 1
2248 2275 1
2169 2275 1
2275 2284 1
2070 2275 1
2143 2248 1
2204 2210 1
2120 2204 1
2204 2251 1
2097 2286 1
2203 2286 1
2128 2409 1
2128 2152 1
2128 2396 1
2128 2258 1
2128 2420 1
2330 2390 1
2331 2390 1
2183 2390 1
2371 2409 1
2345 2409 1
2299 2409 1
2152 2371 1
2128 2371 1
2258 2371 1
2371 2420 1
2371 2396 1
2209 2404 1
2209 2414 1
2101 2348 1
2277 2348 1
2101 2205 1
2101 2310 1
2372 2397 1
2183 2212 1
2212 2330 1
2212 2331 1
2212 2390 1
2099 2250 1
2099 2265 1
2099 2422 1
2163 2345 1
2163 2371 1
2163 2409 1
2096 2163 1
2163 2299 1
2163 2271 1
2110 2163 1
2163 2367 1
2345 2364 1
2364 2371 1
2364 2409 1
2096 2364 1
2163 2364 1
2299 2364 1
2271 2364 1
2110 2364 1
2364 2367 1
2126 2207 1
2207 2408 1
2207 2227 1
2133 2407 1
2133 2255 1
2128 2343 1
2343 2371 1
2152 2343 1
2343 2409 1
2258 2343 1
2343 2420 1
2343 2396 1
2076 2382 1
2160 2382 1
2377 2382 1
2298 2382 1
2076 2358 1
2271 2380 1
2299 2380 1
2345 2380 1
2380 2410 1
2096 2380 1
2163 2380 1
2325 2380 1
2134 2380 1
2139 2380 1
2364 2380 1
2110 2380 1
2367 2380 1
2231 2328 1
2280 2328 1
2282 2328 1
2328 2340 1
2257 2350 1
2256 2386 1
2116 2316 1
2116 2403 1
2116 2220 1
2116 2188 1
2116 2190 1
2100 2116 1
2185 2301 1
2128 2406 1
2371 2406 1
2343 2406 1
2152 2406 1
2406 2409 1
2258 2406 1
2406 2420 1
2396 2406 1
2128 2307 1
2070 2336 1
2248 2336 1
2169 2336 1
2275 2336 1
2284 2336 1
2640 2793 1
2582 2664 1
2473 2645 1
2444 2617 1
2455 2487 1
2533 2583 1
2532 2532 1
2622 2681 1
2593 2748 1
2553 2778 1
2584 2794 1
2598 2695 1
2621 2650 1
2515 2590 1
2758 2785 1
2508 2788 1
2584 2745 1
2745 2794 1
2603 2731 1
2625 2665 1
2504 2687 1
2566 2757 1
2451 2600 1
2556 2732 1
2451 2465 1
2465 2600 1
2736 2775 1
2753 2763 1
2443 2555 1
2592 2646 1
2551 2593 1
2551 2748 1
2445 2647 1
2499 2537 1
2501 2768 1
2543 2632 1
2516 2735 1
2622 2734 1
2681 2734 1
2534 2682 1
2445 2586 1
2586 2647 1
2492 2741 1
2601 2717 1
2565 2639 1
2519 2621 1
2519 2650 1
2431 2609 1
2502 2711 1
2663 2673 1
2489 2511 1
2486 2615 1
2485 2732 1
2485 2556 1
2472 2597 1
2503 2573 1
2489 2594 1
2511 2594 1
2501 2755 1
2755 2768 1
2609 2641 1
2431 2641 1
2436 2500 1
2487 2737 1
2455 2737 1
2571 2771 1
2467 2593 1
2467 2748 1
2467 2551 1
2478 2750 1
2513 2740 1
2575 2584 1
2575 2745 1
2575 2794 1
2534 2545 1
2545 2682 1
2520 2590 1
2515 2520 1
2490 2618 1
2446 2452 1
2509 2646 1
2509 2592 1
2676 2681 1
2676 2734 1
2622 2676 1
2637 2795 1
2517 2731 1
2517 2603 1
2643 2648 1
2650 2796 1
2621 2796 1
2519 2796 1
2591 2597 1
2472 2591 1
2673 2741 1
2663 2741 1
2492 2673 1
2551 2682 1
2593 2682 1
2467 2682 1
2682 2748 1
2534 2551 1
2545 2551 1
2458 2724 1
2733 2776 1
2503 2667 1
2573 2667 1
2506 2725 1
2495 2756 1
2600 2601 1
2465 2601 1
2451 2601 1
2600 2717 1
2430 2699 1
2611 2614 1
2505 2712 1
2454 2471 1
2447 2492 1
2447 2673 1
2447 2741 1
2435 2621 1
2435 2650 1
2435 2796 1
2435 2519 1
2686 2746 1
2635 2759 1
2543 2780 1
2632 2780 1
2462 2470 1
2769 2786 1
2676 2769 1
2681 2769 1
2622 2769 1
2734 2769 1
2676 2786 1
2667 2765 1
2573 2765 1
2503 2765 1
2509 2736 1
2592 2736 1
2646 2736 1
2509 2775 1
2601 2746 1
2600 2746 1
2465 2746 1
2451 2746 1
2717 2746 1
2601 2686 1
2579 2646 1
2579 2592 1
2579 2736 1
2509 2579 1
2524 2668 1
2647 2762 1
2586 2762 1
2445 2762 1
2447 2457 1
2457 2673 1
2457 2492 1
2457 2741 1
2554 2779 1
2579 2674 1
2592 2674 1
2674 2736 1
2509 2674 1
2646 2674 1
2500 2597 1
2436 2597 1
2472 2500 1
2500 2591 1
2505 2687 1
2687 2712 1
2504 2505 1
2495 2697 1
2697 2756 1
2443 2631 1
2555 2631 1
2516 2790 1
2735 2790 1
2557 2630 1
2615 2651 1
2486 2651 1
2713 2760 1
2429 2716 1
2538 2723 1
2481 2505 1
2481 2712 1
2481 2504 1
2481 2687 1
2522 2699 1
2430 2522 1
2574 2695 1
2574 2598 1
2601 2708 1
2465 2708 1
2600 2708 1
2451 2708 1
2708 2746 1
2708 2717 1
2686 2708 1
2718 2752 1
2531 2630 1
2531 2557 1
2770 2778 1
2553 2770 1
2428 2486 1
2428 2651 1
2428 2615 1
2553 2678 1
2678 2778 1
2678 2770 1
2649 2751 1
2685 2716 1
2429 2685 1
2661 2742 1
2511 2617 1
2489 2617 1
2594 2617 1
2444 2511 1
2691 2761 1
2430 2435 1
2435 2522 1
2435 2699 1
2430 2796 1
2430 2621 1
2430 2519 1
2430 2650 1
2582 2632 1
2632 2664 1
2582 2780 1
2543 2582 1
2479 2698 1
2472 2520 1
2500 2520 1
2520 2597 1
2520 2591 1
2472 2515 1
2472 2590 1
2573 2692 1
2667 2692 1
2692 2765 1
2503 2692 1
2507 2789 1
2435 2642 1
2642 2699 1
2642 2796 1
2621 2642 1
2519 2642 1
2522 2642 1
2642 2650 1
2430 2642 1
2531 2546 1
2546 2557 1
2546 2630 1
2485 2493 1
2493 2556 1
2493 2732 1
2468 2694 1
2486 2726 1
2651 2726 1
2428 2726 1
2615 2726 1
2722 2733 1
2722 2776 1
2606 2672 1
2522 2740 1
2642 2740 1
2699 2740 1
2435 2740 1
2430 2740 1
2513 2522 1
2448 2587 1
2730 2745 1
2584 2730 1
2730 2794 1
2575 2730 1
2476 2582 1
2476 2664 1
2476 2632 1
2476 2780 1
2476 2543 1
2529 2664 1
2529 2632 1
2476 2529 1
2529 2582 1
2439 2697 1
2439 2756 1
2439 2495 1
2611 2621 1
2614 2621 1
2435 2611 1
2611 2796 1
2611 2642 1
2519 2611 1
2611 2650 1
2430 2611 1
2438 2551 1
2438 2593 1
2438 2467 1
2438 2534 1
2438 2545 1
2438 2682 1
2438 2748 1
2683 2745 1
2584 2683 1
2683 2794 1
2683 2730 1
2575 2683 1
2500 2576 1
2436 2576 1
2576 2597 1
2472 2576 1
2520 2576 1
2576 2591 1
2514 2678 1
2514 2553 1
2514 2778 1
2514 2770 1
2491 2541 1
2523 2645 1
2473 2523 1
2476 2506 1
2506 2529 1
2506 2664 1
2506 2543 1
2506 2632 1
2506 2582 1
2506 2780 1
2476 2725 1
2491 2788 1
2541 2788 1
2491 2508 1
2451 2500 1
2465 2500 1
2500 2600 1
2500 2601 1
2500 2708 1
2500 2746 1
2436 2451 1
2451 2597 1
2451 2472 1
2451 2576 1
2451 2520 1
2451 2591 1
2432 2640 1
2432 2793 1
2551 2777 1
2593 2777 1
2467 2777 1
2438 2777 1
2534 2777 1
2545 2777 1
2682 2777 1
2748 2777 1
2569 2796 1
2435 2569 1
2569 2642 1
2569 2611 1
2519 2569 1
2569 2650 1
2569 2621 1
2430 2569 1
2433 2450 1
2482 2771 1
2482 2571 1
2691 2750 1
2750 2761 1
2478 2691 1
2467 2598 1
2593 2598 1
2438 2598 1
2551 2598 1
2598 2777 1
2598 2682 1
2598 2748 1
2467 2695 1
2467 2574 1
2485 2688 1
2556 2688 1
2688 2732 1
2493 2688 1
3041 3160 1
2935 3075 1
3017 3145 1
3081 3216 1
2866 2988 1
2955 3168 1
2831 3017 1
2831 3145 1
2939 3044 1
2853 2993 1
2856 2988 1
2856 2866 1
3011 3085 1
3135 3214 1
2891 3009 1
2958 3144 1
2932 3132 1
2869 2888 1
2958 3132 1
3132 3144 1
2932 2958 1
2899 2968 1
2927 3206 1
3018 3042 1
2884 2889 1
3140 3174 1
2817 2886 1
2918 3031 1
2838 3013 1
2894 3106 1
2849 2901 1
2980 3021 1
2937 3201 1
2823 2931 1
3035 3077 1
2858 3168 1
2858 2955 1
2886 3013 1
2817 3013 1
2838 2886 1
2867 3052 1
2982 3196 1
2989 3209 1
2855 3115 1
2894 3130 1
3106 3130 1
2855 3167 1
3115 3167 1
2881 3066 1
2908 3016 1
2865 3017 1
2865 3145 1
2831 2865 1
3020 3140 1
3020 3174 1
2867 3125 1
3052 3125 1
2860 2863 1
3009 3141 1
2891 3141 1
2951 3149 1
2904 3199 1
2948 3229 1
3088 3124 1
2847 3164 1
2921 3087 1
2816 2940 1
2885 3093 1
3066 3126 1
2881 3126 1
3112 3213 1
2945 3191 1
2922 2991 1
2941 2966 1
3033 3130 1
3033 3106 1
2894 3033 1
2929 2984 1
2998 3061 1
2924 3212 1
2816 3009 1
2940 3009 1
2816 2891 1
2816 3141 1
2929 3090 1
2984 3090 1
2973 3130 1
2973 3033 1
2973 3106 1
2894 2973 1
2810 2818 1
3006 3152 1
2957 2968 1
2899 2957 1
2813 3149 1
2813 2951 1
2890 2944 1
3183 3201 1
2937 3183 1
2921 2994 1
2994 3087 1
2817 3027 1
3013 3027 1
2886 3027 1
2966 3193 1
2941 3193 1
3075 3160 1
2935 3160 1
3041 3075 1
2810 3036 1
2818 3036 1
2833 2979 1
2987 3178 1
2911 3075 1
2911 3160 1
2911 3041 1
2911 2935 1
2916 3103 1
2854 3173 1
3082 3200 1
3068 3210 1
2884 2885 1
2885 2889 1
2884 3093 1
2892 2975 1
2902 3172 1
2944 3207 1
2890 3207 1
3050 3166 1
2875 3113 1
2968 3011 1
2899 3011 1
2957 3011 1
2968 3085 1
3089 3144 1
3089 3132 1
2958 3089 1
3060 3194 1
2919 3100 1
2835 3213 1
2835 3112 1
2959 3029 1
2963 3036 1
2810 2963 1
2818 2963 1
2870 3019 1
2991 3200 1
2922 3200 1
2991 3082 1
2808 3226 1
2949 3010 1
3009 3142 1
2816 3142 1
2891 3142 1
2940 3142 1
3141 3142 1
2904 2941 1
2941 3199 1
2904 3193 1
2904 2966 1
2935 3088 1
3088 3160 1
3075 3088 1
2911 3088 1
2935 3124 1
2881 3208 1
3066 3208 1
3126 3208 1
2838 3123 1
3013 3123 1
2886 3123 1
2977 3021 1
2977 2980 1
3092 3177 1
2989 3205 1
3205 3209 1
2846 3077 1
2846 3035 1
2920 2968 1
2899 2920 1
2920 2957 1
2920 3011 1
2920 3085 1
3055 3169 1
2891 3163 1
2816 3163 1
3009 3163 1
3141 3163 1
3142 3163 1
2929 3038 1
2984 3038 1
3038 3090 1
2835 3048 1
3048 3112 1
3048 3213 1
3108 3190 1
2843 3097 1
2853 3170 1
2993 3170 1
2882 3125 1
2867 2882 1
2882 3052 1
2820 3041 1
2820 3160 1
2820 3075 1
2820 2911 1
2849 3125 1
2901 3125 1
2849 2882 1
2849 2867 1
2849 3052 1
3164 3219 1
2847 3219 1
2909 3110 1
2936 3014 1
2867 3133 1
2849 3133 1
2882 3133 1
3052 3133 1
3125 3133 1
2934 3150 1
3010 3075 1
2949 3075 1
3010 3041 1
2820 3010 1
3010 3088 1
2935 3010 1
3010 3160 1
2911 3010 1
2934 3037 1
3037 3150 1
2810 2846 1
2818 2846 1
2846 2963 1
2846 3036 1
2810 3077 1
2810 3035 1
3013 3018 1
2817 3018 1
2886 3018 1
3018 3123 1
3018 3027 1
2838 3018 1
3013 3042 1
2994 3162 1
2921 3162 1
3087 3162 1
3124 3178 1
3088 3178 1
2935 3178 1
2987 3124 1
2946 3167 1
2946 3115 1
2855 2946 1
3134 3220 1
3063 3177 1
3063 3092 1
2852 3035 1
2810 2852 1
2852 3077 1
2846 2852 1
2851 2929 1
2851 2984 1
2851 3090 1
2851 3038 1
2810 2947 1
2818 2947 1
2852 2947 1
2947 3077 1
2947 2963 1
2947 3035 1
2947 3036 1
2846 2947 1
2972 3135 1
2972 3214 1
2831 3221 1
3017 3221 1
2865 3221 1
3145 3221 1
3016 3030 1
2908 3030 1
2825 3079 1
2873 3160 1
2873 3041 1
2873 3010 1
2873 3075 1
2820 2873 1
2873 3088 1
2873 2935 1
2873 2911 1
2899 3205 1
2968 3205 1
2920 3205 1
3011 3205 1
2957 3205 1
2899 3209 1
2899 2989 1
2997 3083 1
2900 3070 1
2900 3001 1
3001 3070 1
3133 3158 1
2849 3158 1
2882 3158 1
3052 3158 1
2867 3158 1
3125 3158 1
2969 3138 1
2827 2897 1
2885 2946 1
2889 2946 1
2884 2946 1
2946 3093 1
2855 2885 1
2885 3115 1
2885 3167 1
2864 3014 1
2864 2936 1
2912 2930 1
2948 3184 1
3184 3229 1
3066 3218 1
3208 3218 1
2881 3218 1
3126 3218 1
2840 3113 1
2840 2875 1
2922 3154 1
3154 3200 1
2991 3154 1
2859 3084 1
3160 3224 1
3041 3224 1
3010 3224 1
3075 3224 1
2820 3224 1
3088 3224 1
2935 3224 1
2873 3224 1
2911 3224 1
2886 3093 1
2817 3093 1
3013 3093 1
3093 3123 1
3018 3093 1
3027 3093 1
2838 3093 1
2886 2946 1
2884 2886 1
2885 2886 1
2864 2962 1
2936 2962 1
2962 3014 1
2826 2918 1
2826 3031 1
3148 3152 1
3006 3148 1
2837 3043 1
3014 3135 1
2936 3135 1
2864 3135 1
2962 3135 1
3014 3214 1
2972 3014 1
2803 3131 1
2811 2996 1
2950 3054 1
2846 3026 1
2818 3026 1
2947 3026 1
2852 3026 1
3026 3077 1
2963 3026 1
2810 3026 1
3026 3035 1
3026 3036 1
2959 3036 1
3029 3036 1
2818 2959 1
2947 2959 1
2959 3026 1
2959 2963 1
2810 2959 1
2846 2959 1
2871 3170 1
2871 2993 1
2853 2871 1
2988 3194 1
2856 3194 1
2866 3194 1
2988 3060 1
2895 3176 1
3021 3168 1
2977 3168 1
2980 3168 1
2858 3021 1
2955 3021 1
2855 3042 1
2946 3042 1
3042 3115 1
2885 3042 1
3042 3167 1
2855 3018 1
2855 3013 1
2985 3121 1
2926 3148 1
2926 3152 1
2926 3006 1
3037 3141 1
3141 3150 1
2934 3141 1
2816 3037 1
3009 3037 1
3037 3142 1
2891 3037 1
3037 3163 1
2994 3215 1
2921 3215 1
3162 3215 1
3087 3215 1
2900 2934 1
2934 3001 1
2934 3070 1
2900 3141 1
2900 3150 1
2900 3037 1
2807 2982 1
2807 3196 1
2858 3088 1
3088 3168 1
2955 3088 1
3021 3088 1
2858 3010 1
2858 3075 1
2858 3178 1
2858 3224 1
2858 3124 1
2858 2935 1
2858 3160 1
2858 2873 1
2858 2911 1
3244 3429 1
3405 3541 1
3492 3543 1
3381 3399 1
3434 3509 1
3481 3576 1
3415 3441 1
3536 3565 1
3281 3549 1
3393 3545 1
3413 3473 1
3407 3586 1
3326 3445 1
3291 3295 1
3311 3419 1
3503 3524 1
3235 3566 1
3236 3491 1
3257 3396 1
3386 3418 1
3384 3569 1
3382 3570 1
3378 3431 1
3273 3374 1
3405 3498 1
3498 3541 1
3422 3429 1
3244 3422 1
3325 3488 1
3247 3511 1
3252 3338 1
3288 3386 1
3288 3418 1
3320 3339 1
3330 3337 1
3498 3588 1
3405 3588 1
3541 3588 1
3328 3576 1
3328 3481 1
3236 3475 1
3475 3491 1
3337 3460 1
3330 3460 1
3255 3355 1
3493 3507 1
3289 3568 1
3304 3366 1
3292 3348 1
3411 3510 1
3537 3583 1
3275 3556 1
3383 3395 1
3357 3382 1
3357 3570 1
3452 3521 1
3296 3427 1
3397 3544 1
3535 3553 1
3432 3585 1
3331 3353 1
3346 3358 1
3397 3521 1
3521 3544 1
3397 3452 1
3414 3557 1
3311 3401 1
3401 3419 1
3414 3566 1
3557 3566 1
3235 3414 1
3358 3419 1
3346 3419 1
3358 3401 1
3311 3358 1
3416 3540 1
3567 3569 1
3384 3567 1
3292 3361 1
3348 3361 1
3534 3593 1
3342 3385 1
3405 3555 1
3498 3555 1
3555 3588 1
3541 3555 1
3402 3525 1
3327 3387 1
3282 3379 1
3308 3581 1
3305 3595 1
3270 3417 1
3243 3491 1
3243 3475 1
3236 3243 1
3346 3395 1
3395 3419 1
3358 3395 1
3346 3383 1
3287 3506 1
3266 3557 1
3266 3566 1
3266 3414 1
3467 3571 1
3416 3435 1
3435 3540 1
3312 3377 1
3502 3540 1
3416 3502 1
3435 3502 1
3324 3346 1
3324 3395 1
3324 3419 1
3324 3358 1
3324 3383 1
3304 3458 1
3366 3458 1
3484 3537 1
3484 3583 1
3320 3513 1
3339 3513 1
3449 3496 1
3471 3486 1
3386 3546 1
3288 3546 1
3418 3546 1
3375 3421 1
3403 3563 1
3458 3508 1
3304 3508 1
3366 3508 1
3307 3575 1
3280 3418 1
3280 3288 1
3280 3386 1
3280 3546 1
3497 3551 1
3401 3458 1
3419 3458 1
3358 3458 1
3311 3458 1
3366 3401 1
3304 3401 1
3401 3508 1
3261 3505 1
3367 3435 1
3367 3416 1
3367 3540 1
3367 3502 1
3298 3422 1
3244 3298 1
3298 3429 1
3378 3409 1
3409 3431 1
3264 3549 1
3264 3281 1
3406 3573 1
3258 3271 1
3233 3328 1
3233 3576 1
3233 3481 1
3491 3548 1
3475 3548 1
3236 3548 1
3243 3548 1
3325 3344 1
3344 3488 1
3270 3585 1
3417 3585 1
3270 3432 1
3234 3263 1
3284 3577 1
3272 3278 1
3290 3395 1
3290 3346 1
3290 3383 1
3290 3419 1
3290 3324 1
3290 3358 1
3403 3590 1
3563 3590 1
3382 3572 1
3570 3572 1
3357 3572 1
3558 3591 1
3279 3534 1
3279 3593 1
3267 3379 1
3267 3282 1
3276 3501 1
3369 3462 1
3249 3399 1
3249 3381 1
3416 3594 1
3435 3594 1
3540 3594 1
3502 3594 1
3367 3594 1
3238 3435 1
3238 3367 1
3238 3594 1
3238 3502 1
3238 3540 1
3238 3416 1
3467 3581 1
3571 3581 1
3308 3467 1
3374 3572 1
3273 3572 1
3374 3570 1
3357 3374 1
3374 3382 1
3264 3308 1
3281 3308 1
3308 3549 1
3264 3467 1
3264 3581 1
3458 3568 1
3366 3568 1
3304 3568 1
3401 3568 1
3311 3568 1
3508 3568 1
3419 3568 1
3358 3568 1
3289 3458 1
3270 3533 1
3432 3533 1
3417 3533 1
3533 3585 1
3350 3496 1
3350 3449 1
3525 3575 1
3402 3575 1
3307 3525 1
3299 3588 1
3299 3498 1
3299 3555 1
3299 3405 1
3299 3541 1
3234 3490 1
3263 3490 1
3246 3460 1
3246 3337 1
3246 3330 1
3443 3573 1
3406 3443 1
3239 3364 1
3439 3480 1
3407 3445 1
3445 3586 1
3326 3407 1
3404 3455 1
3337 3542 1
3330 3542 1
3460 3542 1
3246 3542 1
3424 3547 1
3464 3563 1
3403 3464 1
3464 3590 1
3447 3576 1
3328 3447 1
3447 3481 1
3233 3447 1
3301 3564 1
3444 3558 1
3444 3591 1
3267 3484 1
3282 3484 1
3379 3484 1
3267 3537 1
3267 3583 1
3576 3587 1
3328 3587 1
3481 3587 1
3447 3587 1
3233 3587 1
3337 3524 1
3330 3524 1
3460 3524 1
3524 3542 1
3246 3524 1
3337 3503 1
3343 3510 1
3343 3411 1
3290 3595 1
3395 3595 1
3346 3595 1
3383 3595 1
3419 3595 1
3324 3595 1
3358 3595 1
3290 3305 1
3492 3550 1
3543 3550 1
3332 3380 1
3310 3469 1
3451 3485 1
3410 3538 1
3541 3541 1
3297 3579 1
3508 3512 1
3458 3512 1
3366 3512 1
3304 3512 1
3401 3512 1
3512 3568 1
3319 3574 1
3313 3329 1
3371 3468 1
3273 3354 1
3354 3572 1
3354 3374 1
3276 3467 1
3467 3501 1
3264 3276 1
3276 3308 1
3276 3571 1
3276 3581 1
3326 3534 1
3445 3534 1
3407 3534 1
3326 3593 1
3279 3326 1
3267 3586 1
3537 3586 1
3282 3586 1
3379 3586 1
3484 3586 1
3583 3586 1
3267 3407 1
3267 3445 1
3472 3523 1
3445 3485 1
3485 3586 1
3267 3485 1
3485 3534 1
3407 3485 1
3326 3485 1
3445 3451 1
3298 3471 1
3244 3471 1
3429 3471 1
3422 3471 1
3298 3486 1
3236 3435 1
3435 3548 1
3435 3491 1
3435 3475 1
3243 3435 1
3236 3238 1
3236 3367 1
3236 3594 1
3236 3502 1
3236 3540 1
3236 3416 1
3249 3339 1
3339 3381 1
3339 3399 1
3249 3320 1
3249 3513 1
3433 3579 1
3297 3433 1
3757 3944 1
3791 3825 1
3676 3755 1
3743 3883 1
3795 3973 1
3739 3983 1
3635 3879 1
3649 3870 1
3798 3915 1
3718 3748 1
3790 3933 1
3782 3977 1
3616 3782 1
3616 3977 1
3917 3919 1
3895 3971 1
3802 3997 1
3773 3926 1
3857 3885 1
3810 3872 1
3665 3792 1
3845 3890 1
3836 3917 1
3836 3919 1
3749 3935 1
3701 3955 1
3667 3776 1
3750 3764 1
3664 3933 1
3664 3790 1
3911 3968 1
3816 3855 1
3656 3841 1
3683 3788 1
3615 3676 1
3615 3755 1
3708 3813 1
3778 3826 1
3687 3969 1
3799 3923 1
3740 3781 1
3658 3863 1
3880 3899 1
3673 3745 1
3661 3867 1
3704 3849 1
3862 3986 1
3717 3722 1
3643 3968 1
3643 3911 1
3955 3971 1
3701 3971 1
3895 3955 1
3761 3972 1
3757 3953 1
3944 3953 1
3631 3961 1
3624 3817 1
3646 3656 1
3646 3841 1
3737 3753 1
3645 3781 1
3645 3740 1
3879 3885 1
3635 3885 1
3857 3879 1
3690 3826 1
3690 3778 1
3833 3873 1
3839 3871 1
3820 3907 1
3666 3934 1
3598 3694 1
3685 3982 1
3596 3877 1
3779 3892 1
3727 3817 1
3624 3727 1
3636 3959 1
3739 3911 1
3911 3983 1
3739 3968 1
3643 3739 1
3756 3973 1
3756 3795 1
3758 3797 1
3697 3752 1
3731 3881 1
3689 3802 1
3689 3997 1
3956 3989 1
3852 3964 1
3622 3829 1
3734 3875 1
3707 3850 1
3703 3994 1
3627 3996 1
3797 3910 1
3758 3910 1
3651 3780 1
3627 3676 1
3676 3996 1
3627 3755 1
3615 3627 1
3802 3950 1
3689 3950 1
3950 3997 1
3649 3727 1
3727 3870 1
3624 3649 1
3649 3817 1
3763 3790 1
3664 3763 1
3763 3933 1
3763 3830 1
3664 3830 1
3830 3933 1
3790 3830 1
3817 3909 1
3624 3909 1
3649 3909 1
3727 3909 1
3813 3851 1
3708 3851 1
3665 3796 1
3792 3796 1
3662 3882 1
3757 3762 1
3762 3944 1
3762 3953 1
3887 3889 1
3835 3979 1
3735 3918 1
3907 3955 1
3820 3955 1
3907 3971 1
3701 3907 1
3895 3907 1
3730 3778 1
3730 3826 1
3690 3730 1
3839 3954 1
3871 3954 1
3616 3907 1
3907 3977 1
3782 3907 1
3616 3971 1
3616 3820 1
3616 3955 1
3616 3701 1
3616 3895 1
3683 3807 1
3788 3807 1
3699 3856 1
3868 3948 1
3771 3981 1
3602 3759 1
3822 3830 1
3664 3822 1
3763 3822 1
3822 3933 1
3790 3822 1
3726 3869 1
3757 3996 1
3944 3996 1
3953 3996 1
3762 3996 1
3627 3757 1
3676 3757 1
3775 3846 1
3783 3919 1
3783 3836 1
3783 3917 1
3735 3941 1
3918 3941 1
3611 3904 1
3873 3886 1
3833 3886 1
3725 3935 1
3725 3749 1
3623 3938 1
3683 3860 1
3788 3860 1
3807 3860 1
3663 3970 1
3733 3985 1
3675 3936 1
3637 3732 1
3772 3989 1
3772 3956 1
3768 3787 1
3666 3929 1
3929 3934 1
3766 3822 1
3766 3790 1
3664 3766 1
3763 3766 1
3766 3830 1
3766 3933 1
3805 3818 1
3834 3865 1
3752 3757 1
3697 3757 1
3752 3944 1
3676 3752 1
3627 3752 1
3752 3953 1
3752 3762 1
3752 3996 1
3637 3834 1
3732 3834 1
3637 3865 1
3613 3764 1
3613 3750 1
3765 3926 1
3765 3773 1
3613 3871 1
3764 3871 1
3750 3871 1
3613 3954 1
3613 3839 1
3936 3950 1
3675 3950 1
3689 3936 1
3802 3936 1
3936 3997 1
3702 3981 1
3702 3771 1
3603 3664 1
3603 3766 1
3603 3790 1
3603 3763 1
3603 3822 1
3603 3830 1
3603 3933 1
3604 3660 1
3850 3935 1
3707 3935 1
3749 3850 1
3725 3850 1
3672 3837 1
3653 3853 1
3631 3786 1
3786 3961 1
3875 3976 1
3734 3976 1
3600 3945 1
3605 3980 1
3760 3801 1
3822 3850 1
3766 3850 1
3790 3850 1
3664 3850 1
3763 3850 1
3603 3850 1
3830 3850 1
3850 3933 1
3749 3822 1
3725 3822 1
3707 3822 1
3822 3935 1
3739 3940 1
3940 3968 1
3643 3940 1
3911 3940 1
3940 3983 1
3722 3811 1
3717 3811 1
3745 3912 1
3673 3912 1
3667 3801 1
3776 3801 1
3667 3760 1
3633 3895 1
3633 3955 1
3616 3633 1
3633 3907 1
3633 3971 1
3735 3833 1
3833 3941 1
3833 3918 1
3735 3873 1
3735 3886 1
3738 3988 1
3789 3806 1
3896 3926 1
3773 3896 1
3765 3896 1
3821 3908 1
3740 3794 1
3781 3794 1
3645 3794 1
3837 3995 1
3672 3995 1
3618 3751 1
3620 3752 1
3620 3953 1
3620 3944 1
3620 3996 1
3620 3627 1
3620 3757 1
3620 3697 1
3620 3762 1
3620 3676 1
3741 3844 1
3754 3963 1
3632 3729 1
3751 3848 1
3618 3848 1
3813 3893 1
3851 3893 1
3708 3893 1
3673 3837 1
3837 3912 1
3745 3837 1
3672 3673 1
3673 3995 1
3840 3969 1
3687 3840 1
3647 3779 1
3647 3892 1
3629 3754 1
3629 3963 1
3633 3850 1
3616 3850 1
3850 3907 1
3850 3955 1
3850 3895 1
3850 3971 1
3633 3749 1
3633 3725 1
3633 3822 1
3633 3664 1
3633 3830 1
3633 3763 1
3603 3633 1
3633 3790 1
3633 3766 1
3633 3707 1
3633 3933 1
3633 3935 1
3702 3875 1
3771 3875 1
3875 3981 1
3702 3976 1
3702 3734 1
3704 3757 1
3757 3849 1
3620 3704 1
3697 3704 1
3704 3944 1
3676 3704 1
3627 3704 1
3704 3953 1
3704 3762 1
3704 3752 1
3704 3996 1
3611 3651 1
3651 3904 1
3611 3780 1
3770 3822 1
3770 3935 1
3766 3770 1
3770 3850 1
3725 3770 1
3770 3790 1
3664 3770 1
3633 3770 1
3763 3770 1
3603 3770 1
3770 3830 1
3707 3770 1
3770 3933 1
3749 3770 1
3841 3876 1
3656 3876 1
3646 3876 1
3733 3894 1
3894 3985 1
3904 3986 1
3651 3986 1
3611 3986 1
3862 3904 1
3913 3936 1
3689 3913 1
3913 3950 1
3802 3913 1
3675 3913 1
3913 3997 1
3795 3842 1
3756 3842 1
3842 3973 1
3873 3968 1
3833 3968 1
3886 3968 1
3735 3968 1
3739 3873 1
3873 3940 1
3873 3911 1
3643 3873 1
3709 3723 1
3664 3669 1
3669 3766 1
3669 3850 1
3669 3790 1
3603 3669 1
3633 3669 1
3669 3763 1
3669 3822 1
3669 3830 1
3669 3770 1
3669 3933 1
29 261 1
126 343 1
71 341 1
272 337 1
259 301 1
71 178 1
178 341 1
40 294 1
78 285 1
136 139 1
42 151 1
105 241 1
86 155 1
148 212 1
52 105 1
52 241 1
175 192 1
34 87 1
127 327 1
208 261 1
29 208 1
111 281 1
28 145 1
175 279 1
192 279 1
264 298 1
152 180 1
223 249 1
40 93 1
93 294 1
287 314 1
6 54 1
3 338 1
29 344 1
208 344 1
261 344 1
125 314 1
125 287 1
11 52 1
11 105 1
11 241 1
90 360 1
49 90 1
49 360 1
54 129 1
6 129 1
340 346 1
116 135 1
162 310 1
193 200 1
38 154 1
110 159 1
163 282 1
121 231 1
31 192 1
31 279 1
31 175 1
117 176 1
251 315 1
30 139 1
30 136 1
242 257 1
148 351 1
212 351 1
120 361 1
124 239 1
230 357 1
44 51 1
42 123 1
123 151 1
71 125 1
125 178 1
125 341 1
71 314 1
71 287 1
47 191 1
11 297 1
105 297 1
52 297 1
241 297 1
23 331 1
329 357 1
230 329 1
225 310 1
162 225 1
280 357 1
280 329 1
230 280 1
255 321 1
114 126 1
114 343 1
148 257 1
212 257 1
257 351 1
148 242 1
142 190 1
13 36 1
28 48 1
48 145 1
130 185 1
96 215 1
231 351 1
121 351 1
212 231 1
148 231 1
231 257 1
8 334 1
154 341 1
38 341 1
154 178 1
125 154 1
71 154 1
60 108 1
49 70 1
70 360 1
70 90 1
95 244 1
32 163 1
32 282 1
67 79 1
45 134 1
14 236 1
212 250 1
250 257 1
231 250 1
148 250 1
250 351 1
130 347 1
185 347 1
40 125 1
93 125 1
125 294 1
40 71 1
40 178 1
40 341 1
40 314 1
40 154 1
40 287 1
95 326 1
244 326 1
65 321 1
65 255 1
151 281 1
42 281 1
123 281 1
111 151 1
97 129 1
6 97 1
54 97 1
11 257 1
105 257 1
52 257 1
257 297 1
241 257 1
11 231 1
11 242 1
11 212 1
11 148 1
11 250 1
11 351 1
103 193 1
103 200 1
165 181 1
3 128 1
128 338 1
49 194 1
194 360 1
90 194 1
70 194 1
179 310 1
179 225 1
162 179 1
282 331 1
32 331 1
163 331 1
23 282 1
39 341 1
38 39 1
39 71 1
39 40 1
39 178 1
39 154 1
39 125 1
128 294 1
294 338 1
3 294 1
40 128 1
125 128 1
93 128 1
18 96 1
18 215 1
11 49 1
49 257 1
49 148 1
49 231 1
49 105 1
49 241 1
49 242 1
49 52 1
49 297 1
49 212 1
49 250 1
49 351 1
11 194 1
11 70 1
11 360 1
11 90 1
112 354 1
4 184 1
285 301 1
78 301 1
259 285 1
320 332 1
261 319 1
208 319 1
319 344 1
29 319 1
72 267 1
337 343 1
272 343 1
114 337 1
126 337 1
47 325 1
191 325 1
121 147 1
147 351 1
147 231 1
75 212 1
75 257 1
75 231 1
11 75 1
49 75 1
75 148 1
75 250 1
75 351 1
2 227 1
38 228 1
154 228 1
228 341 1
39 228 1
97 191 1
129 191 1
54 191 1
6 191 1
97 325 1
47 97 1
130 268 1
185 268 1
268 347 1
294 363 1
128 363 1
3 363 1
40 363 1
125 363 1
338 363 1
93 363 1
208 227 1
227 344 1
227 319 1
227 261 1
29 227 1
2 208 1
100 274 1
36 167 1
13 167 1
86 269 1
155 269 1
173 362 1
278 323 1
79 189 1
67 189 1
62 196 1
89 288 1
42 141 1
141 281 1
123 141 1
141 151 1
170 234 1
56 304 1
29 125 1
125 227 1
125 261 1
125 208 1
125 344 1
125 319 1
29 128 1
29 363 1
29 294 1
29 71 1
29 40 1
29 39 1
29 93 1
29 178 1
29 341 1
29 314 1
29 154 1
29 287 1
67 128 1
128 189 1
79 128 1
3 67 1
67 294 1
40 67 1
67 363 1
29 67 1
67 93 1
67 338 1
67 125 1
222 322 1
119 265 1
141 303 1
281 303 1
42 303 1
123 303 1
151 303 1
3 141 1
128 141 1
67 141 1
141 294 1
141 363 1
141 338 1
3 42 1
3 303 1
3 151 1
3 281 1
3 123 1
22 131 1
22 234 1
131 234 1
22 170 1
289 326 1
244 289 1
95 289 1
12 247 1
39 289 1
228 289 1
38 289 1
71 289 1
40 289 1
29 289 1
178 289 1
289 341 1
154 289 1
125 289 1
39 326 1
39 244 1
39 95 1
182 337 1
182 272 1
114 182 1
126 182 1
182 343 1
113 274 1
100 113 1
62 111 1
111 196 1
62 281 1
62 151 1
212 339 1
257 339 1
75 339 1
231 339 1
11 339 1
49 339 1
148 339 1
250 339 1
339 351 1
762 3050 -1
762 3166 -1
868 1581 -1
1130 1581 -1
868 1368 -1
868 1597 -1
2175 2599 -1
1480 2568 -1
472 3151 -1
2030 2963 -1
1712 2963 -1
1684 2963 -1
1987 2963 -1
1788 2963 -1
2055 2963 -1
2030 2818 -1
2030 2947 -1
2030 2959 -1
2030 3026 -1
2030 2810 -1
2030 3036 -1
2030 2846 -1
1443 2819 -1
1687 3536 -1
1687 3565 -1
958 2122 -1
1020 2122 -1
845 2122 -1
958 2121 -1
1024 3115 -1
1024 3042 -1
1024 2946 -1
1024 3167 -1
1024 2885 -1
1024 2855 -1
544 1150 -1
355 1215 -1
355 904 -1
1244 2172 -1
1244 2297 -1
427 1529 -1
373 1529 -1
407 1529 -1
30 984 -1
136 984 -1
139 984 -1
759 2320 -1
459 2320 -1
589 2320 -1
659 2320 -1
694 2320 -1
665 2320 -1
701 2320 -1
446 2320 -1
1992 3720 -1
2029 3720 -1
2005 3720 -1
1717 3720 -1
424 3129 -1
518 3129 -1
550 3129 -1
490 3129 -1
429 3129 -1
687 3129 -1
592 3129 -1
661 3129 -1
379 3129 -1
508 1195 -1
2881 3505 -1
3208 3505 -1
3066 3505 -1
3218 3505 -1
3126 3505 -1
2881 3261 -1
1871 2467 -1
1871 2593 -1
1871 2598 -1
1871 2438 -1
1871 2695 -1
1871 2574 -1
1871 2551 -1
1871 2777 -1
1871 2682 -1
1871 2748 -1
921 2122 -1
826 2122 -1
921 2121 -1
3197 3392 -1
1487 3690 -1
1487 3826 -1
1487 3778 -1
1487 3730 -1
968 1359 -1
968 1601 -1
968 1298 -1
968 1317 -1
2105 3992 -1
1084 2866 -1
1070 2866 -1
1084 2856 -1
1084 3194 -1
1084 2988 -1
210 2534 -1
210 2545 -1
210 2682 -1
210 2777 -1
210 2438 -1
210 2551 -1
2141 3557 -1
2253 3557 -1
2206 3557 -1
2399 3557 -1
2141 3266 -1
2141 3566 -1
2141 3414 -1
1859 3065 -1
934 2510 -1
2043 3720 -1
933 1576 -1
1018 1576 -1
851 1576 -1
822 1576 -1
933 1400 -1
933 1326 -1
432 2866 -1
432 2856 -1
432 3194 -1
432 2988 -1
317 995 -1
317 835 -1
317 1060 -1
317 838 -1
317 1087 -1
917 1348 -1
917 1573 -1
2231 3479 -1
2280 3479 -1
2328 3479 -1
2282 3479 -1
2340 3479 -1
1435 3544 -1
1490 3544 -1
1435 3521 -1
1435 3397 -1
605 963 -1
580 963 -1
2748 2957 -1
2593 2957 -1
2467 2957 -1
2598 2957 -1
2438 2957 -1
2551 2957 -1
2777 2957 -1
2682 2957 -1
2748 2968 -1
2748 2920 -1
2748 2899 -1
2748 3205 -1
2748 3011 -1
1902 3970 -1
1976 3970 -1
1835 3970 -1
1775 3970 -1
1902 3663 -1
456 1054 -1
670 1054 -1
456 1104 -1
456 836 -1
2186 3677 -1
1385 2106 -1
1589 2106 -1
1535 3855 -1
1594 3855 -1
1571 3855 -1
1452 3855 -1
1535 3816 -1
288 3101 -1
89 3101 -1
817 2506 -1
817 2529 -1
817 2725 -1
817 2664 -1
817 2476 -1
817 2543 -1
817 2632 -1
817 2582 -1
817 2780 -1
566 865 -1
755 865 -1
763 865 -1
566 959 -1
1904 3971 -1
1904 3616 -1
1904 3907 -1
1904 3850 -1
1904 3633 -1
1904 3955 -1
1904 3701 -1
1904 3895 -1
666 2347 -1
488 2347 -1
747 2347 -1
666 2281 -1
666 2268 -1
3509 3746 -1
3434 3746 -1
2411 3576 -1
2225 3576 -1
2219 3576 -1
2180 3576 -1
2411 3328 -1
2411 3481 -1
2411 3447 -1
2411 3587 -1
2411 3233 -1
546 1790 -1
546 1792 -1
546 1657 -1
546 1986 -1
546 1858 -1
546 1781 -1
2375 2685 -1
2088 2685 -1
2153 2685 -1
2170 2685 -1
2375 2716 -1
2375 2429 -1
2240 2712 -1
2240 2481 -1
2240 2505 -1
2240 2687 -1
3189 3815 -1
1050 3050 -1
924 3050 -1
890 3050 -1
964 3050 -1
837 3050 -1
1050 3166 -1
1629 3291 -1
1520 3291 -1
1532 3291 -1
1293 3291 -1
1373 3291 -1
1255 3291 -1
1629 3295 -1
2246 3432 -1
2246 3585 -1
2246 3533 -1
2246 3270 -1
2173 3955 -1
2173 3616 -1
2173 3907 -1
2173 3850 -1
2173 3820 -1
2173 3633 -1
2173 3971 -1
2173 3701 -1
2173 3895 -1
1171 3871 -1
1004 3871 -1
989 3871 -1
1171 3954 -1
1171 3764 -1
1171 3613 -1
1171 3750 -1
1171 3839 -1
1733 2906 -1
978 1440 -1
955 1440 -1
884 1440 -1
978 1628 -1
578 3241 -1
640 3241 -1
612 3241 -1
383 3241 -1
711 3537 -1
711 3586 -1
711 3267 -1
711 3484 -1
711 3583 -1
733 835 -1
368 835 -1
756 835 -1
622 835 -1
463 835 -1
733 995 -1
733 1060 -1
733 838 -1
733 1087 -1
2822 3664 -1
2822 3766 -1
2822 3850 -1
2822 3790 -1
2822 3603 -1
2822 3633 -1
2822 3763 -1
2822 3822 -1
2822 3830 -1
2822 3770 -1
2822 3933 -1
2822 3669 -1
1007 1998 -1
1122 1998 -1
996 1998 -1
1159 1998 -1
1132 1998 -1
1186 1998 -1
850 1998 -1
1108 1998 -1
1013 1998 -1
856 1998 -1
1211 1998 -1
1052 1998 -1
1086 1998 -1
1007 1914 -1
1007 1924 -1
1007 1685 -1
1007 1847 -1
1822 3847 -1
1840 3847 -1
1697 3847 -1
2046 3847 -1
2014 3847 -1
1721 3847 -1
1697 2419 -1
1840 2419 -1
1721 2419 -1
1822 2419 -1
2014 2419 -1
2046 2419 -1
1358 2269 -1
1301 2269 -1
1542 2269 -1
1052 1526 -1
1122 1526 -1
996 1526 -1
1159 1526 -1
1132 1526 -1
1186 1526 -1
1007 1526 -1
856 1526 -1
1211 1526 -1
1052 1394 -1
609 3841 -1
515 3841 -1
609 3656 -1
609 3876 -1
609 3646 -1
638 3120 -1
586 3120 -1
3071 3611 -1
3071 3904 -1
3071 3986 -1
3071 3651 -1
3071 3780 -1
1214 3037 -1
1214 2816 -1
1214 3009 -1
1214 3141 -1
1214 3142 -1
1214 2891 -1
1214 3150 -1
1214 2900 -1
1214 2934 -1
1214 3163 -1
1172 3153 -1
938 3153 -1
1068 3153 -1
1929 3895 -1
1792 3895 -1
1986 3895 -1
1988 3895 -1
1961 3895 -1
1858 3895 -1
1781 3895 -1
1759 3895 -1
1929 3616 -1
1929 3907 -1
1929 3850 -1
1929 3633 -1
1929 3955 -1
1929 3971 -1
2101 3573 -1
2348 3573 -1
2277 3573 -1
2310 3573 -1
2205 3573 -1
2101 3443 -1
2101 3406 -1
2032 3697 -1
2032 3752 -1
2032 3704 -1
2032 3620 -1
2032 3757 -1
200 2385 -1
193 2385 -1
103 2385 -1
200 2229 -1
200 2142 -1
718 3788 -1
718 3683 -1
718 3860 -1
718 3807 -1
1769 2654 -1
1207 1336 -1
1058 1336 -1
1001 1336 -1
1203 1336 -1
1078 1336 -1
887 1336 -1
1117 1336 -1
1207 1313 -1
3342 3710 -1
3385 3710 -1
2135 2525 -1
1769 3910 -1
1769 3797 -1
1769 3758 -1
3509 3775 -1
3434 3775 -1
3509 3846 -1
2013 3844 -1
1856 3844 -1
1698 3844 -1
1962 3844 -1
1779 3844 -1
1951 3844 -1
1885 3844 -1
2015 3844 -1
2013 3741 -1
1264 3004 -1
1459 3849 -1
1459 3704 -1
1459 3757 -1
1531 2269 -1
351 2089 -1
257 2089 -1
75 2089 -1
231 2089 -1
339 2089 -1
11 2089 -1
49 2089 -1
147 2089 -1
212 2089 -1
121 2089 -1
148 2089 -1
250 2089 -1
724 3332 -1
724 3380 -1
2375 2659 -1
2088 2659 -1
2153 2659 -1
2170 2659 -1
3507 3830 -1
3493 3830 -1
3507 3850 -1
3507 3822 -1
3507 3664 -1
3507 3633 -1
3507 3763 -1
3507 3603 -1
3507 3790 -1
3507 3766 -1
3507 3770 -1
3507 3933 -1
3507 3669 -1
1953 3038 -1
1953 2984 -1
1953 2929 -1
1953 3090 -1
1953 2851 -1
2390 3463 -1
2330 3463 -1
2331 3463 -1
2212 3463 -1
2183 3463 -1
585 1223 -1
1252 3471 -1
1252 3422 -1
1252 3298 -1
1252 3244 -1
1252 3429 -1
1252 3486 -1
3163 3657 -1
2816 3657 -1
3009 3657 -1
3141 3657 -1
3142 3657 -1
2891 3657 -1
3037 3657 -1
736 3132 -1
736 3144 -1
736 3089 -1
736 2932 -1
736 2958 -1
1155 3043 -1
1155 2837 -1
3167 3804 -1
3042 3804 -1
2946 3804 -1
3115 3804 -1
2885 3804 -1
2855 3804 -1
2818 3621 -1
2947 3621 -1
2959 3621 -1
3026 3621 -1
2963 3621 -1
2810 3621 -1
3036 3621 -1
2846 3621 -1
3188 3603 -1
3188 3830 -1
3188 3850 -1
3188 3822 -1
3188 3664 -1
3188 3633 -1
3188 3763 -1
3188 3790 -1
3188 3766 -1
3188 3770 -1
3188 3933 -1
3188 3669 -1
142 2521 -1
190 2521 -1
1900 2485 -1
1842 2485 -1
1707 2485 -1
1671 2485 -1
1900 2688 -1
1900 2556 -1
1900 2732 -1
1900 2493 -1
1460 3372 -1
1599 3372 -1
686 1003 -1
686 993 -1
686 1201 -1
686 961 -1
1598 3568 -1
1344 3568 -1
1345 3568 -1
1506 3568 -1
1259 3568 -1
1366 3568 -1
1305 3568 -1
1340 3568 -1
1470 3568 -1
1631 3568 -1
1598 3458 -1
1598 3366 -1
1598 3304 -1
1598 3401 -1
1598 3311 -1
1598 3508 -1
1598 3512 -1
1598 3289 -1
1598 3419 -1
1598 3358 -1
1883 3928 -1
873 3007 -1
1813 3871 -1
2028 3871 -1
1813 3954 -1
1813 3764 -1
1813 3613 -1
1813 3750 -1
1813 3839 -1
1453 3340 -1
1955 3377 -1
1919 3377 -1
1955 3312 -1
1748 3999 -1
1849 3999 -1
2194 3090 -1
2354 3090 -1
2194 2984 -1
2194 2929 -1
2194 2851 -1
2194 3038 -1
3220 3965 -1
3134 3965 -1
212 1505 -1
257 1505 -1
75 1505 -1
231 1505 -1
11 1505 -1
49 1505 -1
339 1505 -1
148 1505 -1
250 1505 -1
351 1505 -1
3187 3967 -1
2288 3420 -1
1937 2362 -1
1715 3701 -1
1873 3701 -1
1874 3701 -1
1820 3701 -1
1658 3701 -1
1662 3701 -1
1715 3616 -1
1715 3907 -1
1715 3955 -1
1715 3971 -1
1362 3543 -1
1362 3492 -1
1362 3550 -1
290 2457 -1
290 2673 -1
290 2492 -1
290 2741 -1
290 2447 -1
2932 3392 -1
3132 3392 -1
2958 3392 -1
2279 2668 -1
2233 2668 -1
2279 2524 -1
1466 2423 -1
557 1593 -1
794 1593 -1
620 1593 -1
742 1593 -1
557 1253 -1
546 3151 -1
1871 3848 -1
1871 3618 -1
1871 3751 -1
2866 3527 -1
2856 3527 -1
3194 3527 -1
2988 3527 -1
1924 3974 -1
1685 3974 -1
1998 3974 -1
1847 3974 -1
2799 3741 -1
2799 3844 -1
1050 3303 -1
924 3303 -1
890 3303 -1
964 3303 -1
837 3303 -1
2378 2849 -1
2378 2882 -1
2378 3052 -1
2378 2867 -1
2378 2901 -1
2378 3158 -1
2378 3133 -1
2378 3125 -1
2035 3817 -1
2052 3817 -1
1767 3817 -1
2057 3817 -1
1940 3817 -1
1879 3817 -1
1656 3817 -1
2035 3624 -1
2035 3649 -1
2035 3909 -1
2035 3727 -1
241 3568 -1
257 3568 -1
105 3568 -1
11 3568 -1
49 3568 -1
52 3568 -1
297 3568 -1
241 3458 -1
241 3366 -1
241 3304 -1
241 3401 -1
241 3311 -1
241 3508 -1
241 3512 -1
241 3289 -1
241 3419 -1
241 3358 -1
791 2732 -1
385 2732 -1
662 2732 -1
503 2732 -1
791 2688 -1
791 2556 -1
791 2485 -1
791 2493 -1
1131 2914 -1
1064 2914 -1
1105 2914 -1
1710 2841 -1
2056 2841 -1
1966 3809 -1
2038 3809 -1
1931 3809 -1
1709 3809 -1
1694 3809 -1
1905 3809 -1
1552 2259 -1
1809 3984 -1
1854 2698 -1
1777 2698 -1
1787 2698 -1
1702 2698 -1
2041 2698 -1
1854 2479 -1
1256 2838 -1
1625 2838 -1
1242 2838 -1
1442 2838 -1
1521 2838 -1
1256 3018 -1
1256 3123 -1
1256 3013 -1
1256 2886 -1
1256 3093 -1
1865 3636 -1
1923 3636 -1
1865 3959 -1
1209 2806 -1
864 2806 -1
945 2806 -1
1228 2806 -1
965 2806 -1
854 2806 -1
3498 3974 -1
3299 3974 -1
3555 3974 -1
3588 3974 -1
3405 3974 -1
3541 3974 -1
1391 3262 -1
1560 3262 -1
1356 3262 -1
800 2995 -1
1072 3256 -1
833 3256 -1
1156 3256 -1
840 3256 -1
948 3256 -1
1109 3256 -1
1023 3256 -1
515 3206 -1
609 3206 -1
515 2927 -1
592 3418 -1
518 3418 -1
550 3418 -1
424 3418 -1
490 3418 -1
429 3418 -1
687 3418 -1
661 3418 -1
379 3418 -1
592 3288 -1
592 3280 -1
592 3386 -1
592 3546 -1
1538 3148 -1
1454 3148 -1
1591 3148 -1
1538 3152 -1
1538 2926 -1
1538 3006 -1
2186 3802 -1
2186 3936 -1
2186 3689 -1
2186 3997 -1
2186 3950 -1
2186 3913 -1
2065 3095 -1
2022 2514 -1
1649 2514 -1
1691 2514 -1
1812 2514 -1
1918 2514 -1
2022 2553 -1
2022 2778 -1
2022 2770 -1
2022 2678 -1
2136 2930 -1
2200 2930 -1
2357 2930 -1
2136 2912 -1
2812 3867 -1
2812 3661 -1
2251 3468 -1
2120 3468 -1
2210 3468 -1
2204 3468 -1
2251 3371 -1
1472 3481 -1
1501 3481 -1
1472 3576 -1
1472 3328 -1
1472 3447 -1
1472 3587 -1
1472 3233 -1
1264 2570 -1
114 2795 -1
337 2795 -1
182 2795 -1
126 2795 -1
343 2795 -1
114 2637 -1
1730 3959 -1
1730 3636 -1
2944 3547 -1
2890 3547 -1
3207 3547 -1
2944 3424 -1
1346 3566 -1
1512 3566 -1
1249 3566 -1
1425 3566 -1
1284 3566 -1
1316 3566 -1
1346 3266 -1
1346 3235 -1
1346 3557 -1
1346 3414 -1
491 2615 -1
790 2615 -1
807 2615 -1
396 2615 -1
397 2615 -1
782 2615 -1
465 2615 -1
594 2615 -1
534 2615 -1
504 2615 -1
735 2615 -1
766 2615 -1
773 2615 -1
491 2651 -1
491 2428 -1
491 2726 -1
491 2486 -1
2040 3632 -1
1946 3632 -1
1821 3632 -1
2062 3632 -1
2040 3729 -1
226 3768 -1
226 3787 -1
1610 2200 -1
1258 2200 -1
1259 2200 -1
1517 2200 -1
1366 2200 -1
1470 2200 -1
1631 2200 -1
1610 2136 -1
1610 2357 -1
3200 3744 -1
3082 3744 -1
3154 3744 -1
2922 3744 -1
2991 3744 -1
1270 2318 -1
1270 2273 -1
1270 2236 -1
2149 2671 -1
2132 2671 -1
2069 2646 -1
2069 2592 -1
2069 2736 -1
2069 2674 -1
2069 2579 -1
2069 2509 -1
1198 1504 -1
1125 1504 -1
1129 1504 -1
855 1504 -1
1069 1504 -1
879 1504 -1
1010 1504 -1
914 1504 -1
919 1504 -1
830 1504 -1
907 3791 -1
907 3825 -1
3400 3739 -1
3400 3968 -1
3400 3873 -1
3400 3940 -1
3400 3911 -1
3400 3983 -1
3400 3643 -1
1888 3507 -1
1888 3493 -1
1827 3636 -1
2001 3636 -1
1935 3636 -1
1783 3636 -1
1827 3959 -1
1453 3583 -1
1453 3537 -1
1453 3586 -1
1453 3267 -1
1453 3484 -1
417 3526 -1
625 3526 -1
635 3526 -1
374 3526 -1
1848 2963 -1
1848 2818 -1
1848 2947 -1
1848 2959 -1
1848 3026 -1
1848 2810 -1
1848 3036 -1
1848 2846 -1
1900 3629 -1
1842 3629 -1
1707 3629 -1
1671 3629 -1
1900 3754 -1
1900 3963 -1
231 1711 -1
257 1711 -1
75 1711 -1
212 1711 -1
339 1711 -1
11 1711 -1
49 1711 -1
147 1711 -1
148 1711 -1
121 1711 -1
250 1711 -1
351 1711 -1
811 3041 -1
738 3041 -1
811 3010 -1
811 3075 -1
811 2820 -1
811 3224 -1
811 3160 -1
811 2873 -1
811 2911 -1
1927 3938 -1
1927 3623 -1
1053 3137 -1
1113 3137 -1
1123 3137 -1
1204 3137 -1
939 3137 -1
3502 3785 -1
3236 3785 -1
3238 3785 -1
3367 3785 -1
3594 3785 -1
3435 3785 -1
3540 3785 -1
3416 3785 -1
2012 3842 -1
1936 3842 -1
1666 3842 -1
1831 3842 -1
1735 3842 -1
2064 3842 -1
2042 3842 -1
2012 3795 -1
2012 3756 -1
2012 3973 -1
2372 2800 -1
2397 2800 -1
1302 2125 -1
1571 2125 -1
1451 2125 -1
1452 2125 -1
1587 2125 -1
1332 2125 -1
1594 2125 -1
3055 3923 -1
3169 3923 -1
3055 3799 -1
1144 3007 -1
942 3007 -1
532 3120 -1
626 3120 -1
418 3120 -1
2293 2655 -1
787 1870 -1
787 2001 -1
787 1922 -1
787 1783 -1
2891 3961 -1
2816 3961 -1
3009 3961 -1
3141 3961 -1
3142 3961 -1
3163 3961 -1
3037 3961 -1
2891 3786 -1
2891 3631 -1
1409 3333 -1
1377 3333 -1
1259 3333 -1
1574 3333 -1
1631 3333 -1
1722 2465 -1
1722 2500 -1
1722 2600 -1
1722 2601 -1
1722 2451 -1
1722 2708 -1
1722 2746 -1
823 3046 -1
1011 3046 -1
887 2846 -1
1203 2846 -1
1117 2846 -1
1078 2846 -1
1207 2846 -1
887 2818 -1
887 2947 -1
887 2852 -1
887 3077 -1
887 2959 -1
887 3026 -1
887 2963 -1
887 2810 -1
887 3035 -1
887 3036 -1
557 865 -1
794 865 -1
620 865 -1
742 865 -1
557 959 -1
2059 3999 -1
1766 3999 -1
845 1576 -1
1020 1576 -1
958 1576 -1
845 1400 -1
845 1326 -1
1348 3295 -1
1573 3295 -1
1348 3291 -1
1923 3738 -1
1865 3738 -1
1923 3988 -1
1347 3347 -1
1611 3347 -1
1555 3347 -1
1518 3347 -1
1406 3347 -1
1450 3347 -1
1296 2099 -1
1296 2265 -1
1296 2250 -1
1296 2422 -1
445 1571 -1
445 1451 -1
445 1452 -1
445 1587 -1
445 1332 -1
445 1302 -1
445 1594 -1
445 1535 -1
212 2378 -1
257 2378 -1
75 2378 -1
231 2378 -1
11 2378 -1
49 2378 -1
339 2378 -1
148 2378 -1
250 2378 -1
351 2378 -1
1107 3322 -1
2334 3870 -1
2334 3649 -1
2334 3727 -1
1873 3720 -1
1874 3720 -1
1715 3720 -1
1820 3720 -1
1658 3720 -1
1662 3720 -1
889 3032 -1
1246 2318 -1
1246 2273 -1
1246 2236 -1
49 1854 -1
257 1854 -1
194 1854 -1
75 1854 -1
212 1854 -1
70 1854 -1
231 1854 -1
360 1854 -1
105 1854 -1
11 1854 -1
241 1854 -1
242 1854 -1
339 1854 -1
148 1854 -1
297 1854 -1
52 1854 -1
90 1854 -1
250 1854 -1
351 1854 -1
49 1777 -1
49 1787 -1
49 1702 -1
49 2041 -1
1721 3927 -1
1840 3927 -1
1697 3927 -1
1822 3927 -1
2046 3927 -1
2014 3927 -1
1773 3726 -1
1773 3869 -1
1885 3855 -1
1856 3855 -1
1698 3855 -1
1962 3855 -1
1779 3855 -1
1951 3855 -1
2013 3855 -1
2015 3855 -1
1885 3816 -1
888 3151 -1
876 3151 -1
974 3151 -1
1232 3151 -1
849 3151 -1
915 3151 -1
1141 3151 -1
2420 2851 -1
2371 2851 -1
2406 2851 -1
2343 2851 -1
2152 2851 -1
2409 2851 -1
2128 2851 -1
2258 2851 -1
2396 2851 -1
2420 2984 -1
2420 2929 -1
2420 3090 -1
2420 3038 -1
1156 1457 -1
833 1457 -1
840 1457 -1
1072 1457 -1
1009 1457 -1
948 1457 -1
1109 1457 -1
1023 1457 -1
383 1819 -1
640 1819 -1
578 1819 -1
585 2820 -1
585 3041 -1
585 3010 -1
585 3075 -1
585 3224 -1
585 3160 -1
585 2873 -1
585 2911 -1
1521 2270 -1
1256 2270 -1
1625 2270 -1
1242 2270 -1
1442 2270 -1
710 1154 -1
1227 1440 -1
1227 1628 -1
2039 3627 -1
2001 3627 -1
1783 3627 -1
1935 3627 -1
2039 3620 -1
2039 3752 -1
2039 3996 -1
2039 3755 -1
2039 3757 -1
2039 3704 -1
2039 3676 -1
2039 3615 -1
1265 2357 -1
1265 2200 -1
1265 2136 -1
397 3767 -1
534 3767 -1
491 3767 -1
782 3767 -1
790 3767 -1
735 3767 -1
766 3767 -1
773 3767 -1
2057 3738 -1
2052 3738 -1
1767 3738 -1
2035 3738 -1
1940 3738 -1
1879 3738 -1
1656 3738 -1
2057 3988 -1
1949 3167 -1
1949 3042 -1
1949 2946 -1
1949 3115 -1
1949 2885 -1
1949 2855 -1
1880 2566 -1
1720 2566 -1
1676 2566 -1
1797 2566 -1
1880 2757 -1
26 2409 -1
26 2371 -1
26 2406 -1
26 2343 -1
26 2152 -1
26 2345 -1
26 2128 -1
26 2258 -1
26 2163 -1
26 2420 -1
26 2364 -1
26 2299 -1
26 2396 -1
1713 3759 -1
1713 3602 -1
921 2512 -1
826 2512 -1
2614 3564 -1
2611 3564 -1
2621 3564 -1
2614 3301 -1
1383 3735 -1
1329 3735 -1
1363 3735 -1
1383 3968 -1
1383 3873 -1
1383 3941 -1
1383 3886 -1
1383 3918 -1
1383 3833 -1
2404 3621 -1
2209 3621 -1
2414 3621 -1
1549 2907 -1
1294 2225 -1
1294 2411 -1
1294 2219 -1
1294 2180 -1
636 1169 -1
604 1169 -1
692 1169 -1
2327 3823 -1
1989 3762 -1
1989 3620 -1
1989 3944 -1
1989 3752 -1
1989 3757 -1
1989 3953 -1
1989 3704 -1
1989 3996 -1
114 2531 -1
337 2531 -1
182 2531 -1
126 2531 -1
343 2531 -1
114 2546 -1
114 2557 -1
114 2630 -1
1533 3529 -1
3283 3778 -1
3283 3826 -1
3283 3690 -1
3283 3730 -1
1992 2495 -1
2029 2495 -1
2005 2495 -1
1717 2495 -1
1992 2697 -1
1992 2756 -1
1992 2439 -1
3097 3435 -1
2843 3435 -1
3097 3491 -1
3097 3236 -1
3097 3238 -1
3097 3367 -1
3097 3594 -1
3097 3243 -1
3097 3502 -1
3097 3475 -1
3097 3540 -1
3097 3416 -1
3097 3548 -1
1765 3625 -1
1729 3625 -1
1795 3625 -1
290 2523 -1
290 2473 -1
290 2645 -1
1027 3342 -1
1027 3385 -1
1741 3634 -1
1996 3970 -1
1753 3970 -1
1996 3663 -1
542 2373 -1
542 2223 -1
2413 3468 -1
2241 3468 -1
2309 3468 -1
2093 3468 -1
2351 3468 -1
2325 3468 -1
2139 3468 -1
2389 3468 -1
2413 3371 -1
1709 3774 -1
1905 3774 -1
1931 3774 -1
1694 3774 -1
2038 3774 -1
1966 3774 -1
150 2484 -1
1955 3786 -1
1919 3786 -1
1955 3961 -1
1955 3631 -1
1557 2264 -1
1488 2264 -1
1465 2264 -1
1603 2264 -1
1422 2264 -1
1794 3856 -1
1896 3856 -1
1754 3856 -1
1858 3856 -1
1781 3856 -1
1749 3856 -1
1794 3699 -1
1966 3734 -1
2038 3734 -1
1931 3734 -1
1709 3734 -1
1694 3734 -1
1905 3734 -1
1966 3976 -1
1966 3875 -1
1966 3702 -1
409 1134 -1
627 1134 -1
806 3124 -1
806 3088 -1
806 3178 -1
806 2987 -1
806 2858 -1
806 2935 -1
1374 2153 -1
1374 2088 -1
1374 2170 -1
1374 2375 -1
2149 3415 -1
2132 3415 -1
2149 3441 -1
2963 3661 -1
2818 3661 -1
2947 3661 -1
2959 3661 -1
3026 3661 -1
2810 3661 -1
3036 3661 -1
2846 3661 -1
2963 3867 -1
2421 3512 -1
2078 3512 -1
2238 3512 -1
2421 3458 -1
2421 3366 -1
2421 3304 -1
2421 3401 -1
2421 3568 -1
2421 3508 -1
2222 3534 -1
2222 3593 -1
2222 3407 -1
2222 3445 -1
2222 3279 -1
2222 3485 -1
2222 3326 -1
1846 3630 -1
2000 3630 -1
1977 3630 -1
1692 3630 -1
2052 3630 -1
1767 3630 -1
923 3043 -1
1152 3043 -1
998 3043 -1
905 3043 -1
906 3043 -1
1039 3043 -1
979 3043 -1
1145 3043 -1
1212 3043 -1
1002 3043 -1
923 2837 -1
486 2860 -1
467 2860 -1
815 2860 -1
486 2863 -1
1755 3815 -1
2804 3752 -1
2804 3620 -1
2804 3953 -1
2804 3944 -1
2804 3996 -1
2804 3627 -1
2804 3757 -1
2804 3697 -1
2804 3762 -1
2804 3704 -1
2804 3676 -1
1850 3918 -1
1850 3833 -1
1850 3941 -1
1850 3735 -1
1859 3321 -1
1005 1717 -1
1026 1717 -1
1036 1717 -1
1005 1992 -1
1005 2005 -1
1005 2029 -1
142 2752 -1
190 2752 -1
142 2718 -1
1367 2191 -1
1367 2104 -1
1367 2402 -1
1367 2131 -1
1626 3566 -1
1396 3566 -1
1590 3566 -1
1626 3266 -1
1626 3235 -1
1626 3557 -1
1626 3414 -1
923 3042 -1
1152 3042 -1
998 3042 -1
905 3042 -1
906 3042 -1
1039 3042 -1
979 3042 -1
1145 3042 -1
1212 3042 -1
1002 3042 -1
923 2946 -1
923 2885 -1
923 2855 -1
923 3018 -1
923 3115 -1
923 3167 -1
923 3013 -1
828 3118 -1
918 3118 -1
2084 3415 -1
2387 3415 -1
2260 3415 -1
2084 3441 -1
1369 3478 -1
75 2429 -1
257 2429 -1
231 2429 -1
11 2429 -1
49 2429 -1
339 2429 -1
148 2429 -1
212 2429 -1
250 2429 -1
351 2429 -1
75 2716 -1
75 2685 -1
712 865 -1
712 959 -1
3084 3744 -1
2859 3744 -1
1440 2364 -1
1628 2364 -1
1440 2371 -1
1440 2345 -1
1440 2380 -1
1440 2096 -1
1440 2367 -1
1440 2163 -1
1440 2409 -1
1440 2299 -1
1440 2110 -1
1440 2271 -1
218 2576 -1
218 2436 -1
218 2597 -1
218 2472 -1
218 2451 -1
218 2520 -1
218 2500 -1
218 2591 -1
2373 3475 -1
2223 3475 -1
2373 3435 -1
2373 3548 -1
2373 3491 -1
2373 3236 -1
2373 3243 -1
1959 3603 -1
1793 3603 -1
1954 3603 -1
1903 3603 -1
1732 3603 -1
1673 3603 -1
1959 3830 -1
1959 3850 -1
1959 3822 -1
1959 3664 -1
1959 3633 -1
1959 3763 -1
1959 3790 -1
1959 3766 -1
1959 3770 -1
1959 3933 -1
1959 3669 -1
1059 2816 -1
1059 3009 -1
1059 3141 -1
1059 3142 -1
1059 2891 -1
1059 3163 -1
1059 2940 -1
1059 3037 -1
103 2187 -1
200 2187 -1
193 2187 -1
103 2086 -1
1416 2271 -1
1632 2271 -1
1280 2271 -1
1410 2271 -1
1251 2271 -1
1286 2271 -1
1569 2271 -1
1575 2271 -1
1419 2271 -1
1423 2271 -1
1272 2271 -1
1395 2271 -1
1556 2271 -1
1365 2271 -1
1481 2271 -1
1600 2271 -1
1562 2271 -1
1371 2271 -1
1372 2271 -1
1279 2271 -1
1416 2299 -1
1416 2345 -1
1416 2410 -1
1416 2380 -1
1416 2096 -1
1416 2163 -1
1416 2325 -1
1416 2134 -1
1416 2139 -1
1416 2364 -1
1416 2110 -1
1416 2367 -1
3069 3919 -1
3069 3836 -1
3069 3917 -1
3069 3783 -1
2817 3654 -1
3018 3654 -1
3027 3654 -1
3013 3654 -1
2886 3654 -1
3093 3654 -1
1767 3693 -1
2052 3693 -1
2057 3693 -1
2000 3693 -1
2035 3693 -1
1940 3693 -1
1846 3693 -1
1879 3693 -1
1656 3693 -1
1977 3693 -1
1692 3693 -1
1297 3759 -1
1392 3759 -1
1486 3759 -1
1297 3602 -1
2028 3724 -1
1813 3724 -1
1161 3677 -1
3448 3918 -1
3448 3833 -1
3448 3941 -1
3448 3735 -1
482 2506 -1
482 2529 -1
482 2725 -1
482 2664 -1
482 2476 -1
482 2543 -1
482 2632 -1
482 2582 -1
482 2780 -1
1171 1314 -1
1004 1314 -1
989 1314 -1
1050 3191 -1
924 3191 -1
890 3191 -1
964 3191 -1
837 3191 -1
1050 2945 -1
1206 1415 -1
2829 3960 -1
2354 2436 -1
2194 2436 -1
2354 2576 -1
2354 2451 -1
2354 2500 -1
2354 2597 -1
828 2954 -1
918 2954 -1
1209 3144 -1
864 3144 -1
945 3144 -1
1228 3144 -1
965 3144 -1
854 3144 -1
1209 3089 -1
1209 3132 -1
1209 2958 -1
403 3050 -1
392 3050 -1
685 3050 -1
797 3050 -1
767 3050 -1
403 3166 -1
1027 2961 -1
3187 3708 -1
3187 3851 -1
3187 3813 -1
3187 3893 -1
2287 3329 -1
2287 3313 -1
1381 2160 -1
1381 2377 -1
1381 2298 -1
1381 2076 -1
1381 2382 -1
1205 3177 -1
1184 3177 -1
1160 3177 -1
839 3177 -1
1205 3092 -1
1205 3063 -1
1845 3681 -1
1211 1886 -1
1122 1886 -1
996 1886 -1
1159 1886 -1
1132 1886 -1
1186 1886 -1
1007 1886 -1
850 1886 -1
1108 1886 -1
1013 1886 -1
856 1886 -1
1220 1886 -1
1052 1886 -1
1086 1886 -1
1992 3786 -1
2029 3786 -1
2005 3786 -1
1717 3786 -1
1992 3961 -1
1992 3631 -1
1495 3567 -1
1495 3384 -1
1495 3569 -1
1951 2374 -1
1856 2374 -1
1698 2374 -1
1962 2374 -1
2013 2374 -1
1779 2374 -1
1885 2374 -1
2015 2374 -1
1951 2361 -1
1951 2342 -1
1951 2254 -1
607 1120 -1
690 1120 -1
559 1120 -1
1840 3969 -1
1697 3969 -1
1721 3969 -1
1822 3969 -1
2014 3969 -1
2046 3969 -1
1840 3840 -1
1840 3687 -1
2413 3425 -1
2241 3425 -1
2309 3425 -1
2093 3425 -1
2351 3425 -1
2325 3425 -1
2139 3425 -1
2389 3425 -1
1712 2293 -1
1921 2293 -1
1987 2293 -1
1860 2293 -1
2055 2293 -1
2030 2293 -1
1967 2293 -1
1684 2293 -1
1784 2293 -1
1788 2293 -1
1983 2293 -1
792 1120 -1
569 1120 -1
451 1120 -1
889 3167 -1
889 3042 -1
889 2946 -1
889 3115 -1
889 2885 -1
889 2855 -1
1165 2429 -1
1165 2716 -1
1165 2685 -1
3029 3870 -1
3036 3870 -1
2959 3870 -1
3029 3649 -1
3029 3727 -1
1154 3164 -1
1154 3219 -1
1154 2847 -1
1491 3947 -1
1147 3110 -1
1147 2909 -1
978 3110 -1
955 3110 -1
884 3110 -1
978 2909 -1
1540 3529 -1
1077 2400 -1
1433 3610 -1
1464 3610 -1
1243 3610 -1
1478 3610 -1
779 2942 -1
464 2942 -1
393 2942 -1
311 2751 -1
311 2649 -1
65 2263 -1
321 2263 -1
255 2263 -1
3187 3661 -1
3187 3867 -1
307 3678 -1
1322 2343 -1
1322 2371 -1
1322 2406 -1
1322 2152 -1
1322 2409 -1
1322 2128 -1
1322 2258 -1
1322 2420 -1
1322 2396 -1
2919 3759 -1
3100 3759 -1
2919 3602 -1
1482 2318 -1
1482 2273 -1
1482 2236 -1
717 3788 -1
717 3683 -1
717 3860 -1
717 3807 -1
95 3425 -1
289 3425 -1
244 3425 -1
326 3425 -1
39 3425 -1
513 3050 -1
513 3166 -1
777 1077 -1
493 1077 -1
280 2647 -1
329 2647 -1
357 2647 -1
230 2647 -1
280 2762 -1
280 2586 -1
280 2445 -1
1556 2914 -1
1632 2914 -1
1280 2914 -1
1410 2914 -1
1251 2914 -1
1416 2914 -1
1419 2914 -1
1562 2914 -1
1371 2914 -1
1279 2914 -1
2018 3933 -1
2018 3766 -1
2018 3850 -1
2018 3822 -1
2018 3664 -1
2018 3633 -1
2018 3763 -1
2018 3603 -1
2018 3790 -1
2018 3830 -1
2018 3770 -1
2018 3669 -1
360 898 -1
49 898 -1
90 898 -1
11 898 -1
194 898 -1
70 898 -1
360 1094 -1
360 1221 -1
360 1046 -1
228 2667 -1
289 2667 -1
154 2667 -1
341 2667 -1
38 2667 -1
39 2667 -1
228 2765 -1
228 2692 -1
228 2573 -1
228 2503 -1
1913 3956 -1
1664 3956 -1
1672 3956 -1
2025 3956 -1
1913 3772 -1
1913 3989 -1
1532 3428 -1
1520 3428 -1
1293 3428 -1
1629 3428 -1
1373 3428 -1
1255 3428 -1
796 1490 -1
470 1490 -1
796 1435 -1
1355 3625 -1
1240 3625 -1
1623 3625 -1
821 3188 -1
971 3188 -1
1542 2198 -1
1301 2198 -1
1358 2198 -1
1542 2241 -1
1542 2276 -1
1542 2309 -1
1542 2315 -1
1542 2156 -1
1542 2351 -1
1542 2195 -1
1542 2295 -1
1123 2889 -1
1113 2889 -1
939 2889 -1
1204 2889 -1
1053 2889 -1
1123 2946 -1
1123 2884 -1
1123 2885 -1
1035 1513 -1
1035 1360 -1
1035 1421 -1
1035 1407 -1
3400 3830 -1
3400 3850 -1
3400 3822 -1
3400 3664 -1
3400 3633 -1
3400 3763 -1
3400 3603 -1
3400 3790 -1
3400 3766 -1
3400 3770 -1
3400 3933 -1
3400 3669 -1
2165 2655 -1
2891 3625 -1
2816 3625 -1
3009 3625 -1
3141 3625 -1
3142 3625 -1
3163 3625 -1
3037 3625 -1
1178 3209 -1
981 3209 -1
1178 2899 -1
1178 2989 -1
1178 3205 -1
2095 2426 -1
906 3689 -1
1145 3689 -1
923 3689 -1
979 3689 -1
906 3936 -1
906 3913 -1
906 3802 -1
906 3997 -1
906 3950 -1
916 3548 -1
916 3435 -1
916 3236 -1
916 3491 -1
916 3475 -1
916 3243 -1
1154 1830 -1
3049 3813 -1
3049 3851 -1
3049 3708 -1
3049 3893 -1
3151 3813 -1
3151 3851 -1
3151 3708 -1
3151 3893 -1
570 3132 -1
570 3144 -1
570 3089 -1
570 2932 -1
570 2958 -1
920 1700 -1
691 1016 -1
1282 2345 -1
1282 2371 -1
1282 2409 -1
1282 2380 -1
1282 2096 -1
1282 2163 -1
1282 2299 -1
1282 2271 -1
1282 2364 -1
1282 2110 -1
1282 2367 -1
2660 2930 -1
2660 2912 -1
1139 2136 -1
1139 2200 -1
1139 2357 -1
688 2347 -1
688 2281 -1
688 2268 -1
1471 3648 -1
1445 3648 -1
1335 3648 -1
689 3943 -1
1945 3765 -1
1945 3896 -1
1945 3773 -1
1945 3926 -1
1159 1603 -1
1122 1603 -1
996 1603 -1
1132 1603 -1
1186 1603 -1
1007 1603 -1
856 1603 -1
1211 1603 -1
1052 1603 -1
1159 1488 -1
1159 1465 -1
1159 1557 -1
1159 1422 -1
394 1089 -1
721 1089 -1
518 1089 -1
462 1089 -1
687 1089 -1
394 1229 -1
738 1490 -1
811 1490 -1
738 1435 -1
578 1363 -1
640 1363 -1
612 1363 -1
383 1363 -1
578 1329 -1
578 1383 -1
1628 2265 -1
1440 2265 -1
1628 2250 -1
1628 2099 -1
1628 2422 -1
1201 2063 -1
961 2063 -1
1003 2063 -1
993 2063 -1
1201 1947 -1
3046 3771 -1
3046 3875 -1
3046 3981 -1
3046 3702 -1
560 963 -1
551 963 -1
1300 3252 -1
1550 3252 -1
1287 3252 -1
1300 3338 -1
2400 2756 -1
2400 2697 -1
2400 2439 -1
2400 2495 -1
2531 3446 -1
2546 3446 -1
2557 3446 -1
2630 3446 -1
1777 3741 -1
1787 3741 -1
1854 3741 -1
1777 3844 -1
2158 3907 -1
2158 3616 -1
2158 3971 -1
2158 3782 -1
2158 3977 -1
2158 3850 -1
2158 3820 -1
2158 3633 -1
2158 3955 -1
2158 3701 -1
2158 3895 -1
3038 3916 -1
2984 3916 -1
2929 3916 -1
3090 3916 -1
2851 3916 -1
3171 3793 -1
238 3474 -1
494 1069 -1
517 1069 -1
616 1069 -1
457 1069 -1
714 1069 -1
715 1069 -1
496 1069 -1
520 1069 -1
494 1125 -1
494 830 -1
494 1198 -1
774 1195 -1
925 3662 -1
925 3882 -1
1448 2086 -1
1448 2187 -1
1471 2839 -1
1445 2839 -1
1335 2839 -1
802 3092 -1
584 3092 -1
802 3177 -1
802 3063 -1
499 945 -1
754 945 -1
435 945 -1
499 864 -1
499 1209 -1
499 1228 -1
499 965 -1
499 854 -1
1085 3363 -1
1123 1487 -1
1113 1487 -1
939 1487 -1
1204 1487 -1
1053 1487 -1
1630 3723 -1
1630 3709 -1
1558 2244 -1
1638 3152 -1
1638 3148 -1
1638 2926 -1
1638 3006 -1
1587 2140 -1
1571 2140 -1
1451 2140 -1
1452 2140 -1
1332 2140 -1
1302 2140 -1
1594 2140 -1
1587 2384 -1
3321 3602 -1
3321 3759 -1
1593 3723 -1
1253 3723 -1
1593 3709 -1
1525 3595 -1
1525 3395 -1
1525 3305 -1
1525 3346 -1
1525 3383 -1
1525 3290 -1
1525 3419 -1
1525 3324 -1
1525 3358 -1
1908 3668 -1
2044 3668 -1
1981 3668 -1
642 3120 -1
1867 3575 -1
1939 3575 -1
1637 3575 -1
1867 3402 -1
1867 3307 -1
1867 3525 -1
529 1768 -1
422 1768 -1
587 1768 -1
588 1768 -1
495 1768 -1
404 1768 -1
380 1768 -1
509 1768 -1
260 2708 -1
260 2465 -1
260 2500 -1
260 2600 -1
260 2601 -1
260 2451 -1
260 2746 -1
260 2717 -1
260 2686 -1
3126 3627 -1
3208 3627 -1
2881 3627 -1
3066 3627 -1
3218 3627 -1
3126 3620 -1
3126 3752 -1
3126 3996 -1
3126 3755 -1
3126 3757 -1
3126 3704 -1
3126 3676 -1
3126 3615 -1
3567 3602 -1
3384 3602 -1
3569 3602 -1
3567 3759 -1
715 3158 -1
517 3158 -1
616 3158 -1
457 3158 -1
714 3158 -1
494 3158 -1
496 3158 -1
520 3158 -1
715 2849 -1
715 2882 -1
715 3052 -1
715 2867 -1
715 3125 -1
715 3133 -1
1004 3127 -1
1171 3127 -1
989 3127 -1
766 1480 -1
790 1480 -1
807 1480 -1
491 1480 -1
396 1480 -1
397 1480 -1
782 1480 -1
465 1480 -1
594 1480 -1
534 1480 -1
504 1480 -1
735 1480 -1
773 1480 -1
538 1084 -1
561 1084 -1
553 1084 -1
369 1084 -1
538 1070 -1
2947 3840 -1
2818 3840 -1
2852 3840 -1
3077 3840 -1
2959 3840 -1
3026 3840 -1
2963 3840 -1
2810 3840 -1
3035 3840 -1
3036 3840 -1
2846 3840 -1
2947 3969 -1
2947 3687 -1
1547 3343 -1
1634 3343 -1
1250 3343 -1
1402 3343 -1
1500 3343 -1
1469 3343 -1
1547 3411 -1
1547 3510 -1
236 2590 -1
14 2590 -1
236 2520 -1
236 2472 -1
236 2515 -1
3577 3720 -1
3284 3720 -1
426 1069 -1
628 1069 -1
426 1125 -1
426 830 -1
426 1198 -1
3045 3611 -1
3045 3904 -1
3045 3986 -1
3045 3651 -1
3045 3780 -1
250 2504 -1
257 2504 -1
75 2504 -1
231 2504 -1
11 2504 -1
49 2504 -1
339 2504 -1
148 2504 -1
212 2504 -1
351 2504 -1
250 2481 -1
250 2505 -1
250 2687 -1
121 2460 -1
351 2460 -1
147 2460 -1
231 2460 -1
1461 3195 -1
748 2933 -1
2186 3636 -1
2186 3959 -1
2022 2512 -1
1649 2512 -1
1691 2512 -1
1812 2512 -1
1918 2512 -1
1974 3645 -1
1974 3794 -1
1974 3740 -1
1974 3781 -1
389 3586 -1
746 3586 -1
371 3586 -1
668 3586 -1
698 3586 -1
389 3267 -1
389 3407 -1
389 3537 -1
389 3282 -1
389 3379 -1
389 3445 -1
389 3484 -1
389 3485 -1
389 3583 -1
1927 3630 -1
964 1992 -1
1050 1992 -1
890 1992 -1
924 1992 -1
837 1992 -1
964 2029 -1
964 2005 -1
964 1717 -1
1467 2170 -1
1467 2088 -1
1467 2153 -1
1467 2375 -1
261 1070 -1
227 1070 -1
29 1070 -1
208 1070 -1
344 1070 -1
125 1070 -1
319 1070 -1
261 1084 -1
1223 1347 -1
1223 1611 -1
1223 1555 -1
1223 1518 -1
1223 1406 -1
1223 1450 -1
3565 3943 -1
3536 3943 -1
3534 3855 -1
3593 3855 -1
3407 3855 -1
3445 3855 -1
3279 3855 -1
3485 3855 -1
3326 3855 -1
3534 3816 -1
2384 3457 -1
2140 3457 -1
1889 3741 -1
2041 3741 -1
1714 3741 -1
1866 3741 -1
1702 3741 -1
1743 3741 -1
1889 3844 -1
1852 3983 -1
1843 3983 -1
1964 3983 -1
2053 3983 -1
1667 3983 -1
1791 3983 -1
1852 3739 -1
1852 3940 -1
1852 3911 -1
1439 2105 -1
1568 2105 -1
1477 2105 -1
1764 3731 -1
1764 3881 -1
2335 2475 -1
480 2072 -1
1471 3030 -1
1445 3030 -1
1335 3030 -1
1471 3016 -1
1471 2908 -1
1739 2295 -1
1636 2295 -1
1739 2241 -1
1739 2309 -1
1739 2315 -1
1739 2351 -1
1739 2195 -1
1739 2198 -1
2818 3720 -1
2947 3720 -1
2959 3720 -1
3026 3720 -1
2963 3720 -1
2810 3720 -1
3036 3720 -1
2846 3720 -1
1951 3133 -1
1856 3133 -1
1698 3133 -1
1962 3133 -1
2013 3133 -1
1779 3133 -1
1885 3133 -1
2015 3133 -1
1951 2849 -1
1951 2882 -1
1951 3052 -1
1951 2867 -1
1951 3125 -1
1951 3158 -1
1214 2946 -1
1214 3042 -1
1214 2884 -1
1214 2885 -1
1214 2886 -1
1214 2855 -1
1214 2889 -1
1214 3115 -1
1214 3093 -1
1214 3167 -1
1265 2405 -1
1914 2194 -1
1998 2194 -1
1847 2194 -1
1914 2354 -1
1333 2162 -1
1379 2209 -1
1379 2404 -1
1379 2414 -1
3528 3647 -1
3528 3779 -1
3528 3892 -1
3056 3854 -1
2319 3853 -1
2177 3853 -1
2161 3853 -1
2319 3653 -1
2047 3773 -1
1825 3773 -1
1839 3773 -1
2047 3896 -1
2047 3765 -1
2047 3926 -1
2804 3650 -1
1453 3855 -1
1453 3816 -1
352 2681 -1
352 2769 -1
352 2676 -1
352 2734 -1
352 2622 -1
1713 3673 -1
1713 3912 -1
1713 3745 -1
1713 3995 -1
1713 3672 -1
1713 3837 -1
1053 3069 -1
1113 3069 -1
1123 3069 -1
1204 3069 -1
939 3069 -1
169 1052 -1
169 1122 -1
169 996 -1
169 1159 -1
169 1132 -1
169 1186 -1
169 1007 -1
169 856 -1
169 1211 -1
1719 3607 -1
3017 3943 -1
3221 3943 -1
3145 3943 -1
2865 3943 -1
2831 3943 -1
697 1180 -1
1614 3564 -1
1614 3301 -1
2291 3096 -1
680 3156 -1
987 1433 -1
987 1464 -1
987 1243 -1
987 1478 -1
1459 3948 -1
1459 3868 -1
793 3537 -1
793 3586 -1
793 3267 -1
793 3484 -1
793 3583 -1
472 1063 -1
472 1218 -1
472 1213 -1
472 1031 -1
2038 3966 -1
1905 3966 -1
1931 3966 -1
1709 3966 -1
1694 3966 -1
1966 3966 -1
1686 3536 -1
1686 3565 -1
1053 3007 -1
1113 3007 -1
1123 3007 -1
1204 3007 -1
939 3007 -1
1573 3398 -1
1348 3398 -1
2281 3922 -1
2347 3922 -1
2268 3922 -1
497 1109 -1
497 840 -1
497 833 -1
497 1023 -1
497 1156 -1
497 1072 -1
3492 3731 -1
3550 3731 -1
3543 3731 -1
3492 3881 -1
1825 3908 -1
1985 3908 -1
1839 3908 -1
1828 3908 -1
2047 3908 -1
1825 3821 -1
2412 3688 -1
423 3444 -1
769 3444 -1
421 3444 -1
423 3558 -1
423 3591 -1
1022 1970 -1
1300 3123 -1
1550 3123 -1
1287 3123 -1
1300 3018 -1
1300 2886 -1
1300 3013 -1
1300 2838 -1
1300 3093 -1
228 2095 -1
289 2095 -1
154 2095 -1
341 2095 -1
38 2095 -1
39 2095 -1
1934 3785 -1
791 2521 -1
385 2521 -1
662 2521 -1
503 2521 -1
312 3568 -1
312 3458 -1
312 3366 -1
312 3304 -1
312 3401 -1
312 3311 -1
312 3508 -1
312 3512 -1
312 3289 -1
312 3419 -1
312 3358 -1
811 3919 -1
738 3919 -1
811 3836 -1
811 3917 -1
811 3783 -1
1747 2167 -1
1585 2366 -1
1573 2218 -1
1348 2218 -1
1461 2651 -1
1461 2428 -1
1461 2726 -1
1461 2486 -1
1461 2615 -1
1244 3478 -1
1511 3922 -1
922 3264 -1
922 3308 -1
922 3467 -1
922 3276 -1
922 3581 -1
922 3281 -1
922 3549 -1
3188 3623 -1
3188 3938 -1
89 2510 -1
288 2510 -1
923 3011 -1
1152 3011 -1
998 3011 -1
905 3011 -1
906 3011 -1
1039 3011 -1
979 3011 -1
1145 3011 -1
1212 3011 -1
1002 3011 -1
923 3205 -1
923 2920 -1
923 3085 -1
923 2957 -1
923 2899 -1
923 2968 -1
182 2660 -1
272 2660 -1
337 2660 -1
114 2660 -1
126 2660 -1
343 2660 -1
2032 3166 -1
2032 3050 -1
2266 3540 -1
2361 3540 -1
2115 3540 -1
2342 3540 -1
2266 3236 -1
2266 3238 -1
2266 3367 -1
2266 3594 -1
2266 3435 -1
2266 3502 -1
2266 3416 -1
1558 3431 -1
1558 3409 -1
1558 3378 -1
2604 3535 -1
2604 3553 -1
2078 3264 -1
2421 3264 -1
2238 3264 -1
2078 3308 -1
2078 3467 -1
2078 3276 -1
2078 3581 -1
2078 3281 -1
2078 3549 -1
3283 3993 -1
2865 3894 -1
3017 3894 -1
2831 3894 -1
3221 3894 -1
3145 3894 -1
2865 3985 -1
2865 3733 -1
3042 3505 -1
2946 3505 -1
2885 3505 -1
2855 3505 -1
3018 3505 -1
3115 3505 -1
3167 3505 -1
3013 3505 -1
3042 3261 -1
2794 3678 -1
2584 3678 -1
2745 3678 -1
2730 3678 -1
2683 3678 -1
2575 3678 -1
677 1443 -1
422 1041 -1
404 1041 -1
587 1041 -1
588 1041 -1
529 1041 -1
495 1041 -1
422 1102 -1
1735 3837 -1
1936 3837 -1
1666 3837 -1
1831 3837 -1
2064 3837 -1
2042 3837 -1
2012 3837 -1
1735 3672 -1
1735 3673 -1
1735 3995 -1
1735 3912 -1
1735 3745 -1
801 1039 -1
405 1039 -1
801 1152 -1
801 1153 -1
801 998 -1
801 936 -1
801 905 -1
801 1002 -1
801 1163 -1
801 1012 -1
801 1145 -1
801 1210 -1
801 923 -1
801 1212 -1
3245 3911 -1
3245 3968 -1
3245 3873 -1
3245 3739 -1
3245 3940 -1
3245 3983 -1
3245 3643 -1
984 2914 -1
1361 2222 -1
1310 2222 -1
1764 3676 -1
1764 3755 -1
1764 3620 -1
1764 3752 -1
1764 3627 -1
1764 3757 -1
1764 3704 -1
1764 3996 -1
1764 3615 -1
1483 2077 -1
229 2393 -1
2412 2699 -1
2412 2522 -1
2412 2435 -1
2412 2740 -1
2412 2642 -1
2412 2430 -1
2891 3944 -1
2816 3944 -1
3009 3944 -1
3141 3944 -1
3142 3944 -1
3163 3944 -1
3037 3944 -1
2891 3620 -1
2891 3752 -1
2891 3757 -1
2891 3953 -1
2891 3762 -1
2891 3704 -1
2891 3996 -1
748 3042 -1
748 2946 -1
748 2885 -1
748 2855 -1
748 3018 -1
748 3115 -1
748 3167 -1
748 3013 -1
2911 3547 -1
3041 3547 -1
3010 3547 -1
3075 3547 -1
2820 3547 -1
2858 3547 -1
3088 3547 -1
3224 3547 -1
2935 3547 -1
3160 3547 -1
2873 3547 -1
2911 3424 -1
1920 3745 -1
1920 3912 -1
1920 3673 -1
1920 3837 -1
794 2347 -1
731 2347 -1
620 2347 -1
557 2347 -1
742 2347 -1
794 2281 -1
794 2268 -1
227 1124 -1
2 1124 -1
261 1124 -1
125 1124 -1
208 1124 -1
344 1124 -1
29 1124 -1
319 1124 -1
1691 3044 -1
1812 3044 -1
1918 3044 -1
2022 3044 -1
1691 2939 -1
907 3131 -1
907 2803 -1
1597 2312 -1
1368 2312 -1
1581 2312 -1
1751 2362 -1
1978 2362 -1
1745 3838 -1
1366 3852 -1
1344 3852 -1
1345 3852 -1
1506 3852 -1
1610 3852 -1
1259 3852 -1
1517 3852 -1
1598 3852 -1
1305 3852 -1
1258 3852 -1
1470 3852 -1
1631 3852 -1
1366 3964 -1
1602 2423 -1
1395 2423 -1
1423 2423 -1
3096 3786 -1
3096 3961 -1
3096 3631 -1
1478 2377 -1
1464 2377 -1
1433 2377 -1
1478 2160 -1
1478 2298 -1
1478 2076 -1
1478 2382 -1
1880 2611 -1
1720 2611 -1
1676 2611 -1
1797 2611 -1
1880 2435 -1
1880 2569 -1
1880 2796 -1
1880 2642 -1
1880 2614 -1
1880 2519 -1
1880 2650 -1
1880 2621 -1
1880 2430 -1
471 1041 -1
471 1102 -1
1202 3453 -1
1080 3453 -1
1119 3453 -1
2312 2443 -1
2312 2555 -1
2312 2631 -1
1900 3654 -1
1842 3654 -1
1707 3654 -1
1671 3654 -1
3361 3813 -1
3348 3813 -1
3292 3813 -1
3361 3851 -1
3361 3708 -1
3361 3893 -1
470 1150 -1
796 1150 -1
3208 3332 -1
2881 3332 -1
3066 3332 -1
3218 3332 -1
3126 3332 -1
3208 3380 -1
802 3116 -1
584 3116 -1
1889 3598 -1
2041 3598 -1
1714 3598 -1
1866 3598 -1
1702 3598 -1
1743 3598 -1
1889 3694 -1
584 3204 -1
802 3204 -1
1905 3688 -1
2038 3688 -1
1931 3688 -1
1709 3688 -1
1694 3688 -1
1966 3688 -1
2363 3219 -1
2363 3164 -1
2363 2847 -1
3042 3493 -1
2946 3493 -1
2885 3493 -1
2855 3493 -1
3018 3493 -1
3115 3493 -1
3167 3493 -1
3013 3493 -1
3042 3507 -1
2897 3768 -1
2827 3768 -1
2897 3787 -1
2003 2476 -1
2003 2529 -1
2003 2725 -1
2003 2664 -1
2003 2506 -1
2003 2543 -1
2003 2632 -1
2003 2582 -1
2003 2780 -1
1476 1937 -1
2995 3841 -1
2995 3656 -1
2995 3876 -1
2995 3646 -1
2316 3373 -1
2403 3373 -1
2116 3373 -1
2220 3373 -1
2188 3373 -1
2190 3373 -1
2100 3373 -1
2899 3708 -1
3011 3708 -1
3205 3708 -1
2920 3708 -1
3209 3708 -1
2957 3708 -1
2989 3708 -1
2968 3708 -1
2899 3851 -1
2899 3813 -1
2899 3893 -1
2010 3907 -1
2036 3907 -1
2010 3616 -1
2010 3971 -1
2010 3782 -1
2010 3977 -1
2010 3850 -1
2010 3820 -1
2010 3633 -1
2010 3955 -1
2010 3701 -1
2010 3895 -1
1433 3889 -1
1464 3889 -1
1243 3889 -1
1478 3889 -1
1433 3887 -1
1592 3732 -1
1592 3834 -1
1592 3637 -1
143 989 -1
143 1171 -1
143 1004 -1
1347 3955 -1
1611 3955 -1
1555 3955 -1
1518 3955 -1
1406 3955 -1
1450 3955 -1
1347 3616 -1
1347 3907 -1
1347 3850 -1
1347 3820 -1
1347 3633 -1
1347 3971 -1
1347 3701 -1
1347 3895 -1
898 1351 -1
1094 1351 -1
1221 1351 -1
1046 1351 -1
889 2888 -1
889 2869 -1
228 3410 -1
289 3410 -1
154 3410 -1
341 3410 -1
38 3410 -1
39 3410 -1
228 3538 -1
1633 3401 -1
1633 3458 -1
1633 3366 -1
1633 3304 -1
1633 3311 -1
1633 3568 -1
1633 3508 -1
1633 3512 -1
1633 3419 -1
1633 3358 -1
2314 3576 -1
2415 3576 -1
2314 3328 -1
2314 3481 -1
2314 3447 -1
2314 3587 -1
2314 3233 -1
1486 3562 -1
1392 3562 -1
1297 3562 -1
1165 2767 -1
1586 2278 -1
1586 2346 -1
1586 2308 -1
1554 3891 -1
668 1180 -1
746 1180 -1
371 1180 -1
698 1180 -1
389 1180 -1
2941 3599 -1
2904 3599 -1
3193 3599 -1
2966 3599 -1
3199 3599 -1
1330 2345 -1
1330 2371 -1
1330 2409 -1
1330 2380 -1
1330 2096 -1
1330 2163 -1
1330 2299 -1
1330 2271 -1
1330 2364 -1
1330 2110 -1
1330 2367 -1
3104 3755 -1
3104 3627 -1
3104 3676 -1
3104 3615 -1
583 3206 -1
579 3206 -1
583 2927 -1
1325 2589 -1
1393 2589 -1
516 3257 -1
516 3396 -1
347 2251 -1
185 2251 -1
130 2251 -1
268 2251 -1
347 2120 -1
347 2210 -1
347 2204 -1
1373 2234 -1
1255 2234 -1
1257 2234 -1
1293 2234 -1
1520 2234 -1
1532 2234 -1
1629 2234 -1
2168 2512 -1
2080 3385 -1
2080 3342 -1
845 2093 -1
1020 2093 -1
958 2093 -1
845 2241 -1
845 2309 -1
845 2413 -1
845 2351 -1
845 2389 -1
845 2139 -1
845 2325 -1
182 2645 -1
272 2645 -1
337 2645 -1
114 2645 -1
126 2645 -1
343 2645 -1
182 2473 -1
182 2523 -1
388 972 -1
1610 3566 -1
1258 3566 -1
1259 3566 -1
1517 3566 -1
1366 3566 -1
1470 3566 -1
1631 3566 -1
1610 3266 -1
1610 3235 -1
1610 3557 -1
1610 3414 -1
1128 3413 -1
1128 3473 -1
705 953 -1
440 953 -1
392 953 -1
767 953 -1
647 953 -1
1778 3765 -1
1943 3765 -1
1778 3896 -1
1778 3773 -1
1778 3926 -1
1110 3243 -1
1110 3548 -1
1110 3236 -1
1110 3491 -1
1110 3475 -1
1110 3435 -1
2421 3242 -1
2078 3242 -1
2238 3242 -1
1904 3217 -1
494 2933 -1
517 2933 -1
616 2933 -1
457 2933 -1
714 2933 -1
715 2933 -1
496 2933 -1
520 2933 -1
1540 2180 -1
1540 2225 -1
1540 2411 -1
1540 2219 -1
2286 3258 -1
2097 3258 -1
2203 3258 -1
2286 3271 -1
2319 3893 -1
2177 3893 -1
2161 3893 -1
2319 3851 -1
2319 3708 -1
2319 3813 -1
3338 3733 -1
3252 3733 -1
3338 3985 -1
3338 3894 -1
1171 1992 -1
1004 1992 -1
989 1992 -1
1171 2029 -1
1171 2005 -1
1171 1717 -1
1319 2151 -1
587 882 -1
422 882 -1
588 882 -1
495 882 -1
529 882 -1
404 882 -1
380 882 -1
509 882 -1
587 834 -1
3202 3623 -1
3202 3938 -1
1035 1375 -1
3294 3602 -1
3294 3759 -1
1050 3584 -1
924 3584 -1
890 3584 -1
964 3584 -1
837 3584 -1
1067 3370 -1
1166 3370 -1
2023 3928 -1
1666 3928 -1
1831 3928 -1
1945 3931 -1
1586 3566 -1
1586 3266 -1
1586 3235 -1
1586 3557 -1
1586 3414 -1
134 2922 -1
45 2922 -1
134 3200 -1
134 3154 -1
134 2991 -1
1956 3992 -1
1785 3992 -1
1650 3992 -1
1930 3992 -1
1841 3992 -1
801 1061 -1
405 1061 -1
1088 3593 -1
1088 3326 -1
1088 3534 -1
1088 3279 -1
1549 3028 -1
740 2521 -1
3130 3896 -1
3033 3896 -1
3106 3896 -1
2973 3896 -1
2894 3896 -1
3130 3773 -1
3130 3926 -1
3130 3765 -1
1556 2345 -1
1632 2345 -1
1280 2345 -1
1410 2345 -1
1251 2345 -1
1419 2345 -1
1562 2345 -1
1371 2345 -1
1279 2345 -1
1556 2371 -1
1556 2409 -1
1556 2380 -1
1556 2096 -1
1556 2163 -1
1556 2299 -1
1556 2364 -1
1556 2110 -1
1556 2367 -1
1243 3516 -1
1464 3516 -1
1433 3516 -1
1528 3333 -1
1707 3931 -1
1842 3931 -1
1900 3931 -1
1671 3931 -1
1354 3557 -1
1354 3266 -1
1354 3566 -1
1354 3414 -1
479 3582 -1
1653 2748 -1
1653 2593 -1
1653 2467 -1
1653 2598 -1
1653 2438 -1
1653 2551 -1
1653 2777 -1
1653 2682 -1
3400 3737 -1
3400 3753 -1
1504 3340 -1
669 1595 -1
672 1595 -1
675 1595 -1
429 1595 -1
550 1595 -1
1542 3943 -1
1301 3943 -1
1358 3943 -1
519 2593 -1
641 2593 -1
581 2593 -1
646 2593 -1
521 2593 -1
719 2593 -1
474 2593 -1
519 2467 -1
519 2598 -1
519 2438 -1
519 2551 -1
519 2777 -1
519 2682 -1
519 2748 -1
1379 2112 -1
1379 2067 -1
554 3602 -1
554 3759 -1
1935 2643 -1
1827 2643 -1
2001 2643 -1
1783 2643 -1
2039 2643 -1
1935 2648 -1
114 3173 -1
337 3173 -1
182 3173 -1
126 3173 -1
343 3173 -1
114 2854 -1
2498 3355 -1
2498 3255 -1
1923 3848 -1
1865 3848 -1
1923 3618 -1
1923 3751 -1
2008 3860 -1
2008 3683 -1
2008 3788 -1
2008 3807 -1
1788 2740 -1
1712 2740 -1
1987 2740 -1
1684 2740 -1
2030 2740 -1
2055 2740 -1
1788 2435 -1
1788 2699 -1
1788 2513 -1
1788 2642 -1
1788 2522 -1
1788 2430 -1
509 2995 -1
529 2995 -1
587 2995 -1
380 2995 -1
2021 2715 -1
1826 3078 -1
1944 3078 -1
1683 3078 -1
1457 3503 -1
1457 3337 -1
1457 3524 -1
129 3338 -1
97 3338 -1
6 3338 -1
54 3338 -1
191 3338 -1
129 3252 -1
2803 3807 -1
3131 3807 -1
2803 3860 -1
2803 3683 -1
2803 3788 -1
2992 3617 -1
123 2174 -1
3 2174 -1
42 2174 -1
141 2174 -1
303 2174 -1
151 2174 -1
281 2174 -1
123 2280 -1
123 2282 -1
1032 1522 -1
1032 1263 -1
3220 3643 -1
3134 3643 -1
3220 3968 -1
3220 3873 -1
3220 3739 -1
3220 3940 -1
3220 3911 -1
1951 3811 -1
1856 3811 -1
1698 3811 -1
1962 3811 -1
2013 3811 -1
1779 3811 -1
1885 3811 -1
2015 3811 -1
1951 3722 -1
1951 3717 -1
2662 3574 -1
2662 3319 -1
2481 3471 -1
2712 3471 -1
2505 3471 -1
2504 3471 -1
2687 3471 -1
2481 3422 -1
2481 3298 -1
2481 3244 -1
2481 3429 -1
2481 3486 -1
1024 3032 -1
1978 3132 -1
1751 3132 -1
1978 3144 -1
1978 3089 -1
1978 2932 -1
1978 2958 -1
2971 3636 -1
2971 3959 -1
995 3334 -1
835 3334 -1
1060 3334 -1
838 3334 -1
1087 3334 -1
1554 3948 -1
1554 3868 -1
933 3453 -1
1018 3453 -1
851 3453 -1
822 3453 -1
2028 3642 -1
1813 3642 -1
800 2840 -1
800 3113 -1
800 2875 -1
2196 2646 -1
2196 2592 -1
2196 2736 -1
2196 2674 -1
2196 2579 -1
2196 2509 -1
1582 3957 -1
1539 3957 -1
1537 3957 -1
1418 3957 -1
1579 3957 -1
1494 3957 -1
1024 3053 -1
2887 3813 -1
2887 3851 -1
2887 3708 -1
2887 3893 -1
1454 2247 -1
1538 2247 -1
1591 2247 -1
1067 3360 -1
1166 3360 -1
379 1053 -1
518 1053 -1
550 1053 -1
424 1053 -1
490 1053 -1
429 1053 -1
687 1053 -1
592 1053 -1
379 1113 -1
379 1123 -1
379 1204 -1
379 939 -1
553 1799 -1
369 1799 -1
538 1799 -1
561 1799 -1
553 1844 -1
553 1909 -1
256 2571 -1
256 2482 -1
256 2771 -1
925 3320 -1
925 3513 -1
925 3339 -1
925 3249 -1
1591 3020 -1
1538 3020 -1
1454 3020 -1
1591 3140 -1
1591 3174 -1
311 2127 -1
1394 2085 -1
1526 2085 -1
2997 3617 -1
3083 3617 -1
306 2408 -1
306 2227 -1
306 2126 -1
306 2207 -1
696 1446 -1
228 2659 -1
289 2659 -1
154 2659 -1
341 2659 -1
38 2659 -1
39 2659 -1
2953 3435 -1
2953 3491 -1
2953 3236 -1
2953 3238 -1
2953 3367 -1
2953 3594 -1
2953 3243 -1
2953 3502 -1
2953 3475 -1
2953 3540 -1
2953 3416 -1
2953 3548 -1
910 2907 -1
1193 2907 -1
1860 3865 -1
1921 3865 -1
1987 3865 -1
1967 3865 -1
1712 3865 -1
1784 3865 -1
1983 3865 -1
1860 3834 -1
1860 3637 -1
2410 3461 -1
2380 3461 -1
2096 3461 -1
2325 3461 -1
2134 3461 -1
2139 3461 -1
2271 3461 -1
2173 3532 -1
2416 3821 -1
2416 3908 -1
2012 3828 -1
1936 3828 -1
1666 3828 -1
1831 3828 -1
1735 3828 -1
2064 3828 -1
2042 3828 -1
448 1085 -1
152 2378 -1
180 2378 -1
1230 3206 -1
1230 2927 -1
1556 3288 -1
1632 3288 -1
1280 3288 -1
1410 3288 -1
1251 3288 -1
1416 3288 -1
1419 3288 -1
1562 3288 -1
1371 3288 -1
1279 3288 -1
1556 3546 -1
1556 3280 -1
1556 3386 -1
1556 3418 -1
617 1016 -1
484 1016 -1
1342 2133 -1
1342 2255 -1
1342 2407 -1
1082 3533 -1
1082 3432 -1
1082 3417 -1
1082 3270 -1
1082 3585 -1
1217 1573 -1
825 1573 -1
1142 1573 -1
1135 1573 -1
1217 1348 -1
734 3079 -1
608 3079 -1
734 2825 -1
754 2824 -1
435 2824 -1
499 2824 -1
1604 2936 -1
1604 2864 -1
1604 2962 -1
1604 3014 -1
1604 3135 -1
794 1003 -1
731 1003 -1
620 1003 -1
557 1003 -1
742 1003 -1
794 993 -1
794 1201 -1
794 961 -1
822 3445 -1
1018 3445 -1
851 3445 -1
933 3445 -1
822 3586 -1
822 3267 -1
822 3534 -1
822 3407 -1
822 3451 -1
822 3485 -1
822 3326 -1
987 3110 -1
987 2909 -1
2707 3774 -1
1093 3956 -1
1093 3772 -1
1093 3989 -1
2057 3996 -1
2052 3996 -1
1767 3996 -1
2035 3996 -1
1940 3996 -1
1879 3996 -1
1656 3996 -1
2057 3620 -1
2057 3944 -1
2057 3627 -1
2057 3757 -1
2057 3953 -1
2057 3762 -1
2057 3704 -1
2057 3752 -1
2057 3676 -1
1883 3997 -1
1883 3936 -1
1883 3689 -1
1883 3802 -1
1883 3950 -1
1883 3913 -1
240 2774 -1
1388 2138 -1
276 2342 -1
276 2361 -1
276 2266 -1
276 2115 -1
276 2374 -1
276 2254 -1
545 1173 -1
973 1798 -1
973 1772 -1
1852 3021 -1
1843 3021 -1
1964 3021 -1
2053 3021 -1
1667 3021 -1
1791 3021 -1
1852 3168 -1
1852 2977 -1
1852 2980 -1
1852 2858 -1
1852 2955 -1
1852 3088 -1
2994 3939 -1
2921 3939 -1
3162 3939 -1
3215 3939 -1
3087 3939 -1
687 972 -1
518 972 -1
550 972 -1
424 972 -1
394 972 -1
429 972 -1
462 972 -1
592 972 -1
721 972 -1
661 972 -1
379 972 -1
490 972 -1
907 3210 -1
907 3068 -1
1426 2342 -1
1426 2361 -1
1426 2266 -1
1426 2115 -1
1426 2374 -1
1426 2254 -1
678 1068 -1
753 1068 -1
618 1068 -1
674 1068 -1
590 1068 -1
678 938 -1
678 1172 -1
678 1126 -1
828 2949 -1
918 2949 -1
828 3010 -1
828 3075 -1
202 2141 -1
202 2253 -1
202 2206 -1
202 2399 -1
1582 2249 -1
1539 2249 -1
1537 2249 -1
1418 2249 -1
1579 2249 -1
1494 2249 -1
1582 2353 -1
1566 2402 -1
1408 2402 -1
1509 2402 -1
1237 2402 -1
1566 2104 -1
1566 2131 -1
1566 2191 -1
1027 3228 -1
1972 2542 -1
2363 2849 -1
2363 2882 -1
2363 3052 -1
2363 2867 -1
2363 2901 -1
2363 3158 -1
2363 3133 -1
2363 3125 -1
2196 3385 -1
2196 3342 -1
397 3432 -1
534 3432 -1
491 3432 -1
782 3432 -1
790 3432 -1
735 3432 -1
766 3432 -1
773 3432 -1
397 3585 -1
397 3533 -1
397 3270 -1
1424 3356 -1
261 1024 -1
227 1024 -1
29 1024 -1
208 1024 -1
344 1024 -1
125 1024 -1
319 1024 -1
745 3249 -1
624 3249 -1
601 3249 -1
745 3320 -1
745 3513 -1
745 3339 -1
745 3381 -1
745 3399 -1
2075 3264 -1
2228 3264 -1
2075 3308 -1
2075 3467 -1
2075 3276 -1
2075 3581 -1
2075 3281 -1
2075 3549 -1
1843 3589 -1
1964 3589 -1
1667 3589 -1
1852 3589 -1
2053 3589 -1
1791 3589 -1
2018 3969 -1
2018 3840 -1
2018 3687 -1
2032 3758 -1
2032 3797 -1
2032 3910 -1
3104 3799 -1
3104 3923 -1
2390 2668 -1
2330 2668 -1
2331 2668 -1
2212 2668 -1
2183 2668 -1
2390 2524 -1
2393 2849 -1
2393 2882 -1
2393 3052 -1
2393 2867 -1
2393 2901 -1
2393 3158 -1
2393 3133 -1
2393 3125 -1
586 3177 -1
638 3177 -1
586 3092 -1
586 3063 -1
262 2508 -1
262 2491 -1
262 2788 -1
2473 3702 -1
2523 3702 -1
2645 3702 -1
2473 3976 -1
2473 3875 -1
2473 3771 -1
2473 3981 -1
2473 3734 -1
180 2613 -1
152 2613 -1
1722 2741 -1
1722 2457 -1
1722 2673 -1
1722 2447 -1
1722 2492 -1
1722 2663 -1
620 826 -1
794 826 -1
557 826 -1
742 826 -1
620 921 -1
2735 3482 -1
2516 3482 -1
2790 3482 -1
762 3177 -1
762 3092 -1
762 3063 -1
819 1155 -1
1282 3970 -1
1282 3663 -1
1528 2364 -1
1528 2371 -1
1528 2345 -1
1528 2380 -1
1528 2096 -1
1528 2367 -1
1528 2163 -1
1528 2409 -1
1528 2299 -1
1528 2110 -1
1528 2271 -1
824 1257 -1
824 1520 -1
824 1373 -1
1099 3472 -1
1099 3523 -1
488 2866 -1
666 2866 -1
747 2866 -1
488 2856 -1
488 3194 -1
488 2988 -1
1353 2342 -1
1353 2361 -1
1353 2266 -1
1353 2115 -1
1353 2374 -1
1353 2254 -1
1091 2787 -1
533 978 -1
533 955 -1
533 884 -1
3195 3949 -1
1605 3564 -1
1412 3564 -1
1605 3301 -1
2809 3660 -1
2809 3604 -1
731 3289 -1
794 3289 -1
742 3289 -1
731 3568 -1
731 3458 -1
493 922 -1
777 922 -1
3104 3619 -1
1892 3632 -1
1932 3632 -1
1892 3729 -1
1806 2891 -1
1806 2816 -1
1806 3009 -1
1806 3141 -1
1806 3142 -1
1806 3163 -1
1806 3037 -1
1175 3402 -1
1175 3525 -1
1175 3575 -1
3141 3867 -1
2816 3867 -1
3009 3867 -1
3142 3867 -1
2891 3867 -1
3150 3867 -1
2900 3867 -1
2934 3867 -1
3163 3867 -1
3037 3867 -1
3141 3661 -1
236 3489 -1
14 3489 -1
280 2281 -1
329 2281 -1
357 2281 -1
230 2281 -1
280 2347 -1
280 2268 -1
1932 3885 -1
1892 3885 -1
1932 3857 -1
1932 3635 -1
1932 3879 -1
702 1801 -1
702 1688 -1
620 2373 -1
794 2373 -1
557 2373 -1
742 2373 -1
620 2223 -1
1874 3918 -1
1873 3918 -1
1658 3918 -1
1715 3918 -1
1820 3918 -1
1662 3918 -1
1874 3833 -1
1874 3941 -1
1874 3735 -1
740 2053 -1
740 1667 -1
740 1964 -1
740 1807 -1
740 1843 -1
740 1823 -1
740 1852 -1
740 1791 -1
1322 2120 -1
1322 2210 -1
1322 2251 -1
1322 2204 -1
485 1791 -1
728 1791 -1
485 1964 -1
485 1843 -1
485 1852 -1
485 2053 -1
485 1667 -1
2986 3737 -1
2986 3753 -1
142 2593 -1
190 2593 -1
142 2467 -1
142 2598 -1
142 2438 -1
142 2551 -1
142 2777 -1
142 2682 -1
142 2748 -1
2628 3535 -1
2628 3553 -1
2064 3738 -1
1666 3738 -1
1831 3738 -1
1735 3738 -1
1936 3738 -1
2042 3738 -1
2012 3738 -1
2064 3988 -1
3509 3662 -1
3434 3662 -1
3509 3882 -1
1198 3591 -1
1125 3591 -1
1129 3591 -1
855 3591 -1
1069 3591 -1
879 3591 -1
1010 3591 -1
914 3591 -1
919 3591 -1
830 3591 -1
1198 3444 -1
1198 3558 -1
150 1413 -1
150 1484 -1
1742 3757 -1
1742 3620 -1
1742 3697 -1
1742 3944 -1
1742 3676 -1
1742 3627 -1
1742 3953 -1
1742 3762 -1
1742 3849 -1
1742 3704 -1
1742 3752 -1
1742 3996 -1
388 1205 -1
388 1184 -1
388 1160 -1
388 839 -1
2158 3973 -1
2158 3842 -1
2158 3795 -1
2158 3756 -1
1896 2117 -1
1754 2117 -1
1749 2117 -1
1858 2117 -1
1794 2117 -1
1781 2117 -1
435 1694 -1
754 1694 -1
499 1694 -1
435 1905 -1
435 1931 -1
435 1709 -1
435 2038 -1
435 1966 -1
2049 3790 -1
2049 3766 -1
2049 3850 -1
2049 3822 -1
2049 3664 -1
2049 3633 -1
2049 3763 -1
2049 3603 -1
2049 3669 -1
2049 3830 -1
2049 3770 -1
2049 3933 -1
1583 2172 -1
1583 2297 -1
2373 3289 -1
2223 3289 -1
2373 3568 -1
2373 3458 -1
597 1543 -1
2894 3606 -1
3033 3606 -1
3106 3606 -1
3130 3606 -1
2973 3606 -1
1932 3161 -1
1892 3161 -1
649 3973 -1
450 3973 -1
502 3973 -1
649 3842 -1
649 3795 -1
649 3756 -1
1842 3795 -1
1707 3795 -1
1900 3795 -1
1671 3795 -1
1842 3842 -1
1842 3756 -1
1842 3973 -1
795 1642 -1
351 2176 -1
257 2176 -1
75 2176 -1
231 2176 -1
339 2176 -1
11 2176 -1
49 2176 -1
147 2176 -1
212 2176 -1
121 2176 -1
148 2176 -1
250 2176 -1
3492 3740 -1
3550 3740 -1
3543 3740 -1
3492 3794 -1
3492 3781 -1
3492 3645 -1
2116 3573 -1
2403 3573 -1
2188 3573 -1
2220 3573 -1
2190 3573 -1
2100 3573 -1
2316 3573 -1
2116 3443 -1
2116 3406 -1
