670 690 1
416 417 1
483 683 1
491 531 1
767 783 1
522 629 1
389 739 1
486 714 1
604 809 1
410 537 1
611 759 1
589 665 1
597 788 1
614 725 1
507 537 1
410 507 1
564 660 1
780 786 1
605 611 1
605 759 1
509 552 1
393 595 1
700 751 1
556 654 1
404 489 1
703 763 1
724 753 1
391 493 1
703 776 1
763 776 1
461 593 1
760 797 1
499 613 1
647 781 1
451 522 1
451 629 1
445 681 1
530 558 1
414 660 1
414 564 1
423 632 1
547 630 1
504 529 1
521 675 1
386 409 1
386 420 1
409 420 1
388 473 1
481 630 1
481 547 1
565 598 1
465 587 1
376 784 1
568 598 1
565 568 1
492 628 1
439 807 1
473 505 1
388 505 1
442 743 1
372 586 1
492 790 1
628 790 1
637 727 1
661 704 1
490 579 1
548 684 1
495 565 1
495 568 1
495 598 1
426 599 1
625 806 1
517 617 1
571 645 1
458 510 1
653 669 1
739 804 1
389 804 1
375 804 1
375 739 1
375 389 1
458 569 1
510 569 1
541 559 1
685 816 1
445 781 1
681 781 1
445 647 1
634 815 1
526 686 1
767 792 1
783 792 1
392 396 1
634 708 1
708 815 1
439 702 1
702 807 1
393 794 1
595 794 1
444 698 1
428 430 1
783 806 1
792 806 1
767 806 1
625 783 1
651 748 1
711 764 1
422 715 1
410 807 1
537 807 1
507 807 1
410 702 1
410 439 1
847 1138 1
840 1206 1
854 999 1
960 1180 1
938 1185 1
921 1131 1
903 1099 1
1003 1025 1
881 1099 1
881 903 1
1230 1231 1
878 1078 1
1081 1236 1
1199 1234 1
1018 1218 1
875 960 1
875 1180 1
866 1019 1
1025 1041 1
1003 1041 1
870 1052 1
874 983 1
864 1044 1
1038 1184 1
940 1177 1
871 1184 1
871 1038 1
925 1171 1
901 1038 1
901 1184 1
871 901 1
836 913 1
898 1064 1
1013 1206 1
840 1013 1
841 1121 1
1020 1058 1
1004 1223 1
829 899 1
1064 1070 1
898 1070 1
931 1065 1
861 1050 1
871 1015 1
1015 1184 1
901 1015 1
1015 1038 1
846 1060 1
926 1117 1
887 1198 1
1076 1203 1
915 1035 1
924 1095 1
942 948 1
851 889 1
1070 1205 1
1064 1205 1
898 1205 1
931 1091 1
1065 1091 1
1010 1153 1
967 1029 1
923 1010 1
923 1153 1
1049 1085 1
1066 1158 1
1110 1181 1
938 1038 1
1038 1185 1
938 1184 1
901 938 1
871 938 1
938 1015 1
1147 1204 1
953 1228 1
860 897 1
941 1068 1
1021 1119 1
1198 1235 1
887 1235 1
862 1189 1
1186 1221 1
883 1011 1
917 1136 1
1035 1150 1
915 1150 1
943 1020 1
943 1058 1
1191 1210 1
1092 1202 1
846 1217 1
1060 1217 1
895 962 1
920 1000 1
1180 1189 1
960 1189 1
875 1189 1
862 1180 1
971 1148 1
879 1026 1
952 1000 1
920 952 1
1145 1148 1
971 1145 1
1535 1617 1
1549 1607 1
1381 1480 1
1460 1617 1
1460 1535 1
1267 1272 1
1314 1410 1
1330 1445 1
1291 1552 1
1318 1405 1
1484 1562 1
1432 1554 1
1319 1580 1
1320 1515 1
1341 1630 1
1336 1346 1
1261 1445 1
1261 1330 1
1466 1480 1
1381 1466 1
1347 1416 1
1467 1504 1
1379 1591 1
1347 1538 1
1416 1538 1
1276 1587 1
1539 1563 1
1415 1451 1
1494 1579 1
1409 1553 1
1466 1562 1
1480 1562 1
1381 1562 1
1466 1484 1
1459 1562 1
1459 1480 1
1459 1466 1
1459 1484 1
1381 1459 1
1577 1599 1
1313 1338 1
1313 1331 1
1331 1338 1
1460 1599 1
1599 1617 1
1535 1599 1
1460 1577 1
1409 1563 1
1553 1563 1
1409 1539 1
1489 1505 1
1438 1466 1
1381 1438 1
1438 1480 1
1438 1484 1
1438 1459 1
1438 1562 1
1275 1468 1
1334 1356 1
1324 1455 1
1362 1380 1
1330 1376 1
1376 1445 1
1261 1376 1
1388 1508 1
1417 1589 1
1470 1487 1
1321 1612 1
1453 1583 1
1527 1615 1
1440 1504 1
1440 1467 1
1333 1626 1
1482 1532 1
1551 1595 1
1549 1618 1
1607 1618 1
1317 1506 1
1289 1619 1
1610 1627 1
1316 1586 1
1395 1515 1
1320 1395 1
1466 1599 1
1381 1599 1
1480 1599 1
1484 1599 1
1459 1599 1
1562 1599 1
1438 1599 1
1466 1577 1
1466 1617 1
1460 1466 1
1466 1535 1
1456 1599 1
1381 1456 1
1456 1480 1
1456 1577 1
1456 1484 1
1456 1617 1
1456 1459 1
1456 1460 1
1456 1466 1
1456 1562 1
1438 1456 1
1456 1535 1
1741 1922 1
1797 1892 1
1722 1736 1
1810 1815 1
1865 2016 1
1696 1818 1
1739 1795 1
2017 2031 1
1736 1831 1
1722 1831 1
1751 2017 1
1751 2031 1
1754 1823 1
1804 1941 1
1844 1921 1
1973 2005 1
1641 1942 1
1801 2014 1
1666 1711 1
1907 2044 1
1659 1786 1
1866 1899 1
1789 1817 1
1857 1963 1
1700 2037 1
1807 1815 1
1807 1810 1
1803 1891 1
1674 2020 1
1907 1995 1
1995 2044 1
1653 1855 1
1841 1938 1
1992 2052 1
1682 1695 1
1663 1983 1
1738 1953 1
1637 1933 1
1672 1833 1
1709 1998 1
1699 2034 1
1702 2024 1
1749 2055 1
1716 1773 1
1659 1774 1
1774 1786 1
1670 1991 1
1859 1960 1
2008 2019 1
1765 1845 1
1805 1965 1
1727 1988 1
1717 1729 1
1899 1922 1
1866 1922 1
1741 1899 1
1639 1991 1
1639 1670 1
1697 2056 1
1870 2056 1
1697 1870 1
1885 2063 1
1673 1872 1
1805 1813 1
1813 1965 1
1986 2028 1
1682 1740 1
1695 1740 1
1906 2032 1
1956 1957 1
1755 1873 1
1647 1899 1
1647 1866 1
1647 1922 1
1647 1741 1
1990 2042 1
1709 1809 1
1809 1998 1
1750 1790 1
1835 2040 1
1852 1992 1
1852 2052 1
1673 2000 1
1872 2000 1
1794 2032 1
1794 1906 1
1676 1746 1
1865 2065 1
2016 2065 1
1707 2048 1
1795 1836 1
1739 1836 1
1690 1848 1
1857 1973 1
1963 1973 1
1857 2005 1
1668 2016 1
1668 1865 1
1668 2065 1
1969 2009 1
1696 2017 1
1818 2017 1
1696 1751 1
1696 2031 1
1986 2013 1
2013 2028 1
1921 1955 1
1844 1955 1
2162 2219 1
2313 2332 1
2152 2371 1
2157 2352 1
2130 2303 1
2098 2387 1
2139 2223 1
2198 2218 1
2139 2341 1
2223 2341 1
2097 2185 1
2319 2376 1
2186 2383 1
2263 2296 1
2345 2409 1
2246 2402 1
2135 2313 1
2135 2332 1
2185 2307 1
2097 2307 1
2261 2323 1
2213 2253 1
2211 2421 1
2194 2227 1
2365 2424 1
2301 2337 1
2115 2254 1
2280 2298 1
2105 2206 1
2124 2287 1
2073 2387 1
2073 2098 1
2113 2378 1
2132 2238 1
2326 2352 1
2157 2326 1
2154 2177 1
2122 2193 1
2318 2354 1
2088 2114 1
2238 2286 1
2132 2286 1
2132 2393 1
2286 2393 1
2238 2393 1
2182 2192 1
2285 2383 1
2186 2285 1
2210 2291 1
2385 2414 1
2215 2333 1
2227 2259 1
2194 2259 1
2068 2181 1
2106 2376 1
2106 2319 1
2327 2358 1
2266 2288 1
2075 2371 1
2075 2152 1
2241 2363 1
2207 2361 1
2136 2369 1
2224 2370 1
2129 2310 1
2126 2178 1
2098 2198 1
2073 2198 1
2198 2387 1
2098 2218 1
2340 2381 1
2068 2087 1
2087 2181 1
2066 2113 1
2066 2378 1
2228 2317 1
2091 2420 1
2095 2184 1
2397 2413 1
2115 2389 1
2254 2389 1
2211 2339 1
2339 2421 1
2258 2314 1
2096 2143 1
2129 2265 1
2265 2310 1
2214 2422 1
2149 2188 1
2468 2646 1
2446 2782 1
2427 2630 1
2478 2529 1
2438 2605 1
2499 2779 1
2498 2730 1
2485 2771 1
2657 2685 1
2583 2653 1
2688 2719 1
2470 2758 1
2694 2774 1
2540 2635 1
2647 2703 1
2592 2595 1
2620 2760 1
2724 2796 1
2545 2666 1
2628 2757 1
2523 2800 1
2455 2608 1
2531 2796 1
2531 2724 1
2755 2779 1
2499 2755 1
2652 2683 1
2474 2595 1
2474 2592 1
2524 2777 1
2538 2622 1
2428 2630 1
2427 2428 1
2479 2508 1
2606 2731 1
2544 2798 1
2497 2649 1
2642 2714 1
2515 2555 1
2464 2797 1
2693 2761 1
2502 2643 1
2705 2770 1
2446 2526 1
2526 2782 1
2547 2683 1
2547 2652 1
2632 2638 1
2543 2707 1
2559 2781 1
2464 2799 1
2797 2799 1
2460 2704 1
2506 2650 1
2516 2640 1
2592 2656 1
2474 2656 1
2595 2656 1
2428 2507 1
2427 2507 1
2507 2630 1
2578 2579 1
2575 2767 1
2560 2573 1
2452 2627 1
2487 2557 1
2574 2615 1
2603 2605 1
2438 2603 1
2537 2570 1
2592 2657 1
2656 2657 1
2474 2657 1
2595 2657 1
2592 2685 1
2429 2692 1
2443 2532 1
2490 2771 1
2485 2490 1
2517 2701 1
2757 2766 1
2628 2766 1
2658 2664 1
2673 2748 1
2474 2643 1
2592 2643 1
2643 2656 1
2595 2643 1
2643 2657 1
2474 2502 1
2607 2718 1
2549 2740 1
2430 2580 1
2451 2572 1
2864 2983 1
2816 3056 1
2838 3164 1
3041 3130 1
2812 3078 1
3076 3093 1
2911 3187 1
2842 3052 1
2863 2989 1
2987 3215 1
2836 2904 1
2977 3060 1
3024 3048 1
2884 3019 1
2818 3221 1
2964 3222 1
2932 3003 1
2913 3003 1
2913 2932 1
2946 2952 1
2861 2946 1
2861 2952 1
3084 3155 1
2905 3016 1
3026 3047 1
2940 3017 1
2811 2997 1
3126 3179 1
2953 3077 1
3068 3183 1
2916 2928 1
3075 3191 1
2833 2850 1
2926 3138 1
2950 2982 1
2915 2935 1
3040 3178 1
2836 2882 1
2882 2904 1
2916 3144 1
2928 3144 1
2968 2977 1
2968 3060 1
2957 3019 1
2884 2957 1
3044 3095 1
2969 3164 1
2838 2969 1
2882 3036 1
2904 3036 1
2836 3036 1
2813 3214 1
3105 3142 1
3008 3054 1
2853 2975 1
2870 2899 1
3007 3107 1
2993 3061 1
2931 2988 1
3037 3136 1
2887 3126 1
2887 3179 1
3115 3155 1
3084 3115 1
2914 3030 1
2835 3019 1
2835 2884 1
2835 2957 1
3154 3218 1
2828 2831 1
3054 3158 1
3008 3158 1
2929 3207 1
2820 2833 1
2820 2850 1
2803 2817 1
2929 3090 1
3090 3207 1
2841 3094 1
3023 3225 1
2877 3039 1
2826 3038 1
3012 3067 1
2882 3027 1
2904 3027 1
3027 3036 1
2836 3027 1
2970 3118 1
3016 3205 1
2905 3205 1
2845 3029 1
2820 2869 1
2833 2869 1
2850 2869 1
3065 3164 1
2969 3065 1
2838 3065 1
2848 3116 1
2992 3061 1
2992 2993 1
2958 2983 1
2864 2958 1
2930 3217 1
2898 3170 1
2821 3031 1
2852 3227 1
3152 3222 1
2964 3152 1
3311 3497 1
3289 3324 1
3272 3329 1
3374 3519 1
3262 3351 1
3325 3590 1
3239 3360 1
3270 3354 1
3281 3383 1
3490 3510 1
3300 3506 1
3359 3400 1
3523 3542 1
3501 3501 1
3282 3304 1
3357 3509 1
3285 3471 1
3457 3525 1
3234 3395 1
3246 3416 1
3295 3547 1
3240 3371 1
3359 3405 1
3400 3405 1
3279 3338 1
3482 3588 1
3505 3511 1
3424 3443 1
3276 3290 1
3470 3491 1
3289 3333 1
3324 3333 1
3236 3311 1
3236 3497 1
3307 3560 1
3258 3561 1
3328 3391 1
3309 3483 1
3370 3505 1
3370 3511 1
3345 3414 1
3361 3481 1
3268 3388 1
3526 3595 1
3519 3555 1
3374 3555 1
3344 3490 1
3344 3510 1
3258 3587 1
3561 3587 1
3371 3428 1
3240 3428 1
3400 3416 1
3405 3416 1
3359 3416 1
3246 3400 1
3244 3543 1
3334 3397 1
3256 3384 1
3339 3390 1
3291 3403 1
3274 3339 1
3274 3390 1
3405 3553 1
3400 3553 1
3416 3553 1
3359 3553 1
3391 3503 1
3328 3503 1
3311 3333 1
3333 3497 1
3236 3333 1
3289 3311 1
3311 3324 1
3344 3593 1
3490 3593 1
3510 3593 1
3320 3350 1
3326 3380 1
3275 3528 1
3456 3522 1
3298 3435 1
3441 3537 1
3318 3516 1
3233 3523 1
3233 3542 1
3301 3497 1
3236 3301 1
3301 3333 1
3301 3311 1
3354 3593 1
3270 3593 1
3344 3354 1
3354 3490 1
3354 3510 1
3747 3758 1
3620 3690 1
3911 3935 1
3707 3739 1
3836 3907 1
3660 3999 1
3684 3790 1
3870 3874 1
3599 3619 1
3732 3861 1
3746 3881 1
3814 3973 1
3839 3963 1
3706 3957 1
3715 3786 1
3701 3800 1
3870 3941 1
3874 3941 1
3868 3896 1
3765 3889 1
3614 3765 1
3614 3889 1
3786 3825 1
3715 3825 1
3807 3971 1
3882 3979 1
3616 3709 1
3730 3907 1
3730 3836 1
3775 3914 1
3672 3966 1
3679 3828 1
3773 3775 1
3773 3914 1
3894 3956 1
3710 3988 1
3646 3864 1
3775 3923 1
3914 3923 1
3773 3923 1
3635 3739 1
3635 3707 1
3645 3765 1
3645 3889 1
3614 3645 1
3967 3998 1
3762 3919 1
3697 3803 1
3610 3803 1
3610 3697 1
3659 3742 1
3596 3687 1
3809 3830 1
3624 3959 1
3660 3845 1
3845 3999 1
3709 3725 1
3616 3725 1
3645 3960 1
3889 3960 1
3765 3960 1
3614 3960 1
3653 3771 1
3923 3927 1
3914 3927 1
3773 3927 1
3775 3927 1
3743 3827 1
3662 3697 1
3610 3662 1
3662 3803 1
3746 3883 1
3881 3883 1
3651 3848 1
3683 3921 1
3701 3803 1
3800 3803 1
3697 3701 1
3610 3701 1
3662 3701 1
3800 3907 1
3803 3907 1
3701 3907 1
3730 3800 1
3800 3836 1
3821 3906 1
3790 3908 1
3684 3908 1
3694 3987 1
3653 3760 1
3760 3771 1
3786 3972 1
3825 3972 1
3715 3972 1
3666 3812 1
3814 3928 1
3928 3973 1
3792 3868 1
3792 3896 1
3762 3904 1
3904 3919 1
41 63 1
61 169 1
8 156 1
75 87 1
234 310 1
25 236 1
304 358 1
50 225 1
191 304 1
191 358 1
24 263 1
51 119 1
190 203 1
217 316 1
9 72 1
60 279 1
95 218 1
61 227 1
169 227 1
321 323 1
1 203 1
1 190 1
42 118 1
68 199 1
68 228 1
199 228 1
73 331 1
145 246 1
181 260 1
128 281 1
97 242 1
46 179 1
97 218 1
218 242 1
95 97 1
59 286 1
191 212 1
212 304 1
212 358 1
2 332 1
172 198 1
139 165 1
214 260 1
181 214 1
171 192 1
114 285 1
25 242 1
236 242 1
25 97 1
25 218 1
281 357 1
128 357 1
202 338 1
190 331 1
1 331 1
203 331 1
73 190 1
300 327 1
63 174 1
41 174 1
231 240 1
181 239 1
239 260 1
214 239 1
196 323 1
196 321 1
58 217 1
58 316 1
96 135 1
175 360 1
136 290 1
235 349 1
277 296 1
92 208 1
77 241 1
160 309 1
142 345 1
264 314 1
232 249 1
213 349 1
213 235 1
148 304 1
148 212 1
148 358 1
148 191 1
104 194 1
226 262 1
256 285 1
114 256 1
191 234 1
234 304 1
148 234 1
212 234 1
234 358 1
191 310 1
2393 2571 -1
2132 2571 -1
2238 2571 -1
2286 2571 -1
2989 3740 -1
2863 3740 -1
696 1294 -1
939 1743 -1
3573 3745 -1
860 3548 -1
897 3548 -1
818 1169 -1
2345 3924 -1
2409 3924 -1
2061 3632 -1
1307 2349 -1
1913 3845 -1
1913 3660 -1
1913 3999 -1
121 2490 -1
121 2771 -1
121 2485 -1
2834 3754 -1
806 3594 -1
792 3594 -1
625 3594 -1
767 3594 -1
783 3594 -1
605 2824 -1
611 2824 -1
759 2824 -1
2149 2623 -1
2188 2623 -1
228 2640 -1
68 2640 -1
199 2640 -1
228 2516 -1
895 3243 -1
962 3243 -1
922 2713 -1
1547 3462 -1
3361 3813 -1
3481 3813 -1
2348 3474 -1
3483 3855 -1
3309 3855 -1
3577 3992 -1
3556 3602 -1
1533 3389 -1
1505 3525 -1
1489 3525 -1
1505 3457 -1
1249 2254 -1
1249 2115 -1
1249 2389 -1
617 1109 -1
517 1109 -1
1408 3328 -1
1408 3503 -1
1408 3391 -1
1536 2262 -1
552 3177 -1
509 3177 -1
934 1786 -1
934 1659 -1
934 1774 -1
479 3582 -1
596 2347 -1
3189 3658 -1
3207 3971 -1
2929 3971 -1
3090 3971 -1
3207 3807 -1
435 3160 -1
3577 3999 -1
3577 3660 -1
3577 3845 -1
2216 3334 -1
2216 3397 -1
2906 3663 -1
2099 3786 -1
2099 3825 -1
2099 3715 -1
2099 3972 -1
823 2890 -1
1794 3929 -1
2032 3929 -1
1906 3929 -1
1475 3544 -1
667 1181 -1
667 1110 -1
2942 3967 -1
2942 3998 -1
3181 3986 -1
2648 3357 -1
2648 3509 -1
397 3766 -1
122 2174 -1
3002 3939 -1
1944 3665 -1
2206 3459 -1
2105 3459 -1
3077 3787 -1
2953 3787 -1
915 3662 -1
1035 3662 -1
1150 3662 -1
915 3697 -1
915 3610 -1
915 3803 -1
915 3701 -1
497 1220 -1
587 3381 -1
465 3381 -1
256 2571 -1
114 2571 -1
285 2571 -1
1428 2151 -1
1900 3889 -1
1900 3960 -1
1900 3765 -1
1900 3614 -1
1900 3645 -1
365 2377 -1
3179 3960 -1
3126 3960 -1
2887 3960 -1
3179 3889 -1
3179 3645 -1
3179 3614 -1
3179 3765 -1
370 3158 -1
370 3008 -1
370 3054 -1
1418 2371 -1
1418 2152 -1
1418 2075 -1
1208 2914 -1
1208 3030 -1
1344 2133 -1
1614 3153 -1
732 2506 -1
732 2650 -1
1171 3493 -1
925 3493 -1
1675 2735 -1
1882 3844 -1
1364 2198 -1
1364 2073 -1
1364 2218 -1
1364 2387 -1
1364 2098 -1
104 2267 -1
194 2267 -1
1727 2852 -1
1988 2852 -1
1727 3227 -1
1242 2407 -1
1056 2810 -1
2039 3812 -1
2039 3666 -1
1974 3948 -1
1843 3812 -1
1843 3666 -1
1899 3803 -1
1866 3803 -1
1647 3803 -1
1922 3803 -1
1741 3803 -1
1899 3907 -1
1899 3662 -1
1899 3697 -1
1899 3701 -1
1899 3800 -1
1899 3610 -1
774 1195 -1
1300 3362 -1
2032 3244 -1
1906 3244 -1
1794 3244 -1
2032 3543 -1
1691 3065 -1
1691 2969 -1
1691 3164 -1
1691 2838 -1
2005 3502 -1
1857 3502 -1
1973 3502 -1
3039 3916 -1
2877 3916 -1
1891 3903 -1
1803 3903 -1
614 1055 -1
725 1055 -1
2932 3960 -1
2913 3960 -1
3003 3960 -1
2932 3889 -1
2932 3645 -1
2932 3614 -1
2932 3765 -1
1297 3618 -1
1737 3809 -1
1737 3830 -1
129 3477 -1
2415 3929 -1
1231 1257 -1
1230 1257 -1
1050 3927 -1
861 3927 -1
1050 3914 -1
1050 3923 -1
1050 3773 -1
1050 3775 -1
150 3561 -1
150 3258 -1
150 3587 -1
2886 3896 -1
2886 3792 -1
2886 3868 -1
3442 3849 -1
898 1347 -1
1064 1347 -1
1205 1347 -1
1070 1347 -1
898 1416 -1
898 1538 -1
1778 3765 -1
1778 3960 -1
1778 3889 -1
1778 3645 -1
1778 3614 -1
1783 3774 -1
505 3116 -1
473 3116 -1
388 3116 -1
505 2848 -1
3241 3813 -1
1137 3585 -1
1638 3932 -1
1982 3953 -1
2186 3821 -1
2285 3821 -1
2383 3821 -1
2186 3906 -1
1082 3482 -1
1082 3588 -1
1580 3258 -1
1319 3258 -1
1580 3561 -1
1580 3587 -1
2874 3746 -1
2874 3881 -1
2874 3883 -1
2039 3627 -1
1904 3200 -1
887 2857 -1
1235 2857 -1
1198 2857 -1
2393 3933 -1
2132 3933 -1
2238 3933 -1
2286 3933 -1
575 3418 -1
142 2065 -1
345 2065 -1
142 2016 -1
142 1865 -1
142 1668 -1
26 1124 -1
1309 2125 -1
1414 2911 -1
1414 3187 -1
3202 3990 -1
2062 3611 -1
261 1024 -1
2971 3649 -1
2495 3786 -1
2495 3825 -1
2495 3715 -1
2495 3972 -1
593 3332 -1
461 3332 -1
1365 3443 -1
1365 3424 -1
1122 3160 -1
1693 3661 -1
2252 3217 -1
2252 2930 -1
3100 3602 -1
1876 3635 -1
1876 3707 -1
1876 3739 -1
705 1571 -1
1491 3875 -1
438 2278 -1
1765 3625 -1
1845 3625 -1
1986 2190 -1
2028 2190 -1
2013 2190 -1
2370 3325 -1
2224 3325 -1
2370 3590 -1
545 1797 -1
545 1892 -1
1631 2289 -1
2274 3476 -1
1049 3324 -1
1085 3324 -1
1049 3289 -1
1049 3333 -1
1049 3311 -1
247 2144 -1
2145 3517 -1
497 882 -1
254 1722 -1
254 1736 -1
254 1831 -1
1962 3436 -1
1022 3110 -1
1986 3818 -1
2028 3818 -1
2013 3818 -1
1516 3732 -1
1516 3861 -1
1864 3677 -1
523 1363 -1
2058 2635 -1
2058 2540 -1
886 3566 -1
1048 1682 -1
1048 1740 -1
1048 1695 -1
1714 3992 -1
1348 3295 -1
1348 3547 -1
1050 3110 -1
861 3110 -1
3522 3955 -1
3456 3955 -1
69 1207 -1
557 1593 -1
1852 2190 -1
1992 2190 -1
2052 2190 -1
1332 3651 -1
1332 3848 -1
705 1016 -1
939 1651 -1
1593 3506 -1
1593 3300 -1
689 3079 -1
1585 2414 -1
1585 2385 -1
1788 2776 -1
2198 2685 -1
2073 2685 -1
2218 2685 -1
2387 2685 -1
2098 2685 -1
2198 2592 -1
2198 2657 -1
1146 3264 -1
1307 2348 -1
2126 2430 -1
2178 2430 -1
2126 2580 -1
3448 3786 -1
3448 3825 -1
3448 3715 -1
3448 3972 -1
538 1041 -1
538 1025 -1
538 1003 -1
800 3050 -1
2020 2783 -1
1674 2783 -1
1783 3931 -1
2239 2646 -1
2239 2468 -1
838 2671 -1
1830 2146 -1
1960 3600 -1
1859 3600 -1
3131 3615 -1
1054 2525 -1
3530 3918 -1
3409 3901 -1
1826 2881 -1
1177 1359 -1
940 1359 -1
2287 3545 -1
2124 3545 -1
2340 3272 -1
2381 3272 -1
2340 3329 -1
2012 3895 -1
1017 3995 -1
1396 3424 -1
1396 3443 -1
141 3768 -1
1042 3501 -1
2223 3385 -1
2139 3385 -1
2341 3385 -1
1094 3160 -1
1634 3567 -1
921 1757 -1
1131 1757 -1
2058 2494 -1
267 3334 -1
267 3397 -1
1497 2140 -1
112 1596 -1
2079 2599 -1
689 1651 -1
2676 3591 -1
18 1338 -1
18 1313 -1
18 1331 -1
2206 3440 -1
2105 3440 -1
695 1819 -1
1866 3743 -1
1922 3743 -1
1899 3743 -1
1647 3743 -1
1866 3827 -1
103 2187 -1
1202 3453 -1
1092 3453 -1
378 1227 -1
1966 3703 -1
1397 3477 -1
1852 3859 -1
1992 3859 -1
2052 3859 -1
828 2953 -1
828 3077 -1
2840 3286 -1
3575 3650 -1
617 1139 -1
517 1139 -1
2085 2937 -1
1583 2251 -1
1453 2251 -1
696 1446 -1
2095 2426 -1
2184 2426 -1
917 3351 -1
1136 3351 -1
917 3262 -1
1307 3870 -1
1307 3874 -1
1307 3941 -1
2614 3487 -1
805 1680 -1
816 3249 -1
685 3249 -1
235 2508 -1
349 2508 -1
213 2508 -1
235 2479 -1
1223 1359 -1
1004 1359 -1
3161 3808 -1
1980 3815 -1
19 3443 -1
19 3424 -1
798 3206 -1
1942 3838 -1
1641 3838 -1
405 850 -1
1880 2611 -1
402 2924 -1
1592 3583 -1
1739 3924 -1
1795 3924 -1
1836 3924 -1
1740 3377 -1
1682 3377 -1
1695 3377 -1
3219 3831 -1
846 3102 -1
1217 3102 -1
1060 3102 -1
3201 3926 -1
668 3286 -1
1589 3433 -1
1417 3433 -1
3186 3623 -1
1794 3644 -1
2032 3644 -1
1906 3644 -1
1399 3458 -1
3400 3737 -1
3416 3737 -1
3553 3737 -1
3405 3737 -1
3246 3737 -1
3359 3737 -1
379 1039 -1
661 1310 -1
704 1310 -1
951 1479 -1
445 3177 -1
681 3177 -1
781 3177 -1
647 3177 -1
1876 3720 -1
3362 3815 -1
1335 2213 -1
1335 2253 -1
3283 3775 -1
3283 3914 -1
3283 3923 -1
3283 3773 -1
3283 3927 -1
2033 2922 -1
475 3160 -1
1727 3998 -1
1988 3998 -1
1727 3967 -1
1558 3487 -1
247 2195 -1
1906 3790 -1
2032 3790 -1
1794 3790 -1
1906 3908 -1
1906 3684 -1
419 2272 -1
3436 3621 -1
2009 3763 -1
1969 3763 -1
2288 3420 -1
2266 3420 -1
3495 3870 -1
3495 3874 -1
3495 3941 -1
828 1549 -1
828 1618 -1
828 1607 -1
1137 3482 -1
1137 3588 -1
1491 3895 -1
3509 3775 -1
3357 3775 -1
3509 3914 -1
3509 3923 -1
3509 3773 -1
3509 3927 -1
447 1529 -1
1354 3969 -1
114 2409 -1
256 2409 -1
285 2409 -1
114 2345 -1
487 3116 -1
487 2848 -1
228 3577 -1
68 3577 -1
199 3577 -1
740 2053 -1
1005 2900 -1
705 2294 -1
637 3050 -1
727 3050 -1
128 3768 -1
281 3768 -1
357 3768 -1
202 2141 -1
338 2141 -1
1125 3494 -1
1091 2459 -1
1065 2459 -1
931 2459 -1
2416 2723 -1
317 2785 -1
1977 3208 -1
2957 3675 -1
2835 3675 -1
3019 3675 -1
2884 3675 -1
2953 3547 -1
3077 3547 -1
2953 3295 -1
1324 3920 -1
1455 3920 -1
499 945 -1
613 945 -1
1902 3055 -1
1742 3909 -1
1592 3517 -1
379 3011 -1
960 1480 -1
875 1480 -1
1180 1480 -1
1189 1480 -1
960 1381 -1
960 1456 -1
960 1459 -1
960 1466 -1
960 1562 -1
960 1438 -1
960 1599 -1
833 1353 -1
1330 3945 -1
1376 3945 -1
1445 3945 -1
1261 3945 -1
493 1022 -1
391 1022 -1
1374 2125 -1
1457 2084 -1
1693 3738 -1
600 2615 -1
600 2574 -1
1548 3094 -1
1548 2841 -1
2005 3805 -1
1857 3805 -1
1973 3805 -1
2187 3576 -1
3002 3617 -1
1911 3741 -1
1805 3201 -1
1965 3201 -1
1813 3201 -1
557 865 -1
2293 2484 -1
2390 2790 -1
2039 3743 -1
2039 3827 -1
1905 3993 -1
2870 3708 -1
2899 3708 -1
922 3677 -1
555 2860 -1
1679 3090 -1
1679 2929 -1
1679 3207 -1
636 1790 -1
636 1750 -1
960 2640 -1
875 2640 -1
1180 2640 -1
1189 2640 -1
960 2516 -1
1968 3656 -1
1899 3222 -1
1866 3222 -1
1647 3222 -1
1922 3222 -1
1741 3222 -1
1899 3152 -1
1899 2964 -1
1562 2077 -1
1381 2077 -1
1480 2077 -1
1484 2077 -1
1456 2077 -1
1459 2077 -1
1466 2077 -1
1438 2077 -1
1599 2077 -1
1836 3766 -1
1795 3766 -1
1739 3766 -1
1625 3517 -1
500 3325 -1
500 3590 -1
2899 3858 -1
2870 3858 -1
1889 2473 -1
1294 2840 -1
801 897 -1
801 860 -1
559 2252 -1
541 2252 -1
1924 3799 -1
2365 3291 -1
2424 3291 -1
2365 3403 -1
1513 3454 -1
2200 3633 -1
2324 2626 -1
1149 1301 -1
2938 3752 -1
180 2659 -1
751 1490 -1
700 1490 -1
1806 2891 -1
1497 3487 -1
351 1281 -1
741 2272 -1
349 2235 -1
235 2235 -1
213 2235 -1
1949 3510 -1
1949 3344 -1
1949 3593 -1
1949 3490 -1
1949 3354 -1
1122 3137 -1
798 3116 -1
798 2848 -1
131 3347 -1
547 3050 -1
481 3050 -1
630 3050 -1
1683 3655 -1
292 2385 -1
292 2414 -1
1193 3194 -1
1804 3944 -1
1941 3944 -1
984 2459 -1
1845 3680 -1
1765 3680 -1
2017 3757 -1
1696 3757 -1
1818 3757 -1
1751 3757 -1
2031 3757 -1
1443 3448 -1
2065 3999 -1
2016 3999 -1
1865 3999 -1
1668 3999 -1
2065 3660 -1
2065 3845 -1
2047 3686 -1
2776 3950 -1
2246 2555 -1
2402 2555 -1
2246 2515 -1
1885 3961 -1
2063 3961 -1
1947 3644 -1
3224 3896 -1
3224 3792 -1
3224 3868 -1
2849 3904 -1
2849 3762 -1
2849 3919 -1
3452 3852 -1
227 2785 -1
169 2785 -1
61 2785 -1
761 1801 -1
761 2014 -1
1281 2114 -1
1281 2088 -1
2982 3746 -1
2950 3746 -1
2982 3881 -1
2982 3883 -1
234 1188 -1
358 1188 -1
304 1188 -1
212 1188 -1
310 1188 -1
148 1188 -1
191 1188 -1
1966 3987 -1
1966 3694 -1
504 1151 -1
529 1151 -1
1445 2409 -1
1376 2409 -1
1330 2409 -1
1261 2409 -1
1445 2345 -1
926 3482 -1
1117 3482 -1
926 3588 -1
1875 3806 -1
794 2272 -1
393 2272 -1
595 2272 -1
1706 3636 -1
432 1084 -1
121 2460 -1
121 2704 -1
2894 3618 -1
1727 2986 -1
1988 2986 -1
1693 3688 -1
1528 2349 -1
1530 3474 -1
493 1146 -1
391 1146 -1
3147 3620 -1
3147 3690 -1
221 2181 -1
221 2068 -1
221 2087 -1
594 3465 -1
1020 1490 -1
1058 1490 -1
943 1490 -1
3192 3963 -1
3192 3839 -1
1962 3746 -1
1962 3881 -1
1962 3883 -1
2916 3752 -1
2928 3752 -1
3144 3752 -1
882 3310 -1
430 2856 -1
428 2856 -1
2262 3260 -1
1067 3160 -1
1501 2084 -1
3509 3670 -1
3357 3670 -1
1547 3343 -1
1975 3680 -1
1876 3885 -1
2242 2599 -1
473 1089 -1
505 1089 -1
388 1089 -1
1115 3243 -1
1972 2542 -1
752 2732 -1
669 1595 -1
653 1595 -1
669 1551 -1
641 1016 -1
984 3112 -1
1842 3607 -1
53 1830 -1
3499 3661 -1
2411 3580 -1
1457 3513 -1
2794 3921 -1
2794 3683 -1
3048 3604 -1
3024 3604 -1
3024 3793 -1
3048 3793 -1
1929 3804 -1
2059 3978 -1
321 2479 -1
323 2479 -1
196 2479 -1
321 2508 -1
83 2708 -1
1949 3986 -1
1310 3215 -1
1310 2987 -1
787 1870 -1
787 2056 -1
787 1697 -1
1424 3462 -1
1234 2816 -1
1199 2816 -1
1234 3056 -1
1900 3810 -1
97 1125 -1
25 1125 -1
242 1125 -1
218 1125 -1
95 1125 -1
371 1987 -1
801 1150 -1
801 1035 -1
801 915 -1
675 891 -1
521 891 -1
690 1205 -1
670 1205 -1
690 1064 -1
690 898 -1
690 1070 -1
1786 2819 -1
1659 2819 -1
1774 2819 -1
1544 2307 -1
1544 2185 -1
1544 2097 -1
3283 3714 -1
1491 3842 -1
1183 3472 -1
3163 3775 -1
3163 3914 -1
3163 3923 -1
3163 3773 -1
3163 3927 -1
98 2269 -1
1355 3127 -1
933 1589 -1
933 1417 -1
920 1700 -1
1000 1700 -1
952 1700 -1
920 2037 -1
2316 2503 -1
3489 3770 -1
250 2504 -1
1672 3612 -1
1833 3612 -1
3148 3896 -1
3148 3792 -1
3148 3868 -1
1318 2333 -1
1405 2333 -1
1318 2215 -1
250 2614 -1
3378 3852 -1
206 834 -1
716 891 -1
234 834 -1
358 834 -1
304 834 -1
212 834 -1
310 834 -1
148 834 -1
191 834 -1
1705 3691 -1
3152 3688 -1
2964 3688 -1
3222 3688 -1
538 1055 -1
283 1426 -1
846 3059 -1
1217 3059 -1
1060 3059 -1
569 1204 -1
458 1204 -1
510 1204 -1
569 1147 -1
1050 3584 -1
861 3584 -1
2144 2930 -1
2144 3217 -1
673 2398 -1
607 2481 -1
2055 3096 -1
1749 3096 -1
3505 3686 -1
3370 3686 -1
3511 3686 -1
1787 3965 -1
1740 3918 -1
1682 3918 -1
1695 3918 -1
493 1193 -1
391 1193 -1
800 3116 -1
800 2848 -1
3423 3828 -1
3423 3679 -1
1914 3857 -1
2018 2651 -1
95 3425 -1
97 3425 -1
218 3425 -1
1187 3777 -1
1264 2717 -1
1891 3789 -1
1803 3789 -1
2947 3611 -1
885 3123 -1
405 1202 -1
405 1092 -1
736 3132 -1
1992 3992 -1
1852 3992 -1
2052 3992 -1
1510 2084 -1
3071 3611 -1
1217 1573 -1
1060 1573 -1
846 1573 -1
493 1069 -1
391 1069 -1
374 1747 -1
1246 2090 -1
2026 3986 -1
2390 2531 -1
2390 2724 -1
2390 2796 -1
680 3249 -1
1903 3991 -1
3024 3990 -1
3048 3990 -1
1527 2156 -1
1615 2156 -1
2199 3264 -1
2280 3461 -1
2298 3461 -1
2932 3724 -1
2913 3724 -1
3003 3724 -1
2818 3646 -1
3221 3646 -1
2818 3864 -1
