366 413 1
398 591 1
674 704 1
442 485 1
404 721 1
475 536 1
580 585 1
405 511 1
679 714 1
367 604 1
585 677 1
580 677 1
530 719 1
508 603 1
391 799 1
440 550 1
504 743 1
527 729 1
466 583 1
426 489 1
571 797 1
408 524 1
391 466 1
466 799 1
391 583 1
594 676 1
390 717 1
475 649 1
536 649 1
636 762 1
391 446 1
446 466 1
446 583 1
446 799 1
419 479 1
446 684 1
684 799 1
466 684 1
583 684 1
391 684 1
673 675 1
447 485 1
442 447 1
424 482 1
597 606 1
423 502 1
405 707 1
511 707 1
491 528 1
618 712 1
383 504 1
383 743 1
494 521 1
504 669 1
383 669 1
669 743 1
370 647 1
379 762 1
379 636 1
515 615 1
428 498 1
367 605 1
604 605 1
611 684 1
583 611 1
391 611 1
466 611 1
446 611 1
611 799 1
561 567 1
575 624 1
639 696 1
368 524 1
368 408 1
383 705 1
504 705 1
669 705 1
705 743 1
666 682 1
418 632 1
556 558 1
641 678 1
449 592 1
508 595 1
595 603 1
381 674 1
381 704 1
390 566 1
566 717 1
382 404 1
382 721 1
397 557 1
497 564 1
421 663 1
394 520 1
714 720 1
679 720 1
509 641 1
509 678 1
409 479 1
409 419 1
389 490 1
557 644 1
397 644 1
446 730 1
611 730 1
583 730 1
391 730 1
684 730 1
466 730 1
730 799 1
604 713 1
605 713 1
367 713 1
473 630 1
620 745 1
629 642 1
430 777 1
376 752 1
397 564 1
564 644 1
557 564 1
397 497 1
486 517 1
400 673 1
400 675 1
375 666 1
375 682 1
388 739 1
477 745 1
477 620 1
439 690 1
499 538 1
733 808 1
475 756 1
536 756 1
649 756 1
464 536 1
464 649 1
464 475 1
464 756 1
572 796 1
391 571 1
571 611 1
571 583 1
571 684 1
466 571 1
571 730 1
446 571 1
571 799 1
391 797 1
383 539 1
504 539 1
539 705 1
539 669 1
539 743 1
520 522 1
394 522 1
390 459 1
459 717 1
459 566 1
510 619 1
377 711 1
368 802 1
408 802 1
524 802 1
461 796 1
461 572 1
588 785 1
529 700 1
708 733 1
708 808 1
599 697 1
536 817 1
464 817 1
649 817 1
475 817 1
756 817 1
429 672 1
486 618 1
517 618 1
486 712 1
428 683 1
498 683 1
483 779 1
585 600 1
580 600 1
600 677 1
463 683 1
463 498 1
428 463 1
559 692 1
459 568 1
566 568 1
568 717 1
390 568 1
500 789 1
681 698 1
562 715 1
430 714 1
714 777 1
430 720 1
430 679 1
500 548 1
548 789 1
424 795 1
482 795 1
633 695 1
760 771 1
582 795 1
424 582 1
482 582 1
549 657 1
485 619 1
442 619 1
447 619 1
485 510 1
413 679 1
366 679 1
413 720 1
413 714 1
413 430 1
748 798 1
428 462 1
462 498 1
462 683 1
462 463 1
1041 1131 1
1212 1216 1
1106 1192 1
867 1212 1
867 1216 1
971 1153 1
825 1199 1
901 1116 1
895 1106 1
895 1192 1
840 1098 1
857 929 1
833 1034 1
873 1100 1
993 1055 1
1030 1095 1
918 1206 1
849 987 1
867 1036 1
1036 1216 1
1036 1212 1
1054 1207 1
1063 1091 1
894 1071 1
1030 1097 1
1095 1097 1
948 1113 1
937 1132 1
1019 1105 1
1111 1131 1
1041 1111 1
1013 1170 1
970 996 1
913 1041 1
913 1131 1
913 1111 1
1030 1128 1
1097 1128 1
1095 1128 1
1102 1141 1
982 1125 1
1172 1209 1
980 985 1
828 982 1
828 1125 1
860 1215 1
1146 1159 1
837 1054 1
837 1207 1
829 922 1
981 1223 1
960 973 1
936 977 1
892 963 1
856 1083 1
1117 1220 1
834 1007 1
949 1062 1
877 1045 1
1021 1091 1
1021 1063 1
1086 1092 1
827 845 1
1046 1085 1
888 1066 1
831 1021 1
831 1091 1
831 1063 1
1110 1203 1
906 1082 1
856 1088 1
1083 1088 1
972 1056 1
942 1065 1
1069 1155 1
1049 1132 1
937 1049 1
1134 1201 1
876 1091 1
831 876 1
876 1021 1
876 1063 1
1113 1164 1
948 1164 1
847 1161 1
873 1067 1
1067 1100 1
855 1164 1
855 1113 1
855 948 1
865 1095 1
865 1128 1
865 1097 1
865 1030 1
869 1018 1
840 1029 1
1029 1098 1
982 1158 1
828 1158 1
1125 1158 1
862 956 1
1003 1196 1
997 1071 1
894 997 1
942 1208 1
1065 1208 1
920 1234 1
922 1192 1
829 1192 1
922 1106 1
895 922 1
861 950 1
845 1051 1
827 1051 1
1050 1126 1
890 1056 1
890 972 1
1044 1189 1
970 1205 1
996 1205 1
845 1220 1
1051 1220 1
827 1220 1
845 1117 1
1078 1180 1
847 981 1
981 1161 1
847 1223 1
923 1064 1
894 925 1
925 997 1
925 1071 1
975 1132 1
937 975 1
975 1049 1
1017 1072 1
959 1050 1
959 1126 1
1009 1168 1
969 1040 1
868 1128 1
868 1097 1
865 868 1
868 1030 1
868 1095 1
902 936 1
902 977 1
951 1120 1
897 1115 1
836 912 1
1159 1223 1
1146 1223 1
981 1159 1
847 1159 1
877 912 1
912 1045 1
836 877 1
1066 1148 1
888 1148 1
878 1058 1
979 1025 1
1014 1190 1
1041 1217 1
913 1217 1
1131 1217 1
1111 1217 1
837 1035 1
1035 1054 1
1035 1207 1
883 1041 1
883 913 1
883 1217 1
883 1131 1
883 1111 1
966 1027 1
831 1093 1
1091 1093 1
876 1093 1
1021 1093 1
1063 1093 1
859 1210 1
1034 1081 1
833 1081 1
926 995 1
1102 1226 1
1141 1226 1
972 1123 1
1056 1123 1
890 1123 1
873 1105 1
1067 1105 1
1100 1105 1
873 1019 1
864 1212 1
864 1216 1
864 867 1
864 1036 1
858 1042 1
1048 1200 1
922 959 1
959 1192 1
959 1106 1
829 959 1
895 959 1
922 1126 1
922 1050 1
957 1141 1
957 1226 1
957 1102 1
1348 1461 1
1422 1513 1
1322 1463 1
1439 1473 1
1317 1458 1
1332 1628 1
1349 1612 1
1512 1519 1
1448 1623 1
1272 1519 1
1272 1512 1
1322 1579 1
1463 1579 1
1367 1551 1
1289 1516 1
1453 1462 1
1404 1431 1
1593 1615 1
1409 1535 1
1426 1578 1
1246 1374 1
1384 1601 1
1304 1544 1
1238 1400 1
1312 1522 1
1252 1333 1
1429 1542 1
1368 1481 1
1501 1524 1
1457 1529 1
1511 1558 1
1327 1634 1
1417 1446 1
1348 1557 1
1461 1557 1
1281 1348 1
1281 1461 1
1281 1557 1
1445 1474 1
1463 1576 1
1322 1576 1
1576 1579 1
1359 1407 1
1243 1452 1
1599 1624 1
1468 1468 1
1390 1457 1
1390 1529 1
1458 1504 1
1317 1504 1
1527 1585 1
1298 1453 1
1298 1462 1
1474 1528 1
1445 1528 1
1399 1422 1
1399 1513 1
1272 1346 1
1346 1512 1
1346 1519 1
1614 1616 1
1617 1625 1
1242 1315 1
1501 1585 1
1524 1585 1
1501 1527 1
1243 1402 1
1402 1452 1
1314 1363 1
1369 1400 1
1238 1369 1
1246 1618 1
1374 1618 1
1471 1505 1
1458 1492 1
1492 1504 1
1317 1492 1
1424 1584 1
1284 1291 1
1430 1600 1
1263 1435 1
1307 1621 1
1359 1542 1
1407 1542 1
1359 1429 1
1441 1497 1
1340 1468 1
1411 1534 1
1342 1490 1
1504 1628 1
1458 1628 1
1492 1628 1
1317 1628 1
1332 1504 1
1297 1481 1
1297 1368 1
1268 1595 1
1403 1478 1
1441 1597 1
1497 1597 1
1497 1530 1
1441 1530 1
1530 1597 1
1366 1589 1
1383 1414 1
1427 1598 1
1355 1390 1
1355 1457 1
1355 1529 1
1249 1314 1
1249 1363 1
1500 1514 1
1464 1557 1
1281 1464 1
1348 1464 1
1461 1464 1
1481 1492 1
1368 1492 1
1297 1492 1
1481 1504 1
1317 1481 1
1458 1481 1
1481 1628 1
1609 1631 1
1252 1549 1
1333 1549 1
1380 1397 1
1405 1547 1
1492 1509 1
1504 1509 1
1317 1509 1
1481 1509 1
1297 1509 1
1458 1509 1
1368 1509 1
1509 1628 1
1351 1376 1
1456 1590 1
1243 1579 1
1402 1579 1
1452 1579 1
1243 1576 1
1243 1322 1
1243 1463 1
1309 1631 1
1309 1609 1
1548 1586 1
1306 1474 1
1306 1528 1
1306 1445 1
1263 1369 1
1369 1435 1
1263 1400 1
1238 1263 1
1595 1623 1
1268 1623 1
1448 1595 1
1256 1371 1
1380 1468 1
1397 1468 1
1340 1380 1
1312 1491 1
1491 1522 1
1393 1484 1
1415 1584 1
1415 1424 1
1307 1593 1
1593 1621 1
1307 1615 1
1365 1440 1
1253 1630 1
1306 1411 1
1411 1528 1
1411 1474 1
1411 1445 1
1306 1534 1
1332 1467 1
1467 1504 1
1467 1628 1
1548 1563 1
1563 1586 1
1342 1408 1
1408 1490 1
1251 1278 1
1280 1286 1
1306 1447 1
1447 1474 1
1411 1447 1
1445 1447 1
1447 1528 1
1447 1534 1
1333 1545 1
1252 1545 1
1545 1549 1
1477 1496 1
1464 1485 1
1281 1485 1
1348 1485 1
1485 1557 1
1461 1485 1
1679 1936 1
1643 2043 1
1637 1758 1
1730 2057 1
1720 1976 1
1853 2033 1
1750 1965 1
1697 1698 1
1828 1860 1
1657 1936 1
1657 1679 1
1758 1832 1
1637 1832 1
1641 2021 1
1808 1847 1
1714 1988 1
1818 1959 1
1830 1944 1
1933 2029 1
1666 1886 1
1744 2031 1
1692 1875 1
1877 1932 1
1922 1929 1
1784 2018 1
1842 1889 1
1705 2050 1
1919 2062 1
1688 2022 1
1773 1977 1
1825 1971 1
1802 2057 1
1730 1802 1
1720 1985 1
1976 1985 1
1818 1964 1
1959 1964 1
1857 1870 1
1652 2008 1
1665 1961 1
1661 2043 1
1643 1661 1
1644 1928 1
1693 1944 1
1693 1830 1
1637 1675 1
1675 1832 1
1675 1758 1
1643 1794 1
1794 2043 1
1661 1794 1
1635 1688 1
1635 2022 1
1764 1909 1
1760 1793 1
1717 1806 1
1673 1920 1
1910 2053 1
1905 1914 1
2021 2025 1
1641 2025 1
1835 1911 1
1927 2050 1
1705 1927 1
1753 1856 1
1637 1993 1
1832 1993 1
1675 1993 1
1758 1993 1
1723 1797 1
1846 1985 1
1720 1846 1
1846 1976 1
1720 1808 1
1808 1976 1
1808 1985 1
1808 1846 1
1720 1847 1
1848 1860 1
1828 1848 1
1739 1752 1
1883 1927 1
1705 1883 1
1883 2050 1
1983 2022 1
1688 1983 1
1635 1983 1
1734 1875 1
1692 1734 1
1813 1971 1
1813 1825 1
2028 2051 1
1947 1980 1
1790 1815 1
1773 1799 1
1799 1977 1
1738 1898 1
1761 1928 1
1644 1761 1
1742 1926 1
1826 2000 1
1952 2060 1
1757 1974 1
1813 1878 1
1825 1878 1
1878 1971 1
1715 1975 1
1703 1931 1
1721 1853 1
1721 2033 1
1754 2013 1
1949 2009 1
1701 1847 1
1701 1808 1
1701 1720 1
1766 1802 1
1766 2057 1
1730 1766 1
1739 1818 1
1752 1818 1
1739 1964 1
1739 1959 1
1904 1919 1
1904 2062 1
1838 1902 1
1654 1699 1
1741 1826 1
1741 2000 1
1910 2025 1
2025 2053 1
1641 1910 1
1910 2021 1
1641 1741 1
1741 2025 1
1741 2021 1
1741 1910 1
1641 1826 1
1641 2000 1
1755 1889 1
1755 1842 1
1762 1801 1
1765 2042 1
1908 1995 1
1737 1833 1
1671 1710 1
1777 1800 1
1868 1869 1
2007 2032 1
1648 1816 1
1857 1879 1
1870 1879 1
1824 2019 1
1730 2024 1
2024 2057 1
1802 2024 1
1766 2024 1
1663 1813 1
1663 1825 1
1663 1971 1
1663 1878 1
1668 1939 1
1676 1926 1
1676 1742 1
1717 1954 1
1806 1954 1
1835 1951 1
1911 1951 1
1871 1957 1
1722 2035 1
1703 2050 1
1931 2050 1
1703 1705 1
1703 1883 1
1703 1927 1
1679 1876 1
1876 1936 1
1657 1876 1
1767 1783 1
1711 1970 1
1712 1808 1
1712 1985 1
1701 1712 1
1712 1976 1
1712 1846 1
1712 1847 1
1712 1720 1
1825 1956 1
1956 1971 1
1813 1956 1
1878 1956 1
1663 1956 1
1653 1723 1
1653 1797 1
1678 1724 1
1776 1998 1
1637 1784 1
1784 1832 1
1784 1993 1
1675 1784 1
1758 1784 1
1637 2018 1
1854 1883 1
1705 1854 1
1854 2050 1
1703 1854 1
1854 1927 1
1920 2051 1
1673 2051 1
1920 2028 1
1662 1672 1
1939 2063 1
1668 2063 1
1799 2021 1
1977 2021 1
1773 2021 1
1641 1799 1
1741 1799 1
1799 1910 1
1799 2025 1
2074 2099 1
2353 2417 1
2097 2337 1
2171 2292 1
2115 2343 1
2386 2411 1
2304 2343 1
2115 2304 1
2099 2149 1
2074 2149 1
2288 2384 1
2126 2223 1
2085 2348 1
2194 2399 1
2163 2311 1
2094 2247 1
2112 2277 1
2261 2262 1
2075 2295 1
2111 2408 1
2280 2296 1
2282 2332 1
2283 2372 1
2145 2157 1
2081 2322 1
2182 2207 1
2211 2357 1
2149 2367 1
2074 2367 1
2099 2367 1
2070 2346 1
2149 2226 1
2074 2226 1
2099 2226 1
2226 2367 1
2091 2214 1
2372 2393 1
2283 2393 1
2188 2299 1
2114 2145 1
2114 2157 1
2192 2289 1
2161 2243 1
2112 2125 1
2125 2277 1
2214 2224 1
2091 2224 1
2074 2223 1
2223 2226 1
2099 2223 1
2149 2223 1
2223 2367 1
2074 2126 1
2138 2248 1
2239 2354 1
2172 2241 1
2089 2165 1
2243 2388 1
2161 2388 1
2211 2345 1
2345 2357 1
2189 2216 1
2249 2295 1
2075 2249 1
2293 2323 1
2284 2417 1
2284 2353 1
2140 2173 1
2070 2221 1
2221 2346 1
2220 2295 1
2220 2249 1
2075 2220 1
2097 2383 1
2337 2383 1
2314 2344 1
2221 2310 1
2310 2346 1
2070 2310 1
2193 2241 1
2172 2193 1
2114 2249 1
2145 2249 1
2157 2249 1
2114 2220 1
2114 2295 1
2075 2114 1
2095 2190 1
2097 2210 1
2210 2337 1
2210 2383 1
2234 2395 1
2129 2319 1
2108 2262 1
2108 2261 1
2181 2270 1
2256 2377 1
2066 2118 1
2085 2111 1
2111 2348 1
2085 2408 1
2183 2225 1
2068 2262 1
2068 2108 1
2068 2261 1
2200 2334 1
2303 2328 1
2164 2328 1
2164 2303 1
2153 2283 1
2153 2393 1
2153 2372 1
2285 2367 1
2149 2285 1
2223 2285 1
2226 2285 1
2099 2285 1
2074 2285 1
2158 2360 1
2306 2382 1
2241 2338 1
2193 2338 1
2172 2338 1
2144 2290 1
2285 2404 1
2149 2404 1
2223 2404 1
2226 2404 1
2099 2404 1
2074 2404 1
2367 2404 1
2210 2327 1
2097 2327 1
2327 2383 1
2327 2337 1
2246 2390 1
2151 2315 1
2102 2207 1
2102 2182 1
2296 2300 1
2280 2300 1
2269 2400 1
2412 2423 1
2081 2417 1
2322 2417 1
2081 2353 1
2081 2284 1
2208 2288 1
2208 2384 1
2136 2247 1
2094 2136 1
2185 2320 1
2136 2395 1
2094 2395 1
2247 2395 1
2136 2234 1
2125 2218 1
2112 2218 1
2218 2277 1
2069 2298 1
2304 2403 1
2115 2403 1
2343 2403 1
2221 2236 1
2236 2346 1
2236 2310 1
2070 2236 1
2211 2284 1
2284 2345 1
2284 2357 1
2081 2211 1
2211 2353 1
2211 2417 1
2209 2338 1
2209 2241 1
2172 2209 1
2193 2209 1
2128 2320 1
2128 2185 1
2493 2543 1
2437 2470 1
2578 2715 1
2542 2603 1
2624 2679 1
2488 2573 1
2520 2607 1
2660 2763 1
2654 2704 1
2569 2635 1
2491 2642 1
2619 2700 1
2601 2690 1
2498 2594 1
2429 2515 1
2696 2738 1
2428 2528 1
2435 2736 1
2592 2779 1
2482 2629 1
2494 2547 1
2514 2518 1
2434 2753 1
2455 2610 1
2480 2608 1
2448 2631 1
2538 2633 1
2477 2624 1
2477 2679 1
2559 2697 1
2503 2592 1
2503 2779 1
2622 2763 1
2622 2660 1
2643 2701 1
2442 2673 1
2499 2708 1
2466 2779 1
2466 2592 1
2466 2503 1
2524 2605 1
2430 2484 1
2517 2760 1
2447 2743 1
2546 2567 1
2558 2647 1
2496 2799 1
2469 2731 1
2587 2751 1
2712 2753 1
2434 2712 1
2638 2731 1
2469 2638 1
2587 2775 1
2751 2775 1
2431 2517 1
2431 2760 1
2501 2748 1
2529 2663 1
2444 2768 1
2430 2671 1
2484 2671 1
2705 2747 1
2631 2652 1
2448 2652 1
2462 2463 1
2556 2727 1
2431 2610 1
2610 2760 1
2517 2610 1
2431 2455 1
2625 2765 1
2431 2777 1
2760 2777 1
2610 2777 1
2517 2777 1
2455 2777 1
2531 2607 1
2520 2531 1
2533 2683 1
2480 2567 1
2567 2608 1
2480 2546 1
2463 2733 1
2462 2733 1
2552 2681 1
2665 2755 1
2498 2546 1
2546 2594 1
2480 2498 1
2498 2567 1
2482 2483 1
2483 2629 1
2427 2664 1
2465 2741 1
2650 2653 1
2566 2795 1
2507 2680 1
2504 2767 1
2516 2538 1
2516 2633 1
2472 2608 1
2472 2480 1
2472 2567 1
2499 2544 1
2544 2708 1
2602 2655 1
2458 2510 1
2631 2743 1
2448 2743 1
2652 2743 1
2447 2631 1
2655 2673 1
2602 2673 1
2442 2655 1
2513 2585 1
2464 2638 1
2464 2731 1
2464 2469 1
2746 2800 1
2447 2493 1
2493 2631 1
2493 2743 1
2447 2543 1
2637 2722 1
2566 2739 1
2739 2795 1
2532 2780 1
2438 2617 1
2435 2565 1
2565 2736 1
2426 2660 1
2426 2763 1
2426 2622 1
2581 2639 1
2543 2770 1
2493 2770 1
2447 2770 1
2455 2570 1
2570 2777 1
2570 2610 1
2431 2570 1
2759 2766 1
2560 2760 1
2560 2777 1
2560 2610 1
2517 2560 1
2431 2560 1
2427 2445 1
2445 2664 1
2503 2532 1
2532 2592 1
2466 2532 1
2532 2779 1
2503 2780 1
2695 2768 1
2444 2695 1
2589 2590 1
2475 2792 1
2576 2673 1
2442 2576 1
2576 2602 1
2576 2655 1
2526 2760 1
2526 2560 1
2526 2610 1
2517 2526 1
2526 2777 1
2431 2526 1
2543 2793 1
2770 2793 1
2493 2793 1
2447 2793 1
2425 2611 1
2523 2732 1
2541 2610 1
2541 2560 1
2541 2760 1
2541 2570 1
2517 2541 1
2455 2541 1
2541 2777 1
2526 2541 1
2431 2541 1
2506 2576 1
2506 2673 1
2442 2506 1
2506 2602 1
2506 2655 1
3051 3141 1
2908 3162 1
2910 3088 1
3041 3129 1
2973 3133 1
2816 2985 1
3158 3158 1
3191 3219 1
2841 3093 1
3176 3197 1
3047 3055 1
2950 2990 1
2943 3084 1
3067 3227 1
3043 3177 1
2939 3138 1
2825 3228 1
2982 3129 1
2982 3041 1
3142 3148 1
2809 2911 1
2847 3010 1
2949 3062 1
2968 3059 1
2957 3129 1
2957 3041 1
2957 2982 1
3174 3206 1
2903 3205 1
3078 3082 1
2814 3019 1
2860 2980 1
2852 2868 1
3181 3190 1
3009 3027 1
3025 3201 1
3065 3104 1
3122 3184 1
2975 3009 1
2975 3027 1
2833 2855 1
3198 3202 1
3074 3093 1
2841 3074 1
3021 3031 1
2805 3156 1
3130 3231 1
3180 3189 1
2805 3040 1
3040 3156 1
2916 3119 1
2902 2983 1
2865 3196 1
2964 2968 1
2964 3059 1
2813 3113 1
2877 3221 1
2829 3206 1
2829 3174 1
3141 3228 1
3051 3228 1
2825 3141 1
2940 2962 1
2904 2919 1
2843 2905 1
2883 2976 1
2827 3149 1
3064 3123 1
2999 3199 1
3064 3086 1
3086 3123 1
3020 3210 1
3009 3137 1
3027 3137 1
2975 3137 1
2825 3047 1
3047 3228 1
3047 3141 1
2825 3055 1
2856 3193 1
2852 2999 1
2868 2999 1
2852 3199 1
2879 3177 1
2879 3043 1
3027 3031 1
3009 3031 1
3031 3137 1
2975 3031 1
3021 3027 1
2848 2887 1
2816 2992 1
2985 2992 1
2817 3046 1
2867 3041 1
2867 3129 1
2867 2957 1
2867 2982 1
2834 2925 1
2857 3031 1
2857 3009 1
2857 3137 1
2857 3021 1
2857 3027 1
2857 2975 1
3045 3073 1
2924 3000 1
2877 3089 1
3089 3221 1
3033 3094 1
2953 3093 1
2841 2953 1
2953 3074 1
2806 2909 1
2973 3053 1
3053 3133 1
2869 3039 1
2895 3047 1
2825 2895 1
2895 3228 1
2895 3141 1
2895 3055 1
3152 3176 1
3152 3197 1
2837 2846 1
2999 3164 1
2868 3164 1
2852 3164 1
3164 3199 1
2864 3116 1
2832 3149 1
2827 2832 1
3059 3079 1
2968 3079 1
2964 3079 1
3051 3160 1
3160 3228 1
3141 3160 1
2852 2914 1
2914 3164 1
2914 3199 1
2868 2914 1
2914 2999 1
2914 2984 1
2852 2984 1
2868 2984 1
2984 2999 1
2984 3164 1
2984 3199 1
2821 2895 1
2821 3047 1
2821 2825 1
2821 3055 1
2821 3228 1
2821 3141 1
2947 3009 1
2947 3137 1
2857 2947 1
2947 3027 1
2947 3031 1
2947 2975 1
2885 3202 1
2885 3198 1
2963 3160 1
2963 3051 1
2963 3228 1
2963 3141 1
2869 2898 1
2898 3039 1
2958 3194 1
3064 3147 1
3123 3147 1
3086 3147 1
2870 2966 1
3070 3077 1
2944 2976 1
2883 2944 1
2922 3047 1
2821 2922 1
2825 2922 1
2895 2922 1
2922 3055 1
2922 3228 1
2922 3141 1
3019 3196 1
2814 3196 1
2865 3019 1
2965 3109 1
2926 3011 1
3142 3151 1
3148 3151 1
2836 2863 1
3054 3069 1
2886 3204 1
2900 3103 1
2849 2924 1
2849 3000 1
2981 3223 1
2820 3153 1
3122 3197 1
3184 3197 1
3122 3176 1
3122 3152 1
2808 2861 1
2992 3228 1
2816 3228 1
2985 3228 1
2992 3141 1
2992 3047 1
2825 2992 1
2922 2992 1
2992 3051 1
2895 2992 1
2963 2992 1
2992 3160 1
2821 2992 1
3369 3430 1
3249 3540 1
3368 3394 1
3421 3533 1
3261 3392 1
3389 3500 1
3340 3346 1
3359 3458 1
3233 3275 1
3354 3454 1
3354 3388 1
3388 3454 1
3447 3493 1
3239 3481 1
3365 3423 1
3327 3444 1
3249 3590 1
3540 3590 1
3272 3555 1
3412 3502 1
3358 3489 1
3494 3523 1
3374 3428 1
3289 3432 1
3238 3587 1
3311 3356 1
3386 3434 1
3371 3395 1
3316 3337 1
3275 3438 1
3233 3438 1
3424 3546 1
3352 3429 1
3255 3259 1
3563 3568 1
3514 3541 1
3246 3590 1
3246 3249 1
3246 3540 1
3334 3377 1
3329 3530 1
3534 3585 1
3250 3392 1
3250 3261 1
3389 3499 1
3499 3500 1
3312 3583 1
3236 3444 1
3236 3327 1
3243 3422 1
3379 3568 1
3379 3563 1
3365 3581 1
3423 3581 1
3321 3422 1
3243 3321 1
3488 3519 1
3240 3249 1
3240 3540 1
3240 3246 1
3240 3590 1
3455 3472 1
3377 3506 1
3334 3506 1
3240 3299 1
3249 3299 1
3299 3540 1
3299 3590 1
3246 3299 1
3538 3576 1
3520 3571 1
3478 3497 1
3340 3523 1
3346 3523 1
3340 3494 1
3436 3563 1
3436 3568 1
3379 3436 1
3262 3542 1
3454 3592 1
3354 3592 1
3388 3592 1
3402 3415 1
3354 3402 1
3402 3592 1
3388 3402 1
3402 3454 1
3354 3415 1
3370 3405 1
3254 3279 1
3574 3578 1
3266 3287 1
3298 3499 1
3298 3500 1
3298 3389 1
3328 3522 1
3438 3565 1
3233 3565 1
3275 3565 1
3281 3347 1
3505 3518 1
3311 3421 1
3356 3421 1
3311 3533 1
3437 3538 1
3437 3576 1
3361 3404 1
3512 3583 1
3312 3512 1
3312 3413 1
3413 3512 1
3413 3583 1
3264 3484 1
3301 3519 1
3301 3488 1
3327 3411 1
3236 3411 1
3411 3444 1
3424 3427 1
3427 3546 1
3248 3536 1
3232 3307 1
3335 3388 1
3335 3592 1
3335 3354 1
3335 3402 1
3335 3454 1
3303 3365 1
3303 3581 1
3303 3423 1
3418 3531 1
3282 3464 1
3395 3452 1
3371 3452 1
3246 3507 1
3299 3507 1
3507 3590 1
3240 3507 1
3249 3507 1
3507 3540 1
3298 3551 1
3499 3551 1
3500 3551 1
3389 3551 1
3557 3566 1
3266 3563 1
3287 3563 1
3266 3568 1
3266 3379 1
3266 3436 1
3323 3361 1
3323 3404 1
3294 3298 1
3294 3499 1
3294 3500 1
3294 3389 1
3294 3551 1
3441 3541 1
3441 3514 1
3377 3482 1
3482 3506 1
3334 3482 1
3280 3328 1
3280 3522 1
3457 3573 1
3261 3340 1
3340 3392 1
3250 3340 1
3261 3523 1
3261 3494 1
3261 3346 1
3388 3503 1
3335 3503 1
3503 3592 1
3402 3503 1
3354 3503 1
3454 3503 1
3369 3482 1
3430 3482 1
3369 3377 1
3369 3506 1
3334 3369 1
3779 3865 1
3838 3962 1
3807 3948 1
3703 3942 1
3645 3716 1
3706 3955 1
3663 3884 1
3693 3736 1
3764 3847 1
3872 3984 1
3905 3910 1
3617 3813 1
3654 3942 1
3654 3703 1
3950 3967 1
3924 3935 1
3639 3681 1
3904 3972 1
3641 3814 1
3773 3881 1
3608 3860 1
3675 3950 1
3675 3967 1
3829 3864 1
3913 3990 1
3686 3989 1
3809 3832 1
3831 3992 1
3629 3965 1
3684 3850 1
3645 3804 1
3716 3804 1
3713 3854 1
3597 3905 1
3597 3910 1
3686 3895 1
3895 3989 1
3776 3880 1
3944 3984 1
3872 3944 1
3701 3899 1
3720 3858 1
3649 3856 1
3765 3815 1
3726 3799 1
3679 3686 1
3679 3989 1
3679 3895 1
3863 3908 1
3739 3962 1
3739 3838 1
3723 3901 1
3630 3791 1
3724 3906 1
3872 3921 1
3921 3984 1
3921 3944 1
3840 3956 1
3597 3645 1
3645 3905 1
3645 3910 1
3597 3804 1
3597 3716 1
3619 3705 1
3717 3961 1
3643 3856 1
3643 3649 1
3819 3855 1
3626 3996 1
3757 3823 1
3885 3976 1
3656 3770 1
3753 3867 1
3951 3976 1
3885 3951 1
3610 3856 1
3610 3649 1
3610 3643 1
3733 3883 1
3609 3806 1
3917 3970 1
3611 3904 1
3611 3972 1
3600 3865 1
3600 3779 1
3624 3780 1
3709 3833 1
3617 3719 1
3719 3813 1
3669 3731 1
3614 3693 1
3614 3736 1
3674 3854 1
3674 3713 1
3647 3720 1
3647 3858 1
3622 3672 1
3685 3769 1
3603 3974 1
3712 3869 1
3755 3909 1
3853 3962 1
3739 3853 1
3838 3853 1
3691 3842 1
3923 3971 1
3845 3961 1
3717 3845 1
3728 3801 1
3693 3917 1
3736 3917 1
3614 3917 1
3693 3970 1
3617 3759 1
3759 3813 1
3719 3759 1
3661 3985 1
3655 3867 1
3655 3753 1
3832 3981 1
3809 3981 1
3885 3900 1
3900 3976 1
3900 3951 1
3837 3864 1
3829 3837 1
3610 3892 1
3856 3892 1
3649 3892 1
3643 3892 1
3748 3986 1
3754 3973 1
3624 3870 1
3780 3870 1
3868 3999 1
3715 3723 1
3715 3901 1
3851 3999 1
3851 3868 1
3719 3744 1
3617 3744 1
3744 3813 1
3744 3759 1
3682 3682 1
3759 3777 1
3744 3777 1
3617 3777 1
3777 3813 1
3719 3777 1
3814 3981 1
3641 3981 1
3814 3832 1
3809 3814 1
3733 3765 1
3765 3883 1
3733 3815 1
3776 3965 1
3880 3965 1
3629 3776 1
3721 3897 1
3840 3892 1
3892 3956 1
3649 3840 1
3840 3856 1
3610 3840 1
3643 3840 1
3888 3910 1
3888 3905 1
3597 3888 1
3645 3888 1
3878 3894 1
3624 3803 1
3780 3803 1
3803 3870 1
3693 3932 1
3736 3932 1
3932 3970 1
3917 3932 1
3614 3932 1
3768 3772 1
3797 3970 1
3797 3932 1
3797 3917 1
3693 3797 1
3629 3841 1
3776 3841 1
3841 3965 1
3686 3984 1
3679 3984 1
3984 3989 1
3895 3984 1
3686 3872 1
3686 3944 1
3686 3921 1
3748 3991 1
3986 3991 1
3682 3932 1
3682 3970 1
3682 3693 1
3682 3917 1
3682 3797 1
3682 3736 1
3614 3682 1
241 325 1
64 78 1
216 284 1
17 187 1
147 196 1
25 63 1
53 362 1
35 160 1
271 329 1
87 138 1
185 204 1
46 174 1
36 100 1
18 113 1
112 336 1
12 252 1
173 278 1
154 330 1
110 225 1
68 142 1
148 201 1
289 308 1
18 282 1
113 282 1
254 304 1
75 172 1
193 357 1
54 332 1
87 129 1
129 138 1
31 226 1
28 341 1
112 313 1
313 336 1
82 228 1
251 275 1
262 273 1
128 239 1
258 322 1
194 284 1
194 216 1
142 295 1
68 295 1
13 350 1
176 217 1
87 117 1
117 129 1
117 138 1
32 307 1
73 344 1
63 111 1
25 111 1
178 226 1
31 178 1
20 197 1
171 297 1
162 309 1
59 311 1
264 326 1
332 350 1
54 350 1
13 332 1
230 304 1
230 254 1
170 341 1
28 170 1
114 339 1
194 209 1
209 216 1
209 284 1
123 271 1
123 329 1
57 265 1
34 345 1
42 313 1
42 112 1
42 336 1
26 259 1
131 339 1
114 131 1
104 143 1
205 336 1
112 205 1
205 313 1
42 205 1
153 319 1
284 342 1
216 342 1
209 342 1
194 342 1
110 270 1
225 270 1
184 252 1
12 184 1
17 265 1
187 265 1
17 57 1
15 296 1
147 286 1
196 286 1
126 354 1
246 277 1
296 352 1
15 352 1
129 144 1
138 144 1
117 144 1
87 144 1
113 363 1
18 363 1
282 363 1
145 336 1
112 145 1
145 313 1
42 145 1
145 205 1
42 74 1
74 336 1
74 205 1
74 112 1
74 145 1
74 313 1
30 83 1
131 276 1
114 276 1
276 339 1
125 340 1
250 327 1
136 175 1
87 279 1
144 279 1
129 279 1
138 279 1
117 279 1
43 150 1
236 254 1
236 304 1
230 236 1
138 147 1
129 147 1
87 147 1
144 147 1
117 147 1
147 279 1
138 196 1
138 286 1
99 355 1
222 246 1
222 277 1
140 173 1
140 278 1
104 133 1
133 143 1
185 286 1
204 286 1
138 185 1
147 185 1
185 196 1
80 327 1
80 250 1
24 180 1
44 82 1
44 228 1
101 179 1
216 319 1
209 319 1
194 319 1
284 319 1
319 342 1
153 216 1
204 297 1
185 297 1
286 297 1
171 204 1
81 174 1
46 81 1
141 360 1
66 258 1
66 322 1
64 204 1
78 204 1
64 297 1
64 171 1
64 185 1
64 286 1
301 3689 -1
432 1084 -1
1891 3885 -1
1891 3976 -1
1891 3900 -1
1891 3951 -1
115 3395 -1
115 3371 -1
115 3452 -1
1181 1290 -1
1108 3112 -1
337 1026 -1
1108 1985 -1
1108 1720 -1
1108 1976 -1
1108 1712 -1
1108 1846 -1
1108 1808 -1
1289 2264 -1
1516 2264 -1
2945 3606 -1
1587 2066 -1
1587 2118 -1
250 2519 -1
80 2519 -1
327 2519 -1
1566 2418 -1
1776 3737 -1
1998 3737 -1
785 2824 -1
588 2824 -1
133 2935 -1
104 2935 -1
143 2935 -1
2316 2503 -1
2316 2592 -1
2316 2780 -1
2316 2466 -1
2316 2779 -1
2316 2532 -1
485 1791 -1
442 1791 -1
619 1791 -1
510 1791 -1
447 1791 -1
635 1822 -1
1661 3909 -1
1643 3909 -1
1794 3909 -1
2043 3909 -1
1661 3755 -1
3220 3643 -1
3220 3856 -1
3220 3649 -1
3220 3610 -1
3220 3892 -1
3220 3840 -1
551 2506 -1
551 2576 -1
551 2673 -1
551 2442 -1
551 2602 -1
551 2655 -1
973 1789 -1
960 1789 -1
926 3561 -1
995 3561 -1
691 2873 -1
1198 3591 -1
1924 3849 -1
2988 3853 -1
2988 3962 -1
2988 3739 -1
2988 3838 -1
762 3050 -1
379 3050 -1
636 3050 -1
1289 3812 -1
1516 3812 -1
1795 3801 -1
1795 3728 -1
422 3453 -1
413 2924 -1
720 2924 -1
714 2924 -1
430 2924 -1
366 2924 -1
679 2924 -1
413 3000 -1
413 2849 -1
1580 3401 -1
433 3315 -1
219 3689 -1
64 898 -1
297 898 -1
171 898 -1
204 898 -1
78 898 -1
185 898 -1
286 898 -1
636 1790 -1
762 1790 -1
379 1790 -1
636 1815 -1
1625 3517 -1
1617 3517 -1
2356 2622 -1
2356 2426 -1
2356 2763 -1
2356 2660 -1
599 1310 -1
697 1310 -1
236 2710 -1
304 2710 -1
230 2710 -1
254 2710 -1
2165 2586 -1
2089 2586 -1
2399 3633 -1
2194 3633 -1
2012 3842 -1
2012 3691 -1
494 1639 -1
521 1639 -1
444 1790 -1
444 1815 -1
415 1003 -1
415 1196 -1
19 3443 -1
1998 3918 -1
1776 3918 -1
2284 3284 -1
2081 3284 -1
2211 3284 -1
2353 3284 -1
2345 3284 -1
2417 3284 -1
2357 3284 -1
1285 2184 -1
300 2479 -1
1923 3993 -1
1053 3505 -1
1053 3518 -1
617 1576 -1
617 1322 -1
617 1579 -1
617 1243 -1
617 1463 -1
978 3478 -1
978 3497 -1
933 3551 -1
933 3298 -1
933 3499 -1
933 3500 -1
933 3389 -1
933 3294 -1
1203 3209 -1
1110 3209 -1
2039 3627 -1
1372 3424 -1
1372 3546 -1
1372 3427 -1
1943 3264 -1
1943 3484 -1
1395 2177 -1
2090 3260 -1
3551 3922 -1
3298 3922 -1
3499 3922 -1
3500 3922 -1
3389 3922 -1
3294 3922 -1
1611 3576 -1
1611 3538 -1
1611 3437 -1
1020 1603 -1
325 2455 -1
241 2455 -1
325 2777 -1
325 2610 -1
325 2541 -1
325 2570 -1
325 2431 -1
50 1170 -1
50 1013 -1
1889 3640 -1
1842 3640 -1
1755 3640 -1
607 2252 -1
1081 3225 -1
833 3225 -1
1034 3225 -1
2783 3785 -1
2252 2967 -1
1522 2245 -1
1312 2245 -1
1491 2245 -1
1741 2843 -1
1826 2843 -1
2021 2843 -1
1799 2843 -1
1641 2843 -1
2000 2843 -1
1910 2843 -1
2025 2843 -1
1741 2905 -1
3216 3626 -1
3216 3996 -1
2061 3632 -1
641 1791 -1
509 1791 -1
678 1791 -1
1537 2289 -1
1537 2192 -1
1542 2198 -1
1407 2198 -1
1429 2198 -1
1359 2198 -1
1289 1819 -1
1516 1819 -1
1482 2110 -1
710 1519 -1
710 1512 -1
710 1272 -1
710 1346 -1
1870 2837 -1
1857 2837 -1
1879 2837 -1
1870 2846 -1
3163 3615 -1
1454 2312 -1
758 3526 -1
1919 3859 -1
1904 3859 -1
2062 3859 -1
1561 2402 -1
869 3854 -1
1018 3854 -1
869 3713 -1
869 3674 -1
2420 3973 -1
2420 3754 -1
248 1207 -1
248 1035 -1
248 837 -1
248 1054 -1
649 1450 -1
536 1450 -1
464 1450 -1
475 1450 -1
756 1450 -1
817 1450 -1
1564 2359 -1
1901 3982 -1
660 3095 -1
678 1109 -1
641 1109 -1
509 1109 -1
1795 3787 -1
1508 2086 -1
1619 3602 -1
142 474 -1
68 474 -1
295 474 -1
1805 3692 -1
195 3605 -1
1866 3720 -1
1866 3858 -1
1866 3647 -1
689 3594 -1
239 2217 -1
128 2217 -1
887 3205 -1
887 2903 -1
1567 3484 -1
1567 3264 -1
2061 2651 -1
673 3526 -1
400 3526 -1
675 3526 -1
922 3530 -1
1126 3530 -1
1192 3530 -1
1106 3530 -1
1050 3530 -1
895 3530 -1
829 3530 -1
959 3530 -1
922 3329 -1
1008 1576 -1
1008 1322 -1
1008 1579 -1
1008 1243 -1
1008 1463 -1
1435 2418 -1
1369 2418 -1
1263 2418 -1
247 1854 -1
247 1705 -1
247 2050 -1
247 1883 -1
247 1927 -1
247 1703 -1
1864 3636 -1
3489 3940 -1
3358 3940 -1
2870 3858 -1
2966 3858 -1
2870 3720 -1
2870 3647 -1
1852 3899 -1
1852 3701 -1
1136 2776 -1
2989 3740 -1
526 963 -1
526 892 -1
1610 2241 -1
1610 2193 -1
1610 2338 -1
1610 2172 -1
1610 2209 -1
1719 3692 -1
1726 3817 -1
1288 3309 -1
2032 3179 -1
2007 3179 -1
1721 3873 -1
2033 3873 -1
1853 3873 -1
103 3576 -1
103 3538 -1
103 3437 -1
300 2731 -1
300 2464 -1
300 2469 -1
300 2638 -1
2049 3657 -1
697 1180 -1
599 1180 -1
697 1078 -1
659 3381 -1
1914 3780 -1
1905 3780 -1
1914 3624 -1
1914 3803 -1
1914 3870 -1
1611 2318 -1
547 3116 -1
547 2864 -1
360 1124 -1
141 1124 -1
2110 3535 -1
397 3179 -1
564 3179 -1
644 3179 -1
557 3179 -1
497 3179 -1
1287 3067 -1
1287 3227 -1
2025 3933 -1
2021 3933 -1
1799 3933 -1
1641 3933 -1
1741 3933 -1
1910 3933 -1
2053 3933 -1
984 3205 -1
984 2903 -1
1093 3081 -1
1063 3081 -1
1091 3081 -1
876 3081 -1
1021 3081 -1
831 3081 -1
1123 2976 -1
1056 2976 -1
890 2976 -1
972 2976 -1
1123 2944 -1
1123 2883 -1
3188 3603 -1
3188 3974 -1
2363 2947 -1
2363 3009 -1
2363 3137 -1
2363 2857 -1
2363 3027 -1
2363 3031 -1
2363 2975 -1
529 3456 -1
700 3456 -1
1570 3281 -1
1570 3347 -1
2949 3547 -1
3062 3547 -1
1123 2879 -1
1056 2879 -1
890 2879 -1
972 2879 -1
1123 3177 -1
1123 3043 -1
2366 3260 -1
2047 3766 -1
671 3288 -1
826 2763 -1
826 2426 -1
826 2660 -1
826 2622 -1
2254 3390 -1
1750 2473 -1
1965 2473 -1
1130 3500 -1
1130 3298 -1
1130 3499 -1
1130 3389 -1
1130 3294 -1
1130 3551 -1
2371 3973 -1
2371 3754 -1
921 2122 -1
2410 3421 -1
2410 3356 -1
2410 3533 -1
2410 3311 -1
497 1084 -1
564 1084 -1
397 1084 -1
311 2751 -1
59 2751 -1
311 2587 -1
311 2775 -1
296 2188 -1
352 2188 -1
15 2188 -1
296 2299 -1
704 3686 -1
674 3686 -1
381 3686 -1
704 3872 -1
704 3944 -1
704 3984 -1
704 3921 -1
704 3989 -1
704 3895 -1
704 3679 -1
2071 2475 -1
2071 2792 -1
2012 3861 -1
3312 3760 -1
3512 3760 -1
3413 3760 -1
3583 3760 -1
450 3788 -1
1497 2212 -1
1441 2212 -1
1530 2212 -1
1597 2212 -1
1325 2400 -1
1325 2269 -1
616 953 -1
1972 2462 -1
1972 2733 -1
1972 2463 -1
910 1422 -1
910 1513 -1
910 1399 -1
3055 3986 -1
2825 3986 -1
2922 3986 -1
2895 3986 -1
2821 3986 -1
3047 3986 -1
3055 3748 -1
3055 3991 -1
615 3973 -1
515 3973 -1
615 3754 -1
1972 2542 -1
1972 2603 -1
1494 3551 -1
1494 3298 -1
1494 3499 -1
1494 3500 -1
1494 3389 -1
1494 3294 -1
1714 3392 -1
1988 3392 -1
1714 3250 -1
1714 3340 -1
1714 3261 -1
1497 3487 -1
1441 3487 -1
1530 3487 -1
1597 3487 -1
1499 3291 -1
1175 3428 -1
1175 3374 -1
493 1703 -1
493 2050 -1
493 1927 -1
493 1705 -1
493 1931 -1
493 1883 -1
493 1854 -1
893 3094 -1
893 3033 -1
2319 3893 -1
2129 3893 -1
901 1798 -1
1116 1798 -1
2011 3815 -1
2011 3765 -1
2011 3733 -1
608 2840 -1
722 1120 -1
722 951 -1
700 3092 -1
529 3092 -1
793 1829 -1
2373 3505 -1
2373 3518 -1
796 3079 -1
572 3079 -1
461 3079 -1
796 2968 -1
796 3059 -1
796 2964 -1
2013 2776 -1
1754 2776 -1
515 2072 -1
615 2072 -1
1434 3553 -1
1538 3148 -1
1538 3142 -1
1538 3151 -1
718 3177 -1
718 3043 -1
718 2879 -1
1154 1992 -1
1017 2985 -1
1072 2985 -1
1017 2816 -1
1017 2992 -1
1017 3228 -1
2103 3393 -1
142 729 -1
68 729 -1
295 729 -1
142 527 -1
1553 3340 -1
1553 3392 -1
1553 3523 -1
1553 3494 -1
1553 3250 -1
1553 3346 -1
1553 3261 -1
614 886 -1
2897 3768 -1
2897 3772 -1
1778 3855 -1
1778 3819 -1
1854 2448 -1
1705 2448 -1
2050 2448 -1
1883 2448 -1
1927 2448 -1
1703 2448 -1
1854 2743 -1
1854 2652 -1
1854 2631 -1
2080 3385 -1
2316 3373 -1
3342 3726 -1
3342 3799 -1
1860 3809 -1
1848 3809 -1
1828 3809 -1
1860 3832 -1
1860 3981 -1
1860 3814 -1
1675 2627 -1
1832 2627 -1
1993 2627 -1
1784 2627 -1
1637 2627 -1
1758 2627 -1
1541 3483 -1
1849 3904 -1
1849 3611 -1
1849 3972 -1
3499 3628 -1
3298 3628 -1
3500 3628 -1
3389 3628 -1
3294 3628 -1
3551 3628 -1
3489 3637 -1
3358 3637 -1
1247 3957 -1
1868 3227 -1
1869 3227 -1
1868 3067 -1
779 3205 -1
483 3205 -1
779 2903 -1
706 972 -1
706 1056 -1
706 890 -1
706 1123 -1
2104 2657 -1
691 3788 -1
1320 3496 -1
269 1139 -1
1563 2151 -1
1586 2151 -1
1548 2151 -1
1563 2315 -1
1841 3932 -1
1841 3970 -1
1841 3682 -1
1841 3693 -1
1841 3917 -1
1841 3797 -1
1841 3736 -1
1841 3614 -1
1734 3164 -1
1875 3164 -1
1692 3164 -1
1734 2914 -1
1734 2852 -1
1734 2984 -1
1734 2868 -1
1734 2999 -1
1734 3199 -1
1172 3095 -1
1209 3095 -1
1720 3703 -1
1985 3703 -1
1701 3703 -1
1808 3703 -1
1846 3703 -1
1847 3703 -1
1976 3703 -1
1712 3703 -1
1720 3654 -1
1720 3942 -1
158 2299 -1
158 2188 -1
2204 3951 -1
2204 3976 -1
2204 3900 -1
2204 3885 -1
3551 3913 -1
3298 3913 -1
3499 3913 -1
3500 3913 -1
3389 3913 -1
3294 3913 -1
3551 3990 -1
631 1819 -1
1671 3688 -1
1710 3688 -1
745 3249 -1
620 3249 -1
477 3249 -1
745 3299 -1
745 3590 -1
745 3240 -1
745 3246 -1
745 3507 -1
745 3540 -1
3138 3654 -1
2939 3654 -1
3138 3942 -1
3138 3703 -1
1450 2581 -1
1450 2639 -1
3509 3608 -1
3509 3860 -1
1723 3342 -1
1797 3342 -1
1653 3342 -1
1899 3834 -1
1576 2259 -1
1322 2259 -1
1579 2259 -1
1243 2259 -1
1463 2259 -1
3386 3852 -1
3434 3852 -1
2899 3897 -1
2899 3721 -1
3029 3625 -1
373 1085 -1
373 1046 -1
1171 3060 -1
1876 3612 -1
1936 3612 -1
1657 3612 -1
1679 3612 -1
2021 2971 -1
1799 2971 -1
1641 2971 -1
1741 2971 -1
1773 2971 -1
1910 2971 -1
2025 2971 -1
1977 2971 -1
618 1747 -1
712 1747 -1
517 1747 -1
486 1747 -1
828 2954 -1
1158 2954 -1
1125 2954 -1
982 2954 -1
2682 3678 -1
1491 3907 -1
1312 3907 -1
1522 3907 -1
387 3195 -1
87 920 -1
129 920 -1
138 920 -1
144 920 -1
147 920 -1
117 920 -1
279 920 -1
87 1234 -1
770 2615 -1
3537 3723 -1
3537 3715 -1
3537 3901 -1
3039 3915 -1
2898 3915 -1
2869 3915 -1
1327 3461 -1
1634 3461 -1
1795 3937 -1
620 1529 -1
745 1529 -1
477 1529 -1
620 1457 -1
620 1355 -1
620 1390 -1
3174 3619 -1
2829 3619 -1
3206 3619 -1
3174 3705 -1
1991 3887 -1
1522 3525 -1
1312 3525 -1
1491 3525 -1
3508 3942 -1
3508 3654 -1
3508 3703 -1
798 2840 -1
748 2840 -1
1231 1441 -1
1231 1497 -1
1231 1530 -1
1231 1597 -1
1873 3790 -1
1880 2512 -1
1067 3337 -1
873 3337 -1
1100 3337 -1
1105 3337 -1
1067 3316 -1
1605 3564 -1
1916 2522 -1
225 2276 -1
270 2276 -1
110 2276 -1
1650 3589 -1
1891 3901 -1
1891 3723 -1
1891 3715 -1
1892 3747 -1
526 1092 -1
526 1086 -1
2848 3786 -1
2887 3786 -1
1395 3413 -1
1395 3312 -1
1395 3512 -1
1395 3583 -1
1549 3075 -1
1545 3075 -1
1252 3075 -1
1333 3075 -1
470 2726 -1
1397 3494 -1
1468 3494 -1
1380 3494 -1
1397 3523 -1
1397 3340 -1
1397 3261 -1
493 1943 -1
525 3452 -1
525 3371 -1
525 3395 -1
916 3280 -1
916 3328 -1
916 3522 -1
830 3032 -1
808 2419 -1
708 2419 -1
733 2419 -1
1173 3137 -1
1173 3009 -1
1173 2947 -1
1173 2857 -1
1173 3027 -1
1173 3031 -1
1173 2975 -1
2836 3886 -1
2863 3886 -1
225 3568 -1
270 3568 -1
110 3568 -1
225 3379 -1
225 3266 -1
225 3563 -1
225 3436 -1
374 2873 -1
818 935 -1
1778 3872 -1
1778 3984 -1
1778 3944 -1
1778 3686 -1
1778 3921 -1
378 3241 -1
1822 3847 -1
1822 3764 -1
3433 3855 -1
3433 3819 -1
1081 2829 -1
833 2829 -1
1034 2829 -1
1081 3174 -1
1081 3206 -1
1532 3310 -1
1108 2061 -1
1245 2130 -1
1896 2712 -1
1896 2753 -1
1896 2434 -1
2205 3272 -1
2205 3555 -1
2971 3966 -1
347 3973 -1
347 3754 -1
208 1162 -1
1913 3202 -1
1913 2885 -1
1913 3198 -1
312 3572 -1
1513 3401 -1
1422 3401 -1
1399 3401 -1
353 3689 -1
1882 3489 -1
1882 3358 -1
1354 3638 -1
1027 2876 -1
966 2876 -1
3102 3845 -1
3102 3961 -1
3102 3717 -1
1940 3933 -1
59 2647 -1
311 2647 -1
59 2558 -1
1445 2371 -1
1528 2371 -1
1474 2371 -1
1411 2371 -1
1306 2371 -1
1447 2371 -1
1461 3074 -1
1464 3074 -1
1281 3074 -1
1348 3074 -1
1557 3074 -1
1485 3074 -1
1461 2841 -1
1461 3093 -1
1461 2953 -1
1810 3865 -1
1810 3600 -1
1810 3779 -1
1914 3776 -1
1905 3776 -1
1914 3880 -1
1914 3841 -1
1914 3965 -1
1914 3629 -1
1246 2318 -1
1618 2318 -1
1374 2318 -1
1508 2278 -1
2340 3294 -1
2340 3298 -1
2340 3499 -1
2340 3500 -1
2340 3389 -1
2340 3551 -1
2792 3257 -1
2475 3257 -1
725 2509 -1
2024 2473 -1
2057 2473 -1
1730 2473 -1
1802 2473 -1
1766 2473 -1
1871 3848 -1
1957 3848 -1
1678 2678 -1
1724 2678 -1
846 2963 -1
846 3160 -1
846 2992 -1
846 3051 -1
846 3228 -1
846 3141 -1
611 2820 -1
391 2820 -1
583 2820 -1
684 2820 -1
466 2820 -1
730 2820 -1
571 2820 -1
446 2820 -1
799 2820 -1
611 3153 -1
1528 2377 -1
1474 2377 -1
1411 2377 -1
1306 2377 -1
1445 2377 -1
1447 2377 -1
1528 2256 -1
572 1799 -1
796 1799 -1
461 1799 -1
572 2021 -1
572 1641 -1
572 1741 -1
572 1773 -1
572 1910 -1
572 2025 -1
572 1977 -1
499 3788 -1
538 3788 -1
150 1445 -1
43 1445 -1
150 1528 -1
150 1474 -1
150 1411 -1
150 1306 -1
150 1447 -1
1479 2014 -1
1954 3966 -1
1717 3966 -1
1806 3966 -1
678 1209 -1
641 1209 -1
509 1209 -1
678 1172 -1
1287 2940 -1
1287 2962 -1
1603 3478 -1
1603 3497 -1
2849 3857 -1
3000 3857 -1
2924 3857 -1
846 3102 -1
1960 3610 -1
1960 3856 -1
1960 3649 -1
1960 3643 -1
1960 3892 -1
1960 3840 -1
1171 2818 -1
1558 2232 -1
1511 2232 -1
2363 3196 -1
2363 2865 -1
2363 3019 -1
2363 2814 -1
3057 3448 -1
658 3249 -1
658 3299 -1
658 3590 -1
658 3240 -1
658 3246 -1
658 3507 -1
658 3540 -1
1805 3926 -1
104 1711 -1
133 1711 -1
143 1711 -1
104 1970 -1
488 1791 -1
3017 3943 -1
1482 2349 -1
65 2263 -1
658 1593 -1
658 1307 -1
658 1621 -1
658 1615 -1
2957 3927 -1
3129 3927 -1
2867 3927 -1
2982 3927 -1
3041 3927 -1
1737 3631 -1
1833 3631 -1
405 1156 -1
707 1156 -1
511 1156 -1
1680 3850 -1
1680 3684 -1
907 3131 -1
1554 3847 -1
1554 3764 -1
3002 3617 -1
3002 3744 -1
3002 3777 -1
3002 3759 -1
3002 3813 -1
3002 3719 -1
1788 2562 -1
1925 3862 -1
2911 3717 -1
2809 3717 -1
2911 3961 -1
2911 3845 -1
2894 3606 -1
1491 3842 -1
1312 3842 -1
1522 3842 -1
1491 3691 -1
2293 3548 -1
2323 3548 -1
819 2506 -1
819 2576 -1
819 2673 -1
819 2442 -1
819 2602 -1
819 2655 -1
493 1193 -1
2821 3664 -1
3141 3664 -1
3047 3664 -1
2825 3664 -1
2922 3664 -1
3055 3664 -1
2992 3664 -1
2895 3664 -1
3228 3664 -1
563 877 -1
563 912 -1
563 836 -1
563 1045 -1
2912 3982 -1
1805 3668 -1
828 2969 -1
1158 2969 -1
1125 2969 -1
982 2969 -1
811 2820 -1
811 3153 -1
678 3200 -1
641 3200 -1
509 3200 -1
1903 3921 -1
1903 3872 -1
1903 3984 -1
1903 3686 -1
1903 3944 -1
1054 2574 -1
1035 2574 -1
837 2574 -1
1207 2574 -1
3050 3447 -1
3050 3493 -1
2404 3767 -1
2149 3767 -1
2285 3767 -1
2223 3767 -1
2226 3767 -1
2099 3767 -1
2074 3767 -1
2367 3767 -1
2141 3557 -1
2141 3566 -1
1354 3926 -1
3174 3884 -1
2829 3884 -1
3206 3884 -1
3174 3663 -1
2529 3398 -1
2663 3398 -1
3323 3852 -1
3361 3852 -1
3404 3852 -1
946 1743 -1
555 2898 -1
555 2869 -1
555 3039 -1
3327 3973 -1
3236 3973 -1
3411 3973 -1
3444 3973 -1
3327 3754 -1
498 1169 -1
683 1169 -1
428 1169 -1
462 1169 -1
463 1169 -1
777 3116 -1
714 3116 -1
430 3116 -1
777 2864 -1
1024 3032 -1
1548 3695 -1
1586 3695 -1
1563 3695 -1
1053 3069 -1
1053 3054 -1
57 2647 -1
265 2647 -1
17 2647 -1
57 2558 -1
1788 2672 -1
1388 2235 -1
1826 3960 -1
2000 3960 -1
1641 3960 -1
1741 3960 -1
1639 3200 -1
662 2072 -1
807 3041 -1
807 3129 -1
807 2867 -1
807 2957 -1
807 2982 -1
243 2712 -1
243 2753 -1
243 2434 -1
546 2866 -1
436 1699 -1
436 1654 -1
828 2859 -1
1158 2859 -1
1125 2859 -1
982 2859 -1
2206 2699 -1
635 1310 -1
1144 3137 -1
1144 3009 -1
1144 2947 -1
1144 2857 -1
1144 3027 -1
1144 3031 -1
1144 2975 -1
1183 1440 -1
1183 1365 -1
939 1743 -1
839 3048 -1
169 1124 -1
1911 3677 -1
1835 3677 -1
1951 3677 -1
1891 2291 -1
1020 1610 -1
756 3264 -1
536 3264 -1
649 3264 -1
475 3264 -1
464 3264 -1
817 3264 -1
756 3484 -1
59 2621 -1
311 2621 -1
778 3289 -1
778 3432 -1
1436 2365 -1
3508 3826 -1
1827 3432 -1
1827 3289 -1
2045 3802 -1
413 2272 -1
720 2272 -1
714 2272 -1
430 2272 -1
366 2272 -1
679 2272 -1
2832 3754 -1
2827 3754 -1
3149 3754 -1
2832 3973 -1
1986 3818 -1
1024 2400 -1
1024 2269 -1
2854 3651 -1
1582 2371 -1
1158 2583 -1
828 2583 -1
1125 2583 -1
982 2583 -1
643 3289 -1
643 3432 -1
1773 3728 -1
1977 3728 -1
2021 3728 -1
1799 3728 -1
1773 3801 -1
636 2866 -1
762 2866 -1
379 2866 -1
1293 2162 -1
148 2385 -1
201 2385 -1
538 1084 -1
499 1084 -1
1356 3502 -1
1356 3412 -1
1549 3035 -1
1545 3035 -1
1252 3035 -1
1333 3035 -1
1171 3122 -1
1171 3184 -1
1171 3176 -1
1171 3152 -1
1171 3197 -1
1693 2806 -1
1944 2806 -1
1830 2806 -1
1693 2909 -1
2365 3291 -1
2416 3821 -1
826 2459 -1
3174 3826 -1
2829 3826 -1
3206 3826 -1
1937 3934 -1
1697 2804 -1
1698 2804 -1
1415 2109 -1
1584 2109 -1
1424 2109 -1
1806 3625 -1
1954 3625 -1
1717 3625 -1
545 895 -1
545 1192 -1
545 1106 -1
545 922 -1
545 959 -1
2402 3523 -1
2402 3346 -1
2402 3340 -1
2402 3261 -1
2402 3494 -1
1027 3228 -1
966 3228 -1
1027 2816 -1
1027 3141 -1
1027 3047 -1
1027 2825 -1
1027 2922 -1
1027 3051 -1
1027 2895 -1
1027 2992 -1
1027 2963 -1
1027 2985 -1
1027 3160 -1
1027 2821 -1
570 3206 -1
570 2829 -1
570 3174 -1
1059 1717 -1
1059 1954 -1
1059 1806 -1
2932 3600 -1
2932 3865 -1
2932 3779 -1
1675 2735 -1
1832 2735 -1
1993 2735 -1
1784 2735 -1
1637 2735 -1
1758 2735 -1
1604 3374 -1
1604 3428 -1
2761 3535 -1
3201 3630 -1
3025 3630 -1
3201 3791 -1
1848 3216 -1
1828 3216 -1
1860 3216 -1
1035 1441 -1
837 1441 -1
1054 1441 -1
1207 1441 -1
1035 1497 -1
1035 1530 -1
1035 1597 -1
1459 3885 -1
1459 3976 -1
1459 3900 -1
1459 3951 -1
1843 3997 -1
402 2294 -1
2421 3855 -1
2421 3819 -1
1697 3815 -1
1698 3815 -1
1697 3765 -1
1697 3733 -1
1347 3347 -1
1347 3281 -1
1818 3930 -1
1752 3930 -1
1739 3930 -1
1964 3930 -1
1959 3930 -1
3236 3756 -1
3411 3756 -1
3444 3756 -1
3327 3756 -1
1408 3486 -1
1490 3486 -1
1342 3486 -1
2818 3621 -1
3577 3821 -1
1778 3625 -1
432 1173 -1
142 2504 -1
68 2504 -1
295 2504 -1
142 2767 -1
2339 2964 -1
2339 2968 -1
2339 3059 -1
2339 3079 -1
1256 3005 -1
1371 3005 -1
1991 3202 -1
1991 2885 -1
1991 3198 -1
3202 3943 -1
2885 3943 -1
3198 3943 -1
2604 3535 -1
1569 3481 -1
1569 3239 -1
80 1199 -1
250 1199 -1
327 1199 -1
80 825 -1
2406 3244 -1
2314 3445 -1
2344 3445 -1
2123 3272 -1
2123 3555 -1
348 2508 -1
2086 2691 -1
3362 3648 -1
861 2296 -1
950 2296 -1
861 2280 -1
861 2300 -1
1712 2600 -1
1985 2600 -1
1701 2600 -1
1808 2600 -1
1720 2600 -1
1846 2600 -1
1847 2600 -1
1976 2600 -1
35 3420 -1
160 3420 -1
1217 1573 -1
883 1573 -1
1041 1573 -1
1111 1573 -1
1131 1573 -1
913 1573 -1
614 1055 -1
614 993 -1
1354 3608 -1
1354 3860 -1
1960 3797 -1
1960 3970 -1
1960 3682 -1
1960 3932 -1
1960 3917 -1
1960 3693 -1
1084 3434 -1
1084 3386 -1
1937 3065 -1
1937 3104 -1
1471 2839 -1
1505 2839 -1
1598 2265 -1
1427 2265 -1
2370 2787 -1
2799 3741 -1
2496 3741 -1
2886 3804 -1
3204 3804 -1
2886 3716 -1
2886 3645 -1
2886 3597 -1
893 3204 -1
893 2886 -1
1050 3303 -1
922 3303 -1
1126 3303 -1
959 3303 -1
1050 3423 -1
1050 3365 -1
1050 3581 -1
589 1431 -1
589 1404 -1
2379 3484 -1
2379 3264 -1
1525 3595 -1
1722 2741 -1
2035 2741 -1
1722 2465 -1
1709 3918 -1
705 3447 -1
504 3447 -1
539 3447 -1
743 3447 -1
669 3447 -1
383 3447 -1
705 3493 -1
1543 2449 -1
2082 3445 -1
3506 3705 -1
3377 3705 -1
3482 3705 -1
3334 3705 -1
3369 3705 -1
3506 3619 -1
1571 2180 -1
2670 3449 -1
3056 3854 -1
3056 3713 -1
3056 3674 -1
776 2347 -1
1333 2166 -1
1545 2166 -1
1252 2166 -1
1549 2166 -1
2057 3996 -1
2024 3996 -1
1730 3996 -1
1802 3996 -1
1766 3996 -1
2057 3626 -1
740 2618 -1
1914 3778 -1
1905 3778 -1
2404 3646 -1
2149 3646 -1
2285 3646 -1
2223 3646 -1
2226 3646 -1
2099 3646 -1
2074 3646 -1
2367 3646 -1
1361 3262 -1
1361 3542 -1
1410 3372 -1
1335 3541 -1
1335 3441 -1
1335 3514 -1
820 2296 -1
820 2280 -1
820 2300 -1
758 3405 -1
758 3370 -1
2363 3074 -1
2363 2841 -1
2363 3093 -1
2363 2953 -1
212 1505 -1
212 1471 -1
1258 2310 -1
1258 2346 -1
1258 2236 -1
1258 2221 -1
1258 2070 -1
1603 2172 -1
1603 2209 -1
1603 2241 -1
1603 2338 -1
1603 2193 -1
240 2774 -1
1096 3519 -1
1096 3488 -1
1096 3301 -1
196 3420 -1
185 3420 -1
138 3420 -1
147 3420 -1
286 3420 -1
801 3453 -1
1436 3602 -1
1866 3326 -1
2817 3745 -1
3046 3745 -1
3164 3683 -1
2914 3683 -1
2852 3683 -1
2984 3683 -1
2868 3683 -1
2999 3683 -1
3199 3683 -1
972 3566 -1
1056 3566 -1
890 3566 -1
1123 3566 -1
972 3557 -1
1597 2312 -1
1441 2312 -1
1530 2312 -1
1497 2312 -1
1178 1549 -1
1178 1545 -1
1178 1252 -1
1178 1333 -1
1123 3464 -1
1056 3464 -1
890 3464 -1
972 3464 -1
1123 3282 -1
3382 3662 -1
1774 3674 -1
1774 3713 -1
1774 3854 -1
705 1016 -1
504 1016 -1
539 1016 -1
743 1016 -1
669 1016 -1
383 1016 -1
26 2658 -1
259 2658 -1
689 3841 -1
689 3776 -1
689 3629 -1
689 3965 -1
2512 3678 -1
889 1264 -1
2158 3973 -1
2360 3973 -1
2158 3754 -1
408 1042 -1
368 1042 -1
802 1042 -1
524 1042 -1
408 858 -1
1446 3259 -1
1417 3259 -1
1446 3255 -1
2833 3606 -1
2855 3606 -1
563 1443 -1
1154 2763 -1
1154 2426 -1
1154 2660 -1
1154 2622 -1
3163 3775 -1
1257 3481 -1
1257 3239 -1
610 877 -1
610 912 -1
610 836 -1
610 1045 -1
1841 3863 -1
1841 3908 -1
496 1182 -1
2031 3622 -1
1744 3622 -1
2031 3672 -1
3195 3785 -1
766 1431 -1
766 1404 -1
1331 2232 -1
1297 3618 -1
1368 3618 -1
1481 3618 -1
1492 3618 -1
1509 3618 -1
2485 3338 -1
803 3289 -1
803 3432 -1
86 861 -1
86 950 -1
692 3456 -1
559 3456 -1
1548 3094 -1
1586 3094 -1
1563 3094 -1
1548 3033 -1
1981 3838 -1
1981 3962 -1
1981 3739 -1
1981 3853 -1
1727 3041 -1
1727 3129 -1
1727 2867 -1
1727 2957 -1
1727 2982 -1
1571 2995 -1
1914 3902 -1
1905 3902 -1
1944 2804 -1
1693 2804 -1
1830 2804 -1
2005 3829 -1
2005 3864 -1
2005 3837 -1
547 3286 -1
794 2347 -1
65 2078 -1
820 2122 -1
2032 3773 -1
2007 3773 -1
2032 3881 -1
1745 2737 -1
390 1768 -1
568 1768 -1
459 1768 -1
717 1768 -1
566 1768 -1
2094 3288 -1
2136 3288 -1
2395 3288 -1
2247 3288 -1
2086 2659 -1
557 3249 -1
564 3249 -1
644 3249 -1
397 3249 -1
557 3299 -1
557 3590 -1
557 3240 -1
557 3246 -1
557 3507 -1
557 3540 -1
1320 3562 -1
2727 3412 -1
2556 3412 -1
2727 3502 -1
2136 2930 -1
2234 2930 -1
2395 2930 -1
2094 2930 -1
2247 2930 -1
1654 2818 -1
1699 2818 -1
556 2933 -1
558 2933 -1
1246 3543 -1
1618 3543 -1
1374 3543 -1
3432 3976 -1
3289 3976 -1
3432 3900 -1
3432 3885 -1
3432 3951 -1
53 2112 -1
362 2112 -1
53 2218 -1
53 2277 -1
53 2125 -1
1932 3245 -1
1877 3245 -1
2495 3786 -1
1243 2159 -1
1576 2159 -1
1322 2159 -1
1579 2159 -1
1452 2159 -1
1463 2159 -1
1402 2159 -1
1099 2860 -1
1099 2980 -1
630 963 -1
473 963 -1
630 892 -1
1713 3722 -1
762 3177 -1
379 3177 -1
636 3177 -1
762 3043 -1
762 2879 -1
3078 3930 -1
3082 3930 -1
1929 3934 -1
1922 3934 -1
1289 2351 -1
1516 2351 -1
1641 3684 -1
1826 3684 -1
2021 3684 -1
1799 3684 -1
2025 3684 -1
1741 3684 -1
2000 3684 -1
1910 3684 -1
1641 3850 -1
590 3973 -1
590 3754 -1
921 1752 -1
921 1818 -1
921 1739 -1
2963 3798 -1
3160 3798 -1
2992 3798 -1
3051 3798 -1
3228 3798 -1
3141 3798 -1
1554 3875 -1
1426 2657 -1
1578 2657 -1
1532 2292 -1
1532 2171 -1
1159 3006 -1
1146 3006 -1
847 3006 -1
981 3006 -1
1223 3006 -1
2105 3377 -1
2105 3369 -1
2105 3506 -1
2105 3482 -1
2105 3334 -1
1884 3208 -1
1541 2188 -1
1541 2299 -1
1845 3901 -1
1845 3723 -1
1845 3715 -1
3499 3620 -1
3298 3620 -1
3500 3620 -1
3389 3620 -1
3294 3620 -1
3551 3620 -1
910 1587 -1
2126 3410 -1
2074 3410 -1
2223 3410 -1
912 3366 -1
836 3366 -1
877 3366 -1
1045 3366 -1
2173 3532 -1
2140 3532 -1
2789 3446 -1
1081 3178 -1
833 3178 -1
1034 3178 -1
1580 3595 -1
1461 3035 -1
1464 3035 -1
1281 3035 -1
1348 3035 -1
1557 3035 -1
1485 3035 -1
3154 3650 -1
1879 3925 -1
1857 3925 -1
1870 3925 -1
1994 3846 -1
1883 3791 -1
1705 3791 -1
2050 3791 -1
1703 3791 -1
1854 3791 -1
1927 3791 -1
1883 3630 -1
832 3277 -1
1528 2349 -1
1474 2349 -1
1411 2349 -1
1306 2349 -1
1445 2349 -1
1447 2349 -1
699 3586 -1
2952 3547 -1
1520 2212 -1
1335 3633 -1
1750 3417 -1
1965 3417 -1
1005 2098 -1
931 1504 -1
931 1317 -1
931 1481 -1
931 1458 -1
931 1492 -1
931 1332 -1
931 1467 -1
931 1628 -1
931 1509 -1
574 3565 -1
574 3233 -1
574 3275 -1
574 3438 -1
2292 3531 -1
2171 3531 -1
2292 3418 -1
3071 3615 -1
535 850 -1
1712 2293 -1
1985 2293 -1
1701 2293 -1
1808 2293 -1
1720 2293 -1
1846 2293 -1
1847 2293 -1
1976 2293 -1
1712 2323 -1
1611 2413 -1
202 2769 -1
1538 3896 -1
1713 3673 -1
925 2011 -1
997 2011 -1
894 2011 -1
1071 2011 -1
1050 1786 -1
922 1786 -1
1126 1786 -1
959 1786 -1
1410 3328 -1
1410 3280 -1
1410 3522 -1
1711 2374 -1
1970 2374 -1
1953 3907 -1
311 3689 -1
59 3689 -1
1171 3459 -1
818 895 -1
818 1192 -1
818 1106 -1
818 922 -1
818 959 -1
828 3118 -1
1158 3118 -1
1125 3118 -1
982 3118 -1
515 3206 -1
615 3206 -1
515 2829 -1
515 3174 -1
2264 2668 -1
1335 2361 -1
459 1791 -1
568 1791 -1
566 1791 -1
717 1791 -1
390 1791 -1
3589 3812 -1
1374 2125 -1
1618 2125 -1
1246 2125 -1
1374 2112 -1
1374 2218 -1
1374 2277 -1
1391 3732 -1
2985 3714 -1
2816 3714 -1
2992 3714 -1
3228 3714 -1
2378 3474 -1
1177 1271 -1
2745 3272 -1
2745 3555 -1
1461 3169 -1
1464 3169 -1
1281 3169 -1
1348 3169 -1
1557 3169 -1
1485 3169 -1
481 1016 -1
226 3768 -1
178 3768 -1
31 3768 -1
226 3772 -1
807 2053 -1
807 2025 -1
807 1910 -1
1551 2262 -1
1367 2262 -1
1551 2068 -1
1551 2108 -1
1551 2261 -1
329 2613 -1
123 2613 -1
271 2613 -1
464 2526 -1
536 2526 -1
649 2526 -1
475 2526 -1
756 2526 -1
817 2526 -1
464 2560 -1
464 2760 -1
464 2541 -1
464 2610 -1
464 2517 -1
464 2777 -1
464 2431 -1
178 1426 -1
226 1426 -1
31 1426 -1
178 1578 -1
458 865 -1
458 1128 -1
458 1097 -1
458 868 -1
458 1030 -1
458 1095 -1
527 2726 -1
729 2726 -1
222 2357 -1
277 2357 -1
246 2357 -1
222 2345 -1
222 2211 -1
222 2284 -1
603 972 -1
595 972 -1
508 972 -1
603 1056 -1
603 890 -1
603 1123 -1
795 1642 -1
424 1642 -1
482 1642 -1
582 1642 -1
616 1016 -1
2004 2748 -1
2004 2501 -1
705 868 -1
504 868 -1
539 868 -1
743 868 -1
669 868 -1
383 868 -1
705 1128 -1
705 1097 -1
705 1095 -1
705 1030 -1
705 865 -1
611 3241 -1
391 3241 -1
583 3241 -1
684 3241 -1
466 3241 -1
730 3241 -1
571 3241 -1
446 3241 -1
799 3241 -1
1841 3144 -1
688 2347 -1
768 1077 -1
1575 2278 -1
545 1173 -1
2498 3449 -1
2480 3449 -1
2594 3449 -1
2546 3449 -1
2567 3449 -1
1538 2914 -1
1538 2852 -1
1538 2984 -1
1538 2868 -1
1538 2999 -1
1538 3164 -1
1538 3199 -1
772 1057 -1
228 2667 -1
82 2667 -1
44 2667 -1
1624 3720 -1
1599 3720 -1
1624 3858 -1
1624 3647 -1
