529 787 1
470 703 1
423 807 1
526 791 1
451 709 1
455 526 1
455 791 1
471 615 1
537 785 1
661 703 1
470 661 1
391 789 1
548 602 1
424 575 1
432 674 1
501 507 1
600 714 1
654 673 1
632 797 1
508 608 1
644 686 1
458 699 1
735 756 1
519 537 1
519 785 1
490 809 1
551 615 1
471 551 1
444 807 1
423 444 1
484 729 1
439 454 1
485 563 1
479 549 1
614 802 1
536 783 1
712 796 1
511 677 1
617 631 1
708 776 1
627 731 1
467 770 1
714 789 1
600 789 1
391 714 1
376 744 1
369 640 1
387 457 1
485 611 1
563 611 1
702 796 1
702 712 1
760 812 1
712 778 1
778 796 1
702 778 1
506 775 1
472 629 1
378 778 1
378 712 1
378 796 1
378 702 1
563 634 1
611 634 1
485 634 1
532 790 1
388 399 1
678 708 1
678 776 1
424 621 1
575 621 1
458 756 1
699 756 1
458 735 1
459 681 1
787 812 1
529 812 1
760 787 1
502 773 1
694 719 1
546 615 1
546 551 1
471 546 1
441 699 1
441 458 1
441 756 1
571 800 1
654 770 1
673 770 1
467 654 1
589 643 1
379 757 1
531 653 1
521 732 1
464 742 1
600 612 1
612 714 1
612 789 1
570 756 1
441 570 1
458 570 1
570 699 1
570 735 1
420 715 1
375 557 1
524 786 1
535 726 1
527 688 1
385 807 1
385 444 1
385 423 1
716 746 1
662 796 1
662 712 1
662 778 1
378 662 1
662 702 1
613 735 1
458 613 1
613 756 1
570 613 1
471 715 1
546 715 1
551 715 1
615 715 1
420 471 1
512 555 1
425 766 1
539 585 1
382 410 1
422 734 1
635 710 1
432 703 1
674 703 1
432 661 1
432 470 1
416 810 1
536 568 1
568 783 1
372 587 1
551 790 1
546 790 1
471 790 1
715 790 1
615 790 1
532 551 1
545 784 1
406 776 1
406 708 1
406 678 1
490 677 1
677 809 1
490 511 1
413 813 1
640 749 1
369 749 1
457 794 1
387 794 1
423 725 1
385 725 1
444 725 1
725 807 1
407 804 1
473 705 1
367 415 1
646 816 1
559 637 1
408 694 1
408 719 1
605 814 1
406 642 1
642 776 1
642 708 1
642 678 1
428 465 1
386 514 1
485 745 1
611 745 1
634 745 1
563 745 1
581 752 1
735 812 1
458 812 1
756 812 1
570 812 1
613 812 1
529 735 1
735 787 1
735 760 1
498 543 1
446 662 1
446 712 1
446 778 1
378 446 1
446 796 1
446 702 1
504 638 1
742 804 1
464 804 1
407 742 1
488 712 1
488 778 1
488 702 1
488 662 1
378 488 1
488 796 1
446 488 1
567 625 1
924 1168 1
927 970 1
882 962 1
1005 1065 1
1108 1140 1
1102 1218 1
932 1106 1
877 914 1
889 1063 1
951 962 1
882 951 1
1003 1235 1
972 1128 1
825 874 1
1097 1134 1
830 1069 1
860 1195 1
991 1182 1
1002 1218 1
1002 1102 1
999 1131 1
823 1203 1
955 1117 1
1087 1231 1
1163 1181 1
1000 1132 1
914 1042 1
877 1042 1
1069 1217 1
830 1217 1
846 966 1
869 1094 1
1031 1231 1
1031 1087 1
1157 1205 1
1048 1174 1
1188 1218 1
1002 1188 1
1102 1188 1
868 887 1
941 995 1
826 1086 1
908 1113 1
984 1169 1
820 1084 1
998 1083 1
1057 1231 1
1031 1057 1
1057 1087 1
945 1001 1
826 912 1
912 1086 1
1155 1167 1
929 1158 1
908 1107 1
1107 1113 1
908 1007 1
1007 1113 1
1007 1107 1
887 991 1
868 991 1
887 1182 1
893 1187 1
1023 1050 1
1104 1153 1
905 940 1
868 1075 1
991 1075 1
887 1075 1
854 989 1
820 951 1
951 1084 1
820 962 1
820 882 1
1219 1232 1
999 1045 1
1045 1131 1
854 871 1
871 989 1
953 1130 1
931 1086 1
912 931 1
826 931 1
969 1198 1
1064 1231 1
1057 1064 1
1031 1064 1
1064 1087 1
834 945 1
834 1001 1
935 1095 1
959 990 1
1138 1189 1
923 1030 1
923 1198 1
1030 1198 1
923 969 1
1088 1195 1
860 1088 1
888 911 1
875 1018 1
1117 1193 1
955 1193 1
1101 1162 1
1169 1183 1
984 1183 1
840 1076 1
906 986 1
1039 1077 1
973 1223 1
1009 1176 1
832 929 1
832 1158 1
825 966 1
874 966 1
825 846 1
982 1183 1
982 984 1
982 1169 1
925 1105 1
913 1009 1
913 1176 1
1117 1189 1
1189 1193 1
955 1189 1
1117 1138 1
830 1125 1
1125 1217 1
1069 1125 1
957 1136 1
1059 1063 1
889 1059 1
962 976 1
882 976 1
820 976 1
951 976 1
858 1093 1
1140 1180 1
1108 1180 1
1174 1221 1
1048 1221 1
822 1197 1
833 1147 1
860 975 1
975 1088 1
975 1195 1
1118 1150 1
967 1064 1
967 1057 1
967 1031 1
967 1087 1
967 1231 1
945 1011 1
1001 1011 1
834 1011 1
846 1107 1
825 1107 1
966 1107 1
846 908 1
846 1007 1
846 1113 1
946 984 1
946 1169 1
946 982 1
946 1183 1
1074 1164 1
952 971 1
1056 1176 1
1009 1056 1
913 1056 1
845 1003 1
845 1235 1
904 1200 1
1030 1088 1
923 1088 1
1088 1198 1
1030 1195 1
975 1030 1
860 1030 1
833 983 1
983 1147 1
1112 1205 1
1112 1157 1
823 1015 1
1015 1203 1
846 1101 1
966 1101 1
908 1101 1
1007 1101 1
1101 1107 1
825 1101 1
1101 1113 1
846 1162 1
1265 1457 1
1324 1466 1
1502 1533 1
1474 1524 1
1307 1348 1
1328 1412 1
1459 1556 1
1531 1535 1
1324 1350 1
1350 1466 1
1302 1463 1
1454 1580 1
1429 1621 1
1270 1627 1
1319 1426 1
1347 1429 1
1347 1621 1
1403 1608 1
1305 1603 1
1314 1625 1
1264 1300 1
1408 1580 1
1408 1454 1
1618 1618 1
1303 1616 1
1317 1449 1
1418 1501 1
1345 1549 1
1265 1554 1
1457 1554 1
1266 1580 1
1266 1408 1
1266 1454 1
1612 1618 1
1398 1523 1
1249 1273 1
1283 1409 1
1321 1392 1
1539 1617 1
1288 1430 1
1435 1469 1
1371 1401 1
1391 1406 1
1321 1403 1
1392 1403 1
1321 1608 1
1350 1610 1
1466 1610 1
1324 1610 1
1527 1615 1
1468 1530 1
1294 1611 1
1268 1387 1
1518 1597 1
1295 1418 1
1295 1501 1
1394 1595 1
1498 1539 1
1498 1617 1
1470 1618 1
1470 1612 1
1363 1364 1
1324 1468 1
1466 1468 1
1468 1610 1
1350 1468 1
1324 1530 1
1267 1363 1
1267 1364 1
1434 1435 1
1434 1469 1
1352 1412 1
1328 1352 1
1468 1554 1
1350 1554 1
1554 1610 1
1324 1554 1
1530 1554 1
1466 1554 1
1457 1468 1
1265 1468 1
1427 1581 1
1445 1453 1
1353 1410 1
1246 1462 1
1277 1520 1
1340 1593 1
1505 1526 1
1418 1591 1
1501 1591 1
1295 1591 1
1334 1521 1
1373 1551 1
1341 1535 1
1341 1531 1
1337 1567 1
1436 1448 1
1615 1617 1
1527 1617 1
1498 1615 1
1539 1615 1
1386 1404 1
1406 1574 1
1391 1574 1
1275 1587 1
1439 1521 1
1334 1439 1
1440 1520 1
1277 1440 1
1420 1522 1
1350 1539 1
1539 1610 1
1324 1539 1
1539 1554 1
1466 1539 1
1468 1539 1
1350 1615 1
1350 1617 1
1350 1498 1
1559 1592 1
1248 1308 1
1292 1634 1
1526 1576 1
1505 1576 1
1378 1588 1
1572 1582 1
1262 1526 1
1262 1576 1
1262 1505 1
1252 1337 1
1252 1567 1
1272 1344 1
1290 1457 1
1265 1290 1
1290 1554 1
1290 1468 1
1282 1428 1
1475 1619 1
1413 1634 1
1292 1413 1
1614 1617 1
1539 1614 1
1350 1614 1
1614 1615 1
1527 1614 1
1498 1614 1
1343 1483 1
1357 1475 1
1357 1619 1
1268 1393 1
1387 1393 1
1312 1463 1
1302 1312 1
1365 1494 1
1311 1335 1
1272 1525 1
1344 1525 1
1285 1550 1
1479 1583 1
1377 1514 1
1342 1389 1
1428 1551 1
1282 1551 1
1373 1428 1
1353 1516 1
1410 1516 1
1282 1411 1
1411 1428 1
1411 1551 1
1375 1517 1
1296 1343 1
1296 1483 1
1394 1618 1
1595 1618 1
1394 1612 1
1394 1470 1
1376 1427 1
1376 1581 1
1391 1407 1
1407 1574 1
1406 1407 1
1243 1406 1
1243 1407 1
1243 1574 1
1243 1391 1
1940 1998 1
1877 1918 1
1975 2005 1
1684 2044 1
1748 1760 1
1809 1862 1
1692 2038 1
1800 1996 1
1772 1902 1
1752 1984 1
1663 1918 1
1663 1877 1
1948 1980 1
1761 1968 1
2053 2064 1
1695 1698 1
2048 2050 1
2002 2057 1
1659 1739 1
1865 1966 1
1704 1779 1
1719 1917 1
1934 1964 1
1973 2045 1
1768 1829 1
1775 1798 1
1886 2039 1
1831 1991 1
1764 2037 1
1643 2033 1
1752 1815 1
1815 1984 1
1960 2056 1
1815 1852 1
1752 1852 1
1852 1984 1
1697 1999 1
1704 2000 1
1779 2000 1
1849 1896 1
1635 1920 1
1690 1796 1
1674 1959 1
1914 1945 1
1915 2062 1
1795 1912 1
1840 1938 1
1936 2040 1
1815 2043 1
1752 2043 1
1984 2043 1
1852 2043 1
1753 1968 1
1753 1761 1
1734 1893 1
1717 2049 1
1859 1937 1
1756 1877 1
1756 1918 1
1663 1756 1
1655 2013 1
1916 1937 1
1859 1916 1
1738 1944 1
1758 1843 1
1893 2014 1
1734 2014 1
1647 1895 1
1765 1960 1
1765 2056 1
1704 1808 1
1808 2000 1
1779 1808 1
1713 1978 1
1755 1967 1
1893 1895 1
1895 2014 1
1734 1895 1
1647 1893 1
1660 2058 1
1855 1921 1
1970 1996 1
1800 1970 1
1724 1995 1
1664 1709 1
1889 2020 1
1848 1899 1
1726 1777 1
1772 1949 1
1902 1949 1
1740 1937 1
1740 1859 1
1740 1916 1
1749 1844 1
1650 1958 1
1677 1695 1
1677 1698 1
1758 1885 1
1843 1885 1
1942 1977 1
1795 2038 1
1912 2038 1
1692 1795 1
1796 1876 1
1690 1876 1
1730 1944 1
1730 1738 1
1870 1986 1
1666 1823 1
1930 2052 1
1969 2034 1
1680 1808 1
1680 1704 1
1680 2000 1
1680 1779 1
1855 1881 1
1881 1921 1
1690 1757 1
1757 1876 1
1757 1796 1
1658 1704 1
1658 2000 1
1658 1808 1
1658 1680 1
1658 1779 1
1820 2025 1
1680 1865 1
1865 2000 1
1704 1865 1
1808 1865 1
1779 1865 1
1658 1865 1
1680 1966 1
1847 1959 1
1674 1847 1
1693 1978 1
1693 1713 1
1650 1972 1
1958 1972 1
1760 2045 1
1748 2045 1
1760 1973 1
1909 1978 1
1713 1909 1
1693 1909 1
1737 1997 1
1676 1856 1
1938 2031 1
1840 2031 1
1714 1857 1
1916 2053 1
1937 2053 1
1859 2053 1
1740 2053 1
1916 2064 1
1651 1742 1
1698 2004 1
1677 2004 1
1695 2004 1
1847 1870 1
1674 1870 1
1870 1959 1
1847 1986 1
1703 1780 1
1996 2010 1
1800 2010 1
1970 2010 1
1653 1832 1
1786 1805 1
1966 2042 1
1680 2042 1
1865 2042 1
1857 1941 1
1714 1941 1
1741 2001 1
1696 1929 1
1848 2049 1
1899 2049 1
1717 1848 1
1854 1909 1
1713 1854 1
1854 1978 1
1693 1854 1
1794 2049 1
1794 1848 1
1794 1899 1
1717 1794 1
1696 2032 1
1929 2032 1
1642 2011 1
1705 1835 1
1874 1974 1
1652 2021 1
1712 1872 1
1682 1862 1
1682 1809 1
1840 1961 1
1938 1961 1
1961 2031 1
2236 2305 1
2091 2424 1
2114 2314 1
2102 2373 1
2267 2285 1
2370 2398 1
2175 2208 1
2098 2323 1
2088 2117 1
2204 2350 1
2182 2194 1
2089 2099 1
2259 2395 1
2066 2198 1
2087 2104 1
2119 2302 1
2310 2330 1
2198 2275 1
2066 2275 1
2086 2309 1
2169 2308 1
2147 2163 1
2245 2388 1
2256 2283 1
2174 2249 1
2381 2384 1
2135 2412 1
2259 2404 1
2395 2404 1
2249 2268 1
2174 2268 1
2247 2356 1
2212 2320 1
2165 2273 1
2212 2239 1
2239 2320 1
2391 2395 1
2259 2391 1
2391 2404 1
2161 2227 1
2072 2374 1
2087 2399 1
2104 2399 1
2105 2311 1
2140 2359 1
2180 2237 1
2138 2235 1
2086 2261 1
2261 2309 1
2091 2113 1
2113 2424 1
2143 2251 1
2164 2168 1
2159 2363 1
2112 2329 1
2125 2226 1
2253 2305 1
2236 2253 1
2236 2393 1
2305 2393 1
2253 2393 1
2078 2315 1
2134 2268 1
2134 2249 1
2134 2174 1
2129 2316 1
2080 2221 1
2331 2364 1
2321 2327 1
2216 2343 1
2276 2343 1
2216 2276 1
2340 2363 1
2159 2340 1
2330 2387 1
2310 2387 1
2221 2380 1
2080 2380 1
2180 2302 1
2237 2302 1
2119 2180 1
2117 2416 1
2088 2416 1
2145 2391 1
2145 2395 1
2145 2404 1
2145 2259 1
2169 2293 1
2293 2308 1
2191 2403 1
2088 2315 1
2315 2416 1
2117 2315 1
2078 2088 1
2306 2310 1
2306 2330 1
2306 2387 1
2232 2328 1
2092 2097 1
2218 2350 1
2204 2218 1
2331 2372 1
2364 2372 1
2133 2140 1
2133 2359 1
2159 2186 1
2186 2363 1
2186 2340 1
2135 2357 1
2357 2412 1
2097 2238 1
2092 2238 1
2316 2410 1
2129 2410 1
2127 2410 1
2127 2129 1
2127 2316 1
2288 2341 1
2068 2421 1
2067 2178 1
2189 2348 1
2148 2412 1
2148 2357 1
2135 2148 1
2152 2419 1
2276 2421 1
2216 2421 1
2343 2421 1
2068 2276 1
2110 2247 1
2110 2356 1
2078 2227 1
2088 2227 1
2227 2315 1
2078 2161 1
2114 2129 1
2129 2314 1
2114 2410 1
2114 2316 1
2114 2127 1
2167 2325 1
2111 2361 1
2118 2315 1
2117 2118 1
2088 2118 1
2118 2416 1
2118 2227 1
2078 2118 1
2087 2152 1
2104 2152 1
2152 2399 1
2087 2419 1
2248 2314 1
2129 2248 1
2114 2248 1
2205 2371 1
2159 2403 1
2186 2403 1
2363 2403 1
2340 2403 1
2159 2191 1
2254 2309 1
2254 2261 1
2086 2254 1
2303 2326 1
2661 2706 1
2574 2656 1
2446 2621 1
2585 2777 1
2569 2597 1
2455 2580 1
2438 2722 1
2611 2693 1
2547 2746 1
2769 2779 1
2450 2606 1
2510 2587 1
2559 2786 1
2593 2760 1
2513 2648 1
2573 2625 1
2595 2729 1
2589 2642 1
2496 2777 1
2496 2585 1
2499 2540 1
2469 2784 1
2601 2780 1
2645 2730 1
2428 2515 1
2626 2673 1
2544 2702 1
2442 2478 1
2474 2483 1
2745 2773 1
2630 2670 1
2561 2767 1
2534 2791 1
2571 2766 1
2460 2571 1
2460 2766 1
2494 2613 1
2674 2780 1
2601 2674 1
2672 2777 1
2496 2672 1
2585 2672 1
2573 2757 1
2625 2757 1
2558 2584 1
2440 2655 1
2563 2607 1
2619 2727 1
2506 2719 1
2554 2607 1
2554 2563 1
2672 2798 1
2496 2798 1
2777 2798 1
2585 2798 1
2598 2673 1
2598 2626 1
2671 2760 1
2593 2671 1
2445 2490 1
2526 2602 1
2496 2693 1
2672 2693 1
2693 2777 1
2693 2798 1
2585 2693 1
2496 2611 1
2441 2799 1
2502 2668 1
2446 2705 1
2621 2705 1
2436 2558 1
2436 2584 1
2432 2596 1
2584 2754 1
2436 2754 1
2558 2754 1
2431 2704 1
2646 2663 1
2460 2662 1
2571 2662 1
2662 2766 1
2658 2774 1
2504 2586 1
2444 2792 1
2493 2521 1
2526 2724 1
2602 2724 1
2599 2603 1
2612 2731 1
2499 2742 1
2540 2742 1
2427 2495 1
2539 2685 1
2466 2615 1
2436 2579 1
2579 2584 1
2579 2754 1
2558 2579 1
2482 2634 1
2622 2648 1
2513 2622 1
2502 2576 1
2576 2668 1
2630 2657 1
2657 2670 1
2490 2574 1
2445 2574 1
2490 2656 1
2524 2702 1
2524 2544 1
2497 2587 1
2497 2510 1
2578 2736 1
2718 2772 1
2443 2593 1
2443 2760 1
2443 2671 1
2615 2628 1
2466 2628 1
2662 2687 1
2571 2687 1
2460 2687 1
2687 2766 1
2674 2678 1
2601 2678 1
2678 2780 1
2433 2576 1
2433 2668 1
2433 2502 1
2498 2539 1
2498 2685 1
2694 2746 1
2547 2694 1
2479 2674 1
2479 2601 1
2479 2780 1
2479 2678 1
2637 2688 1
2683 2705 1
2621 2683 1
2446 2683 1
2621 2788 1
2705 2788 1
2683 2788 1
2446 2788 1
2504 2745 1
2586 2745 1
2504 2773 1
2462 2681 1
2486 2605 1
2619 2637 1
2637 2727 1
2619 2688 1
2456 2635 1
2532 2649 1
2558 2577 1
2577 2584 1
2577 2754 1
2577 2579 1
2436 2577 1
2610 2779 1
2610 2769 1
2719 2776 1
2506 2776 1
2430 2568 1
2441 2599 1
2599 2799 1
2441 2603 1
2485 2613 1
2485 2494 1
2566 2656 1
2490 2566 1
2566 2574 1
2914 3195 1
2927 3012 1
2807 3021 1
2843 2915 1
2887 3091 1
3006 3028 1
2826 2972 1
2918 3113 1
2984 3036 1
2808 2951 1
2904 3011 1
2963 3078 1
2830 2958 1
2881 3073 1
3068 3217 1
3194 3200 1
2935 3069 1
2851 2958 1
2830 2851 1
2982 3055 1
3127 3190 1
2923 3072 1
2845 3200 1
2845 3194 1
2894 2978 1
2947 3029 1
3022 3113 1
2918 3022 1
3165 3186 1
2947 3080 1
3029 3080 1
2882 2996 1
3122 3176 1
2806 3228 1
2935 3057 1
3057 3069 1
2986 3097 1
2842 3051 1
3074 3188 1
2895 3092 1
2898 3111 1
2851 2966 1
2830 2966 1
2958 2966 1
3032 3213 1
2961 3070 1
2828 3053 1
2855 3110 1
2832 3041 1
3154 3196 1
3187 3207 1
3012 3106 1
2927 3106 1
3002 3150 1
3005 3053 1
2828 3005 1
2850 3154 1
2850 3196 1
2836 3194 1
2836 3200 1
2836 2845 1
2833 3218 1
2964 3083 1
2995 3171 1
2974 3218 1
2833 2974 1
3179 3206 1
2937 3214 1
2907 3194 1
2907 3200 1
2836 2907 1
2845 2907 1
2905 3000 1
2827 2878 1
2999 3153 1
2962 3153 1
2962 2999 1
2922 3219 1
2924 3079 1
2906 3167 1
2867 3044 1
2851 3182 1
2966 3182 1
2830 3182 1
2958 3182 1
2872 2977 1
2925 3107 1
2844 3003 1
2912 3160 1
2912 2998 1
2998 3160 1
2842 3134 1
3051 3134 1
2932 3089 1
3003 3213 1
2844 3213 1
3003 3032 1
2865 3159 1
2852 3012 1
2852 3106 1
2852 2927 1
2850 3014 1
3014 3154 1
3014 3196 1
3066 3169 1
3146 3209 1
3149 3192 1
2988 2990 1
2870 2976 1
3007 3021 1
2807 3007 1
3027 3198 1
3047 3220 1
2820 3085 1
2830 3027 1
3027 3182 1
2851 3027 1
2966 3027 1
2958 3027 1
2830 3198 1
3034 3085 1
2820 3034 1
2984 3076 1
3036 3076 1
3084 3091 1
2887 3084 1
2828 2876 1
2876 3053 1
2876 3005 1
2819 2866 1
3026 3216 1
3087 3151 1
3055 3066 1
2982 3066 1
3055 3169 1
2950 2956 1
2870 3026 1
2976 3026 1
2870 3216 1
2949 3095 1
2900 3098 1
3010 3124 1
3015 3231 1
2841 2891 1
2892 3225 1
2943 3129 1
3015 3172 1
3172 3231 1
3149 3188 1
3188 3192 1
3074 3149 1
3002 3067 1
3067 3150 1
2819 2858 1
2858 2866 1
2843 3080 1
2915 3080 1
2843 2947 1
2843 3029 1
2884 3208 1
2806 3136 1
3136 3228 1
2822 2886 1
2918 3156 1
3113 3156 1
3022 3156 1
2971 3186 1
2971 3165 1
3145 3184 1
3021 3043 1
3007 3043 1
2807 3043 1
2807 3188 1
3043 3188 1
3021 3188 1
3007 3188 1
2807 3074 1
2807 3149 1
2807 3192 1
3027 3085 1
2851 3085 1
2958 3085 1
3085 3182 1
2830 3085 1
2966 3085 1
3085 3198 1
2820 3027 1
3027 3034 1
2953 3033 1
3033 3059 1
2953 3059 1
3107 3149 1
2925 3149 1
3074 3107 1
3107 3188 1
2807 3107 1
3107 3192 1
3280 3482 1
3385 3436 1
3322 3385 1
3322 3436 1
3448 3482 1
3280 3448 1
3308 3548 1
3232 3377 1
3373 3447 1
3358 3548 1
3308 3358 1
3334 3335 1
3270 3340 1
3253 3528 1
3248 3377 1
3232 3248 1
3257 3349 1
3543 3558 1
3238 3472 1
3406 3464 1
3383 3572 1
3534 3587 1
3438 3505 1
3319 3480 1
3417 3527 1
3534 3543 1
3543 3587 1
3534 3558 1
3383 3586 1
3572 3586 1
3347 3423 1
3388 3569 1
3330 3331 1
3410 3479 1
3296 3591 1
3239 3468 1
3524 3543 1
3524 3587 1
3524 3534 1
3524 3558 1
3454 3524 1
3454 3587 1
3454 3558 1
3454 3534 1
3454 3543 1
3337 3555 1
3266 3342 1
3251 3432 1
3438 3570 1
3505 3570 1
3587 3588 1
3524 3588 1
3454 3588 1
3534 3588 1
3543 3588 1
3287 3488 1
3462 3591 1
3296 3462 1
3447 3522 1
3373 3522 1
3310 3438 1
3310 3505 1
3310 3570 1
3522 3562 1
3373 3562 1
3447 3562 1
3286 3323 1
3233 3355 1
3353 3534 1
3353 3587 1
3353 3588 1
3353 3558 1
3353 3543 1
3353 3524 1
3353 3454 1
3354 3364 1
3258 3410 1
3258 3479 1
3240 3536 1
3455 3537 1
3247 3271 1
3345 3529 1
3371 3566 1
3566 3571 1
3371 3571 1
3327 3550 1
3244 3526 1
3293 3422 1
3467 3549 1
3377 3581 1
3232 3581 1
3248 3581 1
3444 3534 1
3444 3587 1
3444 3588 1
3444 3558 1
3444 3543 1
3444 3524 1
3353 3444 1
3444 3454 1
3396 3510 1
3411 3413 1
3394 3487 1
3274 3503 1
3544 3582 1
3282 3438 1
3282 3505 1
3282 3570 1
3282 3310 1
3252 3401 1
3315 3392 1
3336 3555 1
3336 3337 1
3361 3544 1
3361 3582 1
3536 3582 1
3240 3582 1
3536 3544 1
3361 3536 1
3349 3540 1
3257 3540 1
3429 3580 1
3261 3513 1
3476 3548 1
3308 3476 1
3358 3476 1
3296 3409 1
3409 3462 1
3409 3591 1
3351 3420 1
3239 3384 1
3384 3468 1
3247 3481 1
3271 3481 1
3417 3473 1
3473 3527 1
3245 3367 1
3322 3330 1
3330 3385 1
3330 3436 1
3322 3331 1
3284 3514 1
3283 3495 1
3319 3508 1
3480 3508 1
3233 3524 1
3355 3524 1
3233 3587 1
3233 3588 1
3233 3558 1
3233 3534 1
3233 3444 1
3233 3543 1
3233 3353 1
3233 3454 1
3395 3499 1
3449 3559 1
3271 3362 1
3362 3481 1
3247 3362 1
3294 3473 1
3294 3417 1
3294 3527 1
3381 3517 1
3536 3595 1
3240 3595 1
3544 3595 1
3582 3595 1
3361 3595 1
3975 3980 1
3653 3845 1
3799 3844 1
3943 3958 1
3631 3723 1
3739 3873 1
3610 3715 1
3615 3659 1
3775 3972 1
3765 3784 1
3670 3867 1
3747 3843 1
3688 3738 1
3709 3763 1
3855 3993 1
3747 3859 1
3843 3859 1
3690 3831 1
3740 3912 1
3904 3985 1
3633 3934 1
3626 3741 1
3774 3968 1
3776 3834 1
3928 3930 1
3813 3948 1
3856 3908 1
3602 3702 1
3772 3983 1
3778 3922 1
3762 3926 1
3636 3981 1
3625 3807 1
3915 3971 1
3703 3809 1
3931 3986 1
3879 3954 1
3721 3790 1
3645 3985 1
3645 3904 1
3770 3948 1
3770 3813 1
3798 3980 1
3798 3975 1
3603 3664 1
3599 3765 1
3599 3784 1
3630 3826 1
3761 3869 1
3721 3842 1
3790 3842 1
3907 3939 1
3832 3869 1
3761 3832 1
3752 3990 1
3915 3978 1
3971 3978 1
3624 3879 1
3624 3954 1
3862 3913 1
3827 3862 1
3827 3913 1
3696 3991 1
3763 3901 1
3709 3901 1
3687 3878 1
3712 3969 1
3757 3764 1
3645 3783 1
3783 3904 1
3783 3985 1
3617 3889 1
3675 3903 1
3633 3773 1
3773 3934 1
3596 3678 1
3851 3895 1
3637 3786 1
3951 3954 1
3624 3951 1
3879 3951 1
3604 3862 1
3604 3913 1
3604 3827 1
3603 3925 1
3664 3925 1
3863 3999 1
3610 3958 1
3715 3958 1
3610 3943 1
3726 3925 1
3664 3726 1
3603 3726 1
3679 3691 1
3661 3666 1
3613 3943 1
3610 3613 1
3613 3958 1
3828 3859 1
3828 3843 1
3747 3828 1
3604 3959 1
3913 3959 1
3827 3959 1
3862 3959 1
3799 3819 1
3819 3844 1
3849 3966 1
3757 3977 1
3764 3977 1
3624 3942 1
3942 3954 1
3942 3951 1
3879 3942 1
3605 3955 1
3619 3836 1
3625 3837 1
3807 3837 1
3851 3855 1
3855 3895 1
3851 3993 1
3639 3965 1
3785 3949 1
3941 3993 1
3851 3941 1
3855 3941 1
3942 3993 1
3624 3993 1
3954 3993 1
3879 3993 1
3951 3993 1
3941 3942 1
3851 3942 1
3855 3942 1
3694 3935 1
3602 3663 1
3663 3702 1
3895 3994 1
3851 3994 1
3855 3994 1
3950 3956 1
3779 3890 1
3597 3913 1
3597 3827 1
3597 3604 1
3597 3862 1
3597 3959 1
3598 3670 1
3598 3867 1
3725 3830 1
3624 3955 1
3942 3955 1
3879 3955 1
3951 3955 1
3954 3955 1
3955 3993 1
3605 3624 1
3610 3687 1
3687 3715 1
3613 3687 1
3687 3958 1
3687 3943 1
3610 3878 1
3624 3962 1
3942 3962 1
3879 3962 1
3951 3962 1
3954 3962 1
3955 3962 1
3605 3962 1
3962 3993 1
3610 3614 1
3614 3715 1
3614 3878 1
3614 3687 1
3614 3943 1
3614 3958 1
3613 3614 1
3874 3935 1
3694 3874 1
3743 3799 1
3743 3819 1
3743 3844 1
3629 3687 1
3629 3715 1
3629 3878 1
3629 3943 1
3629 3958 1
3610 3629 1
3613 3629 1
3614 3629 1
61 80 1
110 223 1
112 254 1
38 117 1
26 303 1
94 151 1
89 182 1
65 207 1
74 283 1
150 314 1
21 249 1
188 323 1
133 159 1
111 249 1
21 111 1
177 268 1
211 272 1
190 227 1
169 221 1
145 148 1
9 67 1
32 282 1
3 129 1
112 260 1
254 260 1
25 208 1
92 332 1
102 127 1
40 199 1
1 169 1
1 221 1
120 122 1
39 208 1
25 39 1
298 341 1
252 309 1
207 315 1
65 315 1
58 256 1
58 129 1
129 256 1
3 58 1
150 263 1
263 314 1
36 245 1
238 317 1
3 267 1
129 267 1
58 267 1
187 322 1
191 248 1
231 359 1
8 58 1
8 256 1
8 129 1
3 8 1
8 267 1
23 353 1
11 209 1
0 178 1
85 235 1
108 193 1
43 51 1
88 170 1
109 289 1
107 358 1
277 350 1
73 179 1
214 262 1
73 357 1
179 357 1
40 151 1
151 199 1
40 94 1
273 295 1
180 285 1
225 363 1
67 90 1
9 90 1
69 329 1
194 219 1
145 200 1
148 200 1
183 264 1
147 361 1
264 337 1
183 337 1
297 345 1
21 190 1
190 249 1
111 190 1
21 227 1
52 339 1
39 276 1
208 276 1
25 276 1
299 326 1
229 283 1
74 229 1
297 302 1
302 345 1
92 121 1
121 332 1
187 326 1
322 326 1
187 299 1
230 256 1
8 230 1
129 230 1
58 230 1
174 278 1
250 336 1
166 272 1
166 211 1
258 266 1
17 263 1
17 314 1
17 150 1
1 237 1
169 237 1
221 237 1
142 325 1
306 358 1
107 306 1
149 211 1
149 272 1
149 166 1
13 337 1
13 264 1
13 183 1
143 321 1
104 214 1
104 262 1
81 271 1
102 198 1
127 198 1
167 302 1
167 297 1
167 345 1
201 218 1
19 245 1
19 36 1
17 304 1
304 314 1
150 304 1
263 304 1
107 233 1
233 306 1
233 358 1
31 331 1
207 277 1
65 277 1
277 315 1
207 350 1
204 238 1
204 317 1
65 287 1
287 315 1
277 287 1
207 287 1
172 290 1
249 345 1
21 345 1
190 345 1
111 345 1
167 249 1
249 297 1
249 302 1
1029 1718 1
1718 1718 1
1029 1029 1
456 1189 1
1189 1189 1
456 456 1
456 1193 1
456 1138 1
456 955 1
456 1117 1
701 2185 1
2185 2185 1
701 701 1
1213 2245 1
2245 2245 1
1213 2388 1
1213 1213 1
1025 2336 1
2336 2336 1
1025 1025 1
1843 3310 1
3310 3310 1
1885 3310 1
1758 3310 1
1843 3282 1
1843 3438 1
1843 3505 1
1843 3570 1
1843 1843 1
180 3247 1
285 3247 1
3247 3247 1
180 3362 1
180 3271 1
180 180 1
180 3481 1
579 3383 1
3383 3383 1
579 3586 1
579 579 1
579 3572 1
80 2146 1
2146 2146 1
61 2146 1
80 80 1
1275 2175 1
1587 2175 1
2175 2175 1
1275 2208 1
1275 1275 1
874 2832 1
2832 2832 1
825 2832 1
966 2832 1
874 3041 1
874 874 1
498 1913 1
1913 1913 1
543 1913 1
498 498 1
213 3222 1
3222 3222 1
213 213 1
588 3362 1
3362 3362 1
588 3271 1
588 588 1
588 3247 1
180 588 1
588 3481 1
515 2524 1
2524 2524 1
515 2544 1
515 515 1
515 2702 1
1909 3041 1
1713 3041 1
1978 3041 1
1693 3041 1
1854 3041 1
3041 3041 1
874 1909 1
1909 2832 1
1909 1909 1
926 2582 1
2582 2582 1
926 926 1
1345 2466 1
2466 2466 1
1549 2466 1
1345 1345 1
1345 2628 1
1345 2615 1
2087 2684 1
2104 2684 1
2152 2684 1
2419 2684 1
2684 2684 1
2399 2684 1
2087 2087 1
977 3870 1
3870 3870 1
977 977 1
137 889 1
889 889 1
137 137 1
137 1059 1
137 1063 1
1579 2123 1
2123 2123 1
1579 1579 1
2144 3926 1
3926 3926 1
2144 2144 1
2144 3762 1
1353 2067 1
1410 2067 1
2067 2067 1
1516 2067 1
1353 1353 1
1353 2178 1
1400 2651 1
2651 2651 1
1400 1400 1
1377 1979 1
1514 1979 1
1979 1979 1
1377 1377 1
200 2781 1
145 2781 1
148 2781 1
2781 2781 1
200 200 1
680 2877 1
2877 2877 1
680 680 1
497 3158 1
3158 3158 1
497 497 1
41 2176 1
2176 2176 1
41 41 1
139 1751 1
1751 1751 1
139 139 1
1473 3100 1
3100 3100 1
1473 1473 1
2278 2501 1
2501 2501 1
2278 2278 1
211 2794 1
272 2794 1
2794 2794 1
149 2794 1
166 2794 1
211 211 1
1064 2606 1
1057 2606 1
1031 2606 1
967 2606 1
2606 2606 1
1231 2606 1
1087 2606 1
1064 1064 1
1064 2450 1
669 2172 1
2172 2172 1
669 669 1
1893 3668 1
1647 3668 1
3668 3668 1
2014 3668 1
1734 3668 1
1895 3668 1
1893 1893 1
369 1691 1
640 1691 1
1691 1691 1
749 1691 1
369 369 1
450 2851 1
2851 2851 1
450 450 1
450 2958 1
450 3085 1
450 3182 1
450 3027 1
450 2830 1
450 2966 1
115 3287 1
3287 3287 1
115 3488 1
115 115 1
331 1338 1
1338 1338 1
31 1338 1
331 331 1
45 3795 1
3795 3795 1
45 45 1
390 3682 1
3682 3682 1
390 390 1
1760 2815 1
2815 2815 1
1748 2815 1
2045 2815 1
1973 2815 1
1760 1760 1
3084 3725 1
3091 3725 1
3725 3725 1
2887 3725 1
3084 3084 1
3084 3830 1
1743 3194 1
3194 3194 1
1743 3200 1
1743 1743 1
1743 2836 1
1743 2907 1
1743 2845 1
298 2633 1
2633 2633 1
341 2633 1
298 298 1
2504 3734 1
2745 3734 1
2586 3734 1
2773 3734 1
3734 3734 1
2504 2504 1
1871 2472 1
2472 2472 1
1871 1871 1
2684 3944 1
2087 3944 1
2152 3944 1
3944 3944 1
2419 3944 1
2104 3944 1
2399 3944 1
1337 3308 1
3308 3308 1
1252 3308 1
1567 3308 1
1337 3476 1
1337 1337 1
1337 3548 1
1337 3358 1
118 1152 1
1152 1152 1
118 118 1
3361 3829 1
3544 3829 1
3536 3829 1
3595 3829 1
3829 3829 1
3582 3829 1
3361 3361 1
3526 3808 1
3808 3808 1
3244 3808 1
3526 3526 1
1430 1870 1
1288 1870 1
1870 1870 1
1430 1986 1
1430 1959 1
1430 1674 1
1430 1430 1
1430 1847 1
892 2055 1
2055 2055 1
892 892 1
1844 3617 1
3617 3617 1
1749 3617 1
1844 3889 1
1844 1844 1
1153 3857 1
1104 3857 1
3857 3857 1
1153 1153 1
1073 1391 1
1391 1391 1
1073 1574 1
1073 1073 1
1073 1243 1
1073 1406 1
1073 1407 1
775 1523 1
506 1523 1
1523 1523 1
775 1398 1
775 775 1
587 2433 1
2433 2433 1
372 2433 1
587 2502 1
587 587 1
587 2668 1
587 2576 1
733 1577 1
1577 1577 1
733 733 1
3417 3698 -1
3473 3698 -1
3294 3698 -1
3527 3698 -1
64 1201 -1
1505 2377 -1
1576 2377 -1
1262 2377 -1
1526 2377 -1
1639 3177 -1
2264 3359 -1
2059 3791 -1
2545 3338 -1
1070 3011 -1
1070 2904 -1
1027 3342 -1
1027 3266 -1
1076 1673 -1
840 1673 -1
800 1651 -1
571 1651 -1
800 1742 -1
1843 3969 -1
1885 3969 -1
1758 3969 -1
1843 3712 -1
599 3348 -1
1589 3354 -1
1589 3364 -1
1621 2212 -1
1347 2212 -1
1429 2212 -1
1621 2320 -1
1621 2239 -1
873 2863 -1
2473 3678 -1
2473 3596 -1
1427 3826 -1
1376 3826 -1
1581 3826 -1
1427 3630 -1
791 2773 -1
526 2773 -1
455 2773 -1
791 2504 -1
791 2745 -1
456 2347 -1
1954 3767 -1
23 3425 -1
353 3425 -1
2250 2599 -1
2250 2441 -1
2250 2603 -1
2250 2799 -1
1538 3993 -1
1538 3941 -1
1538 3942 -1
1538 3879 -1
1538 3624 -1
1538 3851 -1
1538 3855 -1
1538 3954 -1
1538 3955 -1
1538 3962 -1
1538 3951 -1
369 3156 -1
640 3156 -1
749 3156 -1
369 3113 -1
369 3022 -1
369 2918 -1
458 1000 -1
613 1000 -1
812 1000 -1
756 1000 -1
441 1000 -1
570 1000 -1
699 1000 -1
735 1000 -1
458 1132 -1
430 1699 -1
2170 3445 -1
973 1755 -1
1223 1755 -1
973 1967 -1
1202 3431 -1
2983 3597 -1
2983 3913 -1
2983 3827 -1
2983 3604 -1
2983 3862 -1
2983 3959 -1
1667 2930 -1
712 865 -1
488 865 -1
778 865 -1
702 865 -1
662 865 -1
378 865 -1
796 865 -1
446 865 -1
1488 3732 -1
738 3249 -1
519 2752 -1
537 2752 -1
785 2752 -1
572 1799 -1
1424 3393 -1
1322 2120 -1
2480 3338 -1
723 3129 -1
723 2943 -1
916 1633 -1
1547 3553 -1
1953 3859 -1
1953 3843 -1
1953 3747 -1
1953 3828 -1
1067 3372 -1
2119 3445 -1
2180 3445 -1
2302 3445 -1
2942 3967 -1
3141 3636 -1
3141 3981 -1
2994 3939 -1
2994 3907 -1
828 2949 -1
828 3095 -1
3025 3775 -1
3025 3972 -1
1459 3612 -1
1556 3612 -1
2023 3928 -1
2023 3930 -1
2418 3281 -1
604 3526 -1
604 3244 -1
169 1124 -1
1 1124 -1
221 1124 -1
237 1124 -1
1287 3174 -1
2330 3488 -1
2306 3488 -1
2387 3488 -1
2310 3488 -1
2330 3287 -1
1842 3423 -1
1842 3347 -1
311 2508 -1
1664 2843 -1
1709 2843 -1
1664 3080 -1
1664 2915 -1
1664 2947 -1
1664 3029 -1
1929 3895 -1
1696 3895 -1
2032 3895 -1
1929 3994 -1
1929 3851 -1
1929 3855 -1
1883 3791 -1
1811 3860 -1
2712 3227 -1
2095 2766 -1
2095 2571 -1
2095 2460 -1
2095 2662 -1
2095 2687 -1
1171 3060 -1
1598 3390 -1
1713 2926 -1
1978 2926 -1
1693 2926 -1
1854 2926 -1
1909 2926 -1
3073 3746 -1
2881 3746 -1
1689 3809 -1
1689 3703 -1
2013 3844 -1
1655 3844 -1
2013 3819 -1
2013 3743 -1
2013 3799 -1
2410 3512 -1
2129 3512 -1
2114 3512 -1
2316 3512 -1
2127 3512 -1
1448 2086 -1
1436 2086 -1
1448 2309 -1
1448 2254 -1
1448 2261 -1
3400 3717 -1
1053 2881 -1
1053 3073 -1
1355 3625 -1
1355 3837 -1
1355 3807 -1
769 945 -1
769 1001 -1
769 834 -1
769 1011 -1
2808 3599 -1
2951 3599 -1
2808 3784 -1
2808 3765 -1
897 3453 -1
2049 3790 -1
1848 3790 -1
1794 3790 -1
1899 3790 -1
1717 3790 -1
2049 3721 -1
2049 3842 -1
642 1040 -1
776 1040 -1
708 1040 -1
678 1040 -1
406 1040 -1
1567 3274 -1
1337 3274 -1
1252 3274 -1
1567 3503 -1
2219 3385 -1
2219 3322 -1
2219 3436 -1
2219 3330 -1
2220 3498 -1
307 3678 -1
307 3596 -1
1175 3329 -1
796 1040 -1
712 1040 -1
778 1040 -1
488 1040 -1
702 1040 -1
662 1040 -1
378 1040 -1
446 1040 -1
1694 3160 -1
1694 2912 -1
1694 2998 -1
1728 3886 -1
142 1009 -1
325 1009 -1
142 1176 -1
142 913 -1
142 1056 -1
1614 3517 -1
1539 3517 -1
1350 3517 -1
1615 3517 -1
1617 3517 -1
1527 3517 -1
1498 3517 -1
1614 3381 -1
379 3158 -1
757 3158 -1
397 3358 -1
397 3308 -1
397 3476 -1
397 3548 -1
838 2624 -1
675 2294 -1
1131 2898 -1
1045 2898 -1
999 2898 -1
1131 3111 -1
0 2708 -1
178 2708 -1
423 2347 -1
385 2347 -1
444 2347 -1
725 2347 -1
807 2347 -1
2173 3466 -1
2358 3337 -1
2358 3336 -1
2358 3555 -1
2058 2737 -1
1660 2737 -1
1619 2222 -1
1475 2222 -1
1357 2222 -1
1743 2478 -1
1743 2442 -1
2149 2674 -1
2149 2601 -1
2149 2780 -1
2149 2678 -1
2149 2479 -1
3273 3643 -1
545 2856 -1
784 2856 -1
2599 3574 -1
2441 3574 -1
2603 3574 -1
2799 3574 -1
1056 2969 -1
1176 2969 -1
1009 2969 -1
913 2969 -1
2995 3841 -1
3171 3841 -1
1954 3596 -1
1954 3678 -1
1787 3989 -1
3202 3623 -1
1718 2843 -1
1718 3080 -1
1718 2915 -1
1718 2947 -1
1718 3029 -1
1989 3914 -1
1022 1992 -1
352 2478 -1
352 2442 -1
1801 2451 -1
1709 2329 -1
1664 2329 -1
1709 2112 -1
951 1479 -1
976 1479 -1
1084 1479 -1
962 1479 -1
820 1479 -1
882 1479 -1
951 1583 -1
2398 3464 -1
2370 3464 -1
2398 3406 -1
1711 3668 -1
3038 3875 -1
939 1651 -1
939 1742 -1
1134 3151 -1
1097 3151 -1
1134 3087 -1
1123 2879 -1
968 1359 -1
784 2506 -1
545 2506 -1
784 2776 -1
784 2719 -1
749 1091 -1
640 1091 -1
369 1091 -1
607 1450 -1
1325 2039 -1
1325 1886 -1
1923 3800 -1
1339 2093 -1
3151 3813 -1
3087 3813 -1
3151 3770 -1
3151 3948 -1
89 2197 -1
182 2197 -1
654 1799 -1
673 1799 -1
770 1799 -1
467 1799 -1
3179 3858 -1
3206 3858 -1
1558 3294 -1
1558 3473 -1
1558 3527 -1
1558 3417 -1
931 1447 -1
912 1447 -1
826 1447 -1
1086 1447 -1
379 1639 -1
757 1639 -1
877 1443 -1
914 1443 -1
1042 1443 -1
247 2152 -1
247 2104 -1
247 2399 -1
247 2419 -1
247 2087 -1
717 1077 -1
717 1039 -1
973 1814 -1
1223 1814 -1
2119 3913 -1
2180 3913 -1
2302 3913 -1
2119 3827 -1
2119 3604 -1
2119 3597 -1
2119 3862 -1
2119 3959 -1
2420 3752 -1
2420 3990 -1
1991 3621 -1
1831 3621 -1
2149 3415 -1
1281 2114 -1
1281 2248 -1
1281 2314 -1
1281 2316 -1
1281 2127 -1
1281 2129 -1
1281 2410 -1
509 3116 -1
2061 2411 -1
1177 1347 -1
1177 1429 -1
1177 1621 -1
1963 2921 -1
2614 3418 -1
1645 2967 -1
2809 3654 -1
1202 3280 -1
1202 3448 -1
1202 3482 -1
1372 3240 -1
1372 3536 -1
1372 3595 -1
1372 3582 -1
2026 3988 -1
2018 3933 -1
933 3526 -1
933 3244 -1
1471 2876 -1
1471 2828 -1
1471 3053 -1
1471 3005 -1
3138 3654 -1
2049 2290 -1
1848 2290 -1
1794 2290 -1
1899 2290 -1
1717 2290 -1
200 2385 -1
145 2385 -1
148 2385 -1
690 1077 -1
690 1039 -1
378 1039 -1
712 1039 -1
778 1039 -1
488 1039 -1
446 1039 -1
662 1039 -1
796 1039 -1
702 1039 -1
378 1077 -1
1591 3034 -1
1418 3034 -1
1501 3034 -1
1295 3034 -1
1591 3027 -1
1591 2820 -1
1591 3085 -1
1396 3424 -1
1123 2862 -1
2370 2451 -1
2398 2451 -1
2932 3580 -1
3089 3580 -1
2932 3429 -1
388 835 -1
399 835 -1
1333 2081 -1
413 2072 -1
813 2072 -1
413 2374 -1
509 835 -1
3465 3826 -1
3465 3630 -1
1601 2838 -1
1108 1663 -1
1180 1663 -1
1140 1663 -1
1108 1756 -1
1108 1877 -1
1108 1918 -1
2959 3848 -1
3216 3661 -1
3026 3661 -1
2870 3661 -1
3216 3666 -1
2117 2712 -1
2088 2712 -1
2416 2712 -1
2315 2712 -1
2118 2712 -1
1765 3944 -1
1960 3944 -1
2056 3944 -1
828 3121 -1
3160 3542 -1
2912 3542 -1
2998 3542 -1
402 1120 -1
355 1140 -1
355 1180 -1
355 1108 -1
1953 3806 -1
1297 3759 -1
2287 3595 -1
2287 3536 -1
2287 3240 -1
2287 3544 -1
2287 3582 -1
2287 3361 -1
3423 3828 -1
3347 3828 -1
3423 3843 -1
3423 3859 -1
3423 3747 -1
1339 2210 -1
1689 3976 -1
89 2518 -1
182 2518 -1
3575 3964 -1
1806 3801 -1
3509 3698 -1
1535 3293 -1
1531 3293 -1
1341 3293 -1
1535 3422 -1
806 835 -1
538 1084 -1
538 820 -1
538 951 -1
1866 3986 -1
1866 3931 -1
1432 2338 -1
2866 3666 -1
2858 3666 -1
2819 3666 -1
2866 3661 -1
796 3139 -1
712 3139 -1
778 3139 -1
488 3139 -1
702 3139 -1
662 3139 -1
378 3139 -1
446 3139 -1
470 1791 -1
432 1791 -1
661 1791 -1
703 1791 -1
1110 3123 -1
1585 3454 -1
1585 3233 -1
1585 3587 -1
1585 3588 -1
1585 3558 -1
1585 3534 -1
1585 3444 -1
1585 3543 -1
1585 3524 -1
1585 3353 -1
909 1790 -1
1956 3510 -1
1956 3396 -1
1453 2418 -1
1445 2418 -1
1582 2247 -1
1572 2247 -1
1582 2356 -1
1582 2110 -1
3017 3867 -1
3017 3598 -1
3017 3670 -1
423 3594 -1
385 3594 -1
444 3594 -1
725 3594 -1
807 3594 -1
2628 3535 -1
2466 3535 -1
2615 3535 -1
3147 3767 -1
486 1084 -1
486 820 -1
486 951 -1
934 1717 -1
934 1848 -1
934 2049 -1
934 1794 -1
1873 3851 -1
1873 3941 -1
1873 3942 -1
1873 3855 -1
1873 3895 -1
1873 3993 -1
1873 3994 -1
1578 2149 -1
1428 2400 -1
1282 2400 -1
1411 2400 -1
1373 2400 -1
1551 2400 -1
1894 2246 -1
288 1717 -1
288 1848 -1
288 2049 -1
288 1794 -1
2246 2728 -1
1448 2140 -1
1436 2140 -1
1448 2133 -1
1448 2359 -1
1689 3925 -1
1689 3664 -1
1689 3603 -1
1689 3726 -1
1394 2081 -1
1618 2081 -1
1595 2081 -1
1612 2081 -1
1470 2081 -1
243 2712 -1
1981 3803 -1
1258 2395 -1
1258 2145 -1
1258 2259 -1
1258 2404 -1
1258 2391 -1
1221 3486 -1
1048 3486 -1
1174 3486 -1
1857 3964 -1
1714 3964 -1
1941 3964 -1
1984 2706 -1
1752 2706 -1
2043 2706 -1
1852 2706 -1
1815 2706 -1
1984 2661 -1
2159 3957 -1
2403 3957 -1
2186 3957 -1
2363 3957 -1
2340 3957 -1
2191 3957 -1
1980 3417 -1
1948 3417 -1
1980 3473 -1
1980 3294 -1
1980 3527 -1
276 3420 -1
208 3420 -1
25 3420 -1
39 3420 -1
276 3351 -1
176 3576 -1
668 2995 -1
668 3171 -1
1499 3468 -1
1499 3384 -1
1499 3239 -1
2099 3719 -1
2089 3719 -1
1647 3815 -1
1893 3815 -1
1895 3815 -1
1987 3921 -1
1339 2081 -1
3400 3681 -1
502 868 -1
773 868 -1
502 1075 -1
502 991 -1
502 887 -1
3577 3678 -1
3577 3596 -1
3442 3908 -1
3442 3856 -1
2400 2476 -1
618 1204 -1
2092 3426 -1
2097 3426 -1
2238 3426 -1
2968 3547 -1
646 1801 -1
816 1801 -1
1567 2292 -1
1337 2292 -1
1252 2292 -1
2908 3956 -1
2908 3950 -1
2357 3332 -1
2148 3332 -1
2412 3332 -1
2135 3332 -1
2004 2748 -1
1698 2748 -1
1677 2748 -1
1695 2748 -1
2348 3333 -1
2189 3333 -1
1408 3328 -1
1266 3328 -1
1580 3328 -1
1454 3328 -1
1564 2359 -1
1564 2140 -1
1564 2133 -1
1962 3589 -1
2303 3920 -1
2326 3920 -1
595 3092 -1
595 2895 -1
2827 3599 -1
2878 3599 -1
2827 3784 -1
2827 3765 -1
2952 3547 -1
1369 2348 -1
1369 2189 -1
519 1223 -1
537 1223 -1
785 1223 -1
519 973 -1
1593 2356 -1
1340 2356 -1
1593 2110 -1
1593 2247 -1
886 3504 -1
556 882 -1
556 976 -1
556 962 -1
556 820 -1
556 951 -1
772 2506 -1
772 2776 -1
772 2719 -1
2018 3631 -1
2018 3723 -1
225 2765 -1
363 2765 -1
447 3582 -1
447 3544 -1
447 3361 -1
447 3240 -1
447 3536 -1
447 3595 -1
2158 3911 -1
1929 3934 -1
1696 3934 -1
2032 3934 -1
1929 3633 -1
1929 3773 -1
2010 3861 -1
1800 3861 -1
1970 3861 -1
1996 3861 -1
2090 3973 -1
1027 2876 -1
1027 2828 -1
1027 3053 -1
1027 3005 -1
1416 2332 -1
1778 3832 -1
1778 3761 -1
1778 3869 -1
974 2050 -1
974 2048 -1
1187 3803 -1
893 3803 -1
2031 2319 -1
1840 2319 -1
1961 2319 -1
1938 2319 -1
895 3160 -1
895 2912 -1
895 2998 -1
182 2645 -1
89 2645 -1
182 2730 -1
2021 3990 -1
1652 3990 -1
2021 3752 -1
3372 3633 -1
3372 3773 -1
3372 3934 -1
584 3204 -1
1282 3321 -1
1411 3321 -1
1428 3321 -1
1551 3321 -1
699 1848 -1
441 1848 -1
458 1848 -1
756 1848 -1
570 1848 -1
699 2049 -1
699 1794 -1
699 1899 -1
699 1717 -1
875 3395 -1
1018 3395 -1
875 3499 -1
758 3504 -1
3039 3880 -1
1843 3802 -1
1885 3802 -1
1758 3802 -1
59 3922 -1
59 3778 -1
1511 3732 -1
1617 2366 -1
1539 2366 -1
1350 2366 -1
1614 2366 -1
1615 2366 -1
1527 2366 -1
1498 2366 -1
3164 3598 -1
3164 3867 -1
3164 3670 -1
1178 3209 -1
1178 3146 -1
1849 3853 -1
1896 3853 -1
330 2508 -1
1193 1433 -1
955 1433 -1
1117 1433 -1
1189 1433 -1
1214 3015 -1
1214 3172 -1
1214 3231 -1
953 1568 -1
1130 1568 -1
1899 3222 -1
1848 3222 -1
2049 3222 -1
1794 3222 -1
112 758 -1
260 758 -1
254 758 -1
1027 2969 -1
3342 3757 -1
3266 3757 -1
3342 3977 -1
3342 3764 -1
1256 2994 -1
1428 2357 -1
1282 2357 -1
1411 2357 -1
1373 2357 -1
1551 2357 -1
1428 2148 -1
1428 2412 -1
1428 2135 -1
254 2483 -1
112 2483 -1
260 2483 -1
254 2474 -1
1165 2717 -1
3241 3813 -1
3241 3770 -1
3241 3948 -1
1744 2789 -1
317 995 -1
204 995 -1
238 995 -1
317 941 -1
1125 3494 -1
1217 3494 -1
1069 3494 -1
830 3494 -1
1027 3006 -1
1027 3028 -1
1387 2109 -1
1393 2109 -1
1268 2109 -1
1749 3720 -1
1844 3720 -1
1868 3227 -1
2094 3354 -1
2094 3364 -1
1058 3153 -1
1058 2962 -1
1058 2999 -1
817 1801 -1
2237 3955 -1
2180 3955 -1
2302 3955 -1
2237 3942 -1
2237 3879 -1
2237 3624 -1
2237 3951 -1
2237 3954 -1
2237 3605 -1
2237 3993 -1
2237 3962 -1
1991 3707 -1
1831 3707 -1
3045 3967 -1
169 995 -1
1 995 -1
221 995 -1
237 995 -1
169 941 -1
915 3662 -1
3021 3997 -1
3007 3997 -1
3188 3997 -1
3043 3997 -1
2807 3997 -1
2052 3612 -1
1930 3612 -1
1331 2137 -1
1070 3538 -1
1535 3973 -1
1531 3973 -1
1341 3973 -1
2524 3418 -1
2544 3418 -1
2702 3418 -1
1422 2072 -1
1422 2374 -1
1787 3948 -1
1787 3770 -1
1787 3813 -1
2870 3580 -1
2976 3580 -1
3216 3580 -1
3026 3580 -1
2870 3429 -1
1904 3522 -1
1904 3562 -1
1904 3373 -1
1904 3447 -1
881 2607 -1
881 2554 -1
881 2563 -1
2025 3933 -1
1820 3933 -1
1050 3110 -1
1023 3110 -1
1050 2855 -1
1606 3340 -1
1606 3270 -1
541 935 -1
541 1095 -1
1875 3934 -1
1875 3633 -1
1875 3773 -1
3096 3854 -1
2370 2538 -1
2398 2538 -1
3556 3602 -1
3556 3702 -1
3556 3663 -1
1355 1801 -1
974 3264 -1
882 3291 -1
976 3291 -1
962 3291 -1
820 3291 -1
951 3291 -1
430 2856 -1
3171 3808 -1
2995 3808 -1
3171 3615 -1
2995 3615 -1
3171 3659 -1
745 2072 -1
563 2072 -1
634 2072 -1
611 2072 -1
485 2072 -1
745 2374 -1
1354 3655 -1
1335 2269 -1
1311 2269 -1
1806 3950 -1
1806 3956 -1
496 3160 -1
496 2912 -1
496 2998 -1
218 1369 -1
201 1369 -1
51 2281 -1
43 2281 -1
1333 2142 -1
218 2348 -1
201 2348 -1
218 2189 -1
2012 3999 -1
2012 3863 -1
1927 2748 -1
1482 2284 -1
2776 3950 -1
2506 3950 -1
2719 3950 -1
2776 3956 -1
881 2531 -1
2283 3405 -1
2256 3405 -1
3522 3723 -1
3562 3723 -1
3373 3723 -1
3447 3723 -1
3522 3631 -1
1178 3194 -1
1178 3200 -1
1178 2907 -1
1178 2836 -1
1178 2845 -1
3104 3619 -1
3104 3836 -1
2049 3996 -1
1848 3996 -1
1794 3996 -1
1899 3996 -1
1717 3996 -1
406 3205 -1
776 3205 -1
642 3205 -1
708 3205 -1
678 3205 -1
1905 3700 -1
177 2534 -1
268 2534 -1
177 2791 -1
1234 1575 -1
2986 3547 -1
3097 3547 -1
2849 3781 -1
2306 3425 -1
2330 3425 -1
2387 3425 -1
2310 3425 -1
3078 3864 -1
2963 3864 -1
98 2937 -1
98 3214 -1
84 906 -1
84 986 -1
3432 3890 -1
3251 3890 -1
3432 3779 -1
953 3166 -1
1130 3166 -1
2375 3574 -1
3045 3707 -1
493 3050 -1
112 3237 -1
260 3237 -1
254 3237 -1
698 3129 -1
698 2943 -1
362 881 -1
1854 2635 -1
1713 2635 -1
1978 2635 -1
1909 2635 -1
1693 2635 -1
1854 2456 -1
1203 3043 -1
1015 3043 -1
823 3043 -1
1203 2807 -1
1203 3188 -1
1203 3021 -1
1203 3007 -1
103 3973 -1
779 3205 -1
845 1576 -1
1003 1576 -1
1235 1576 -1
845 1505 -1
845 1262 -1
845 1526 -1
288 1854 -1
288 1713 -1
288 1978 -1
288 1909 -1
288 1693 -1
397 3767 -1
1248 3324 -1
1308 3324 -1
235 2468 -1
85 2468 -1
993 3189 -1
494 1747 -1
3423 3881 -1
3347 3881 -1
1264 3222 -1
1300 3222 -1
1601 2969 -1
1307 3627 -1
1348 3627 -1
1884 3208 -1
1884 2884 -1
1962 3084 -1
1962 3091 -1
1962 2887 -1
607 2459 -1
105 2288 -1
105 2341 -1
1551 3922 -1
1282 3922 -1
1411 3922 -1
1428 3922 -1
1373 3922 -1
1551 3778 -1
966 3138 -1
825 3138 -1
874 3138 -1
1107 3138 -1
1101 3138 -1
846 3138 -1
1161 1830 -1
1568 3195 -1
1568 2914 -1
1838 3608 -1
618 1747 -1
2177 2659 -1
2103 3461 -1
1521 3281 -1
1334 3281 -1
1439 3281 -1
3171 3603 -1
2995 3603 -1
3171 3664 -1
3171 3925 -1
3171 3726 -1
3182 3752 -1
2851 3752 -1
3085 3752 -1
2958 3752 -1
3027 3752 -1
2830 3752 -1
2966 3752 -1
3182 3990 -1
1571 3431 -1
1397 3255 -1
53 962 -1
53 976 -1
53 882 -1
53 820 -1
53 951 -1
2610 3357 -1
2769 3357 -1
2779 3357 -1
907 3657 -1
1085 3301 -1
3291 3694 -1
3291 3874 -1
3291 3935 -1
1566 2355 -1
276 2141 -1
208 2141 -1
25 2141 -1
39 2141 -1
617 1109 -1
631 1109 -1
195 3922 -1
195 3778 -1
487 2995 -1
487 3171 -1
87 3665 -1
228 3577 -1
104 2194 -1
262 2194 -1
214 2194 -1
104 2182 -1
1108 1656 -1
1180 1656 -1
1140 1656 -1
1252 3291 -1
1337 3291 -1
1567 3291 -1
2912 3606 -1
3160 3606 -1
2998 3606 -1
1169 3243 -1
984 3243 -1
946 3243 -1
982 3243 -1
1183 3243 -1
3161 3749 -1
1501 3284 -1
1418 3284 -1
1591 3284 -1
1295 3284 -1
1501 3514 -1
1459 3429 -1
1556 3429 -1
1459 3580 -1
737 3594 -1
3152 3636 -1
3152 3981 -1
1342 2249 -1
1389 2249 -1
1342 2268 -1
1342 2134 -1
1342 2174 -1
1667 2849 -1
430 3160 -1
430 2912 -1
430 2998 -1
462 1712 -1
462 1872 -1
1794 3923 -1
1848 3923 -1
2049 3923 -1
1899 3923 -1
1717 3923 -1
1354 3771 -1
1743 2548 -1
26 2409 -1
303 2409 -1
732 1091 -1
521 1091 -1
1001 3061 -1
945 3061 -1
834 3061 -1
1011 3061 -1
617 1016 -1
631 1016 -1
3147 3436 -1
3147 3385 -1
3147 3322 -1
3147 3330 -1
1549 3157 -1
1345 3157 -1
1379 2296 -1
2090 3918 -1
1874 3929 -1
1974 3929 -1
34 1170 -1
1459 3849 -1
1556 3849 -1
1459 3966 -1
2397 3419 -1
2077 3605 -1
2077 3624 -1
2077 3962 -1
2077 3955 -1
2304 3187 -1
2304 3207 -1
933 1457 -1
933 1265 -1
933 1554 -1
933 1468 -1
933 1290 -1
1342 2139 -1
1389 2139 -1
620 1443 -1
1719 2720 -1
1917 2720 -1
300 3678 -1
300 3596 -1
1945 3201 -1
1914 3201 -1
3189 3662 -1
691 972 -1
691 1128 -1
2087 3425 -1
2104 3425 -1
2152 3425 -1
2419 3425 -1
2399 3425 -1
1883 3245 -1
1883 3367 -1
2339 3845 -1
2339 3653 -1
2027 3671 -1
1970 3923 -1
1800 3923 -1
2010 3923 -1
1996 3923 -1
2109 3957 -1
50 1170 -1
1067 3388 -1
1067 3569 -1
1914 3796 -1
1945 3796 -1
705 3453 -1
473 3453 -1
1353 3443 -1
1410 3443 -1
1516 3443 -1
499 2014 -1
499 1893 -1
499 1734 -1
499 1895 -1
1887 3920 -1
1771 3739 -1
1771 3873 -1
1691 3510 -1
1691 3396 -1
1714 3096 -1
1857 3096 -1
1941 3096 -1
3104 3849 -1
3104 3966 -1
1339 2100 -1
1497 2249 -1
1497 2268 -1
1497 2134 -1
1497 2174 -1
315 2749 -1
65 2749 -1
287 2749 -1
277 2749 -1
207 2749 -1
236 2710 -1
658 1431 -1
2094 3487 -1
2094 3394 -1
2286 3258 -1
2286 3410 -1
2286 3479 -1
1661 3615 -1
1661 3659 -1
802 3594 -1
614 3594 -1
1175 1552 -1
801 1068 -1
2319 3853 -1
3524 3917 -1
3233 3917 -1
3587 3917 -1
3588 3917 -1
3558 3917 -1
3534 3917 -1
3444 3917 -1
3543 3917 -1
3353 3917 -1
3355 3917 -1
3454 3917 -1
3289 3956 -1
3289 3950 -1
1753 2611 -1
1968 2611 -1
1761 2611 -1
1753 2496 -1
1753 2693 -1
590 3973 -1
2326 2503 -1
2303 2503 -1
425 3253 -1
766 3253 -1
425 3528 -1
1772 3699 -1
1949 3699 -1
1902 3699 -1
1069 3194 -1
1217 3194 -1
1125 3194 -1
830 3194 -1
1069 3200 -1
1069 2907 -1
1069 2836 -1
1069 2845 -1
407 1042 -1
804 1042 -1
742 1042 -1
407 914 -1
407 877 -1
475 1799 -1
1545 3957 -1
1194 1498 -1
1194 1617 -1
1194 1539 -1
1194 1614 -1
1194 1350 -1
1194 1615 -1
95 3425 -1
1933 3797 -1
2856 3650 -1
2345 3911 -1
1113 2818 -1
1107 2818 -1
908 2818 -1
1101 2818 -1
846 2818 -1
1007 2818 -1
1670 3958 -1
1670 3715 -1
1670 3687 -1
1670 3943 -1
1670 3629 -1
1670 3610 -1
1670 3613 -1
1670 3614 -1
1714 2717 -1
1857 2717 -1
1941 2717 -1
1949 3510 -1
1772 3510 -1
1902 3510 -1
1949 3396 -1
1896 3846 -1
1849 3846 -1
313 2160 -1
2262 3595 -1
2262 3536 -1
2262 3240 -1
2262 3544 -1
2262 3582 -1
2262 3361 -1
323 2082 -1
188 2082 -1
818 1699 -1
1722 2620 -1
2481 3471 -1
1630 3723 -1
1630 3631 -1
925 2854 -1
1105 2854 -1
65 2185 -1
287 2185 -1
315 2185 -1
277 2185 -1
207 2185 -1
1582 3478 -1
1572 3478 -1
504 3325 -1
638 3325 -1
3489 3637 -1
3489 3786 -1
1137 3472 -1
1137 3238 -1
1991 3990 -1
1831 3990 -1
1991 3752 -1
1611 2413 -1
1294 2413 -1
1177 1351 -1
3373 3832 -1
3522 3832 -1
3562 3832 -1
3447 3832 -1
3373 3761 -1
3373 3869 -1
465 1796 -1
428 1796 -1
465 1690 -1
465 1876 -1
465 1757 -1
1457 3561 -1
1265 3561 -1
1554 3561 -1
1468 3561 -1
1290 3561 -1
486 2860 -1
1752 2473 -1
1984 2473 -1
2043 2473 -1
1852 2473 -1
1815 2473 -1
1938 2783 -1
1840 2783 -1
1961 2783 -1
2031 2783 -1
1970 3221 -1
1800 3221 -1
2010 3221 -1
1996 3221 -1
1672 3986 -1
1672 3931 -1
2281 2647 -1
1139 2509 -1
97 2141 -1
355 1215 -1
18 1338 -1
1454 2156 -1
1408 2156 -1
1266 2156 -1
1580 2156 -1
1973 3725 -1
1760 3725 -1
2045 3725 -1
1973 3830 -1
801 1150 -1
801 1118 -1
828 3169 -1
828 3066 -1
828 3055 -1
3174 3856 -1
3174 3908 -1
658 1508 -1
1914 3775 -1
1945 3775 -1
1914 3972 -1
1755 2473 -1
1967 2473 -1
3100 3854 -1
1848 2963 -1
2049 2963 -1
1794 2963 -1
1899 2963 -1
1717 2963 -1
1848 3078 -1
450 3447 -1
450 3562 -1
450 3522 -1
450 3373 -1
1020 1521 -1
1020 1334 -1
1020 1439 -1
973 2064 -1
1223 2064 -1
973 1916 -1
973 2053 -1
572 3253 -1
572 3528 -1
1768 2986 -1
1829 2986 -1
1768 3097 -1
1589 3529 -1
1589 3345 -1
577 1131 -1
577 1045 -1
577 999 -1
703 1508 -1
432 1508 -1
674 1508 -1
661 1508 -1
470 1508 -1
1538 3612 -1
2158 3893 -1
1975 3999 -1
2005 3999 -1
1975 3863 -1
1862 3740 -1
1809 3740 -1
1682 3740 -1
1862 3912 -1
1850 3130 -1
1573 2218 -1
1573 2204 -1
1573 2350 -1
1054 2696 -1
1519 2371 -1
1519 2205 -1
2045 3952 -1
1760 3952 -1
1748 3952 -1
1973 3952 -1
235 3568 -1
85 3568 -1
1774 3339 -1
965 1798 -1
965 1775 -1
30 984 -1
30 1169 -1
30 946 -1
30 982 -1
30 1183 -1
1780 3731 -1
1703 3731 -1
2059 3789 -1
2241 3458 -1
1466 2082 -1
1539 2082 -1
1350 2082 -1
1610 2082 -1
1324 2082 -1
1554 2082 -1
1468 2082 -1
2145 3481 -1
2395 3481 -1
2404 3481 -1
2259 3481 -1
2391 3481 -1
2145 3362 -1
2145 3271 -1
2145 3247 -1
1350 3390 -1
1539 3390 -1
1610 3390 -1
1324 3390 -1
1614 3390 -1
1615 3390 -1
1617 3390 -1
1554 3390 -1
1466 3390 -1
1468 3390 -1
1498 3390 -1
1246 3543 -1
1462 3543 -1
1246 3233 -1
1246 3587 -1
1246 3588 -1
1246 3558 -1
1246 3534 -1
1246 3444 -1
1246 3353 -1
1246 3524 -1
1246 3454 -1
611 3241 -1
745 3241 -1
634 3241 -1
563 3241 -1
485 3241 -1
869 3962 -1
1094 3962 -1
869 3942 -1
869 3879 -1
869 3624 -1
869 3951 -1
869 3954 -1
869 3955 -1
869 3605 -1
869 3993 -1
882 3519 -1
976 3519 -1
962 3519 -1
820 3519 -1
951 3519 -1
734 1712 -1
422 1712 -1
734 1872 -1
1753 2198 -1
1968 2198 -1
1761 2198 -1
1753 2066 -1
1753 2275 -1
3077 3791 -1
2155 3271 -1
2155 3481 -1
2155 3362 -1
2155 3247 -1
1938 2158 -1
1840 2158 -1
1961 2158 -1
2031 2158 -1
3509 3746 -1
1575 2614 -1
931 1612 -1
912 1612 -1
826 1612 -1
1086 1612 -1
931 1618 -1
931 1394 -1
931 1470 -1
1601 2844 -1
1601 3003 -1
1601 3213 -1
3188 3623 -1
3074 3623 -1
3043 3623 -1
3021 3623 -1
3149 3623 -1
3107 3623 -1
2807 3623 -1
3192 3623 -1
3007 3623 -1
2365 3694 -1
2365 3874 -1
2365 3935 -1
3102 3868 -1
423 2272 -1
385 2272 -1
444 2272 -1
725 2272 -1
807 2272 -1
391 3079 -1
714 3079 -1
789 3079 -1
391 2924 -1
710 1443 -1
635 1443 -1
1916 2461 -1
2064 2461 -1
1937 2461 -1
1859 2461 -1
1740 2461 -1
2053 2461 -1
2086 2657 -1
2309 2657 -1
2254 2657 -1
2261 2657 -1
2086 2670 -1
2086 2630 -1
2529 3398 -1
3517 3973 -1
3381 3973 -1
1209 3114 -1
3320 3698 -1
2337 3457 -1
1828 3004 -1
1951 3133 -1
1848 3043 -1
2049 3043 -1
1794 3043 -1
1899 3043 -1
1717 3043 -1
1848 2807 -1
1848 3188 -1
1848 3021 -1
1848 3007 -1
3090 3615 -1
3090 3659 -1
683 3041 -1
683 2832 -1
1464 3454 -1
1464 3233 -1
1464 3587 -1
1464 3588 -1
1464 3558 -1
1464 3534 -1
1464 3444 -1
1464 3543 -1
1464 3524 -1
1464 3353 -1
648 2053 -1
648 2064 -1
648 1937 -1
648 1859 -1
648 1916 -1
648 1740 -1
2813 3615 -1
2813 3659 -1
1765 3625 -1
1960 3625 -1
2056 3625 -1
1765 3837 -1
1765 3807 -1
2065 2527 -1
804 1651 -1
464 1651 -1
742 1651 -1
407 1651 -1
804 1742 -1
1528 3485 -1
1631 2289 -1
887 3144 -1
1075 3144 -1
868 3144 -1
1182 3144 -1
991 3144 -1
925 3650 -1
1105 3650 -1
370 3158 -1
1411 3561 -1
1282 3561 -1
1428 3561 -1
1551 3561 -1
968 1347 -1
968 1429 -1
968 1621 -1
925 2122 -1
1105 2122 -1
1767 3910 -1
1202 3344 -1
3017 3943 -1
3017 3687 -1
3017 3629 -1
3017 3958 -1
3017 3610 -1
3017 3613 -1
3017 3614 -1
3141 3882 -1
691 2615 -1
691 2466 -1
691 2628 -1
1407 3458 -1
1243 3458 -1
1406 3458 -1
1574 3458 -1
1391 3458 -1
23 3576 -1
353 3576 -1
1768 2936 -1
1829 2936 -1
2566 3570 -1
2656 3570 -1
2490 3570 -1
2574 3570 -1
2566 3505 -1
2566 3282 -1
2566 3310 -1
2566 3438 -1
1234 1714 -1
1234 1857 -1
1234 1941 -1
3489 3739 -1
3489 3873 -1
525 2820 -1
525 3034 -1
525 3027 -1
525 3085 -1
1908 3699 -1
533 3194 -1
533 3200 -1
533 2907 -1
533 2836 -1
533 2845 -1
1167 1886 -1
1155 1886 -1
1167 2039 -1
806 3594 -1
1448 2313 -1
1436 2313 -1
2246 2773 -1
2246 2504 -1
2246 2745 -1
1181 1290 -1
1163 1290 -1
1181 1457 -1
1181 1554 -1
1181 1468 -1
1181 1265 -1
1889 3683 -1
2020 3683 -1
776 2272 -1
642 2272 -1
708 2272 -1
406 2272 -1
678 2272 -1
3320 3745 -1
973 3775 -1
1223 3775 -1
973 3972 -1
1461 3044 -1
1461 2867 -1
1730 3774 -1
1944 3774 -1
1738 3774 -1
1730 3968 -1
2978 3599 -1
2894 3599 -1
2978 3784 -1
2978 3765 -1
1570 2073 -1
2870 3683 -1
2976 3683 -1
3216 3683 -1
3026 3683 -1
2808 3070 -1
2951 3070 -1
2808 2961 -1
508 717 -1
608 717 -1
1657 1934 -1
1657 1964 -1
529 610 -1
610 787 -1
610 812 -1
610 735 -1
3737 3798 -1
3737 3980 -1
3737 3975 -1
