436 661 1
427 806 1
403 700 1
392 544 1
519 629 1
617 712 1
378 756 1
391 794 1
779 802 1
551 713 1
437 451 1
519 696 1
629 696 1
725 736 1
402 591 1
595 783 1
491 759 1
489 601 1
736 744 1
725 744 1
620 623 1
618 770 1
484 806 1
427 484 1
477 501 1
427 488 1
484 488 1
488 806 1
734 798 1
458 681 1
503 531 1
668 798 1
668 734 1
708 794 1
391 708 1
368 625 1
401 769 1
439 726 1
466 681 1
458 466 1
540 691 1
589 722 1
379 400 1
661 775 1
436 775 1
621 719 1
367 642 1
472 508 1
503 812 1
531 812 1
531 751 1
751 812 1
503 751 1
604 639 1
628 785 1
554 691 1
540 554 1
453 466 1
453 681 1
453 458 1
671 760 1
612 691 1
554 612 1
540 612 1
518 771 1
466 652 1
652 681 1
458 652 1
453 652 1
587 747 1
516 772 1
501 636 1
477 636 1
483 711 1
581 817 1
433 805 1
487 631 1
366 587 1
366 747 1
506 643 1
597 684 1
659 715 1
402 583 1
583 591 1
591 666 1
402 666 1
583 666 1
484 687 1
488 687 1
427 687 1
687 806 1
508 814 1
472 814 1
390 534 1
510 756 1
378 510 1
523 573 1
590 698 1
510 815 1
378 815 1
756 815 1
544 783 1
392 783 1
544 595 1
704 806 1
488 704 1
427 704 1
484 704 1
687 704 1
674 729 1
524 790 1
543 675 1
545 653 1
435 437 1
435 451 1
371 725 1
371 736 1
371 744 1
383 519 1
383 696 1
383 629 1
439 602 1
602 726 1
495 570 1
684 707 1
597 707 1
771 793 1
518 793 1
443 657 1
431 814 1
431 472 1
431 508 1
367 518 1
518 642 1
367 793 1
367 771 1
466 573 1
573 681 1
458 573 1
573 652 1
453 573 1
466 523 1
584 809 1
506 550 1
550 643 1
388 767 1
397 717 1
376 522 1
493 773 1
501 658 1
636 658 1
477 658 1
625 796 1
368 796 1
563 566 1
537 612 1
537 554 1
537 691 1
537 540 1
696 773 1
383 773 1
629 773 1
519 773 1
493 696 1
485 623 1
485 620 1
425 500 1
728 773 1
519 728 1
493 728 1
629 728 1
696 728 1
383 728 1
646 747 1
587 646 1
366 646 1
640 725 1
640 736 1
640 744 1
371 640 1
544 624 1
392 624 1
595 624 1
624 783 1
393 698 1
393 590 1
626 811 1
675 688 1
543 688 1
584 739 1
739 809 1
728 778 1
773 778 1
519 778 1
493 778 1
629 778 1
696 778 1
383 778 1
464 538 1
392 687 1
544 687 1
624 687 1
687 783 1
392 704 1
392 484 1
392 806 1
392 488 1
392 427 1
515 617 1
515 712 1
507 786 1
476 591 1
402 476 1
476 666 1
476 583 1
403 627 1
627 700 1
445 617 1
445 712 1
445 515 1
766 783 1
544 766 1
392 766 1
687 766 1
624 766 1
595 766 1
402 577 1
577 666 1
577 583 1
476 577 1
577 591 1
927 1200 1
922 1119 1
1004 1099 1
980 1075 1
829 906 1
875 1085 1
974 1054 1
1023 1113 1
989 1068 1
988 1129 1
913 1004 1
913 1099 1
1020 1191 1
829 1043 1
906 1043 1
862 917 1
887 1075 1
887 980 1
1089 1116 1
1196 1223 1
1060 1119 1
922 1060 1
1047 1104 1
878 1144 1
906 1054 1
1043 1054 1
829 1054 1
906 974 1
971 1093 1
1068 1224 1
989 1224 1
863 1196 1
863 1223 1
912 1182 1
955 1043 1
906 955 1
829 955 1
955 1054 1
881 1104 1
881 1047 1
985 1013 1
1081 1179 1
965 1227 1
1079 1086 1
1213 1213 1
874 976 1
1021 1208 1
986 1037 1
871 1166 1
946 1059 1
995 1041 1
918 1105 1
881 1109 1
1104 1109 1
1047 1109 1
842 1068 1
842 1224 1
842 989 1
927 1120 1
1120 1200 1
968 1110 1
867 1163 1
1059 1225 1
946 1225 1
1075 1091 1
980 1091 1
887 1091 1
842 1096 1
1096 1224 1
1068 1096 1
989 1096 1
849 946 1
849 1225 1
849 1059 1
936 1161 1
906 1015 1
974 1015 1
1015 1043 1
955 1015 1
829 1015 1
1015 1054 1
984 1180 1
1195 1211 1
843 972 1
1151 1211 1
1151 1195 1
821 1003 1
1116 1229 1
1089 1229 1
1112 1208 1
1021 1112 1
824 1136 1
854 1049 1
879 1062 1
1008 1073 1
929 1222 1
933 1073 1
933 1008 1
926 1086 1
926 1079 1
849 928 1
928 1225 1
928 946 1
928 1059 1
821 1087 1
1003 1087 1
902 1124 1
990 1193 1
921 1146 1
1118 1222 1
929 1118 1
835 1053 1
937 1143 1
1054 1099 1
906 1099 1
974 1099 1
1043 1099 1
1015 1099 1
955 1099 1
829 1099 1
1004 1054 1
913 1054 1
1135 1155 1
1205 1212 1
822 1110 1
822 968 1
1028 1039 1
963 1054 1
906 963 1
963 1099 1
963 1004 1
963 974 1
913 963 1
963 1043 1
963 1015 1
955 963 1
829 963 1
937 1081 1
1081 1143 1
937 1179 1
1066 1189 1
826 1198 1
905 1115 1
1168 1182 1
912 1168 1
1019 1144 1
878 1019 1
1023 1123 1
1113 1123 1
987 1137 1
951 963 1
906 951 1
951 1099 1
951 1004 1
951 974 1
913 951 1
951 1043 1
951 1015 1
951 955 1
829 951 1
951 1054 1
915 985 1
915 1013 1
841 899 1
972 1106 1
843 1106 1
923 1151 1
923 1211 1
923 1195 1
1189 1192 1
1066 1192 1
836 1233 1
923 1132 1
1132 1211 1
1132 1195 1
1132 1151 1
1064 1096 1
1064 1224 1
842 1064 1
1064 1068 1
989 1064 1
825 980 1
825 1091 1
825 1075 1
825 887 1
901 1107 1
1018 1046 1
1027 1128 1
1198 1231 1
826 1231 1
1023 1227 1
1113 1227 1
1123 1227 1
965 1023 1
916 1000 1
821 839 1
839 1003 1
839 1087 1
1102 1211 1
1102 1132 1
1102 1195 1
923 1102 1
1102 1151 1
848 1165 1
863 958 1
958 1196 1
958 1223 1
887 963 1
825 963 1
963 1091 1
963 1075 1
963 980 1
887 906 1
887 1099 1
887 1004 1
887 974 1
887 913 1
887 1043 1
887 951 1
887 1015 1
887 955 1
829 887 1
887 1054 1
1328 1400 1
1354 1570 1
1497 1497 1
1430 1571 1
1542 1553 1
1390 1618 1
1314 1584 1
1288 1476 1
1500 1534 1
1305 1490 1
1574 1579 1
1392 1614 1
1330 1512 1
1378 1555 1
1426 1596 1
1277 1553 1
1277 1542 1
1275 1516 1
1294 1597 1
1453 1514 1
1307 1568 1
1413 1447 1
1320 1374 1
1421 1602 1
1277 1415 1
1415 1553 1
1415 1542 1
1372 1515 1
1397 1436 1
1289 1299 1
1368 1403 1
1357 1440 1
1374 1500 1
1320 1500 1
1374 1534 1
1266 1284 1
1326 1543 1
1506 1613 1
1315 1405 1
1315 1361 1
1361 1405 1
1427 1555 1
1378 1427 1
1489 1583 1
1419 1527 1
1554 1611 1
1318 1380 1
1428 1469 1
1471 1537 1
1387 1400 1
1328 1387 1
1238 1519 1
1252 1565 1
1302 1558 1
1296 1581 1
1524 1579 1
1524 1574 1
1380 1467 1
1318 1467 1
1541 1626 1
1297 1379 1
1256 1633 1
1270 1301 1
1351 1496 1
1290 1337 1
1481 1600 1
1277 1540 1
1540 1553 1
1540 1542 1
1415 1540 1
1433 1590 1
1252 1377 1
1377 1565 1
1396 1613 1
1396 1506 1
1334 1361 1
1315 1334 1
1334 1405 1
1453 1521 1
1514 1521 1
1305 1313 1
1313 1490 1
1280 1573 1
1267 1428 1
1267 1469 1
1307 1585 1
1568 1585 1
1409 1486 1
1359 1573 1
1280 1359 1
1483 1630 1
1479 1620 1
1260 1612 1
1403 1560 1
1368 1560 1
1383 1625 1
1417 1438 1
1318 1349 1
1349 1467 1
1349 1380 1
1359 1378 1
1280 1378 1
1378 1573 1
1359 1555 1
1359 1427 1
1327 1450 1
1546 1629 1
1381 1542 1
1381 1553 1
1381 1540 1
1277 1381 1
1381 1415 1
1382 1404 1
1277 1488 1
1488 1540 1
1381 1488 1
1488 1542 1
1415 1488 1
1488 1553 1
1396 1510 1
1506 1510 1
1510 1613 1
1400 1446 1
1328 1446 1
1387 1446 1
1409 1516 1
1486 1516 1
1275 1409 1
1528 1605 1
1413 1595 1
1447 1595 1
1256 1537 1
1537 1633 1
1256 1471 1
1347 1497 1
1594 1617 1
1354 1584 1
1570 1584 1
1314 1354 1
1501 1622 1
1562 1627 1
1275 1360 1
1360 1409 1
1360 1516 1
1249 1488 1
1249 1540 1
1249 1381 1
1249 1542 1
1249 1415 1
1249 1553 1
1249 1277 1
1347 1499 1
1497 1499 1
1327 1533 1
1450 1533 1
1377 1408 1
1252 1408 1
1408 1565 1
1429 1562 1
1429 1627 1
1426 1477 1
1477 1596 1
1501 1623 1
1622 1623 1
1417 1612 1
1438 1612 1
1260 1417 1
1556 1594 1
1556 1617 1
1412 1500 1
1320 1412 1
1374 1412 1
1412 1534 1
1262 1562 1
1262 1627 1
1262 1429 1
1449 1454 1
1385 1519 1
1238 1385 1
1382 1621 1
1404 1621 1
1368 1510 1
1510 1560 1
1403 1510 1
1368 1506 1
1368 1613 1
1368 1396 1
1320 1429 1
1412 1429 1
1429 1500 1
1374 1429 1
1262 1320 1
1320 1562 1
1320 1627 1
1398 1551 1
1259 1440 1
1259 1357 1
1292 1470 1
1464 1581 1
1296 1464 1
1875 1971 1
1882 1946 1
1726 1881 1
1948 1956 1
1753 1973 1
1896 1948 1
1896 1956 1
1662 1818 1
1848 2037 1
1733 2032 1
1774 2010 1
1699 1839 1
1637 1961 1
1751 1800 1
1885 1911 1
1999 2000 1
1780 2002 1
1760 1835 1
1788 1884 1
1935 2022 1
1706 1802 1
2024 2061 1
1826 1940 1
1687 1972 1
1778 1797 1
1915 1928 1
1643 1942 1
1885 2001 1
1911 2001 1
1676 1993 1
1774 1999 1
1999 2010 1
1774 2000 1
1702 1992 1
1878 1970 1
1856 2027 1
1745 1995 1
1648 1728 1
1888 1944 1
1811 2037 1
1811 1848 1
1886 1978 1
1974 2036 1
1716 1943 1
1750 2001 1
1750 1885 1
1750 1911 1
1724 1904 1
1716 2008 1
1943 2008 1
1833 1874 1
1694 1824 1
1766 2045 1
1789 1986 1
1993 2018 1
1676 2018 1
1700 1829 1
1896 2054 1
1956 2054 1
1948 2054 1
1674 1753 1
1674 1973 1
1808 1999 1
1808 2000 1
1808 2010 1
1774 1808 1
1847 2010 1
1808 1847 1
1774 1847 1
1847 1999 1
1639 1953 1
1645 1779 1
1776 1839 1
1699 1776 1
1677 2048 1
1729 1847 1
1729 1808 1
1729 2010 1
1729 1774 1
1729 1999 1
1861 2015 1
1806 1877 1
1696 1806 1
1696 1877 1
1811 1892 1
1848 1892 1
1892 2037 1
1960 2008 1
1716 1960 1
1943 1960 1
1758 1982 1
1648 1718 1
1718 1728 1
1652 1811 1
1652 1848 1
1652 1892 1
1652 2037 1
1852 1952 1
1728 1987 1
1648 1987 1
1718 1987 1
1817 1828 1
1644 1712 1
1722 1952 1
1722 1852 1
1636 1825 1
1921 2019 1
1794 1809 1
1846 2025 1
1655 1680 1
1663 1767 1
1870 1933 1
1954 2000 1
1808 1954 1
1774 1954 1
1954 1999 1
1815 1876 1
1733 1907 1
1907 2032 1
1692 1930 1
1838 2036 1
1838 1974 1
1986 2007 1
1789 2007 1
1825 1965 1
1636 1965 1
1775 1817 1
1775 1828 1
1671 1798 1
1716 1920 1
1920 2008 1
1920 1960 1
1920 1943 1
1643 1674 1
1674 1942 1
1643 1753 1
1643 1973 1
1953 2041 1
1639 2041 1
1644 1905 1
1712 1905 1
1909 1922 1
1670 1904 1
1670 1724 1
1841 1914 1
2016 2033 1
1702 1906 1
1906 1992 1
1796 1979 1
1660 1804 1
1727 1935 1
1727 2022 1
1667 1830 1
1751 1996 1
1800 1996 1
1829 1870 1
1700 1870 1
1829 1933 1
1646 1734 1
1726 1970 1
1881 1970 1
1726 1878 1
1740 1831 1
1760 1837 1
1835 1837 1
1962 2011 1
1654 1667 1
1654 1830 1
1684 1866 1
1983 2050 1
1645 1914 1
1779 1914 1
1645 1841 1
1940 1961 1
1826 1961 1
1637 1940 1
1644 2044 1
1712 2044 1
1905 2044 1
1792 1882 1
1792 1946 1
1864 1872 1
1933 2029 1
1829 2029 1
1870 2029 1
1736 2012 1
1725 1811 1
1725 1848 1
1652 1725 1
1725 1892 1
1725 2037 1
1778 2044 1
1797 2044 1
1712 1778 1
1778 1905 1
1644 1778 1
1738 1773 1
1710 2064 1
1919 2008 1
1919 1960 1
1919 1920 1
1716 1919 1
1919 1943 1
1690 1937 1
1817 1862 1
1828 1862 1
1775 1862 1
1871 1876 1
1815 1871 1
1698 1727 1
1698 2022 1
1698 1935 1
1819 1982 1
1758 1819 1
1701 1899 1
2078 2249 1
2407 2422 1
2251 2284 1
2159 2365 1
2136 2207 1
2081 2243 1
2325 2415 1
2231 2349 1
2227 2399 1
2080 2399 1
2080 2227 1
2275 2286 1
2167 2174 1
2237 2359 1
2353 2412 1
2156 2226 1
2211 2349 1
2211 2231 1
2102 2280 1
2179 2422 1
2179 2407 1
2112 2170 1
2092 2256 1
2157 2290 1
2117 2398 1
2115 2314 1
2123 2212 1
2075 2097 1
2081 2312 1
2243 2312 1
2348 2375 1
2147 2150 1
2127 2135 1
2260 2381 1
2252 2406 1
2355 2360 1
2310 2416 1
2163 2314 1
2115 2163 1
2106 2282 1
2144 2382 1
2095 2292 1
2134 2311 1
2302 2336 1
2108 2203 1
2111 2368 1
2277 2349 1
2211 2277 1
2231 2277 1
2179 2341 1
2341 2422 1
2341 2407 1
2176 2418 1
2076 2163 1
2076 2314 1
2076 2115 1
2306 2368 1
2111 2306 1
2196 2214 1
2076 2421 1
2314 2421 1
2163 2421 1
2115 2421 1
2125 2131 1
2172 2372 1
2306 2362 1
2362 2368 1
2111 2362 1
2155 2412 1
2155 2353 1
2107 2173 1
2196 2342 1
2214 2342 1
2203 2377 1
2108 2377 1
2334 2401 1
2108 2215 1
2215 2377 1
2203 2215 1
2178 2281 1
2243 2311 1
2311 2312 1
2081 2311 1
2134 2243 1
2140 2256 1
2092 2140 1
2067 2251 1
2067 2284 1
2124 2325 1
2124 2415 1
2084 2119 1
2302 2424 1
2336 2424 1
2066 2131 1
2066 2125 1
2239 2349 1
2211 2239 1
2239 2277 1
2231 2239 1
2089 2423 1
2167 2270 1
2174 2270 1
2342 2408 1
2196 2408 1
2214 2408 1
2131 2156 1
2066 2156 1
2125 2156 1
2131 2226 1
2178 2391 1
2281 2391 1
2160 2284 1
2067 2160 1
2160 2251 1
2237 2312 1
2312 2359 1
2081 2237 1
2237 2243 1
2237 2311 1
2146 2293 1
2083 2216 1
2210 2215 1
2210 2377 1
2203 2210 1
2108 2210 1
2337 2414 1
2075 2082 1
2082 2097 1
2332 2359 1
2312 2332 1
2237 2332 1
2113 2319 1
2288 2297 1
2130 2412 1
2130 2353 1
2130 2155 1
2128 2354 1
2168 2220 1
2281 2394 1
2178 2394 1
2391 2394 1
2294 2310 1
2294 2416 1
2359 2414 1
2312 2414 1
2332 2414 1
2237 2414 1
2337 2359 1
2181 2245 1
2252 2335 1
2335 2406 1
2068 2388 1
2294 2336 1
2336 2416 1
2310 2336 1
2294 2424 1
2294 2302 1
2326 2346 1
2093 2299 1
2197 2355 1
2197 2360 1
2164 2394 1
2164 2281 1
2164 2178 1
2164 2391 1
2245 2410 1
2181 2410 1
2069 2272 1
2071 2088 1
2347 2362 1
2347 2368 1
2306 2347 1
2111 2347 1
2145 2409 1
2157 2340 1
2290 2340 1
2119 2183 1
2084 2183 1
2205 2288 1
2205 2297 1
2612 2624 1
2613 2724 1
2509 2613 1
2509 2724 1
2529 2532 1
2487 2799 1
2552 2774 1
2496 2519 1
2600 2694 1
2536 2781 1
2673 2714 1
2443 2800 1
2459 2570 1
2504 2508 1
2477 2730 1
2473 2717 1
2496 2566 1
2519 2566 1
2480 2574 1
2711 2753 1
2602 2764 1
2589 2649 1
2503 2654 1
2478 2498 1
2576 2586 1
2665 2770 1
2534 2796 1
2438 2531 1
2486 2779 1
2500 2588 1
2598 2613 1
2598 2724 1
2509 2598 1
2503 2513 1
2513 2654 1
2428 2496 1
2428 2566 1
2428 2519 1
2487 2505 1
2505 2799 1
2560 2640 1
2567 2682 1
2433 2474 1
2475 2539 1
2590 2769 1
2524 2607 1
2440 2749 1
2456 2593 1
2684 2708 1
2631 2690 1
2702 2739 1
2577 2615 1
2518 2801 1
2720 2781 1
2536 2720 1
2545 2761 1
2545 2787 1
2761 2787 1
2494 2504 1
2494 2508 1
2514 2689 1
2721 2741 1
2761 2788 1
2545 2788 1
2787 2788 1
2528 2700 1
2639 2647 1
2474 2732 1
2433 2732 1
2531 2764 1
2438 2764 1
2531 2602 1
2525 2567 1
2525 2682 1
2707 2776 1
2487 2631 1
2505 2631 1
2631 2799 1
2487 2690 1
2575 2591 1
2513 2594 1
2594 2654 1
2503 2594 1
2639 2709 1
2647 2709 1
2592 2671 1
2656 2755 1
2487 2762 1
2505 2762 1
2690 2762 1
2631 2762 1
2762 2799 1
2788 2793 1
2761 2793 1
2787 2793 1
2545 2793 1
2655 2664 1
2587 2603 1
2582 2660 1
2655 2724 1
2664 2724 1
2613 2655 1
2598 2655 1
2509 2655 1
2515 2681 1
2754 2762 1
2690 2754 1
2631 2754 1
2505 2754 1
2754 2799 1
2487 2754 1
2523 2572 1
2588 2647 1
2500 2647 1
2588 2709 1
2588 2639 1
2502 2692 1
2659 2796 1
2534 2659 1
2598 2760 1
2655 2760 1
2724 2760 1
2613 2760 1
2509 2760 1
2487 2703 1
2703 2754 1
2631 2703 1
2505 2703 1
2703 2762 1
2690 2703 1
2703 2799 1
2723 2750 1
2528 2774 1
2700 2774 1
2528 2552 1
2451 2786 1
2694 2734 1
2600 2734 1
2440 2589 1
2589 2749 1
2440 2649 1
2538 2542 1
2530 2788 1
2530 2761 1
2530 2793 1
2530 2787 1
2530 2545 1
2526 2701 1
2570 2743 1
2459 2743 1
2435 2697 1
2686 2724 1
2598 2686 1
2664 2686 1
2509 2686 1
2686 2760 1
2613 2686 1
2655 2686 1
2470 2762 1
2470 2690 1
2470 2631 1
2470 2505 1
2470 2754 1
2470 2799 1
2470 2487 1
2470 2703 1
2503 2571 1
2513 2571 1
2571 2594 1
2571 2654 1
2657 2674 1
2480 2780 1
2574 2780 1
2519 2572 1
2496 2572 1
2428 2572 1
2566 2572 1
2519 2523 1
2442 2770 1
2442 2665 1
2486 2574 1
2574 2779 1
2480 2486 1
2486 2780 1
2455 2701 1
2455 2526 1
2615 2642 1
2577 2642 1
2647 2743 1
2500 2743 1
2588 2743 1
2709 2743 1
2639 2743 1
2570 2647 1
2459 2647 1
2832 2993 1
2812 3014 1
2829 3117 1
2864 3201 1
2923 3025 1
2901 3210 1
3176 3185 1
3128 3214 1
2906 3134 1
2930 2943 1
2915 3127 1
2864 2946 1
2946 3201 1
2986 3173 1
3053 3159 1
2809 3059 1
2926 3151 1
2827 2942 1
3165 3212 1
3172 3216 1
2828 3096 1
3005 3094 1
2929 2992 1
2887 2919 1
2971 3003 1
2893 3157 1
2803 2982 1
3102 3223 1
2996 3138 1
2906 3152 1
3134 3152 1
2832 3212 1
2993 3212 1
2832 3165 1
2869 3147 1
2834 3144 1
3131 3150 1
2810 3053 1
2810 3159 1
3147 3224 1
2869 3224 1
2859 3023 1
2997 3071 1
2803 2878 1
2878 2982 1
2972 3186 1
2834 3054 1
3054 3144 1
2853 3004 1
2913 3033 1
2803 3048 1
2878 3048 1
2982 3048 1
3154 3226 1
3052 3088 1
2907 3080 1
3047 3183 1
3098 3135 1
2997 3191 1
3071 3191 1
2991 3043 1
3129 3152 1
2906 3129 1
3129 3134 1
2880 2897 1
2895 3165 1
2832 2895 1
2895 3212 1
2899 3078 1
3008 3077 1
2897 3006 1
2880 3006 1
2803 3031 1
3031 3048 1
2878 3031 1
2982 3031 1
2916 3157 1
2893 2916 1
2847 2904 1
2889 2918 1
3068 3216 1
3068 3172 1
2974 3051 1
2953 3182 1
2810 3023 1
3023 3053 1
3023 3159 1
2810 2859 1
3074 3201 1
2864 3074 1
2946 3074 1
2864 3133 1
3133 3201 1
2946 3133 1
3074 3133 1
3133 3209 1
2864 3209 1
3201 3209 1
2946 3209 1
3074 3209 1
2846 2986 1
2846 3173 1
2914 3221 1
2834 3151 1
3144 3151 1
3054 3151 1
2834 2926 1
3034 3052 1
3034 3088 1
2875 3158 1
3094 3132 1
3005 3132 1
2850 3118 1
2931 2959 1
2865 2880 1
2865 2897 1
2865 3006 1
2917 3006 1
2880 2917 1
2897 2917 1
2865 2917 1
2872 2993 1
2832 2872 1
2872 3212 1
3077 3127 1
3008 3127 1
2915 3077 1
3049 3079 1
3011 3071 1
2997 3011 1
3011 3191 1
2830 2975 1
2941 3122 1
2911 3159 1
2810 2911 1
2911 3053 1
2911 3023 1
2997 3128 1
3128 3191 1
3011 3128 1
3071 3128 1
2997 3214 1
3004 3182 1
2853 3182 1
2953 3004 1
3131 3158 1
3150 3158 1
2875 3131 1
3013 3166 1
2930 3033 1
2943 3033 1
2913 2930 1
2841 2970 1
2892 3224 1
2892 3147 1
2869 2892 1
2925 3056 1
3014 3105 1
2812 3105 1
2829 3053 1
3053 3117 1
2829 3023 1
2829 3159 1
2810 2829 1
2829 2911 1
3019 3225 1
2856 2889 1
2856 2918 1
3038 3192 1
2871 3187 1
2886 2990 1
2874 3020 1
2876 2880 1
2876 2897 1
2876 2917 1
2876 3006 1
2865 2876 1
2960 2987 1
2810 3072 1
2859 3072 1
2829 3072 1
3023 3072 1
3072 3159 1
3053 3072 1
2911 3072 1
2825 3179 1
3068 3155 1
3155 3216 1
3155 3172 1
3138 3210 1
2996 3210 1
2901 3138 1
2936 3169 1
2922 3026 1
3049 3206 1
3079 3206 1
3038 3087 1
3087 3192 1
2812 2925 1
2925 3105 1
2925 3014 1
2812 3056 1
2820 3001 1
3169 3193 1
2936 3193 1
2824 3227 1
2918 3122 1
2856 3122 1
2889 3122 1
2918 2941 1
2913 2997 1
2997 3033 1
2930 2997 1
2913 3011 1
2913 3214 1
2913 3191 1
2913 3128 1
2913 3071 1
3361 3423 1
3477 3536 1
3339 3589 1
3255 3564 1
3493 3534 1
3450 3502 1
3299 3592 1
3384 3527 1
3341 3426 1
3342 3529 1
3287 3375 1
3504 3580 1
3313 3534 1
3313 3493 1
3375 3561 1
3287 3561 1
3394 3408 1
3287 3499 1
3499 3561 1
3375 3499 1
3308 3550 1
3348 3567 1
3335 3508 1
3241 3319 1
3300 3441 1
3441 3592 1
3300 3592 1
3299 3441 1
3234 3439 1
3540 3554 1
3331 3354 1
3258 3361 1
3258 3423 1
3332 3562 1
3475 3564 1
3255 3475 1
3491 3565 1
3246 3489 1
3312 3452 1
3290 3408 1
3290 3394 1
3509 3553 1
3232 3454 1
3370 3488 1
3377 3587 1
3403 3513 1
3247 3590 1
3305 3565 1
3305 3491 1
3414 3454 1
3232 3414 1
3496 3503 1
3290 3308 1
3308 3408 1
3308 3394 1
3290 3550 1
3262 3478 1
3359 3386 1
3295 3345 1
3302 3552 1
3264 3306 1
3385 3476 1
3248 3487 1
3474 3487 1
3248 3474 1
3290 3568 1
3408 3568 1
3394 3568 1
3308 3568 1
3550 3568 1
3236 3546 1
3390 3555 1
3417 3559 1
3553 3591 1
3509 3591 1
3395 3434 1
3485 3526 1
3260 3422 1
3394 3508 1
3408 3508 1
3508 3568 1
3290 3508 1
3308 3508 1
3335 3394 1
3316 3448 1
3435 3586 1
3260 3401 1
3401 3422 1
3481 3483 1
3290 3302 1
3302 3568 1
3302 3394 1
3302 3308 1
3302 3408 1
3302 3508 1
3302 3550 1
3290 3552 1
3386 3391 1
3359 3391 1
3363 3532 1
3312 3334 1
3334 3452 1
3455 3584 1
3250 3578 1
3459 3589 1
3339 3459 1
3350 3468 1
3263 3496 1
3263 3503 1
3369 3474 1
3248 3369 1
3369 3487 1
3234 3504 1
3439 3504 1
3234 3580 1
3314 3453 1
3316 3442 1
3442 3448 1
3462 3467 1
3438 3449 1
3360 3479 1
3408 3580 1
3394 3580 1
3302 3580 1
3308 3580 1
3568 3580 1
3508 3580 1
3290 3580 1
3234 3408 1
3408 3504 1
3403 3569 1
3513 3569 1
3367 3547 1
3287 3392 1
3392 3561 1
3392 3499 1
3375 3392 1
3315 3555 1
3315 3390 1
3276 3497 1
3333 3484 1
3373 3591 1
3373 3553 1
3373 3509 1
3304 3587 1
3304 3377 1
3253 3312 1
3253 3452 1
3253 3334 1
3344 3541 1
3396 3525 1
3274 3547 1
3274 3367 1
3388 3525 1
3388 3396 1
3432 3552 1
3290 3432 1
3302 3432 1
3311 3482 1
3449 3571 1
3438 3571 1
3278 3318 1
3294 3432 1
3294 3552 1
3290 3294 1
3294 3302 1
3271 3490 1
3347 3593 1
3393 3477 1
3393 3536 1
3504 3556 1
3408 3556 1
3234 3556 1
3556 3580 1
3439 3556 1
3381 3541 1
3344 3381 1
3415 3510 1
3253 3533 1
3312 3533 1
3452 3533 1
3334 3533 1
3669 3953 1
3831 3900 1
3860 3984 1
3774 3835 1
3776 3894 1
3727 3965 1
3895 3973 1
3658 3718 1
3941 3985 1
3792 3881 1
3642 3943 1
3743 3793 1
3914 3927 1
3650 3669 1
3650 3953 1
3912 3986 1
3606 3750 1
3604 3959 1
3651 3737 1
3636 3867 1
3882 3898 1
3761 3915 1
3750 3968 1
3606 3968 1
3783 3905 1
3924 3989 1
3836 3867 1
3636 3836 1
3850 3936 1
3667 3969 1
3766 3970 1
3636 3865 1
3865 3867 1
3836 3865 1
3610 3617 1
3652 3847 1
3647 3687 1
3688 3806 1
3637 3675 1
3679 3964 1
3857 3914 1
3857 3927 1
3771 3810 1
3654 3840 1
3761 3935 1
3915 3935 1
3605 3958 1
3683 3738 1
3904 3987 1
3621 3924 1
3621 3989 1
3658 3774 1
3718 3774 1
3658 3835 1
3876 3946 1
3603 3784 1
3756 3973 1
3756 3895 1
3610 3800 1
3617 3800 1
3895 3921 1
3756 3921 1
3921 3973 1
3622 3687 1
3622 3647 1
3801 3997 1
3649 3966 1
3761 3930 1
3915 3930 1
3930 3935 1
3929 3984 1
3860 3929 1
3607 3613 1
3662 3827 1
3634 3801 1
3634 3997 1
3658 3736 1
3736 3835 1
3736 3774 1
3718 3736 1
3740 3945 1
3629 3883 1
3925 3967 1
3644 3681 1
3746 3758 1
3795 3925 1
3795 3967 1
3618 3845 1
3677 3932 1
3690 3739 1
3612 3892 1
3755 3804 1
3599 3770 1
3720 3932 1
3677 3720 1
3786 3908 1
3599 3626 1
3626 3770 1
3714 3866 1
3677 3949 1
3720 3949 1
3932 3949 1
3833 3881 1
3792 3833 1
3773 3947 1
3717 3757 1
3834 3959 1
3604 3834 1
3682 3722 1
3906 3981 1
3841 3963 1
3904 3920 1
3920 3987 1
3731 3886 1
3872 3875 1
3606 3853 1
3853 3968 1
3750 3853 1
3741 3841 1
3741 3963 1
3743 3857 1
3793 3857 1
3743 3914 1
3743 3927 1
3893 3909 1
3632 3922 1
3892 3990 1
3612 3990 1
3631 3787 1
3634 3747 1
3747 3801 1
3747 3997 1
3719 3852 1
3958 3987 1
3605 3987 1
3904 3958 1
3920 3958 1
3641 3797 1
3596 3837 1
3668 3905 1
3668 3783 1
3633 3999 1
3827 3898 1
3662 3898 1
3827 3882 1
3608 3710 1
3666 3840 1
3654 3666 1
3858 3860 1
3858 3984 1
3858 3929 1
3703 3968 1
3606 3703 1
3703 3750 1
3703 3853 1
3691 3807 1
3676 3686 1
3768 3820 1
3889 3982 1
3795 3901 1
3901 3925 1
3901 3967 1
3717 3997 1
3757 3997 1
3717 3801 1
3634 3717 1
3717 3747 1
3642 3673 1
3673 3943 1
3744 3790 1
3612 3803 1
3803 3892 1
3803 3990 1
3756 3951 1
3921 3951 1
3951 3973 1
3895 3951 1
3849 3966 1
3649 3849 1
3656 3697 1
3887 3985 1
3887 3941 1
3672 3782 1
3608 3870 1
3710 3870 1
3886 3889 1
3731 3889 1
3886 3982 1
3703 3806 1
3806 3968 1
3750 3806 1
3606 3806 1
3806 3853 1
3688 3703 1
3886 3916 1
3889 3916 1
3731 3916 1
3916 3982 1
3844 3875 1
3844 3872 1
3772 3860 1
3772 3984 1
3772 3929 1
3772 3858 1
213 316 1
157 309 1
265 352 1
67 232 1
239 286 1
91 98 1
140 200 1
40 284 1
70 254 1
229 318 1
162 309 1
157 162 1
100 238 1
121 246 1
12 259 1
225 236 1
39 256 1
240 361 1
140 192 1
192 200 1
26 62 1
87 320 1
212 224 1
28 90 1
247 335 1
162 248 1
248 309 1
157 248 1
210 238 1
100 210 1
50 110 1
100 306 1
210 306 1
238 306 1
342 351 1
94 354 1
93 133 1
187 301 1
163 257 1
85 167 1
181 183 1
63 185 1
8 357 1
42 307 1
63 176 1
176 185 1
201 272 1
31 200 1
31 192 1
31 140 1
92 158 1
60 66 1
79 251 1
175 320 1
87 175 1
260 343 1
222 235 1
51 138 1
76 195 1
176 225 1
185 225 1
63 225 1
176 236 1
44 172 1
121 174 1
174 246 1
156 343 1
156 260 1
36 211 1
165 301 1
165 187 1
48 245 1
182 243 1
66 309 1
60 309 1
66 248 1
66 162 1
66 157 1
71 195 1
71 76 1
92 294 1
158 294 1
133 301 1
93 301 1
133 187 1
133 165 1
277 305 1
0 168 1
77 299 1
30 198 1
77 154 1
154 299 1
267 306 1
210 267 1
100 267 1
238 267 1
56 240 1
56 361 1
67 151 1
151 232 1
64 348 1
19 57 1
255 289 1
4 181 1
4 183 1
282 352 1
265 282 1
229 299 1
299 318 1
154 229 1
77 229 1
5 327 1
46 198 1
30 46 1
33 238 1
33 210 1
33 267 1
33 100 1
33 306 1
28 105 1
90 105 1
34 224 1
34 212 1
1 312 1
91 292 1
98 292 1
146 352 1
146 265 1
146 282 1
24 139 1
304 308 1
299 303 1
154 303 1
77 303 1
303 318 1
229 303 1
149 261 1
94 104 1
104 354 1
65 173 1
33 287 1
100 287 1
267 287 1
287 306 1
238 287 1
210 287 1
307 345 1
42 345 1
233 234 1
143 201 1
143 272 1
8 91 1
91 357 1
8 98 1
8 292 1
227 318 1
227 299 1
227 229 1
227 303 1
7 331 1
46 277 1
30 277 1
198 277 1
46 305 1
13 63 1
13 176 1
13 185 1
13 225 1
17 305 1
17 277 1
17 46 1
86 94 1
86 104 1
86 354 1
1 286 1
286 312 1
1 239 1
23 343 1
23 156 1
23 260 1
336 354 1
104 336 1
86 336 1
94 336 1
2012 3828 -1
1736 3828 -1
1577 2423 -1
1577 2089 -1
515 2072 -1
712 2072 -1
617 2072 -1
445 2072 -1
2782 3482 -1
2782 3311 -1
1023 1358 -1
1113 1358 -1
1123 1358 -1
965 1358 -1
1227 1358 -1
1832 2470 -1
1832 2754 -1
1832 2631 -1
1832 2505 -1
1832 2762 -1
1832 2690 -1
1832 2799 -1
1832 2487 -1
1832 2703 -1
927 3160 -1
1200 3160 -1
1120 3160 -1
1123 1487 -1
1113 1487 -1
1227 1487 -1
1023 1487 -1
1208 1415 -1
1112 1415 -1
1021 1415 -1
1208 1249 -1
1208 1540 -1
1208 1381 -1
1208 1542 -1
1208 1488 -1
1208 1553 -1
1208 1277 -1
448 1790 -1
1297 3713 -1
1379 3713 -1
552 3177 -1
1841 3848 -1
1914 3848 -1
1645 3848 -1
142 518 -1
142 793 -1
142 642 -1
142 771 -1
142 367 -1
3509 3702 -1
3553 3702 -1
3373 3702 -1
3591 3702 -1
1476 3424 -1
1288 3424 -1
2018 3959 -1
1993 3959 -1
1676 3959 -1
2018 3834 -1
2018 3604 -1
934 2067 -1
934 2160 -1
934 2251 -1
934 2284 -1
553 1021 -1
553 1208 -1
553 1112 -1
2191 3553 -1
2191 3373 -1
2191 3509 -1
2191 3591 -1
1161 1663 -1
936 1663 -1
1161 1767 -1
1072 3271 -1
1072 3490 -1
2945 3606 -1
2945 3968 -1
2945 3806 -1
2945 3853 -1
2945 3750 -1
2945 3703 -1
605 3156 -1
1033 3501 -1
3188 3883 -1
3188 3629 -1
3163 3945 -1
3163 3740 -1
454 3241 -1
454 3319 -1
1551 2581 -1
1398 2581 -1
2177 2426 -1
3579 3867 -1
3579 3836 -1
3579 3636 -1
3579 3865 -1
1913 3845 -1
1913 3618 -1
556 3204 -1
91 3430 -1
8 3430 -1
98 3430 -1
292 3430 -1
357 3430 -1
819 1155 -1
819 1135 -1
529 3241 -1
529 3319 -1
472 1150 -1
508 1150 -1
814 1150 -1
431 1150 -1
1632 2140 -1
1632 2256 -1
1632 2092 -1
678 887 -1
678 1043 -1
678 1091 -1
678 1015 -1
678 906 -1
678 1099 -1
678 1004 -1
678 974 -1
678 913 -1
678 1075 -1
678 980 -1
678 1054 -1
678 951 -1
678 825 -1
678 955 -1
678 829 -1
678 963 -1
1318 3732 -1
1467 3732 -1
1380 3732 -1
1349 3732 -1
1583 2371 -1
1489 2371 -1
653 1040 -1
545 1040 -1
1968 3918 -1
1906 3649 -1
1992 3649 -1
1702 3649 -1
1906 3849 -1
1906 3966 -1
528 3384 -1
528 3527 -1
545 895 -1
653 895 -1
373 2726 -1
2342 3420 -1
2408 3420 -1
2196 3420 -1
2214 3420 -1
1615 2089 -1
1615 2423 -1
693 1799 -1
1862 3987 -1
1817 3987 -1
1828 3987 -1
1775 3987 -1
1862 3904 -1
1862 3920 -1
1862 3605 -1
1862 3958 -1
218 2967 -1
1711 2930 -1
1711 3033 -1
1711 2997 -1
1711 2913 -1
1711 2943 -1
2012 3895 -1
1736 3895 -1
2012 3921 -1
2012 3756 -1
2012 3973 -1
2012 3951 -1
1703 2117 -1
1703 2398 -1
1099 3543 -1
887 3543 -1
963 3543 -1
906 3543 -1
951 3543 -1
1004 3543 -1
974 3543 -1
913 3543 -1
1043 3543 -1
1015 3543 -1
955 3543 -1
829 3543 -1
1054 3543 -1
3174 3983 -1
1582 3957 -1
2028 2932 -1
1048 2065 -1
65 2076 -1
173 2076 -1
65 2314 -1
65 2163 -1
65 2115 -1
65 2421 -1
1247 2249 -1
1247 2078 -1
680 3249 -1
322 1035 -1
1822 3907 -1
2294 2955 -1
2416 2955 -1
2336 2955 -1
2302 2955 -1
2310 2955 -1
2424 2955 -1
1417 3768 -1
1260 3768 -1
1612 3768 -1
1438 3768 -1
1417 3820 -1
981 3464 -1
504 1790 -1
1255 2231 -1
1255 2211 -1
1255 2239 -1
1255 2349 -1
1255 2277 -1
599 3348 -1
599 3567 -1
1691 3804 -1
1691 3755 -1
3130 3898 -1
3130 3882 -1
3130 3827 -1
3130 3662 -1
1211 1479 -1
1132 1479 -1
1195 1479 -1
923 1479 -1
1102 1479 -1
1151 1479 -1
1211 1620 -1
2804 3654 -1
2804 3840 -1
2804 3666 -1
721 3332 -1
721 3562 -1
1927 3763 -1
3208 3332 -1
3208 3562 -1
519 923 -1
773 923 -1
778 923 -1
728 923 -1
629 923 -1
696 923 -1
383 923 -1
519 1211 -1
519 1132 -1
519 1195 -1
519 1102 -1
519 1151 -1
114 1174 -1
2337 3957 -1
2414 3957 -1
2359 3957 -1
917 3314 -1
862 3314 -1
917 3453 -1
1884 2930 -1
1788 2930 -1
1884 3033 -1
1884 2997 -1
1884 2913 -1
1884 2943 -1
2348 3468 -1
2375 3468 -1
2348 3350 -1
1631 2289 -1
478 1204 -1
276 2661 -1
243 2712 -1
182 2712 -1
1099 1624 -1
887 1624 -1
963 1624 -1
906 1624 -1
951 1624 -1
1004 1624 -1
974 1624 -1
913 1624 -1
1043 1624 -1
1015 1624 -1
955 1624 -1
829 1624 -1
1054 1624 -1
2288 3605 -1
2297 3605 -1
2205 3605 -1
2288 3987 -1
2288 3958 -1
1746 2906 -1
1746 3152 -1
1746 3129 -1
1746 3134 -1
1678 2678 -1
26 2472 -1
62 2472 -1
1229 1722 -1
1089 1722 -1
1116 1722 -1
1229 1952 -1
1229 1852 -1
1897 2735 -1
1943 2827 -1
2008 2827 -1
1960 2827 -1
1920 2827 -1
1716 2827 -1
1919 2827 -1
1943 2942 -1
1288 3265 -1
1476 3265 -1
860 3501 -1
1296 2099 -1
1464 2099 -1
1581 2099 -1
2035 3622 -1
2035 3647 -1
2035 3687 -1
299 2542 -1
227 2542 -1
229 2542 -1
77 2542 -1
303 2542 -1
154 2542 -1
318 2542 -1
299 2538 -1
1725 3811 -1
1848 3811 -1
1892 3811 -1
1811 3811 -1
1652 3811 -1
2037 3811 -1
1680 2136 -1
1655 2136 -1
1680 2207 -1
1883 3245 -1
1783 3630 -1
973 1824 -1
973 1694 -1
2246 2668 -1
1532 3353 -1
2178 3315 -1
2281 3315 -1
2394 3315 -1
2164 3315 -1
2391 3315 -1
2178 3555 -1
2178 3390 -1
1288 3247 -1
1476 3247 -1
1288 3590 -1
3065 3627 -1
1944 2804 -1
1888 2804 -1
349 834 -1
1259 2862 -1
1440 2862 -1
1357 2862 -1
1101 3076 -1
1416 3539 -1
493 3158 -1
696 3158 -1
728 3158 -1
778 3158 -1
773 3158 -1
493 3131 -1
493 2875 -1
493 3150 -1
2779 3332 -1
2574 3332 -1
2486 3332 -1
2779 3562 -1
3045 3707 -1
1287 2999 -1
1808 3706 -1
1729 3706 -1
1954 3706 -1
1774 3706 -1
1999 3706 -1
2000 3706 -1
1847 3706 -1
2010 3706 -1
2099 3646 -1
1927 3938 -1
280 2468 -1
421 1041 -1
421 995 -1
578 3381 -1
578 3344 -1
578 3541 -1
1416 2222 -1
2855 3807 -1
2855 3691 -1
311 2508 -1
311 2504 -1
311 2494 -1
2022 2538 -1
1698 2538 -1
1727 2538 -1
1935 2538 -1
2022 2542 -1
3350 3726 -1
3468 3726 -1
208 1217 -1
718 868 -1
705 1571 -1
705 1430 -1
3546 3852 -1
3236 3852 -1
3546 3719 -1
652 3092 -1
681 3092 -1
466 3092 -1
573 3092 -1
458 3092 -1
453 3092 -1
387 1482 -1
2416 3677 -1
2336 3677 -1
2294 3677 -1
2310 3677 -1
2416 3720 -1
2416 3932 -1
2416 3949 -1
984 3053 -1
1180 3053 -1
984 3072 -1
984 2829 -1
984 3117 -1
984 3023 -1
984 3159 -1
984 2810 -1
984 2911 -1
1527 2247 -1
1419 2247 -1
1050 1355 -1
203 3605 -1
203 3987 -1
203 3958 -1
2158 3872 -1
2158 3875 -1
2158 3844 -1
1577 2289 -1
532 3788 -1
1244 2247 -1
748 2933 -1
796 3841 -1
368 3841 -1
625 3841 -1
796 3963 -1
796 3741 -1
617 934 -1
712 934 -1
515 934 -1
445 934 -1
1697 3160 -1
142 517 -1
796 963 -1
368 963 -1
625 963 -1
796 887 -1
796 1075 -1
796 1091 -1
796 906 -1
796 1099 -1
796 1004 -1
796 974 -1
796 913 -1
796 1043 -1
796 980 -1
796 951 -1
796 1015 -1
796 825 -1
796 955 -1
796 829 -1
796 1054 -1
1096 3824 -1
1224 3824 -1
1064 3824 -1
842 3824 -1
1068 3824 -1
989 3824 -1
478 850 -1
423 2347 -1
423 2368 -1
423 2362 -1
423 2306 -1
423 2111 -1
1983 3642 -1
2050 3642 -1
1983 3673 -1
1983 3943 -1
881 2061 -1
1104 2061 -1
1109 2061 -1
1047 2061 -1
881 2024 -1
927 2312 -1
1200 2312 -1
1120 2312 -1
927 2081 -1
927 2243 -1
927 2311 -1
927 2414 -1
927 2359 -1
927 2332 -1
927 2237 -1
2410 3291 -1
2245 3291 -1
2181 3291 -1
2011 3598 -1
1962 3598 -1
1831 2933 -1
1740 2933 -1
1959 3611 -1
538 1220 -1
464 1220 -1
3025 3804 -1
2923 3804 -1
3025 3755 -1
1889 3404 -1
710 1154 -1
1362 3543 -1
2266 3543 -1
3167 3804 -1
3167 3755 -1
3147 3719 -1
3224 3719 -1
2892 3719 -1
2869 3719 -1
3147 3852 -1
150 3561 -1
150 3392 -1
150 3287 -1
150 3499 -1
150 3375 -1
599 3222 -1
1474 3383 -1
909 1790 -1
1972 2480 -1
1687 2480 -1
1972 2780 -1
1972 2486 -1
1972 2574 -1
1491 3692 -1
987 1581 -1
1137 1581 -1
987 1296 -1
987 1464 -1
409 1150 -1
2828 3939 -1
3096 3939 -1
877 1479 -1
877 1620 -1
1492 2357 -1
99 3913 -1
588 2072 -1
1059 3178 -1
928 3178 -1
1225 3178 -1
946 3178 -1
849 3178 -1
1959 2329 -1
1780 3728 -1
2002 3728 -1
1713 3712 -1
1180 3092 -1
984 3092 -1
793 3537 -1
771 3537 -1
518 3537 -1
367 3537 -1
1169 3444 -1
479 1154 -1
2090 3425 -1
1915 3907 -1
1928 3907 -1
1697 3264 -1
1697 3306 -1
228 3577 -1
1714 3152 -1
1714 3129 -1
1714 2906 -1
1714 3134 -1
91 1125 -1
8 1125 -1
98 1125 -1
292 1125 -1
357 1125 -1
94 2479 -1
104 2479 -1
336 2479 -1
354 2479 -1
86 2479 -1
1988 3777 -1
567 1543 -1
567 1326 -1
2105 3559 -1
2105 3417 -1
410 3151 -1
410 3144 -1
410 2834 -1
410 3054 -1
410 2926 -1
1514 2172 -1
1521 2172 -1
1453 2172 -1
1514 2372 -1
394 2526 -1
394 2701 -1
394 2455 -1
1112 3533 -1
1208 3533 -1
1021 3533 -1
1112 3312 -1
1112 3452 -1
1112 3253 -1
1112 3334 -1
2251 3568 -1
2160 3568 -1
2067 3568 -1
2284 3568 -1
2251 3394 -1
2251 3302 -1
2251 3308 -1
2251 3408 -1
2251 3508 -1
2251 3290 -1
2251 3580 -1
2251 3550 -1
1246 3195 -1
777 3050 -1
551 3530 -1
713 3530 -1
2330 3488 -1
2330 3370 -1
1787 3965 -1
1787 3727 -1
961 3668 -1
961 3905 -1
961 3783 -1
2200 3240 -1
87 915 -1
320 915 -1
175 915 -1
87 985 -1
87 1013 -1
1379 2209 -1
1297 2209 -1
1929 3819 -1
3183 3664 -1
3047 3664 -1
1186 1433 -1
1186 1590 -1
973 1754 -1
520 3788 -1
1495 3567 -1
1495 3348 -1
2002 2748 -1
1780 2748 -1
1920 3650 -1
2008 3650 -1
1960 3650 -1
1919 3650 -1
1716 3650 -1
1943 3650 -1
1920 3953 -1
1920 3669 -1
1693 3688 -1
1693 3806 -1
1693 3703 -1
1499 3533 -1
1497 3533 -1
1347 3533 -1
1499 3312 -1
1499 3452 -1
1499 3253 -1
1499 3334 -1
1424 3390 -1
1424 3555 -1
1424 3315 -1
2644 3357 -1
3159 3957 -1
3072 3957 -1
2829 3957 -1
3053 3957 -1
2810 3957 -1
3023 3957 -1
2911 3957 -1
437 1021 -1
451 1021 -1
435 1021 -1
437 1208 -1
437 1112 -1
1960 3797 -1
2008 3797 -1
1920 3797 -1
1919 3797 -1
1716 3797 -1
1943 3797 -1
1960 3641 -1
554 3834 -1
612 3834 -1
691 3834 -1
540 3834 -1
537 3834 -1
554 3604 -1
554 3959 -1
3386 3852 -1
3391 3852 -1
3359 3852 -1
3386 3719 -1
1885 3961 -1
2001 3961 -1
1750 3961 -1
1911 3961 -1
756 1234 -1
378 1234 -1
510 1234 -1
815 1234 -1
1333 2079 -1
2157 2510 -1
2290 2510 -1
2340 2510 -1
1639 3177 -1
1953 3177 -1
2041 3177 -1
2254 3373 -1
2254 3553 -1
2254 3509 -1
2254 3591 -1
247 1854 -1
335 1854 -1
1875 3065 -1
1971 3065 -1
101 2160 -1
101 2067 -1
101 2284 -1
101 2251 -1
666 2347 -1
577 2347 -1
402 2347 -1
583 2347 -1
476 2347 -1
591 2347 -1
666 2368 -1
666 2362 -1
666 2306 -1
666 2111 -1
1099 2860 -1
887 2860 -1
963 2860 -1
906 2860 -1
951 2860 -1
1004 2860 -1
974 2860 -1
913 2860 -1
1043 2860 -1
1015 2860 -1
955 2860 -1
829 2860 -1
1054 2860 -1
290 2523 -1
290 2572 -1
290 2519 -1
2055 2843 -1
248 1235 -1
162 1235 -1
66 1235 -1
309 1235 -1
157 1235 -1
2018 3631 -1
1993 3631 -1
1676 3631 -1
2018 3787 -1
3489 3681 -1
3246 3681 -1
3489 3644 -1
1354 3771 -1
1584 3771 -1
1570 3771 -1
1314 3771 -1
1354 3810 -1
1960 3621 -1
2008 3621 -1
1920 3621 -1
1919 3621 -1
1716 3621 -1
1943 3621 -1
1960 3924 -1
1960 3989 -1
1947 3988 -1
768 1077 -1
1992 2534 -1
1906 2534 -1
1702 2534 -1
1992 2659 -1
1992 2796 -1
860 3329 -1
1397 3477 -1
1436 3477 -1
1397 3536 -1
1397 3393 -1
232 1911 -1
67 1911 -1
151 1911 -1
232 2001 -1
232 1885 -1
232 1750 -1
3509 3698 -1
3553 3698 -1
3373 3698 -1
3591 3698 -1
923 3120 -1
1211 3120 -1
1132 3120 -1
1195 3120 -1
1102 3120 -1
1151 3120 -1
941 3206 -1
941 3049 -1
941 3079 -1
1265 3568 -1
1265 3394 -1
1265 3302 -1
1265 3308 -1
1265 3408 -1
1265 3508 -1
1265 3290 -1
1265 3580 -1
1265 3550 -1
668 3092 -1
734 3092 -1
798 3092 -1
2835 3780 -1
1096 3531 -1
1224 3531 -1
1064 3531 -1
842 3531 -1
1068 3531 -1
989 3531 -1
2995 3841 -1
2995 3963 -1
2995 3741 -1
445 3050 -1
712 3050 -1
617 3050 -1
515 3050 -1
2842 3807 -1
2842 3691 -1
470 1042 -1
553 1747 -1
1550 3735 -1
2405 3468 -1
2405 3350 -1
133 1339 -1
165 1339 -1
187 1339 -1
93 1339 -1
301 1339 -1
3481 3732 -1
3483 3732 -1
329 2613 -1
329 2724 -1
329 2598 -1
329 2760 -1
329 2509 -1
329 2686 -1
329 2655 -1
1953 3923 -1
2041 3923 -1
1639 3923 -1
1836 3977 -1
1887 2899 -1
1887 3078 -1
2061 3182 -1
2024 3182 -1
2061 2953 -1
2061 3004 -1
2061 2853 -1
2305 2527 -1
1343 3471 -1
1562 2340 -1
1320 2340 -1
1627 2340 -1
1429 2340 -1
1262 2340 -1
1562 2290 -1
1562 2157 -1
716 891 -1
1007 2168 -1
1007 2220 -1
1693 3661 -1
1461 2371 -1
256 2780 -1
39 2780 -1
256 2480 -1
256 2486 -1
256 2574 -1
2086 2628 -1
66 3483 -1
248 3483 -1
162 3483 -1
60 3483 -1
309 3483 -1
157 3483 -1
66 3481 -1
2337 3602 -1
2414 3602 -1
2359 3602 -1
3017 3874 -1
313 2219 -1
2026 3806 -1
2026 3968 -1
2026 3750 -1
2026 3688 -1
2026 3853 -1
2026 3606 -1
2026 3703 -1
2808 3599 -1
2808 3770 -1
2808 3626 -1
1107 3160 -1
901 3160 -1
3579 3897 -1
422 1085 -1
422 875 -1
1065 1291 -1
3216 3636 -1
3068 3636 -1
3155 3636 -1
3172 3636 -1
3216 3865 -1
3216 3867 -1
3216 3836 -1
2032 2309 -1
1907 2309 -1
1733 2309 -1
423 3594 -1
587 882 -1
747 882 -1
646 882 -1
366 882 -1
2704 3398 -1
950 2045 -1
950 1766 -1
929 2033 -1
1118 2033 -1
1222 2033 -1
929 2016 -1
1091 2673 -1
825 2673 -1
1075 2673 -1
980 2673 -1
963 2673 -1
887 2673 -1
1091 2714 -1
1414 3492 -1
1980 3598 -1
2333 3258 -1
2333 3361 -1
2333 3423 -1
523 1363 -1
466 1363 -1
573 1363 -1
200 1301 -1
192 1301 -1
140 1301 -1
31 1301 -1
200 1270 -1
805 3688 -1
433 3688 -1
805 3806 -1
805 3703 -1
1852 3931 -1
1952 3931 -1
1722 3931 -1
146 1199 -1
352 1199 -1
265 1199 -1
282 1199 -1
1821 3655 -1
1756 3826 -1
826 1886 -1
1198 1886 -1
1231 1886 -1
826 1978 -1
3522 3955 -1
1448 2072 -1
1818 3882 -1
1662 3882 -1
1818 3898 -1
1818 3827 -1
1903 3202 -1
649 2136 -1
649 2207 -1
2078 3264 -1
2249 3264 -1
2078 3306 -1
2938 3698 -1
1348 3462 -1
1348 3467 -1
1056 3191 -1
1056 3128 -1
1056 2913 -1
1056 3011 -1
1056 2997 -1
1056 3071 -1
1575 2140 -1
1575 2256 -1
1575 2092 -1
733 1181 -1
1714 3905 -1
1714 3668 -1
1714 3783 -1
1253 2423 -1
1253 2089 -1
974 1757 -1
963 1757 -1
906 1757 -1
1099 1757 -1
887 1757 -1
1015 1757 -1
951 1757 -1
1054 1757 -1
2402 3495 -1
1276 3237 -1
3549 3726 -1
1714 3577 -1
1444 3443 -1
2992 3617 -1
2929 3617 -1
2992 3800 -1
2992 3610 -1
387 1593 -1
66 3913 -1
248 3913 -1
162 3913 -1
60 3913 -1
309 3913 -1
157 3913 -1
1972 2549 -1
1687 2549 -1
1701 3603 -1
1899 3603 -1
1701 3784 -1
1860 3938 -1
217 3689 -1
1966 3825 -1
142 585 -1
707 1363 -1
684 1363 -1
597 1363 -1
762 3092 -1
239 2411 -1
1 2411 -1
286 2411 -1
1603 3478 -1
1603 3262 -1
90 906 -1
105 906 -1
28 906 -1
90 887 -1
90 963 -1
90 1099 -1
90 974 -1
90 1043 -1
90 951 -1
90 1015 -1
90 955 -1
90 829 -1
90 1054 -1
1285 2184 -1
3042 3788 -1
1422 3007 -1
26 2587 -1
62 2587 -1
26 2603 -1
2284 3434 -1
2067 3434 -1
2160 3434 -1
2251 3434 -1
2284 3395 -1
772 972 -1
516 972 -1
772 1106 -1
772 843 -1
1589 3354 -1
1589 3331 -1
430 1798 -1
430 1671 -1
2190 3423 -1
2190 3361 -1
2190 3258 -1
3195 3675 -1
3195 3637 -1
779 2942 -1
802 2942 -1
779 2827 -1
860 3383 -1
1621 2340 -1
1404 2340 -1
1382 2340 -1
1621 2290 -1
1621 2157 -1
834 1735 -1
1004 3043 -1
963 3043 -1
1099 3043 -1
913 3043 -1
951 3043 -1
887 3043 -1
1054 3043 -1
1004 2991 -1
290 960 -1
493 2495 -1
696 2495 -1
728 2495 -1
778 2495 -1
773 2495 -1
1467 2338 -1
1380 2338 -1
1349 2338 -1
1318 2338 -1
221 2181 -1
221 2410 -1
221 2245 -1
1672 3918 -1
2550 3544 -1
1993 2362 -1
2018 2362 -1
1676 2362 -1
1993 2368 -1
1993 2306 -1
1993 2347 -1
1993 2111 -1
2288 3732 -1
2297 3732 -1
2205 3732 -1
1703 2190 -1
1264 3195 -1
1532 3448 -1
1532 3442 -1
1532 3316 -1
535 1799 -1
1648 3750 -1
1728 3750 -1
1987 3750 -1
1718 3750 -1
1648 3968 -1
1648 3806 -1
1648 3853 -1
1648 3606 -1
1648 3703 -1
586 3447 -1
1992 3786 -1
1906 3786 -1
1702 3786 -1
1992 3908 -1
636 3160 -1
658 3160 -1
501 3160 -1
477 3160 -1
1497 2340 -1
1347 2340 -1
1499 2340 -1
1497 2290 -1
1497 2157 -1
3017 3708 -1
865 1287 -1
1488 3732 -1
1249 3732 -1
1540 3732 -1
1381 3732 -1
1542 3732 -1
1415 3732 -1
1553 3732 -1
1277 3732 -1
2776 3763 -1
2707 3763 -1
1549 3034 -1
1549 3088 -1
1549 3052 -1
1595 3583 -1
1413 3583 -1
1447 3583 -1
2383 3736 -1
2383 3658 -1
2383 3835 -1
2383 3718 -1
2383 3774 -1
416 1085 -1
416 875 -1
254 2707 -1
70 2707 -1
254 2776 -1
131 2485 -1
3078 3905 -1
2899 3905 -1
3078 3668 -1
3078 3783 -1
1826 3767 -1
1961 3767 -1
1940 3767 -1
1962 3308 -1
2011 3308 -1
1962 3568 -1
1962 3394 -1
1962 3302 -1
1962 3408 -1
1962 3508 -1
1962 3290 -1
1962 3580 -1
1962 3550 -1
658 3153 -1
636 3153 -1
501 3153 -1
477 3153 -1
953 1287 -1
2849 3699 -1
1554 3700 -1
1611 3700 -1
1287 2940 -1
623 1987 -1
620 1987 -1
485 1987 -1
623 1728 -1
623 1648 -1
623 1718 -1
1449 3995 -1
1454 3995 -1
1913 3863 -1
1610 3566 -1
823 3093 -1
3356 3852 -1
3356 3719 -1
1418 2269 -1
805 1992 -1
433 1992 -1
805 1906 -1
805 1702 -1
1077 3079 -1
1077 3049 -1
1077 3206 -1
3320 3658 -1
3320 3736 -1
3320 3835 -1
3320 3774 -1
3320 3718 -1
1382 2209 -1
1404 2209 -1
1621 2209 -1
706 972 -1
706 1106 -1
706 843 -1
2059 3789 -1
1972 2554 -1
1687 2554 -1
2167 2510 -1
2270 2510 -1
2174 2510 -1
1889 3640 -1
3382 3662 -1
3382 3898 -1
3382 3827 -1
579 2347 -1
579 2368 -1
579 2362 -1
579 2306 -1
579 2111 -1
399 1529 -1
978 2932 -1
131 2545 -1
131 2761 -1
131 2530 -1
131 2787 -1
131 2788 -1
131 2793 -1
2035 3893 -1
2035 3909 -1
1794 3834 -1
1809 3834 -1
1794 3604 -1
1794 3959 -1
1382 2160 -1
1404 2160 -1
1621 2160 -1
1382 2067 -1
1382 2284 -1
1382 2251 -1
219 3689 -1
98 2160 -1
8 2160 -1
91 2160 -1
292 2160 -1
98 2067 -1
98 2284 -1
98 2251 -1
1414 2911 -1
1414 3072 -1
1414 3053 -1
1414 2829 -1
1414 3023 -1
1414 3159 -1
1414 2810 -1
823 3118 -1
823 2850 -1
2334 3870 -1
2401 3870 -1
2334 3608 -1
2334 3710 -1
352 2681 -1
265 2681 -1
282 2681 -1
146 2681 -1
352 2515 -1
2421 3284 -1
2314 3284 -1
2163 3284 -1
2076 3284 -1
2115 3284 -1
286 3477 -1
312 3477 -1
1 3477 -1
239 3477 -1
286 3536 -1
286 3393 -1
2870 3505 -1
922 2058 -1
1060 2058 -1
1119 2058 -1
427 1529 -1
704 1529 -1
484 1529 -1
806 1529 -1
488 1529 -1
687 1529 -1
392 1529 -1
2010 3753 -1
1808 3753 -1
1729 3753 -1
1847 3753 -1
1774 3753 -1
1999 3753 -1
1300 3815 -1
236 2342 -1
176 2342 -1
225 2342 -1
236 2408 -1
236 2196 -1
236 2214 -1
2036 3884 -1
1838 3884 -1
1974 3884 -1
1810 3865 -1
1810 3836 -1
1810 3867 -1
1810 3636 -1
2293 2655 -1
2146 2655 -1
2293 2724 -1
2293 2598 -1
2293 2664 -1
2293 2509 -1
2293 2760 -1
2293 2613 -1
2293 2686 -1
828 3075 -1
1556 2840 -1
1617 2840 -1
1594 2840 -1
910 1587 -1
877 1450 -1
877 1533 -1
877 1327 -1
3048 3701 -1
2803 3701 -1
2982 3701 -1
2878 3701 -1
3031 3701 -1
3392 3767 -1
3561 3767 -1
3499 3767 -1
3375 3767 -1
3287 3767 -1
1755 3815 -1
518 1363 -1
793 1363 -1
642 1363 -1
771 1363 -1
367 1363 -1
3152 3677 -1
3129 3677 -1
2906 3677 -1
3134 3677 -1
3152 3720 -1
3152 3932 -1
3152 3949 -1
1333 2163 -1
1333 2314 -1
1333 2115 -1
1333 2076 -1
1333 2421 -1
1580 3258 -1
1580 3361 -1
1580 3423 -1
935 1904 -1
935 1724 -1
935 1670 -1
484 3788 -1
704 3788 -1
806 3788 -1
488 3788 -1
427 3788 -1
687 3788 -1
392 3788 -1
3505 3686 -1
3505 3676 -1
1206 1852 -1
1206 1952 -1
1206 1722 -1
1904 3505 -1
1724 3505 -1
1670 3505 -1
233 2625 -1
234 2625 -1
379 1193 -1
400 1193 -1
379 990 -1
635 1829 -1
635 1700 -1
635 1933 -1
635 1870 -1
635 2029 -1
817 1120 -1
581 1120 -1
817 1200 -1
817 927 -1
515 3206 -1
712 3206 -1
617 3206 -1
445 3206 -1
515 3049 -1
515 3079 -1
3179 3890 -1
2825 3890 -1
376 1077 -1
522 1077 -1
699 3205 -1
1007 2152 -1
2413 3576 -1
3160 3662 -1
3160 3898 -1
3160 3827 -1
1459 3142 -1
413 2072 -1
2540 3357 -1
1442 2385 -1
2967 3973 -1
2967 3921 -1
2967 3951 -1
2967 3756 -1
2967 3895 -1
1916 3825 -1
1765 3765 -1
133 2118 -1
165 2118 -1
187 2118 -1
93 2118 -1
301 2118 -1
1067 3330 -1
1256 2890 -1
1633 2890 -1
1471 2890 -1
1537 2890 -1
1713 2878 -1
1713 3048 -1
1713 2803 -1
1713 2982 -1
1713 3031 -1
792 3120 -1
2957 3668 -1
2957 3905 -1
2957 3783 -1
3202 3967 -1
3202 3795 -1
3202 3925 -1
3202 3901 -1
2529 3398 -1
2532 3398 -1
1561 2402 -1
1261 3448 -1
1261 3442 -1
1261 3316 -1
1165 2573 -1
848 2573 -1
2047 3124 -1
1991 3887 -1
1991 3985 -1
1991 3941 -1
2404 3767 -1
735 3084 -1
876 1300 -1
625 1987 -1
368 1987 -1
796 1987 -1
625 1728 -1
625 1648 -1
625 1718 -1
2397 3419 -1
176 3576 -1
185 3576 -1
225 3576 -1
236 3576 -1
13 3576 -1
63 3576 -1
533 1904 -1
533 1724 -1
533 1670 -1
90 1062 -1
105 1062 -1
28 1062 -1
90 879 -1
1624 3472 -1
4 2120 -1
181 2120 -1
183 2120 -1
1339 2210 -1
1339 2377 -1
1339 2203 -1
1339 2108 -1
1339 2215 -1
1098 3434 -1
1098 3395 -1
1081 3007 -1
937 3007 -1
1179 3007 -1
1143 3007 -1
1367 2107 -1
1367 2173 -1
1868 2658 -1
1069 3194 -1
625 2824 -1
368 2824 -1
796 2824 -1
625 3227 -1
411 3241 -1
411 3319 -1
1883 3928 -1
685 1158 -1
563 877 -1
566 877 -1
2866 3666 -1
2866 3840 -1
2866 3654 -1
1159 3191 -1
1159 3128 -1
1159 2913 -1
1159 3011 -1
1159 2997 -1
1159 3071 -1
3216 3505 -1
3068 3505 -1
3155 3505 -1
3172 3505 -1
1576 2259 -1
307 2731 -1
345 2731 -1
42 2731 -1
1554 3847 -1
1611 3847 -1
1554 3652 -1
1247 2424 -1
1247 2336 -1
1247 2294 -1
1247 2302 -1
1310 3139 -1
1873 3720 -1
1873 3932 -1
1873 3677 -1
1873 3949 -1
1556 2345 -1
1617 2345 -1
1594 2345 -1
3138 3312 -1
3210 3312 -1
2996 3312 -1
2901 3312 -1
3138 3452 -1
3138 3253 -1
3138 3334 -1
3138 3533 -1
1093 3868 -1
971 3868 -1
1513 3401 -1
1513 3260 -1
1513 3422 -1
889 3102 -1
889 3223 -1
1830 2088 -1
1667 2088 -1
1654 2088 -1
1830 2071 -1
1945 3947 -1
1945 3773 -1
222 2357 -1
235 2357 -1
1499 2364 -1
1497 2364 -1
1347 2364 -1
2094 3354 -1
2094 3331 -1
1984 2515 -1
1984 2681 -1
1530 2348 -1
1530 2375 -1
801 897 -1
3575 3651 -1
3575 3737 -1
1464 2366 -1
1296 2366 -1
1581 2366 -1
577 2898 -1
402 2898 -1
591 2898 -1
476 2898 -1
666 2898 -1
583 2898 -1
3492 3740 -1
3492 3945 -1
889 3052 -1
889 3088 -1
889 3034 -1
684 865 -1
707 865 -1
597 865 -1
1720 3703 -1
1720 3968 -1
1720 3750 -1
1720 3688 -1
1720 3853 -1
1720 3606 -1
1720 3806 -1
2028 3589 -1
2028 3339 -1
2028 3459 -1
1258 2389 -1
1131 2898 -1
1549 3157 -1
1549 2916 -1
1549 2893 -1
2153 2762 -1
2153 2690 -1
2153 2470 -1
2153 2631 -1
2153 2505 -1
2153 2754 -1
2153 2799 -1
2153 2487 -1
2153 2703 -1
1851 2374 -1
1632 2109 -1
2667 3535 -1
1333 2162 -1
325 2458 -1
970 1700 -1
970 1829 -1
970 1870 -1
1566 2410 -1
1566 2245 -1
1566 2181 -1
2005 3785 -1
1453 2418 -1
1521 2418 -1
1514 2418 -1
1453 2176 -1
3069 3286 -1
2270 3258 -1
2174 3258 -1
2167 3258 -1
2270 3361 -1
2270 3423 -1
2411 3260 -1
2411 3401 -1
2411 3422 -1
1566 2418 -1
1566 2176 -1
2898 3538 -1
978 3478 -1
978 3262 -1
71 3395 -1
195 3395 -1
76 3395 -1
71 3434 -1
756 3332 -1
378 3332 -1
510 3332 -1
815 3332 -1
756 3562 -1
2378 3870 -1
2378 3608 -1
2378 3710 -1
53 2101 -1
1397 2332 -1
1436 2332 -1
1397 2312 -1
1397 2237 -1
1397 2414 -1
1397 2359 -1
1579 3595 -1
1524 3595 -1
1574 3595 -1
3181 3723 -1
2819 3817 -1
3174 3826 -1
3171 3793 -1
3171 3857 -1
3171 3743 -1
658 3511 -1
636 3511 -1
501 3511 -1
477 3511 -1
202 3605 -1
202 3987 -1
202 3958 -1
616 2252 -1
616 2406 -1
616 2335 -1
1984 2646 -1
2006 3644 -1
2006 3681 -1
567 3453 -1
567 3314 -1
1954 3966 -1
2000 3966 -1
1808 3966 -1
1774 3966 -1
1999 3966 -1
1954 3649 -1
1954 3849 -1
29 1301 -1
29 1270 -1
90 1106 -1
105 1106 -1
28 1106 -1
90 843 -1
90 972 -1
907 3657 -1
1158 2583 -1
713 1712 -1
551 1712 -1
713 1905 -1
713 1778 -1
713 1644 -1
713 2044 -1
705 1029 -1
1929 3822 -1
433 3315 -1
805 3315 -1
433 3555 -1
433 3390 -1
1540 3424 -1
1249 3424 -1
1381 3424 -1
1542 3424 -1
1415 3424 -1
1488 3424 -1
1553 3424 -1
1277 3424 -1
705 934 -1
3104 3916 -1
3104 3889 -1
3104 3731 -1
3104 3982 -1
3104 3886 -1
3155 3547 -1
3216 3547 -1
3172 3547 -1
3068 3547 -1
3155 3274 -1
3155 3367 -1
2175 3470 -1
1139 1418 -1
1621 2241 -1
1404 2241 -1
1382 2241 -1
3161 3530 -1
69 2556 -1
544 2726 -1
392 2726 -1
687 2726 -1
624 2726 -1
595 2726 -1
783 2726 -1
766 2726 -1
961 1802 -1
961 1706 -1
617 1029 -1
712 1029 -1
515 1029 -1
445 1029 -1
754 3526 -1
754 3485 -1
3480 3628 -1
493 1639 -1
696 1639 -1
728 1639 -1
778 1639 -1
773 1639 -1
493 1953 -1
493 2041 -1
315 2712 -1
426 3447 -1
2270 3383 -1
2174 3383 -1
2167 3383 -1
1859 3786 -1
1859 3908 -1
2117 3787 -1
2398 3787 -1
2117 3631 -1
607 877 -1
1812 3846 -1
3092 3580 -1
3092 3408 -1
3092 3234 -1
3092 3556 -1
3092 3302 -1
3092 3308 -1
3092 3394 -1
3092 3504 -1
3092 3508 -1
3092 3568 -1
3092 3290 -1
1414 3940 -1
1929 3065 -1
1147 2003 -1
925 3662 -1
925 3898 -1
925 3827 -1
3186 3858 -1
2972 3858 -1
3186 3984 -1
3186 3929 -1
3186 3772 -1
3186 3860 -1
2388 3887 -1
2068 3887 -1
2388 3985 -1
2388 3941 -1
3069 3686 -1
3069 3676 -1
2566 3570 -1
2496 3570 -1
2572 3570 -1
2428 3570 -1
2519 3570 -1
479 2320 -1
2954 3579 -1
960 1480 -1
177 2534 -1
177 2659 -1
177 2796 -1
416 1042 -1
3135 3579 -1
3098 3579 -1
1813 3672 -1
1813 3782 -1
1713 3722 -1
1713 3682 -1
469 1310 -1
2354 2631 -1
2128 2631 -1
2354 2754 -1
2354 2470 -1
2354 2505 -1
2354 2762 -1
2354 2690 -1
2354 2799 -1
2354 2487 -1
2354 2703 -1
2991 3603 -1
3043 3603 -1
2991 3784 -1
2094 3561 -1
2094 3392 -1
2094 3287 -1
2094 3499 -1
2094 3375 -1
1830 2195 -1
1667 2195 -1
1654 2195 -1
3038 3682 -1
3192 3682 -1
3087 3682 -1
3038 3722 -1
1852 3065 -1
1952 3065 -1
1722 3065 -1
89 2512 -1
2065 3999 -1
2065 3633 -1
318 3689 -1
299 3689 -1
227 3689 -1
229 3689 -1
303 3689 -1
2531 3530 -1
2602 3530 -1
2764 3530 -1
2438 3530 -1
321 2801 -1
321 2518 -1
995 3334 -1
1041 3334 -1
995 3312 -1
995 3452 -1
995 3253 -1
995 3533 -1
422 1150 -1
1827 2267 -1
445 1000 -1
712 1000 -1
617 1000 -1
515 1000 -1
445 916 -1
1070 2954 -1
1260 2184 -1
1417 2184 -1
1612 2184 -1
1991 3159 -1
1991 3072 -1
1991 2829 -1
1991 3053 -1
1991 2810 -1
1991 3023 -1
1991 2911 -1
387 3195 -1
2036 3907 -1
1838 3907 -1
1974 3907 -1
1087 3501 -1
1003 3501 -1
821 3501 -1
839 3501 -1
3536 3771 -1
3393 3771 -1
3477 3771 -1
3536 3810 -1
3012 3897 -1
114 2416 -1
114 2336 -1
114 2294 -1
114 2310 -1
670 2373 -1
1787 3869 -1
597 2726 -1
707 2726 -1
684 2726 -1
3171 3930 -1
3171 3761 -1
3171 3915 -1
3171 3935 -1
2889 3813 -1
2856 3813 -1
3122 3813 -1
2918 3813 -1
607 2459 -1
607 2570 -1
607 2647 -1
607 2743 -1
1450 2576 -1
1533 2576 -1
1327 2576 -1
1450 2586 -1
1497 2394 -1
1347 2394 -1
1499 2394 -1
1497 2281 -1
1497 2178 -1
1497 2164 -1
1497 2391 -1
2312 3332 -1
2081 3332 -1
2243 3332 -1
2311 3332 -1
2414 3332 -1
2359 3332 -1
2332 3332 -1
2237 3332 -1
2312 3562 -1
