524 741 1
444 643 1
434 490 1
807 808 1
474 517 1
390 789 1
494 787 1
650 732 1
470 782 1
572 781 1
624 688 1
446 736 1
459 706 1
644 743 1
593 734 1
456 663 1
475 801 1
476 730 1
427 577 1
382 792 1
551 599 1
494 577 1
577 787 1
427 494 1
517 762 1
474 762 1
518 790 1
397 496 1
464 594 1
705 758 1
547 744 1
474 716 1
716 762 1
517 716 1
614 716 1
474 614 1
614 762 1
517 614 1
397 818 1
496 818 1
624 719 1
688 719 1
501 817 1
529 614 1
474 529 1
529 716 1
529 762 1
517 529 1
375 710 1
686 781 1
572 686 1
509 797 1
458 802 1
563 768 1
387 482 1
456 509 1
509 663 1
456 797 1
591 771 1
464 553 1
553 594 1
763 815 1
677 742 1
554 673 1
460 716 1
460 517 1
460 614 1
460 529 1
460 474 1
460 762 1
732 750 1
650 750 1
717 805 1
605 656 1
445 468 1
526 638 1
367 446 1
367 736 1
371 500 1
437 729 1
676 749 1
724 809 1
416 605 1
416 656 1
509 592 1
456 592 1
592 797 1
592 663 1
472 724 1
472 809 1
418 762 1
418 517 1
418 614 1
418 716 1
418 460 1
418 529 1
418 474 1
629 784 1
412 730 1
412 476 1
724 767 1
472 767 1
767 809 1
523 675 1
373 718 1
533 750 1
533 650 1
533 732 1
767 782 1
472 782 1
782 809 1
724 782 1
470 767 1
514 621 1
423 630 1
437 508 1
508 729 1
705 720 1
720 758 1
549 561 1
777 788 1
540 612 1
666 690 1
451 541 1
511 731 1
587 701 1
429 502 1
642 787 1
577 642 1
494 642 1
588 818 1
496 588 1
397 588 1
480 593 1
480 734 1
411 681 1
376 657 1
626 777 1
626 788 1
537 585 1
491 620 1
813 817 1
501 813 1
529 628 1
418 628 1
517 628 1
614 628 1
628 716 1
460 628 1
474 628 1
628 762 1
488 778 1
368 520 1
517 681 1
418 681 1
614 681 1
681 716 1
460 681 1
529 681 1
628 681 1
474 681 1
681 762 1
411 517 1
421 453 1
398 612 1
398 540 1
519 542 1
506 603 1
417 555 1
686 812 1
572 812 1
781 812 1
369 527 1
525 807 1
525 808 1
453 621 1
421 621 1
453 514 1
623 780 1
397 692 1
496 692 1
692 818 1
588 692 1
709 804 1
495 675 1
495 523 1
478 683 1
694 811 1
698 788 1
698 777 1
626 698 1
374 537 1
374 585 1
427 670 1
577 670 1
494 670 1
688 710 1
624 710 1
710 719 1
375 688 1
375 652 1
652 688 1
652 710 1
477 554 1
477 673 1
453 797 1
514 797 1
421 797 1
621 797 1
453 456 1
453 592 1
453 509 1
622 764 1
400 664 1
388 451 1
388 541 1
537 720 1
585 720 1
374 720 1
537 705 1
537 758 1
650 672 1
672 732 1
533 672 1
672 750 1
563 622 1
622 768 1
563 764 1
856 1155 1
1125 1170 1
836 917 1
1149 1186 1
979 1039 1
869 1106 1
894 1179 1
865 1161 1
1096 1196 1
1050 1086 1
984 1097 1
1052 1165 1
824 1123 1
869 1054 1
1054 1106 1
1039 1143 1
979 1143 1
1067 1207 1
1084 1228 1
948 1222 1
858 982 1
998 1069 1
852 1210 1
1138 1155 1
856 1138 1
921 988 1
1115 1156 1
1087 1162 1
1008 1058 1
984 1177 1
1097 1177 1
1166 1207 1
1067 1166 1
915 1163 1
901 1033 1
922 993 1
898 1026 1
883 888 1
913 1009 1
890 1008 1
890 1058 1
912 978 1
1092 1141 1
821 1094 1
936 1024 1
900 994 1
939 1185 1
1059 1096 1
1059 1196 1
1039 1234 1
979 1234 1
1143 1234 1
1190 1195 1
942 1057 1
1196 1204 1
1096 1204 1
1059 1204 1
872 896 1
926 988 1
921 926 1
839 929 1
842 1146 1
859 1152 1
835 1176 1
899 1137 1
854 999 1
838 1086 1
838 1050 1
885 1230 1
1012 1036 1
888 942 1
883 942 1
888 1057 1
1017 1115 1
1017 1156 1
929 1065 1
839 1065 1
1119 1142 1
1093 1216 1
1143 1191 1
1191 1234 1
979 1191 1
1039 1191 1
904 1195 1
904 1190 1
1023 1153 1
1076 1234 1
1076 1143 1
979 1076 1
1076 1191 1
1039 1076 1
943 1146 1
842 943 1
1030 1126 1
1007 1041 1
1132 1206 1
907 1139 1
1007 1089 1
1041 1089 1
996 1063 1
974 1174 1
947 1118 1
1134 1210 1
852 1134 1
858 943 1
943 982 1
858 1146 1
842 858 1
856 1092 1
1092 1138 1
1092 1155 1
856 1141 1
935 1128 1
897 1135 1
962 1223 1
1073 1081 1
979 1030 1
1030 1191 1
1030 1039 1
1030 1234 1
1030 1076 1
1030 1143 1
979 1126 1
997 1042 1
828 996 1
828 1063 1
833 993 1
833 922 1
846 1161 1
846 865 1
894 1178 1
1178 1179 1
853 1194 1
1014 1154 1
1014 1123 1
1123 1154 1
824 1014 1
877 1139 1
877 907 1
1078 1204 1
1078 1096 1
1059 1078 1
1078 1196 1
907 1017 1
1017 1139 1
877 1017 1
907 1115 1
907 1156 1
923 1118 1
923 947 1
861 1108 1
1120 1156 1
1017 1120 1
1115 1120 1
907 1120 1
1064 1070 1
1041 1153 1
1089 1153 1
1007 1153 1
1023 1041 1
905 944 1
957 1081 1
957 1073 1
835 839 1
839 1176 1
835 929 1
835 1065 1
1042 1100 1
997 1100 1
851 1165 1
851 1052 1
841 1166 1
841 1067 1
841 1207 1
889 1110 1
988 1233 1
921 1233 1
926 1233 1
922 1097 1
993 1097 1
833 1097 1
922 984 1
922 1177 1
1128 1135 1
935 1135 1
897 1128 1
832 1073 1
832 1081 1
832 957 1
846 965 1
965 1161 1
865 965 1
931 1081 1
832 931 1
931 1073 1
931 957 1
825 1137 1
825 899 1
839 1228 1
1176 1228 1
929 1228 1
835 1228 1
1065 1228 1
839 1084 1
987 1168 1
991 1232 1
840 848 1
822 869 1
822 1106 1
822 1054 1
1510 1606 1
1358 1505 1
1295 1619 1
1325 1451 1
1553 1582 1
1309 1477 1
1446 1496 1
1478 1488 1
1368 1491 1
1524 1543 1
1319 1610 1
1425 1569 1
1505 1551 1
1358 1551 1
1487 1530 1
1474 1629 1
1310 1377 1
1391 1553 1
1391 1582 1
1284 1479 1
1336 1499 1
1275 1344 1
1375 1503 1
1310 1563 1
1377 1563 1
1444 1519 1
1301 1400 1
1475 1584 1
1387 1576 1
1328 1618 1
1359 1527 1
1266 1478 1
1266 1488 1
1415 1500 1
1391 1628 1
1553 1628 1
1582 1628 1
1423 1425 1
1423 1569 1
1335 1542 1
1327 1332 1
1342 1442 1
1470 1524 1
1470 1543 1
1324 1380 1
1281 1457 1
1301 1468 1
1400 1468 1
1275 1477 1
1344 1477 1
1275 1309 1
1242 1414 1
1302 1424 1
1501 1592 1
1342 1504 1
1442 1504 1
1515 1579 1
1523 1544 1
1312 1393 1
1293 1494 1
1366 1549 1
1386 1473 1
1307 1313 1
1501 1580 1
1580 1592 1
1528 1600 1
1379 1547 1
1252 1555 1
1553 1621 1
1621 1628 1
1582 1621 1
1391 1621 1
1254 1439 1
1325 1325 1
1314 1611 1
1356 1391 1
1356 1553 1
1356 1628 1
1356 1621 1
1356 1582 1
1429 1591 1
1600 1609 1
1528 1609 1
1360 1497 1
1339 1501 1
1339 1592 1
1339 1580 1
1543 1553 1
1524 1553 1
1470 1553 1
1356 1543 1
1543 1582 1
1391 1543 1
1543 1621 1
1543 1628 1
1291 1528 1
1291 1600 1
1291 1609 1
1462 1551 1
1462 1505 1
1358 1462 1
1257 1358 1
1257 1505 1
1257 1462 1
1257 1551 1
1470 1479 1
1479 1553 1
1479 1524 1
1479 1543 1
1284 1470 1
1313 1363 1
1307 1363 1
1237 1280 1
1248 1550 1
1319 1322 1
1322 1610 1
1291 1431 1
1431 1528 1
1431 1600 1
1431 1609 1
1300 1456 1
1293 1356 1
1356 1494 1
1293 1543 1
1293 1582 1
1293 1391 1
1293 1553 1
1293 1621 1
1293 1628 1
1264 1436 1
1305 1419 1
1382 1384 1
1354 1510 1
1354 1606 1
1379 1450 1
1450 1547 1
1382 1394 1
1384 1394 1
1266 1396 1
1396 1488 1
1396 1478 1
1387 1532 1
1532 1576 1
1247 1352 1
1270 1488 1
1266 1270 1
1270 1396 1
1270 1478 1
1285 1357 1
1325 1330 1
1330 1451 1
1359 1576 1
1527 1576 1
1359 1387 1
1359 1532 1
1474 1596 1
1596 1629 1
1376 1453 1
1365 1540 1
1263 1452 1
1519 1611 1
1444 1611 1
1314 1519 1
1595 1623 1
1240 1336 1
1240 1499 1
1458 1479 1
1284 1458 1
1458 1543 1
1458 1553 1
1458 1524 1
1458 1470 1
1443 1593 1
1291 1386 1
1386 1528 1
1386 1600 1
1386 1431 1
1386 1609 1
1291 1473 1
1419 1581 1
1305 1581 1
1506 1527 1
1506 1576 1
1359 1506 1
1315 1597 1
1307 1529 1
1313 1529 1
1363 1529 1
1345 1629 1
1345 1474 1
1345 1596 1
1238 1486 1
1290 1426 1
1455 1629 1
1345 1455 1
1455 1474 1
1455 1596 1
1282 1597 1
1282 1315 1
1739 1754 1
1714 1848 1
1715 2049 1
1665 1802 1
1872 1872 1
1774 1995 1
1811 1815 1
1782 1842 1
1648 1751 1
1693 1857 1
1776 1789 1
1724 1775 1
1722 1732 1
1828 1988 1
1815 1843 1
1811 1843 1
1788 1880 1
1766 1862 1
1793 1995 1
1774 1793 1
1929 2021 1
1666 1708 1
1866 1880 1
1788 1866 1
1813 1911 1
1797 2017 1
1893 2008 1
1678 1713 1
1874 1944 1
1678 1976 1
1713 1976 1
1651 2022 1
1991 2061 1
1870 1970 1
1943 2024 1
1677 1925 1
1682 1899 1
1666 1685 1
1685 1708 1
1817 1843 1
1811 1817 1
1815 1817 1
1895 2007 1
1662 2028 1
1865 1906 1
1981 2065 1
1709 1799 1
1747 1997 1
1749 1934 1
1652 1781 1
1961 1986 1
1917 1920 1
1735 1835 1
1770 1964 1
1766 1984 1
1862 1984 1
1690 2050 1
1727 1979 1
1747 1756 1
1756 1997 1
1910 1983 1
1954 1973 1
1739 1811 1
1754 1811 1
1739 1817 1
1739 1843 1
1739 1815 1
1648 1669 1
1669 1751 1
1899 2060 1
1682 2060 1
1971 1994 1
1819 1884 1
1817 1940 1
1811 1940 1
1843 1940 1
1739 1940 1
1815 1940 1
1882 1941 1
1643 1959 1
1718 1880 1
1718 1866 1
1718 1788 1
1876 2038 1
1692 1718 1
1692 1880 1
1692 1866 1
1692 1788 1
1750 1827 1
1656 1815 1
1656 1739 1
1656 1843 1
1656 1940 1
1656 1817 1
1656 1811 1
1800 1869 1
1834 1894 1
1866 1893 1
1880 1893 1
1692 1893 1
1788 1893 1
1718 1893 1
1866 2008 1
1728 1765 1
1694 1943 1
1694 2024 1
1638 1829 1
1677 1994 1
1925 1994 1
1677 1971 1
1878 2001 1
1798 2008 1
1798 1866 1
1798 1893 1
1673 1769 1
1915 2028 1
1662 1915 1
1765 1777 1
1728 1777 1
1641 2052 1
1706 1782 1
1706 1842 1
1830 1944 1
1830 1874 1
2035 2045 1
1709 1964 1
1799 1964 1
1709 1770 1
1880 1882 1
1882 1893 1
1788 1882 1
1866 1882 1
1718 1882 1
1692 1882 1
1880 1941 1
1701 1871 1
2021 2053 1
1929 2053 1
1917 1924 1
1920 1924 1
1876 1908 1
1908 2038 1
1762 1880 1
1762 1893 1
1762 1788 1
1762 1866 1
1762 1941 1
1718 1762 1
1762 1882 1
1692 1762 1
1852 1966 1
1650 2009 1
1826 2043 1
1757 1825 1
1648 1972 1
1669 1972 1
1751 1972 1
1989 2012 1
1654 1805 1
1861 2023 1
1858 1966 1
1852 1858 1
1820 2042 1
1942 2034 1
1635 1756 1
1635 1747 1
1635 1997 1
1676 1748 1
1642 1747 1
1635 1642 1
1642 1756 1
1642 1997 1
1799 2009 1
1964 2009 1
1709 2009 1
1650 1799 1
1657 1719 1
1764 1959 1
1643 1764 1
1758 1973 1
1758 1954 1
1973 2041 1
1954 2041 1
1758 2041 1
1867 1958 1
1641 1724 1
1724 2052 1
1641 1775 1
1739 2019 1
1811 2019 1
1940 2019 1
1815 2019 1
1656 2019 1
1817 2019 1
1754 2019 1
1843 2019 1
1844 1935 1
1699 2042 1
1699 1820 1
1668 1836 1
1736 1865 1
1736 1906 1
1703 1975 1
1921 2048 1
1689 1814 1
1769 1967 1
1673 1967 1
1654 1666 1
1666 1805 1
1654 1708 1
1654 1685 1
1804 2048 1
1804 1921 1
1837 1966 1
1837 1858 1
1837 1852 1
2078 2116 1
2187 2190 1
2282 2291 1
2107 2135 1
2289 2404 1
2247 2355 1
2109 2383 1
2078 2097 1
2097 2116 1
2273 2407 1
2245 2319 1
2147 2365 1
2216 2238 1
2184 2367 1
2223 2366 1
2230 2408 1
2128 2305 1
2145 2422 1
2232 2235 1
2099 2182 1
2201 2419 1
2133 2330 1
2076 2093 1
2195 2279 1
2187 2272 1
2190 2272 1
2092 2235 1
2092 2232 1
2286 2354 1
2157 2284 1
2387 2401 1
2318 2365 1
2147 2318 1
2157 2353 1
2284 2353 1
2184 2276 1
2276 2367 1
2116 2416 1
2097 2416 1
2078 2416 1
2120 2402 1
2273 2309 1
2309 2407 1
2195 2330 1
2279 2330 1
2133 2195 1
2077 2164 1
2310 2334 1
2246 2399 1
2172 2361 1
2072 2204 1
2367 2388 1
2184 2388 1
2276 2388 1
2103 2318 1
2103 2147 1
2103 2365 1
2166 2281 1
2077 2300 1
2164 2300 1
2128 2286 1
2286 2305 1
2128 2354 1
2089 2325 1
2148 2347 1
2118 2359 1
2241 2421 1
2188 2390 1
2080 2335 1
2221 2372 1
2131 2346 1
2393 2423 1
2095 2136 1
2076 2087 1
2087 2093 1
2198 2254 1
2362 2371 1
2118 2312 1
2312 2359 1
2207 2254 1
2198 2207 1
2122 2357 1
2151 2229 1
2335 2361 1
2080 2361 1
2172 2335 1
2100 2370 1
2212 2322 1
2317 2364 1
2088 2294 1
2169 2223 1
2169 2366 1
2154 2380 1
2101 2276 1
2101 2184 1
2101 2388 1
2101 2367 1
2336 2399 1
2246 2336 1
2305 2339 1
2128 2339 1
2286 2339 1
2100 2344 1
2344 2370 1
2330 2347 1
2195 2347 1
2133 2347 1
2279 2347 1
2148 2330 1
2082 2316 1
2188 2406 1
2390 2406 1
2275 2393 1
2275 2423 1
2180 2262 1
2079 2236 1
2184 2303 1
2303 2388 1
2276 2303 1
2101 2303 1
2303 2367 1
2123 2178 1
2122 2131 1
2131 2357 1
2122 2346 1
2229 2257 1
2151 2257 1
2131 2176 1
2176 2346 1
2122 2176 1
2176 2357 1
2257 2419 1
2229 2419 1
2151 2419 1
2201 2257 1
2149 2256 1
2226 2402 1
2120 2226 1
2165 2300 1
2164 2165 1
2077 2165 1
2068 2292 1
2238 2248 1
2216 2248 1
2115 2202 1
2256 2403 1
2149 2403 1
2223 2325 1
2169 2325 1
2325 2366 1
2089 2223 1
2278 2361 1
2080 2278 1
2172 2278 1
2278 2335 1
2285 2395 1
2083 2174 1
2303 2337 1
2276 2337 1
2184 2337 1
2337 2388 1
2101 2337 1
2337 2367 1
2160 2218 1
2134 2345 1
2106 2333 1
2082 2398 1
2316 2398 1
2165 2411 1
2164 2411 1
2300 2411 1
2077 2411 1
2174 2317 1
2083 2317 1
2174 2364 1
2121 2222 1
2176 2359 1
2346 2359 1
2131 2359 1
2122 2359 1
2357 2359 1
2118 2176 1
2176 2312 1
2473 2783 1
2522 2775 1
2505 2541 1
2700 2733 1
2488 2524 1
2497 2662 1
2467 2741 1
2488 2792 1
2524 2792 1
2438 2471 1
2493 2549 1
2622 2724 1
2436 2698 1
2644 2668 1
2464 2709 1
2448 2487 1
2484 2559 1
2498 2802 1
2461 2482 1
2570 2641 1
2711 2774 1
2688 2730 1
2532 2696 1
2538 2763 1
2698 2707 1
2436 2707 1
2557 2682 1
2586 2800 1
2477 2524 1
2477 2488 1
2477 2792 1
2457 2638 1
2647 2746 1
2620 2699 1
2563 2802 1
2498 2563 1
2711 2770 1
2770 2774 1
2443 2772 1
2649 2728 1
2436 2478 1
2478 2698 1
2478 2707 1
2436 2742 1
2698 2742 1
2707 2742 1
2478 2742 1
2564 2713 1
2580 2764 1
2569 2578 1
2585 2659 1
2532 2539 1
2539 2696 1
2480 2486 1
2561 2691 1
2555 2672 1
2554 2757 1
2484 2668 1
2559 2668 1
2484 2644 1
2690 2758 1
2611 2754 1
2521 2634 1
2520 2802 1
2498 2520 1
2520 2563 1
2670 2671 1
2428 2538 1
2428 2763 1
2522 2552 1
2552 2775 1
2527 2609 1
2522 2533 1
2533 2552 1
2533 2775 1
2454 2534 1
2455 2764 1
2455 2580 1
2480 2642 1
2486 2642 1
2551 2607 1
2482 2737 1
2461 2737 1
2488 2776 1
2776 2792 1
2524 2776 1
2477 2776 1
2621 2673 1
2478 2760 1
2698 2760 1
2707 2760 1
2436 2760 1
2742 2760 1
2553 2713 1
2553 2564 1
2484 2706 1
2644 2706 1
2668 2706 1
2559 2706 1
2488 2627 1
2627 2792 1
2627 2776 1
2524 2627 1
2477 2627 1
2439 2702 1
2723 2793 1
2468 2692 1
2441 2710 1
2653 2660 1
2518 2605 1
2637 2725 1
2498 2788 1
2520 2788 1
2788 2802 1
2563 2788 1
2757 2798 1
2554 2798 1
2587 2667 1
2482 2665 1
2665 2737 1
2461 2665 1
2445 2736 1
2567 2792 1
2567 2627 1
2477 2567 1
2567 2776 1
2488 2567 1
2524 2567 1
2461 2508 1
2508 2737 1
2482 2508 1
2508 2665 1
2697 2739 1
2772 2776 1
2443 2776 1
2627 2772 1
2567 2772 1
2772 2792 1
2477 2772 1
2488 2772 1
2524 2772 1
2653 2783 1
2660 2783 1
2473 2653 1
2616 2632 1
2493 2769 1
2549 2769 1
2442 2644 1
2442 2484 1
2442 2706 1
2442 2668 1
2619 2657 1
2434 2801 1
2565 2763 1
2538 2565 1
2428 2565 1
2442 2610 1
2610 2668 1
2484 2610 1
2610 2706 1
2610 2644 1
2474 2707 1
2436 2474 1
2474 2760 1
2474 2698 1
2474 2478 1
2474 2742 1
2772 2786 1
2627 2786 1
2567 2786 1
2786 2792 1
2443 2786 1
2477 2786 1
2488 2786 1
2776 2786 1
2524 2786 1
2504 2722 1
2515 2736 1
2445 2515 1
2494 2527 1
2494 2609 1
2430 2679 1
2716 2720 1
2772 2777 1
2777 2786 1
2627 2777 1
2567 2777 1
2777 2792 1
2443 2777 1
2477 2777 1
2488 2777 1
2776 2777 1
2524 2777 1
2835 2953 1
2804 3001 1
3101 3166 1
2869 2990 1
2815 2841 1
2849 2922 1
3080 3194 1
2930 3132 1
2916 3043 1
3041 3057 1
2907 3024 1
2992 3028 1
3045 3164 1
2803 2850 1
3056 3131 1
2992 3071 1
3028 3071 1
3094 3137 1
2858 3043 1
2858 2916 1
2908 3154 1
2888 2980 1
3028 3038 1
2992 3038 1
3038 3071 1
3066 3088 1
3048 3207 1
3030 3223 1
2930 3225 1
3132 3225 1
2889 3092 1
3013 3052 1
2944 2990 1
2869 2944 1
2926 3027 1
3081 3123 1
2987 3182 1
3073 3174 1
3040 3059 1
3115 3120 1
2949 2960 1
3022 3102 1
2836 3051 1
2842 3062 1
2813 2813 1
3015 3027 1
2926 3015 1
2846 3227 1
2954 3053 1
2927 3216 1
2988 3012 1
2970 3125 1
2915 2956 1
3001 3047 1
2804 3047 1
2816 3026 1
2812 2983 1
2872 3005 1
2952 3087 1
2871 3152 1
2941 3087 1
2941 2952 1
2959 3079 1
2882 3029 1
2880 3145 1
2919 3208 1
2953 3022 1
2835 3022 1
2953 3102 1
2886 3143 1
3088 3093 1
3066 3093 1
3197 3211 1
2831 2882 1
2831 3029 1
2879 2985 1
2861 2999 1
2938 3178 1
3015 3138 1
3027 3138 1
2926 3138 1
3046 3104 1
3139 3209 1
2817 3083 1
3004 3056 1
3004 3131 1
2969 3137 1
2969 3094 1
3057 3216 1
3041 3216 1
2927 3057 1
3149 3182 1
2987 3149 1
2895 3100 1
3146 3194 1
3080 3146 1
2809 3206 1
2941 3219 1
2952 3219 1
3087 3219 1
2913 3081 1
2913 3123 1
2969 2997 1
2997 3137 1
2997 3094 1
2903 3164 1
2903 3045 1
3058 3063 1
2906 3204 1
3054 3197 1
3054 3211 1
3093 3227 1
3088 3227 1
3066 3227 1
2846 3093 1
2868 3130 1
2988 3008 1
3008 3012 1
2922 3197 1
2849 3197 1
2922 3211 1
2922 3054 1
3101 3148 1
3148 3166 1
3044 3061 1
2883 2911 1
2833 2925 1
3144 3172 1
2950 3017 1
2986 3027 1
2986 3138 1
2926 2986 1
2986 3015 1
2853 3200 1
2907 2929 1
2929 3024 1
2859 2905 1
2945 3081 1
2913 2945 1
2945 3123 1
3122 3194 1
3080 3122 1
3122 3146 1
2875 3117 1
2872 3039 1
3005 3039 1
3086 3138 1
2986 3086 1
3027 3086 1
2926 3086 1
3015 3086 1
2859 3175 1
2905 3175 1
2957 3109 1
2817 2925 1
2925 3083 1
2817 2833 1
3047 3162 1
3001 3162 1
2804 3162 1
3094 3173 1
3137 3173 1
2997 3173 1
2969 3173 1
3106 3221 1
2832 3015 1
2832 3138 1
2832 2986 1
2832 2926 1
2832 3027 1
2832 3086 1
2876 2992 1
2876 3028 1
2876 3038 1
2876 3071 1
2869 2909 1
2909 2944 1
2909 2990 1
3028 3086 1
2992 3086 1
2876 3086 1
3038 3086 1
3071 3086 1
3028 3138 1
3015 3028 1
2986 3028 1
2926 3028 1
2832 3028 1
3027 3028 1
3200 3210 1
2853 3210 1
2966 3061 1
2966 3044 1
2977 3044 1
2977 3061 1
2966 2977 1
2868 3189 1
3130 3189 1
2969 3088 1
3088 3137 1
2997 3088 1
3088 3094 1
3088 3173 1
2969 3066 1
2969 3227 1
2969 3093 1
3090 3148 1
3090 3101 1
3090 3166 1
2962 3022 1
2953 2962 1
2835 2962 1
2962 3102 1
2870 3138 1
2870 3015 1
2870 2986 1
2870 3086 1
2832 2870 1
2870 3027 1
2870 3028 1
2870 2926 1
3247 3253 1
3308 3503 1
3248 3504 1
3295 3594 1
3403 3570 1
3261 3551 1
3370 3581 1
3279 3528 1
3274 3499 1
3415 3459 1
3403 3501 1
3501 3570 1
3346 3427 1
3266 3446 1
3456 3555 1
3501 3544 1
3544 3570 1
3403 3544 1
3289 3430 1
3386 3399 1
3470 3582 1
3489 3560 1
3252 3356 1
3351 3365 1
3389 3470 1
3389 3582 1
3311 3356 1
3252 3311 1
3448 3554 1
3241 3532 1
3292 3470 1
3292 3389 1
3292 3582 1
3336 3344 1
3326 3562 1
3259 3451 1
3307 3521 1
3321 3520 1
3343 3468 1
3314 3591 1
3268 3498 1
3366 3367 1
3435 3490 1
3236 3442 1
3514 3560 1
3489 3514 1
3434 3528 1
3279 3434 1
3335 3382 1
3256 3402 1
3261 3333 1
3333 3551 1
3321 3496 1
3496 3520 1
3239 3282 1
3338 3444 1
3334 3585 1
3304 3426 1
3281 3393 1
3258 3479 1
3249 3530 1
3313 3398 1
3338 3352 1
3352 3444 1
3462 3571 1
3567 3570 1
3544 3567 1
3403 3567 1
3501 3567 1
3389 3424 1
3292 3424 1
3424 3582 1
3424 3470 1
3269 3548 1
3480 3526 1
3390 3525 1
3508 3559 1
3409 3420 1
3303 3403 1
3303 3544 1
3303 3570 1
3303 3501 1
3303 3567 1
3405 3492 1
3290 3580 1
3245 3406 1
3481 3530 1
3249 3481 1
3234 3473 1
3255 3265 1
3368 3406 1
3245 3368 1
3443 3506 1
3347 3471 1
3274 3591 1
3499 3591 1
3274 3314 1
3400 3581 1
3370 3400 1
3316 3516 1
3469 3571 1
3462 3469 1
3328 3368 1
3245 3328 1
3328 3406 1
3414 3476 1
3264 3426 1
3264 3304 1
3375 3382 1
3335 3375 1
3362 3540 1
3350 3399 1
3350 3386 1
3283 3356 1
3252 3283 1
3283 3311 1
3411 3572 1
3346 3426 1
3426 3427 1
3304 3346 1
3264 3346 1
3519 3582 1
3424 3519 1
3292 3519 1
3389 3519 1
3470 3519 1
3266 3341 1
3341 3446 1
3407 3464 1
3362 3419 1
3419 3540 1
3267 3480 1
3267 3526 1
3336 3468 1
3344 3468 1
3336 3343 1
3342 3367 1
3342 3366 1
3567 3574 1
3303 3574 1
3403 3574 1
3501 3574 1
3570 3574 1
3544 3574 1
3310 3589 1
3319 3584 1
3470 3517 1
3424 3517 1
3389 3517 1
3292 3517 1
3517 3582 1
3517 3519 1
3550 3589 1
3310 3550 1
3255 3341 1
3265 3341 1
3255 3266 1
3255 3446 1
3288 3574 1
3288 3303 1
3288 3403 1
3288 3501 1
3288 3567 1
3288 3570 1
3288 3544 1
3241 3382 1
3382 3532 1
3241 3375 1
3241 3335 1
3260 3385 1
3343 3556 1
3336 3556 1
3468 3556 1
3376 3550 1
3376 3589 1
3310 3376 1
3319 3378 1
3378 3584 1
3461 3539 1
3315 3427 1
3315 3346 1
3315 3426 1
3747 3859 1
3596 3702 1
3656 3851 1
3797 3871 1
3746 3916 1
3716 3865 1
3745 3745 1
3657 3855 1
3620 3931 1
3807 3824 1
3833 3853 1
3732 3880 1
3631 3665 1
3979 3999 1
3661 3843 1
3720 3864 1
3741 3907 1
3954 3968 1
3922 3942 1
3603 3966 1
3627 3892 1
3851 3910 1
3656 3910 1
3642 3691 1
3606 3911 1
3604 3928 1
3848 3855 1
3657 3848 1
3649 3901 1
3736 3929 1
3747 3811 1
3811 3859 1
3637 3700 1
3891 3966 1
3603 3891 1
3825 3978 1
3660 3714 1
3724 3864 1
3720 3724 1
3771 3908 1
3816 3877 1
3899 3932 1
3814 3926 1
3815 3886 1
3600 3894 1
3689 3838 1
3629 3704 1
3662 3813 1
3944 3974 1
3812 3957 1
3662 3785 1
3785 3813 1
3666 3678 1
3661 3951 1
3843 3951 1
3713 3773 1
3895 3995 1
3768 3893 1
3616 3741 1
3616 3907 1
3702 3980 1
3596 3980 1
3601 3634 1
3657 3772 1
3772 3848 1
3772 3855 1
3629 3801 1
3704 3801 1
3672 3730 1
3830 3857 1
3875 3878 1
3722 3913 1
3753 3807 1
3753 3824 1
3705 3982 1
3759 3884 1
3724 3801 1
3801 3864 1
3720 3801 1
3704 3724 1
3629 3724 1
3721 3916 1
3721 3746 1
3721 3907 1
3746 3907 1
3907 3916 1
3616 3721 1
3721 3741 1
3723 3815 1
3723 3886 1
3654 3835 1
3775 3928 1
3604 3775 1
3834 3887 1
3790 3923 1
3745 3941 1
3648 3716 1
3648 3865 1
3633 3885 1
3629 3674 1
3674 3704 1
3674 3801 1
3674 3724 1
3665 3927 1
3631 3927 1
3800 3865 1
3648 3800 1
3716 3800 1
3607 3909 1
3611 3863 1
3682 3688 1
3604 3863 1
3863 3928 1
3775 3863 1
3604 3611 1
3695 3943 1
3627 3644 1
3644 3892 1
3670 3791 1
3660 3725 1
3714 3725 1
3612 3995 1
3612 3895 1
3658 3764 1
3615 3794 1
3762 3909 1
3607 3762 1
3812 3929 1
3929 3957 1
3736 3812 1
3657 3762 1
3762 3848 1
3762 3772 1
3762 3855 1
3657 3909 1
3607 3657 1
3960 3971 1
3675 3833 1
3675 3853 1
3736 3839 1
3839 3929 1
3812 3839 1
3777 3955 1
3784 3798 1
3797 3874 1
3871 3874 1
3707 3756 1
3638 3708 1
3796 3936 1
3784 3829 1
3798 3829 1
3649 3856 1
3856 3901 1
3679 3944 1
3679 3974 1
3796 3941 1
3936 3941 1
3745 3796 1
3623 3869 1
3709 3980 1
3596 3709 1
3702 3709 1
3763 3888 1
3679 3754 1
3754 3944 1
3754 3974 1
3828 3978 1
3825 3828 1
3660 3685 1
3685 3714 1
3685 3725 1
3674 3772 1
3704 3772 1
3772 3801 1
3724 3772 1
3629 3772 1
3674 3848 1
3657 3674 1
3674 3855 1
3674 3762 1
3814 3941 1
3926 3941 1
3814 3936 1
3745 3814 1
3796 3814 1
3668 3671 1
3687 3929 1
3687 3736 1
3687 3812 1
3687 3957 1
3687 3839 1
3605 3781 1
3707 3798 1
3756 3798 1
3707 3784 1
3707 3829 1
3861 3936 1
3796 3861 1
3861 3941 1
3814 3861 1
3844 3896 1
3796 3887 1
3887 3936 1
3745 3887 1
3887 3941 1
3814 3887 1
3861 3887 1
3796 3834 1
91 93 1
165 361 1
216 278 1
71 179 1
214 329 1
97 299 1
31 79 1
284 284 1
49 231 1
3 121 1
117 277 1
2 210 1
74 293 1
4 235 1
183 266 1
33 124 1
168 320 1
12 114 1
86 331 1
251 262 1
165 209 1
209 361 1
196 342 1
93 139 1
91 139 1
84 155 1
174 246 1
72 331 1
72 86 1
7 338 1
94 352 1
160 244 1
58 330 1
31 306 1
79 306 1
62 256 1
106 337 1
185 354 1
3 303 1
121 303 1
52 363 1
95 196 1
95 342 1
198 257 1
104 271 1
51 361 1
51 209 1
51 165 1
154 200 1
250 312 1
235 307 1
4 307 1
130 292 1
30 279 1
205 214 1
205 329 1
243 280 1
138 239 1
112 236 1
79 93 1
93 306 1
31 93 1
79 91 1
79 139 1
0 207 1
260 339 1
123 256 1
62 123 1
25 183 1
25 266 1
53 243 1
53 280 1
169 323 1
106 363 1
337 363 1
52 106 1
136 216 1
136 278 1
85 198 1
85 257 1
123 141 1
141 256 1
62 141 1
78 98 1
172 187 1
72 182 1
182 331 1
86 182 1
125 184 1
187 266 1
172 266 1
25 187 1
183 187 1
171 324 1
145 210 1
2 145 1
51 282 1
282 361 1
165 282 1
209 282 1
246 333 1
174 333 1
42 116 1
34 126 1
154 277 1
200 277 1
117 154 1
174 280 1
280 333 1
246 280 1
174 243 1
53 174 1
245 273 1
209 352 1
352 361 1
282 352 1
51 352 1
165 352 1
94 209 1
10 101 1
65 251 1
65 262 1
1 191 1
5 268 1
80 91 1
80 139 1
80 93 1
79 80 1
71 75 1
75 179 1
73 347 1
115 293 1
74 115 1
69 323 1
69 169 1
212 336 1
177 292 1
130 177 1
189 323 1
169 189 1
69 189 1
15 184 1
15 125 1
179 335 1
75 335 1
71 335 1
40 118 1
251 326 1
65 326 1
262 326 1
222 296 1
108 256 1
108 123 1
108 141 1
62 108 1
17 298 1
217 326 1
65 217 1
217 251 1
217 262 1
218 238 1
1 175 1
175 191 1
300 323 1
169 300 1
69 300 1
189 300 1
112 194 1
194 236 1
232 296 1
222 232 1
29 347 1
29 73 1
151 253 1
230 284 1
20 234 1
122 278 1
122 216 1
122 136 1
21 79 1
21 139 1
21 80 1
21 306 1
21 91 1
21 93 1
21 31 1
380 1611 -1
380 1314 -1
380 1444 -1
380 1519 -1
2798 3972 -1
2554 3972 -1
2757 3972 -1
3097 3443 -1
3097 3506 -1
1116 3438 -1
937 1699 -1
937 2042 -1
937 1820 -1
2881 3794 -1
2881 3615 -1
1078 2498 -1
1096 2498 -1
1196 2498 -1
1059 2498 -1
1204 2498 -1
1078 2520 -1
1078 2802 -1
1078 2563 -1
1078 2788 -1
1924 2136 -1
1920 2136 -1
1917 2136 -1
1924 2095 -1
144 2144 -1
1965 2427 -1
265 1836 -1
265 1668 -1
2228 3810 -1
1344 3339 -1
1275 3339 -1
1477 3339 -1
515 3786 -1
595 1392 -1
1441 2317 -1
1441 2083 -1
1441 2364 -1
1441 2174 -1
1820 3261 -1
2042 3261 -1
1699 3261 -1
1820 3333 -1
1820 3551 -1
2995 3308 -1
2995 3503 -1
836 2686 -1
917 2686 -1
519 1991 -1
542 1991 -1
519 2061 -1
774 2735 -1
819 3612 -1
819 3995 -1
819 3895 -1
764 3576 -1
563 3576 -1
622 3576 -1
1551 3393 -1
1505 3393 -1
1462 3393 -1
1358 3393 -1
1257 3393 -1
1551 3281 -1
2807 3384 -1
2642 3209 -1
2480 3209 -1
2486 3209 -1
2642 3139 -1
400 2869 -1
664 2869 -1
400 2944 -1
400 2909 -1
400 2990 -1
933 2443 -1
933 2776 -1
933 2777 -1
933 2786 -1
933 2772 -1
2106 3108 -1
2333 3108 -1
1197 1818 -1
429 2484 -1
502 2484 -1
429 2442 -1
429 2668 -1
429 2610 -1
429 2706 -1
429 2644 -1
429 2559 -1
937 3021 -1
776 849 -1
785 2403 -1
785 2256 -1
785 2149 -1
2408 2427 -1
2230 2427 -1
1841 3904 -1
1560 3812 -1
1560 3736 -1
1560 3929 -1
1560 3687 -1
1560 3957 -1
1560 3839 -1
769 3957 -1
769 3929 -1
769 3812 -1
769 3687 -1
1411 1908 -1
1411 1876 -1
1411 2038 -1
1599 1922 -1
813 3044 -1
817 3044 -1
501 3044 -1
813 2977 -1
813 3061 -1
813 2966 -1
196 1988 -1
342 1988 -1
95 1988 -1
196 1828 -1
554 2678 -1
673 2678 -1
477 2678 -1
322 3830 -1
322 3857 -1
2671 2963 -1
2670 2963 -1
1150 3853 -1
1150 3833 -1
1150 3675 -1
636 2454 -1
636 2534 -1
2821 3454 -1
633 2694 -1
91 476 -1
80 476 -1
139 476 -1
21 476 -1
93 476 -1
79 476 -1
91 730 -1
91 412 -1
735 2657 -1
735 2619 -1
640 2088 -1
640 2294 -1
193 1569 -1
193 1425 -1
193 1423 -1
2312 3119 -1
2176 3119 -1
2118 3119 -1
2359 3119 -1
1487 2317 -1
1530 2317 -1
1487 2083 -1
1487 2364 -1
1487 2174 -1
866 2181 -1
2309 3926 -1
2273 3926 -1
2407 3926 -1
2309 3941 -1
2309 3814 -1
1301 2490 -1
1400 2490 -1
1468 2490 -1
1265 2355 -1
1265 2247 -1
1253 2736 -1
1253 2515 -1
1253 2445 -1
1592 1976 -1
1339 1976 -1
1580 1976 -1
1501 1976 -1
1592 1713 -1
1592 1678 -1
1513 3540 -1
1513 3362 -1
1513 3419 -1
1504 1652 -1
1442 1652 -1
1342 1652 -1
1504 1781 -1
75 1492 -1
335 1492 -1
179 1492 -1
71 1492 -1
3545 3748 -1
5 3040 -1
268 3040 -1
5 3059 -1
32 2071 -1
633 1035 -1
1197 2531 -1
240 3793 -1
1237 3848 -1
1280 3848 -1
1237 3657 -1
1237 3762 -1
1237 3772 -1
1237 3674 -1
1237 3855 -1
334 1304 -1
59 506 -1
59 603 -1
335 861 -1
75 861 -1
179 861 -1
71 861 -1
335 1108 -1
1487 3804 -1
1530 3804 -1
2375 3470 -1
2375 3424 -1
2375 3389 -1
2375 3292 -1
2375 3517 -1
2375 3582 -1
2375 3519 -1
3044 3492 -1
2977 3492 -1
3061 3492 -1
2966 3492 -1
3044 3405 -1
115 3276 -1
74 3276 -1
293 3276 -1
1646 2772 -1
1646 2786 -1
1646 2627 -1
1646 2567 -1
1646 2792 -1
1646 2443 -1
1646 2477 -1
1646 2488 -1
1646 2776 -1
1646 2777 -1
1646 2524 -1
172 2766 -1
266 2766 -1
187 2766 -1
1951 2974 -1
712 2306 -1
1756 3482 -1
1635 3482 -1
1642 3482 -1
1747 3482 -1
1997 3482 -1
1080 3821 -1
932 2405 -1
11 1185 -1
11 939 -1
2409 3450 -1
1091 1771 -1
1885 2890 -1
927 1396 -1
927 1488 -1
927 1266 -1
927 1270 -1
927 1478 -1
1621 1857 -1
1543 1857 -1
1356 1857 -1
1293 1857 -1
1582 1857 -1
1391 1857 -1
1553 1857 -1
1628 1857 -1
1621 1693 -1
1400 2382 -1
1468 2382 -1
1301 2382 -1
706 1093 -1
459 1093 -1
706 1216 -1
2580 3851 -1
2764 3851 -1
2455 3851 -1
2580 3656 -1
2580 3910 -1
1930 2519 -1
986 3409 -1
986 3420 -1
176 3111 -1
1550 2988 -1
1248 2988 -1
1550 3008 -1
1550 3012 -1
1564 2255 -1
425 906 -1
3583 3781 -1
3583 3605 -1
2256 3974 -1
2403 3974 -1
2149 3974 -1
2256 3944 -1
2256 3754 -1
2256 3679 -1
1842 2531 -1
1706 2531 -1
1782 2531 -1
2385 3731 -1
2444 3785 -1
2444 3813 -1
2444 3662 -1
121 1507 -1
3 1507 -1
303 1507 -1
2115 3574 -1
2202 3574 -1
2115 3303 -1
2115 3403 -1
2115 3501 -1
2115 3567 -1
2115 3288 -1
2115 3570 -1
2115 3544 -1
809 3037 -1
472 3037 -1
724 3037 -1
782 3037 -1
767 3037 -1
364 1109 -1
882 2211 -1
1086 3209 -1
1050 3209 -1
838 3209 -1
1086 3139 -1
1994 2783 -1
1971 2783 -1
1677 2783 -1
1925 2783 -1
1994 2473 -1
1994 2660 -1
1994 2653 -1
965 1938 -1
1161 1938 -1
846 1938 -1
865 1938 -1
3100 3597 -1
2895 3597 -1
250 1662 -1
312 1662 -1
250 1915 -1
250 2028 -1
455 1049 -1
1446 3924 -1
1496 3924 -1
3166 3837 -1
3090 3837 -1
3148 3837 -1
3101 3837 -1
1691 2074 -1
0 874 -1
207 874 -1
1269 3506 -1
1269 3443 -1
1592 2168 -1
1339 2168 -1
1580 2168 -1
1501 2168 -1
2408 3569 -1
2230 3569 -1
658 1476 -1
3225 3790 -1
2930 3790 -1
3132 3790 -1
3225 3923 -1
153 2340 -1
140 2043 -1
140 1826 -1
1830 2470 -1
1944 2470 -1
1874 2470 -1
39 1254 -1
39 1439 -1
451 2328 -1
388 2328 -1
541 2328 -1
2013 3390 -1
2013 3525 -1
1976 2768 -1
1713 2768 -1
1678 2768 -1
1123 3193 -1
824 3193 -1
1154 3193 -1
1014 3193 -1
255 3000 -1
479 2249 -1
3472 3621 -1
84 1759 -1
155 1759 -1
2041 3904 -1
1954 3904 -1
1973 3904 -1
1758 3904 -1
1109 2470 -1
2027 3077 -1
669 2026 -1
1321 3500 -1
1488 3444 -1
1266 3444 -1
1396 3444 -1
1270 3444 -1
1478 3444 -1
1488 3352 -1
1488 3338 -1
637 3060 -1
1978 2677 -1
1105 2317 -1
1105 2083 -1
1105 2364 -1
1105 2174 -1
1704 2712 -1
2846 3697 -1
3227 3697 -1
3093 3697 -1
1853 2992 -1
1853 2876 -1
1853 3028 -1
1853 3086 -1
1853 3038 -1
1853 3071 -1
199 2139 -1
1720 3660 -1
1720 3714 -1
1720 3725 -1
1720 3685 -1
2211 3712 -1
958 3567 -1
958 3303 -1
958 3403 -1
958 3501 -1
958 3288 -1
958 3570 -1
958 3574 -1
958 3544 -1
811 1943 -1
694 1943 -1
811 2024 -1
811 1694 -1
1236 3213 -1
1139 2254 -1
1017 2254 -1
907 2254 -1
877 2254 -1
1139 2198 -1
1139 2207 -1
1865 3012 -1
1736 3012 -1
1906 3012 -1
1865 3008 -1
1865 2988 -1
820 2767 -1
715 906 -1
599 1769 -1
551 1769 -1
599 1673 -1
599 1967 -1
982 2277 -1
858 2277 -1
943 2277 -1
1702 2471 -1
1702 2438 -1
1544 1953 -1
1523 1953 -1
1169 3901 -1
1169 3856 -1
1169 3649 -1
3214 3745 -1
3214 3796 -1
3214 3941 -1
3214 3814 -1
3214 3887 -1
1487 2706 -1
1530 2706 -1
1487 2442 -1
1487 2668 -1
1487 2610 -1
1487 2644 -1
1487 2484 -1
1487 2559 -1
3217 3995 -1
3217 3612 -1
3217 3895 -1
388 3190 -1
451 3190 -1
541 3190 -1
2381 2789 -1
1750 2977 -1
1827 2977 -1
1750 3044 -1
1750 3061 -1
1750 2966 -1
2244 3304 -1
2244 3264 -1
2244 3426 -1
2244 3346 -1
715 3162 -1
715 3001 -1
715 2804 -1
715 3047 -1
271 1033 -1
104 1033 -1
271 901 -1
549 2078 -1
561 2078 -1
549 2416 -1
549 2097 -1
549 2116 -1
500 1601 -1
371 1601 -1
1882 2673 -1
1762 2673 -1
1893 2673 -1
1692 2673 -1
1866 2673 -1
1941 2673 -1
1718 2673 -1
1880 2673 -1
1788 2673 -1
1882 2621 -1
2291 3069 -1
2282 3069 -1
2325 2848 -1
2089 2848 -1
2366 2848 -1
2169 2848 -1
2223 2848 -1
2214 3880 -1
2214 3732 -1
184 3890 -1
125 3890 -1
15 3890 -1
69 3128 -1
169 3128 -1
323 3128 -1
300 3128 -1
189 3128 -1
699 2341 -1
617 3134 -1
151 3390 -1
253 3390 -1
151 3525 -1
1404 3100 -1
1404 2895 -1
981 2854 -1
1594 2449 -1
104 822 -1
271 822 -1
104 1106 -1
104 869 -1
104 1054 -1
989 3118 -1
1007 3708 -1
1153 3708 -1
1041 3708 -1
1089 3708 -1
1007 3638 -1
92 1242 -1
92 1414 -1
290 2391 -1
1543 1813 -1
1479 1813 -1
1356 1813 -1
1293 1813 -1
1582 1813 -1
1391 1813 -1
1553 1813 -1
1458 1813 -1
1524 1813 -1
1621 1813 -1
1628 1813 -1
1470 1813 -1
1543 1911 -1
2756 3633 -1
2756 3885 -1
350 572 -1
350 812 -1
350 781 -1
350 686 -1
2396 2612 -1
848 3102 -1
840 3102 -1
848 2953 -1
848 2962 -1
848 3022 -1
1806 3396 -1
1935 3906 -1
1844 3906 -1
1070 3283 -1
1064 3283 -1
1070 3252 -1
1070 3356 -1
1070 3311 -1
240 3651 -1
630 3032 -1
423 3032 -1
42 684 -1
116 684 -1
2041 2302 -1
1954 2302 -1
1973 2302 -1
1758 2302 -1
531 1308 -1
2243 3993 -1
2981 3604 -1
2981 3928 -1
2981 3863 -1
2981 3611 -1
2981 3775 -1
787 1408 -1
577 1408 -1
642 1408 -1
494 1408 -1
1570 3943 -1
1570 3695 -1
959 2505 -1
959 2541 -1
92 2971 -1
977 2598 -1
46 1853 -1
994 1875 -1
900 1875 -1
267 3803 -1
818 3174 -1
496 3174 -1
692 3174 -1
588 3174 -1
397 3174 -1
818 3073 -1
1576 2169 -1
1506 2169 -1
1387 2169 -1
1532 2169 -1
1527 2169 -1
1359 2169 -1
1576 2325 -1
1576 2366 -1
1576 2223 -1
2578 3285 -1
2569 3285 -1
401 3036 -1
166 744 -1
166 547 -1
1211 3231 -1
2331 3862 -1
129 3121 -1
1742 2110 -1
10 3384 -1
101 3384 -1
720 1191 -1
705 1191 -1
585 1191 -1
374 1191 -1
758 1191 -1
537 1191 -1
720 1030 -1
720 1039 -1
720 1234 -1
720 979 -1
720 1076 -1
720 1143 -1
2075 2747 -1
814 1176 -1
814 835 -1
814 1228 -1
814 839 -1
3320 3936 -1
3320 3887 -1
3320 3796 -1
3320 3941 -1
3320 3814 -1
3320 3861 -1
235 3477 -1
307 3477 -1
4 3477 -1
2705 3083 -1
2705 2817 -1
2705 2925 -1
2222 2504 -1
2121 2504 -1
2222 2722 -1
755 3712 -1
435 2253 -1
1618 2419 -1
1328 2419 -1
1618 2201 -1
1618 2151 -1
1618 2229 -1
1618 2257 -1
1888 2679 -1
1888 2430 -1
302 381 -1
99 1638 -1
99 1829 -1
2620 3459 -1
2699 3459 -1
2620 3415 -1
3363 3780 -1
1122 2115 -1
1122 2202 -1
628 1056 -1
418 1056 -1
517 1056 -1
614 1056 -1
716 1056 -1
460 1056 -1
529 1056 -1
681 1056 -1
474 1056 -1
762 1056 -1
490 2549 -1
434 2549 -1
490 2769 -1
490 2493 -1
202 2948 -1
881 2444 -1
287 1051 -1
2812 3936 -1
2983 3936 -1
2812 3887 -1
2812 3796 -1
2812 3941 -1
2812 3814 -1
2812 3861 -1
2099 3238 -1
2182 3238 -1
406 1516 -1
1106 2348 -1
822 2348 -1
869 2348 -1
1054 2348 -1
261 3380 -1
1113 1621 -1
1113 1543 -1
1113 1356 -1
1113 1293 -1
1113 1582 -1
1113 1391 -1
1113 1553 -1
1113 1628 -1
986 3127 -1
1069 2663 -1
998 2663 -1
676 2793 -1
749 2793 -1
676 2723 -1
1415 2562 -1
1500 2562 -1
1132 1482 -1
1206 1482 -1
255 1542 -1
255 1335 -1
2191 2831 -1
2191 2882 -1
2191 3029 -1
1430 3257 -1
388 3943 -1
451 3943 -1
541 3943 -1
388 3695 -1
282 3711 -1
352 3711 -1
361 3711 -1
51 3711 -1
165 3711 -1
209 3711 -1
1669 3408 -1
1648 3408 -1
1972 3408 -1
1751 3408 -1
2143 3582 -1
2143 3424 -1
2143 3470 -1
2143 3389 -1
2143 3292 -1
2143 3517 -1
2143 3519 -1
2395 3303 -1
2285 3303 -1
2395 3403 -1
2395 3501 -1
2395 3567 -1
2395 3288 -1
2395 3570 -1
2395 3574 -1
2395 3544 -1
872 3157 -1
896 3157 -1
3154 3959 -1
2908 3959 -1
2491 2825 -1
1128 2975 -1
897 2975 -1
1135 2975 -1
935 2975 -1
1789 2525 -1
1776 2525 -1
321 511 -1
321 731 -1
1315 2877 -1
1282 2877 -1
1597 2877 -1
874 1844 -1
874 1935 -1
705 3034 -1
720 3034 -1
537 3034 -1
758 3034 -1
1587 3315 -1
1587 3346 -1
1587 3427 -1
1587 3426 -1
702 3645 -1
85 1993 -1
257 1993 -1
198 1993 -1
2073 2469 -1
2800 3869 -1
2586 3869 -1
2800 3623 -1
1960 2258 -1
442 2748 -1
874 3351 -1
874 3365 -1
3132 3470 -1
3225 3470 -1
2930 3470 -1
3132 3424 -1
3132 3389 -1
3132 3292 -1
3132 3517 -1
3132 3582 -1
3132 3519 -1
475 2557 -1
801 2557 -1
475 2682 -1
1665 3384 -1
1802 3384 -1
92 1027 -1
777 2996 -1
626 2996 -1
788 2996 -1
698 2996 -1
627 1452 -1
627 1263 -1
1769 2670 -1
1673 2670 -1
1967 2670 -1
1769 2671 -1
82 3326 -1
82 3562 -1
1771 3026 -1
1771 2816 -1
291 3326 -1
291 3562 -1
138 1801 -1
239 1801 -1
1381 1922 -1
1239 3530 -1
1239 3249 -1
1239 3481 -1
480 1389 -1
593 1389 -1
734 1389 -1
1091 2656 -1
2612 2845 -1
1862 2885 -1
1984 2885 -1
1766 2885 -1
112 3807 -1
194 3807 -1
236 3807 -1
112 3824 -1
112 3753 -1
57 3160 -1
419 2894 -1
256 686 -1
123 686 -1
108 686 -1
141 686 -1
62 686 -1
256 812 -1
256 572 -1
256 781 -1
972 1695 -1
516 1514 -1
1066 1878 -1
1066 2001 -1
1480 1696 -1
1200 2240 -1
1280 3844 -1
1237 3844 -1
1280 3896 -1
576 3420 -1
576 3409 -1
454 2275 -1
454 2393 -1
454 2423 -1
1337 3160 -1
2420 3635 -1
339 1418 -1
260 1418 -1
593 2313 -1
480 2313 -1
734 2313 -1
2477 3739 -1
2786 3739 -1
2627 3739 -1
2567 3739 -1
2792 3739 -1
2776 3739 -1
2772 3739 -1
2488 3739 -1
2777 3739 -1
2524 3739 -1
936 2183 -1
1024 2183 -1
2103 3108 -1
2147 3108 -1
2365 3108 -1
2318 3108 -1
1056 3814 -1
1056 3936 -1
1056 3745 -1
1056 3941 -1
1056 3887 -1
1056 3796 -1
1056 3861 -1
1056 3926 -1
3060 3795 -1
573 2957 -1
573 3109 -1
2398 3937 -1
2082 3937 -1
2316 3937 -1
331 1816 -1
72 1816 -1
182 1816 -1
86 1816 -1
1891 3345 -1
411 3145 -1
681 3145 -1
517 3145 -1
411 2880 -1
595 2526 -1
236 1114 -1
112 1114 -1
194 1114 -1
281 1443 -1
281 1593 -1
3257 3665 -1
3257 3927 -1
3257 3631 -1
769 2972 -1
2760 3737 -1
2436 3737 -1
2698 3737 -1
2478 3737 -1
2707 3737 -1
2742 3737 -1
2474 3737 -1
1874 2883 -1
1944 2883 -1
1830 2883 -1
1874 2911 -1
2653 3095 -1
2473 3095 -1
2660 3095 -1
2783 3095 -1
2760 3073 -1
2436 3073 -1
2698 3073 -1
2478 3073 -1
2707 3073 -1
2742 3073 -1
2474 3073 -1
2760 3174 -1
676 2356 -1
749 2356 -1
2270 3394 -1
1385 3229 -1
845 3208 -1
845 2919 -1
1382 2467 -1
1384 2467 -1
1394 2467 -1
1382 2741 -1
699 1166 -1
699 841 -1
699 1067 -1
699 1207 -1
860 1678 -1
860 1976 -1
860 1713 -1
1133 3907 -1
1133 3616 -1
1133 3721 -1
1133 3746 -1
1133 3916 -1
1133 3741 -1
852 3910 -1
1210 3910 -1
1134 3910 -1
852 3656 -1
852 3851 -1
2690 3398 -1
2758 3398 -1
2690 3313 -1
1391 2573 -1
1543 2573 -1
1356 2573 -1
1293 2573 -1
1582 2573 -1
1553 2573 -1
1621 2573 -1
1628 2573 -1
730 980 -1
412 980 -1
476 980 -1
1486 3142 -1
1238 3142 -1
415 3772 -1
415 3848 -1
415 3657 -1
415 3724 -1
415 3629 -1
415 3855 -1
415 3762 -1
415 3704 -1
415 3801 -1
415 3674 -1
1228 2175 -1
929 2175 -1
835 2175 -1
839 2175 -1
1065 2175 -1
1176 2175 -1
1084 2175 -1
2144 3867 -1
358 3339 -1
1304 3396 -1
1336 3631 -1
1240 3631 -1
1499 3631 -1
1336 3665 -1
1336 3927 -1
255 1461 -1
2245 3238 -1
2319 3238 -1
1308 2004 -1
500 2206 -1
371 2206 -1
152 3001 -1
152 3162 -1
152 2804 -1
152 3047 -1
2913 3237 -1
3081 3237 -1
3123 3237 -1
2945 3237 -1
1402 3523 -1
1255 2370 -1
1255 2344 -1
1255 2100 -1
3520 3724 -1
3496 3724 -1
3321 3724 -1
3520 3720 -1
3520 3629 -1
3520 3704 -1
3520 3864 -1
3520 3801 -1
3520 3674 -1
3520 3772 -1
1627 2678 -1
216 2025 -1
136 2025 -1
122 2025 -1
278 2025 -1
70 1102 -1
2216 3697 -1
2248 3697 -1
2238 3697 -1
684 2550 -1
1112 3605 -1
1112 3781 -1
293 2679 -1
74 2679 -1
115 2679 -1
293 2430 -1
1636 3806 -1
1453 1802 -1
1376 1802 -1
1453 1665 -1
2034 3448 -1
1942 3448 -1
2034 3554 -1
1931 3261 -1
1931 3333 -1
1931 3551 -1
1456 2432 -1
1300 2432 -1
888 3103 -1
1057 3103 -1
883 3103 -1
942 3103 -1
3071 3622 -1
2992 3622 -1
2876 3622 -1
3028 3622 -1
3086 3622 -1
3038 3622 -1
331 3389 -1
72 3389 -1
182 3389 -1
86 3389 -1
331 3424 -1
331 3470 -1
331 3292 -1
331 3517 -1
331 3582 -1
331 3519 -1
778 2713 -1
488 2713 -1
778 2553 -1
778 2564 -1
2206 3308 -1
2206 3503 -1
2065 3665 -1
1981 3665 -1
2065 3927 -1
2065 3631 -1
1224 2188 -1
1224 2406 -1
1224 2390 -1
1894 2855 -1
1834 2855 -1
485 3731 -1
1848 3002 -1
1714 3002 -1
246 3666 -1
280 3666 -1
333 3666 -1
174 3666 -1
246 3678 -1
414 1345 -1
414 1474 -1
414 1596 -1
414 1629 -1
414 1455 -1
199 769 -1
1684 2187 -1
1684 2272 -1
1684 2190 -1
654 1266 -1
654 1488 -1
654 1396 -1
654 1270 -1
654 1478 -1
2660 3545 -1
2653 3545 -1
2783 3545 -1
789 1082 -1
390 1082 -1
2119 3527 -1
3375 3777 -1
3241 3777 -1
3382 3777 -1
3335 3777 -1
3375 3955 -1
901 3312 -1
1033 3312 -1
3067 3883 -1
2205 2482 -1
2205 2737 -1
2205 2508 -1
2205 2461 -1
2205 2665 -1
1501 2746 -1
1592 2746 -1
1339 2746 -1
1580 2746 -1
1501 2647 -1
376 3457 -1
657 3457 -1
1126 3789 -1
979 3789 -1
1030 3789 -1
2190 2624 -1
2272 2624 -1
2187 2624 -1
2907 3991 -1
3024 3991 -1
2929 3991 -1
2871 3502 -1
3152 3502 -1
282 1657 -1
352 1657 -1
361 1657 -1
51 1657 -1
165 1657 -1
209 1657 -1
282 1719 -1
1033 3303 -1
901 3303 -1
1033 3403 -1
1033 3501 -1
1033 3567 -1
1033 3288 -1
1033 3570 -1
1033 3574 -1
1033 3544 -1
1024 2465 -1
936 2465 -1
845 2416 -1
845 2097 -1
845 2116 -1
845 2078 -1
58 1867 -1
330 1867 -1
58 1958 -1
3329 3923 -1
3329 3790 -1
251 2847 -1
65 2847 -1
326 2847 -1
262 2847 -1
217 2847 -1
1687 3264 -1
1687 3304 -1
1687 3426 -1
1687 3346 -1
1354 2228 -1
1606 2228 -1
1510 2228 -1
2545 3816 -1
2545 3877 -1
410 1841 -1
2587 3891 -1
2667 3891 -1
2587 3603 -1
2587 3966 -1
2774 3151 -1
2770 3151 -1
2711 3151 -1
2845 3494 -1
1993 3831 -1
1798 2670 -1
2008 2670 -1
1866 2670 -1
1893 2670 -1
1798 2671 -1
520 2288 -1
368 2288 -1
362 3374 -1
2275 3584 -1
2393 3584 -1
2423 3584 -1
2275 3378 -1
2275 3319 -1
3177 3870 -1
3221 3786 -1
3106 3786 -1
2218 2786 -1
2160 2786 -1
2218 2627 -1
2218 2567 -1
2218 2792 -1
2218 2443 -1
2218 2477 -1
2218 2776 -1
2218 2772 -1
2218 2488 -1
2218 2777 -1
2218 2524 -1
867 1407 -1
100 2397 -1
619 1782 -1
619 1842 -1
619 1706 -1
2057 3739 -1
2178 2517 -1
2123 2517 -1
3528 3633 -1
3434 3633 -1
3279 3633 -1
3528 3885 -1
705 3648 -1
720 3648 -1
537 3648 -1
758 3648 -1
705 3800 -1
705 3865 -1
705 3716 -1
3027 3696 -1
3138 3696 -1
3015 3696 -1
2986 3696 -1
3086 3696 -1
2832 3696 -1
3028 3696 -1
2926 3696 -1
2870 3696 -1
1047 3457 -1
3461 3906 -1
3539 3906 -1
44 2858 -1
44 3043 -1
44 2916 -1
429 3647 -1
502 3647 -1
625 1559 -1
245 1820 -1
273 1820 -1
245 2042 -1
245 1699 -1
1711 3198 -1
880 3349 -1
2473 3501 -1
2653 3501 -1
2783 3501 -1
2473 3303 -1
2473 3403 -1
2473 3567 -1
2473 3288 -1
2473 3570 -1
2473 3574 -1
2473 3544 -1
1133 1871 -1
1133 1701 -1
1364 3007 -1
1834 3117 -1
1894 3117 -1
1834 2875 -1
2767 2968 -1
768 3769 -1
563 3769 -1
622 3769 -1
1451 2575 -1
1330 2575 -1
1325 2575 -1
1792 2753 -1
1224 3101 -1
1224 3090 -1
1224 3148 -1
1224 3166 -1
2487 3361 -1
2448 3361 -1
591 846 -1
771 846 -1
591 1161 -1
591 965 -1
591 865 -1
2135 3957 -1
2107 3957 -1
2135 3929 -1
2135 3812 -1
2135 3687 -1
142 709 -1
142 804 -1
684 3766 -1
2137 2779 -1
347 3083 -1
73 3083 -1
29 3083 -1
347 2817 -1
347 2925 -1
164 1840 -1
1038 3274 -1
1038 3314 -1
1038 3499 -1
1038 3591 -1
2023 3275 -1
1861 3275 -1
1056 1301 -1
1056 1400 -1
1056 1468 -1
451 2247 -1
388 2247 -1
541 2247 -1
451 2355 -1
783 1723 -1
41 3429 -1
231 2517 -1
49 2517 -1
3163 3547 -1
485 3688 -1
485 3682 -1
493 1789 -1
493 1776 -1
1033 2011 -1
901 2011 -1
1006 2361 -1
1006 2080 -1
1006 2172 -1
1006 2278 -1
1006 2335 -1
2841 3388 -1
2815 3388 -1
334 445 -1
334 468 -1
2606 3265 -1
2606 3341 -1
2606 3255 -1
1572 3806 -1
472 1939 -1
809 1939 -1
724 1939 -1
782 1939 -1
767 1939 -1
1543 3927 -1
1479 3927 -1
1356 3927 -1
1293 3927 -1
1582 3927 -1
1391 3927 -1
1553 3927 -1
1458 3927 -1
1524 3927 -1
1621 3927 -1
1628 3927 -1
1470 3927 -1
1543 3665 -1
1543 3631 -1
142 2339 -1
142 2128 -1
142 2305 -1
142 2286 -1
2223 3129 -1
2169 3129 -1
2325 3129 -1
2366 3129 -1
2089 3129 -1
77 1850 -1
3165 3629 -1
3165 3704 -1
3165 3801 -1
3165 3674 -1
3165 3772 -1
3165 3724 -1
102 1397 -1
1855 2554 -1
1855 2757 -1
1855 2798 -1
2585 2994 -1
2659 2994 -1
1443 3414 -1
1593 3414 -1
1443 3476 -1
1384 2290 -1
1394 2290 -1
1382 2290 -1
3171 3369 -1
483 2786 -1
483 2627 -1
483 2567 -1
483 2792 -1
483 2443 -1
483 2477 -1
483 2776 -1
483 2772 -1
483 2488 -1
483 2777 -1
483 2524 -1
116 2710 -1
42 2710 -1
116 2441 -1
1960 2405 -1
34 2905 -1
126 2905 -1
34 2859 -1
34 3175 -1
890 2837 -1
1008 2837 -1
1058 2837 -1
465 3159 -1
1244 1681 -1
1883 2843 -1
1884 2573 -1
1819 2573 -1
187 1383 -1
25 1383 -1
266 1383 -1
172 1383 -1
183 1383 -1
2063 3860 -1
2031 3776 -1
530 3935 -1
2208 3431 -1
2797 3074 -1
1233 3753 -1
921 3753 -1
988 3753 -1
926 3753 -1
1233 3824 -1
1233 3807 -1
631 3885 -1
631 3633 -1
1039 2048 -1
1030 2048 -1
1191 2048 -1
1234 2048 -1
979 2048 -1
1076 2048 -1
1143 2048 -1
1039 1921 -1
1039 1804 -1
2759 3101 -1
2759 3090 -1
2759 3148 -1
2759 3166 -1
2796 3300 -1
1979 3959 -1
1727 3959 -1
51 1987 -1
352 1987 -1
361 1987 -1
282 1987 -1
165 1987 -1
209 1987 -1
1188 2994 -1
154 1022 -1
200 1022 -1
277 1022 -1
117 1022 -1
71 1689 -1
75 1689 -1
179 1689 -1
335 1689 -1
71 1814 -1
1524 3305 -1
1553 3305 -1
1458 3305 -1
1479 3305 -1
1470 3305 -1
1543 3305 -1
1642 3315 -1
1635 3315 -1
1747 3315 -1
1756 3315 -1
1997 3315 -1
1642 3346 -1
1642 3427 -1
1642 3426 -1
381 1067 -1
381 841 -1
381 1166 -1
381 1207 -1
1534 2166 -1
1534 2281 -1
2615 3371 -1
631 951 -1
1085 1581 -1
1085 1305 -1
1085 1419 -1
1769 2129 -1
1673 2129 -1
1967 2129 -1
1077 2073 -1
799 3622 -1
346 2264 -1
1666 3567 -1
1708 3567 -1
1685 3567 -1
1654 3567 -1
1805 3567 -1
1666 3303 -1
1666 3403 -1
1666 3501 -1
1666 3288 -1
1666 3570 -1
1666 3574 -1
1666 3544 -1
964 2097 -1
964 2416 -1
964 2116 -1
964 2078 -1
3469 3795 -1
3571 3795 -1
3462 3795 -1
40 2554 -1
118 2554 -1
40 2757 -1
40 2798 -1
1279 3342 -1
1279 3366 -1
1279 3367 -1
544 3179 -1
1864 3509 -1
436 1032 -1
2696 3312 -1
2539 3312 -1
2532 3312 -1
128 3490 -1
128 3435 -1
3134 3578 -1
2186 2793 -1
2186 2723 -1
773 3011 -1
1798 3255 -1
2008 3255 -1
1866 3255 -1
1893 3255 -1
1798 3265 -1
1798 3266 -1
1798 3341 -1
1798 3446 -1
104 1387 -1
271 1387 -1
104 1576 -1
104 1532 -1
104 1359 -1
1957 3006 -1
1419 2660 -1
1305 2660 -1
1581 2660 -1
1419 2653 -1
1419 2783 -1
317 3208 -1
317 2919 -1
2524 3729 -1
2786 3729 -1
2627 3729 -1
2567 3729 -1
2792 3729 -1
2477 3729 -1
2776 3729 -1
2772 3729 -1
2488 3729 -1
2777 3729 -1
1479 3961 -1
1284 3961 -1
1543 3961 -1
1553 3961 -1
1458 3961 -1
1524 3961 -1
1470 3961 -1
1443 3804 -1
1593 3804 -1
2065 3523 -1
1981 3523 -1
613 2857 -1
1195 1673 -1
904 1673 -1
1190 1673 -1
1195 1769 -1
1195 1967 -1
1982 2668 -1
1982 2442 -1
1982 2610 -1
1982 2706 -1
1982 2484 -1
1982 2644 -1
1982 2559 -1
52 3424 -1
106 3424 -1
363 3424 -1
52 3470 -1
52 3389 -1
52 3292 -1
52 3517 -1
52 3582 -1
52 3519 -1
212 549 -1
336 549 -1
212 561 -1
1453 2838 -1
1376 2838 -1
1315 2533 -1
1282 2533 -1
1597 2533 -1
1315 2552 -1
1315 2522 -1
1315 2775 -1
2613 2985 -1
2613 2879 -1
3409 3839 -1
3420 3839 -1
3409 3736 -1
3409 3929 -1
3409 3812 -1
3409 3687 -1
1613 2004 -1
2062 3666 -1
2062 3678 -1
373 1610 -1
718 1610 -1
373 1322 -1
373 1319 -1
2245 3536 -1
2319 3536 -1
758 2094 -1
720 2094 -1
705 2094 -1
537 2094 -1
519 2125 -1
542 2125 -1
1884 2633 -1
1819 2633 -1
1796 3160 -1
851 2535 -1
1052 2535 -1
1165 2535 -1
751 964 -1
70 966 -1
1171 3681 -1
521 3331 -1
121 1943 -1
3 1943 -1
303 1943 -1
121 2024 -1
121 1694 -1
1840 3285 -1
1145 3230 -1
327 764 -1
327 563 -1
327 622 -1
2035 2670 -1
2045 2670 -1
2035 2671 -1
1955 2720 -1
1955 2716 -1
2031 2691 -1
2031 2561 -1
1084 3541 -1
1228 3541 -1
839 3541 -1
2037 3017 -1
2037 2950 -1
1577 2334 -1
1577 2310 -1
328 2612 -1
432 1466 -1
737 950 -1
86 2145 -1
72 2145 -1
331 2145 -1
182 2145 -1
86 2422 -1
953 2702 -1
953 2439 -1
1511 2552 -1
1511 2522 -1
1511 2533 -1
1511 2775 -1
132 1566 -1
2036 2413 -1
1703 2990 -1
1975 2990 -1
1703 2944 -1
1703 2869 -1
1703 2909 -1
3576 3759 -1
3576 3884 -1
446 2146 -1
736 2146 -1
367 2146 -1
2165 2864 -1
2164 2864 -1
2411 2864 -1
2300 2864 -1
2077 2864 -1
1040 1978 -1
1714 3943 -1
1848 3943 -1
1714 3695 -1
2003 2262 -1
2003 2180 -1
883 3576 -1
888 3576 -1
942 3576 -1
1733 3375 -1
1733 3241 -1
1733 3382 -1
1733 3335 -1
1165 2424 -1
851 2424 -1
1052 2424 -1
233 2195 -1
233 2330 -1
233 2347 -1
233 2133 -1
233 2279 -1
1201 1762 -1
1201 1893 -1
1201 1692 -1
1201 1866 -1
1201 1941 -1
1201 1718 -1
1201 1880 -1
1201 1882 -1
1201 1788 -1
1414 3000 -1
1242 3000 -1
2376 2775 -1
2376 2552 -1
2376 2522 -1
2376 2533 -1
2280 3213 -1
1543 3298 -1
1479 3298 -1
1356 3298 -1
1293 3298 -1
1582 3298 -1
1391 3298 -1
1553 3298 -1
1458 3298 -1
1524 3298 -1
1621 3298 -1
1628 3298 -1
1470 3298 -1
669 2386 -1
359 3532 -1
359 3241 -1
359 3382 -1
628 1668 -1
418 1668 -1
517 1668 -1
614 1668 -1
716 1668 -1
460 1668 -1
529 1668 -1
681 1668 -1
474 1668 -1
762 1668 -1
628 1836 -1
1489 2887 -1
1009 2489 -1
913 2489 -1
184 2277 -1
125 2277 -1
15 2277 -1
3346 3667 -1
3304 3667 -1
3264 3667 -1
3426 3667 -1
3427 3667 -1
3315 3667 -1
1259 2786 -1
1259 2627 -1
1259 2567 -1
1259 2792 -1
1259 2443 -1
1259 2477 -1
1259 2776 -1
1259 2772 -1
1259 2488 -1
1259 2777 -1
1259 2524 -1
198 3614 -1
257 3614 -1
85 3614 -1
3401 3711 -1
596 3835 -1
596 3654 -1
972 3876 -1
1364 1746 -1
1930 3900 -1
138 2906 -1
239 2906 -1
138 3204 -1
1532 3053 -1
1576 3053 -1
1387 3053 -1
1359 3053 -1
1532 2954 -1
550 2301 -1
96 1698 -1
352 2060 -1
165 2060 -1
361 2060 -1
209 2060 -1
51 2060 -1
282 2060 -1
94 2060 -1
352 1682 -1
352 1899 -1
765 2087 -1
765 2076 -1
765 2093 -1
299 572 -1
97 572 -1
299 812 -1
299 781 -1
299 686 -1
801 1702 -1
475 1702 -1
1199 1690 -1
1199 2050 -1
1392 2754 -1
1392 2611 -1
539 2480 -1
539 2642 -1
539 2486 -1
305 395 -1
334 3740 -1
2327 3881 -1
398 2068 -1
540 2068 -1
612 2068 -1
398 2292 -1
2079 2628 -1
2236 2628 -1
58 2003 -1
330 2003 -1
3065 3352 -1
3065 3338 -1
3065 3444 -1
1772 2502 -1
709 3844 -1
804 3844 -1
709 3896 -1
2092 2572 -1
2232 2572 -1
2235 2572 -1
862 1393 -1
862 1312 -1
512 1287 -1
1994 3621 -1
1971 3621 -1
1677 3621 -1
1925 3621 -1
752 3496 -1
752 3520 -1
752 3321 -1
525 3286 -1
808 3286 -1
807 3286 -1
694 958 -1
811 958 -1
863 2470 -1
316 2248 -1
316 2216 -1
316 2238 -1
3075 3378 -1
3075 3584 -1
3075 3319 -1
2419 3776 -1
2201 3776 -1
2151 3776 -1
2229 3776 -1
2257 3776 -1
861 2527 -1
1108 2527 -1
861 2609 -1
861 2494 -1
403 1605 -1
3231 3816 -1
3231 3877 -1
1223 1899 -1
962 1899 -1
1223 1682 -1
1223 2060 -1
237 3869 -1
237 3623 -1
1103 3702 -1
1103 3980 -1
1103 3596 -1
1103 3709 -1
2276 3441 -1
2337 3441 -1
2184 3441 -1
2388 3441 -1
2101 3441 -1
2367 3441 -1
2303 3441 -1
2794 3451 -1
2794 3259 -1
756 2900 -1
131 2239 -1
1544 2180 -1
1523 2180 -1
1544 2262 -1
163 2037 -1
3311 3733 -1
3252 3733 -1
3283 3733 -1
3356 3733 -1
1931 2629 -1
1412 1882 -1
1412 1762 -1
1412 1893 -1
1412 1692 -1
1412 1866 -1
1412 1941 -1
1412 1718 -1
1412 1880 -1
1412 1788 -1
186 671 -1
1208 2946 -1
