422 464 1
425 717 1
394 685 1
383 808 1
540 641 1
368 373 1
449 593 1
626 765 1
513 680 1
650 767 1
626 756 1
756 765 1
552 740 1
444 651 1
464 748 1
422 748 1
563 649 1
385 406 1
438 593 1
438 449 1
429 655 1
538 733 1
376 603 1
418 794 1
415 540 1
415 641 1
571 768 1
410 596 1
480 641 1
480 540 1
415 480 1
578 579 1
473 732 1
491 538 1
491 733 1
393 659 1
438 633 1
593 633 1
449 633 1
537 740 1
537 552 1
370 407 1
756 782 1
626 782 1
765 782 1
444 691 1
651 691 1
435 475 1
507 778 1
373 425 1
368 425 1
373 717 1
634 750 1
622 671 1
372 552 1
372 537 1
372 740 1
403 752 1
460 738 1
382 754 1
546 552 1
537 546 1
546 740 1
372 546 1
432 752 1
403 432 1
420 603 1
376 420 1
445 459 1
644 718 1
483 747 1
440 705 1
397 693 1
613 735 1
373 765 1
368 765 1
425 765 1
717 765 1
373 782 1
373 626 1
373 756 1
558 577 1
376 438 1
438 603 1
420 438 1
376 449 1
376 593 1
376 633 1
406 516 1
385 516 1
426 445 1
426 459 1
502 784 1
519 664 1
399 629 1
454 792 1
396 759 1
433 740 1
433 552 1
433 537 1
433 546 1
372 433 1
372 704 1
546 704 1
704 740 1
552 704 1
433 704 1
537 704 1
505 739 1
516 724 1
385 724 1
406 724 1
714 808 1
383 714 1
605 741 1
573 819 1
455 810 1
565 809 1
536 638 1
410 595 1
595 596 1
416 766 1
558 810 1
577 810 1
455 558 1
795 801 1
666 678 1
400 607 1
541 784 1
502 541 1
597 610 1
668 785 1
396 605 1
605 759 1
396 741 1
633 672 1
376 672 1
593 672 1
438 672 1
449 672 1
574 801 1
574 795 1
528 546 1
528 704 1
528 740 1
528 552 1
433 528 1
372 528 1
528 537 1
409 515 1
559 758 1
483 521 1
521 747 1
633 683 1
672 683 1
449 683 1
593 683 1
438 683 1
376 683 1
652 671 1
622 652 1
488 661 1
731 761 1
510 599 1
462 489 1
539 704 1
539 546 1
539 740 1
539 552 1
528 539 1
433 539 1
372 539 1
537 539 1
584 771 1
421 447 1
488 551 1
551 661 1
462 537 1
489 537 1
462 704 1
462 546 1
462 740 1
462 552 1
462 528 1
433 462 1
372 462 1
462 539 1
634 814 1
750 814 1
553 665 1
710 808 1
710 714 1
383 710 1
484 675 1
489 762 1
537 762 1
462 762 1
634 789 1
789 814 1
750 789 1
514 574 1
514 801 1
514 795 1
615 813 1
366 402 1
495 549 1
431 523 1
516 627 1
385 627 1
627 724 1
406 627 1
451 614 1
618 623 1
597 794 1
610 794 1
418 597 1
591 680 1
513 591 1
664 684 1
519 684 1
588 764 1
417 587 1
511 515 1
409 511 1
540 757 1
480 757 1
641 757 1
415 757 1
989 1038 1
938 993 1
1093 1197 1
893 1008 1
824 1196 1
888 908 1
955 1198 1
1024 1108 1
1031 1070 1
844 855 1
1078 1101 1
950 1042 1
886 933 1
843 994 1
825 947 1
994 1041 1
843 1041 1
988 1055 1
1063 1081 1
1036 1190 1
860 1070 1
860 1031 1
1140 1215 1
878 911 1
951 1185 1
960 961 1
1008 1210 1
893 1210 1
867 884 1
1007 1024 1
1007 1108 1
825 827 1
827 947 1
928 1127 1
826 951 1
826 1185 1
837 1072 1
905 1179 1
1128 1145 1
909 951 1
909 1185 1
826 909 1
848 1083 1
1126 1223 1
1144 1205 1
853 1182 1
1104 1167 1
996 1014 1
922 975 1
922 1205 1
975 1205 1
922 1144 1
1008 1225 1
1210 1225 1
893 1225 1
1139 1152 1
1017 1033 1
972 1079 1
1053 1161 1
835 946 1
1026 1089 1
922 1072 1
1072 1144 1
1072 1205 1
975 1072 1
837 922 1
990 1230 1
953 1023 1
964 1025 1
858 910 1
985 1042 1
950 985 1
879 963 1
840 1080 1
992 1168 1
834 846 1
1014 1203 1
996 1203 1
1050 1215 1
1050 1140 1
823 1070 1
823 860 1
823 1031 1
949 1042 1
949 985 1
949 950 1
862 1157 1
902 966 1
1007 1076 1
1024 1076 1
1076 1108 1
912 1041 1
912 994 1
843 912 1
1149 1167 1
1104 1149 1
1022 1052 1
891 1165 1
934 1080 1
840 934 1
974 1095 1
853 1026 1
1026 1182 1
853 1089 1
904 1003 1
957 1059 1
1174 1195 1
1033 1173 1
1017 1173 1
879 1131 1
963 1131 1
1121 1213 1
899 993 1
899 938 1
964 1158 1
1025 1158 1
893 1119 1
1008 1119 1
1119 1225 1
1119 1210 1
852 1071 1
996 1234 1
1203 1234 1
1014 1234 1
878 903 1
903 911 1
957 1075 1
1059 1075 1
863 927 1
884 1226 1
867 1226 1
820 1184 1
1051 1193 1
976 1181 1
912 1224 1
1041 1224 1
994 1224 1
843 1224 1
827 835 1
825 835 1
835 947 1
827 946 1
944 999 1
1038 1092 1
989 1092 1
1203 1225 1
1225 1234 1
996 1225 1
1014 1225 1
1008 1203 1
1203 1210 1
893 1203 1
1119 1203 1
909 1134 1
1134 1185 1
826 1134 1
951 1134 1
852 883 1
883 1071 1
979 1089 1
979 1026 1
853 979 1
1139 1142 1
1142 1152 1
1186 1199 1
870 1050 1
870 1140 1
870 1215 1
996 1214 1
1214 1225 1
1214 1234 1
1203 1214 1
1014 1214 1
1170 1178 1
1082 1181 1
976 1082 1
909 1002 1
1002 1185 1
826 1002 1
1002 1134 1
951 1002 1
912 1051 1
1051 1224 1
1041 1051 1
994 1051 1
843 1051 1
912 1193 1
1098 1119 1
1098 1225 1
1008 1098 1
1098 1203 1
1098 1210 1
893 1098 1
922 1000 1
837 1000 1
975 1000 1
1000 1072 1
1000 1205 1
1000 1144 1
1021 1214 1
996 1021 1
1021 1225 1
1021 1234 1
1021 1203 1
1014 1021 1
1072 1160 1
837 1160 1
1000 1160 1
975 1160 1
1160 1205 1
1144 1160 1
922 1160 1
1260 1397 1
1251 1408 1
1517 1517 1
1246 1483 1
1298 1531 1
1287 1373 1
1441 1581 1
1245 1312 1
1240 1596 1
1456 1536 1
1297 1474 1
1249 1419 1
1484 1604 1
1245 1394 1
1312 1394 1
1277 1281 1
1501 1504 1
1344 1618 1
1398 1425 1
1381 1383 1
1237 1363 1
1276 1533 1
1277 1526 1
1281 1526 1
1350 1355 1
1498 1600 1
1295 1520 1
1291 1634 1
1393 1436 1
1338 1474 1
1297 1338 1
1430 1573 1
1363 1484 1
1237 1484 1
1363 1604 1
1500 1575 1
1368 1491 1
1292 1368 1
1292 1491 1
1240 1400 1
1400 1596 1
1263 1606 1
1475 1496 1
1302 1520 1
1295 1302 1
1252 1464 1
1335 1452 1
1256 1387 1
1509 1565 1
1428 1612 1
1393 1583 1
1436 1583 1
1240 1380 1
1380 1400 1
1380 1596 1
1475 1627 1
1496 1627 1
1491 1590 1
1368 1590 1
1292 1590 1
1246 1322 1
1322 1483 1
1388 1553 1
1331 1566 1
1240 1244 1
1244 1400 1
1244 1380 1
1244 1596 1
1288 1489 1
1374 1631 1
1309 1472 1
1284 1435 1
1399 1607 1
1331 1371 1
1371 1566 1
1469 1549 1
1396 1600 1
1396 1498 1
1321 1334 1
1270 1350 1
1270 1355 1
1434 1494 1
1450 1470 1
1354 1407 1
1285 1357 1
1436 1556 1
1393 1556 1
1556 1583 1
1275 1401 1
1327 1509 1
1327 1565 1
1491 1503 1
1368 1503 1
1292 1503 1
1503 1590 1
1377 1477 1
1586 1607 1
1399 1586 1
1323 1341 1
1582 1598 1
1326 1389 1
1323 1450 1
1341 1450 1
1323 1470 1
1242 1439 1
1410 1579 1
1524 1589 1
1285 1356 1
1356 1357 1
1323 1497 1
1450 1497 1
1341 1497 1
1470 1497 1
1424 1484 1
1363 1424 1
1424 1604 1
1237 1424 1
1310 1361 1
1348 1441 1
1348 1581 1
1241 1626 1
1383 1410 1
1381 1410 1
1383 1579 1
1240 1241 1
1241 1400 1
1241 1380 1
1241 1596 1
1241 1244 1
1240 1626 1
1296 1588 1
1537 1575 1
1500 1537 1
1507 1621 1
1552 1609 1
1396 1597 1
1597 1600 1
1498 1597 1
1447 1531 1
1298 1447 1
1335 1425 1
1425 1452 1
1335 1398 1
1538 1608 1
1290 1408 1
1251 1290 1
1355 1546 1
1270 1546 1
1350 1546 1
1300 1592 1
1310 1450 1
1361 1450 1
1310 1323 1
1310 1470 1
1310 1497 1
1310 1341 1
1351 1607 1
1351 1586 1
1351 1399 1
1350 1621 1
1546 1621 1
1355 1621 1
1270 1621 1
1350 1507 1
1471 1494 1
1434 1471 1
1264 1292 1
1264 1368 1
1264 1491 1
1264 1590 1
1264 1503 1
1291 1325 1
1325 1634 1
1436 1534 1
1393 1534 1
1534 1556 1
1534 1583 1
1299 1521 1
1539 1575 1
1537 1539 1
1500 1539 1
1555 1619 1
1459 1517 1
1514 1525 1
1506 1528 1
1486 1536 1
1456 1486 1
1309 1332 1
1332 1472 1
1269 1467 1
1329 1373 1
1287 1329 1
1353 1448 1
1445 1497 1
1445 1450 1
1323 1445 1
1445 1470 1
1341 1445 1
1310 1445 1
1724 2007 1
1700 2033 1
1661 1844 1
1827 1833 1
1704 1959 1
1725 1998 1
1674 2050 1
1681 1857 1
1723 2034 1
1877 1909 1
1822 1838 1
1767 2023 1
1731 1915 1
1728 1928 1
1922 2022 1
2023 2045 1
1767 2045 1
1714 1908 1
1706 2008 1
1983 2017 1
1668 1937 1
1670 1916 1
1937 1953 1
1668 1953 1
1947 2011 1
1671 1749 1
1683 1825 1
1645 1756 1
1653 1859 1
2001 2054 1
1656 1752 1
1694 1986 1
1723 1822 1
1822 2034 1
1723 1838 1
1996 2055 1
1741 1834 1
1781 2055 1
1781 1996 1
1677 1789 1
1661 2030 1
1844 2030 1
1774 1944 1
1861 1968 1
1896 2006 1
1760 1784 1
1860 2026 1
1758 2064 1
1689 1959 1
1689 1704 1
1679 1895 1
1802 1858 1
1748 1777 1
1657 1850 1
1800 1914 1
1777 1896 1
1748 1896 1
1777 2006 1
1709 1852 1
1738 1905 1
1705 1943 1
1864 1869 1
1653 2021 1
1859 2021 1
1917 1944 1
1774 1917 1
1740 2005 1
1841 1966 1
1687 1767 1
1687 2045 1
1687 2023 1
1867 1872 1
1737 1816 1
1877 2055 1
1909 2055 1
1877 1996 1
1781 1877 1
1775 1822 1
1775 2034 1
1723 1775 1
1775 1838 1
1880 1921 1
1785 2025 1
1693 2005 1
1693 1740 1
1874 1930 1
1667 1717 1
1739 1961 1
1655 1715 1
1786 1997 1
1973 2061 1
1905 1968 1
1738 1968 1
1861 1905 1
1841 2012 1
1966 2012 1
1653 1977 1
1859 1977 1
1977 2021 1
1663 1970 1
2022 2038 1
1922 2038 1
1993 2050 1
1674 1993 1
1732 1950 1
1792 1864 1
1792 1869 1
1824 1896 1
1777 1824 1
1748 1824 1
1824 2006 1
1737 1922 1
1816 1922 1
1737 2038 1
1737 2022 1
1851 1957 1
1660 1729 1
1934 2040 1
1873 1905 1
1873 1968 1
1738 1873 1
1861 1873 1
1657 1972 1
1850 1972 1
1706 1960 1
1960 2008 1
2022 2027 1
1737 2027 1
1922 2027 1
2027 2038 1
1754 1926 1
1798 1892 1
1766 1904 1
2012 2047 1
1841 2047 1
1966 2047 1
1728 1805 1
1805 1928 1
1752 1834 1
1656 1834 1
1741 1752 1
1946 2055 1
1909 1946 1
1946 1996 1
1781 1946 1
1877 1946 1
1734 1865 1
1660 1801 1
1729 1801 1
1715 1742 1
1655 1742 1
1977 2039 1
1859 2039 1
1653 2039 1
2021 2039 1
1708 1979 1
1869 1990 1
1864 1990 1
1792 1990 1
1918 1940 1
1910 1922 1
1910 2022 1
1737 1910 1
1910 2027 1
1910 2038 1
1816 1910 1
1655 2034 1
1715 2034 1
1742 2034 1
1655 1775 1
1655 1723 1
1655 1822 1
1704 1790 1
1689 1790 1
1790 1959 1
1708 1719 1
1719 1979 1
1683 2034 1
1825 2034 1
1683 1742 1
1683 1775 1
1683 1715 1
1655 1683 1
1683 1723 1
1683 1822 1
1754 1867 1
1867 1926 1
1754 1872 1
1819 2007 1
1724 1819 1
1852 2014 1
1709 2014 1
1708 1884 1
1884 1979 1
1719 1884 1
1720 1832 1
1653 2037 1
1977 2037 1
1859 2037 1
2021 2037 1
2037 2039 1
1684 1892 1
1684 1798 1
1941 2007 1
1819 1941 1
1724 1941 1
1728 1840 1
1840 1928 1
1805 1840 1
1817 1949 1
1813 1868 1
1656 1892 1
1752 1892 1
1834 1892 1
1656 1684 1
1656 1798 1
2207 2324 1
2154 2312 1
2080 2118 1
2291 2325 1
2144 2388 1
2182 2366 1
2096 2354 1
2320 2335 1
2097 2105 1
2094 2147 1
2126 2405 1
2146 2422 1
2093 2196 1
2089 2096 1
2089 2354 1
2067 2269 1
2089 2210 1
2096 2210 1
2210 2354 1
2235 2280 1
2259 2379 1
2092 2250 1
2200 2406 1
2275 2393 1
2270 2271 1
2069 2388 1
2069 2144 1
2134 2389 1
2305 2377 1
2108 2407 1
2216 2363 1
2122 2255 1
2224 2323 1
2217 2339 1
2252 2305 1
2252 2377 1
2136 2263 1
2251 2297 1
2081 2177 1
2312 2412 1
2154 2412 1
2122 2201 1
2201 2255 1
2160 2396 1
2114 2187 1
2100 2230 1
2196 2338 1
2093 2338 1
2314 2340 1
2126 2139 1
2139 2405 1
2069 2256 1
2144 2256 1
2256 2388 1
2205 2342 1
2281 2324 1
2207 2281 1
2198 2314 1
2198 2340 1
2279 2418 1
2135 2321 1
2123 2359 1
2129 2175 1
2381 2387 1
2165 2419 1
2207 2379 1
2281 2379 1
2324 2379 1
2207 2259 1
2196 2363 1
2338 2363 1
2093 2363 1
2196 2216 1
2077 2374 1
2269 2373 1
2067 2373 1
2182 2199 1
2199 2366 1
2122 2177 1
2177 2201 1
2177 2255 1
2081 2122 1
2279 2358 1
2358 2418 1
2255 2349 1
2201 2349 1
2122 2349 1
2177 2349 1
2256 2406 1
2144 2406 1
2388 2406 1
2069 2406 1
2200 2256 1
2222 2260 1
2191 2310 1
2287 2298 1
2234 2297 1
2234 2251 1
2090 2353 1
2296 2384 1
2267 2277 1
2280 2373 1
2235 2373 1
2067 2280 1
2269 2280 1
2295 2421 1
2069 2375 1
2144 2375 1
2256 2375 1
2375 2388 1
2375 2406 1
2233 2420 1
2316 2363 1
2216 2316 1
2316 2338 1
2196 2316 1
2093 2316 1
2093 2237 1
2237 2316 1
2237 2338 1
2237 2363 1
2196 2237 1
2088 2175 1
2088 2129 1
2078 2300 1
2085 2424 1
2158 2213 1
2215 2335 1
2215 2320 1
2340 2408 1
2314 2408 1
2198 2408 1
2260 2300 1
2222 2300 1
2078 2260 1
2164 2289 1
2138 2396 1
2138 2160 1
2338 2378 1
2316 2378 1
2093 2378 1
2196 2378 1
2363 2378 1
2237 2378 1
2120 2209 1
2139 2410 1
2405 2410 1
2126 2410 1
2250 2401 1
2092 2401 1
2246 2387 1
2246 2381 1
2250 2293 1
2293 2401 1
2092 2293 1
2145 2281 1
2145 2379 1
2145 2324 1
2145 2207 1
2225 2344 1
2122 2225 1
2177 2225 1
2081 2225 1
2225 2349 1
2225 2255 1
2201 2225 1
2122 2344 1
2099 2220 1
2092 2382 1
2382 2401 1
2250 2382 1
2293 2382 1
2176 2285 1
2095 2207 1
2095 2145 1
2095 2281 1
2095 2379 1
2095 2259 1
2095 2324 1
2502 2612 1
2542 2565 1
2559 2679 1
2652 2690 1
2686 2756 1
2469 2500 1
2718 2722 1
2547 2573 1
2496 2564 1
2441 2545 1
2661 2783 1
2520 2636 1
2426 2427 1
2499 2714 1
2452 2744 1
2605 2653 1
2618 2627 1
2453 2505 1
2451 2580 1
2589 2735 1
2579 2679 1
2559 2579 1
2537 2678 1
2632 2752 1
2527 2689 1
2578 2597 1
2576 2642 1
2644 2749 1
2588 2742 1
2615 2729 1
2696 2772 1
2580 2584 1
2451 2584 1
2588 2683 1
2683 2742 1
2709 2747 1
2430 2437 1
2575 2689 1
2527 2575 1
2560 2745 1
2470 2602 1
2460 2658 1
2564 2591 1
2496 2591 1
2481 2710 1
2611 2770 1
2594 2733 1
2472 2678 1
2472 2537 1
2601 2651 1
2427 2708 1
2426 2708 1
2602 2748 1
2470 2748 1
2505 2641 1
2453 2641 1
2467 2658 1
2460 2467 1
2750 2766 1
2715 2741 1
2484 2530 1
2426 2514 1
2427 2514 1
2514 2708 1
2497 2605 1
2497 2653 1
2548 2660 1
2610 2680 1
2442 2715 1
2442 2741 1
2555 2793 1
2456 2675 1
2440 2528 1
2493 2725 1
2535 2644 1
2535 2749 1
2614 2788 1
2535 2649 1
2644 2649 1
2649 2749 1
2730 2730 1
2530 2590 1
2484 2590 1
2715 2778 1
2442 2778 1
2741 2778 1
2471 2651 1
2471 2601 1
2693 2789 1
2654 2711 1
2725 2802 1
2493 2802 1
2581 2639 1
2514 2569 1
2426 2569 1
2427 2569 1
2569 2708 1
2474 2637 1
2535 2719 1
2649 2719 1
2644 2719 1
2719 2749 1
2562 2586 1
2560 2567 1
2567 2745 1
2643 2670 1
2453 2589 1
2505 2589 1
2589 2641 1
2453 2735 1
2564 2614 1
2496 2614 1
2591 2614 1
2564 2788 1
2559 2655 1
2579 2655 1
2655 2679 1
2523 2594 1
2523 2733 1
2438 2666 1
2675 2763 1
2456 2763 1
2542 2604 1
2565 2604 1
2533 2686 1
2533 2756 1
2735 2752 1
2589 2752 1
2453 2752 1
2632 2735 1
2686 2772 1
2756 2772 1
2533 2772 1
2686 2696 1
2739 2741 1
2442 2739 1
2715 2739 1
2739 2778 1
2548 2664 1
2660 2664 1
2574 2635 1
2532 2733 1
2532 2594 1
2523 2532 1
2544 2645 1
2515 2677 1
2586 2655 1
2562 2655 1
2586 2679 1
2579 2586 1
2559 2586 1
2554 2757 1
2682 2692 1
2552 2649 1
2552 2719 1
2552 2644 1
2552 2749 1
2535 2552 1
2432 2769 1
2428 2717 1
2443 2773 1
2483 2652 1
2483 2690 1
2470 2724 1
2602 2724 1
2724 2748 1
2501 2514 1
2501 2569 1
2426 2501 1
2427 2501 1
2501 2708 1
2461 2741 1
2442 2461 1
2461 2715 1
2461 2739 1
2461 2778 1
2482 2523 1
2482 2594 1
2482 2532 1
2482 2733 1
2676 2730 1
2493 2777 1
2777 2802 1
2725 2777 1
2476 2584 1
2451 2476 1
2476 2580 1
2762 2788 1
2564 2762 1
2614 2762 1
3165 3224 1
2835 2925 1
2940 3198 1
3083 3140 1
2998 3073 1
2950 3096 1
3064 3069 1
3064 3128 1
3069 3128 1
2825 3168 1
2877 2948 1
2988 3011 1
2956 3051 1
3070 3197 1
2950 3016 1
3016 3096 1
3133 3153 1
2835 3195 1
2925 3195 1
2897 3227 1
2895 3016 1
2895 3096 1
2895 2950 1
2923 2976 1
3120 3149 1
2806 2978 1
2840 3139 1
2872 2874 1
2843 2968 1
3055 3058 1
2903 3042 1
2807 3083 1
2807 3140 1
2871 2882 1
2955 3117 1
2855 3070 1
2855 3197 1
2837 3157 1
2991 3089 1
2820 2900 1
3025 3126 1
3086 3138 1
3112 3156 1
2839 3080 1
2839 2968 1
2968 3080 1
2839 2843 1
2897 2936 1
2936 3227 1
2842 3225 1
3154 3201 1
2816 3090 1
2933 3000 1
2835 3186 1
3186 3195 1
2925 3186 1
2916 2950 1
2916 3096 1
2916 3016 1
2895 2916 1
2966 3123 1
3069 3211 1
3064 3211 1
3128 3211 1
3055 3166 1
3058 3166 1
3102 3206 1
3049 3081 1
2926 3110 1
2911 2959 1
3053 3059 1
2887 2930 1
3158 3197 1
3070 3158 1
2855 3158 1
2843 3191 1
2968 3191 1
2839 3191 1
2807 3142 1
3083 3142 1
3140 3142 1
3025 3141 1
3126 3141 1
2986 3172 1
2992 3194 1
2803 3113 1
2887 2898 1
2898 2930 1
2824 2894 1
2899 2972 1
2874 3021 1
2872 3021 1
2967 2992 1
2967 3194 1
3000 3124 1
2933 3124 1
3039 3178 1
2890 3085 1
2995 3192 1
2907 2930 1
2898 2907 1
2887 2907 1
3049 3134 1
3081 3134 1
2936 3001 1
2897 3001 1
3001 3227 1
2983 3025 1
2983 3141 1
2983 3126 1
2830 3148 1
2810 3149 1
2810 3120 1
3010 3086 1
3010 3138 1
3018 3114 1
2806 2948 1
2948 2978 1
2806 2877 1
3216 3224 1
3165 3216 1
3074 3104 1
2956 3001 1
3001 3051 1
2936 2956 1
2897 2956 1
2956 3227 1
2819 3068 1
2943 3069 1
2943 3064 1
2943 3128 1
2943 3211 1
3011 3104 1
2988 3104 1
3011 3074 1
2947 3010 1
2947 3138 1
2947 3086 1
2858 2888 1
2987 3061 1
2869 2974 1
2853 3142 1
2853 3083 1
2853 3140 1
2807 2853 1
2880 3115 1
3015 3193 1
3067 3167 1
2827 2844 1
3089 3129 1
2991 3129 1
2857 3097 1
2981 3087 1
2820 3101 1
2900 3101 1
2990 3180 1
2879 3089 1
2879 3129 1
2879 2991 1
2819 2990 1
2990 3068 1
2819 3180 1
2847 3121 1
2911 2923 1
2923 2959 1
2911 2976 1
2976 3225 1
2923 3225 1
2911 3225 1
2842 2976 1
2949 3159 1
2895 3020 1
3016 3020 1
3020 3096 1
2916 3020 1
2950 3020 1
2878 3006 1
2919 3059 1
2919 3053 1
2985 3162 1
2806 2937 1
2937 2978 1
2937 2948 1
2877 2937 1
2919 3164 1
3059 3164 1
3053 3164 1
2806 2831 1
2831 2937 1
2831 2978 1
2831 2948 1
2831 2877 1
2854 2946 1
2857 3160 1
3097 3160 1
2830 3138 1
3138 3148 1
2830 3010 1
2830 2947 1
2830 3086 1
3024 3153 1
3024 3133 1
2821 3224 1
2821 3216 1
2821 3165 1
2830 2903 1
2903 3138 1
2903 2947 1
2903 3148 1
2903 3010 1
2903 3086 1
2830 3042 1
3123 3135 1
2966 3135 1
3548 3574 1
3380 3382 1
3436 3449 1
3523 3527 1
3375 3389 1
3335 3423 1
3282 3473 1
3266 3453 1
3239 3353 1
3286 3516 1
3253 3431 1
3234 3515 1
3280 3429 1
3286 3430 1
3430 3516 1
3315 3584 1
3486 3589 1
3258 3401 1
3364 3517 1
3423 3568 1
3335 3568 1
3254 3565 1
3287 3514 1
3392 3550 1
3441 3522 1
3291 3438 1
3277 3394 1
3405 3529 1
3253 3390 1
3390 3431 1
3371 3405 1
3371 3529 1
3368 3445 1
3339 3408 1
3341 3486 1
3341 3589 1
3313 3459 1
3418 3522 1
3418 3441 1
3328 3520 1
3373 3462 1
3357 3480 1
3477 3537 1
3428 3492 1
3507 3522 1
3441 3507 1
3418 3507 1
3387 3560 1
3244 3521 1
3338 3431 1
3253 3338 1
3338 3390 1
3506 3546 1
3274 3468 1
3254 3590 1
3565 3590 1
3402 3500 1
3284 3550 1
3284 3392 1
3435 3542 1
3252 3343 1
3415 3436 1
3415 3449 1
3334 3559 1
3305 3341 1
3305 3589 1
3305 3486 1
3501 3584 1
3315 3501 1
3377 3469 1
3326 3393 1
3394 3572 1
3277 3572 1
3376 3422 1
3244 3432 1
3432 3521 1
3257 3551 1
3524 3529 1
3371 3524 1
3405 3524 1
3386 3574 1
3386 3548 1
3309 3565 1
3309 3590 1
3254 3309 1
3382 3481 1
3380 3481 1
3296 3549 1
3296 3424 1
3424 3549 1
3290 3384 1
3246 3586 1
3424 3461 1
3296 3461 1
3461 3549 1
3308 3455 1
3340 3350 1
3254 3558 1
3558 3565 1
3558 3590 1
3309 3558 1
3288 3527 1
3288 3523 1
3256 3428 1
3256 3492 1
3262 3586 1
3246 3262 1
3402 3555 1
3500 3555 1
3257 3471 1
3471 3551 1
3257 3462 1
3462 3471 1
3462 3551 1
3257 3373 1
3388 3502 1
3336 3495 1
3367 3576 1
3426 3561 1
3237 3500 1
3237 3402 1
3237 3555 1
3451 3571 1
3239 3523 1
3353 3523 1
3239 3288 1
3239 3527 1
3521 3543 1
3432 3543 1
3244 3543 1
3493 3498 1
3338 3416 1
3253 3416 1
3390 3416 1
3416 3431 1
3323 3462 1
3257 3323 1
3323 3551 1
3323 3373 1
3323 3471 1
3474 3564 1
3276 3310 1
3277 3449 1
3394 3449 1
3449 3572 1
3277 3436 1
3277 3415 1
3429 3503 1
3280 3503 1
3508 3524 1
3508 3529 1
3371 3508 1
3405 3508 1
3473 3499 1
3282 3499 1
3276 3368 1
3310 3368 1
3276 3445 1
3365 3580 1
3463 3467 1
3243 3501 1
3243 3584 1
3243 3315 1
3288 3425 1
3425 3523 1
3239 3425 1
3425 3527 1
3384 3466 1
3290 3466 1
3286 3442 1
3442 3516 1
3430 3442 1
3235 3445 1
3235 3368 1
3235 3276 1
3422 3452 1
3376 3452 1
3510 3567 1
3317 3324 1
3460 3578 1
3348 3415 1
3348 3449 1
3348 3436 1
3277 3348 1
3631 3724 1
3641 3826 1
3885 3952 1
3605 3792 1
3639 3694 1
3683 3815 1
3629 3691 1
3605 3714 1
3714 3792 1
3821 3983 1
3661 3938 1
3793 3938 1
3661 3793 1
3725 3914 1
3699 3981 1
3889 3949 1
3757 3847 1
3868 3932 1
3776 3780 1
3652 3682 1
3664 3895 1
3933 3940 1
3689 3797 1
3755 3824 1
3743 3981 1
3699 3743 1
3712 3856 1
3789 3959 1
3761 3961 1
3779 3956 1
3782 3989 1
3893 3975 1
3773 3924 1
3613 3892 1
3802 3845 1
3648 3789 1
3648 3959 1
3747 3897 1
3629 3781 1
3691 3781 1
3813 3936 1
3940 3943 1
3933 3943 1
3820 3899 1
3700 3776 1
3700 3780 1
3784 3813 1
3784 3936 1
3943 3955 1
3940 3955 1
3933 3955 1
3830 3838 1
3601 3889 1
3601 3949 1
3657 3946 1
3758 3775 1
3686 3963 1
3766 3984 1
3666 3772 1
3902 3989 1
3782 3902 1
3724 3784 1
3631 3784 1
3724 3936 1
3724 3813 1
3843 3908 1
3778 3835 1
3602 3803 1
3651 3684 1
3796 3956 1
3779 3796 1
3614 3639 1
3614 3694 1
3626 3835 1
3626 3778 1
3640 3735 1
3883 3999 1
3778 3970 1
3626 3970 1
3835 3970 1
3773 3807 1
3807 3924 1
3609 3996 1
3624 3801 1
3856 3873 1
3712 3873 1
3657 3941 1
3941 3946 1
3623 3759 1
3884 3887 1
3757 3831 1
3831 3847 1
3691 3727 1
3629 3727 1
3727 3781 1
3643 3654 1
3873 3923 1
3856 3923 1
3712 3923 1
3785 3857 1
3791 3877 1
3738 3896 1
3924 3946 1
3773 3946 1
3807 3946 1
3657 3924 1
3924 3941 1
3685 3727 1
3685 3691 1
3629 3685 1
3685 3781 1
3607 3793 1
3607 3938 1
3607 3661 1
3883 3885 1
3885 3999 1
3883 3952 1
3791 3806 1
3806 3877 1
3640 3928 1
3735 3928 1
3683 3724 1
3724 3815 1
3683 3936 1
3683 3813 1
3683 3784 1
3631 3683 1
3923 3987 1
3856 3987 1
3873 3987 1
3712 3987 1
3715 3750 1
3667 3842 1
3791 3832 1
3832 3877 1
3806 3832 1
3734 3878 1
3699 3860 1
3860 3981 1
3743 3860 1
3814 3900 1
3867 3946 1
3867 3941 1
3657 3867 1
3867 3924 1
3773 3867 1
3807 3867 1
3712 3852 1
3852 3856 1
3852 3873 1
3852 3923 1
3852 3987 1
3828 3899 1
3820 3828 1
3910 3932 1
3868 3910 1
3623 3837 1
3759 3837 1
3621 3861 1
3697 3834 1
3812 3956 1
3779 3812 1
3796 3812 1
3604 3751 1
3675 3960 1
3647 3859 1
3621 3752 1
3752 3861 1
3964 3973 1
3641 3887 1
3826 3887 1
3641 3884 1
3861 3987 1
3752 3987 1
3621 3987 1
3712 3861 1
3861 3873 1
3852 3861 1
3856 3861 1
3861 3923 1
3691 3707 1
3707 3727 1
3685 3707 1
3629 3707 1
3707 3781 1
3767 3962 1
3769 3840 1
3837 3973 1
3759 3973 1
3623 3973 1
3837 3964 1
3832 3977 1
3877 3977 1
3806 3977 1
3791 3977 1
3703 3784 1
3703 3936 1
3683 3703 1
3703 3813 1
3703 3724 1
3631 3703 1
3653 3928 1
3640 3653 1
3653 3735 1
316 324 1
172 282 1
59 349 1
256 319 1
164 268 1
112 271 1
257 346 1
52 232 1
31 101 1
274 365 1
105 245 1
1 195 1
170 182 1
131 227 1
54 259 1
44 336 1
11 312 1
122 327 1
12 199 1
256 281 1
281 319 1
56 143 1
230 364 1
104 358 1
118 175 1
245 328 1
105 328 1
110 137 1
115 139 1
34 256 1
34 281 1
34 319 1
60 87 1
90 227 1
90 131 1
90 260 1
227 260 1
131 260 1
179 324 1
179 316 1
143 155 1
56 155 1
34 39 1
39 256 1
39 281 1
39 319 1
130 268 1
130 164 1
278 336 1
44 278 1
151 228 1
94 241 1
96 154 1
224 355 1
16 118 1
16 175 1
18 98 1
267 361 1
43 54 1
43 259 1
29 185 1
34 41 1
41 256 1
41 281 1
39 41 1
41 319 1
174 297 1
69 164 1
69 130 1
69 268 1
20 339 1
124 222 1
34 271 1
256 271 1
39 271 1
41 271 1
271 281 1
271 319 1
34 112 1
132 360 1
80 164 1
80 130 1
80 268 1
69 80 1
21 29 1
21 185 1
122 172 1
172 327 1
122 282 1
40 275 1
79 186 1
253 329 1
93 118 1
16 93 1
93 175 1
19 115 1
19 139 1
110 361 1
137 361 1
110 267 1
0 256 1
0 34 1
0 39 1
0 41 1
0 271 1
0 281 1
0 319 1
20 296 1
296 339 1
157 207 1
284 361 1
137 284 1
267 284 1
110 284 1
260 333 1
90 333 1
227 333 1
131 333 1
222 346 1
124 346 1
222 257 1
95 325 1
119 270 1
39 78 1
78 256 1
0 78 1
34 78 1
41 78 1
78 271 1
78 281 1
78 319 1
135 203 1
75 254 1
82 150 1
238 333 1
90 238 1
227 238 1
238 260 1
131 238 1
261 359 1
111 365 1
111 274 1
48 105 1
48 328 1
48 245 1
226 228 1
151 226 1
231 286 1
173 307 1
162 187 1
97 116 1
22 130 1
22 80 1
22 164 1
22 268 1
22 69 1
218 234 1
113 122 1
113 282 1
113 172 1
113 327 1
150 338 1
82 338 1
141 155 1
56 141 1
141 143 1
84 349 1
59 84 1
62 132 1
62 360 1
10 159 1
0 117 1
117 256 1
34 117 1
39 117 1
41 117 1
78 117 1
117 271 1
117 281 1
117 319 1
311 361 1
137 311 1
267 311 1
284 311 1
110 311 1
760 3469 -1
760 3377 -1
1071 2171 -1
883 2171 -1
852 2171 -1
3223 3444 -1
850 3115 -1
850 2880 -1
1949 3655 -1
1817 3655 -1
1056 3477 -1
1056 3537 -1
1199 1264 -1
1186 1264 -1
1199 1368 -1
1199 1491 -1
1199 1292 -1
1199 1590 -1
1199 1503 -1
1312 2690 -1
1394 2690 -1
1245 2690 -1
1312 2483 -1
1312 2652 -1
1138 2975 -1
2377 2482 -1
2305 2482 -1
2252 2482 -1
2377 2594 -1
2377 2523 -1
2377 2532 -1
2377 2733 -1
963 1730 -1
1131 1730 -1
879 1730 -1
127 3746 -1
1643 3505 -1
2638 3204 -1
1865 2242 -1
1734 2242 -1
109 3627 -1
1941 3016 -1
1819 3016 -1
1724 3016 -1
2007 3016 -1
1941 3096 -1
1941 3020 -1
1941 2916 -1
1941 2950 -1
1941 2895 -1
228 2300 -1
226 2300 -1
151 2300 -1
228 2260 -1
228 2222 -1
228 2078 -1
1704 3489 -1
1689 3489 -1
1790 3489 -1
1959 3489 -1
1884 3102 -1
1979 3102 -1
1708 3102 -1
1719 3102 -1
1884 3206 -1
3029 3557 -1
489 1887 -1
537 1887 -1
762 1887 -1
462 1887 -1
660 2340 -1
660 2408 -1
660 2314 -1
660 2198 -1
1728 2192 -1
1928 2192 -1
1840 2192 -1
1805 2192 -1
1232 2922 -1
1418 1851 -1
1418 1957 -1
727 1124 -1
1580 3431 -1
1580 3416 -1
1580 3338 -1
1580 3253 -1
1580 3390 -1
2433 3780 -1
2433 3776 -1
2433 3700 -1
64 1742 -1
64 2034 -1
64 1715 -1
64 1683 -1
64 1655 -1
1247 2464 -1
147 1016 -1
1420 3346 -1
1262 3078 -1
867 2962 -1
1226 2962 -1
884 2962 -1
1164 2749 -1
1164 2552 -1
1164 2649 -1
1164 2719 -1
1164 2644 -1
1164 2535 -1
811 2537 -1
811 2472 -1
811 2678 -1
1907 3304 -1
1849 2325 -1
1849 2291 -1
234 3280 -1
218 3280 -1
234 3429 -1
234 3503 -1
2320 3356 -1
2215 3356 -1
2335 3356 -1
0 2119 -1
256 2119 -1
34 2119 -1
39 2119 -1
41 2119 -1
78 2119 -1
271 2119 -1
117 2119 -1
281 2119 -1
319 2119 -1
1058 1321 -1
1058 1334 -1
1531 3696 -1
1298 3696 -1
1447 3696 -1
828 2508 -1
88 2808 -1
2134 3773 -1
2389 3773 -1
2134 3946 -1
2134 3867 -1
2134 3924 -1
2134 3807 -1
1350 3076 -1
1546 3076 -1
1355 3076 -1
1621 3076 -1
1270 3076 -1
1507 3076 -1
565 3137 -1
809 3137 -1
449 2384 -1
672 2384 -1
683 2384 -1
593 2384 -1
438 2384 -1
376 2384 -1
633 2384 -1
449 2296 -1
1411 2874 -1
1411 2872 -1
1411 3021 -1
1440 2335 -1
1440 2320 -1
1440 2215 -1
1251 3919 -1
1408 3919 -1
1290 3919 -1
717 1897 -1
425 1897 -1
373 1897 -1
765 1897 -1
468 2652 -1
468 2690 -1
468 2483 -1
2149 2821 -1
2149 3224 -1
2149 3216 -1
2149 3165 -1
2152 3954 -1
1558 3113 -1
1558 2803 -1
1024 3526 -1
1076 3526 -1
1108 3526 -1
1007 3526 -1
1374 3251 -1
1631 3251 -1
523 1746 -1
431 1746 -1
458 2944 -1
1109 3785 -1
1109 3857 -1
633 3486 -1
672 3486 -1
449 3486 -1
683 3486 -1
593 3486 -1
438 3486 -1
376 3486 -1
633 3305 -1
633 3589 -1
633 3341 -1
2490 2941 -1
308 3427 -1
2472 3238 -1
2537 3238 -1
2678 3238 -1
1496 1971 -1
1627 1971 -1
1475 1971 -1
1051 2341 -1
994 2341 -1
1224 2341 -1
1193 2341 -1
843 2341 -1
912 2341 -1
1041 2341 -1
3182 3472 -1
924 1597 -1
924 1600 -1
924 1498 -1
924 1396 -1
3297 3608 -1
2322 3180 -1
2322 2819 -1
2322 2990 -1
3401 3684 -1
3258 3684 -1
3401 3651 -1
1495 3067 -1
1495 3167 -1
1654 2395 -1
998 1830 -1
2249 3662 -1
291 1720 -1
291 1832 -1
2345 2719 -1
2345 2552 -1
2345 2649 -1
2345 2644 -1
2345 2749 -1
2345 2535 -1
1722 3218 -1
1700 2944 -1
2033 2944 -1
996 1541 -1
1225 1541 -1
1234 1541 -1
1203 1541 -1
1014 1541 -1
1021 1541 -1
1214 1541 -1
800 2161 -1
2366 3698 -1
2182 3698 -1
2199 3698 -1
473 2920 -1
732 2920 -1
1491 3585 -1
1368 3585 -1
1264 3585 -1
1292 3585 -1
1590 3585 -1
1503 3585 -1
1436 3219 -1
1393 3219 -1
1556 3219 -1
1534 3219 -1
1583 3219 -1
549 1410 -1
495 1410 -1
549 1579 -1
549 1381 -1
549 1383 -1
590 3221 -1
2396 3487 -1
2160 3487 -1
2138 3487 -1
952 2626 -1
1756 2660 -1
1645 2660 -1
1756 2664 -1
1756 2548 -1
662 1676 -1
866 1902 -1
435 905 -1
475 905 -1
435 1179 -1
2400 2924 -1
3481 3667 -1
3380 3667 -1
3382 3667 -1
3481 3842 -1
191 2600 -1
64 1295 -1
64 1520 -1
64 1302 -1
2145 3102 -1
2095 3102 -1
2281 3102 -1
2379 3102 -1
2324 3102 -1
2207 3102 -1
2145 3206 -1
970 2468 -1
860 3795 -1
823 3795 -1
1070 3795 -1
1031 3795 -1
2161 3283 -1
1783 3634 -1
355 1636 -1
224 1636 -1
252 2014 -1
252 1852 -1
252 1709 -1
3501 3633 -1
3584 3633 -1
3315 3633 -1
3243 3633 -1
3258 3857 -1
3401 3857 -1
3258 3785 -1
3417 3660 -1
2308 3865 -1
2142 3117 -1
2142 2955 -1
2730 3806 -1
2676 3806 -1
2730 3832 -1
2730 3977 -1
2730 3877 -1
2730 3791 -1
282 1227 -1
113 1227 -1
122 1227 -1
172 1227 -1
766 1504 -1
416 1504 -1
766 1501 -1
1424 2640 -1
1604 2640 -1
1363 2640 -1
1484 2640 -1
1237 2640 -1
805 1168 -1
805 992 -1
485 1843 -1
2296 2628 -1
2384 2628 -1
557 2420 -1
557 2233 -1
3125 3276 -1
3125 3368 -1
3125 3235 -1
3125 3445 -1
3125 3310 -1
797 2908 -1
666 1489 -1
678 1489 -1
666 1288 -1
2528 2853 -1
2440 2853 -1
2528 3083 -1
2528 3140 -1
2528 3142 -1
2528 2807 -1
441 3898 -1
451 2483 -1
614 2483 -1
451 2690 -1
451 2652 -1
2050 3374 -1
1993 3374 -1
1674 3374 -1
1423 3726 -1
2251 2948 -1
2297 2948 -1
2234 2948 -1
2251 2937 -1
2251 2978 -1
2251 2877 -1
2251 2806 -1
2251 2831 -1
114 3522 -1
114 3441 -1
114 3418 -1
114 3507 -1
2960 3719 -1
416 1081 -1
766 1081 -1
416 1063 -1
2514 3597 -1
2569 3597 -1
2426 3597 -1
2427 3597 -1
2708 3597 -1
2501 3597 -1
521 1069 -1
483 1069 -1
747 1069 -1
1970 3273 -1
1663 3273 -1
1367 2315 -1
134 468 -1
699 1379 -1
66 883 -1
66 852 -1
66 1071 -1
922 3569 -1
837 3569 -1
1000 3569 -1
975 3569 -1
1072 3569 -1
1160 3569 -1
1205 3569 -1
1144 3569 -1
44 1342 -1
336 1342 -1
278 1342 -1
1129 3304 -1
1808 2990 -1
1808 3068 -1
1808 2819 -1
1808 3180 -1
1034 3257 -1
1034 3471 -1
1034 3323 -1
1034 3373 -1
1034 3462 -1
1034 3551 -1
1382 2833 -1
2667 2977 -1
1284 2169 -1
1435 2169 -1
2062 3791 -1
2062 3832 -1
2062 3977 -1
2062 3877 -1
2062 3806 -1
667 1430 -1
667 1573 -1
211 1010 -1
1593 1664 -1
1092 1729 -1
989 1729 -1
1038 1729 -1
1092 1801 -1
1092 1660 -1
461 2894 -1
461 2824 -1
1569 2210 -1
1569 2096 -1
1569 2089 -1
1569 2354 -1
205 2517 -1
321 2406 -1
321 2144 -1
321 2375 -1
321 2256 -1
321 2388 -1
321 2069 -1
321 2200 -1
1720 2380 -1
1832 2380 -1
1286 1724 -1
1286 1819 -1
1286 1941 -1
1286 2007 -1
2584 3184 -1
2476 3184 -1
2451 3184 -1
2580 3184 -1
2262 3459 -1
2262 3313 -1
2513 3805 -1
621 2772 -1
621 2696 -1
621 2756 -1
621 2533 -1
621 2686 -1
523 2561 -1
431 2561 -1
1743 2820 -1
1743 2900 -1
1743 3101 -1
683 3499 -1
672 3499 -1
449 3499 -1
593 3499 -1
438 3499 -1
376 3499 -1
633 3499 -1
683 3473 -1
683 3282 -1
42 3773 -1
42 3946 -1
42 3867 -1
42 3924 -1
42 3807 -1
664 2707 -1
684 2707 -1
519 2707 -1
2005 2167 -1
1740 2167 -1
1693 2167 -1
358 2537 -1
104 2537 -1
358 2472 -1
358 2678 -1
3042 3928 -1
2830 3928 -1
2903 3928 -1
3042 3640 -1
3042 3653 -1
3042 3735 -1
979 3572 -1
1089 3572 -1
1026 3572 -1
853 3572 -1
979 3449 -1
979 3394 -1
979 3277 -1
507 2961 -1
778 2961 -1
2662 3569 -1
118 3267 -1
16 3267 -1
93 3267 -1
175 3267 -1
1588 3270 -1
1296 3270 -1
1291 1675 -1
1634 1675 -1
1325 1675 -1
2374 3835 -1
2077 3835 -1
2374 3778 -1
2374 3626 -1
2374 3970 -1
2180 3208 -1
2419 3267 -1
2165 3267 -1
1944 3970 -1
1917 3970 -1
1774 3970 -1
1944 3778 -1
1944 3835 -1
1944 3626 -1
2067 3663 -1
2280 3663 -1
2269 3663 -1
2373 3663 -1
192 2996 -1
2160 2836 -1
2138 2836 -1
2396 2836 -1
1967 3689 -1
1967 3797 -1
1400 1981 -1
1240 1981 -1
1380 1981 -1
1596 1981 -1
1244 1981 -1
1241 1981 -1
2360 3701 -1
692 2824 -1
692 2894 -1
412 1375 -1
314 3107 -1
2914 3619 -1
2501 2968 -1
2569 2968 -1
2514 2968 -1
2427 2968 -1
2708 2968 -1
2426 2968 -1
2501 3080 -1
2501 3191 -1
2501 2843 -1
2501 2839 -1
663 2463 -1
28 3175 -1
2718 2919 -1
2722 2919 -1
2718 3059 -1
2718 3164 -1
2718 3053 -1
470 1715 -1
470 2034 -1
470 1683 -1
470 1742 -1
470 1655 -1
0 972 -1
256 972 -1
34 972 -1
39 972 -1
41 972 -1
78 972 -1
271 972 -1
117 972 -1
281 972 -1
319 972 -1
0 1079 -1
1342 2825 -1
1342 3168 -1
3373 3868 -1
3257 3868 -1
3323 3868 -1
3462 3868 -1
3373 3932 -1
3373 3910 -1
1863 3333 -1
1510 2843 -1
1510 2968 -1
1510 3191 -1
1510 2839 -1
1860 3580 -1
2026 3580 -1
1860 3365 -1
318 2550 -1
282 1498 -1
113 1498 -1
122 1498 -1
172 1498 -1
282 1600 -1
282 1396 -1
282 1597 -1
1242 3013 -1
1439 3013 -1
678 2630 -1
666 2630 -1
967 2583 -1
619 2049 -1
1466 2647 -1
1591 2511 -1
2931 3378 -1
2534 3238 -1
590 2121 -1
1279 1758 -1
1279 2064 -1
1293 1913 -1
510 1568 -1
599 1568 -1
283 1864 -1
283 1792 -1
283 1869 -1
283 1990 -1
1900 3451 -1
1900 3571 -1
1781 2764 -1
1946 2764 -1
1996 2764 -1
1877 2764 -1
2055 2764 -1
909 1427 -1
1185 1427 -1
826 1427 -1
1002 1427 -1
1134 1427 -1
951 1427 -1
32 1167 -1
32 1104 -1
32 1149 -1
1090 1714 -1
1090 1908 -1
2635 3818 -1
2574 3818 -1
519 3549 -1
664 3549 -1
684 3549 -1
519 3296 -1
519 3424 -1
519 3461 -1
1624 2575 -1
1624 2689 -1
1624 2527 -1
137 3514 -1
361 3514 -1
284 3514 -1
110 3514 -1
311 3514 -1
137 3287 -1
831 2290 -1
897 2346 -1
948 1462 -1
2108 2581 -1
2407 2581 -1
2108 2639 -1
2451 3701 -1
2584 3701 -1
2476 3701 -1
2580 3701 -1
1257 3998 -1
1418 2995 -1
1418 3192 -1
590 3032 -1
74 2296 -1
74 2384 -1
504 1773 -1
1120 1314 -1
14 3864 -1
323 3800 -1
2125 3043 -1
35 2646 -1
275 2559 -1
40 2559 -1
275 2655 -1
275 2579 -1
275 2586 -1
275 2679 -1
286 3506 -1
231 3506 -1
286 3546 -1
325 2633 -1
95 2633 -1
1609 2115 -1
1552 2115 -1
393 3411 -1
659 3411 -1
173 2077 -1
307 2077 -1
173 2374 -1
420 2573 -1
376 2573 -1
603 2573 -1
438 2573 -1
420 2547 -1
1627 3417 -1
1496 3417 -1
1475 3417 -1
768 2299 -1
571 2299 -1
305 2870 -1
493 2645 -1
493 2544 -1
2100 3201 -1
2230 3201 -1
2100 3154 -1
0 1930 -1
256 1930 -1
34 1930 -1
39 1930 -1
41 1930 -1
78 1930 -1
271 1930 -1
117 1930 -1
281 1930 -1
319 1930 -1
0 1874 -1
2050 2649 -1
1993 2649 -1
1674 2649 -1
2050 2552 -1
2050 2719 -1
2050 2644 -1
2050 2749 -1
2050 2535 -1
1116 3457 -1
2545 2899 -1
2441 2899 -1
2545 2972 -1
0 385 -1
256 385 -1
34 385 -1
39 385 -1
41 385 -1
78 385 -1
271 385 -1
117 385 -1
281 385 -1
319 385 -1
0 724 -1
0 627 -1
0 516 -1
0 406 -1
978 2832 -1
358 3842 -1
104 3842 -1
358 3667 -1
1283 2344 -1
1283 2225 -1
1283 2122 -1
1757 3081 -1
1757 3049 -1
1757 3134 -1
521 1855 -1
483 1855 -1
747 1855 -1
2046 3792 -1
2046 3714 -1
2046 3605 -1
1162 1842 -1
2608 3055 -1
2608 3058 -1
2608 3166 -1
1958 3629 -1
1958 3707 -1
1958 3691 -1
1958 3685 -1
1958 3781 -1
1958 3727 -1
1696 3739 -1
2333 2845 -1
1807 3101 -1
1807 2900 -1
1807 2820 -1
1575 3268 -1
1537 3268 -1
1539 3268 -1
1500 3268 -1
3530 3664 -1
3530 3895 -1
3058 3948 -1
3166 3948 -1
3055 3948 -1
2384 3638 -1
2296 3638 -1
916 3386 -1
916 3548 -1
916 3574 -1
1975 2303 -1
2169 3451 -1
2169 3571 -1
2178 3846 -1
982 1411 -1
1959 3162 -1
1704 3162 -1
1689 3162 -1
1790 3162 -1
1959 2985 -1
446 3435 -1
446 3542 -1
668 3930 -1
785 3930 -1
485 3368 -1
485 3235 -1
485 3276 -1
485 3445 -1
485 3310 -1
958 2434 -1
353 3302 -1
922 1605 -1
837 1605 -1
1000 1605 -1
975 1605 -1
1072 1605 -1
1160 1605 -1
1205 1605 -1
1144 1605 -1
187 2690 -1
162 2690 -1
187 2483 -1
187 2652 -1
1042 2331 -1
985 2331 -1
949 2331 -1
950 2331 -1
1071 1669 -1
883 1669 -1
852 1669 -1
1228 2863 -1
1708 3971 -1
1979 3971 -1
1884 3971 -1
1719 3971 -1
936 2561 -1
2510 2892 -1
2115 3474 -1
2115 3564 -1
541 3808 -1
784 3808 -1
502 3808 -1
801 1970 -1
514 1970 -1
795 1970 -1
574 1970 -1
801 1663 -1
2299 3059 -1
2299 3164 -1
2299 3053 -1
2299 2919 -1
1985 2683 -1
1985 2588 -1
1985 2742 -1
2022 3006 -1
1737 3006 -1
1922 3006 -1
2027 3006 -1
1910 3006 -1
2038 3006 -1
2022 2878 -1
790 1632 -1
873 3952 -1
873 3883 -1
873 3885 -1
1657 2222 -1
1850 2222 -1
1972 2222 -1
1657 2300 -1
1657 2260 -1
1087 2596 -1
2693 3460 -1
2789 3460 -1
2693 3578 -1
426 3688 -1
459 3688 -1
445 3688 -1
2010 3400 -1
1650 2567 -1
1650 2560 -1
1650 2745 -1
1810 2708 -1
1810 2569 -1
1810 2426 -1
1810 2427 -1
1810 2514 -1
1810 2501 -1
941 2163 -1
181 3591 -1
756 937 -1
626 937 -1
765 937 -1
782 937 -1
373 937 -1
3167 3507 -1
3067 3507 -1
3167 3441 -1
3167 3522 -1
3167 3418 -1
1721 3536 -1
181 3912 -1
2400 3700 -1
2400 3776 -1
2400 3780 -1
1622 2870 -1
3049 3244 -1
3081 3244 -1
3134 3244 -1
3049 3432 -1
3049 3521 -1
3049 3543 -1
156 1754 -1
156 1872 -1
156 1867 -1
156 1926 -1
802 1667 -1
802 1717 -1
1827 2533 -1
1833 2533 -1
1827 2772 -1
1827 2756 -1
1827 2686 -1
1385 2271 -1
1385 2270 -1
912 1970 -1
994 1970 -1
1224 1970 -1
1193 1970 -1
843 1970 -1
1041 1970 -1
1051 1970 -1
912 1663 -1
415 2318 -1
480 2318 -1
641 2318 -1
540 2318 -1
757 2318 -1
687 1856 -1
1012 3677 -1
2272 3901 -1
466 3741 -1
1332 1958 -1
1472 1958 -1
1309 1958 -1
1900 2232 -1
1041 3678 -1
912 3678 -1
1224 3678 -1
994 3678 -1
843 3678 -1
1051 3678 -1
1820 2756 -1
1820 2772 -1
1820 2533 -1
1820 2686 -1
1036 3101 -1
1190 3101 -1
1036 2900 -1
1036 2820 -1
602 3247 -1
510 3493 -1
599 3493 -1
510 3498 -1
232 3592 -1
52 3592 -1
2341 3024 -1
2341 3153 -1
2341 3133 -1
502 3409 -1
784 3409 -1
541 3409 -1
2135 3671 -1
2321 3671 -1
69 845 -1
80 845 -1
268 845 -1
130 845 -1
164 845 -1
22 845 -1
1960 3620 -1
2008 3620 -1
1706 3620 -1
950 3919 -1
985 3919 -1
1042 3919 -1
949 3919 -1
1019 1408 -1
1019 1290 -1
1019 1251 -1
1738 3367 -1
1968 3367 -1
1905 3367 -1
1873 3367 -1
1738 3576 -1
618 3677 -1
623 3677 -1
324 1500 -1
179 1500 -1
316 1500 -1
324 1537 -1
324 1539 -1
324 1575 -1
695 858 -1
695 910 -1
1766 3145 -1
1904 3145 -1
717 2412 -1
425 2412 -1
373 2412 -1
765 2412 -1
717 2312 -1
717 2154 -1
149 1096 -1
1353 2171 -1
1448 2171 -1
1716 3242 -1
782 1550 -1
626 1550 -1
756 1550 -1
765 1550 -1
373 1550 -1
503 2226 -1
1262 3277 -1
1262 3394 -1
1262 3436 -1
1262 3572 -1
1262 3348 -1
1262 3415 -1
1262 3449 -1
2471 3348 -1
2601 3348 -1
2651 3348 -1
2471 3449 -1
2471 3436 -1
2471 3277 -1
2471 3415 -1
958 3212 -1
1904 2101 -1
1766 2101 -1
1688 3412 -1
1937 2474 -1
1953 2474 -1
1668 2474 -1
1937 2637 -1
1046 1840 -1
1046 1728 -1
1046 1928 -1
1046 1805 -1
2092 2532 -1
2401 2532 -1
2250 2532 -1
2293 2532 -1
2382 2532 -1
2092 2594 -1
2092 2523 -1
2092 2733 -1
2092 2482 -1
2148 3780 -1
2148 3776 -1
2148 3700 -1
2837 3336 -1
3157 3336 -1
2837 3495 -1
670 990 -1
670 1230 -1
2887 3582 -1
2930 3582 -1
2907 3582 -1
2898 3582 -1
726 1869 -1
726 1864 -1
726 1792 -1
726 1990 -1
1978 3012 -1
446 1165 -1
446 891 -1
942 3154 -1
942 3201 -1
1344 3827 -1
1618 3827 -1
1748 2128 -1
1896 2128 -1
1777 2128 -1
1824 2128 -1
1353 2299 -1
1448 2299 -1
2056 3579 -1
1581 2254 -1
1441 2254 -1
1348 2254 -1
424 1722 -1
1350 2868 -1
1546 2868 -1
1355 2868 -1
1621 2868 -1
1270 2868 -1
1507 2868 -1
1677 3333 -1
1789 3333 -1
884 1651 -1
1226 1651 -1
867 1651 -1
1558 2200 -1
1558 2256 -1
1558 2406 -1
1353 3450 -1
1448 3450 -1
2611 3460 -1
2770 3460 -1
2611 3578 -1
1357 2629 -1
1356 2629 -1
1285 2629 -1
517 3051 -1
517 3001 -1
517 2956 -1
1454 1769 -1
2207 3211 -1
2145 3211 -1
2281 3211 -1
2379 3211 -1
2095 3211 -1
2259 3211 -1
2324 3211 -1
2207 3064 -1
2207 3128 -1
2207 3069 -1
2207 2943 -1
505 1857 -1
739 1857 -1
505 1681 -1
806 3732 -1
1762 2349 -1
1762 2177 -1
1762 2201 -1
1762 2122 -1
1762 2225 -1
1762 2255 -1
178 2325 -1
178 2291 -1
2778 3285 -1
2442 3285 -1
2715 3285 -1
2739 3285 -1
2741 3285 -1
2461 3285 -1
35 3669 -1
564 2675 -1
564 2456 -1
564 2763 -1
3208 3832 -1
3208 3977 -1
3208 3877 -1
3208 3806 -1
3208 3791 -1
1917 2324 -1
1944 2324 -1
1774 2324 -1
1917 2095 -1
1917 2281 -1
1917 2379 -1
1917 2145 -1
1917 2207 -1
1413 2747 -1
1413 2709 -1
890 3261 -1
3039 3410 -1
3178 3410 -1
2387 3062 -1
2381 3062 -1
2246 3062 -1
85 715 -1
1352 3919 -1
2531 3490 -1
1059 3870 -1
1075 3870 -1
957 3870 -1
1826 2767 -1
190 2548 -1
190 2664 -1
190 2660 -1
1429 3700 -1
1429 3776 -1
1429 3780 -1
2711 3745 -1
2654 3745 -1
150 2775 -1
82 2775 -1
338 2775 -1
1301 2691 -1
1035 1910 -1
1035 1922 -1
1035 2022 -1
1035 1737 -1
1035 2027 -1
1035 2038 -1
1035 1816 -1
126 3169 -1
2052 3824 -1
2052 3755 -1
373 2564 -1
425 2564 -1
717 2564 -1
782 2564 -1
368 2564 -1
626 2564 -1
756 2564 -1
765 2564 -1
373 2496 -1
373 2762 -1
373 2788 -1
373 2614 -1
373 2591 -1
562 1542 -1
320 1549 -1
320 1469 -1
542 1892 -1
542 1656 -1
542 1752 -1
542 1834 -1
542 1684 -1
542 1798 -1
1294 2450 -1
1150 2848 -1
132 3965 -1
360 3965 -1
62 3965 -1
1070 1846 -1
823 1846 -1
860 1846 -1
1031 1846 -1
2720 3878 -1
2720 3734 -1
308 2086 -1
668 2535 -1
785 2535 -1
668 2552 -1
668 2649 -1
668 2644 -1
668 2749 -1
668 2719 -1
1048 1522 -1
2417 3747 -1
2417 3897 -1
2674 3896 -1
2674 3738 -1
1923 2863 -1
1748 2410 -1
1896 2410 -1
1777 2410 -1
1824 2410 -1
1748 2139 -1
1748 2405 -1
1748 2126 -1
1461 2274 -1
1063 3265 -1
1081 3265 -1
1046 3591 -1
800 1284 -1
800 1435 -1
2344 3402 -1
2225 3402 -1
2122 3402 -1
2344 3555 -1
2344 3500 -1
2344 3237 -1
2089 3301 -1
2096 3301 -1
2354 3301 -1
2210 3301 -1
831 3106 -1
135 3144 -1
203 3144 -1
1257 2499 -1
1257 2714 -1
27 1201 -1
851 2299 -1
1480 2277 -1
1480 2267 -1
1240 2777 -1
1380 2777 -1
1244 2777 -1
1400 2777 -1
1241 2777 -1
1626 2777 -1
1596 2777 -1
1240 2802 -1
1240 2493 -1
1240 2725 -1
3043 3879 -1
2460 2816 -1
2658 2816 -1
2467 2816 -1
2460 3090 -1
445 2503 -1
426 2503 -1
459 2503 -1
912 1844 -1
994 1844 -1
1224 1844 -1
1193 1844 -1
843 1844 -1
1041 1844 -1
1051 1844 -1
912 1661 -1
912 2030 -1
2858 3232 -1
2888 3232 -1
3056 3641 -1
3056 3826 -1
3056 3884 -1
3056 3887 -1
49 3778 -1
49 3626 -1
49 3835 -1
49 3970 -1
887 2747 -1
887 2709 -1
1130 3484 -1
177 3281 -1
229 3086 -1
229 3138 -1
229 2947 -1
229 3010 -1
229 2830 -1
229 2903 -1
2394 3478 -1
1442 3474 -1
1442 3564 -1
2938 3327 -1
396 3851 -1
741 3851 -1
605 3851 -1
759 3851 -1
1497 1793 -1
1445 1793 -1
1450 1793 -1
1323 1793 -1
1470 1793 -1
1341 1793 -1
1310 1793 -1
592 3992 -1
2174 2826 -1
465 2107 -1
965 2270 -1
965 2271 -1
700 3864 -1
1615 3008 -1
1815 3680 -1
2118 3362 -1
2080 3362 -1
780 2328 -1
435 3469 -1
475 3469 -1
435 3377 -1
568 1275 -1
568 1401 -1
712 1921 -1
712 1880 -1
1171 3104 -1
1171 3074 -1
1171 3011 -1
1171 2988 -1
3208 3710 -1
1531 1874 -1
1298 1874 -1
1447 1874 -1
1531 1930 -1
887 3393 -1
887 3326 -1
414 1309 -1
414 1472 -1
414 1332 -1
2434 3023 -1
2773 3861 -1
2443 3861 -1
2773 3712 -1
2773 3873 -1
2773 3621 -1
2773 3752 -1
2773 3852 -1
2773 3856 -1
2773 3987 -1
2773 3923 -1
2431 3296 -1
2431 3424 -1
2431 3549 -1
2431 3461 -1
362 2135 -1
362 2321 -1
135 525 -1
203 525 -1
1711 2454 -1
1212 2606 -1
308 3059 -1
308 3164 -1
308 3053 -1
308 2919 -1
574 2788 -1
801 2788 -1
514 2788 -1
795 2788 -1
574 2762 -1
574 2564 -1
574 2614 -1
1679 3867 -1
1895 3867 -1
1679 3941 -1
1679 3657 -1
1679 3946 -1
1679 3924 -1
1679 3773 -1
1679 3807 -1
838 3013 -1
220 2910 -1
1588 1775 -1
1296 1775 -1
1588 1838 -1
1588 2034 -1
1588 1683 -1
1588 1655 -1
1588 1723 -1
1588 1822 -1
1193 3146 -1
912 3146 -1
1051 3146 -1
564 2018 -1
1627 2345 -1
1496 2345 -1
1475 2345 -1
692 2718 -1
692 2722 -1
154 3540 -1
96 3540 -1
1391 1817 -1
1391 1949 -1
811 3752 -1
811 3987 -1
811 3621 -1
811 3861 -1
824 3699 -1
1196 3699 -1
824 3860 -1
824 3981 -1
824 3743 -1
170 3343 -1
182 3343 -1
170 3252 -1
0 1177 -1
256 1177 -1
34 1177 -1
39 1177 -1
41 1177 -1
78 1177 -1
271 1177 -1
117 1177 -1
281 1177 -1
319 1177 -1
1919 2191 -1
1919 2310 -1
638 2435 -1
536 2435 -1
716 3063 -1
1889 3575 -1
277 1621 -1
277 1546 -1
277 1507 -1
277 1355 -1
277 1270 -1
277 1350 -1
267 720 -1
361 720 -1
284 720 -1
110 720 -1
311 720 -1
273 850 -1
211 2844 -1
211 2827 -1
338 3714 -1
82 3714 -1
150 3714 -1
338 3792 -1
338 3605 -1
1967 2548 -1
1967 2664 -1
1967 2660 -1
618 1572 -1
623 1572 -1
1802 3282 -1
1858 3282 -1
1802 3473 -1
1802 3499 -1
3505 3983 -1
3505 3821 -1
426 1876 -1
459 1876 -1
445 1876 -1
755 1257 -1
493 2994 -1
1948 2232 -1
1409 2730 -1
1409 2676 -1
716 2442 -1
716 2778 -1
716 2715 -1
716 2739 -1
716 2741 -1
716 2461 -1
1438 3478 -1
1743 3806 -1
1743 3832 -1
1743 3977 -1
1743 3877 -1
1743 3791 -1
2104 2550 -1
513 2182 -1
680 2182 -1
591 2182 -1
513 2366 -1
513 2199 -1
639 3352 -1
1001 1774 -1
1001 1944 -1
1001 1917 -1
1949 3767 -1
1817 3767 -1
1949 3962 -1
637 2989 -1
2677 3066 -1
2515 3066 -1
856 1948 -1
192 440 -1
192 705 -1
1793 2705 -1
961 1250 -1
960 1250 -1
1275 3128 -1
1401 3128 -1
1275 3064 -1
1275 3211 -1
1275 3069 -1
1275 2943 -1
294 567 -1
1117 1485 -1
2343 2799 -1
757 3113 -1
480 3113 -1
641 3113 -1
540 3113 -1
415 3113 -1
757 2803 -1
319 1697 -1
256 1697 -1
0 1697 -1
34 1697 -1
39 1697 -1
41 1697 -1
78 1697 -1
271 1697 -1
117 1697 -1
281 1697 -1
301 642 -1
779 3580 -1
779 3365 -1
1444 2242 -1
819 3112 -1
573 3112 -1
819 3156 -1
1054 2035 -1
2057 2941 -1
1858 2713 -1
1802 2713 -1
1131 2463 -1
963 2463 -1
879 2463 -1
381 929 -1
2474 3189 -1
2637 3189 -1
1661 3941 -1
1844 3941 -1
2030 3941 -1
1661 3657 -1
1661 3946 -1
1661 3867 -1
1661 3924 -1
2717 3174 -1
2428 3174 -1
1185 2047 -1
1002 2047 -1
826 2047 -1
909 2047 -1
1134 2047 -1
951 2047 -1
1185 1841 -1
1185 2012 -1
1185 1966 -1
1606 2249 -1
1263 2249 -1
622 3053 -1
652 3053 -1
671 3053 -1
622 3059 -1
622 3164 -1
622 2919 -1
621 1896 -1
621 1824 -1
621 1777 -1
621 1748 -1
621 2006 -1
1838 3374 -1
1723 3374 -1
1822 3374 -1
1775 3374 -1
15 3577 -1
1744 2615 -1
1744 2729 -1
451 2096 -1
614 2096 -1
451 2089 -1
451 2354 -1
451 2210 -1
229 2163 -1
1434 1870 -1
1494 1870 -1
1471 1870 -1
3139 3916 -1
2840 3916 -1
94 2430 -1
241 2430 -1
94 2437 -1
575 1922 -1
575 1910 -1
575 2022 -1
575 1737 -1
575 2027 -1
575 2038 -1
575 1816 -1
2011 3035 -1
1947 3035 -1
550 1948 -1
2178 2628 -1
1153 2763 -1
1153 2456 -1
1153 2675 -1
354 1699 -1
517 2381 -1
517 2387 -1
517 2246 -1
189 1377 -1
189 1477 -1
978 3556 -1
2847 3593 -1
3121 3593 -1
2507 3970 -1
2507 3778 -1
2507 3835 -1
2507 3626 -1
783 1999 -1
1071 3894 -1
883 3894 -1
852 3894 -1
1754 2349 -1
1872 2349 -1
1867 2349 -1
1926 2349 -1
1754 2177 -1
1754 2201 -1
1754 2122 -1
1754 2225 -1
1754 2255 -1
2684 3053 -1
2684 3059 -1
2684 3164 -1
2684 2919 -1
96 1923 -1
154 1923 -1
2302 2601 -1
2302 2651 -1
2302 2471 -1
1821 3365 -1
1821 3580 -1
1241 1717 -1
1380 1717 -1
1596 1717 -1
1400 1717 -1
1240 1717 -1
1626 1717 -1
1244 1717 -1
1241 1667 -1
806 3939 -1
760 3617 -1
1558 3652 -1
1558 3682 -1
891 3924 -1
1165 3924 -1
891 3941 -1
891 3657 -1
891 3946 -1
891 3867 -1
891 3773 -1
891 3807 -1
73 2793 -1
73 2555 -1
3109 3261 -1
1230 2919 -1
990 2919 -1
1230 3059 -1
1230 3164 -1
1230 3053 -1
959 2195 -1
1020 3042 -1
1020 2830 -1
1020 2903 -1
125 3618 -1
176 2074 -1
684 3843 -1
664 3843 -1
519 3843 -1
684 3908 -1
492 3249 -1
1664 3993 -1
839 1918 -1
839 1940 -1
391 2898 -1
391 2930 -1
391 2907 -1
391 2887 -1
1909 3268 -1
1946 3268 -1
1877 3268 -1
2055 3268 -1
3572 3751 -1
3449 3751 -1
3394 3751 -1
3277 3751 -1
3572 3604 -1
547 865 -1
1477 3812 -1
1377 3812 -1
1477 3796 -1
1477 3779 -1
1477 3956 -1
811 2214 -1
1554 2233 -1
1554 2420 -1
539 3627 -1
704 3627 -1
546 3627 -1
740 3627 -1
552 3627 -1
462 3627 -1
528 3627 -1
433 3627 -1
372 3627 -1
537 3627 -1
917 1533 -1
917 1276 -1
383 3118 -1
808 3118 -1
714 3118 -1
710 3118 -1
1189 2970 -1
864 1884 -1
864 1979 -1
864 1708 -1
864 1719 -1
2170 3523 -1
2170 3288 -1
2170 3353 -1
2170 3239 -1
2170 3425 -1
2170 3527 -1
213 2611 -1
213 2770 -1
400 1230 -1
607 1230 -1
400 990 -1
2248 3469 -1
2248 3377 -1
2599 3102 -1
2599 3206 -1
2307 3065 -1
208 1696 -1
120 1265 -1
1452 2025 -1
1425 2025 -1
1335 2025 -1
1452 1785 -1
1564 2288 -1
444 3085 -1
651 3085 -1
691 3085 -1
444 2890 -1
628 2590 -1
628 2530 -1
628 2484 -1
1662 2576 -1
1662 2642 -1
1414 3017 -1
1061 2587 -1
2674 3932 -1
2674 3868 -1
2674 3910 -1
3411 3793 -1
3411 3938 -1
3411 3661 -1
3411 3607 -1
3139 3760 -1
2840 3760 -1
2091 3184 -1
2535 3248 -1
2552 3248 -1
2649 3248 -1
2644 3248 -1
2749 3248 -1
2719 3248 -1
94 2399 -1
241 2399 -1
55 1131 -1
55 963 -1
55 879 -1
822 1842 -1
474 3822 -1
2095 3851 -1
2145 3851 -1
2281 3851 -1
2379 3851 -1
2259 3851 -1
2324 3851 -1
2207 3851 -1
3291 3652 -1
3438 3652 -1
3291 3682 -1
2219 3774 -1
2734 3355 -1
3584 3610 -1
3243 3610 -1
3315 3610 -1
3501 3610 -1
1477 2802 -1
1377 2802 -1
1477 2777 -1
1477 2725 -1
1477 2493 -1
2105 2564 -1
2097 2564 -1
2105 2496 -1
2105 2762 -1
2105 2788 -1
2105 2614 -1
2105 2591 -1
2567 3055 -1
2560 3055 -1
2745 3055 -1
2567 3058 -1
2567 3166 -1
3038 3775 -1
3038 3758 -1
1628 3861 -1
1628 3712 -1
1628 3873 -1
1628 3621 -1
1628 3752 -1
1628 3852 -1
1628 3856 -1
1628 3987 -1
1628 3923 -1
2033 2883 -1
1700 2883 -1
1935 2328 -1
203 1712 -1
135 1712 -1
1823 3594 -1
494 2032 -1
1777 3195 -1
1896 3195 -1
1824 3195 -1
1748 3195 -1
2006 3195 -1
1777 3186 -1
1777 2835 -1
1777 2925 -1
3 1968 -1
3 1905 -1
3 1738 -1
3 1861 -1
3 1873 -1
1703 3569 -1
2315 3147 -1
566 3160 -1
566 2857 -1
566 3097 -1
840 1544 -1
1080 1544 -1
934 1544 -1
3370 3822 -1
1299 3325 -1
1521 3325 -1
1083 3947 -1
848 3947 -1
2484 3340 -1
2530 3340 -1
2590 3340 -1
2484 3350 -1
5 3372 -1
906 1969 -1
329 1863 -1
253 1863 -1
1439 3115 -1
1242 3115 -1
1439 2880 -1
721 3920 -1
1056 2739 -1
1056 2778 -1
1056 2442 -1
1056 2715 -1
1056 2741 -1
1056 2461 -1
1122 2616 -1
2566 3044 -1
260 3573 -1
90 3573 -1
227 3573 -1
131 3573 -1
333 3573 -1
238 3573 -1
2726 3536 -1
652 3577 -1
622 3577 -1
671 3577 -1
1891 3457 -1
523 871 -1
431 871 -1
138 1550 -1
2503 3881 -1
331 3758 -1
331 3775 -1
1311 2839 -1
1311 3080 -1
1311 2968 -1
1311 2843 -1
1311 3191 -1
2592 3073 -1
2592 2998 -1
734 1322 -1
734 1483 -1
734 1246 -1
2473 3594 -1
3071 3374 -1
1351 3445 -1
1586 3445 -1
1399 3445 -1
1607 3445 -1
1351 3368 -1
1351 3235 -1
1351 3276 -1
356 1575 -1
356 1537 -1
356 1539 -1
356 1500 -1
1878 2609 -1
1381 1667 -1
1410 1667 -1
1383 1667 -1
1381 1717 -1
1028 1300 -1
1028 1592 -1
