411 667 1
686 773 1
548 752 1
386 763 1
502 598 1
506 718 1
555 763 1
386 555 1
511 543 1
537 656 1
442 715 1
587 639 1
377 716 1
398 583 1
378 457 1
628 659 1
377 719 1
716 719 1
582 733 1
622 652 1
415 605 1
674 781 1
438 637 1
672 786 1
593 607 1
481 728 1
477 634 1
475 579 1
474 578 1
387 690 1
722 808 1
444 615 1
566 630 1
387 543 1
543 690 1
387 511 1
544 740 1
761 776 1
461 516 1
551 769 1
523 702 1
408 689 1
698 795 1
368 427 1
390 469 1
489 587 1
489 639 1
486 529 1
676 729 1
411 443 1
443 667 1
431 807 1
557 769 1
551 557 1
489 816 1
587 816 1
639 816 1
397 758 1
672 675 1
675 786 1
687 741 1
564 781 1
564 674 1
449 460 1
387 406 1
406 690 1
406 511 1
406 543 1
424 428 1
600 782 1
455 652 1
455 622 1
397 661 1
661 758 1
471 516 1
461 471 1
615 647 1
444 647 1
423 638 1
591 597 1
408 546 1
546 689 1
410 736 1
404 475 1
404 579 1
400 542 1
598 648 1
502 648 1
576 792 1
387 526 1
526 690 1
511 526 1
406 526 1
526 543 1
460 729 1
449 729 1
460 676 1
434 750 1
496 598 1
496 648 1
496 502 1
517 793 1
454 589 1
559 807 1
431 559 1
622 819 1
652 819 1
455 819 1
571 642 1
442 525 1
525 715 1
679 740 1
544 679 1
377 425 1
425 716 1
425 719 1
425 526 1
377 526 1
526 716 1
526 719 1
387 425 1
425 690 1
406 425 1
425 511 1
425 543 1
445 731 1
532 533 1
642 708 1
571 708 1
417 641 1
662 731 1
445 662 1
499 592 1
511 596 1
387 596 1
425 596 1
526 596 1
406 596 1
543 596 1
411 737 1
667 737 1
443 737 1
651 810 1
413 743 1
467 488 1
552 705 1
432 501 1
493 777 1
605 688 1
415 688 1
618 709 1
720 727 1
422 561 1
486 509 1
509 529 1
439 814 1
413 749 1
743 749 1
398 517 1
517 583 1
398 793 1
482 804 1
589 673 1
454 673 1
662 767 1
731 767 1
445 767 1
441 694 1
713 720 1
713 727 1
475 494 1
494 579 1
404 494 1
400 492 1
492 542 1
449 810 1
729 810 1
460 810 1
449 651 1
648 778 1
496 778 1
502 778 1
598 778 1
445 549 1
549 731 1
549 662 1
549 767 1
672 760 1
760 786 1
675 760 1
1135 1151 1
836 988 1
1029 1121 1
871 1093 1
860 922 1
937 949 1
948 1144 1
1198 1219 1
841 1228 1
845 855 1
893 996 1
1093 1128 1
871 1128 1
821 1236 1
904 1197 1
946 1100 1
882 1134 1
927 1194 1
902 1024 1
930 1020 1
1012 1233 1
966 1210 1
932 1179 1
850 896 1
1103 1146 1
1004 1044 1
951 1144 1
948 951 1
978 1133 1
830 1006 1
826 1129 1
954 1140 1
874 976 1
830 1184 1
1006 1184 1
900 1227 1
1080 1223 1
1062 1222 1
884 1148 1
1036 1209 1
1009 1206 1
963 1062 1
963 1222 1
1077 1200 1
1148 1194 1
884 1194 1
927 1148 1
941 1001 1
857 1024 1
857 902 1
940 1174 1
1087 1202 1
1014 1113 1
1021 1177 1
925 1104 1
867 1090 1
859 1181 1
917 1060 1
886 1187 1
851 1104 1
851 925 1
909 968 1
962 1001 1
941 962 1
876 990 1
846 932 1
846 1179 1
831 996 1
831 893 1
875 964 1
1103 1165 1
1146 1165 1
865 1008 1
876 1012 1
990 1012 1
876 1233 1
1053 1055 1
1084 1236 1
821 1084 1
883 958 1
1066 1163 1
946 951 1
951 1100 1
946 1144 1
946 948 1
845 971 1
855 971 1
1047 1138 1
911 1072 1
862 1063 1
874 1140 1
976 1140 1
874 954 1
1171 1206 1
1009 1171 1
1086 1106 1
844 1172 1
866 1041 1
1018 1116 1
976 1228 1
874 1228 1
1140 1228 1
841 976 1
966 1056 1
1056 1210 1
900 1156 1
1156 1227 1
960 1196 1
1109 1217 1
888 988 1
836 888 1
1007 1062 1
963 1007 1
1007 1222 1
833 1065 1
1114 1134 1
882 1114 1
826 1098 1
1098 1129 1
1080 1213 1
1213 1223 1
821 1145 1
1084 1145 1
1145 1236 1
1064 1114 1
882 1064 1
1064 1134 1
1132 1236 1
1132 1145 1
1084 1132 1
821 1132 1
965 1000 1
985 1126 1
1123 1215 1
951 1215 1
1144 1215 1
1100 1215 1
946 1215 1
948 1215 1
951 1123 1
968 1065 1
909 1065 1
833 968 1
914 1020 1
914 930 1
917 1140 1
1060 1140 1
874 917 1
917 1228 1
917 976 1
917 954 1
883 1053 1
958 1053 1
883 1055 1
1060 1174 1
1140 1174 1
917 1174 1
940 1060 1
890 1101 1
850 1181 1
896 1181 1
850 859 1
1034 1157 1
1086 1211 1
1106 1211 1
875 1211 1
964 1211 1
875 1106 1
875 1086 1
890 1134 1
1101 1134 1
890 1064 1
882 890 1
890 1114 1
1003 1108 1
1450 1508 1
1361 1444 1
1476 1615 1
1583 1588 1
1367 1487 1
1361 1383 1
1383 1444 1
1555 1565 1
1473 1567 1
1386 1592 1
1577 1591 1
1267 1575 1
1385 1389 1
1257 1416 1
1431 1615 1
1431 1476 1
1379 1620 1
1283 1627 1
1299 1404 1
1430 1536 1
1391 1557 1
1459 1525 1
1238 1298 1
1278 1283 1
1278 1627 1
1391 1436 1
1436 1557 1
1587 1632 1
1390 1606 1
1563 1630 1
1414 1473 1
1414 1567 1
1245 1300 1
1526 1573 1
1361 1527 1
1444 1527 1
1383 1527 1
1525 1582 1
1459 1582 1
1296 1403 1
1410 1504 1
1333 1540 1
1330 1613 1
1626 1631 1
1285 1397 1
1429 1477 1
1311 1470 1
1280 1507 1
1250 1543 1
1381 1486 1
1487 1517 1
1367 1517 1
1257 1425 1
1416 1425 1
1369 1419 1
1444 1455 1
1361 1455 1
1455 1527 1
1383 1455 1
1358 1366 1
1423 1557 1
1423 1436 1
1391 1423 1
1396 1476 1
1396 1431 1
1396 1615 1
1291 1590 1
1368 1560 1
1276 1384 1
1588 1633 1
1583 1633 1
1450 1490 1
1490 1508 1
1266 1324 1
1425 1585 1
1416 1585 1
1257 1585 1
1411 1575 1
1267 1411 1
1570 1626 1
1570 1631 1
1279 1319 1
1456 1525 1
1456 1459 1
1456 1582 1
1281 1488 1
1314 1438 1
1269 1509 1
1274 1391 1
1274 1436 1
1274 1557 1
1274 1423 1
1319 1598 1
1279 1598 1
1328 1531 1
1291 1493 1
1493 1590 1
1268 1583 1
1268 1633 1
1268 1588 1
1367 1618 1
1517 1618 1
1487 1618 1
1338 1611 1
1458 1609 1
1407 1621 1
1404 1530 1
1299 1530 1
1299 1435 1
1435 1530 1
1404 1435 1
1357 1394 1
1266 1506 1
1324 1506 1
1602 1623 1
1382 1514 1
1394 1606 1
1357 1606 1
1390 1394 1
1560 1577 1
1368 1577 1
1560 1591 1
1293 1592 1
1293 1386 1
1304 1477 1
1304 1429 1
1346 1433 1
1336 1365 1
1402 1520 1
1422 1470 1
1311 1422 1
1267 1516 1
1411 1516 1
1516 1575 1
1529 1599 1
1449 1516 1
1267 1449 1
1411 1449 1
1449 1575 1
1494 1615 1
1396 1494 1
1476 1494 1
1431 1494 1
1359 1531 1
1328 1359 1
1520 1610 1
1402 1610 1
1311 1534 1
1422 1534 1
1470 1534 1
1429 1551 1
1304 1551 1
1477 1551 1
1478 1503 1
1331 1397 1
1285 1331 1
1433 1551 1
1346 1551 1
1304 1433 1
1429 1433 1
1433 1477 1
1337 1366 1
1337 1358 1
1371 1449 1
1267 1371 1
1371 1516 1
1371 1411 1
1371 1575 1
1830 1952 1
2001 2043 1
1864 1908 1
1657 1939 1
1757 1975 1
1910 1936 1
1706 1723 1
1829 1931 1
1642 1696 1
1756 1799 1
1914 2057 1
1957 2057 1
1914 1957 1
1808 1901 1
1779 2026 1
1637 1978 1
1759 1962 1
1869 1984 1
1646 1851 1
1699 1933 1
1870 2034 1
1763 1787 1
1774 1823 1
1916 1944 1
1746 2006 1
1972 2008 1
1808 1840 1
1840 1901 1
1742 1950 1
1681 1802 1
1694 1859 1
1727 1863 1
1679 2033 1
1825 1939 1
1657 1825 1
1740 2038 1
1683 1937 1
2042 2045 1
1735 2002 1
1845 1857 1
1686 1934 1
1652 1768 1
1904 2057 1
1904 1914 1
1904 1957 1
1844 2048 1
1949 2039 1
1925 1949 1
1925 2039 1
1742 1883 1
1883 1950 1
1763 1923 1
1787 1923 1
1894 1958 1
1793 1940 1
1669 2049 1
1709 1814 1
1709 1761 1
1761 1814 1
1825 2063 1
1657 2063 1
1939 2063 1
1835 1868 1
1740 1894 1
1894 2038 1
1740 1958 1
1747 1809 1
1639 1656 1
1702 1868 1
1702 1835 1
1815 1988 1
1801 1857 1
1801 1845 1
1971 2009 1
1687 1783 1
1710 1864 1
1710 1908 1
1664 1704 1
1722 2054 1
1697 1930 1
1767 1960 1
1742 1815 1
1815 1883 1
1815 1950 1
1742 1988 1
2056 2065 1
1739 1861 1
1753 1804 1
1706 2031 1
1723 2031 1
1775 2027 1
1759 2004 1
1962 2004 1
1690 1715 1
1911 1959 1
1822 1983 1
1856 2032 1
1982 2062 1
1873 2059 1
1779 1922 1
1922 2026 1
1695 2035 1
1661 1986 1
1643 1981 1
1731 1961 1
1680 1879 1
1655 1777 1
1790 1973 1
1816 2009 1
1816 1971 1
1853 1960 1
1767 1853 1
1692 1887 1
1678 1893 1
1635 2064 1
1777 1844 1
1655 1844 1
1777 2048 1
1732 2045 1
1732 2042 1
1913 2041 1
1704 1797 1
1664 1797 1
1790 1933 1
1933 1973 1
1699 1790 1
1755 1871 1
1713 1966 1
1675 1880 1
1769 1828 1
1947 1974 1
1903 2028 1
1795 1966 1
1713 1795 1
1847 1854 1
1646 1875 1
1851 1875 1
1669 2009 1
2009 2049 1
1669 1816 1
1669 1971 1
1893 1914 1
1678 1914 1
1893 1904 1
1893 2057 1
1893 1957 1
1755 2051 1
1871 2051 1
1750 2041 1
1750 1913 1
1690 2016 1
1715 2016 1
1922 2014 1
2014 2026 1
1779 2014 1
1885 1954 1
1799 1805 1
1756 1805 1
1917 1983 1
1822 1917 1
1678 1700 1
1700 1914 1
1700 1893 1
1662 2057 1
1662 1904 1
1662 1914 1
1662 1957 1
1662 1893 1
1875 1949 1
1851 1949 1
1646 1949 1
1875 1925 1
1875 2039 1
1710 1944 1
1864 1944 1
1908 1944 1
1710 1916 1
1759 1923 1
1923 1962 1
1923 2004 1
1759 1763 1
1759 1787 1
2070 2077 1
2218 2373 1
2271 2370 1
2105 2207 1
2274 2304 1
2228 2348 1
2110 2141 1
2229 2255 1
2144 2171 1
2098 2109 1
2172 2266 1
2184 2352 1
2191 2312 1
2267 2409 1
2199 2343 1
2078 2214 1
2169 2288 1
2221 2247 1
2125 2179 1
2321 2380 1
2164 2178 1
2092 2287 1
2291 2388 1
2252 2372 1
2142 2169 1
2142 2288 1
2215 2355 1
2228 2232 1
2232 2348 1
2282 2409 1
2267 2282 1
2235 2423 1
2156 2348 1
2156 2232 1
2156 2228 1
2307 2387 1
2100 2388 1
2100 2291 1
2162 2379 1
2162 2361 1
2361 2379 1
2227 2364 1
2316 2319 1
2208 2232 1
2156 2208 1
2208 2348 1
2208 2228 1
2138 2298 1
2209 2385 1
2213 2364 1
2213 2227 1
2082 2146 1
2132 2137 1
2304 2356 1
2274 2356 1
2306 2341 1
2194 2198 1
2098 2323 1
2109 2323 1
2122 2403 1
2324 2331 1
2242 2352 1
2184 2242 1
2141 2332 1
2110 2332 1
2092 2207 1
2207 2287 1
2092 2105 1
2209 2220 1
2220 2385 1
2353 2401 1
2174 2279 1
2322 2324 1
2322 2331 1
2108 2424 1
2341 2412 1
2306 2412 1
2092 2399 1
2105 2399 1
2207 2399 1
2287 2399 1
2187 2367 1
2265 2395 1
2080 2227 1
2080 2364 1
2080 2213 1
2086 2315 1
2126 2243 1
2110 2235 1
2235 2332 1
2141 2235 1
2110 2423 1
2159 2348 1
2159 2232 1
2156 2159 1
2159 2208 1
2159 2228 1
2100 2110 1
2110 2291 1
2110 2388 1
2100 2423 1
2100 2235 1
2100 2332 1
2100 2141 1
2108 2154 1
2154 2424 1
2190 2323 1
2098 2190 1
2109 2190 1
2108 2177 1
2177 2424 1
2154 2177 1
2159 2240 1
2208 2240 1
2240 2348 1
2156 2240 1
2228 2240 1
2232 2240 1
2156 2327 1
2208 2327 1
2240 2327 1
2327 2348 1
2159 2327 1
2228 2327 1
2232 2327 1
2127 2346 1
2097 2292 1
2127 2336 1
2336 2346 1
2142 2356 1
2288 2356 1
2169 2356 1
2142 2304 1
2142 2274 1
2235 2346 1
2100 2346 1
2346 2423 1
2332 2346 1
2141 2346 1
2110 2346 1
2235 2336 1
2127 2235 1
2265 2266 1
2266 2395 1
2172 2265 1
2303 2401 1
2303 2353 1
2131 2296 1
2248 2370 1
2248 2271 1
2494 2762 1
2549 2770 1
2629 2716 1
2586 2695 1
2481 2640 1
2461 2691 1
2560 2711 1
2544 2646 1
2459 2540 1
2453 2643 1
2585 2696 1
2731 2743 1
2598 2649 1
2596 2621 1
2441 2681 1
2503 2596 1
2503 2621 1
2682 2780 1
2509 2621 1
2509 2596 1
2503 2509 1
2581 2717 1
2554 2644 1
2578 2778 1
2632 2669 1
2628 2646 1
2544 2628 1
2440 2472 1
2592 2736 1
2461 2481 1
2481 2691 1
2461 2640 1
2467 2512 1
2546 2743 1
2546 2731 1
2532 2669 1
2532 2632 1
2510 2781 1
2578 2662 1
2662 2778 1
2585 2789 1
2696 2789 1
2633 2785 1
2451 2758 1
2524 2563 1
2482 2574 1
2473 2556 1
2666 2744 1
2612 2755 1
2497 2620 1
2675 2692 1
2535 2554 1
2535 2644 1
2513 2704 1
2493 2585 1
2493 2696 1
2493 2789 1
2582 2731 1
2546 2582 1
2582 2743 1
2486 2667 1
2439 2654 1
2657 2708 1
2445 2615 1
2630 2785 1
2630 2633 1
2471 2591 1
2557 2664 1
2520 2617 1
2697 2768 1
2516 2796 1
2472 2583 1
2440 2583 1
2497 2692 1
2620 2692 1
2497 2675 1
2484 2602 1
2769 2772 1
2691 2772 1
2481 2772 1
2461 2772 1
2691 2769 1
2601 2776 1
2448 2460 1
2735 2760 1
2501 2650 1
2493 2612 1
2612 2696 1
2585 2612 1
2612 2789 1
2493 2755 1
2444 2566 1
2680 2733 1
2762 2765 1
2494 2765 1
2559 2566 1
2444 2559 1
2684 2719 1
2440 2738 1
2472 2738 1
2583 2738 1
2498 2594 1
2508 2678 1
2650 2756 1
2501 2756 1
2521 2584 1
2493 2507 1
2507 2755 1
2507 2789 1
2507 2696 1
2507 2612 1
2507 2585 1
2529 2710 1
2545 2550 1
2517 2551 1
2642 2663 1
2451 2535 1
2535 2758 1
2451 2554 1
2451 2644 1
2474 2689 1
2502 2701 1
2659 2665 1
2559 2637 1
2444 2637 1
2566 2637 1
2674 2684 1
2674 2719 1
2610 2619 1
2486 2542 1
2542 2667 1
2728 2770 1
2549 2728 1
2486 2656 1
2656 2667 1
2542 2656 1
2494 2741 1
2741 2762 1
2741 2765 1
2617 2683 1
2520 2683 1
2686 2693 1
2579 2701 1
2502 2579 1
2456 2691 1
2456 2481 1
2456 2772 1
2456 2461 1
2456 2769 1
2476 2576 1
2674 2743 1
2684 2743 1
2719 2743 1
2674 2731 1
2546 2674 1
2582 2674 1
2466 2691 1
2466 2769 1
2466 2481 1
2466 2772 1
2456 2466 1
2461 2466 1
3136 3184 1
2810 2867 1
2945 3079 1
2926 3169 1
2965 3191 1
2852 3131 1
2964 2974 1
3069 3076 1
3032 3056 1
3065 3197 1
2981 3055 1
2887 2972 1
3033 3100 1
2964 3140 1
2974 3140 1
2842 2998 1
2885 3054 1
2912 2918 1
2848 2923 1
2828 2902 1
3105 3122 1
2915 3189 1
3020 3160 1
2960 3125 1
2879 2919 1
3118 3163 1
3161 3219 1
2906 3061 1
2924 3222 1
2810 3225 1
2867 3225 1
3027 3074 1
2839 3131 1
2839 2852 1
2873 2898 1
3016 3066 1
2827 2888 1
3052 3139 1
3006 3229 1
3017 3197 1
3017 3065 1
2845 3091 1
2937 2942 1
2823 2875 1
3103 3104 1
2893 2944 1
3002 3025 1
3105 3146 1
3122 3146 1
2834 3051 1
2994 3006 1
2994 3229 1
2983 3058 1
2848 3136 1
2923 3136 1
2848 3184 1
3026 3224 1
2885 3019 1
3019 3054 1
2916 3018 1
3050 3137 1
2810 2936 1
2936 3225 1
2867 2936 1
2811 3102 1
2817 3203 1
2935 3218 1
2955 3025 1
2955 3002 1
3185 3218 1
2935 3185 1
2928 3086 1
2816 3036 1
2970 3156 1
3016 3040 1
3040 3066 1
3074 3196 1
3027 3196 1
2883 2996 1
2836 3104 1
2836 3103 1
2920 3029 1
3088 3181 1
3154 3190 1
2957 3024 1
2921 3165 1
3066 3213 1
3016 3213 1
3040 3213 1
3084 3150 1
2971 3172 1
2831 3088 1
2831 3181 1
3115 3149 1
2805 3043 1
2834 3143 1
3051 3143 1
3011 3180 1
2992 3033 1
2992 3100 1
2854 3007 1
2828 3196 1
2902 3196 1
2828 3074 1
2828 3027 1
2932 3045 1
2966 3147 1
2830 2973 1
3048 3162 1
2831 3199 1
3088 3199 1
3181 3199 1
2813 3217 1
2820 2880 1
3013 3070 1
3074 3223 1
2828 3223 1
3027 3223 1
3196 3223 1
2937 2986 1
2942 2986 1
2820 2916 1
2880 2916 1
2820 3018 1
2901 3199 1
2901 3088 1
2901 3181 1
2831 2901 1
2899 3172 1
2899 2971 1
2968 3065 1
2968 3017 1
2968 3197 1
2833 3054 1
2833 3019 1
2833 2885 1
2990 3074 1
2828 2990 1
2990 3027 1
2990 3196 1
2990 3223 1
2963 2971 1
2899 2963 1
2963 3172 1
3058 3184 1
2983 3184 1
3058 3136 1
2848 3058 1
3078 3151 1
3158 3212 1
2805 3207 1
3043 3207 1
2812 2967 1
2803 3026 1
2803 3224 1
3052 3098 1
3098 3139 1
3153 3222 1
2924 3153 1
2823 3104 1
2875 3104 1
2823 2836 1
2823 3103 1
2888 2896 1
2827 2896 1
3051 3212 1
2834 3212 1
3143 3212 1
3051 3158 1
3018 3085 1
2820 3085 1
2916 3085 1
2836 3011 1
3011 3104 1
2823 3011 1
3011 3103 1
2836 3180 1
3040 3124 1
3016 3124 1
3066 3124 1
3124 3213 1
3233 3469 1
3367 3478 1
3358 3364 1
3480 3564 1
3422 3527 1
3286 3352 1
3417 3418 1
3529 3544 1
3299 3513 1
3350 3414 1
3371 3529 1
3371 3544 1
3264 3573 1
3312 3425 1
3391 3513 1
3299 3391 1
3405 3469 1
3233 3405 1
3290 3327 1
3328 3421 1
3255 3424 1
3388 3546 1
3324 3445 1
3391 3539 1
3513 3539 1
3299 3539 1
3345 3410 1
3411 3423 1
3253 3464 1
3379 3454 1
3254 3572 1
3364 3433 1
3358 3433 1
3238 3242 1
3325 3341 1
3348 3574 1
3274 3457 1
3250 3322 1
3382 3502 1
3438 3530 1
3415 3419 1
3407 3525 1
3374 3412 1
3285 3521 1
3280 3475 1
3240 3401 1
3266 3325 1
3266 3341 1
3392 3414 1
3350 3392 1
3430 3445 1
3324 3430 1
3297 3501 1
3313 3498 1
3404 3409 1
3271 3488 1
3281 3317 1
3306 3489 1
3244 3520 1
3450 3570 1
3293 3543 1
3293 3471 1
3471 3543 1
3432 3503 1
3297 3557 1
3501 3557 1
3266 3395 1
3325 3395 1
3341 3395 1
3237 3525 1
3237 3407 1
3249 3334 1
3437 3498 1
3313 3437 1
3327 3458 1
3290 3458 1
3260 3370 1
3315 3334 1
3249 3315 1
3232 3367 1
3232 3478 1
3502 3550 1
3382 3550 1
3318 3506 1
3308 3449 1
3306 3363 1
3363 3489 1
3487 3575 1
3295 3575 1
3295 3487 1
3450 3565 1
3565 3570 1
3299 3564 1
3513 3564 1
3539 3564 1
3391 3564 1
3299 3480 1
3568 3594 1
3527 3583 1
3422 3583 1
3289 3528 1
3296 3321 1
3257 3326 1
3330 3336 1
3334 3445 1
3249 3445 1
3315 3445 1
3324 3334 1
3334 3430 1
3345 3463 1
3410 3463 1
3296 3377 1
3321 3377 1
3508 3584 1
3274 3374 1
3374 3457 1
3274 3412 1
3297 3383 1
3383 3501 1
3383 3557 1
3378 3421 1
3328 3378 1
3278 3525 1
3237 3278 1
3278 3407 1
3359 3517 1
3305 3568 1
3305 3594 1
3357 3558 1
3258 3480 1
3258 3299 1
3258 3564 1
3303 3465 1
3266 3567 1
3395 3567 1
3325 3567 1
3341 3567 1
3335 3555 1
3330 3402 1
3336 3402 1
3392 3419 1
3350 3419 1
3414 3419 1
3392 3415 1
3274 3334 1
3334 3457 1
3334 3412 1
3334 3374 1
3274 3430 1
3249 3274 1
3274 3315 1
3274 3445 1
3274 3324 1
3702 3855 1
3628 3783 1
3599 3725 1
3857 3930 1
3889 3916 1
3637 3909 1
3652 3888 1
3862 3898 1
3855 3953 1
3702 3953 1
3639 3646 1
3874 3973 1
3896 3964 1
3659 3967 1
3598 3618 1
3822 3889 1
3822 3916 1
3740 3776 1
3799 3911 1
3886 3918 1
3903 3957 1
3813 3898 1
3813 3862 1
3823 3956 1
3656 3813 1
3656 3898 1
3656 3862 1
3659 3765 1
3765 3967 1
3775 3870 1
3685 3967 1
3659 3685 1
3685 3765 1
3754 3806 1
3737 3881 1
3604 3874 1
3604 3973 1
3720 3886 1
3720 3918 1
3737 3937 1
3881 3937 1
3638 3986 1
3652 3795 1
3795 3888 1
3622 3654 1
3676 3916 1
3676 3889 1
3676 3822 1
3744 3854 1
3600 3828 1
3684 3801 1
3795 3938 1
3888 3938 1
3652 3938 1
3667 3987 1
3830 3928 1
3827 3956 1
3823 3827 1
3658 3860 1
3794 3866 1
3815 3929 1
3686 3834 1
3787 3898 1
3656 3787 1
3787 3813 1
3787 3862 1
3783 3932 1
3628 3932 1
3788 3965 1
3624 3700 1
3657 3950 1
3601 3894 1
3717 3756 1
3773 3938 1
3773 3888 1
3773 3795 1
3652 3773 1
3614 3656 1
3614 3898 1
3614 3787 1
3614 3813 1
3614 3862 1
3850 3860 1
3658 3850 1
3704 3775 1
3704 3870 1
3645 3696 1
3787 3798 1
3798 3813 1
3656 3798 1
3798 3862 1
3798 3898 1
3614 3798 1
3810 3968 1
3931 3990 1
3728 3911 1
3728 3799 1
3634 3704 1
3634 3870 1
3634 3775 1
3679 3743 1
3666 3690 1
3723 3733 1
3680 3968 1
3680 3810 1
3674 3994 1
3816 3956 1
3816 3827 1
3816 3823 1
3790 3982 1
3849 3922 1
3598 3885 1
3618 3885 1
3768 3920 1
3631 3932 1
3628 3631 1
3631 3783 1
3620 3797 1
3714 3888 1
3714 3938 1
3714 3795 1
3652 3714 1
3714 3773 1
3705 3820 1
3920 3980 1
3768 3980 1
3776 3814 1
3740 3814 1
3854 3902 1
3744 3902 1
3912 3966 1
3828 3843 1
3600 3843 1
3841 3862 1
3813 3841 1
3656 3841 1
3787 3841 1
3798 3841 1
3841 3898 1
3614 3841 1
3723 3928 1
3733 3928 1
3723 3830 1
3674 3864 1
3864 3994 1
3631 3770 1
3628 3770 1
3770 3932 1
3770 3783 1
3869 3968 1
3680 3869 1
3810 3869 1
3635 3951 1
3665 3995 1
3700 3946 1
3624 3946 1
3761 3912 1
3761 3966 1
3624 3675 1
3675 3946 1
3675 3700 1
3824 3948 1
3606 3968 1
3606 3680 1
3606 3810 1
3606 3869 1
3715 3964 1
3715 3896 1
3705 3847 1
3820 3847 1
50 360 1
26 227 1
147 158 1
53 229 1
338 360 1
50 338 1
18 347 1
56 75 1
131 182 1
144 168 1
288 289 1
326 341 1
273 362 1
25 299 1
111 274 1
61 164 1
162 322 1
50 56 1
56 360 1
56 338 1
50 75 1
3 117 1
304 338 1
304 360 1
56 304 1
50 304 1
286 312 1
160 351 1
43 76 1
251 313 1
174 365 1
240 268 1
116 226 1
213 281 1
50 177 1
177 360 1
75 177 1
177 304 1
177 338 1
56 177 1
258 295 1
53 192 1
192 229 1
140 266 1
285 294 1
87 308 1
312 356 1
286 356 1
54 285 1
54 294 1
109 360 1
109 338 1
109 304 1
109 177 1
50 109 1
56 109 1
188 359 1
39 71 1
71 81 1
39 81 1
103 203 1
108 206 1
118 230 1
100 135 1
72 190 1
133 225 1
44 338 1
44 360 1
44 109 1
44 304 1
44 177 1
44 50 1
44 56 1
245 304 1
50 245 1
245 360 1
44 245 1
109 245 1
177 245 1
245 338 1
56 245 1
145 179 1
224 254 1
64 247 1
163 245 1
163 360 1
44 163 1
109 163 1
163 304 1
163 177 1
50 163 1
56 163 1
163 338 1
297 317 1
98 116 1
98 226 1
11 307 1
47 103 1
47 203 1
20 305 1
211 301 1
103 291 1
203 291 1
47 291 1
14 160 1
14 351 1
7 250 1
114 131 1
114 182 1
36 102 1
140 215 1
215 266 1
280 320 1
62 113 1
19 258 1
19 295 1
121 173 1
102 133 1
36 133 1
102 225 1
69 261 1
53 245 1
192 245 1
229 245 1
53 163 1
53 360 1
44 53 1
53 109 1
53 304 1
53 177 1
50 53 1
53 56 1
53 338 1
89 337 1
180 362 1
180 273 1
148 186 1
94 217 1
73 209 1
113 361 1
62 361 1
83 260 1
227 296 1
26 296 1
51 181 1
28 216 1
21 222 1
111 196 1
196 274 1
92 199 1
193 326 1
193 341 1
94 143 1
143 217 1
247 3975 1
64 3975 1
3975 3975 1
247 247 1
430 1744 1
1744 1744 1
430 430 1
2055 3683 1
3683 3683 1
2055 2055 1
705 2482 1
552 2482 1
2482 2482 1
705 705 1
705 2574 1
867 3355 1
1090 3355 1
3355 3355 1
867 867 1
717 1114 1
1114 1114 1
717 1064 1
717 717 1
717 1134 1
717 882 1
717 890 1
850 3198 1
896 3198 1
859 3198 1
1181 3198 1
3198 3198 1
850 850 1
115 2702 1
2702 2702 1
115 115 1
1166 2477 1
2477 2477 1
1166 1166 1
1762 3670 1
3670 3670 1
1762 1762 1
2292 3458 1
2097 3458 1
3458 3458 1
2292 3290 1
2292 2292 1
2292 3327 1
3464 3821 1
3253 3821 1
3821 3821 1
3464 3464 1
1430 2498 1
1536 2498 1
2498 2498 1
1430 2594 1
1430 1430 1
1889 3930 1
3930 3930 1
1889 3857 1
1889 1889 1
1846 2528 1
2528 2528 1
1846 1846 1
220 2967 1
2967 2967 1
220 220 1
220 2812 1
3265 3736 1
3736 3736 1
3265 3265 1
399 2742 1
2742 2742 1
399 399 1
1030 1723 1
1723 1723 1
1030 1706 1
1030 1030 1
1030 2031 1
330 1421 1
1421 1421 1
330 330 1
343 2094 1
2094 2094 1
343 343 1
1321 3344 1
3344 3344 1
1321 1321 1
1668 3955 1
3955 3955 1
1668 1668 1
840 3879 1
3879 3879 1
840 840 1
614 3409 1
3409 3409 1
614 3404 1
614 614 1
237 3959 1
3959 3959 1
237 237 1
575 3065 1
3065 3065 1
575 2968 1
575 3017 1
575 3197 1
575 575 1
1685 3437 1
3437 3437 1
1685 3313 1
1685 3498 1
1685 1685 1
1738 3224 1
3224 3224 1
1738 3026 1
1738 2803 1
1738 1738 1
1038 2695 1
2695 2695 1
1038 2586 1
1038 1038 1
313 2461 1
251 2461 1
2461 2461 1
313 2466 1
313 2691 1
313 2640 1
313 2481 1
313 2772 1
313 2456 1
313 313 1
525 1307 1
1307 1307 1
442 1307 1
715 1307 1
525 525 1
3211 3457 1
3457 3457 1
3211 3274 1
3211 3211 1
3211 3334 1
3211 3374 1
2343 2677 1
2677 2677 1
2199 2677 1
2343 2343 1
1638 3133 1
3133 3133 1
1638 1638 1
1576 3956 1
3956 3956 1
1576 3816 1
1576 1576 1
1576 3827 1
1576 3823 1
920 2753 1
2753 2753 1
920 920 1
992 3764 1
3764 3764 1
992 992 1
1914 2699 1
1700 2699 1
1957 2699 1
2057 2699 1
2699 2699 1
1678 2699 1
1904 2699 1
1662 2699 1
1893 2699 1
1914 1914 1
1850 3517 1
3517 3517 1
1850 1850 1
1850 3359 1
2589 3864 1
3864 3864 1
2589 3674 1
2589 3994 1
2589 2589 1
244 1100 1
1100 1100 1
244 946 1
244 1215 1
244 244 1
244 951 1
575 2500 1
2500 2500 1
2500 3017 1
2500 2968 1
2500 3065 1
2500 3197 1
334 3230 1
3230 3230 1
334 334 1
3055 3305 1
3305 3305 1
2981 3305 1
3055 3568 1
3055 3594 1
3055 3055 1
1185 1984 1
1984 1984 1
1185 1185 1
1185 1869 1
1568 3454 1
3454 3454 1
1568 1568 1
1568 3379 1
551 1733 1
769 1733 1
557 1733 1
1733 1733 1
551 551 1
377 2398 1
425 2398 1
716 2398 1
2398 2398 1
526 2398 1
719 2398 1
377 377 1
802 3170 1
3170 3170 1
802 802 1
1186 3138 1
3138 3138 1
1186 1186 1
1602 2764 1
2764 2764 1
1623 2764 1
1602 1602 1
1450 2469 1
1490 2469 1
1508 2469 1
2469 2469 1
1450 1450 1
1804 3575 1
1753 3575 1
3575 3575 1
1804 3295 1
1804 1804 1
1804 3487 1
2629 3204 1
3204 3204 1
2716 3204 1
2629 2629 1
2986 3958 1
2937 3958 1
3958 3958 1
2942 3958 1
2986 2986 1
1348 3797 1
3797 3797 1
1348 1348 1
1348 3620 1
513 3739 1
3739 3739 1
513 513 1
458 3781 1
3781 3781 1
458 458 1
1007 2401 1
2401 2401 1
963 2401 1
1222 2401 1
1062 2401 1
1007 1007 1
1007 2353 1
1007 2303 1
1356 2142 1
2142 2142 1
1356 2304 1
1356 2274 1
1356 1356 1
1356 2288 1
1356 2356 1
1356 2169 1
3176 3657 1
3657 3657 1
3176 3176 1
3176 3950 1
568 3359 1
3359 3359 1
568 568 1
568 1850 1
568 3517 1
449 1380 1
729 1380 1
810 1380 1
651 1380 1
460 1380 1
1380 1380 1
449 449 1
168 772 1
144 772 1
772 772 1
168 168 1
689 1252 1
408 1252 1
546 1252 1
1252 1252 1
689 689 1
288 2348 1
289 2348 1
2348 2348 1
288 2208 1
288 2240 1
288 2156 1
288 2159 1
288 2228 1
288 2327 1
288 2232 1
288 288 1
649 958 1
958 958 1
649 649 1
649 883 1
649 1053 1
96 2746 1
2746 2746 1
96 96 1
990 2429 1
1012 2429 1
876 2429 1
2429 2429 1
990 990 1
531 3698 1
3698 3698 1
531 531 1
2011 2910 1
2910 2910 1
2011 2011 1
1778 3166 1
3166 3166 1
1778 1778 1
105 1159 1
1159 1159 1
105 105 1
1368 2646 1
1560 2646 1
1577 2646 1
2646 2646 1
1368 2628 1
1368 2544 1
1368 1368 1
178 718 1
718 718 1
178 506 1
178 178 1
1613 3128 1
3128 3128 1
1330 3128 1
1613 1613 1
1188 2914 1
2914 2914 1
1188 1188 1
2193 3712 1
3712 3712 1
2193 2193 1
801 2263 1
2263 2263 1
801 801 1
64 1883 1
1883 1883 1
1883 3975 1
247 1883 1
64 64 1
64 1742 1
64 1815 1
64 1950 1
707 1628 1
1628 1628 1
707 707 1
835 3292 1
3292 3292 1
835 835 1
1597 3328 1
3328 3328 1
1597 3378 1
1597 3421 1
1597 1597 1
88 1350 1
1350 1350 1
88 88 1
213 1876 1
281 1876 1
1876 1876 1
213 213 1
520 1969 1
1969 1969 1
520 520 1
2229 2525 1
2525 2525 1
2255 2525 1
2229 2229 1
1051 2174 1
2174 2174 1
1051 1051 1
1051 2279 1
2429 3574 1
876 3574 1
1012 3574 1
990 3574 1
3574 3574 1
2429 3348 1
178 2635 1
506 2635 1
2635 2635 1
718 2635 1
2254 3250 1
3250 3250 1
2254 3322 1
2254 2254 1
1907 3480 1
3480 3480 1
1907 1907 1
1907 3258 1
1907 3299 1
1907 3564 1
1885 3498 1
1954 3498 1
3498 3498 1
1885 3437 1
1885 3313 1
1685 1885 1
1885 1885 1
980 2572 1
2572 2572 1
980 980 1
194 3723 1
3723 3723 1
194 3928 1
194 194 1
194 3733 1
194 3830 1
2967 3321 1
220 3321 1
3321 3321 1
2812 3321 1
2967 3296 1
2967 3377 1
74 700 1
700 700 1
74 74 1
3094 3260 1
3260 3260 1
3094 3370 1
3094 3094 1
2703 3555 1
3555 3555 1
2703 2703 1
2703 3335 1
259 1130 1
1130 1130 1
259 259 1
70 2941 1
2941 2941 1
70 70 1
1908 3235 1
1864 3235 1
1944 3235 1
3235 3235 1
1710 3235 1
1908 1908 1
2649 3278 1
3278 3278 1
2598 3278 1
2649 3525 1
2649 3407 1
2649 2649 1
2649 3237 1
2448 3574 1
2460 3574 1
876 2448 1
2448 2448 1
1012 2448 1
2448 3348 1
2429 2448 1
990 2448 1
170 1209 1
1209 1209 1
170 170 1
170 1036 1
933 1903 1
1903 1903 1
933 2028 1
933 933 1
11 2277 1
307 2277 1
2277 2277 1
11 11 1
1799 3560 1
3560 3560 1
1756 3560 1
1805 3560 1
1799 1799 1
679 2076 1
544 2076 1
2076 2076 1
740 2076 1
679 679 1
504 2523 1
2523 2523 1
504 504 1
1670 2899 1
2899 2899 1
1670 2971 1
1670 3172 1
1670 1670 1
1670 2963 1
388 3878 1
3878 3878 1
388 388 1
2961 3550 1
3550 3550 1
2961 2961 1
2961 3382 1
2961 3502 1
2429 3449 1
876 3449 1
2448 3449 1
3348 3449 1
3449 3574 1
3449 3449 1
1012 3449 1
990 3449 1
2429 3308 1
1712 3363 1
3363 3363 1
1712 1712 1
1712 3489 1
1712 3306 1
1059 3915 1
3915 3915 1
1059 1059 1
685 1297 1
1297 1297 1
685 685 1
1700 3515 1
3515 3515 1
1914 3515 1
2699 3515 1
1893 3515 1
1678 3515 1
1700 1700 1
179 2153 1
145 2153 1
2153 2153 1
179 179 1
404 1349 1
579 1349 1
475 1349 1
1349 1349 1
494 1349 1
404 404 1
1542 3780 1
3780 3780 1
1542 1542 1
2506 3873 1
3873 3873 1
2506 2506 1
1456 3949 1
1459 3949 1
1525 3949 1
1582 3949 1
3949 3949 1
1456 1456 1
320 406 1
280 406 1
406 406 1
320 320 1
320 387 1
320 425 1
320 526 1
320 690 1
320 596 1
320 511 1
320 543 1
1355 2185 1
2185 2185 1
1355 1355 1
2271 3665 1
2248 3665 1
3665 3665 1
2370 3665 1
2271 3995 1
2271 2271 1
547 3025 1
3025 3025 1
547 547 1
547 3002 1
547 2955 1
1512 2147 -1
2593 3192 -1
279 3846 -1
475 1575 -1
579 1575 -1
404 1575 -1
494 1575 -1
475 1516 -1
475 1371 -1
475 1267 -1
475 1411 -1
475 1449 -1
2031 3570 -1
1706 3570 -1
1723 3570 -1
2031 3450 -1
2031 3565 -1
1875 3241 -1
2039 3241 -1
1851 3241 -1
1949 3241 -1
1646 3241 -1
1925 3241 -1
523 3616 -1
702 3616 -1
53 2628 -1
192 2628 -1
163 2628 -1
229 2628 -1
360 2628 -1
44 2628 -1
109 2628 -1
304 2628 -1
177 2628 -1
50 2628 -1
245 2628 -1
56 2628 -1
338 2628 -1
53 2544 -1
53 2646 -1
2334 3161 -1
2334 3219 -1
806 2708 -1
806 2657 -1
1034 3234 -1
1157 3234 -1
1567 3679 -1
1473 3679 -1
1414 3679 -1
1567 3743 -1
3358 3711 -1
3433 3711 -1
3364 3711 -1
2702 3361 -1
184 3321 -1
184 3296 -1
184 3377 -1
2678 3349 -1
2508 3349 -1
169 1747 -1
169 1809 -1
841 3782 -1
976 3782 -1
1228 3782 -1
602 938 -1
381 2492 -1
2000 2109 -1
2000 2098 -1
2000 2323 -1
2000 2190 -1
583 931 -1
517 931 -1
398 931 -1
1757 3651 -1
1975 3651 -1
2794 2887 -1
2794 2972 -1
379 3146 -1
379 3105 -1
379 3122 -1
934 2223 -1
1005 1811 -1
1211 2685 -1
1106 2685 -1
875 2685 -1
964 2685 -1
1086 2685 -1
455 2561 -1
819 2561 -1
652 2561 -1
622 2561 -1
2255 3117 -1
2229 3117 -1
1300 2927 -1
1245 2927 -1
162 1158 -1
322 1158 -1
995 3934 -1
663 1631 -1
663 1626 -1
663 1570 -1
1623 2782 -1
1602 2782 -1
108 3053 -1
206 3053 -1
1092 2727 -1
434 3828 -1
750 3828 -1
434 3600 -1
434 3843 -1
578 2307 -1
474 2307 -1
578 2387 -1
1115 1776 -1
1722 3345 -1
2054 3345 -1
1722 3410 -1
1722 3463 -1
267 1298 -1
267 1238 -1
373 2620 -1
373 2497 -1
373 2692 -1
1537 3174 -1
398 1305 -1
793 1305 -1
517 1305 -1
583 1305 -1
2632 3599 -1
2532 3599 -1
2669 3599 -1
2632 3725 -1
2675 3863 -1
2497 3863 -1
2692 3863 -1
783 2657 -1
783 2708 -1
1644 2495 -1
2379 3241 -1
2361 3241 -1
2162 3241 -1
1852 2379 -1
1852 2361 -1
1852 2162 -1
57 2333 -1
1208 1894 -1
1208 1740 -1
1208 2038 -1
1208 1958 -1
1866 3549 -1
1718 2437 -1
616 2303 -1
616 2401 -1
616 2353 -1
2234 3545 -1
2727 3410 -1
2727 3345 -1
2727 3463 -1
347 1376 -1
18 1376 -1
1027 2624 -1
1546 2497 -1
1546 2692 -1
1546 2675 -1
1546 2620 -1
402 3249 -1
402 3274 -1
402 3315 -1
402 3445 -1
402 3334 -1
1491 1849 -1
2648 3815 -1
2648 3929 -1
1319 3302 -1
1598 3302 -1
1279 3302 -1
722 1807 -1
808 1807 -1
626 2149 -1
1258 3223 -1
1258 3196 -1
1258 3074 -1
1258 3027 -1
1258 2828 -1
1258 2990 -1
2170 3686 -1
2170 3834 -1
1018 2436 -1
1116 2436 -1
2765 3156 -1
2762 3156 -1
2741 3156 -1
2494 3156 -1
2765 2970 -1
1185 3909 -1
1185 3637 -1
102 2699 -1
225 2699 -1
36 2699 -1
133 2699 -1
1489 1763 -1
1489 1787 -1
1489 1923 -1
1489 1759 -1
1227 1543 -1
1156 1543 -1
900 1543 -1
1227 1250 -1
2693 2889 -1
2686 2889 -1
2085 2642 -1
2085 2663 -1
1402 1669 -1
1520 1669 -1
1610 1669 -1
1402 1816 -1
1402 2049 -1
1402 1971 -1
1402 2009 -1
2012 3128 -1
1051 1325 -1
1685 2264 -1
642 3447 -1
571 3447 -1
708 3447 -1
1095 1791 -1
2429 3651 -1
701 3432 -1
701 3503 -1
334 3672 -1
103 3050 -1
291 3050 -1
203 3050 -1
47 3050 -1
103 3137 -1
2625 3715 -1
2625 3896 -1
2625 3964 -1
889 1867 -1
558 3477 -1
737 1481 -1
411 1481 -1
667 1481 -1
443 1481 -1
1188 3899 -1
253 3369 -1
1 3388 -1
1 3546 -1
2475 3130 -1
635 3195 -1
685 3661 -1
1802 3229 -1
1681 3229 -1
1802 2994 -1
1802 3006 -1
1517 1843 -1
1618 1843 -1
1367 1843 -1
1487 1843 -1
1975 3855 -1
1757 3855 -1
1975 3953 -1
1975 3702 -1
1406 2214 -1
1406 2078 -1
677 2297 -1
284 3044 -1
598 2681 -1
648 2681 -1
496 2681 -1
778 2681 -1
502 2681 -1
598 2441 -1
1746 3514 -1
2006 3514 -1
2705 3433 -1
2705 3364 -1
2705 3358 -1
1828 2570 -1
1769 2570 -1
207 1475 -1
89 1677 -1
337 1677 -1
620 1903 -1
620 2028 -1
176 2279 -1
176 2174 -1
212 2938 -1
15 2912 -1
15 2918 -1
99 3283 -1
2439 3237 -1
2654 3237 -1
2439 3525 -1
2439 3278 -1
2439 3407 -1
1594 2212 -1
1602 3730 -1
1623 3730 -1
1428 3984 -1
2856 3664 -1
267 528 -1
705 3520 -1
552 3520 -1
705 3244 -1
2820 3946 -1
2880 3946 -1
3018 3946 -1
2916 3946 -1
3085 3946 -1
2820 3624 -1
2820 3675 -1
2820 3700 -1
2525 3777 -1
1650 3719 -1
1334 2012 -1
405 3370 -1
405 3260 -1
673 2061 -1
589 2061 -1
454 2061 -1
217 1861 -1
94 1861 -1
143 1861 -1
217 1739 -1
731 3262 -1
549 3262 -1
445 3262 -1
662 3262 -1
767 3262 -1
1691 3699 -1
743 1039 -1
413 1039 -1
749 1039 -1
1484 1804 -1
1484 1753 -1
719 1149 -1
377 1149 -1
716 1149 -1
526 1149 -1
425 1149 -1
284 888 -1
284 836 -1
284 988 -1
727 3152 -1
720 3152 -1
713 3152 -1
290 3515 -1
2920 3390 -1
3029 3390 -1
2955 3939 -1
3025 3939 -1
3002 3939 -1
368 3565 -1
427 3565 -1
368 3450 -1
368 3570 -1
12 2116 -1
854 2686 -1
854 2693 -1
535 1972 -1
535 2008 -1
1672 3683 -1
2365 3952 -1
399 3033 -1
399 2992 -1
399 3100 -1
947 3982 -1
947 3790 -1
1886 3897 -1
90 636 -1
966 3515 -1
1056 3515 -1
1210 3515 -1
1086 3501 -1
875 3501 -1
1106 3501 -1
1211 3501 -1
1086 3297 -1
1086 3557 -1
1086 3383 -1
139 3652 -1
139 3888 -1
139 3938 -1
139 3795 -1
139 3773 -1
139 3714 -1
2772 3333 -1
2466 3333 -1
2691 3333 -1
2481 3333 -1
2769 3333 -1
2456 3333 -1
2461 3333 -1
447 1369 -1
447 1419 -1
1833 2642 -1
1833 2663 -1
307 3216 -1
11 3216 -1
764 1234 -1
2703 3531 -1
1683 3645 -1
1937 3645 -1
1683 3696 -1
1276 3851 -1
1384 3851 -1
806 3254 -1
806 3572 -1
2597 3688 -1
998 2357 -1
676 3331 -1
729 3331 -1
460 3331 -1
3580 3855 -1
3580 3953 -1
3580 3702 -1
3 1309 -1
117 1309 -1
951 3512 -1
1123 3512 -1
1100 3512 -1
946 3512 -1
948 3512 -1
1144 3512 -1
1215 3512 -1
2830 3829 -1
2973 3829 -1
1299 2086 -1
1530 2086 -1
1435 2086 -1
1404 2086 -1
1299 2315 -1
941 2186 -1
1001 2186 -1
962 2186 -1
2318 2756 -1
2318 2650 -1
2318 2501 -1
1910 3358 -1
1936 3358 -1
1910 3433 -1
1910 3364 -1
1369 3718 -1
1419 3718 -1
282 2591 -1
282 2471 -1
717 3379 -1
717 3454 -1
980 3779 -1
156 2276 -1
2620 3609 -1
2497 3609 -1
2692 3609 -1
134 493 -1
134 777 -1
1420 2861 -1
441 1511 -1
694 1511 -1
41 3154 -1
41 3190 -1
1041 3413 -1
866 3413 -1
1953 2304 -1
1953 2274 -1
1953 2356 -1
1953 2142 -1
2215 3585 -1
2355 3585 -1
2064 2855 -1
1635 2855 -1
2421 2569 -1
1012 1569 -1
1233 1569 -1
876 1569 -1
990 1569 -1
1247 3096 -1
1144 1525 -1
946 1525 -1
1215 1525 -1
948 1525 -1
951 1525 -1
1144 1456 -1
1144 1459 -1
1144 1582 -1
2510 2841 -1
2781 2841 -1
76 3203 -1
43 3203 -1
76 2817 -1
920 2818 -1
151 3017 -1
151 2968 -1
151 3065 -1
151 3197 -1
2711 3976 -1
2560 3976 -1
2387 3805 -1
2307 3805 -1
242 950 -1
1707 3900 -1
1174 2905 -1
1060 2905 -1
940 2905 -1
917 2905 -1
1140 2905 -1
2675 3197 -1
2497 3197 -1
2692 3197 -1
2675 2968 -1
2675 3065 -1
2675 3017 -1
854 3981 -1
1160 2256 -1
2751 3730 -1
1785 2351 -1
130 2846 -1
1456 3740 -1
1459 3740 -1
1525 3740 -1
1582 3740 -1
1456 3776 -1
1456 3814 -1
316 3992 -1
1012 3807 -1
1233 3807 -1
876 3807 -1
990 3807 -1
7 514 -1
250 514 -1
199 3681 -1
92 3681 -1
686 2072 -1
773 2072 -1
472 2890 -1
1228 3531 -1
976 3531 -1
841 3531 -1
874 3531 -1
1140 3531 -1
917 3531 -1
2758 3240 -1
2451 3240 -1
2535 3240 -1
2758 3401 -1
222 2789 -1
21 2789 -1
222 2696 -1
222 2585 -1
222 2507 -1
222 2612 -1
222 2493 -1
2698 3007 -1
2698 2854 -1
662 2191 -1
549 2191 -1
731 2191 -1
445 2191 -1
767 2191 -1
662 2312 -1
300 1523 -1
1040 1323 -1
1313 3241 -1
195 2442 -1
1611 2196 -1
1338 2196 -1
391 995 -1
319 615 -1
319 444 -1
319 647 -1
554 3484 -1
1268 3329 -1
1633 3329 -1
1588 3329 -1
1583 3329 -1
76 2722 -1
43 2722 -1
2491 3243 -1
1723 3501 -1
1706 3501 -1
2031 3501 -1
1723 3297 -1
1723 3557 -1
1723 3383 -1
2702 3275 -1
419 1669 -1
419 1816 -1
419 2049 -1
419 1971 -1
419 2009 -1
2094 2717 -1
2094 2581 -1
367 2306 -1
367 2412 -1
367 2341 -1
411 1643 -1
737 1643 -1
667 1643 -1
443 1643 -1
411 1981 -1
1921 3293 -1
1921 3471 -1
1921 3543 -1
2002 2465 -1
1735 2465 -1
246 480 -1
573 1436 -1
573 1274 -1
573 1423 -1
573 1557 -1
573 1391 -1
1046 3551 -1
635 2690 -1
630 2205 -1
566 2205 -1
2421 3196 -1
2421 3074 -1
2421 2828 -1
2421 2990 -1
2421 3027 -1
2421 2902 -1
2421 3223 -1
3553 3764 -1
2128 3647 -1
1151 1650 -1
1135 1650 -1
1682 2846 -1
1265 3257 -1
1265 3326 -1
1464 3573 -1
1464 3264 -1
741 1541 -1
687 1541 -1
2037 3812 -1
283 3189 -1
283 2915 -1
215 3305 -1
266 3305 -1
140 3305 -1
215 3568 -1
215 3594 -1
1820 2309 -1
1798 3807 -1
912 3828 -1
912 3600 -1
912 3843 -1
1892 2728 -1
1892 2770 -1
1892 2549 -1
1424 2638 -1
589 925 -1
673 925 -1
454 925 -1
589 1104 -1
589 851 -1
3163 3731 -1
3118 3731 -1
2062 2865 -1
1982 2865 -1
3123 3553 -1
452 1945 -1
113 2010 -1
361 2010 -1
62 2010 -1
1147 3142 -1
1441 2269 -1
1207 1343 -1
1361 2021 -1
1527 2021 -1
1444 2021 -1
1455 2021 -1
1383 2021 -1
1000 2237 -1
965 2237 -1
281 666 -1
213 666 -1
292 2711 -1
292 2560 -1
1401 2008 -1
1401 1972 -1
491 1331 -1
491 1397 -1
491 1285 -1
853 1443 -1
540 1249 -1
1565 2542 -1
1555 2542 -1
1565 2656 -1
1565 2667 -1
1565 2486 -1
1484 3296 -1
1484 3321 -1
1484 3377 -1
2226 2722 -1
34 2808 -1
3518 3827 -1
3518 3816 -1
3518 3956 -1
3518 3823 -1
1470 1795 -1
1534 1795 -1
1422 1795 -1
1311 1795 -1
1470 1713 -1
1470 1966 -1
2568 3405 -1
2568 3233 -1
2568 3469 -1
2608 3702 -1
2608 3953 -1
2608 3855 -1
1551 2522 -1
1304 2522 -1
1433 2522 -1
1346 2522 -1
1429 2522 -1
1477 2522 -1
884 2758 -1
1194 2758 -1
1148 2758 -1
884 2451 -1
884 2535 -1
202 1566 -1
3109 3900 -1
305 1985 -1
20 1985 -1
1572 2522 -1
1128 3571 -1
1093 3571 -1
871 3571 -1
82 1961 -1
82 1731 -1
881 1925 -1
881 1875 -1
881 1949 -1
881 2039 -1
19 2899 -1
258 2899 -1
295 2899 -1
19 2971 -1
19 3172 -1
19 2963 -1
31 3542 -1
36 1262 -1
133 1262 -1
102 1262 -1
586 2237 -1
2645 2883 -1
2645 2996 -1
876 2845 -1
1233 2845 -1
1012 2845 -1
990 2845 -1
876 3091 -1
674 2823 -1
564 2823 -1
781 2823 -1
674 3104 -1
674 2875 -1
674 2836 -1
674 3011 -1
674 3103 -1
2799 3579 -1
954 2404 -1
874 2404 -1
1140 2404 -1
917 2404 -1
1052 3737 -1
1052 3881 -1
1052 3937 -1
1833 3962 -1
1899 2155 -1
1813 2215 -1
1813 2355 -1
1760 3286 -1
1760 3352 -1
596 1928 -1
387 1928 -1
425 1928 -1
526 1928 -1
406 1928 -1
511 1928 -1
543 1928 -1
945 2909 -1
1014 2143 -1
1113 2143 -1
2011 2586 -1
2011 2695 -1
61 2370 -1
164 2370 -1
61 2248 -1
61 2271 -1
478 3900 -1
516 2371 -1
461 2371 -1
471 2371 -1
1004 2973 -1
1044 2973 -1
1004 2830 -1
1273 2556 -1
1273 2473 -1
1125 3739 -1
205 1006 -1
205 1184 -1
205 830 -1
974 3093 -1
1214 2183 -1
2470 3156 -1
2470 2970 -1
2217 3230 -1
2263 3793 -1
1747 2619 -1
1809 2619 -1
1747 2610 -1
416 3699 -1
2250 3714 -1
2250 3888 -1
2250 3938 -1
2250 3795 -1
2250 3652 -1
2250 3773 -1
1377 3467 -1
1195 3776 -1
1195 3740 -1
1195 3814 -1
3333 3896 -1
3333 3715 -1
3333 3964 -1
1704 3453 -1
1664 3453 -1
1797 3453 -1
1777 3314 -1
2048 3314 -1
1844 3314 -1
1655 3314 -1
2167 2581 -1
2167 2717 -1
2839 3562 -1
3131 3562 -1
2852 3562 -1
2400 3872 -1
1472 2043 -1
1472 2001 -1
611 2726 -1
157 2027 -1
157 1775 -1
1445 3288 -1
834 3850 -1
834 3658 -1
834 3860 -1
3090 3973 -1
3090 3874 -1
3090 3604 -1
1440 1660 -1
182 953 -1
114 953 -1
131 953 -1
527 2670 -1
346 3824 -1
346 3948 -1
759 1997 -1
403 2048 -1
403 1777 -1
403 1844 -1
845 3602 -1
971 3602 -1
855 3602 -1
2112 2984 -1
111 3914 -1
274 3914 -1
196 3914 -1
198 3556 -1
681 3291 -1
492 2097 -1
400 2097 -1
542 2097 -1
492 2292 -1
330 3883 -1
1989 3401 -1
1989 3240 -1
888 3462 -1
836 3462 -1
988 3462 -1
3338 3782 -1
1830 3618 -1
1952 3618 -1
1830 3885 -1
1830 3598 -1
2605 3712 -1
800 3355 -1
470 2889 -1
2642 3466 -1
2663 3466 -1
176 1322 -1
1955 2896 -1
1955 2888 -1
1955 2827 -1
1513 2416 -1
832 2835 -1
867 1291 -1
1090 1291 -1
867 1493 -1
867 1590 -1
683 3933 -1
1228 2583 -1
976 2583 -1
841 2583 -1
874 2583 -1
1140 2583 -1
917 2583 -1
1228 2472 -1
1228 2440 -1
1228 2738 -1
3245 3737 -1
3245 3881 -1
3245 3937 -1
1445 2418 -1
1779 2483 -1
2026 2483 -1
1922 2483 -1
2014 2483 -1
456 3281 -1
456 3317 -1
1926 2780 -1
1926 2682 -1
3477 3770 -1
3477 3932 -1
3477 3783 -1
3477 3628 -1
3477 3631 -1
905 1755 -1
905 2051 -1
905 1871 -1
502 2594 -1
648 2594 -1
496 2594 -1
778 2594 -1
598 2594 -1
502 2498 -1
652 3592 -1
819 3592 -1
622 3592 -1
455 3592 -1
952 2810 -1
952 2936 -1
952 3225 -1
952 2867 -1
1556 3196 -1
1556 3074 -1
1556 2828 -1
1556 2990 -1
1556 3027 -1
1556 2902 -1
1556 3223 -1
2450 3146 -1
2450 3105 -1
2450 3122 -1
2028 3845 -1
1903 3845 -1
426 857 -1
426 1024 -1
426 902 -1
2947 3905 -1
1821 2898 -1
1821 2873 -1
2667 3379 -1
2656 3379 -1
2542 3379 -1
2486 3379 -1
2667 3454 -1
1513 3585 -1
406 3492 -1
387 3492 -1
425 3492 -1
526 3492 -1
690 3492 -1
596 3492 -1
511 3492 -1
543 3492 -1
795 2817 -1
698 2817 -1
795 3203 -1
213 2037 -1
281 2037 -1
379 2181 -1
2005 2212 -1
1407 3532 -1
1621 3532 -1
1427 2484 -1
1427 2602 -1
2494 3530 -1
2762 3530 -1
2765 3530 -1
2741 3530 -1
2494 3438 -1
233 2631 -1
150 2949 -1
1325 3083 -1
1496 3378 -1
1496 3328 -1
1496 3421 -1
649 1661 -1
649 1986 -1
637 1271 -1
438 1271 -1
794 1024 -1
794 857 -1
794 902 -1
1139 3486 -1
1255 3958 -1
2340 3449 -1
2340 3308 -1
2501 3051 -1
2650 3051 -1
2756 3051 -1
2501 2834 -1
2501 3212 -1
2501 3158 -1
2501 3143 -1
117 640 -1
3 640 -1
478 1507 -1
478 1280 -1
2231 3568 -1
2231 3305 -1
2231 3594 -1
2042 2784 -1
1732 2784 -1
2045 2784 -1
6 1795 -1
6 1713 -1
6 1966 -1
2435 3145 -1
606 3278 -1
606 3407 -1
606 3525 -1
606 3237 -1
318 2988 -1
296 3454 -1
26 3454 -1
227 3454 -1
296 3379 -1
499 2404 -1
592 2404 -1
537 2730 -1
656 2730 -1
2197 2946 -1
450 3010 -1
1276 2038 -1
1384 2038 -1
1276 1740 -1
1276 1894 -1
649 1557 -1
649 1274 -1
649 1423 -1
649 1436 -1
649 1391 -1
649 1659 -1
634 3495 -1
477 3495 -1
855 3170 -1
971 3170 -1
845 3170 -1
1579 3159 -1
1041 2501 -1
866 2501 -1
1041 2650 -1
1041 2756 -1
2381 2470 -1
2077 2592 -1
2070 2592 -1
2077 2736 -1
2188 3641 -1
1842 2732 -1
1158 3799 -1
1158 3728 -1
1158 3911 -1
1926 3646 -1
1926 3639 -1
520 3929 -1
520 3815 -1
2907 3402 -1
2907 3336 -1
2907 3330 -1
2373 3828 -1
2218 3828 -1
2373 3600 -1
2373 3843 -1
1338 2571 -1
1611 2571 -1
2560 3221 -1
2711 3221 -1
1736 2717 -1
1736 2581 -1
1069 2978 -1
2090 2867 -1
2090 2936 -1
2090 3225 -1
2090 2810 -1
731 1718 -1
549 1718 -1
445 1718 -1
662 1718 -1
767 1718 -1
690 3703 -1
425 3703 -1
387 3703 -1
526 3703 -1
406 3703 -1
543 3703 -1
181 2176 -1
51 2176 -1
978 3042 -1
1133 3042 -1
1537 2411 -1
578 3122 -1
474 3122 -1
578 3105 -1
578 3146 -1
3317 3751 -1
3281 3751 -1
26 2640 -1
296 2640 -1
227 2640 -1
26 2481 -1
26 2461 -1
3222 3439 -1
3153 3439 -1
2924 3439 -1
16 3049 -1
1025 3782 -1
225 389 -1
133 389 -1
102 389 -1
998 2137 -1
998 2132 -1
310 3242 -1
310 3238 -1
1026 1313 -1
3066 3549 -1
3016 3549 -1
3040 3549 -1
3124 3549 -1
3213 3549 -1
983 2395 -1
983 2265 -1
983 2266 -1
1275 2007 -1
502 1532 -1
648 1532 -1
496 1532 -1
778 1532 -1
598 1532 -1
2045 3363 -1
2042 3363 -1
1732 3363 -1
2045 3489 -1
2045 3306 -1
1600 3826 -1
33 2435 -1
1101 3609 -1
890 3609 -1
1134 3609 -1
57 3205 -1
2214 3423 -1
2078 3423 -1
2214 3411 -1
1233 1622 -1
876 1622 -1
1012 1622 -1
2797 3468 -1
63 3101 -1
73 3294 -1
209 3294 -1
677 1595 -1
2225 3760 -1
360 2588 -1
163 2588 -1
44 2588 -1
338 2588 -1
109 2588 -1
304 2588 -1
177 2588 -1
50 2588 -1
245 2588 -1
56 2588 -1
53 2588 -1
728 1101 -1
481 1101 -1
728 890 -1
728 1134 -1
147 3249 -1
158 3249 -1
147 3274 -1
147 3315 -1
147 3445 -1
147 3334 -1
530 1673 -1
540 2286 -1
1325 2951 -1
22 720 -1
22 713 -1
22 727 -1
1232 1934 -1
1232 1686 -1
517 2310 -1
793 2310 -1
398 2310 -1
583 2310 -1
166 3816 -1
166 3827 -1
166 3956 -1
166 3823 -1
1302 2137 -1
1302 2132 -1
346 1109 -1
346 1217 -1
910 1889 -1
1123 1752 -1
951 1752 -1
1215 1752 -1
224 2302 -1
254 2302 -1
1944 3668 -1
1864 3668 -1
1908 3668 -1
1916 3668 -1
1710 3668 -1
259 1640 -1
2858 3574 -1
2858 3348 -1
768 3547 -1
107 623 -1
2348 3319 -1
2208 3319 -1
2240 3319 -1
2156 3319 -1
2159 3319 -1
2228 3319 -1
2327 3319 -1
2232 3319 -1
144 998 -1
168 998 -1
2661 3502 -1
2661 3550 -1
2661 3382 -1
2120 2518 -1
662 3584 -1
549 3584 -1
731 3584 -1
445 3584 -1
767 3584 -1
662 3508 -1
409 2948 -1
1709 2304 -1
1761 2304 -1
1814 2304 -1
1709 2274 -1
1709 2356 -1
1709 2142 -1
610 3715 -1
610 3896 -1
610 3964 -1
658 1576 -1
1146 2341 -1
1165 2341 -1
1103 2341 -1
1146 2306 -1
1146 2412 -1
737 3653 -1
411 3653 -1
667 3653 -1
443 3653 -1
993 2082 -1
993 2146 -1
763 2601 -1
386 2601 -1
555 2601 -1
763 2776 -1
288 567 -1
289 567 -1
1932 3483 -1
20 3937 -1
305 3937 -1
20 3737 -1
20 3881 -1
617 2411 -1
2123 2878 -1
2527 3513 -1
2527 3299 -1
2527 3564 -1
2527 3539 -1
2527 3391 -1
974 3182 -1
74 2881 -1
1006 3939 -1
1184 3939 -1
830 3939 -1
2105 2548 -1
2399 2548 -1
2092 2548 -1
2207 2548 -1
2324 3127 -1
2322 3127 -1
2331 3127 -1
416 2710 -1
416 2529 -1
1482 2400 -1
692 1917 -1
692 1822 -1
692 1983 -1
2543 3849 -1
2543 3922 -1
1283 2793 -1
1627 2793 -1
1278 2793 -1
1154 1399 -1
2116 2899 -1
2116 2971 -1
2116 3172 -1
2116 2963 -1
1266 2282 -1
1506 2282 -1
1324 2282 -1
1266 2409 -1
1266 2267 -1
1953 3929 -1
1953 3815 -1
475 1545 -1
579 1545 -1
404 1545 -1
494 1545 -1
67 1282 -1
1357 3332 -1
1394 3332 -1
1606 3332 -1
432 3752 -1
501 3752 -1
662 3287 -1
549 3287 -1
731 3287 -1
445 3287 -1
767 3287 -1
1106 3503 -1
875 3503 -1
1211 3503 -1
1086 3503 -1
1106 3432 -1
171 1703 -1
2372 3918 -1
2252 3918 -1
2372 3720 -1
2372 3886 -1
1610 3372 -1
1520 3372 -1
1402 3372 -1
928 2092 -1
928 2105 -1
928 2399 -1
928 2207 -1
928 2287 -1
2454 3236 -1
2565 3382 -1
2565 3550 -1
2565 3502 -1
427 3692 -1
368 3692 -1
658 3495 -1
1959 2261 -1
1911 2261 -1
1215 1804 -1
1123 1804 -1
1100 1804 -1
946 1804 -1
948 1804 -1
951 1804 -1
1144 1804 -1
1215 1753 -1
104 436 -1
555 3848 -1
386 3848 -1
763 3848 -1
3073 3328 -1
3073 3378 -1
3073 3421 -1
1669 3894 -1
1816 3894 -1
2049 3894 -1
1971 3894 -1
2009 3894 -1
1669 3601 -1
321 2352 -1
321 2184 -1
321 2242 -1
2375 3341 -1
2375 3266 -1
2375 3395 -1
2375 3325 -1
2375 3567 -1
726 3845 -1
2381 3019 -1
2381 2833 -1
2381 2885 -1
2381 3054 -1
1040 3932 -1
1040 3770 -1
1040 3631 -1
1040 3628 -1
1040 3783 -1
1455 3265 -1
1361 3265 -1
1383 3265 -1
1444 3265 -1
1527 3265 -1
1186 3489 -1
1186 3306 -1
1186 3363 -1
369 2219 -1
318 785 -1
1336 2321 -1
1365 2321 -1
1336 2380 -1
2329 3747 -1
867 2049 -1
1090 2049 -1
867 2009 -1
867 1669 -1
2343 3824 -1
2199 3824 -1
2343 3948 -1
123 1262 -1
2036 3961 -1
921 2196 -1
1955 2965 -1
1955 3191 -1
147 3719 -1
158 3719 -1
128 3866 -1
128 3794 -1
1228 3052 -1
976 3052 -1
841 3052 -1
874 3052 -1
1140 3052 -1
917 3052 -1
1228 3098 -1
1228 3139 -1
1116 1644 -1
1018 1644 -1
1241 2898 -1
1241 2873 -1
112 2564 -1
971 3548 -1
845 3548 -1
855 3548 -1
1126 2282 -1
985 2282 -1
1126 2409 -1
1126 2267 -1
126 500 -1
643 2484 -1
643 2602 -1
2472 2972 -1
2440 2972 -1
2738 2972 -1
2583 2972 -1
2472 2887 -1
453 3233 -1
453 3469 -1
453 3405 -1
116 1219 -1
226 1219 -1
98 1219 -1
116 1198 -1
969 2736 -1
969 2592 -1
3590 3894 -1
3590 3601 -1
676 2029 -1
729 2029 -1
460 2029 -1
1855 2328 -1
3589 3861 -1
1321 2543 -1
1017 1964 -1
736 2749 -1
410 2749 -1
2555 3312 -1
2555 3425 -1
3129 3987 -1
3129 3667 -1
1203 2200 -1
910 2178 -1
910 2164 -1
10 1102 -1
186 2981 -1
148 2981 -1
186 3055 -1
1566 3755 -1
2173 3004 -1
2056 3676 -1
2065 3676 -1
2056 3889 -1
2056 3916 -1
2056 3822 -1
145 2388 -1
179 2388 -1
145 2291 -1
145 2100 -1
145 2110 -1
631 3968 -1
631 3680 -1
631 3810 -1
631 3869 -1
631 3606 -1
135 2685 -1
100 2685 -1
924 1954 -1
924 1885 -1
700 2032 -1
700 1856 -1
1177 1483 -1
1021 1483 -1
329 3956 -1
329 3816 -1
329 3827 -1
329 3823 -1
2318 3511 -1
1657 2674 -1
1825 2674 -1
1939 2674 -1
2063 2674 -1
1657 2731 -1
1657 2546 -1
1657 2582 -1
1657 2743 -1
1657 2684 -1
1657 2719 -1
915 3516 -1
379 3723 -1
379 3928 -1
379 3733 -1
379 3830 -1
2147 3528 -1
2147 3289 -1
1555 3382 -1
1565 3382 -1
1555 3550 -1
1555 3502 -1
1139 2183 -1
2691 3443 -1
2466 3443 -1
2769 3443 -1
2481 3443 -1
2772 3443 -1
2456 3443 -1
2461 3443 -1
2868 3396 -1
1371 2700 -1
1449 2700 -1
1267 2700 -1
1516 2700 -1
1411 2700 -1
1575 2700 -1
1990 2779 -1
186 1288 -1
148 1288 -1
2235 3909 -1
2336 3909 -1
2346 3909 -1
2127 3909 -1
2100 3909 -1
2423 3909 -1
2332 3909 -1
2141 3909 -1
2110 3909 -1
2235 3637 -1
1200 2451 -1
1077 2451 -1
1200 2554 -1
1200 2644 -1
1200 2758 -1
1200 2535 -1
356 2462 -1
312 2462 -1
286 2462 -1
954 2510 -1
874 2510 -1
1140 2510 -1
917 2510 -1
954 2781 -1
2203 2499 -1
1610 1708 -1
1520 1708 -1
1402 1708 -1
868 3829 -1
485 3722 -1
495 3037 -1
252 3487 -1
252 3295 -1
252 3575 -1
2132 2425 -1
2137 2425 -1
3587 3832 -1
129 3598 -1
129 3618 -1
129 3885 -1
2598 3183 -1
2649 3183 -1
1457 2362 -1
315 1667 -1
38 1110 -1
1778 2521 -1
1778 2584 -1
2502 3370 -1
2579 3370 -1
2701 3370 -1
2502 3260 -1
1614 1798 -1
2044 3123 -1
1880 2728 -1
1675 2728 -1
1880 2770 -1
1880 2549 -1
1620 1983 -1
1379 1983 -1
1620 1917 -1
1620 1822 -1
1265 3004 -1
1092 1579 -1
507 3187 -1
483 2837 -1
336 1075 -1
304 1482 -1
50 1482 -1
360 1482 -1
44 1482 -1
109 1482 -1
177 1482 -1
338 1482 -1
163 1482 -1
245 1482 -1
56 1482 -1
53 1482 -1
1230 3819 -1
369 2400 -1
989 2859 -1
2753 3019 -1
2753 2833 -1
2753 2885 -1
2753 3054 -1
1769 2508 -1
1828 2508 -1
1769 2678 -1
1184 1388 -1
1006 1388 -1
830 1388 -1
908 2578 -1
908 2778 -1
908 2662 -1
393 3911 -1
393 3728 -1
393 3799 -1
2201 2597 -1
308 1451 -1
87 1451 -1
1781 3307 -1
1761 2809 -1
1709 2809 -1
1814 2809 -1
1338 3803 -1
1611 3803 -1
163 1119 -1
360 1119 -1
44 1119 -1
109 1119 -1
304 1119 -1
177 1119 -1
50 1119 -1
245 1119 -1
56 1119 -1
338 1119 -1
53 1119 -1
193 230 -1
230 341 -1
230 326 -1
118 193 -1
220 259 -1
259 2812 -1
259 2967 -1
668 685 -1
930 1109 -1
914 1109 -1
1020 1109 -1
930 1217 -1
1342 1628 -1
1508 1566 -1
1450 1566 -1
1490 1566 -1
1566 2469 -1
3 212 -1
117 212 -1
1059 1160 -1
44 132 -1
132 163 -1
132 360 -1
50 132 -1
109 132 -1
132 304 -1
132 177 -1
132 338 -1
132 245 -1
56 132 -1
53 132 -1
1427 1505 -1
68 126 -1
521 642 -1
521 571 -1
521 708 -1
2232 2241 -1
2208 2241 -1
2240 2241 -1
2241 2348 -1
2156 2241 -1
2159 2241 -1
2228 2241 -1
2241 2327 -1
288 2241 -1
461 528 -1
516 528 -1
471 528 -1
2898 3207 -1
2873 3207 -1
2898 3043 -1
2805 2898 -1
