579 735 1
710 806 1
789 810 1
415 448 1
398 667 1
464 633 1
668 778 1
587 615 1
373 442 1
573 579 1
573 735 1
533 698 1
488 745 1
390 440 1
635 776 1
580 673 1
635 787 1
776 787 1
593 641 1
390 492 1
440 492 1
567 787 1
567 776 1
567 635 1
682 761 1
393 626 1
448 789 1
415 789 1
448 810 1
759 775 1
669 671 1
369 549 1
573 719 1
579 719 1
719 735 1
421 767 1
417 749 1
663 792 1
707 713 1
560 789 1
448 560 1
560 810 1
415 560 1
468 598 1
623 744 1
696 776 1
696 787 1
635 696 1
567 696 1
440 454 1
454 492 1
390 454 1
383 408 1
585 792 1
585 663 1
388 490 1
393 413 1
413 626 1
384 552 1
510 633 1
464 510 1
624 789 1
448 624 1
560 624 1
624 810 1
415 624 1
548 581 1
528 723 1
445 720 1
514 786 1
708 763 1
552 649 1
384 649 1
576 711 1
392 707 1
392 713 1
477 659 1
717 736 1
581 678 1
548 678 1
474 784 1
466 541 1
400 593 1
400 641 1
469 741 1
423 423 1
368 603 1
599 705 1
392 450 1
450 713 1
450 707 1
446 449 1
520 774 1
525 787 1
525 776 1
525 696 1
525 635 1
525 567 1
514 726 1
726 786 1
550 761 1
550 682 1
651 755 1
496 692 1
491 678 1
491 548 1
491 581 1
542 797 1
419 654 1
470 578 1
469 500 1
500 741 1
611 687 1
410 651 1
410 755 1
637 737 1
694 818 1
457 667 1
398 457 1
624 723 1
448 723 1
723 810 1
560 723 1
723 789 1
415 723 1
528 624 1
468 603 1
598 603 1
368 468 1
450 743 1
392 743 1
713 743 1
707 743 1
453 493 1
644 654 1
419 644 1
528 627 1
624 627 1
627 723 1
497 512 1
689 781 1
373 638 1
442 638 1
394 760 1
508 763 1
508 708 1
471 652 1
522 670 1
376 377 1
411 620 1
447 579 1
447 719 1
447 573 1
447 735 1
389 551 1
382 625 1
470 678 1
578 678 1
470 491 1
470 548 1
470 581 1
547 719 1
447 547 1
547 579 1
547 573 1
547 735 1
631 786 1
514 631 1
631 726 1
549 595 1
369 595 1
423 525 1
423 776 1
423 787 1
423 567 1
423 696 1
423 635 1
969 1004 1
1040 1106 1
996 1154 1
998 1116 1
970 1021 1
847 1049 1
912 1212 1
875 1071 1
860 1209 1
842 1105 1
1214 1215 1
1196 1200 1
901 1003 1
940 1044 1
861 956 1
996 1142 1
1142 1154 1
1182 1236 1
1172 1210 1
895 1111 1
883 1007 1
1082 1086 1
842 1144 1
1105 1144 1
1051 1169 1
889 1146 1
1081 1197 1
1020 1067 1
898 959 1
828 860 1
828 1209 1
936 978 1
856 1167 1
910 1058 1
1064 1192 1
936 1151 1
978 1151 1
911 1123 1
1186 1192 1
1064 1186 1
945 1133 1
904 1087 1
1180 1222 1
1087 1100 1
904 1100 1
994 1151 1
936 994 1
978 994 1
1105 1194 1
1144 1194 1
842 1194 1
836 1031 1
866 1212 1
866 912 1
888 1010 1
865 874 1
941 977 1
1016 1084 1
876 1047 1
957 1205 1
865 1143 1
874 1143 1
878 1226 1
920 1101 1
1094 1217 1
867 1190 1
954 1095 1
843 1118 1
1177 1230 1
858 1159 1
1170 1215 1
1170 1214 1
905 1003 1
901 905 1
845 1201 1
852 1146 1
852 889 1
1042 1162 1
1010 1071 1
888 1071 1
875 1010 1
885 886 1
834 1011 1
1121 1236 1
1121 1182 1
895 1166 1
1111 1166 1
897 936 1
897 978 1
897 994 1
897 1151 1
844 1050 1
1089 1159 1
858 1089 1
857 1040 1
857 1106 1
979 1082 1
979 1086 1
910 977 1
977 1058 1
910 941 1
967 1144 1
967 1105 1
842 967 1
967 1194 1
903 1149 1
849 1030 1
882 1019 1
963 1175 1
1100 1203 1
904 1203 1
1087 1203 1
1080 1111 1
1080 1166 1
895 1080 1
1065 1213 1
968 969 1
968 1004 1
887 1143 1
865 887 1
874 887 1
1029 1088 1
1095 1124 1
954 1124 1
820 928 1
994 1214 1
936 1214 1
897 1214 1
978 1214 1
1151 1214 1
994 1170 1
994 1215 1
960 1100 1
904 960 1
960 1203 1
960 1087 1
964 1232 1
839 1142 1
839 1154 1
839 996 1
821 1018 1
847 1159 1
1049 1159 1
847 1089 1
847 858 1
1047 1066 1
876 1066 1
979 1042 1
1042 1082 1
1042 1086 1
979 1162 1
868 1189 1
868 1128 1
1128 1189 1
841 1058 1
841 977 1
841 910 1
1043 1046 1
1481 1616 1
1288 1602 1
1477 1491 1
1362 1433 1
1577 1602 1
1288 1577 1
1487 1513 1
1534 1632 1
1343 1442 1
1292 1439 1
1364 1462 1
1258 1605 1
1362 1508 1
1433 1508 1
1566 1615 1
1292 1329 1
1329 1439 1
1532 1580 1
1353 1535 1
1263 1562 1
1256 1372 1
1285 1608 1
1261 1366 1
1315 1326 1
1391 1444 1
1369 1627 1
1420 1438 1
1361 1414 1
1552 1616 1
1481 1552 1
1386 1471 1
1270 1402 1
1294 1441 1
1486 1549 1
1394 1605 1
1258 1394 1
1365 1521 1
1366 1414 1
1261 1414 1
1361 1366 1
1250 1365 1
1250 1521 1
1333 1386 1
1333 1471 1
1551 1569 1
1422 1598 1
1289 1312 1
1341 1545 1
1271 1506 1
1465 1561 1
1295 1365 1
1295 1521 1
1250 1295 1
1430 1494 1
1370 1477 1
1370 1491 1
1283 1467 1
1488 1593 1
1250 1491 1
1491 1521 1
1365 1491 1
1295 1491 1
1250 1477 1
1250 1370 1
1282 1539 1
1268 1613 1
1352 1546 1
1465 1466 1
1466 1561 1
1425 1622 1
1290 1500 1
1272 1352 1
1272 1546 1
1436 1488 1
1436 1593 1
1270 1505 1
1402 1505 1
1451 1535 1
1353 1451 1
1449 1618 1
1284 1437 1
1402 1449 1
1449 1505 1
1270 1449 1
1402 1618 1
1425 1449 1
1449 1622 1
1425 1505 1
1270 1425 1
1425 1618 1
1402 1425 1
1281 1363 1
1237 1546 1
1237 1352 1
1237 1272 1
1315 1409 1
1326 1409 1
1259 1579 1
1468 1634 1
1524 1570 1
1336 1446 1
1432 1629 1
1467 1506 1
1283 1506 1
1271 1467 1
1522 1597 1
1370 1568 1
1250 1568 1
1491 1568 1
1477 1568 1
1339 1465 1
1339 1561 1
1339 1466 1
1330 1416 1
1238 1380 1
1323 1535 1
1323 1353 1
1323 1451 1
1568 1619 1
1370 1619 1
1491 1619 1
1250 1619 1
1477 1619 1
1277 1540 1
1402 1499 1
1499 1505 1
1449 1499 1
1425 1499 1
1499 1618 1
1270 1499 1
1385 1507 1
1260 1408 1
1352 1456 1
1272 1456 1
1456 1546 1
1237 1456 1
1379 1505 1
1379 1449 1
1379 1425 1
1270 1379 1
1379 1402 1
1379 1499 1
1258 1299 1
1299 1394 1
1299 1605 1
1444 1455 1
1391 1455 1
1461 1466 1
1461 1465 1
1339 1461 1
1461 1561 1
1783 1955 1
1691 1730 1
1734 1812 1
1811 1819 1
1904 2028 1
1751 1779 1
1806 1898 1
1776 2015 1
1647 1715 1
1923 2038 1
1896 2017 1
1656 2056 1
1748 1877 1
1742 2054 1
1914 2054 1
1742 1914 1
1845 1895 1
1671 1814 1
1922 1927 1
1651 1715 1
1647 1651 1
1767 1889 1
1690 1893 1
1706 2027 1
1736 1856 1
1754 1904 1
1754 2028 1
1943 1949 1
1953 2032 1
1652 1829 1
1819 2002 1
1811 2002 1
1856 1898 1
1736 1898 1
1806 1856 1
1834 2015 1
1776 1834 1
1737 2028 1
1737 1904 1
1737 1754 1
1746 1753 1
1824 1839 1
1792 1991 1
1861 1912 1
1659 1939 1
1678 1808 1
1667 1862 1
1768 2045 1
1751 1890 1
1779 1890 1
1789 2061 1
1874 1983 1
1656 1699 1
1699 2056 1
1817 1987 1
1690 1942 1
1893 1942 1
1663 1920 1
1786 2022 1
1638 1938 1
1660 1706 1
1660 2027 1
1755 2026 1
1981 2014 1
1892 1950 1
1670 1992 1
1673 1934 1
1666 2014 1
1666 1981 1
1849 1873 1
1636 1665 1
1638 1712 1
1712 1938 1
1760 2053 1
1732 1840 1
1654 1832 1
1893 1908 1
1690 1908 1
1908 1942 1
1644 1821 1
1888 2007 1
1671 1755 1
1755 1814 1
1671 2026 1
1715 1950 1
1651 1950 1
1647 1950 1
1715 1892 1
1970 2015 1
1776 1970 1
1834 1970 1
1780 1974 1
1689 1726 1
1993 2048 1
1654 1781 1
1781 1832 1
1709 2031 1
1725 1842 1
1775 1817 1
1775 1987 1
1845 1932 1
1895 1932 1
1660 1923 1
1706 1923 1
1923 2027 1
1660 2038 1
1702 1754 1
1702 1904 1
1702 1737 1
1702 2028 1
1851 1885 1
1796 1799 1
1645 1657 1
1646 1965 1
1943 2028 1
1949 2028 1
1702 1943 1
1737 1943 1
1904 1943 1
1754 1943 1
1947 2063 1
1757 1825 1
1666 1971 1
1971 1981 1
1971 2014 1
1658 1838 1
1818 2026 1
1755 1818 1
1671 1818 1
1659 2045 1
1939 2045 1
1659 1768 1
1744 1898 1
1744 1856 1
1736 1744 1
1744 1806 1
1777 1822 1
1810 1935 1
1710 1817 1
1710 1987 1
1710 1775 1
1638 1716 1
1712 1716 1
1716 1938 1
1740 1812 1
1734 1740 1
1661 2054 1
1661 1914 1
1661 1742 1
1659 1933 1
1768 1933 1
1933 1939 1
1933 2045 1
1792 1987 1
1987 1991 1
1792 1817 1
1710 1792 1
1775 1792 1
1651 1793 1
1715 1793 1
1793 1950 1
1647 1793 1
1768 1774 1
1659 1774 1
1774 2045 1
1774 1933 1
2124 2193 1
2072 2226 1
2410 2418 1
2215 2293 1
2085 2164 1
2262 2281 1
2172 2335 1
2256 2322 1
2138 2243 1
2147 2189 1
2143 2393 1
2228 2257 1
2340 2362 1
2110 2337 1
2295 2356 1
2214 2356 1
2214 2295 1
2123 2301 1
2222 2246 1
2117 2308 1
2381 2387 1
2148 2316 1
2090 2202 1
2208 2383 1
2274 2397 1
2195 2286 1
2302 2403 1
2246 2305 1
2222 2305 1
2070 2316 1
2070 2148 1
2144 2292 1
2073 2132 1
2073 2140 1
2132 2140 1
2152 2362 1
2152 2340 1
2114 2288 1
2089 2197 1
2077 2326 1
2259 2334 1
2162 2171 1
2195 2262 1
2262 2286 1
2195 2281 1
2130 2189 1
2130 2147 1
2303 2350 1
2088 2299 1
2192 2396 1
2197 2283 1
2089 2283 1
2122 2305 1
2122 2222 1
2122 2246 1
2326 2395 1
2077 2395 1
2222 2417 1
2305 2417 1
2122 2417 1
2246 2417 1
2256 2380 1
2322 2380 1
2089 2270 1
2270 2283 1
2197 2270 1
2124 2150 1
2150 2193 1
2108 2309 1
2328 2335 1
2172 2328 1
2302 2386 1
2386 2403 1
2273 2382 1
2108 2208 1
2208 2309 1
2108 2383 1
2239 2305 1
2239 2417 1
2122 2239 1
2222 2239 1
2239 2246 1
2080 2187 1
2147 2355 1
2130 2355 1
2189 2355 1
2091 2103 1
2278 2350 1
2278 2303 1
2328 2383 1
2172 2383 1
2335 2383 1
2208 2328 1
2108 2328 1
2179 2378 1
2082 2301 1
2082 2123 1
2153 2320 1
2178 2400 1
2288 2320 1
2114 2320 1
2153 2288 1
2082 2219 1
2123 2219 1
2219 2301 1
2170 2402 1
2260 2307 1
2233 2316 1
2148 2233 1
2070 2233 1
2101 2407 1
2070 2262 1
2148 2262 1
2262 2316 1
2233 2262 1
2070 2281 1
2070 2286 1
2070 2195 1
2303 2320 1
2278 2320 1
2320 2350 1
2114 2303 1
2153 2303 1
2288 2303 1
2217 2337 1
2110 2217 1
2248 2274 1
2248 2397 1
2082 2143 1
2123 2143 1
2143 2219 1
2143 2301 1
2082 2393 1
2282 2342 1
2153 2391 1
2433 2666 1
2430 2604 1
2513 2715 1
2684 2757 1
2542 2765 1
2470 2792 1
2628 2692 1
2449 2796 1
2690 2711 1
2431 2531 1
2481 2687 1
2595 2645 1
2449 2745 1
2745 2796 1
2445 2494 1
2668 2766 1
2500 2611 1
2469 2719 1
2631 2697 1
2513 2764 1
2715 2764 1
2534 2748 1
2471 2796 1
2449 2471 1
2471 2745 1
2543 2699 1
2475 2536 1
2460 2613 1
2570 2720 1
2478 2797 1
2590 2610 1
2433 2680 1
2666 2680 1
2698 2731 1
2588 2694 1
2549 2619 1
2473 2506 1
2575 2801 1
2436 2692 1
2436 2628 1
2482 2522 1
2517 2674 1
2441 2485 1
2594 2632 1
2444 2768 1
2754 2791 1
2500 2640 1
2611 2640 1
2547 2756 1
2524 2567 1
2490 2636 1
2634 2781 1
2512 2759 1
2577 2671 1
2478 2543 1
2543 2797 1
2478 2699 1
2460 2784 1
2613 2784 1
2710 2735 1
2788 2788 1
2506 2742 1
2473 2742 1
2439 2778 1
2448 2622 1
2426 2653 1
2600 2723 1
2667 2749 1
2522 2756 1
2482 2756 1
2522 2547 1
2563 2590 1
2563 2610 1
2586 2725 1
2458 2704 1
2478 2626 1
2626 2699 1
2626 2797 1
2543 2626 1
2517 2534 1
2534 2674 1
2517 2748 1
2556 2693 1
2627 2749 1
2627 2667 1
2523 2736 1
2718 2791 1
2718 2754 1
2519 2631 1
2519 2697 1
2650 2688 1
2493 2778 1
2439 2493 1
2650 2770 1
2688 2770 1
2751 2759 1
2512 2751 1
2433 2436 1
2436 2680 1
2436 2666 1
2433 2628 1
2433 2692 1
2732 2735 1
2710 2732 1
2557 2705 1
2625 2708 1
2569 2795 1
2574 2753 1
2433 2776 1
2628 2776 1
2666 2776 1
2692 2776 1
2680 2776 1
2436 2776 1
2675 2724 1
2758 2794 1
2444 2567 1
2567 2768 1
2444 2524 1
2454 2737 1
2463 2480 1
2727 2744 1
2590 2591 1
2591 2610 1
2563 2591 1
2671 2728 1
2577 2728 1
2573 2602 1
2583 2776 1
2433 2583 1
2436 2583 1
2583 2666 1
2583 2692 1
2583 2680 1
2583 2628 1
2607 2786 1
2459 2741 1
2640 2688 1
2611 2688 1
2500 2688 1
2640 2650 1
2640 2770 1
2446 2779 1
2869 2915 1
2959 3129 1
2961 3231 1
2834 2864 1
2888 3226 1
2945 3098 1
2959 3183 1
3129 3183 1
2942 3078 1
2827 3231 1
2827 2961 1
2858 3056 1
3006 3074 1
2899 3009 1
2950 2999 1
3011 3184 1
2824 3012 1
2815 3104 1
2997 3055 1
2986 3150 1
3028 3110 1
3048 3091 1
2898 3122 1
3005 3073 1
2968 3063 1
3115 3203 1
3016 3056 1
2858 3016 1
2996 2998 1
3078 3208 1
2942 3208 1
2862 3199 1
2979 2992 1
3111 3186 1
2944 3157 1
2921 3194 1
2955 3164 1
2955 3161 1
3161 3164 1
2878 3009 1
2878 2899 1
3053 3163 1
2884 3133 1
2879 3049 1
2921 3107 1
3107 3194 1
2866 3161 1
2866 2955 1
2866 3164 1
2867 2988 1
2859 3081 1
2836 3204 1
2944 3134 1
3134 3157 1
2806 3205 1
2880 3119 1
2846 3038 1
3020 3041 1
2846 3059 1
3038 3059 1
2905 3102 1
2975 2995 1
2828 2993 1
3080 3203 1
3080 3115 1
2832 3027 1
2881 2933 1
2834 3158 1
2864 3158 1
2915 2969 1
2869 2969 1
2866 2903 1
2903 3161 1
2903 2955 1
2903 3164 1
2889 2894 1
3041 3115 1
3020 3115 1
3041 3080 1
3041 3203 1
2913 3100 1
2849 2940 1
2922 3199 1
2862 2922 1
2807 2958 1
2892 3160 1
2815 2919 1
2919 3104 1
2837 3128 1
2885 3177 1
3028 3166 1
3110 3166 1
3054 3066 1
2897 3041 1
2897 3080 1
2897 3203 1
2897 3115 1
2897 3020 1
2820 2901 1
2825 3055 1
2825 2997 1
2821 2878 1
2821 3009 1
2821 2899 1
3064 3164 1
3064 3161 1
2866 3064 1
2955 3064 1
2903 3064 1
3055 3105 1
2825 3105 1
2997 3105 1
2830 2991 1
2873 2907 1
2928 3072 1
2999 3217 1
2950 3217 1
3128 3174 1
2837 3174 1
2836 2987 1
2987 3204 1
2948 3098 1
2945 2948 1
3111 3178 1
3178 3186 1
2810 2968 1
2810 3063 1
2910 3224 1
3111 3220 1
3186 3220 1
3178 3220 1
2834 3228 1
2864 3228 1
3158 3228 1
2885 2887 1
2887 3177 1
2979 3162 1
2992 3162 1
2820 3213 1
2901 3213 1
3145 3226 1
2888 3145 1
2819 3004 1
2953 3078 1
2953 3208 1
2942 2953 1
2989 3151 1
2846 3025 1
3025 3059 1
3025 3038 1
2935 3004 1
2819 2935 1
3091 3160 1
3048 3160 1
2892 3091 1
2833 3120 1
3079 3103 1
2850 3026 1
2832 2941 1
2941 3027 1
2869 3009 1
2969 3009 1
2915 3009 1
2821 2869 1
2869 2899 1
2869 2878 1
3245 3468 1
3497 3530 1
3303 3539 1
3238 3460 1
3253 3472 1
3320 3392 1
3423 3542 1
3240 3297 1
3296 3432 1
3256 3278 1
3423 3590 1
3542 3590 1
3437 3465 1
3306 3536 1
3233 3482 1
3294 3363 1
3267 3427 1
3282 3443 1
3306 3375 1
3375 3536 1
3429 3589 1
3327 3591 1
3313 3563 1
3312 3385 1
3282 3406 1
3406 3443 1
3236 3490 1
3370 3383 1
3490 3584 1
3236 3584 1
3274 3555 1
3350 3511 1
3531 3537 1
3356 3386 1
3336 3372 1
3321 3480 1
3394 3545 1
3356 3451 1
3386 3451 1
3549 3551 1
3253 3518 1
3472 3518 1
3298 3574 1
3272 3484 1
3273 3445 1
3256 3330 1
3278 3330 1
3403 3483 1
3376 3490 1
3376 3584 1
3236 3376 1
3388 3475 1
3502 3532 1
3350 3426 1
3426 3511 1
3309 3477 1
3273 3413 1
3413 3445 1
3409 3450 1
3454 3553 1
3358 3420 1
3461 3580 1
3324 3523 1
3346 3435 1
3396 3561 1
3375 3583 1
3536 3583 1
3306 3583 1
3302 3369 1
3246 3252 1
3291 3423 1
3291 3590 1
3291 3542 1
3338 3526 1
3381 3479 1
3321 3536 1
3480 3536 1
3306 3321 1
3321 3583 1
3321 3375 1
3344 3522 1
3341 3574 1
3298 3341 1
3443 3501 1
3282 3501 1
3406 3501 1
3258 3532 1
3258 3502 1
3298 3547 1
3341 3547 1
3547 3574 1
3295 3536 1
3295 3306 1
3295 3375 1
3295 3480 1
3295 3321 1
3295 3583 1
3241 3530 1
3241 3497 1
3255 3310 1
3484 3529 1
3272 3529 1
3287 3295 1
3287 3306 1
3287 3375 1
3287 3536 1
3287 3480 1
3287 3321 1
3287 3583 1
3551 3576 1
3549 3576 1
3540 3557 1
3267 3502 1
3427 3502 1
3258 3267 1
3267 3532 1
3326 3328 1
3507 3561 1
3396 3507 1
3339 3418 1
3486 3514 1
3425 3551 1
3425 3576 1
3425 3549 1
3537 3544 1
3531 3544 1
3401 3515 1
3526 3561 1
3338 3561 1
3507 3526 1
3396 3526 1
3253 3425 1
3425 3472 1
3425 3518 1
3253 3576 1
3253 3549 1
3253 3551 1
3270 3496 1
3636 3665 1
3882 3949 1
3643 3678 1
3641 3729 1
3710 3872 1
3823 3996 1
3903 3995 1
3886 3983 1
3794 3861 1
3618 3882 1
3618 3949 1
3601 3865 1
3972 3976 1
3715 3717 1
3647 3807 1
3769 3868 1
3650 3708 1
3675 3677 1
3599 3842 1
3701 3709 1
3742 3763 1
3852 3992 1
3647 3783 1
3783 3807 1
3694 3776 1
3681 3892 1
3751 3803 1
3746 3910 1
3672 3937 1
3626 3950 1
3742 3789 1
3763 3789 1
3780 3901 1
3814 3977 1
3602 3667 1
3734 3839 1
3611 3874 1
3964 3973 1
3683 3960 1
3760 3787 1
3647 3961 1
3783 3961 1
3807 3961 1
3751 3882 1
3803 3882 1
3618 3751 1
3751 3949 1
3925 3944 1
3914 3962 1
3803 3840 1
3840 3882 1
3751 3840 1
3712 3751 1
3712 3840 1
3618 3712 1
3712 3882 1
3712 3949 1
3712 3803 1
3816 3882 1
3816 3840 1
3712 3816 1
3618 3816 1
3751 3816 1
3816 3949 1
3803 3816 1
3816 3937 1
3840 3937 1
3712 3937 1
3618 3937 1
3751 3937 1
3882 3937 1
3937 3949 1
3803 3937 1
3672 3816 1
3652 3678 1
3643 3652 1
3864 3882 1
3840 3864 1
3712 3864 1
3618 3864 1
3751 3864 1
3816 3864 1
3864 3949 1
3803 3864 1
3864 3937 1
3823 3916 1
3916 3996 1
3701 3813 1
3709 3813 1
3631 3825 1
3713 3768 1
3905 3940 1
3686 3928 1
3611 3903 1
3874 3903 1
3611 3995 1
3657 3917 1
3801 3842 1
3599 3801 1
3609 3959 1
3675 3801 1
3677 3801 1
3675 3842 1
3599 3675 1
3597 3718 1
3872 3958 1
3710 3958 1
3650 3789 1
3708 3789 1
3650 3763 1
3650 3742 1
3681 3769 1
3769 3892 1
3681 3868 1
3757 3884 1
3615 3879 1
3702 3881 1
3816 3896 1
3840 3896 1
3712 3896 1
3618 3896 1
3751 3896 1
3882 3896 1
3896 3949 1
3864 3896 1
3672 3896 1
3803 3896 1
3896 3937 1
3914 3936 1
3936 3962 1
3867 3917 1
3657 3867 1
3776 3865 1
3694 3865 1
3601 3776 1
3601 3785 1
3776 3785 1
3785 3865 1
3729 3903 1
3641 3903 1
3611 3729 1
3729 3874 1
3729 3995 1
3815 3911 1
3621 3731 1
3656 3932 1
3888 3930 1
3613 3620 1
3650 3828 1
3763 3828 1
3708 3828 1
3789 3828 1
3742 3828 1
246 325 1
75 77 1
28 261 1
123 192 1
39 146 1
178 260 1
250 311 1
79 165 1
195 358 1
33 362 1
99 103 1
47 263 1
94 173 1
123 151 1
151 192 1
82 358 1
82 195 1
279 282 1
203 361 1
240 243 1
222 259 1
46 179 1
248 346 1
68 267 1
82 307 1
195 307 1
307 358 1
159 365 1
10 146 1
10 39 1
16 172 1
238 282 1
238 279 1
38 155 1
72 238 1
72 282 1
72 279 1
153 196 1
150 345 1
7 312 1
190 341 1
64 241 1
162 241 1
64 162 1
158 168 1
228 315 1
138 166 1
202 361 1
202 203 1
221 338 1
269 291 1
243 339 1
240 339 1
47 259 1
259 263 1
47 222 1
291 342 1
269 342 1
121 328 1
107 356 1
23 40 1
135 207 1
51 79 1
51 165 1
173 312 1
94 312 1
7 173 1
8 188 1
174 226 1
237 264 1
42 219 1
292 362 1
33 292 1
45 119 1
196 344 1
153 344 1
234 237 1
234 264 1
80 201 1
101 239 1
42 351 1
219 351 1
169 172 1
16 169 1
49 240 1
49 339 1
49 243 1
126 258 1
6 205 1
47 95 1
95 259 1
95 222 1
95 263 1
75 78 1
77 78 1
1 29 1
99 361 1
103 361 1
99 202 1
99 203 1
42 350 1
219 350 1
350 351 1
238 248 1
72 248 1
248 282 1
248 279 1
238 346 1
244 265 1
35 91 1
9 146 1
9 10 1
9 39 1
78 331 1
75 331 1
77 331 1
361 362 1
99 362 1
202 362 1
203 362 1
103 362 1
33 361 1
292 361 1
59 180 1
212 289 1
130 135 1
130 207 1
65 280 1
166 357 1
138 357 1
43 291 1
43 269 1
43 342 1
198 340 1
4 141 1
134 261 1
28 134 1
9 325 1
146 325 1
10 325 1
39 325 1
9 246 1
1774 3057 1
1768 3057 1
3057 3057 1
1659 3057 1
2045 3057 1
1933 3057 1
1774 1774 1
853 1623 1
1623 1623 1
853 853 1
1078 1883 1
1883 1883 1
1078 1078 1
236 3113 1
3113 3113 1
236 236 1
2809 3443 1
3443 3443 1
2809 2809 1
2809 3282 1
2809 3501 1
2809 3406 1
2812 3971 1
3971 3971 1
2812 2812 1
888 3334 1
1010 3334 1
3334 3334 1
1071 3334 1
888 888 1
30 942 1
942 942 1
30 30 1
886 1559 1
885 1559 1
1559 1559 1
886 886 1
912 1283 1
866 1283 1
1283 1283 1
1212 1283 1
912 1506 1
912 912 1
912 1467 1
2278 3088 1
2320 3088 1
3088 3088 1
2350 3088 1
2303 3088 1
2278 2278 1
124 3465 1
3465 3465 1
124 124 1
124 3437 1
3075 3437 1
3437 3437 1
3075 3465 1
3075 3075 1
124 3075 1
27 625 1
625 625 1
27 27 1
27 382 1
1601 2597 1
2597 2597 1
1601 1601 1
1191 3684 1
3684 3684 1
1191 1191 1
247 2935 1
2935 2935 1
247 2819 1
247 3004 1
247 247 1
2509 3701 1
3701 3701 1
2509 2509 1
2509 3709 1
2509 3813 1
1323 1980 1
1353 1980 1
1451 1980 1
1980 1980 1
1535 1980 1
1323 1323 1
843 2473 1
2473 2473 1
1118 2473 1
843 2506 1
843 843 1
843 2742 1
753 2745 1
2745 2745 1
753 2449 1
753 753 1
753 2796 1
753 2471 1
1273 3866 1
3866 3866 1
1273 1273 1
1667 2886 1
2886 2886 1
1862 2886 1
1667 1667 1
1982 3480 1
3480 3480 1
1982 3536 1
1982 3287 1
1982 3321 1
1982 1982 1
1982 3295 1
2036 2997 1
2997 2997 1
2036 2825 1
2036 2036 1
2036 3105 1
2036 3055 1
34 3106 1
3106 3106 1
34 34 1
246 2343 1
9 2343 1
325 2343 1
2343 2343 1
246 246 1
382 1353 1
625 1353 1
27 1353 1
1353 1353 1
382 1451 1
382 1323 1
382 1980 1
382 382 1
382 1535 1
138 1697 1
1697 1697 1
357 1697 1
166 1697 1
138 138 1
364 1647 1
1647 1647 1
364 1793 1
364 364 1
364 1651 1
364 1715 1
364 1950 1
1369 3476 1
1627 3476 1
3476 3476 1
1369 1369 1
2286 2432 1
2432 2432 1
2195 2432 1
2070 2432 1
2262 2432 1
2286 2286 1
1881 3274 1
3274 3274 1
1881 1881 1
1881 3555 1
2268 2759 1
2759 2759 1
2268 2512 1
2268 2268 1
2268 2751 1
2222 2433 1
2433 2433 1
2246 2433 1
2305 2433 1
2122 2433 1
2417 2433 1
2239 2433 1
2222 2628 1
2222 2666 1
2222 2222 1
2222 2776 1
2222 2692 1
2222 2583 1
2222 2680 1
2222 2436 1
1242 3177 1
3177 3177 1
1242 1242 1
1242 2885 1
1242 2887 1
1658 2284 1
2284 2284 1
1838 2284 1
1658 1658 1
181 3427 1
3427 3427 1
181 3267 1
181 181 1
181 3502 1
427 2459 1
2459 2459 1
427 427 1
427 2741 1
643 3188 1
3188 3188 1
643 643 1
2108 3423 1
2208 3423 1
2328 3423 1
3423 3423 1
2309 3423 1
2383 3423 1
2108 3590 1
2108 3542 1
2108 3291 1
2108 2108 1
198 458 1
458 458 1
340 458 1
198 198 1
2939 3408 1
3408 3408 1
2939 2939 1
839 2337 1
2337 2337 1
1154 2337 1
996 2337 1
1142 2337 1
839 839 1
839 2217 1
839 2110 1
2176 2489 1
2489 2489 1
2176 2176 1
563 1970 1
1970 1970 1
563 1776 1
563 1834 1
563 563 1
563 2015 1
2165 3810 1
3810 3810 1
2165 2165 1
1170 3854 1
994 3854 1
3854 3854 1
1214 3854 1
1215 3854 1
1170 1170 1
1739 3446 1
3446 3446 1
1739 1739 1
486 1751 1
1751 1751 1
486 1890 1
486 1779 1
486 486 1
207 1602 1
130 1602 1
1602 1602 1
135 1602 1
207 1288 1
207 1577 1
207 207 1
1108 3669 1
3669 3669 1
1108 1108 1
1964 3919 1
3919 3919 1
1964 1964 1
1995 2271 1
2271 2271 1
1995 1995 1
1256 3328 1
3328 3328 1
1372 3328 1
1256 1256 1
1256 3326 1
2761 3979 1
3979 3979 1
2761 2761 1
2302 3844 1
2386 3844 1
2403 3844 1
3844 3844 1
2302 2302 1
2196 3351 1
3351 3351 1
2196 2196 1
601 1694 1
1694 1694 1
601 601 1
1211 3840 1
3840 3840 1
1211 3712 1
1211 3937 1
1211 1211 1
1211 3751 1
1211 3816 1
1211 3882 1
1211 3896 1
1211 3864 1
1211 3803 1
2089 2579 1
2579 2579 1
2283 2579 1
2197 2579 1
2270 2579 1
2089 2089 1
355 3096 1
3096 3096 1
355 355 1
2604 3286 1
3286 3286 1
2430 3286 1
2604 2604 1
203 2918 1
361 2918 1
202 2918 1
99 2918 1
362 2918 1
2918 2918 1
203 203 1
3538 3725 1
3725 3725 1
3538 3538 1
1145 3923 1
3923 3923 1
1145 1145 1
893 1778 1
1778 1778 1
893 893 1
1926 2166 1
2166 2166 1
1926 1926 1
1323 3447 1
1353 3447 1
1451 3447 1
3447 3447 1
1980 3447 1
382 3447 1
1535 3447 1
2742 2813 1
2473 2813 1
2506 2813 1
843 2813 1
2813 2813 1
2742 2742 1
2396 3003 1
2192 3003 1
3003 3003 1
2396 2396 1
212 3960 1
3960 3960 1
289 3960 1
212 3683 1
212 212 1
2772 3195 1
3195 3195 1
2772 2772 1
1746 2646 1
1753 2646 1
2646 2646 1
1746 1746 1
1447 2092 1
2092 2092 1
1447 1447 1
300 3388 1
3388 3388 1
300 3475 1
300 300 1
2288 3276 1
2114 3276 1
2153 3276 1
3276 3276 1
2320 3276 1
2303 3276 1
2288 2288 1
1511 3354 1
3354 3354 1
1511 1511 1
2671 3608 1
2728 3608 1
2577 3608 1
3608 3608 1
2671 2671 1
954 3424 1
3424 3424 1
1124 3424 1
1095 3424 1
954 954 1
3116 3634 1
3634 3634 1
3116 3116 1
495 3170 1
3170 3170 1
495 495 1
777 2370 1
2370 2370 1
777 777 1
1621 3259 1
3259 3259 1
1621 1621 1
149 411 1
411 411 1
149 620 1
149 149 1
1791 3860 1
3860 3860 1
1791 1791 1
951 2169 1
2169 2169 1
951 951 1
333 2635 1
2635 2635 1
333 333 1
725 1895 1
1895 1895 1
725 1932 1
725 1845 1
725 725 1
307 2415 1
82 2415 1
195 2415 1
358 2415 1
2415 2415 1
307 307 1
2103 3391 1
2091 3391 1
3391 3391 1
2103 2103 1
388 1392 1
1392 1392 1
490 1392 1
388 388 1
1545 2604 1
1341 2604 1
1545 1545 1
1545 3286 1
1545 2430 1
431 2950 1
2950 2950 1
431 3217 1
431 431 1
431 2999 1
1767 2336 1
2336 2336 1
1889 2336 1
1767 1767 1
431 3386 1
3217 3386 1
3386 3386 1
2999 3386 1
2950 3386 1
431 3451 1
431 3356 1
314 937 1
937 937 1
314 314 1
713 1206 1
392 1206 1
450 1206 1
707 1206 1
1206 1206 1
743 1206 1
713 713 1
158 1588 1
168 1588 1
1588 1588 1
158 158 1
824 1276 1
1276 1276 1
824 824 1
986 2629 1
2629 2629 1
986 986 1
182 3299 1
3299 3299 1
182 182 1
1942 2806 1
1690 2806 1
1908 2806 1
1893 2806 1
2806 2806 1
1942 3205 1
1942 1942 1
334 541 1
541 541 1
334 466 1
334 334 1
3137 3513 1
3513 3513 1
3137 3137 1
2386 3816 1
3816 3816 1
2403 3816 1
3816 3844 1
2302 3816 1
2386 3840 1
2386 3712 1
2386 3618 1
1211 2386 1
2386 3751 1
2386 3882 1
2386 3949 1
2386 3896 1
2386 3864 1
2386 2386 1
2386 3672 1
2386 3803 1
2386 3937 1
114 2593 1
2593 2593 1
114 114 1
499 1903 1
1903 1903 1
499 499 1
2273 3017 1
3017 3017 1
2382 3017 1
2273 2273 1
2577 2897 1
2728 2897 1
2897 3608 1
2897 2897 1
2671 2897 1
2577 3041 1
2577 3203 1
2577 3080 1
2577 3115 1
2577 3020 1
2577 2577 1
1448 3563 1
3563 3563 1
1448 1448 1
1448 3313 1
544 2033 1
2033 2033 1
544 544 1
97 1788 1
1788 1788 1
97 97 1
570 3580 1
3580 3580 1
570 570 1
570 3461 1
2425 3985 1
3985 3985 1
2425 2425 1
389 2141 1
2141 2141 1
551 2141 1
389 389 1
302 3891 1
3891 3891 1
302 302 1
712 1471 1
1471 1471 1
712 712 1
712 1386 1
712 1333 1
252 3393 1
3393 3393 1
252 252 1
1949 2231 1
2231 2231 1
2028 2231 1
1943 2231 1
1949 1949 1
2847 3360 1
3360 3360 1
2847 2847 1
1168 1929 1
1929 1929 1
1168 1168 1
791 3978 1
3978 3978 1
791 791 1
1717 3607 1
3607 3607 1
1717 1717 1
1877 3976 1
3976 3976 1
1748 3976 1
1877 3972 1
1877 1877 1
3403 3812 1
3483 3812 1
3812 3812 1
3403 3403 1
1229 3790 1
3790 3790 1
1229 1229 1
72 2023 1
248 2023 1
282 2023 1
2023 2023 1
238 2023 1
279 2023 1
72 72 1
2678 3317 1
3317 3317 1
2678 2678 1
1846 2794 1
2794 2794 1
1846 1846 1
1846 2758 1
226 3742 1
3742 3742 1
174 3742 1
226 226 1
226 3650 1
226 3789 1
226 3763 1
226 3828 1
1263 1879 1
1562 1879 1
1879 1879 1
1263 1263 1
207 2131 1
130 2131 1
135 2131 1
1288 2131 1
1577 2131 1
1602 2131 1
2131 2131 1
2774 3711 1
3711 3711 1
2774 2774 1
1533 1969 1
1969 1969 1
1533 1533 1
939 3984 1
3984 3984 1
939 939 1
1762 3640 1
3640 3640 1
1762 1762 1
1779 3412 1
1890 3412 1
3412 3412 1
486 3412 1
1751 3412 1
1779 1779 1
270 403 1
403 403 1
270 270 1
128 1762 1
128 3640 1
128 128 1
489 3161 1
3161 3161 1
489 489 1
489 2955 1
489 2866 1
489 2903 1
489 3064 1
489 3164 1
1233 3504 1
3504 3504 1
1233 1233 1
1282 2908 1
1539 2908 1
2908 2908 1
1282 1282 1
209 441 1
441 441 1
209 209 1
1169 1510 1
1051 1510 1
1510 1510 1
1169 1169 1
2233 3311 1
2148 3311 1
2316 3311 1
2262 3311 1
2070 3311 1
3311 3311 1
2233 2233 1
194 2736 1
2736 2736 1
194 194 1
194 2523 1
1423 1731 1
1731 1731 1
1423 1423 1
1875 3188 1
1875 1875 1
643 1875 1
1756 3099 1
3099 3099 1
1756 1756 1
808 1588 1
168 808 1
808 808 1
158 808 1
1110 3084 1
3084 3084 1
1110 1110 1
1890 3146 1
3146 3146 1
1779 3146 1
3146 3412 1
486 3146 1
1751 3146 1
1890 1890 1
68 2905 1
2905 2905 1
267 2905 1
68 68 1
68 3102 1
238 2703 1
2023 2703 1
72 2703 1
2703 2703 1
279 2703 1
248 2703 1
282 2703 1
346 2703 1
238 238 1
537 3236 1
3236 3236 1
537 3584 1
537 3376 1
537 3490 1
537 537 1
1268 1795 1
1795 1795 1
1613 1795 1
1268 1268 1
3228 3628 1
2864 3628 1
2834 3628 1
3628 3628 1
3158 3628 1
3228 3228 1
96 2398 1
2398 2398 1
96 96 1
997 3454 1
3454 3454 1
997 3553 1
997 997 1
665 1840 1
1840 1840 1
665 665 1
665 1732 1
1869 3352 1
3352 3352 1
1869 1869 1
504 2746 1
2746 2746 1
504 504 1
3115 3899 1
3041 3899 1
3203 3899 1
2897 3899 1
3080 3899 1
3020 3899 1
2577 3899 1
3899 3899 1
3115 3115 1
2201 2971 1
2971 2971 1
2201 2201 1
1816 2133 1
2133 2133 1
1816 1816 1
445 1236 1
720 1236 1
1236 1236 1
445 1121 1
445 445 1
445 1182 1
1029 2886 1
1088 2886 1
1029 1667 1
1029 1862 1
1029 1029 1
671 3542 1
669 3542 1
3542 3542 1
671 3590 1
671 3423 1
671 3291 1
671 2108 1
671 671 1
353 1413 1
1413 1413 1
353 353 1
968 1272 1
1272 1272 1
969 1272 1
1004 1272 1
968 1352 1
968 1546 1
968 1456 1
968 968 1
968 1237 1
315 3661 1
228 3661 1
3661 3661 1
315 315 1
1752 2158 1
2158 2158 1
1752 1752 1
1871 3442 1
3442 3442 1
1871 1871 1
2450 3384 1
3384 3384 1
2450 2450 1
776 1611 1
423 1611 1
1611 1611 1
525 1611 1
787 1611 1
567 1611 1
696 1611 1
635 1611 1
776 776 1
2329 3020 1
3020 3020 1
2329 3041 1
2329 2897 1
2329 3115 1
2329 2577 1
2329 2329 1
2329 3899 1
2040 3262 1
3262 3262 1
2040 2040 1
561 3044 1
3044 3044 1
561 561 1
366 879 1
879 879 1
366 366 1
961 1699 1
1699 1699 1
961 1656 1
961 2056 1
961 961 1
563 1705 1
1705 1705 1
1705 1834 1
1705 1776 1
1705 1970 1
1705 2015 1
1445 3358 1
3358 3358 1
1445 3420 1
1445 1445 1
348 896 1
896 896 1
348 348 1
2608 2838 1
2838 2838 1
2608 2608 1
525 1621 1
423 1621 1
776 1621 1
1611 1621 1
787 1621 1
567 1621 1
696 1621 1
635 1621 1
525 525 1
525 3259 1
3085 3910 1
3910 3910 1
3085 3746 1
3085 3085 1
274 581 1
581 581 1
274 548 1
274 678 1
274 491 1
274 274 1
274 470 1
2133 3392 1
1816 3392 1
3392 3392 1
2133 3320 1
39 3337 1
9 3337 1
146 3337 1
3337 3337 1
10 3337 1
325 3337 1
39 39 1
825 1070 1
1070 1070 1
825 825 1
2986 3717 -1
3150 3717 -1
2986 3715 -1
1678 2776 -1
1808 2776 -1
1678 2433 -1
1678 2436 -1
1678 2666 -1
1678 2692 -1
1678 2583 -1
1678 2680 -1
1678 2628 -1
1938 2783 -1
1712 2783 -1
1716 2783 -1
1638 2783 -1
2796 3357 -1
2449 3357 -1
2471 3357 -1
2745 3357 -1
758 933 -1
3390 3832 -1
1091 2763 -1
311 2508 -1
250 2508 -1
2292 3353 -1
2144 3353 -1
1065 1291 -1
1213 1291 -1
796 2806 -1
796 3205 -1
394 850 -1
760 850 -1
1522 2149 -1
1597 2149 -1
1411 3116 -1
254 2721 -1
2174 3852 -1
2174 3992 -1
2091 2762 -1
2103 2762 -1
445 3310 -1
720 3310 -1
445 3255 -1
628 2072 -1
628 2226 -1
1743 2554 -1
839 3048 -1
1154 3048 -1
996 3048 -1
1142 3048 -1
839 3160 -1
839 3091 -1
3038 3884 -1
3025 3884 -1
3059 3884 -1
2846 3884 -1
3038 3757 -1
497 3194 -1
512 3194 -1
497 2921 -1
497 3107 -1
320 2313 -1
1703 3630 -1
1601 2844 -1
802 1131 -1
697 1146 -1
697 889 -1
697 852 -1
2410 3535 -1
2418 3535 -1
2685 3357 -1
1283 2423 -1
1506 2423 -1
1467 2423 -1
1869 3536 -1
1869 3306 -1
1869 3375 -1
1869 3287 -1
1869 3480 -1
1869 3321 -1
1869 3295 -1
1869 3583 -1
1165 2540 -1
1859 3753 -1
605 3156 -1
3187 3688 -1
3144 3619 -1
1822 3923 -1
1777 3923 -1
3024 3626 -1
3024 3950 -1
916 1589 -1
3071 3615 -1
3071 3879 -1
1806 2957 -1
1856 2957 -1
1744 2957 -1
1898 2957 -1
1581 2278 -1
1581 2320 -1
1581 2350 -1
1581 2303 -1
1288 3265 -1
1577 3265 -1
1602 3265 -1
33 2630 -1
361 2630 -1
362 2630 -1
292 2630 -1
2320 3505 -1
2114 3505 -1
2278 3505 -1
2153 3505 -1
2350 3505 -1
2288 3505 -1
2391 3505 -1
2303 3505 -1
3338 3733 -1
3561 3733 -1
3526 3733 -1
1211 2763 -1
2921 3614 -1
3194 3614 -1
3107 3614 -1
1923 3956 -1
1706 3956 -1
2027 3956 -1
1660 3956 -1
2038 3956 -1
3147 3953 -1
1738 3747 -1
180 1969 -1
59 1969 -1
773 945 -1
773 1133 -1
3024 3867 -1
3024 3657 -1
3024 3917 -1
518 1223 -1
2911 3547 -1
2911 3298 -1
2911 3341 -1
2911 3574 -1
933 1589 -1
1214 2964 -1
897 2964 -1
994 2964 -1
936 2964 -1
978 2964 -1
1170 2964 -1
1151 2964 -1
1215 2964 -1
755 1450 -1
410 1450 -1
651 1450 -1
2018 3765 -1
1027 3342 -1
578 1768 -1
678 1768 -1
470 1768 -1
578 1659 -1
578 2045 -1
578 1774 -1
578 1933 -1
1479 2014 -1
1479 1666 -1
1479 1971 -1
1479 1981 -1
587 3286 -1
615 3286 -1
895 3413 -1
1080 3413 -1
1166 3413 -1
1111 3413 -1
895 3273 -1
895 3445 -1
2891 3891 -1
20 1207 -1
1487 3313 -1
1513 3313 -1
1487 3563 -1
1437 3516 -1
1284 3516 -1
1932 3161 -1
1845 3161 -1
1895 3161 -1
1932 3064 -1
1932 2866 -1
1932 2955 -1
1932 3164 -1
1932 2903 -1
387 1593 -1
387 1488 -1
387 1436 -1
1876 3612 -1
2031 3843 -1
1709 3843 -1
1845 3739 -1
1932 3739 -1
1895 3739 -1
902 1791 -1
1359 3345 -1
1247 2415 -1
1454 2312 -1
2249 3324 -1
2249 3523 -1
2293 2640 -1
2215 2640 -1
2293 2688 -1
2293 2650 -1
2293 2611 -1
2293 2500 -1
2293 2770 -1
2829 3719 -1
493 3530 -1
453 3530 -1
493 3497 -1
493 3241 -1
3173 3957 -1
313 2160 -1
1586 2123 -1
1586 2082 -1
1586 2219 -1
1586 2301 -1
1586 2143 -1
616 953 -1
2259 3421 -1
2334 3421 -1
510 2904 -1
464 2904 -1
633 2904 -1
3289 3921 -1
1744 2789 -1
1856 2789 -1
1736 2789 -1
1898 2789 -1
1806 2789 -1
717 945 -1
736 945 -1
717 1133 -1
745 1593 -1
488 1593 -1
745 1488 -1
745 1436 -1
1199 1770 -1
3442 3907 -1
288 2712 -1
802 3092 -1
769 945 -1
769 1133 -1
3038 3916 -1
3025 3916 -1
3059 3916 -1
2846 3916 -1
3038 3996 -1
3038 3823 -1
3489 3874 -1
3489 3729 -1
3489 3611 -1
3489 3903 -1
657 1003 -1
657 905 -1
657 901 -1
1536 2193 -1
1536 2124 -1
1536 2150 -1
1945 3875 -1
1962 3308 -1
1646 3638 -1
1965 3638 -1
202 1052 -1
99 1052 -1
361 1052 -1
362 1052 -1
203 1052 -1
1843 2643 -1
2407 3050 -1
2101 3050 -1
1609 3525 -1
762 3686 -1
762 3928 -1
934 2067 -1
1705 2919 -1
1705 3104 -1
1705 2815 -1
733 1446 -1
733 1336 -1
1171 3871 -1
1180 3200 -1
1222 3200 -1
1916 3671 -1
1951 3608 -1
2177 2484 -1
2225 3846 -1
3112 3854 -1
947 1359 -1
1020 1531 -1
1067 1531 -1
2265 3258 -1
2265 3267 -1
2265 3532 -1
2265 3502 -1
2324 3461 -1
2324 3580 -1
696 3566 -1
423 3566 -1
776 3566 -1
525 3566 -1
787 3566 -1
567 3566 -1
635 3566 -1
1865 3864 -1
1865 3840 -1
1865 3712 -1
1865 3618 -1
1865 3751 -1
1865 3816 -1
1865 3882 -1
1865 3949 -1
1865 3896 -1
1865 3803 -1
1865 3937 -1
1953 3907 -1
2032 3907 -1
1833 3949 -1
1833 3712 -1
1833 3937 -1
1833 3618 -1
1833 3751 -1
1833 3816 -1
1833 3882 -1
1833 3896 -1
1833 3864 -1
198 1235 -1
340 1235 -1
587 882 -1
615 882 -1
587 1019 -1
1054 2611 -1
1054 2640 -1
1054 2688 -1
1054 2500 -1
1000 2014 -1
1000 1666 -1
1000 1971 -1
1000 1981 -1
1804 3692 -1
1947 3423 -1
2063 3423 -1
1947 3291 -1
1947 3590 -1
1947 3542 -1
2059 3789 -1
2059 3828 -1
2059 3650 -1
2059 3763 -1
2059 3708 -1
2059 3742 -1
264 2581 -1
234 2581 -1
237 2581 -1
2049 3657 -1
2049 3867 -1
2049 3917 -1
2039 3448 -1
1136 1767 -1
1136 1889 -1
1475 2412 -1
3499 3688 -1
225 2276 -1
1903 3992 -1
1903 3852 -1
456 2347 -1
1040 2816 -1
857 2816 -1
1106 2816 -1
822 3445 -1
822 3273 -1
822 3413 -1
1194 1498 -1
1144 1498 -1
1105 1498 -1
842 1498 -1
967 1498 -1
2216 3334 -1
1622 2151 -1
1425 2151 -1
1449 2151 -1
28 2413 -1
261 2413 -1
134 2413 -1
889 3032 -1
1146 3032 -1
852 3032 -1
1555 3413 -1
1555 3273 -1
1555 3445 -1
1491 3643 -1
1568 3643 -1
1250 3643 -1
1477 3643 -1
1295 3643 -1
1521 3643 -1
1619 3643 -1
1365 3643 -1
1370 3643 -1
1491 3652 -1
1491 3678 -1
349 2390 -1
1056 3003 -1
371 1620 -1
1864 3677 -1
1864 3801 -1
1864 3675 -1
2761 3454 -1
2761 3553 -1
433 3496 -1
433 3270 -1
2058 2737 -1
2058 2454 -1
221 2141 -1
338 2141 -1
1713 3712 -1
1713 3840 -1
1713 3937 -1
1713 3618 -1
1713 3751 -1
1713 3816 -1
1713 3882 -1
1713 3949 -1
1713 3896 -1
1713 3864 -1
1713 3803 -1
1875 3862 -1
2928 3665 -1
3072 3665 -1
2928 3636 -1
1491 3508 -1
1568 3508 -1
1250 3508 -1
1477 3508 -1
1295 3508 -1
1521 3508 -1
1619 3508 -1
1365 3508 -1
1370 3508 -1
2959 3845 -1
3129 3845 -1
3183 3845 -1
651 882 -1
410 882 -1
755 882 -1
651 1019 -1
387 1261 -1
387 1414 -1
387 1366 -1
800 3050 -1
468 3841 -1
368 3841 -1
603 3841 -1
598 3841 -1
639 2506 -1
639 2473 -1
639 2742 -1
2027 3671 -1
1706 3671 -1
1923 3671 -1
1660 3671 -1
2899 3620 -1
3009 3620 -1
2821 3620 -1
2878 3620 -1
2869 3620 -1
2899 3613 -1
428 3160 -1
428 3048 -1
428 3091 -1
428 2892 -1
698 2136 -1
533 2136 -1
1744 2924 -1
1856 2924 -1
1736 2924 -1
1898 2924 -1
1806 2924 -1
2553 3338 -1
2553 3561 -1
2553 3526 -1
981 3455 -1
545 3308 -1
666 2347 -1
133 861 -1
133 956 -1
1943 2827 -1
1702 2827 -1
1737 2827 -1
2028 2827 -1
1904 2827 -1
1754 2827 -1
1949 2827 -1
1943 2961 -1
1943 3231 -1
3091 3773 -1
3048 3773 -1
3160 3773 -1
2892 3773 -1
1706 2416 -1
2027 2416 -1
1660 2416 -1
1923 2416 -1
2238 3425 -1
2238 3472 -1
2238 3253 -1
2238 3576 -1
2238 3549 -1
2238 3518 -1
2238 3551 -1
2340 3272 -1
2152 3272 -1
2362 3272 -1
2340 3529 -1
2340 3484 -1
600 2449 -1
600 2745 -1
600 2796 -1
600 2471 -1
1154 1878 -1
996 1878 -1
1142 1878 -1
839 1878 -1
554 3095 -1
1306 3333 -1
712 3348 -1
1264 2877 -1
1852 2967 -1
1889 2444 -1
1767 2444 -1
1889 2768 -1
1889 2524 -1
1889 2567 -1
1049 1374 -1
1159 1374 -1
847 1374 -1
3557 3786 -1
3540 3786 -1
2059 3791 -1
1892 3747 -1
1715 3747 -1
1950 3747 -1
1887 3623 -1
906 3689 -1
2027 3837 -1
1706 3837 -1
1923 3837 -1
1660 3837 -1
3197 3724 -1
811 2898 -1
811 3122 -1
203 2141 -1
361 2141 -1
202 2141 -1
99 2141 -1
362 2141 -1
1344 2102 -1
1556 2412 -1
921 1757 -1
921 1825 -1
551 3526 -1
389 3526 -1
551 3561 -1
551 3338 -1
551 3507 -1
551 3396 -1
533 2933 -1
698 2933 -1
533 2881 -1
901 1784 -1
905 1784 -1
1003 1784 -1
2324 2727 -1
2324 2744 -1
493 1139 -1
453 1139 -1
487 3042 -1
1392 2278 -1
1392 2320 -1
1392 2350 -1
1392 2303 -1
1463 2145 -1
1944 3138 -1
2388 3845 -1
2976 3722 -1
555 3166 -1
555 3028 -1
555 3110 -1
2021 2715 -1
2021 2513 -1
2021 2764 -1
1211 2014 -1
1211 1666 -1
1211 1971 -1
1211 1981 -1
1220 3403 -1
1220 3483 -1
2339 3492 -1
1915 3826 -1
553 1016 -1
553 1084 -1
1218 3453 -1
779 3841 -1
1418 2657 -1
1081 3194 -1
1197 3194 -1
1081 2921 -1
1081 3107 -1
1547 3400 -1
1643 2455 -1
1093 3141 -1
3432 3976 -1
3296 3976 -1
3432 3972 -1
2864 3748 -1
2834 3748 -1
3228 3748 -1
3158 3748 -1
1801 2451 -1
921 2512 -1
921 2751 -1
921 2759 -1
1904 3446 -1
1737 3446 -1
1754 3446 -1
2028 3446 -1
1702 3446 -1
1943 3446 -1
1601 2996 -1
1601 2998 -1
1904 3200 -1
1737 3200 -1
1754 3200 -1
2028 3200 -1
1702 3200 -1
1943 3200 -1
984 2900 -1
1258 2395 -1
1394 2395 -1
1299 2395 -1
1605 2395 -1
1258 2077 -1
1258 2326 -1
2158 3716 -1
1892 3801 -1
1715 3801 -1
1950 3801 -1
1892 3842 -1
1892 3675 -1
1892 3677 -1
1892 3599 -1
1991 3171 -1
1792 3171 -1
1987 3171 -1
624 945 -1
448 945 -1
528 945 -1
627 945 -1
810 945 -1
560 945 -1
723 945 -1
789 945 -1
415 945 -1
624 1133 -1
2922 3671 -1
2862 3671 -1
3199 3671 -1
2354 3383 -1
2354 3370 -1
587 3381 -1
615 3381 -1
587 3479 -1
1393 3448 -1
411 1061 -1
620 1061 -1
3437 3621 -1
3465 3621 -1
3437 3731 -1
1521 3281 -1
1250 3281 -1
1491 3281 -1
1365 3281 -1
1295 3281 -1
1459 3899 -1
1848 2995 -1
1848 2975 -1
678 1029 -1
578 1029 -1
491 1029 -1
548 1029 -1
581 1029 -1
470 1029 -1
678 1088 -1
1017 3060 -1
1722 2450 -1
1991 3202 -1
1792 3202 -1
1987 3202 -1
3127 3738 -1
705 3453 -1
599 3453 -1
2870 3960 -1
2870 3683 -1
1943 3442 -1
1702 3442 -1
1737 3442 -1
2028 3442 -1
1904 3442 -1
1754 3442 -1
1949 3442 -1
3342 3917 -1
3342 3657 -1
3342 3867 -1
1363 3497 -1
1281 3497 -1
1363 3241 -1
1363 3530 -1
984 3205 -1
984 2806 -1
2330 2436 -1
2330 2433 -1
2330 2628 -1
2330 2666 -1
2330 2776 -1
2330 2583 -1
2330 2680 -1
2330 2692 -1
1343 3471 -1
1442 3471 -1
233 3568 -1
3104 3974 -1
2919 3974 -1
2815 3974 -1
1245 2130 -1
1245 2355 -1
1245 2147 -1
1245 2189 -1
2849 3811 -1
2940 3811 -1
1913 3202 -1
895 3372 -1
1080 3372 -1
1166 3372 -1
1111 3372 -1
895 3336 -1
1962 3815 -1
1962 3911 -1
1167 1886 -1
856 1886 -1
485 1799 -1
485 1796 -1
2091 2486 -1
2103 2486 -1
2149 3383 -1
2149 3370 -1
1391 2106 -1
1444 2106 -1
1455 2106 -1
646 1801 -1
1343 3293 -1
1442 3293 -1
545 1642 -1
586 2294 -1
343 2590 -1
343 2610 -1
343 2563 -1
343 2591 -1
1672 3580 -1
1672 3461 -1
590 2824 -1
590 3012 -1
780 2398 -1
2393 3677 -1
2082 3677 -1
2143 3677 -1
2393 3801 -1
2393 3675 -1
1699 3573 -1
1656 3573 -1
2056 3573 -1
1537 2289 -1
593 3332 -1
400 3332 -1
641 3332 -1
1521 2241 -1
1250 2241 -1
1491 2241 -1
1365 2241 -1
1295 2241 -1
1859 2071 -1
1878 3649 -1
882 3288 -1
1019 3288 -1
2263 2937 -1
1964 2748 -1
1964 2517 -1
1964 2534 -1
1959 3603 -1
2038 3624 -1
1923 3624 -1
1660 3624 -1
2873 3788 -1
2907 3788 -1
2191 3560 -1
1739 2305 -1
1739 2417 -1
1739 2122 -1
1739 2222 -1
1739 2246 -1
1739 2239 -1
1699 3702 -1
1656 3702 -1
2056 3702 -1
1699 3881 -1
2812 3867 -1
2812 3657 -1
2812 3917 -1
3451 3951 -1
3386 3951 -1
3356 3951 -1
158 3832 -1
168 3832 -1
2360 3957 -1
201 3420 -1
80 3420 -1
201 3358 -1
3096 3776 -1
3096 3865 -1
3096 3785 -1
3096 3694 -1
3096 3601 -1
865 1246 -1
874 1246 -1
887 1246 -1
1143 1246 -1
461 850 -1
1783 3984 -1
1955 3984 -1
2132 2599 -1
2073 2599 -1
2140 2599 -1
409 3241 -1
409 3497 -1
409 3530 -1
801 3453 -1
1710 3140 -1
1792 3140 -1
1817 3140 -1
1987 3140 -1
1775 3140 -1
2804 3702 -1
2804 3881 -1
2326 2503 -1
2395 2503 -1
2077 2503 -1
705 1182 -1
599 1182 -1
705 1121 -1
705 1236 -1
826 1886 -1
1561 3595 -1
1465 3595 -1
1466 3595 -1
1339 3595 -1
1461 3595 -1
830 1554 -1
637 3129 -1
737 3129 -1
637 3183 -1
637 2959 -1
1949 3826 -1
2028 3826 -1
1943 3826 -1
3048 3714 -1
3160 3714 -1
3091 3714 -1
1885 3855 -1
1851 3855 -1
1492 3525 -1
561 1069 -1
1476 1970 -1
1476 1776 -1
1476 1834 -1
1476 2015 -1
1821 3885 -1
1644 3885 -1
1873 3790 -1
1849 3790 -1
2281 2647 -1
2195 2647 -1
2070 2647 -1
2262 2647 -1
1891 3181 -1
3141 3579 -1
1991 3854 -1
1792 3854 -1
1987 3854 -1
2855 3664 -1
1415 2072 -1
1415 2226 -1
1122 3137 -1
1947 3736 -1
2063 3736 -1
1447 2066 -1
1513 3454 -1
1487 3454 -1
1513 3553 -1
1887 3990 -1
2190 3847 -1
1476 3431 -1
1945 3947 -1
1739 2099 -1
1344 2270 -1
1344 2089 -1
1344 2283 -1
1344 2197 -1
1593 2198 -1
1488 2198 -1
1436 2198 -1
2370 2673 -1
2585 3568 -1
1446 3177 -1
1336 3177 -1
1446 2885 -1
1446 2887 -1
464 2449 -1
633 2449 -1
510 2449 -1
464 2745 -1
464 2796 -1
464 2471 -1
1379 2296 -1
1505 2296 -1
1449 2296 -1
1425 2296 -1
1270 2296 -1
1402 2296 -1
1499 2296 -1
1929 3723 -1
1953 3923 -1
2032 3923 -1
3163 3945 -1
3053 3945 -1
19 3443 -1
19 3282 -1
19 3501 -1
19 3406 -1
2003 2476 -1
1982 3701 -1
1982 3709 -1
1982 3813 -1
1892 2988 -1
1715 2988 -1
1950 2988 -1
1892 2867 -1
208 1036 -1
973 2930 -1
3123 3815 -1
3123 3911 -1
2822 3664 -1
1684 2494 -1
1684 2445 -1
1955 3861 -1
1783 3861 -1
1955 3794 -1
2091 2430 -1
2103 2430 -1
2091 2604 -1
3202 3943 -1
428 2866 -1
428 3064 -1
428 3161 -1
428 2955 -1
428 3164 -1
428 2903 -1
805 3319 -1
3577 3761 -1
2084 3415 -1
1684 3871 -1
1841 2942 -1
1841 3208 -1
1841 2953 -1
1841 3078 -1
103 3973 -1
361 3973 -1
362 3973 -1
99 3973 -1
103 3964 -1
3163 3854 -1
3053 3854 -1
1584 2366 -1
1605 3471 -1
1258 3471 -1
1299 3471 -1
1394 3471 -1
1849 3865 -1
1873 3865 -1
1849 3776 -1
1849 3601 -1
1849 3694 -1
1849 3785 -1
2206 3592 -1
1866 3986 -1
1501 3538 -1
637 2273 -1
737 2273 -1
637 2382 -1
540 3586 -1
2865 3630 -1
518 1366 -1
518 1361 -1
518 1261 -1
518 1414 -1
1713 3759 -1
846 2963 -1
2789 3678 -1
2789 3643 -1
2789 3652 -1
779 1446 -1
779 1336 -1
3202 3695 -1
1937 3577 -1
950 2059 -1
1231 1612 -1
1765 3961 -1
1765 3783 -1
1765 3807 -1
1765 3647 -1
405 1068 -1
3347 3955 -1
442 1642 -1
373 1642 -1
638 1642 -1
1937 3862 -1
1762 2359 -1
430 1071 -1
430 888 -1
430 1010 -1
430 875 -1
421 1042 -1
767 1042 -1
421 1162 -1
421 979 -1
421 1082 -1
421 1086 -1
3161 3775 -1
3064 3775 -1
2866 3775 -1
2955 3775 -1
3164 3775 -1
2903 3775 -1
887 3009 -1
865 3009 -1
874 3009 -1
1143 3009 -1
887 2915 -1
887 2821 -1
887 2899 -1
887 2869 -1
887 2969 -1
887 2878 -1
2393 3933 -1
2082 3933 -1
2143 3933 -1
964 3194 -1
1232 3194 -1
964 2921 -1
964 3107 -1
2249 3574 -1
2249 3298 -1
2249 3547 -1
2249 3341 -1
2116 3385 -1
2116 3312 -1
1541 3543 -1
1806 3879 -1
1856 3879 -1
1744 3879 -1
1898 3879 -1
1806 3615 -1
2889 3748 -1
2894 3748 -1
1107 3322 -1
756 3205 -1
756 2806 -1
934 3264 -1
882 3529 -1
1019 3529 -1
882 3272 -1
882 3484 -1
240 2468 -1
49 2468 -1
339 2468 -1
243 2468 -1
1480 3566 -1
2032 3244 -1
1953 3244 -1
2422 2599 -1
3092 3580 -1
3092 3461 -1
724 3526 -1
724 3561 -1
724 3338 -1
724 3507 -1
724 3396 -1
2886 3614 -1
2527 3488 -1
256 2061 -1
256 1789 -1
1954 3767 -1
250 2781 -1
311 2781 -1
250 2634 -1
2410 3461 -1
2418 3461 -1
2410 3580 -1
1986 3818 -1
705 3264 -1
599 3264 -1
614 916 -1
1806 3838 -1
1856 3838 -1
1744 3838 -1
1898 3838 -1
1917 3734 -1
1917 3839 -1
1588 3281 -1
1702 2794 -1
1904 2794 -1
1737 2794 -1
1754 2794 -1
2028 2794 -1
1943 2794 -1
1702 2758 -1
1535 3855 -1
1353 3855 -1
1451 3855 -1
1323 3855 -1
661 1829 -1
661 1652 -1
1884 2930 -1
1479 3303 -1
1479 3539 -1
2229 2503 -1
526 3259 -1
2204 3880 -1
1785 3664 -1
880 3105 -1
880 2825 -1
880 2997 -1
880 3055 -1
1301 2089 -1
1301 2283 -1
1301 2197 -1
1301 2270 -1
1500 1751 -1
1290 1751 -1
1500 1890 -1
1500 1779 -1
1460 2409 -1
1171 3304 -1
1476 3862 -1
1787 3706 -1
1803 3038 -1
1803 3025 -1
1803 3059 -1
1803 2846 -1
2302 3484 -1
2386 3484 -1
2403 3484 -1
2302 3272 -1
2302 3529 -1
1063 3137 -1
3536 3837 -1
3306 3837 -1
3375 3837 -1
3287 3837 -1
3480 3837 -1
3321 3837 -1
3295 3837 -1
3583 3837 -1
3520 3942 -1
973 1784 -1
1558 3516 -1
3195 3675 -1
3195 3801 -1
3195 3842 -1
3195 3677 -1
3195 3599 -1
894 1754 -1
894 1904 -1
894 1737 -1
894 2028 -1
894 1702 -1
894 1943 -1
1805 3802 -1
2105 3354 -1
2032 3724 -1
1953 3724 -1
1689 3715 -1
1726 3715 -1
1689 3717 -1
1379 2162 -1
1505 2162 -1
1449 2162 -1
1425 2162 -1
1270 2162 -1
1402 2162 -1
1499 2162 -1
1379 2171 -1
2163 2691 -1
2170 3445 -1
2402 3445 -1
2170 3273 -1
2170 3413 -1
1910 2865 -1
751 2840 -1
1647 3815 -1
1651 3815 -1
1715 3815 -1
1950 3815 -1
1793 3815 -1
1647 3911 -1
1968 3986 -1
533 2598 -1
698 2598 -1
1466 2423 -1
1465 2423 -1
1339 2423 -1
1461 2423 -1
1561 2423 -1
635 1508 -1
423 1508 -1
776 1508 -1
525 1508 -1
787 1508 -1
567 1508 -1
696 1508 -1
635 1433 -1
635 1362 -1
1199 2083 -1
574 2053 -1
574 1760 -1
2614 3535 -1
1332 3742 -1
1332 3650 -1
1332 3763 -1
1332 3828 -1
1332 3789 -1
1492 2400 -1
1492 2178 -1
2095 2640 -1
2095 2688 -1
2095 2650 -1
2095 2611 -1
2095 2500 -1
2095 2770 -1
600 2167 -1
2014 2789 -1
1666 2789 -1
1971 2789 -1
1981 2789 -1
2200 3633 -1
2117 3875 -1
2308 3875 -1
1757 3815 -1
1825 3815 -1
1757 3911 -1
1494 3595 -1
1430 3595 -1
1574 2880 -1
1574 3119 -1
1355 3973 -1
1355 3964 -1
658 3259 -1
973 1782 -1
893 3204 -1
893 2987 -1
893 2836 -1
1435 2418 -1
1435 2410 -1
554 3834 -1
685 1158 -1
2410 3415 -1
2418 3415 -1
3575 3625 -1
1563 2276 -1
2922 3664 -1
2862 3664 -1
3199 3664 -1
2003 3941 -1
1808 3644 -1
1678 3644 -1
1223 1348 -1
1532 3286 -1
1580 3286 -1
104 2273 -1
104 2382 -1
2044 3822 -1
3432 3930 -1
3296 3930 -1
3432 3888 -1
494 1146 -1
494 889 -1
494 852 -1
2542 2989 -1
2765 2989 -1
2542 3151 -1
974 2050 -1
1355 3625 -1
1208 2914 -1
792 2014 -1
585 2014 -1
663 2014 -1
792 1666 -1
792 1971 -1
792 1981 -1
1487 2939 -1
1513 2939 -1
692 2820 -1
496 2820 -1
692 2901 -1
692 3213 -1
1322 2314 -1
432 1084 -1
432 1016 -1
104 2250 -1
1943 3207 -1
1702 3207 -1
1737 3207 -1
2028 3207 -1
1904 3207 -1
1754 3207 -1
1949 3207 -1
2077 3281 -1
2395 3281 -1
2326 3281 -1
871 2854 -1
2117 3791 -1
2308 3791 -1
933 1457 -1
1415 2109 -1
2303 3455 -1
2288 3455 -1
2114 3455 -1
2278 3455 -1
2153 3455 -1
2350 3455 -1
2320 3455 -1
2391 3455 -1
867 1293 -1
1190 1293 -1
1457 3453 -1
1930 3936 -1
1930 3914 -1
1930 3962 -1
89 2197 -1
89 2089 -1
89 2283 -1
89 2270 -1
2407 3288 -1
2101 3288 -1
3565 3919 -1
1571 3069 -1
1354 3715 -1
1354 3717 -1
2747 3470 -1
487 3919 -1
533 978 -1
698 978 -1
533 936 -1
533 897 -1
533 994 -1
533 1214 -1
533 1151 -1
299 2542 -1
299 2765 -1
216 1170 -1
216 994 -1
216 1214 -1
216 1215 -1
1776 3339 -1
1834 3339 -1
1970 3339 -1
2015 3339 -1
1776 3418 -1
1440 3533 -1
295 3689 -1
1029 3092 -1
1088 3092 -1
488 1642 -1
745 1642 -1
1694 2473 -1
1694 2506 -1
1694 2742 -1
1433 3610 -1
1362 3610 -1
1508 3610 -1
1332 3598 -1
1005 3053 -1
1005 3163 -1
2022 2514 -1
1786 2514 -1
1845 3681 -1
1932 3681 -1
1895 3681 -1
1845 3769 -1
1845 3892 -1
1845 3868 -1
1895 3817 -1
1932 3817 -1
1845 3817 -1
440 3594 -1
492 3594 -1
454 3594 -1
390 3594 -1
1229 1722 -1
1416 2171 -1
1330 2171 -1
1416 2162 -1
1743 2478 -1
1743 2626 -1
1743 2699 -1
1743 2797 -1
1743 2543 -1
2040 3632 -1
1671 3776 -1
2026 3776 -1
1755 3776 -1
1818 3776 -1
1814 3776 -1
1671 3865 -1
1671 3785 -1
1671 3694 -1
1671 3601 -1
1333 2311 -1
1386 2311 -1
1471 2311 -1
2599 3574 -1
2599 3298 -1
2599 3547 -1
2599 3341 -1
801 1013 -1
80 1199 -1
201 1199 -1
1906 3851 -1
1497 2086 -1
1776 3737 -1
1834 3737 -1
1970 3737 -1
2015 3737 -1
2158 3812 -1
1027 3549 -1
1027 3576 -1
1027 3425 -1
1027 3253 -1
1027 3551 -1
1154 1714 -1
996 1714 -1
1142 1714 -1
839 1714 -1
929 1679 -1
2329 3465 -1
2329 3437 -1
1431 2140 -1
1431 2073 -1
1431 2132 -1
98 2269 -1
2136 2819 -1
2136 3004 -1
2136 2935 -1
2335 3245 -1
2328 3245 -1
2172 3245 -1
2383 3245 -1
2335 3468 -1
1938 3785 -1
1712 3785 -1
1716 3785 -1
1638 3785 -1
1938 3776 -1
1938 3601 -1
1938 3865 -1
1887 3626 -1
1887 3950 -1
1446 3496 -1
1336 3496 -1
1446 3270 -1
931 1504 -1
2262 3258 -1
2148 3258 -1
2281 3258 -1
2316 3258 -1
2286 3258 -1
2195 3258 -1
2070 3258 -1
2233 3258 -1
2262 3267 -1
2262 3532 -1
2262 3502 -1
1344 2311 -1
3310 3723 -1
3255 3723 -1
1721 3981 -1
1806 3984 -1
1856 3984 -1
1744 3984 -1
1898 3984 -1
3312 3746 -1
3385 3746 -1
3312 3910 -1
2032 2983 -1
1953 2983 -1
2172 2409 -1
2328 2409 -1
2383 2409 -1
2335 2409 -1
501 753 -1
501 2745 -1
501 2796 -1
501 2471 -1
501 2449 -1
2859 3086 -1
3081 3086 -1
906 991 -1
38 259 -1
155 259 -1
38 95 -1
38 263 -1
38 222 -1
38 47 -1
1496 1532 -1
1496 1580 -1
977 1103 -1
841 1103 -1
1058 1103 -1
941 1103 -1
910 1103 -1
2114 2391 -1
2288 2391 -1
2320 2391 -1
2391 3276 -1
2303 2391 -1
2114 2153 -1
2847 3113 -1
236 2847 -1
6 247 -1
205 247 -1
6 2819 -1
6 3004 -1
6 2935 -1
1416 1438 -1
1330 1438 -1
1416 1420 -1
173 247 -1
247 312 -1
94 247 -1
7 247 -1
173 2819 -1
173 3004 -1
173 2935 -1
2984 3203 -1
2984 3080 -1
2984 3041 -1
2984 3115 -1
2577 2984 -1
2897 2984 -1
2500 2708 -1
2640 2708 -1
2688 2708 -1
2611 2708 -1
2500 2625 -1
958 1078 -1
958 1883 -1
2641 2741 -1
2459 2641 -1
427 2641 -1
1330 1577 -1
1416 1577 -1
1288 1330 -1
1330 1602 -1
1330 2131 -1
207 1330 -1
2890 3230 -1
2511 2702 -1
457 637 -1
637 667 -1
398 637 -1
457 737 -1
1363 2075 -1
1281 2075 -1
