374 740 1
705 795 1
458 644 1
739 801 1
588 614 1
441 607 1
439 540 1
577 807 1
403 555 1
639 796 1
690 816 1
650 683 1
526 533 1
391 818 1
384 753 1
510 622 1
636 789 1
536 792 1
629 713 1
612 736 1
502 615 1
469 757 1
390 432 1
461 636 1
461 789 1
489 576 1
479 589 1
510 541 1
541 622 1
372 419 1
488 609 1
391 556 1
556 818 1
514 676 1
369 802 1
409 530 1
553 801 1
553 739 1
379 774 1
379 674 1
674 774 1
531 555 1
403 531 1
387 438 1
437 765 1
513 629 1
513 713 1
505 535 1
620 778 1
390 689 1
432 689 1
507 550 1
377 712 1
390 708 1
432 708 1
689 708 1
619 693 1
438 495 1
387 495 1
521 663 1
726 793 1
432 532 1
532 689 1
532 708 1
390 532 1
461 712 1
636 712 1
712 789 1
377 461 1
449 686 1
596 681 1
557 689 1
432 557 1
532 557 1
557 708 1
390 557 1
412 677 1
611 669 1
403 816 1
531 816 1
555 816 1
403 690 1
587 669 1
587 611 1
604 623 1
622 801 1
541 801 1
510 801 1
553 622 1
622 739 1
661 777 1
496 794 1
376 674 1
376 379 1
376 774 1
370 633 1
366 410 1
373 728 1
400 587 1
400 611 1
400 669 1
461 780 1
712 780 1
377 780 1
636 780 1
780 789 1
445 766 1
388 791 1
582 675 1
643 757 1
469 643 1
648 704 1
697 757 1
643 697 1
469 697 1
546 620 1
546 778 1
539 568 1
417 505 1
417 535 1
474 571 1
367 565 1
436 810 1
404 608 1
441 723 1
607 723 1
517 787 1
614 690 1
588 690 1
614 816 1
403 614 1
653 723 1
441 653 1
607 653 1
434 668 1
401 789 1
401 712 1
401 780 1
401 636 1
401 461 1
674 688 1
376 688 1
379 688 1
688 774 1
583 634 1
492 584 1
441 651 1
651 723 1
651 653 1
607 651 1
411 479 1
411 589 1
511 538 1
475 745 1
536 564 1
564 792 1
725 794 1
496 725 1
449 553 1
553 686 1
449 801 1
449 739 1
449 622 1
408 597 1
403 489 1
489 614 1
489 555 1
489 816 1
489 690 1
489 531 1
403 576 1
530 641 1
409 641 1
550 819 1
507 819 1
446 515 1
606 815 1
635 789 1
635 712 1
635 780 1
461 635 1
401 635 1
635 636 1
447 707 1
414 507 1
414 819 1
414 550 1
603 695 1
683 693 1
650 693 1
619 683 1
501 737 1
640 815 1
606 640 1
446 789 1
515 789 1
446 712 1
446 780 1
446 461 1
401 446 1
446 635 1
446 636 1
786 811 1
410 508 1
366 508 1
710 811 1
710 786 1
569 737 1
501 569 1
376 742 1
688 742 1
674 742 1
379 742 1
742 774 1
379 725 1
674 725 1
725 774 1
725 742 1
688 725 1
376 725 1
379 496 1
379 794 1
369 562 1
562 802 1
524 652 1
538 742 1
511 742 1
538 674 1
538 774 1
538 688 1
538 725 1
376 538 1
379 538 1
870 1093 1
979 1163 1
902 980 1
964 1045 1
1032 1109 1
841 909 1
897 1064 1
968 1004 1
823 934 1
1008 1172 1
1207 1215 1
985 1020 1
914 1050 1
1015 1096 1
912 1212 1
910 978 1
959 1016 1
871 1029 1
876 1213 1
1031 1198 1
911 1212 1
911 912 1
828 1098 1
1190 1198 1
1031 1190 1
911 1010 1
912 1010 1
1010 1212 1
844 1201 1
893 1151 1
885 940 1
842 1080 1
1015 1106 1
1096 1106 1
907 909 1
841 907 1
1056 1097 1
978 1215 1
910 1215 1
978 1207 1
1040 1082 1
844 1010 1
1010 1201 1
844 912 1
844 1212 1
844 911 1
983 1140 1
1151 1207 1
893 1207 1
978 1151 1
1151 1215 1
993 1004 1
968 993 1
874 1026 1
920 948 1
1003 1093 1
870 1003 1
934 1093 1
823 1093 1
934 1003 1
870 934 1
1124 1213 1
876 1124 1
840 1085 1
1094 1173 1
949 1170 1
839 1110 1
822 1114 1
914 1141 1
1050 1141 1
874 966 1
966 1026 1
1058 1191 1
1013 1213 1
1013 1124 1
876 1013 1
1001 1083 1
936 1204 1
1123 1174 1
825 838 1
992 1117 1
1006 1037 1
905 947 1
939 1104 1
896 958 1
1073 1124 1
876 1073 1
1073 1213 1
1013 1073 1
1087 1183 1
1035 1230 1
844 991 1
911 991 1
912 991 1
991 1201 1
991 1010 1
991 1212 1
1016 1017 1
959 1017 1
1169 1171 1
936 1003 1
1003 1204 1
936 1093 1
870 936 1
934 936 1
888 895 1
931 1230 1
931 1035 1
847 886 1
1133 1212 1
844 1133 1
911 1133 1
912 1133 1
1010 1133 1
991 1133 1
933 1086 1
1136 1169 1
1136 1171 1
891 949 1
891 1170 1
908 1178 1
946 1075 1
993 1083 1
968 1083 1
1004 1083 1
993 1001 1
965 1225 1
1001 1191 1
993 1191 1
1083 1191 1
1001 1058 1
971 1022 1
937 1088 1
837 979 1
837 1163 1
929 976 1
844 909 1
909 1133 1
909 911 1
909 912 1
909 1201 1
909 1010 1
909 1212 1
909 991 1
841 844 1
844 907 1
870 1045 1
936 1045 1
1003 1045 1
1045 1093 1
934 1045 1
870 964 1
937 1217 1
1088 1217 1
864 870 1
864 964 1
864 1093 1
864 934 1
864 936 1
864 1003 1
864 1045 1
891 978 1
978 1170 1
949 978 1
891 1215 1
891 910 1
891 1207 1
891 1151 1
1139 1173 1
1094 1139 1
842 979 1
979 1080 1
842 1163 1
837 842 1
822 1113 1
1113 1114 1
872 1099 1
902 1102 1
980 1102 1
843 843 1
896 900 1
900 958 1
1072 1170 1
978 1072 1
891 1072 1
949 1072 1
988 1020 1
985 988 1
1096 1212 1
1106 1212 1
1015 1212 1
909 1096 1
844 1096 1
1096 1133 1
911 1096 1
912 1096 1
1010 1096 1
991 1096 1
903 1089 1
961 998 1
870 1046 1
864 1046 1
964 1046 1
1046 1093 1
934 1046 1
936 1046 1
1003 1046 1
1045 1046 1
1294 1385 1
1381 1633 1
1366 1397 1
1244 1489 1
1291 1355 1
1360 1395 1
1310 1375 1
1303 1520 1
1427 1527 1
1239 1496 1
1351 1380 1
1406 1457 1
1260 1450 1
1420 1504 1
1364 1560 1
1271 1463 1
1310 1463 1
1375 1463 1
1271 1310 1
1332 1435 1
1440 1616 1
1459 1533 1
1366 1420 1
1397 1420 1
1366 1504 1
1331 1481 1
1433 1629 1
1245 1286 1
1361 1559 1
1293 1313 1
1358 1383 1
1450 1461 1
1260 1461 1
1511 1620 1
1332 1493 1
1435 1493 1
1377 1457 1
1377 1406 1
1359 1361 1
1359 1559 1
1245 1282 1
1282 1286 1
1453 1511 1
1453 1620 1
1239 1604 1
1496 1604 1
1265 1357 1
1418 1543 1
1303 1415 1
1415 1520 1
1338 1479 1
1326 1599 1
1272 1406 1
1272 1457 1
1272 1377 1
1492 1610 1
1269 1386 1
1330 1531 1
1339 1524 1
1280 1572 1
1579 1601 1
1295 1584 1
1353 1520 1
1353 1415 1
1303 1353 1
1313 1543 1
1293 1543 1
1313 1418 1
1387 1545 1
1413 1555 1
1378 1589 1
1380 1604 1
1351 1604 1
1380 1496 1
1239 1380 1
1324 1512 1
1526 1571 1
1321 1444 1
1283 1583 1
1328 1615 1
1423 1480 1
1401 1515 1
1451 1630 1
1418 1454 1
1313 1454 1
1454 1543 1
1304 1609 1
1461 1578 1
1450 1578 1
1260 1578 1
1297 1410 1
1279 1357 1
1265 1279 1
1240 1293 1
1240 1313 1
1240 1543 1
1414 1625 1
1268 1297 1
1268 1410 1
1508 1584 1
1295 1508 1
1371 1532 1
1357 1397 1
1265 1397 1
1279 1397 1
1357 1420 1
1357 1366 1
1404 1455 1
1380 1527 1
1496 1527 1
1239 1527 1
1527 1604 1
1351 1527 1
1380 1427 1
1248 1367 1
1331 1532 1
1481 1532 1
1331 1371 1
1550 1599 1
1326 1550 1
1306 1473 1
1271 1561 1
1310 1561 1
1463 1561 1
1454 1466 1
1313 1466 1
1418 1466 1
1466 1543 1
1256 1586 1
1388 1548 1
1365 1429 1
1328 1493 1
1493 1615 1
1328 1435 1
1328 1332 1
1479 1571 1
1338 1571 1
1479 1526 1
1376 1391 1
1302 1385 1
1294 1302 1
1259 1422 1
1301 1525 1
1272 1455 1
1455 1457 1
1406 1455 1
1377 1455 1
1272 1404 1
1280 1481 1
1481 1572 1
1280 1331 1
1280 1532 1
1320 1360 1
1320 1395 1
1355 1606 1
1291 1606 1
1482 1528 1
1343 1434 1
1376 1567 1
1391 1567 1
1260 1421 1
1421 1450 1
1421 1578 1
1421 1461 1
1363 1496 1
1363 1380 1
1363 1527 1
1363 1604 1
1239 1363 1
1317 1537 1
1338 1453 1
1453 1571 1
1453 1479 1
1338 1620 1
1338 1511 1
1500 1594 1
1261 1350 1
1429 1545 1
1365 1545 1
1387 1429 1
1405 1450 1
1405 1578 1
1260 1405 1
1405 1461 1
1405 1421 1
1298 1406 1
1272 1298 1
1298 1457 1
1298 1455 1
1298 1377 1
1286 1412 1
1282 1412 1
1245 1412 1
1327 1445 1
1561 1574 1
1463 1574 1
1310 1574 1
1271 1574 1
1443 1630 1
1443 1451 1
1827 1878 1
1692 1851 1
1722 2014 1
1814 1917 1
1690 1872 1
1693 1865 1
1713 1825 1
1793 1940 1
1709 2017 1
1769 1815 1
1690 1917 1
1872 1917 1
1690 1814 1
1902 1903 1
1743 1974 1
1712 1888 1
1882 1980 1
1890 1909 1
1683 1962 1
1822 2008 1
1799 2058 1
1645 1795 1
1683 1826 1
1826 1962 1
1887 2057 1
2006 2010 1
1733 1743 1
1733 1974 1
1874 2015 1
1741 2052 1
1709 1978 1
1978 2017 1
1766 1835 1
1700 1718 1
1644 1882 1
1644 1980 1
1681 1902 1
1681 1903 1
1949 2014 1
1722 1949 1
1843 1945 1
1673 1956 1
1759 2036 1
1796 1822 1
1796 2008 1
1684 1881 1
1951 2013 1
1730 2049 1
1678 1793 1
1678 1940 1
1787 2022 1
1835 1892 1
1766 1892 1
1922 1932 1
1826 2033 1
1962 2033 1
1683 2033 1
1707 1723 1
1643 2040 1
1960 1995 1
1735 1907 1
1666 1757 1
1881 1972 1
1684 1972 1
1638 1871 1
1994 2011 1
1679 1997 1
1807 1926 1
1863 1883 1
1774 2011 1
1774 1994 1
1808 1866 1
1787 1963 1
1963 2022 1
1827 1957 1
1878 1957 1
1725 1936 1
1751 1847 1
1734 1831 1
1861 2044 1
1829 2031 1
1761 1935 1
1809 1899 1
1684 1890 1
1881 1890 1
1890 1972 1
1684 1909 1
1703 1761 1
1703 1935 1
1837 2064 1
1776 2021 1
1699 2056 1
1790 2060 1
1820 1896 1
1679 1894 1
1894 1997 1
1789 1946 1
1937 1987 1
1986 1998 1
1694 2053 1
1742 1755 1
1975 2016 1
1719 1971 1
1716 1843 1
1716 1945 1
1800 2049 1
1730 1800 1
1692 2030 1
1851 2030 1
1695 1845 1
1865 2038 1
1693 2038 1
1780 1956 1
1673 1780 1
1751 2041 1
1847 2041 1
1643 1721 1
1721 2040 1
1802 2031 1
1802 1829 1
1735 1888 1
1888 1907 1
1712 1735 1
1884 2045 1
1912 1993 1
1758 1977 1
1915 1952 1
1640 1929 1
1782 2028 1
1844 1923 1
1691 2016 1
1691 1975 1
1936 1983 1
1725 1983 1
1671 1917 1
1671 1872 1
1671 1690 1
1671 1814 1
1659 1778 1
1757 1770 1
1666 1770 1
2015 2021 1
1874 2021 1
1776 2015 1
1781 2007 1
1706 1892 1
1706 1835 1
1706 1766 1
1767 1896 1
1767 1820 1
1790 1851 1
1851 2060 1
1692 1790 1
1790 2030 1
1745 1823 1
1772 1806 1
1770 2024 1
1666 2024 1
1757 2024 1
1798 1852 1
1658 1726 1
1760 1863 1
1760 1883 1
1839 1934 1
1838 1937 1
1838 1987 1
1751 1780 1
1780 2041 1
1780 1847 1
1673 1751 1
1751 1956 1
1685 1934 1
1685 1839 1
1640 1659 1
1659 1929 1
1640 1778 1
1648 1849 1
1640 1829 1
1829 1929 1
1778 1829 1
1659 1829 1
1640 1802 1
1640 2031 1
1971 2033 1
1719 2033 1
1826 1971 1
1683 1971 1
1962 1971 1
1962 1983 1
1983 2033 1
1826 1983 1
1683 1983 1
1971 1983 1
1936 1962 1
1725 1962 1
1706 1821 1
1821 1835 1
1821 1892 1
1766 1821 1
1699 1955 1
1955 2056 1
1686 2065 1
1756 1950 1
1785 1845 1
1695 1785 1
1972 2056 1
1881 2056 1
1890 2056 1
1684 2056 1
1699 1972 1
1955 1972 1
1793 1963 1
1940 1963 1
1678 1963 1
1787 1793 1
1793 2022 1
2177 2367 1
2131 2173 1
2177 2370 1
2367 2370 1
2110 2412 1
2127 2320 1
2238 2412 1
2110 2238 1
2105 2352 1
2128 2253 1
2088 2113 1
2249 2322 1
2207 2234 1
2371 2390 1
2127 2396 1
2320 2396 1
2155 2300 1
2228 2281 1
2077 2255 1
2160 2309 1
2214 2229 1
2157 2383 1
2116 2261 1
2237 2419 1
2240 2322 1
2240 2249 1
2351 2357 1
2297 2345 1
2320 2367 1
2367 2396 1
2127 2367 1
2177 2320 1
2320 2370 1
2167 2355 1
2095 2346 1
2264 2325 1
2193 2264 1
2193 2325 1
2130 2372 1
2190 2333 1
2156 2360 1
2120 2361 1
2126 2163 1
2139 2290 1
2168 2403 1
2121 2289 1
2100 2416 1
2079 2386 1
2088 2395 1
2113 2395 1
2107 2263 1
2126 2260 1
2163 2260 1
2285 2291 1
2095 2163 1
2163 2346 1
2095 2260 1
2095 2126 1
2140 2344 1
2095 2109 1
2109 2346 1
2109 2163 1
2109 2260 1
2109 2126 1
2326 2375 1
2289 2374 1
2121 2374 1
2289 2346 1
2121 2346 1
2346 2374 1
2095 2289 1
2163 2289 1
2109 2289 1
2268 2414 1
2132 2282 1
2156 2196 1
2196 2360 1
2281 2317 1
2228 2317 1
2132 2225 1
2225 2282 1
2089 2389 1
2332 2419 1
2237 2332 1
2217 2218 1
2108 2302 1
2188 2389 1
2089 2188 1
2282 2390 1
2225 2390 1
2132 2390 1
2282 2371 1
2230 2343 1
2239 2350 1
2233 2310 1
2390 2414 1
2225 2414 1
2282 2414 1
2371 2414 1
2132 2414 1
2268 2390 1
2299 2407 1
2277 2338 1
2093 2378 1
2128 2135 1
2135 2253 1
2315 2394 1
2266 2299 1
2266 2407 1
2247 2292 1
2242 2292 1
2242 2247 1
2230 2327 1
2327 2343 1
2165 2242 1
2165 2292 1
2165 2247 1
2218 2250 1
2217 2250 1
2213 2420 1
2239 2383 1
2350 2383 1
2157 2239 1
2099 2104 1
2108 2212 1
2212 2302 1
2205 2233 1
2205 2310 1
2067 2317 1
2067 2281 1
2067 2228 1
2223 2247 1
2223 2242 1
2223 2292 1
2165 2223 1
2128 2160 1
2160 2253 1
2135 2160 1
2128 2309 1
2088 2217 1
2113 2217 1
2217 2395 1
2088 2218 1
2088 2250 1
2110 2316 1
2316 2412 1
2238 2316 1
2154 2342 1
2081 2358 1
2227 2420 1
2213 2227 1
2141 2327 1
2141 2230 1
2141 2343 1
2169 2292 1
2169 2242 1
2169 2223 1
2165 2169 1
2169 2247 1
2286 2422 1
2298 2300 1
2155 2298 1
2315 2388 1
2388 2394 1
2167 2287 1
2287 2355 1
2304 2338 1
2277 2304 1
2343 2415 1
2141 2415 1
2230 2415 1
2327 2415 1
2179 2362 1
2137 2337 1
2146 2288 1
2321 2408 1
2137 2381 1
2337 2381 1
2087 2424 1
2604 2762 1
2589 2732 1
2600 2664 1
2521 2637 1
2474 2475 1
2682 2696 1
2654 2768 1
2475 2774 1
2474 2774 1
2466 2667 1
2567 2726 1
2446 2586 1
2559 2661 1
2566 2767 1
2484 2623 1
2560 2660 1
2438 2615 1
2653 2743 1
2449 2583 1
2630 2649 1
2500 2549 1
2518 2521 1
2518 2637 1
2632 2729 1
2675 2760 1
2432 2641 1
2435 2585 1
2673 2777 1
2489 2637 1
2489 2521 1
2489 2518 1
2474 2636 1
2475 2636 1
2636 2774 1
2762 2780 1
2604 2780 1
2574 2586 1
2446 2574 1
2513 2640 1
2615 2758 1
2438 2758 1
2605 2648 1
2757 2798 1
2562 2802 1
2646 2737 1
2517 2671 1
2536 2795 1
2476 2536 1
2476 2795 1
2638 2668 1
2435 2626 1
2585 2626 1
2585 2671 1
2626 2671 1
2435 2671 1
2517 2585 1
2523 2785 1
2513 2722 1
2640 2722 1
2558 2625 1
2537 2698 1
2642 2679 1
2497 2635 1
2780 2781 1
2762 2781 1
2604 2781 1
2580 2683 1
2483 2521 1
2483 2489 1
2483 2637 1
2483 2518 1
2561 2601 1
2683 2793 1
2580 2793 1
2509 2550 1
2779 2786 1
2671 2681 1
2585 2681 1
2626 2681 1
2435 2681 1
2517 2681 1
2511 2601 1
2511 2561 1
2443 2560 1
2443 2660 1
2623 2746 1
2484 2746 1
2531 2680 1
2725 2782 1
2607 2674 1
2614 2634 1
2508 2656 1
2432 2649 1
2641 2649 1
2432 2630 1
2497 2797 1
2635 2797 1
2701 2708 1
2447 2571 1
2721 2798 1
2721 2757 1
2429 2660 1
2429 2560 1
2429 2443 1
2574 2664 1
2586 2664 1
2446 2664 1
2574 2600 1
2474 2673 1
2475 2673 1
2636 2673 1
2673 2774 1
2474 2777 1
2534 2681 1
2534 2626 1
2435 2534 1
2534 2671 1
2517 2534 1
2534 2585 1
2552 2718 1
2481 2498 1
2605 2799 1
2648 2799 1
2509 2617 1
2550 2617 1
2428 2528 1
2740 2750 1
2453 2519 1
2438 2781 1
2758 2781 1
2615 2781 1
2438 2762 1
2438 2604 1
2438 2780 1
2484 2588 1
2588 2746 1
2588 2623 1
2571 2574 1
2447 2574 1
2571 2664 1
2446 2571 1
2571 2600 1
2571 2586 1
2489 2575 1
2521 2575 1
2483 2575 1
2575 2637 1
2518 2575 1
2578 2760 1
2578 2675 1
2563 2576 1
2530 2660 1
2530 2560 1
2443 2530 1
2429 2530 1
2466 2559 1
2559 2667 1
2466 2661 1
2563 2741 1
2576 2741 1
2478 2486 1
2425 2548 1
2525 2757 1
2525 2721 1
2525 2798 1
2643 2704 1
2439 2502 1
2500 2782 1
2549 2782 1
2500 2725 1
2573 2654 1
2573 2768 1
2501 2578 1
2501 2760 1
2501 2675 1
2683 2801 1
2793 2801 1
2580 2801 1
2449 2507 1
2507 2583 1
2443 2778 1
2560 2778 1
2530 2778 1
2660 2778 1
2429 2778 1
2460 2488 1
2430 2748 1
2425 2430 1
2430 2548 1
2425 2748 1
3177 3231 1
2815 3076 1
2864 3157 1
2912 3016 1
2902 3087 1
2849 2857 1
2886 2887 1
3194 3200 1
2877 2989 1
2818 2855 1
3147 3212 1
2953 3131 1
2928 2934 1
2883 2945 1
3051 3181 1
3106 3163 1
2959 3124 1
2966 3156 1
3043 3153 1
2836 2991 1
2927 3163 1
2927 3106 1
2976 3056 1
2808 2952 1
2865 2980 1
2989 3114 1
2877 3114 1
3005 3010 1
2991 3065 1
2836 3065 1
3140 3199 1
2823 3082 1
2845 2972 1
2879 2981 1
2916 2937 1
2904 2943 1
2838 2942 1
2998 3008 1
3072 3082 1
2823 3072 1
3056 3062 1
2976 3062 1
2925 3004 1
2969 3181 1
2969 3051 1
3123 3172 1
3125 3131 1
2953 3125 1
2912 3153 1
3016 3153 1
2912 3043 1
3070 3141 1
2879 3072 1
2981 3072 1
2879 3082 1
2823 2879 1
2955 3211 1
2880 3186 1
3026 3072 1
3026 3082 1
2879 3026 1
2981 3026 1
2823 3026 1
3150 3210 1
3035 3093 1
3137 3189 1
2809 2996 1
2930 3063 1
2955 3035 1
3035 3211 1
2955 3093 1
2830 3132 1
2823 2989 1
2989 3072 1
2989 3082 1
2989 3026 1
2879 2989 1
2823 3114 1
2823 2877 1
3036 3043 1
2912 3036 1
3036 3153 1
2938 3079 1
3065 3175 1
2836 3175 1
2991 3175 1
2864 2940 1
2940 3157 1
3103 3148 1
2874 2948 1
2830 3088 1
3088 3132 1
2831 3171 1
2855 3161 1
2818 3161 1
3001 3059 1
3174 3201 1
3025 3218 1
2944 3110 1
2962 3017 1
2819 3217 1
2986 3212 1
2986 3147 1
2971 3010 1
2971 3005 1
2985 3180 1
2896 3199 1
2896 3140 1
3087 3093 1
2902 3093 1
3035 3087 1
2955 3087 1
2812 2999 1
2916 3212 1
2937 3212 1
2916 2986 1
2916 3147 1
2969 3033 1
3033 3051 1
3033 3181 1
2984 3179 1
2838 3114 1
2942 3114 1
2823 2838 1
2838 2989 1
2838 2877 1
2929 3126 1
2853 2988 1
3089 3227 1
2827 3161 1
2818 2827 1
2827 2855 1
2892 3117 1
3076 3187 1
2815 3187 1
2914 2981 1
2914 3072 1
2914 3026 1
2879 2914 1
2877 3105 1
3105 3114 1
2989 3105 1
2838 3105 1
2823 3105 1
2848 3111 1
2850 3103 1
2850 3148 1
2963 3193 1
2945 2990 1
2883 2990 1
2815 2848 1
2848 3187 1
2848 3076 1
2815 3111 1
2965 2992 1
2950 2967 1
2966 3064 1
3064 3156 1
2926 3128 1
3034 3195 1
2867 3088 1
2867 3132 1
2830 2867 1
2870 3184 1
3019 3225 1
2908 2922 1
3167 3170 1
3021 3201 1
3021 3174 1
3130 3139 1
2834 3155 1
3177 3219 1
3219 3231 1
3126 3138 1
2929 3138 1
2940 2965 1
2864 2965 1
2965 3157 1
2940 2992 1
2873 3118 1
3191 3213 1
2845 2983 1
2972 2983 1
3074 3080 1
2998 3083 1
3008 3083 1
2996 3193 1
2809 3193 1
2963 2996 1
2835 2916 1
2835 2937 1
2835 2986 1
2835 3147 1
2835 3212 1
2855 2875 1
2875 3161 1
2818 2875 1
2827 2875 1
3013 3122 1
2853 3042 1
2988 3042 1
2911 2930 1
2911 3063 1
2815 3160 1
2848 3160 1
3160 3187 1
3076 3160 1
3111 3160 1
2841 2975 1
2883 2970 1
2945 2970 1
2970 2990 1
3123 3164 1
3164 3172 1
3236 3490 1
3355 3572 1
3366 3552 1
3275 3481 1
3341 3436 1
3396 3417 1
3446 3545 1
3270 3307 1
3274 3459 1
3457 3553 1
3443 3564 1
3321 3579 1
3342 3441 1
3315 3439 1
3410 3473 1
3253 3456 1
3265 3333 1
3261 3451 1
3293 3580 1
3246 3514 1
3362 3417 1
3362 3396 1
3508 3593 1
3387 3390 1
3311 3480 1
3527 3562 1
3357 3489 1
3534 3582 1
3306 3479 1
3581 3582 1
3534 3581 1
3286 3500 1
3395 3577 1
3311 3541 1
3480 3541 1
3308 3530 1
3339 3539 1
3272 3555 1
3234 3256 1
3239 3432 1
3466 3584 1
3482 3532 1
3244 3253 1
3244 3456 1
3340 3584 1
3340 3466 1
3393 3560 1
3311 3322 1
3322 3480 1
3322 3541 1
3498 3550 1
3420 3478 1
3404 3543 1
3449 3565 1
3243 3351 1
3258 3581 1
3258 3534 1
3258 3582 1
3528 3551 1
3275 3439 1
3439 3481 1
3275 3315 1
3354 3582 1
3258 3354 1
3354 3581 1
3354 3534 1
3342 3467 1
3441 3467 1
3389 3452 1
3242 3314 1
3237 3294 1
3403 3425 1
3478 3589 1
3420 3589 1
3442 3559 1
3384 3554 1
3423 3550 1
3423 3498 1
3292 3488 1
3316 3517 1
3234 3416 1
3256 3416 1
3434 3513 1
3367 3587 1
3274 3328 1
3328 3459 1
3277 3576 1
3270 3325 1
3307 3325 1
3480 3527 1
3322 3527 1
3527 3541 1
3311 3527 1
3480 3562 1
3246 3553 1
3514 3553 1
3246 3457 1
3294 3377 1
3237 3377 1
3298 3517 1
3298 3316 1
3320 3565 1
3320 3449 1
3366 3594 1
3552 3594 1
3454 3577 1
3395 3454 1
3330 3586 1
3244 3537 1
3456 3537 1
3253 3537 1
3393 3404 1
3404 3560 1
3393 3543 1
3380 3538 1
3306 3343 1
3343 3479 1
3246 3337 1
3337 3553 1
3337 3514 1
3337 3457 1
3542 3555 1
3272 3542 1
3386 3387 1
3386 3390 1
3422 3468 1
3336 3488 1
3292 3336 1
3358 3400 1
3471 3538 1
3380 3471 1
3489 3576 1
3357 3576 1
3277 3489 1
3365 3467 1
3365 3441 1
3342 3365 1
3254 3370 1
3305 3412 1
3309 3465 1
3448 3580 1
3293 3448 1
3276 3586 1
3276 3330 1
3394 3570 1
3236 3528 1
3490 3528 1
3236 3551 1
3420 3549 1
3549 3589 1
3478 3549 1
3255 3426 1
3397 3430 1
3302 3342 1
3302 3441 1
3302 3467 1
3302 3365 1
3290 3461 1
3248 3283 1
3247 3389 1
3247 3452 1
3554 3571 1
3384 3571 1
3272 3594 1
3555 3594 1
3542 3594 1
3272 3552 1
3272 3366 1
3242 3457 1
3314 3457 1
3242 3553 1
3242 3246 1
3242 3337 1
3278 3589 1
3278 3420 1
3278 3549 1
3278 3478 1
3429 3592 1
3481 3519 1
3275 3519 1
3439 3519 1
3369 3554 1
3369 3384 1
3369 3571 1
3608 3644 1
3887 3998 1
3724 3745 1
3620 3873 1
3794 3972 1
3892 3991 1
3651 3893 1
3669 3880 1
3671 3910 1
3661 3758 1
3671 3875 1
3875 3910 1
3677 3716 1
3614 3931 1
3836 3958 1
3613 3859 1
3808 3997 1
3918 3947 1
3718 3992 1
3627 3956 1
3659 3936 1
3917 3963 1
3658 3718 1
3658 3992 1
3766 3910 1
3766 3875 1
3671 3766 1
3895 3958 1
3836 3895 1
3783 3961 1
3602 3837 1
3642 3776 1
3662 3884 1
3803 3877 1
3666 3929 1
3692 3999 1
3724 3829 1
3745 3829 1
3658 3838 1
3838 3992 1
3718 3838 1
3690 3967 1
3597 3972 1
3597 3794 1
3785 3988 1
3793 3983 1
3677 3838 1
3716 3838 1
3677 3992 1
3658 3677 1
3677 3718 1
3633 3969 1
3773 3786 1
3763 3791 1
3925 3968 1
3659 3774 1
3774 3936 1
3685 3740 1
3609 3988 1
3609 3785 1
3597 3955 1
3794 3955 1
3955 3972 1
3611 3811 1
3794 3997 1
3955 3997 1
3972 3997 1
3597 3997 1
3794 3808 1
3785 3918 1
3609 3918 1
3918 3988 1
3785 3947 1
3662 3976 1
3884 3976 1
3758 3897 1
3661 3897 1
3777 3790 1
3620 3788 1
3788 3873 1
3654 3996 1
3605 3759 1
3674 3713 1
3679 3912 1
3609 3986 1
3785 3986 1
3986 3988 1
3918 3986 1
3828 3944 1
3668 3765 1
3748 3946 1
3694 3967 1
3690 3694 1
3696 3902 1
3697 3883 1
3629 3643 1
3848 3937 1
3710 3732 1
3701 3756 1
3622 3701 1
3622 3756 1
3803 3928 1
3877 3928 1
3788 3862 1
3862 3873 1
3620 3862 1
3597 3837 1
3794 3837 1
3837 3955 1
3837 3972 1
3837 3997 1
3597 3602 1
3757 3926 1
3829 3975 1
3745 3975 1
3724 3975 1
3747 3773 1
3747 3786 1
3620 3776 1
3776 3873 1
3776 3788 1
3776 3862 1
3620 3642 1
3643 3780 1
3629 3780 1
3786 3894 1
3747 3894 1
3773 3894 1
3696 3875 1
3875 3902 1
3696 3766 1
3696 3910 1
3671 3696 1
3776 3975 1
3873 3975 1
3620 3975 1
3788 3975 1
3862 3975 1
3642 3975 1
3745 3776 1
3724 3776 1
3776 3829 1
3599 3871 1
3653 3723 1
3680 3840 1
3601 3775 1
3721 3789 1
3612 3994 1
3852 3889 1
3921 3929 1
3666 3921 1
3876 3930 1
3680 3868 1
3840 3868 1
3829 3995 1
3776 3995 1
3745 3995 1
3724 3995 1
3975 3995 1
3776 3874 1
3873 3874 1
3620 3874 1
3874 3975 1
3724 3874 1
3788 3874 1
3829 3874 1
3862 3874 1
3745 3874 1
3642 3874 1
3874 3995 1
3723 3874 1
3653 3874 1
3723 3776 1
3723 3873 1
3620 3723 1
3723 3975 1
3723 3788 1
3723 3724 1
3723 3829 1
3723 3862 1
3723 3745 1
3642 3723 1
3723 3995 1
3663 3962 1
3778 3796 1
3643 3646 1
3646 3780 1
3629 3646 1
3637 3978 1
3731 3737 1
3894 3959 1
3786 3959 1
3747 3959 1
3773 3959 1
3623 3928 1
3623 3803 1
3623 3877 1
3731 3870 1
3737 3870 1
3759 3824 1
3605 3824 1
3666 3789 1
3789 3929 1
3789 3921 1
3666 3721 1
232 325 1
285 326 1
150 182 1
62 329 1
44 206 1
197 241 1
34 55 1
74 91 1
186 274 1
19 131 1
23 329 1
23 62 1
3 308 1
279 294 1
83 317 1
65 234 1
223 338 1
145 303 1
136 263 1
95 290 1
35 239 1
181 263 1
136 181 1
58 281 1
63 104 1
85 164 1
72 175 1
75 160 1
45 354 1
148 313 1
44 246 1
206 246 1
182 285 1
150 285 1
182 326 1
52 111 1
244 304 1
17 204 1
195 276 1
148 285 1
285 313 1
148 182 1
148 326 1
148 150 1
14 265 1
199 347 1
110 322 1
212 334 1
220 290 1
95 220 1
108 365 1
209 298 1
221 314 1
115 301 1
34 276 1
55 276 1
34 195 1
243 357 1
210 340 1
38 122 1
19 191 1
131 191 1
131 351 1
19 351 1
191 351 1
257 280 1
6 196 1
194 272 1
85 129 1
129 164 1
126 314 1
126 221 1
295 313 1
148 295 1
285 295 1
43 73 1
267 274 1
186 267 1
22 244 1
22 304 1
106 199 1
106 347 1
253 259 1
242 340 1
210 242 1
78 198 1
271 293 1
258 296 1
32 221 1
32 314 1
32 126 1
254 302 1
78 123 1
123 198 1
108 364 1
364 365 1
334 341 1
212 341 1
73 287 1
43 287 1
171 357 1
171 243 1
159 356 1
69 362 1
107 199 1
106 107 1
107 347 1
139 187 1
62 89 1
89 329 1
23 89 1
132 284 1
162 345 1
161 267 1
161 274 1
161 186 1
116 216 1
351 358 1
19 358 1
131 358 1
191 358 1
208 269 1
45 283 1
283 354 1
194 239 1
239 272 1
35 194 1
4 165 1
315 321 1
273 324 1
127 260 1
266 297 1
199 353 1
107 353 1
106 353 1
347 353 1
6 171 1
171 196 1
6 243 1
6 357 1
214 255 1
71 301 1
71 115 1
151 319 1
158 181 1
136 158 1
158 263 1
22 270 1
270 304 1
244 270 1
95 231 1
231 290 1
220 231 1
109 222 1
93 123 1
93 198 1
78 93 1
165 213 1
4 213 1
106 354 1
107 354 1
353 354 1
347 354 1
199 354 1
45 106 1
106 283 1
44 352 1
246 352 1
206 352 1
59 346 1
245 352 1
44 245 1
206 245 1
245 246 1
235 310 1
262 288 1
27 100 1
96 120 1
23 83 1
83 329 1
62 83 1
83 89 1
23 317 1
211 2667 -1
211 2466 -1
211 2559 -1
430 3296 -1
2849 3625 -1
2857 3625 -1
1902 3743 -1
1681 3743 -1
1903 3743 -1
784 1585 -1
2294 3346 -1
687 2873 -1
687 3118 -1
1404 2745 -1
1272 2745 -1
1455 2745 -1
2062 2686 -1
2667 3414 -1
2466 3414 -1
2559 3414 -1
1187 2273 -1
303 3671 -1
145 3671 -1
303 3696 -1
303 3875 -1
303 3766 -1
303 3910 -1
765 1104 -1
437 1104 -1
765 939 -1
2080 2515 -1
2900 3407 -1
1085 2269 -1
840 2269 -1
13 3116 -1
594 3447 -1
2623 3603 -1
2588 3603 -1
2746 3603 -1
2484 3603 -1
238 3299 -1
290 1710 -1
231 1710 -1
220 1710 -1
95 1710 -1
257 422 -1
280 422 -1
529 2994 -1
552 1745 -1
552 1823 -1
861 1889 -1
1419 2730 -1
3230 3461 -1
3230 3290 -1
1695 3214 -1
1785 3214 -1
1845 3214 -1
896 1388 -1
900 1388 -1
958 1388 -1
896 1548 -1
1460 1875 -1
410 2117 -1
508 2117 -1
366 2117 -1
1446 1733 -1
1446 1974 -1
1446 1743 -1
2060 2765 -1
1851 2765 -1
1790 2765 -1
1011 3256 -1
1011 3416 -1
1011 3234 -1
3490 3996 -1
3528 3996 -1
3236 3996 -1
3490 3654 -1
33 504 -1
150 393 -1
148 393 -1
285 393 -1
182 393 -1
2607 3618 -1
2674 3618 -1
1057 3778 -1
1057 3796 -1
2130 3176 -1
2372 3176 -1
2663 2923 -1
684 2251 -1
124 807 -1
124 577 -1
243 427 -1
171 427 -1
357 427 -1
6 427 -1
307 2517 -1
307 2585 -1
307 2534 -1
307 2681 -1
307 2671 -1
205 1957 -1
205 1827 -1
205 1878 -1
954 2813 -1
1471 3762 -1
487 1588 -1
1188 2113 -1
1188 2088 -1
1188 2217 -1
1188 2395 -1
283 2033 -1
354 2033 -1
106 2033 -1
45 2033 -1
283 1826 -1
283 1962 -1
283 1971 -1
283 1683 -1
283 1719 -1
283 1983 -1
1357 3974 -1
1265 3974 -1
1420 3974 -1
1397 3974 -1
1366 3974 -1
1279 3974 -1
1429 2686 -1
1545 2686 -1
1387 2686 -1
1365 2686 -1
471 3271 -1
959 2303 -1
1016 2303 -1
1017 2303 -1
1008 1543 -1
1172 1543 -1
1008 1313 -1
1008 1418 -1
1008 1293 -1
1008 1454 -1
1008 1240 -1
1008 1466 -1
3131 3598 -1
2953 3598 -1
3125 3598 -1
1073 2511 -1
876 2511 -1
1124 2511 -1
1213 2511 -1
1013 2511 -1
1073 2601 -1
1073 2561 -1
1555 1907 -1
1413 1907 -1
1555 1888 -1
1555 1735 -1
384 3681 -1
753 3681 -1
1211 2705 -1
56 2569 -1
2558 3329 -1
2625 3329 -1
2607 3489 -1
2674 3489 -1
2607 3576 -1
2607 3357 -1
2607 3277 -1
1532 3145 -1
1280 3145 -1
1331 3145 -1
1371 3145 -1
1481 3145 -1
1981 3318 -1
2178 3958 -1
2178 3836 -1
2178 3895 -1
2282 3529 -1
2225 3529 -1
2371 3529 -1
2132 3529 -1
2414 3529 -1
2390 3529 -1
313 2505 -1
148 2505 -1
285 2505 -1
295 2505 -1
2206 2746 -1
2206 2588 -1
2206 2484 -1
2206 2623 -1
2334 3427 -1
2458 3999 -1
2458 3692 -1
2794 2806 -1
834 1650 -1
442 3874 -1
442 3776 -1
442 3873 -1
442 3620 -1
442 3653 -1
442 3975 -1
442 3788 -1
442 3723 -1
442 3724 -1
442 3829 -1
442 3862 -1
442 3745 -1
442 3642 -1
442 3995 -1
3594 3679 -1
3552 3679 -1
3272 3679 -1
3555 3679 -1
3542 3679 -1
3366 3679 -1
3594 3912 -1
2449 3849 -1
2507 3849 -1
2583 3849 -1
498 2377 -1
62 1628 -1
329 1628 -1
83 1628 -1
89 1628 -1
23 1628 -1
21 1009 -1
591 1156 -1
612 2064 -1
736 2064 -1
612 1837 -1
2041 3459 -1
1847 3459 -1
1780 3459 -1
1751 3459 -1
2041 3328 -1
2041 3274 -1
2313 3772 -1
2887 3870 -1
2886 3870 -1
2887 3737 -1
2887 3731 -1
1135 2558 -1
1135 2625 -1
120 2329 -1
96 2329 -1
734 887 -1
1388 2529 -1
1548 2529 -1
120 3823 -1
96 3823 -1
1633 3118 -1
1381 3118 -1
1633 2873 -1
531 3502 -1
816 3502 -1
489 3502 -1
555 3502 -1
403 3502 -1
2329 3642 -1
2329 3776 -1
2329 3874 -1
2329 3723 -1
2329 3620 -1
2329 3975 -1
2163 3617 -1
2346 3617 -1
2126 3617 -1
2095 3617 -1
2289 3617 -1
2260 3617 -1
2109 3617 -1
369 3861 -1
802 3861 -1
562 3861 -1
3138 3377 -1
2929 3377 -1
3126 3377 -1
3138 3237 -1
3138 3294 -1
1494 2126 -1
1494 2163 -1
1494 2260 -1
1494 2109 -1
1494 2095 -1
1550 3860 -1
1326 3860 -1
1599 3860 -1
3053 3747 -1
3053 3786 -1
3053 3773 -1
3053 3894 -1
3053 3959 -1
1042 3863 -1
1910 2535 -1
1104 3454 -1
939 3454 -1
1104 3577 -1
1104 3395 -1
1799 2859 -1
2058 2859 -1
2141 3692 -1
2415 3692 -1
2343 3692 -1
2230 3692 -1
2327 3692 -1
2141 3999 -1
1541 3821 -1
2617 3342 -1
2509 3342 -1
2550 3342 -1
2617 3441 -1
2617 3467 -1
2617 3365 -1
2617 3302 -1
1529 2048 -1
405 2714 -1
650 3414 -1
683 3414 -1
693 3414 -1
136 3445 -1
181 3445 -1
158 3445 -1
263 3445 -1
698 2588 -1
698 2746 -1
698 2484 -1
698 2623 -1
1807 2186 -1
1926 2186 -1
2377 3439 -1
2377 3481 -1
2377 3315 -1
2377 3275 -1
2377 3519 -1
1208 2186 -1
707 2123 -1
447 2123 -1
729 3767 -1
833 2697 -1
1978 3446 -1
2017 3446 -1
1709 3446 -1
1978 3545 -1
3034 3635 -1
3195 3635 -1
1493 2439 -1
1328 2439 -1
1435 2439 -1
1332 2439 -1
1615 2439 -1
1493 2502 -1
1565 3625 -1
1 2921 -1
561 1826 -1
561 2033 -1
561 1962 -1
561 1683 -1
561 1971 -1
561 1983 -1
973 1438 -1
1596 2068 -1
1289 3560 -1
1289 3393 -1
1289 3404 -1
2415 3218 -1
2327 3218 -1
2141 3218 -1
2230 3218 -1
2343 3218 -1
2415 3025 -1
1195 2906 -1
648 2670 -1
704 2670 -1
643 3854 -1
697 3854 -1
757 3854 -1
469 3854 -1
507 3856 -1
819 3856 -1
414 3856 -1
550 3856 -1
1353 2593 -1
1520 2593 -1
1303 2593 -1
1415 2593 -1
1232 2873 -1
1232 3118 -1
709 3557 -1
473 3469 -1
2041 2172 -1
1847 2172 -1
1780 2172 -1
1751 2172 -1
1041 2874 -1
1041 2948 -1
1260 2449 -1
1405 2449 -1
1450 2449 -1
1578 2449 -1
1461 2449 -1
1421 2449 -1
1260 2507 -1
1260 2583 -1
1106 3950 -1
1096 3950 -1
1212 3950 -1
1015 3950 -1
1023 2087 -1
1023 2424 -1
665 1223 -1
583 2791 -1
634 2791 -1
3352 3749 -1
1410 1654 -1
1297 1654 -1
1268 1654 -1
900 3914 -1
896 3914 -1
958 3914 -1
1534 2204 -1
2116 3673 -1
2261 3673 -1
847 1840 -1
886 1840 -1
540 3435 -1
439 3435 -1
3147 3447 -1
2916 3447 -1
2986 3447 -1
2835 3447 -1
3212 3447 -1
1555 3390 -1
1413 3390 -1
1555 3386 -1
1555 3387 -1
2697 3533 -1
2664 3372 -1
2600 3372 -1
2586 3372 -1
2571 3372 -1
2446 3372 -1
2574 3372 -1
22 2128 -1
304 2128 -1
244 2128 -1
270 2128 -1
22 2160 -1
22 2309 -1
22 2253 -1
22 2135 -1
2612 3741 -1
311 3527 -1
311 3480 -1
311 3562 -1
311 3311 -1
311 3322 -1
311 3541 -1
2601 3512 -1
2561 3512 -1
2511 3512 -1
76 1265 -1
76 1397 -1
76 1357 -1
76 1279 -1
721 2970 -1
721 2945 -1
721 2883 -1
721 2990 -1
322 895 -1
110 895 -1
322 888 -1
2350 2997 -1
2383 2997 -1
2239 2997 -1
2892 3564 -1
3117 3564 -1
2892 3443 -1
190 3030 -1
1436 1982 -1
260 526 -1
127 526 -1
260 533 -1
74 3439 -1
91 3439 -1
74 3481 -1
74 3315 -1
74 3275 -1
74 3519 -1
1164 1976 -1
333 1818 -1
623 2260 -1
604 2260 -1
623 2163 -1
623 2109 -1
623 2126 -1
623 2095 -1
428 2463 -1
302 2791 -1
254 2791 -1
175 3219 -1
72 3219 -1
175 3177 -1
175 3231 -1
1596 2543 -1
1098 1909 -1
828 1909 -1
1098 1890 -1
1098 1684 -1
917 2385 -1
2373 3911 -1
2914 3298 -1
3072 3298 -1
3026 3298 -1
2981 3298 -1
2879 3298 -1
2914 3316 -1
2914 3517 -1
150 3070 -1
148 3070 -1
285 3070 -1
182 3070 -1
150 3141 -1
1489 3837 -1
1244 3837 -1
1489 3972 -1
1489 3602 -1
1489 3597 -1
1489 3794 -1
1489 3955 -1
1489 3997 -1
1425 2677 -1
3016 3367 -1
2912 3367 -1
3153 3367 -1
3016 3587 -1
756 1292 -1
1150 3830 -1
1397 1658 -1
1265 1658 -1
1420 1658 -1
1357 1658 -1
1366 1658 -1
1279 1658 -1
1397 1726 -1
758 3902 -1
758 3696 -1
758 3875 -1
160 2144 -1
75 2144 -1
2334 3039 -1
750 3000 -1
1097 1865 -1
1056 1865 -1
1097 1693 -1
1097 2038 -1
1489 2582 -1
1244 2582 -1
1241 3802 -1
1011 2107 -1
1011 2263 -1
1793 3969 -1
1963 3969 -1
1940 3969 -1
2022 3969 -1
1678 3969 -1
1787 3969 -1
1793 3633 -1
174 3991 -1
174 3892 -1
1050 2009 -1
914 2009 -1
1141 2009 -1
2220 3837 -1
2220 3972 -1
2220 3602 -1
2220 3597 -1
2220 3794 -1
2220 3955 -1
2220 3997 -1
1191 3176 -1
1001 3176 -1
1058 3176 -1
1083 3176 -1
993 3176 -1
325 2376 -1
232 2376 -1
218 3198 -1
81 2963 -1
81 3193 -1
81 2996 -1
157 368 -1
2105 2791 -1
2352 2791 -1
218 3221 -1
1562 1748 -1
562 2180 -1
369 2180 -1
802 2180 -1
220 2026 -1
290 2026 -1
231 2026 -1
95 2026 -1
1552 2888 -1
779 1036 -1
2944 3257 -1
3110 3257 -1
2662 3517 -1
2662 3298 -1
2662 3316 -1
2909 3468 -1
2909 3422 -1
1444 2182 -1
1321 2182 -1
126 2207 -1
32 2207 -1
314 2207 -1
221 2207 -1
126 2234 -1
510 3722 -1
801 3722 -1
541 3722 -1
622 3722 -1
964 3123 -1
864 3123 -1
1046 3123 -1
1045 3123 -1
870 3123 -1
964 3164 -1
964 3172 -1
1294 2996 -1
1385 2996 -1
1302 2996 -1
1294 2809 -1
1294 2963 -1
1294 3193 -1
1074 2055 -1
2954 3488 -1
2954 3336 -1
2954 3292 -1
939 2704 -1
1104 2704 -1
939 2643 -1
626 1037 -1
626 1006 -1
2768 3595 -1
2573 3595 -1
2654 3595 -1
237 2598 -1
16 2984 -1
16 3179 -1
1019 2904 -1
1019 2943 -1
2072 2617 -1
2072 2509 -1
2072 2550 -1
1662 2921 -1
470 2102 -1
243 667 -1
171 667 -1
357 667 -1
6 667 -1
3154 3827 -1
2458 3043 -1
2458 2912 -1
2458 3153 -1
2458 3036 -1
2381 3594 -1
2137 3594 -1
2337 3594 -1
2381 3552 -1
2381 3272 -1
2381 3555 -1
2381 3542 -1
2381 3366 -1
1982 2765 -1
352 3280 -1
44 3280 -1
206 3280 -1
246 3280 -1
245 3280 -1
1755 2516 -1
1742 2516 -1
1033 1608 -1
505 1980 -1
417 1980 -1
535 1980 -1
505 1882 -1
505 1644 -1
174 1584 -1
174 1508 -1
174 1295 -1
276 997 -1
34 997 -1
195 997 -1
55 997 -1
2207 3984 -1
2234 3984 -1
2372 3271 -1
2130 3271 -1
789 2117 -1
515 2117 -1
712 2117 -1
780 2117 -1
461 2117 -1
401 2117 -1
635 2117 -1
636 2117 -1
446 2117 -1
2390 2854 -1
2371 2854 -1
2282 2854 -1
2414 2854 -1
2225 2854 -1
2132 2854 -1
2268 2854 -1
26 2792 -1
2269 3612 -1
2269 3994 -1
347 456 -1
353 456 -1
106 456 -1
107 456 -1
354 456 -1
199 456 -1
2423 2703 -1
2587 2806 -1
1230 3027 -1
1035 3027 -1
931 3027 -1
2081 3461 -1
2358 3461 -1
2081 3290 -1
449 3492 -1
553 3492 -1
739 3492 -1
622 3492 -1
686 3492 -1
801 3492 -1
2800 3229 -1
3050 3752 -1
1536 3255 -1
1536 3426 -1
3460 3964 -1
2795 3627 -1
2536 3627 -1
2476 3627 -1
2795 3956 -1
175 1364 -1
72 1364 -1
175 1560 -1
296 2613 -1
258 2613 -1
305 1430 -1
418 3856 -1
800 1651 -1
1798 3621 -1
1852 3621 -1
1186 1833 -1
2961 3720 -1
2385 2923 -1
1406 3342 -1
1272 3342 -1
1457 3342 -1
1298 3342 -1
1455 3342 -1
1377 3342 -1
1406 3441 -1
1406 3467 -1
1406 3365 -1
1406 3302 -1
1468 2866 -1
237 3994 -1
237 3612 -1
148 2395 -1
150 2395 -1
326 2395 -1
295 2395 -1
182 2395 -1
313 2395 -1
285 2395 -1
148 2088 -1
148 2113 -1
148 2217 -1
386 3403 -1
386 3425 -1
271 1721 -1
293 1721 -1
271 2040 -1
271 1643 -1
273 1245 -1
324 1245 -1
273 1282 -1
273 1412 -1
273 1286 -1
37 1712 -1
37 1888 -1
37 1735 -1
1916 3440 -1
840 2219 -1
1085 2219 -1
201 610 -1
1114 2440 -1
1113 2440 -1
822 2440 -1
1176 3874 -1
1176 3776 -1
1176 3873 -1
1176 3620 -1
1176 3653 -1
1176 3975 -1
1176 3788 -1
1176 3723 -1
1176 3724 -1
1176 3829 -1
1176 3862 -1
1176 3745 -1
1176 3642 -1
1176 3995 -1
1712 3343 -1
1888 3343 -1
1735 3343 -1
1712 3306 -1
1712 3479 -1
279 3803 -1
294 3803 -1
279 3928 -1
279 3877 -1
279 3623 -1
539 1286 -1
568 1286 -1
539 1282 -1
539 1412 -1
539 1245 -1
2667 3780 -1
2466 3780 -1
2559 3780 -1
2667 3643 -1
2667 3629 -1
2667 3646 -1
584 2943 -1
492 2943 -1
584 2904 -1
1522 3340 -1
1522 3584 -1
1522 3466 -1
2067 3264 -1
2281 3264 -1
2228 3264 -1
2317 3264 -1
155 475 -1
155 745 -1
1969 3334 -1
657 1323 -1
993 1387 -1
968 1387 -1
1001 1387 -1
1083 1387 -1
1004 1387 -1
1191 1387 -1
993 1545 -1
993 1429 -1
660 1601 -1
660 1579 -1
793 1650 -1
726 1650 -1
392 2616 -1
251 992 -1
251 1117 -1
1374 2792 -1
1075 2955 -1
946 2955 -1
1075 3211 -1
1075 3093 -1
1075 3035 -1
1075 3087 -1
2228 2811 -1
2281 2811 -1
2067 2811 -1
2317 2811 -1
825 3250 -1
838 3250 -1
1602 1840 -1
840 2542 -1
1085 2542 -1
2221 3951 -1
20 2821 -1
1305 3622 -1
1305 3756 -1
1305 3701 -1
676 2577 -1
514 2577 -1
2903 3364 -1
547 2877 -1
547 3105 -1
547 3114 -1
547 2989 -1
547 2838 -1
547 2823 -1
2442 3277 -1
2442 3576 -1
2442 3489 -1
443 3669 -1
443 3880 -1
573 1104 -1
573 939 -1
2261 3618 -1
2116 3618 -1
3020 3992 -1
3020 3658 -1
3020 3838 -1
3020 3718 -1
3020 3677 -1
272 1367 -1
194 1367 -1
239 1367 -1
272 1248 -1
2212 2497 -1
2108 2497 -1
2302 2497 -1
2212 2635 -1
2212 2797 -1
617 2904 -1
617 2943 -1
2590 2981 -1
2590 3072 -1
2590 3026 -1
2590 2914 -1
2590 2879 -1
467 1643 -1
467 2040 -1
467 1721 -1
923 2769 -1
2186 2836 -1
2186 3065 -1
2186 3175 -1
2186 2991 -1
421 2204 -1
1136 3309 -1
1169 3309 -1
1171 3309 -1
1136 3465 -1
1654 3282 -1
179 3705 -1
1872 2203 -1
1690 2203 -1
1917 2203 -1
1671 2203 -1
1742 3084 -1
1755 3084 -1
771 3313 -1
924 2218 -1
924 2088 -1
924 2217 -1
924 2250 -1
129 790 -1
164 790 -1
85 790 -1
522 2692 -1
3 1800 -1
308 1800 -1
3 2049 -1
3 1730 -1
512 1401 -1
512 1515 -1
154 3212 -1
154 2835 -1
154 2937 -1
154 2986 -1
154 3147 -1
154 2916 -1
1293 3279 -1
1240 3279 -1
1313 3279 -1
1543 3279 -1
1030 2160 -1
1030 2128 -1
1030 2135 -1
1030 2309 -1
1030 2253 -1
25 1834 -1
857 3652 -1
410 2728 -1
508 2728 -1
366 2728 -1
107 3833 -1
353 3833 -1
106 3833 -1
347 3833 -1
354 3833 -1
199 3833 -1
1183 3911 -1
1087 3911 -1
2142 3586 -1
2142 3330 -1
2142 3276 -1
1197 1559 -1
1197 1361 -1
1197 1359 -1
1516 2766 -1
959 2118 -1
1016 2118 -1
1017 2118 -1
213 1463 -1
4 1463 -1
165 1463 -1
213 1561 -1
213 1375 -1
213 1574 -1
213 1310 -1
213 1271 -1
1970 3746 -1
3059 3490 -1
3001 3490 -1
3059 3528 -1
3059 3236 -1
2763 3708 -1
2260 3696 -1
2163 3696 -1
2109 3696 -1
2126 3696 -1
2095 3696 -1
2260 3875 -1
2260 3910 -1
2260 3766 -1
2260 3902 -1
2260 3671 -1
1322 3935 -1
576 2863 -1
489 2863 -1
403 2863 -1
1670 3929 -1
1670 3921 -1
1670 3666 -1
1670 3789 -1
2554 3849 -1
3454 3714 -1
3577 3714 -1
3395 3714 -1
1684 2616 -1
2056 2616 -1
1881 2616 -1
1890 2616 -1
1972 2616 -1
1909 2616 -1
1243 2442 -1
693 869 -1
650 869 -1
619 869 -1
683 869 -1
2335 3541 -1
2335 3480 -1
2335 3322 -1
2335 3527 -1
2335 3311 -1
124 3863 -1
141 1604 -1
141 1380 -1
141 1351 -1
141 1239 -1
141 1363 -1
141 1527 -1
141 1496 -1
1104 3478 -1
939 3478 -1
1104 3420 -1
1104 3589 -1
1104 3278 -1
1104 3549 -1
930 2317 -1
930 2281 -1
930 2067 -1
930 2228 -1
1558 3143 -1
900 1343 -1
896 1343 -1
958 1343 -1
900 1434 -1
2300 3088 -1
2298 3088 -1
2155 3088 -1
2300 2867 -1
2300 3132 -1
2300 2830 -1
355 1243 -1
2410 3588 -1
139 647 -1
187 647 -1
1826 3987 -1
2033 3987 -1
1962 3987 -1
1683 3987 -1
1971 3987 -1
1983 3987 -1
1509 3549 -1
1509 3278 -1
1509 3420 -1
1509 3589 -1
1509 3478 -1
768 2306 -1
893 1254 -1
1207 1254 -1
1151 1254 -1
856 3175 -1
856 3065 -1
856 2836 -1
856 2991 -1
1986 2176 -1
1998 2176 -1
905 2247 -1
947 2247 -1
905 2169 -1
905 2242 -1
905 2292 -1
905 2165 -1
905 2223 -1
702 3753 -1
547 3712 -1
1075 1871 -1
946 1871 -1
1075 1638 -1
1424 2866 -1
2704 3917 -1
2643 3917 -1
2704 3963 -1
1059 2204 -1
895 3441 -1
888 3441 -1
895 3302 -1
895 3467 -1
895 3365 -1
895 3342 -1
483 1014 -1
1470 1664 -1
2713 2921 -1
328 2277 -1
328 2304 -1
328 2338 -1
985 3952 -1
988 3952 -1
1020 3952 -1
1160 1359 -1
1160 1361 -1
1160 1559 -1
118 2194 -1
2978 3554 -1
2978 3384 -1
2978 3369 -1
2978 3571 -1
2151 3510 -1
1991 3624 -1
589 1180 -1
411 1180 -1
479 1180 -1
280 2718 -1
257 2718 -1
280 2552 -1
2345 2643 -1
2297 2643 -1
2345 2704 -1
1416 1732 -1
772 3841 -1
743 3152 -1
1429 1711 -1
1545 1711 -1
1387 1711 -1
1365 1711 -1
1089 3696 -1
903 3696 -1
1089 3875 -1
1089 3910 -1
1089 3766 -1
1089 3902 -1
1089 3671 -1
956 1980 -1
956 1882 -1
956 1644 -1
1917 2875 -1
1872 2875 -1
1690 2875 -1
1814 2875 -1
1671 2875 -1
1917 3161 -1
1917 2818 -1
1917 2827 -1
1917 2855 -1
1881 2789 -1
2056 2789 -1
1972 2789 -1
1890 2789 -1
1684 2789 -1
1849 3677 -1
1648 3677 -1
1849 3992 -1
1849 3658 -1
1849 3716 -1
1849 3718 -1
1849 3838 -1
370 1660 -1
633 1660 -1
2702 3404 -1
2702 3560 -1
2702 3393 -1
2702 3543 -1
654 3509 -1
2896 3985 -1
3140 3985 -1
3199 3985 -1
2335 2732 -1
2335 2589 -1
304 405 -1
244 405 -1
270 405 -1
22 405 -1
388 3065 -1
791 3065 -1
388 3175 -1
388 2836 -1
388 2991 -1
1553 3011 -1
308 2414 -1
3 2414 -1
308 2371 -1
308 2282 -1
308 2225 -1
308 2132 -1
308 2390 -1
308 2268 -1
239 1484 -1
272 1484 -1
194 1484 -1
35 1484 -1
306 1606 -1
306 1291 -1
306 1355 -1
823 3609 -1
1093 3609 -1
934 3609 -1
823 3785 -1
823 3986 -1
823 3988 -1
823 3918 -1
633 1729 -1
370 1729 -1
2925 3653 -1
3004 3653 -1
2925 3874 -1
2925 3723 -1
1904 3464 -1
630 3547 -1
1049 1777 -1
439 2524 -1
540 2524 -1
3105 3424 -1
3114 3424 -1
2823 3424 -1
2877 3424 -1
2838 3424 -1
2989 3424 -1
269 2569 -1
208 2569 -1
3206 3591 -1
1848 2771 -1
1110 1834 -1
839 1834 -1
1509 2386 -1
1509 2079 -1
307 3444 -1
526 1118 -1
533 1118 -1
1517 3072 -1
1517 2914 -1
1517 2981 -1
1517 2823 -1
1517 3082 -1
1517 2989 -1
1517 3026 -1
1517 2879 -1
15 633 -1
15 370 -1
1520 3721 -1
1353 3721 -1
1415 3721 -1
1303 3721 -1
1520 3666 -1
1520 3789 -1
793 2873 -1
726 2873 -1
793 3118 -1
1945 2150 -1
1843 2150 -1
1716 2150 -1
58 3557 -1
281 3557 -1
2130 3762 -1
2372 3762 -1
1564 1692 -1
1564 1851 -1
1564 1790 -1
1564 2030 -1
684 2988 -1
684 3042 -1
684 2853 -1
1081 2974 -1
601 1897 -1
1337 1893 -1
357 2325 -1
243 2325 -1
171 2325 -1
6 2325 -1
357 2264 -1
357 2193 -1
1348 3712 -1
2152 3313 -1
1894 3867 -1
1997 3867 -1
1679 3867 -1
232 2557 -1
325 2557 -1
962 3031 -1
270 3370 -1
304 3370 -1
244 3370 -1
22 3370 -1
270 3254 -1
1251 3782 -1
1089 2821 -1
903 2821 -1
88 3728 -1
584 1690 -1
492 1690 -1
584 1872 -1
584 1917 -1
584 1814 -1
584 1671 -1
659 2804 -1
2696 3446 -1
2682 3446 -1
2696 3545 -1
572 3893 -1
572 3651 -1
1481 3175 -1
1280 3175 -1
1572 3175 -1
1331 3175 -1
1532 3175 -1
1481 3065 -1
1481 2836 -1
1481 2991 -1
2302 2913 -1
2212 2913 -1
2108 2913 -1
2048 2315 -1
2048 2394 -1
2048 2388 -1
2121 3513 -1
2289 3513 -1
2346 3513 -1
2374 3513 -1
2121 3434 -1
1104 1938 -1
939 1938 -1
399 1657 -1
265 3322 -1
14 3322 -1
265 3480 -1
265 3527 -1
265 3541 -1
265 3311 -1
1403 3173 -1
414 3749 -1
819 3749 -1
507 3749 -1
550 3749 -1
1729 2376 -1
666 2449 -1
666 2507 -1
666 2583 -1
587 3861 -1
400 3861 -1
611 3861 -1
669 3861 -1
341 425 -1
212 425 -1
334 425 -1
1239 3619 -1
1496 3619 -1
1380 3619 -1
1363 3619 -1
1604 3619 -1
1527 3619 -1
558 1218 -1
446 3923 -1
515 3923 -1
712 3923 -1
780 3923 -1
461 3923 -1
401 3923 -1
789 3923 -1
635 3923 -1
636 3923 -1
1204 1388 -1
936 1388 -1
1003 1388 -1
1204 1548 -1
2330 3901 -1
693 1753 -1
650 1753 -1
619 1753 -1
683 1753 -1
679 1008 -1
679 1172 -1
2864 3749 -1
2940 3749 -1
3157 3749 -1
2965 3749 -1
1054 3967 -1
1054 3690 -1
1054 3694 -1
717 1953 -1
1357 1814 -1
1265 1814 -1
1420 1814 -1
1397 1814 -1
1366 1814 -1
1279 1814 -1
1357 1690 -1
1357 1917 -1
1357 1671 -1
2723 3593 -1
2723 3508 -1
1537 3425 -1
1317 3425 -1
1537 3403 -1
571 3843 -1
474 3843 -1
2140 2612 -1
2344 2612 -1
1770 3283 -1
2024 3283 -1
1666 3283 -1
1757 3283 -1
1770 3248 -1
2238 2772 -1
2316 2772 -1
2412 2772 -1
2110 2772 -1
862 1607 -1
1811 3583 -1
1529 3667 -1
879 3193 -1
879 2809 -1
879 2963 -1
879 2996 -1
997 2819 -1
997 3217 -1
501 1386 -1
737 1386 -1
569 1386 -1
501 1269 -1
419 1178 -1
372 1178 -1
419 908 -1
2643 3629 -1
2704 3629 -1
2643 3643 -1
2643 3780 -1
2643 3646 -1
1699 2200 -1
2056 2200 -1
1955 2200 -1
1972 2200 -1
914 2321 -1
1050 2321 -1
1141 2321 -1
914 2408 -1
1280 2355 -1
1481 2355 -1
1331 2355 -1
1572 2355 -1
1532 2355 -1
1280 2287 -1
1280 2167 -1
1015 1339 -1
1096 1339 -1
1106 1339 -1
1212 1339 -1
1015 1524 -1
860 1555 -1
860 1413 -1
3201 3396 -1
3021 3396 -1
3174 3396 -1
3201 3417 -1
3201 3362 -1
47 3229 -1
1093 2063 -1
864 2063 -1
870 2063 -1
934 2063 -1
936 2063 -1
1003 2063 -1
1045 2063 -1
1046 2063 -1
823 2063 -1
51 1795 -1
51 1645 -1
265 659 -1
14 659 -1
813 1832 -1
1067 3936 -1
1067 3659 -1
1067 3774 -1
3289 3996 -1
3289 3654 -1
1885 3985 -1
554 2520 -1
652 3372 -1
524 3372 -1
2535 2878 -1
1043 1339 -1
1043 1524 -1
1674 2336 -1
1009 2839 -1
1061 1773 -1
691 3684 -1
835 1880 -1
1631 2631 -1
1669 3008 -1
1669 3083 -1
1669 2998 -1
994 3015 -1
242 1772 -1
210 1772 -1
340 1772 -1
242 1806 -1
2157 3989 -1
2239 3989 -1
2383 3989 -1
3497 3875 -1
3497 3696 -1
3497 3902 -1
3497 3766 -1
3497 3910 -1
3497 3671 -1
1987 2220 -1
1937 2220 -1
1838 2220 -1
1313 1709 -1
1543 1709 -1
1418 1709 -1
1293 1709 -1
1454 1709 -1
1240 1709 -1
1466 1709 -1
1313 2017 -1
1313 1978 -1
2754 3644 -1
2754 3608 -1
2291 3398 -1
2285 3398 -1
2441 3671 -1
2441 3696 -1
2441 3875 -1
2441 3766 -1
2441 3910 -1
954 1576 -1
1004 3637 -1
968 3637 -1
993 3637 -1
1083 3637 -1
1004 3978 -1
1094 1483 -1
1139 1483 -1
1173 1483 -1
710 2030 -1
786 2030 -1
811 2030 -1
710 1851 -1
710 1692 -1
710 1790 -1
1331 2190 -1
1280 2190 -1
1481 2190 -1
1371 2190 -1
1532 2190 -1
1331 2333 -1
1778 3533 -1
1640 3533 -1
1659 3533 -1
1829 3533 -1
887 3123 -1
887 3164 -1
887 3172 -1
3118 3283 -1
2873 3283 -1
3118 3248 -1
2857 3898 -1
2849 3898 -1
331 2666 -1
1836 3484 -1
1618 2044 -1
1618 1861 -1
131 1986 -1
351 1986 -1
19 1986 -1
358 1986 -1
191 1986 -1
131 1998 -1
2631 3531 -1
1039 1237 -1
1398 2890 -1
1080 1648 -1
842 1648 -1
979 1648 -1
1080 1849 -1
1303 3922 -1
1520 3922 -1
1353 3922 -1
1415 3922 -1
1272 3867 -1
1377 3867 -1
1455 3867 -1
1457 3867 -1
1298 3867 -1
1404 3867 -1
1406 3867 -1
454 3081 -1
873 3607 -1
3121 3425 -1
3121 3403 -1
649 3150 -1
649 3210 -1
645 3587 -1
645 3367 -1
3002 3842 -1
160 2831 -1
75 2831 -1
160 3171 -1
919 3375 -1
311 380 -1
1913 3942 -1
952 1512 -1
952 1324 -1
1207 2230 -1
891 2230 -1
978 2230 -1
1151 2230 -1
893 2230 -1
1215 2230 -1
1207 2415 -1
1207 2327 -1
1207 2141 -1
1207 2343 -1
1610 3597 -1
1492 3597 -1
1610 3972 -1
1610 3602 -1
1610 3837 -1
1610 3794 -1
1610 3955 -1
1610 3997 -1
1181 1905 -1
1252 3793 -1
1252 3983 -1
1893 2240 -1
1893 2249 -1
1893 2322 -1
2044 3032 -1
1861 3032 -1
667 2077 -1
667 2255 -1
1810 3892 -1
1810 3991 -1
1979 3988 -1
1979 3785 -1
1979 3986 -1
1979 3918 -1
1979 3609 -1
1326 2017 -1
1550 2017 -1
1599 2017 -1
1326 1978 -1
1326 1709 -1
604 3993 -1
623 3993 -1
1808 3093 -1
1866 3093 -1
1808 3035 -1
1808 2955 -1
1808 2902 -1
1808 3087 -1
1385 2668 -1
1302 2668 -1
1294 2668 -1
1385 2638 -1
68 3827 -1
92 3082 -1
92 3072 -1
92 3026 -1
92 2879 -1
92 2989 -1
92 2823 -1
273 3012 -1
324 3012 -1
11 3231 -1
11 3177 -1
11 3219 -1
2753 2879 -1
2753 3072 -1
2753 2914 -1
2753 2981 -1
2753 2823 -1
2753 3082 -1
2753 2989 -1
2753 3026 -1
1793 3361 -1
1963 3361 -1
1940 3361 -1
2022 3361 -1
1678 3361 -1
1787 3361 -1
1123 3716 -1
1174 3716 -1
1123 3677 -1
1123 3838 -1
1646 3925 -1
1646 3968 -1
1268 3123 -1
1297 3123 -1
1410 3123 -1
1268 3164 -1
1268 3172 -1
3305 3882 -1
3412 3882 -1
365 2648 -1
364 2648 -1
108 2648 -1
365 2605 -1
365 2799 -1
1389 3360 -1
1119 2231 -1
441 2022 -1
723 2022 -1
651 2022 -1
653 2022 -1
607 2022 -1
441 1793 -1
441 1787 -1
441 1963 -1
1313 2729 -1
1543 2729 -1
1418 2729 -1
1293 2729 -1
1454 2729 -1
1240 2729 -1
1466 2729 -1
1313 2632 -1
3038 3551 -1
3038 3528 -1
3038 3236 -1
1341 3302 -1
1341 3441 -1
1341 3467 -1
1341 3365 -1
1341 3342 -1
1487 3396 -1
1487 3417 -1
1487 3362 -1
1705 2173 -1
1705 2131 -1
286 1232 -1
522 3015 -1
2065 3038 -1
1686 3038 -1
3458 3738 -1
1716 2668 -1
1945 2668 -1
1843 2668 -1
1716 2638 -1
73 1912 -1
43 1912 -1
287 1912 -1
73 1993 -1
440 1280 -1
440 1481 -1
440 1331 -1
440 1572 -1
440 1532 -1
1551 2325 -1
1551 2264 -1
1551 2193 -1
3133 3945 -1
1547 2174 -1
1171 1254 -1
1136 1254 -1
1169 1254 -1
698 1219 -1
807 2759 -1
577 2759 -1
1365 3337 -1
1545 3337 -1
1429 3337 -1
1365 3553 -1
1365 3514 -1
1365 3242 -1
1365 3246 -1
1365 3457 -1
1252 3260 -1
767 1133 -1
767 1096 -1
767 844 -1
767 909 -1
767 911 -1
767 912 -1
767 1010 -1
767 1212 -1
767 991 -1
1630 2764 -1
1451 2764 -1
1443 2764 -1
1082 2035 -1
1040 2035 -1
2055 2121 -1
2055 2289 -1
2055 2346 -1
2055 2374 -1
1143 2584 -1
2289 2733 -1
2374 2733 -1
2121 2733 -1
2346 2733 -1
2095 2733 -1
2163 2733 -1
2109 2733 -1
1099 3642 -1
872 3642 -1
1099 3776 -1
1099 3874 -1
1099 3723 -1
1099 3620 -1
1099 3975 -1
1531 3103 -1
1330 3103 -1
1531 2850 -1
1531 3148 -1
631 3787 -1
371 2663 -1
2695 3252 -1
2176 3184 -1
2176 2870 -1
1824 2628 -1
319 3816 -1
151 3816 -1
1245 3217 -1
1282 3217 -1
1412 3217 -1
1286 3217 -1
1245 2819 -1
1177 3323 -1
1173 2728 -1
1139 2728 -1
1094 2728 -1
735 3841 -1
477 2637 -1
477 2575 -1
477 2521 -1
477 2483 -1
477 2518 -1
477 2489 -1
2203 3031 -1
70 3647 -1
975 2594 -1
37 1088 -1
37 937 -1
37 1217 -1
715 2330 -1
1902 3604 -1
1681 3604 -1
1903 3604 -1
979 1926 -1
1080 1926 -1
842 1926 -1
1163 1926 -1
837 1926 -1
979 1807 -1
835 2082 -1
2867 3885 -1
3088 3885 -1
3132 3885 -1
2830 3885 -1
777 1941 -1
661 1941 -1
1627 1869 -1
3012 3314 -1
3012 3457 -1
3012 3242 -1
1619 3932 -1
630 3266 -1
3151 3427 -1
119 584 -1
119 492 -1
1517 2655 -1
1893 3135 -1
2540 3791 -1
2540 3763 -1
803 2963 -1
803 3193 -1
803 2996 -1
1983 3520 -1
1971 3520 -1
1826 3520 -1
1962 3520 -1
1936 3520 -1
2033 3520 -1
1683 3520 -1
1725 3520 -1
155 3576 -1
155 3489 -1
155 3277 -1
155 3357 -1
1332 3020 -1
1328 3020 -1
1435 3020 -1
1493 3020 -1
2872 3517 -1
2872 3298 -1
2872 3316 -1
1507 2360 -1
1507 2196 -1
1507 2156 -1
2087 3235 -1
2424 3235 -1
159 1751 -1
356 1751 -1
159 1673 -1
159 2041 -1
159 1956 -1
159 1780 -1
159 1847 -1
771 3091 -1
635 1696 -1
712 1696 -1
780 1696 -1
461 1696 -1
401 1696 -1
789 1696 -1
636 1696 -1
446 1696 -1
3 1060 -1
308 1060 -1
1810 2446 -1
1810 2664 -1
1810 2586 -1
1810 2571 -1
1810 2574 -1
3125 3988 -1
2953 3988 -1
3131 3988 -1
3125 3785 -1
3125 3986 -1
3125 3918 -1
3125 3609 -1
1123 1812 -1
1174 1812 -1
1539 3348 -1
2138 3691 -1
2311 3243 -1
2311 3351 -1
108 2443 -1
364 2443 -1
365 2443 -1
108 2560 -1
108 2530 -1
108 2778 -1
108 2660 -1
108 2429 -1
876 1962 -1
1073 1962 -1
1124 1962 -1
1213 1962 -1
1013 1962 -1
876 1826 -1
876 1725 -1
876 1936 -1
876 2033 -1
876 1683 -1
876 1971 -1
876 1983 -1
1661 2436 -1
1775 2414 -1
1775 2371 -1
1775 2282 -1
1775 2225 -1
1775 2132 -1
1775 2390 -1
1775 2268 -1
624 3040 -1
1161 1635 -1
