560 802 1
736 796 1
513 783 1
417 720 1
585 805 1
390 751 1
553 780 1
454 671 1
514 769 1
469 627 1
378 792 1
538 811 1
475 755 1
514 702 1
702 769 1
411 547 1
517 733 1
464 602 1
459 550 1
371 420 1
605 646 1
384 572 1
492 517 1
492 733 1
669 758 1
600 786 1
413 440 1
383 586 1
593 646 1
593 605 1
546 666 1
527 547 1
411 527 1
392 509 1
512 741 1
460 739 1
594 598 1
458 745 1
381 467 1
587 625 1
435 563 1
622 712 1
554 650 1
502 815 1
656 730 1
377 763 1
613 662 1
561 811 1
538 561 1
574 641 1
477 663 1
544 559 1
673 771 1
565 674 1
405 596 1
491 762 1
409 770 1
393 780 1
393 553 1
687 694 1
518 717 1
504 712 1
504 622 1
507 746 1
477 557 1
557 663 1
647 742 1
405 549 1
549 596 1
488 603 1
476 788 1
482 512 1
482 741 1
593 799 1
605 799 1
646 799 1
590 806 1
656 705 1
705 730 1
381 725 1
467 725 1
640 757 1
567 705 1
567 656 1
567 730 1
613 683 1
662 683 1
659 705 1
656 659 1
659 730 1
567 659 1
460 646 1
646 739 1
460 593 1
460 605 1
460 799 1
663 806 1
477 806 1
557 806 1
590 663 1
486 750 1
586 694 1
383 694 1
586 687 1
595 766 1
472 489 1
389 499 1
419 531 1
477 676 1
557 676 1
676 806 1
663 676 1
553 734 1
393 734 1
734 780 1
449 762 1
449 491 1
468 731 1
379 742 1
379 647 1
611 814 1
496 663 1
496 676 1
496 806 1
496 557 1
496 590 1
477 496 1
410 675 1
460 751 1
739 751 1
646 751 1
593 751 1
605 751 1
751 799 1
390 460 1
665 762 1
449 665 1
491 665 1
390 616 1
460 616 1
616 751 1
380 738 1
453 532 1
546 731 1
666 731 1
468 546 1
515 698 1
587 723 1
625 723 1
591 637 1
390 570 1
570 616 1
460 570 1
570 751 1
377 636 1
636 763 1
675 770 1
410 770 1
409 675 1
622 636 1
636 712 1
504 636 1
377 622 1
622 763 1
502 778 1
778 815 1
366 443 1
621 771 1
621 673 1
511 722 1
703 804 1
502 608 1
608 778 1
608 815 1
385 745 1
385 458 1
478 611 1
478 814 1
369 414 1
576 719 1
407 809 1
513 808 1
783 808 1
508 745 1
385 508 1
458 508 1
393 651 1
553 651 1
651 780 1
651 734 1
892 912 1
863 1165 1
1054 1072 1
1045 1098 1
828 1000 1
1051 1231 1
857 1019 1
829 904 1
978 1082 1
994 1235 1
1039 1144 1
823 1043 1
921 1102 1
1134 1236 1
849 1135 1
1001 1042 1
925 1012 1
1038 1103 1
938 1017 1
949 1177 1
1045 1226 1
1098 1226 1
1034 1075 1
895 1164 1
1110 1117 1
859 921 1
859 1102 1
1118 1214 1
1129 1228 1
904 1003 1
829 1003 1
1062 1176 1
849 1051 1
1051 1135 1
849 1231 1
998 1036 1
957 1175 1
1037 1102 1
921 1037 1
859 1037 1
916 1132 1
1115 1233 1
938 1233 1
1017 1233 1
938 1115 1
1106 1232 1
865 883 1
1179 1235 1
994 1179 1
1014 1069 1
1221 1230 1
1040 1097 1
839 1106 1
839 1232 1
976 1177 1
949 976 1
852 916 1
852 1132 1
821 859 1
821 921 1
821 1037 1
821 1102 1
832 1021 1
825 976 1
825 1177 1
825 949 1
1014 1035 1
1035 1069 1
1008 1122 1
927 1078 1
832 1011 1
1011 1021 1
842 1109 1
1024 1195 1
839 1118 1
1118 1232 1
1106 1118 1
839 1214 1
1136 1234 1
1189 1222 1
867 882 1
880 1118 1
880 1232 1
880 1106 1
880 1214 1
839 880 1
965 1102 1
921 965 1
859 965 1
965 1037 1
821 965 1
943 1108 1
946 1113 1
1179 1221 1
994 1221 1
1221 1235 1
1179 1230 1
1131 1216 1
959 1058 1
1020 1178 1
941 1221 1
941 1235 1
941 994 1
941 1179 1
941 1230 1
848 1236 1
848 1134 1
923 1214 1
880 923 1
923 1118 1
839 923 1
947 1194 1
1202 1208 1
1058 1079 1
959 1079 1
1130 1201 1
1102 1151 1
965 1151 1
1037 1151 1
821 1151 1
921 1151 1
859 1151 1
929 1206 1
870 1002 1
843 1182 1
1097 1216 1
1040 1216 1
1097 1131 1
863 1150 1
1150 1165 1
928 955 1
925 1193 1
1012 1193 1
941 1033 1
994 1033 1
1033 1221 1
1033 1230 1
1033 1235 1
1033 1179 1
1159 1210 1
936 1135 1
849 936 1
936 1051 1
920 934 1
824 1085 1
888 1175 1
888 957 1
1091 1142 1
1196 1209 1
873 960 1
1132 1169 1
852 1169 1
916 1169 1
840 1198 1
826 944 1
1185 1223 1
861 1236 1
848 861 1
861 1134 1
922 925 1
922 1193 1
922 1012 1
965 1119 1
1037 1119 1
1102 1119 1
821 1119 1
921 1119 1
859 1119 1
1119 1151 1
841 1004 1
1072 1204 1
1054 1204 1
941 1195 1
994 1195 1
1195 1221 1
1033 1195 1
1195 1230 1
1195 1235 1
1179 1195 1
941 1024 1
1332 1542 1
1415 1624 1
1430 1593 1
1543 1585 1
1323 1386 1
1374 1409 1
1274 1626 1
1487 1576 1
1403 1481 1
1344 1516 1
1440 1490 1
1404 1565 1
1468 1566 1
1328 1428 1
1493 1602 1
1311 1468 1
1311 1566 1
1347 1594 1
1283 1540 1
1318 1449 1
1353 1475 1
1538 1587 1
1309 1483 1
1450 1583 1
1269 1383 1
1429 1596 1
1265 1341 1
1243 1446 1
1387 1628 1
1325 1549 1
1392 1574 1
1487 1600 1
1576 1600 1
1397 1533 1
1527 1627 1
1279 1364 1
1263 1299 1
1409 1533 1
1374 1533 1
1397 1409 1
1239 1531 1
1323 1330 1
1330 1386 1
1443 1545 1
1299 1527 1
1263 1527 1
1299 1627 1
1412 1555 1
1401 1445 1
1302 1531 1
1239 1302 1
1263 1292 1
1292 1299 1
1292 1527 1
1585 1586 1
1543 1586 1
1394 1621 1
1294 1609 1
1473 1500 1
1358 1386 1
1330 1358 1
1323 1358 1
1446 1572 1
1243 1572 1
1411 1540 1
1283 1411 1
1386 1387 1
1330 1387 1
1323 1387 1
1358 1387 1
1386 1628 1
1321 1525 1
1355 1498 1
1264 1543 1
1264 1585 1
1264 1586 1
1378 1500 1
1378 1473 1
1324 1333 1
1455 1547 1
1475 1581 1
1353 1581 1
1399 1451 1
1327 1371 1
1328 1519 1
1428 1519 1
1257 1532 1
1355 1561 1
1498 1561 1
1320 1562 1
1315 1337 1
1421 1626 1
1274 1421 1
1313 1316 1
1313 1369 1
1316 1369 1
1372 1510 1
1610 1629 1
1574 1627 1
1392 1627 1
1299 1574 1
1527 1574 1
1396 1566 1
1396 1468 1
1311 1396 1
1347 1522 1
1522 1594 1
1467 1482 1
1371 1566 1
1327 1566 1
1371 1396 1
1371 1468 1
1311 1371 1
1269 1302 1
1302 1383 1
1269 1531 1
1239 1269 1
1351 1437 1
1408 1522 1
1408 1594 1
1347 1408 1
1535 1602 1
1493 1535 1
1468 1618 1
1371 1618 1
1396 1618 1
1566 1618 1
1311 1618 1
1457 1509 1
1356 1360 1
1297 1517 1
1352 1398 1
1293 1360 1
1293 1356 1
1486 1618 1
1396 1486 1
1371 1486 1
1468 1486 1
1486 1566 1
1311 1486 1
1453 1518 1
1523 1557 1
1392 1458 1
1458 1627 1
1458 1574 1
1268 1482 1
1268 1467 1
1277 1457 1
1277 1509 1
1332 1356 1
1356 1542 1
1332 1360 1
1293 1332 1
1246 1529 1
1464 1586 1
1264 1464 1
1464 1585 1
1464 1543 1
1250 1262 1
1488 1495 1
1275 1516 1
1275 1344 1
1577 1630 1
1353 1400 1
1400 1475 1
1400 1581 1
1477 1623 1
1645 1892 1
1818 1879 1
1637 1997 1
1893 1961 1
1807 1812 1
1637 1741 1
1741 1997 1
2026 2031 1
1644 1722 1
1999 2046 1
1927 1963 1
1717 2009 1
1894 1919 1
1793 1868 1
1674 2048 1
1808 1898 1
1839 2036 1
1694 1829 1
2033 2053 1
1900 1950 1
1724 1749 1
1846 1990 1
1869 1888 1
1737 1788 1
1815 1948 1
1888 1915 1
1869 1915 1
1668 1860 1
1888 2061 1
1915 2061 1
1869 2061 1
1702 1933 1
1904 1956 1
1639 1946 1
1643 1697 1
1982 2019 1
1788 1806 1
1737 1806 1
1677 1754 1
1800 1951 1
1671 2027 1
1830 2022 1
1791 1812 1
1791 1807 1
1768 1919 1
1768 1894 1
1674 1899 1
1899 2048 1
1748 1798 1
1871 1999 1
1871 2046 1
2018 2023 1
1638 1766 1
1647 1955 1
1681 1931 1
1688 1951 1
1688 1800 1
1675 1814 1
1650 1773 1
1958 1970 1
1695 1993 1
1741 1860 1
1637 1860 1
1860 1997 1
1668 1741 1
1840 2060 1
1762 1887 1
1714 1898 1
1714 1808 1
1940 1987 1
1885 1965 1
1649 1897 1
1708 1994 1
1979 1999 1
1979 2046 1
1871 1979 1
1654 1925 1
1715 1822 1
1754 1972 1
1677 1972 1
1635 1947 1
1771 1801 1
1693 1711 1
1892 2051 1
1645 2051 1
1651 1720 1
1977 2049 1
1887 1899 1
1762 1899 1
1887 2048 1
1674 1887 1
1636 1655 1
1717 2032 1
2009 2032 1
1806 1836 1
1737 1836 1
1788 1836 1
1879 2041 1
1818 2041 1
1706 2046 1
1706 1871 1
1706 1979 1
1706 1999 1
1894 1958 1
1768 1958 1
1919 1958 1
1894 1970 1
1848 1927 1
1848 1963 1
1649 1792 1
1792 1897 1
1835 2013 1
1651 1849 1
1720 1849 1
1688 2057 1
1800 2057 1
1951 2057 1
1713 1937 1
1656 1938 1
1639 1968 1
1946 1968 1
1998 2046 1
1706 1998 1
1871 1998 1
1979 1998 1
1998 1999 1
1776 2055 1
1653 2044 1
1668 1822 1
1822 1860 1
1741 1822 1
1668 1715 1
1683 2051 1
1683 1892 1
1645 1683 1
1684 1971 1
1741 2003 1
1668 2003 1
1637 2003 1
1997 2003 1
1860 2003 1
1822 2003 1
1656 1924 1
1924 1938 1
1761 1861 1
1636 2033 1
1655 2033 1
1636 2053 1
1670 1771 1
1670 1801 1
1674 2010 1
2010 2048 1
1899 2010 1
1887 2010 1
1765 1927 1
1765 1848 1
1765 1963 1
1759 2004 1
1923 1981 1
1723 2065 1
1676 1740 1
1826 1895 1
1835 1961 1
1961 2013 1
1835 1893 1
1942 2001 1
1789 2025 1
1653 1769 1
1769 2044 1
2044 2054 1
1769 2054 1
1653 2054 1
1914 2045 1
1670 2045 1
1801 2045 1
1771 2045 1
1670 1914 1
1811 1975 1
1704 1952 1
1637 1782 1
1782 2003 1
1782 1860 1
1782 1997 1
1741 1782 1
2153 2159 1
2191 2341 1
2188 2340 1
2066 2075 1
2332 2424 1
2077 2316 1
2186 2190 1
2082 2371 1
2075 2370 1
2066 2370 1
2121 2178 1
2131 2237 1
2212 2313 1
2137 2361 1
2081 2300 1
2240 2244 1
2363 2364 1
2189 2342 1
2235 2274 1
2324 2326 1
2325 2419 1
2149 2184 1
2185 2205 1
2201 2225 1
2234 2407 1
2240 2366 1
2244 2366 1
2132 2393 1
2087 2237 1
2087 2131 1
2211 2350 1
2165 2176 1
2336 2346 1
2083 2335 1
2378 2397 1
2234 2274 1
2274 2407 1
2234 2235 1
2177 2357 1
2076 2130 1
2191 2301 1
2301 2341 1
2073 2166 1
2106 2246 1
2120 2202 1
2167 2402 1
2348 2354 1
2384 2416 1
2196 2420 1
2330 2415 1
2111 2420 1
2111 2196 1
2179 2391 1
2128 2390 1
2140 2303 1
2076 2341 1
2130 2341 1
2076 2301 1
2076 2191 1
2143 2171 1
2158 2308 1
2068 2399 1
2170 2347 1
2159 2314 1
2153 2314 1
2111 2348 1
2196 2348 1
2348 2420 1
2111 2354 1
2131 2419 1
2237 2419 1
2087 2419 1
2131 2325 1
2093 2410 1
2140 2201 1
2201 2303 1
2140 2225 1
2181 2404 1
2186 2192 1
2190 2192 1
2263 2282 1
2115 2215 1
2273 2424 1
2273 2332 1
2168 2306 1
2078 2187 1
2086 2282 1
2086 2263 1
2128 2154 1
2154 2390 1
2205 2299 1
2185 2299 1
2068 2199 1
2199 2399 1
2162 2414 1
2292 2411 1
2070 2116 1
2327 2353 1
2077 2135 1
2135 2316 1
2227 2263 1
2227 2282 1
2086 2227 1
2194 2224 1
2283 2360 1
2084 2165 1
2084 2176 1
2249 2272 1
2117 2153 1
2117 2314 1
2117 2159 1
2405 2418 1
2306 2373 1
2168 2373 1
2248 2301 1
2076 2248 1
2248 2341 1
2191 2248 1
2147 2314 1
2147 2153 1
2117 2147 1
2147 2159 1
2086 2303 1
2282 2303 1
2227 2303 1
2263 2303 1
2086 2201 1
2086 2140 1
2144 2176 1
2084 2144 1
2144 2165 1
2272 2380 1
2249 2380 1
2142 2386 1
2263 2335 1
2282 2335 1
2227 2335 1
2086 2335 1
2303 2335 1
2083 2263 1
2306 2411 1
2168 2411 1
2373 2411 1
2292 2306 1
2137 2285 1
2285 2361 1
2170 2352 1
2347 2352 1
2222 2275 1
2359 2397 1
2359 2378 1
2639 2761 1
2486 2564 1
2774 2789 1
2556 2757 1
2568 2766 1
2519 2718 1
2613 2770 1
2433 2644 1
2570 2788 1
2612 2797 1
2524 2663 1
2533 2611 1
2558 2590 1
2628 2755 1
2512 2652 1
2658 2784 1
2625 2766 1
2568 2625 1
2536 2566 1
2452 2660 1
2426 2610 1
2435 2666 1
2503 2615 1
2627 2722 1
2473 2787 1
2513 2592 1
2652 2742 1
2512 2742 1
2590 2610 1
2558 2610 1
2426 2590 1
2440 2617 1
2569 2788 1
2569 2570 1
2435 2439 1
2439 2666 1
2749 2793 1
2453 2719 1
2567 2793 1
2567 2749 1
2456 2751 1
2622 2660 1
2452 2622 1
2445 2488 1
2434 2798 1
2477 2527 1
2729 2769 1
2489 2543 1
2455 2731 1
2484 2552 1
2568 2691 1
2625 2691 1
2691 2766 1
2447 2453 1
2447 2719 1
2661 2788 1
2569 2661 1
2570 2661 1
2687 2694 1
2575 2702 1
2475 2661 1
2475 2569 1
2475 2570 1
2475 2788 1
2689 2784 1
2658 2689 1
2524 2640 1
2640 2663 1
2469 2742 1
2469 2512 1
2469 2652 1
2453 2618 1
2447 2618 1
2618 2719 1
2619 2715 1
2510 2672 1
2610 2661 1
2426 2661 1
2558 2661 1
2590 2661 1
2610 2788 1
2569 2610 1
2570 2610 1
2475 2610 1
2596 2776 1
2425 2497 1
2628 2778 1
2755 2778 1
2444 2604 1
2712 2753 1
2672 2686 1
2510 2686 1
2571 2719 1
2571 2618 1
2453 2571 1
2447 2571 1
2437 2608 1
2425 2755 1
2497 2755 1
2425 2778 1
2425 2628 1
2662 2783 1
2433 2577 1
2577 2644 1
2511 2723 1
2456 2660 1
2660 2751 1
2452 2456 1
2456 2622 1
2475 2516 1
2516 2788 1
2516 2661 1
2516 2569 1
2516 2570 1
2516 2610 1
2710 2750 1
2476 2498 1
2496 2776 1
2496 2596 1
2563 2618 1
2563 2571 1
2563 2719 1
2453 2563 1
2447 2563 1
2459 2484 1
2459 2552 1
2428 2517 1
2515 2551 1
2597 2796 1
2511 2754 1
2723 2754 1
2499 2642 1
2621 2702 1
2575 2621 1
2472 2753 1
2472 2712 1
2449 2487 1
2432 2716 1
2436 2657 1
2464 2786 1
2619 2641 1
2641 2715 1
2635 2746 1
2568 2790 1
2625 2790 1
2691 2790 1
2766 2790 1
2611 2796 1
2533 2796 1
2597 2611 1
2632 2760 1
2665 2795 1
2476 2714 1
2498 2714 1
2440 2449 1
2449 2617 1
2440 2487 1
2635 2720 1
2720 2746 1
2962 3043 1
2961 3220 1
2810 3181 1
2819 3045 1
2954 3019 1
2948 3069 1
3014 3081 1
3054 3070 1
3008 3148 1
3036 3175 1
2914 3211 1
2934 3133 1
2840 3202 1
3019 3231 1
2954 3231 1
2917 3218 1
2922 2959 1
2853 2961 1
2853 3220 1
2879 3148 1
2879 3008 1
2911 3061 1
2864 3151 1
2903 3032 1
3141 3159 1
2957 3005 1
2881 2988 1
3024 3172 1
3039 3206 1
2903 2917 1
2917 3032 1
2903 3218 1
2838 2859 1
2925 3224 1
3085 3225 1
2838 2939 1
2859 2939 1
2912 3159 1
2912 3141 1
2939 3057 1
2859 3057 1
2838 3057 1
2866 3212 1
3151 3223 1
2864 3223 1
3010 3229 1
2846 3007 1
2831 2872 1
3012 3063 1
2853 3210 1
2961 3210 1
3210 3220 1
2842 3057 1
2842 2859 1
2842 2939 1
2838 2842 1
2869 2920 1
2944 3091 1
3016 3039 1
3016 3206 1
3125 3178 1
2892 3007 1
2846 2892 1
2823 2837 1
2935 3154 1
2955 3022 1
2997 3121 1
2863 3180 1
2898 3179 1
2847 3008 1
2847 3148 1
2847 2879 1
2856 3109 1
3040 3094 1
2849 2965 1
2836 3096 1
2836 2999 1
2999 3096 1
3001 3164 1
2849 2897 1
2897 2965 1
2982 3059 1
2871 3100 1
2833 3050 1
3105 3231 1
2954 3105 1
3019 3105 1
2815 3094 1
2815 3040 1
2830 3167 1
2846 3071 1
2892 3071 1
3007 3071 1
3123 3165 1
2919 3009 1
3035 3150 1
2976 3128 1
2865 3004 1
3028 3208 1
2865 3182 1
3004 3182 1
2845 3184 1
2873 3151 1
2864 2873 1
2873 3223 1
3033 3053 1
2959 2965 1
2922 2965 1
2849 2959 1
2897 2959 1
2988 3133 1
2881 3133 1
2934 2988 1
2856 2980 1
2980 3109 1
2865 3077 1
3004 3077 1
3077 3182 1
3111 3132 1
2817 3066 1
2860 3186 1
2912 3163 1
3141 3163 1
3159 3163 1
2991 2996 1
2818 3179 1
2818 2898 1
2872 2896 1
2831 2896 1
2900 3211 1
2900 2914 1
2901 2908 1
2858 3136 1
2838 2864 1
2864 3057 1
2864 2939 1
2859 2864 1
2842 2864 1
2838 3151 1
2838 3223 1
2838 2873 1
3154 3160 1
2935 3160 1
3084 3091 1
2944 3084 1
2856 3158 1
2980 3158 1
3109 3158 1
3030 3034 1
2880 3195 1
3077 3185 1
2865 3185 1
3004 3185 1
3182 3185 1
2938 3068 1
2918 3114 1
2859 2936 1
2864 2936 1
2936 3057 1
2838 2936 1
2842 2936 1
2936 2939 1
2804 3044 1
2827 3031 1
2934 2997 1
2988 2997 1
2997 3133 1
2934 3121 1
3099 3228 1
3011 3032 1
2917 3011 1
2903 3011 1
2963 3109 1
2856 2963 1
2963 2980 1
2963 3158 1
2979 3196 1
2863 3231 1
3180 3231 1
2863 3105 1
2863 2954 1
2863 3019 1
3238 3371 1
3492 3548 1
3282 3426 1
3378 3540 1
3257 3564 1
3303 3387 1
3389 3447 1
3287 3394 1
3288 3341 1
3242 3559 1
3495 3541 1
3245 3291 1
3257 3268 1
3268 3564 1
3398 3583 1
3378 3485 1
3485 3540 1
3365 3399 1
3263 3412 1
3246 3498 1
3269 3294 1
3512 3569 1
3370 3413 1
3299 3417 1
3254 3570 1
3274 3353 1
3530 3562 1
3483 3509 1
3488 3593 1
3429 3446 1
3309 3344 1
3310 3576 1
3310 3323 1
3323 3576 1
3482 3513 1
3315 3409 1
3271 3373 1
3343 3564 1
3257 3343 1
3268 3343 1
3464 3472 1
3262 3272 1
3281 3312 1
3353 3450 1
3274 3450 1
3317 3452 1
3254 3436 1
3436 3570 1
3480 3555 1
3240 3242 1
3240 3559 1
3292 3313 1
3389 3578 1
3447 3578 1
3462 3592 1
3389 3457 1
3457 3578 1
3447 3457 1
3259 3450 1
3259 3353 1
3259 3274 1
3376 3409 1
3315 3376 1
3494 3595 1
3263 3551 1
3412 3551 1
3253 3577 1
3243 3351 1
3273 3453 1
3241 3565 1
3262 3590 1
3272 3590 1
3358 3477 1
3330 3373 1
3271 3330 1
3234 3284 1
3354 3364 1
3259 3387 1
3353 3387 1
3387 3450 1
3274 3387 1
3259 3303 1
3414 3474 1
3253 3283 1
3283 3577 1
3502 3559 1
3240 3502 1
3242 3502 1
3465 3559 1
3240 3465 1
3242 3465 1
3465 3502 1
3352 3488 1
3352 3593 1
3412 3432 1
3432 3551 1
3263 3432 1
3280 3412 1
3280 3432 1
3280 3551 1
3263 3280 1
3362 3554 1
3281 3329 1
3312 3329 1
3372 3375 1
3232 3302 1
3481 3551 1
3432 3481 1
3280 3481 1
3412 3481 1
3263 3481 1
3293 3420 1
3469 3537 1
3339 3546 1
3242 3579 1
3240 3579 1
3465 3579 1
3502 3579 1
3559 3579 1
3315 3512 1
3376 3512 1
3409 3512 1
3315 3569 1
3268 3268 1
3352 3569 1
3488 3569 1
3569 3593 1
3352 3512 1
3315 3352 1
3258 3478 1
3294 3442 1
3269 3442 1
3408 3546 1
3339 3408 1
3361 3482 1
3361 3513 1
3377 3443 1
3375 3433 1
3372 3433 1
3256 3306 1
3335 3495 1
3335 3541 1
3328 3566 1
3337 3456 1
3315 3348 1
3348 3569 1
3348 3376 1
3348 3409 1
3348 3512 1
3348 3352 1
3400 3493 1
3525 3581 1
3950 3996 1
3970 3982 1
3679 3865 1
3860 3879 1
3720 3992 1
3810 3944 1
3867 3873 1
3739 3857 1
3676 3948 1
3744 3930 1
3824 3964 1
3687 3923 1
3691 3890 1
3854 3976 1
3752 3972 1
3732 3848 1
3851 3879 1
3851 3860 1
3729 3789 1
3606 3751 1
3867 3995 1
3873 3995 1
3655 3686 1
3604 3713 1
3607 3635 1
3669 3705 1
3677 3849 1
3630 3948 1
3630 3676 1
3788 3945 1
3790 3861 1
3980 3987 1
3929 3994 1
3702 3734 1
3627 3920 1
3712 3850 1
3657 3806 1
3660 3756 1
3790 3926 1
3861 3926 1
3923 3978 1
3687 3978 1
3750 3845 1
3720 3895 1
3895 3992 1
3784 3926 1
3784 3861 1
3784 3790 1
3675 3913 1
3816 3988 1
3620 3863 1
3964 3966 1
3824 3966 1
3926 3952 1
3784 3952 1
3861 3952 1
3790 3952 1
3777 3798 1
3636 3756 1
3636 3660 1
3702 3947 1
3734 3947 1
3653 3966 1
3653 3824 1
3653 3964 1
3718 3874 1
3696 3963 1
3654 3944 1
3654 3810 1
3622 3891 1
3879 3964 1
3851 3964 1
3860 3964 1
3653 3879 1
3824 3879 1
3879 3966 1
3622 3988 1
3891 3988 1
3622 3816 1
3779 3957 1
3862 3862 1
3606 3865 1
3751 3865 1
3606 3679 1
3712 3820 1
3820 3850 1
3826 3837 1
3810 3918 1
3918 3944 1
3654 3918 1
3638 3705 1
3638 3669 1
3797 3993 1
3875 3974 1
3789 3899 1
3729 3899 1
3725 3743 1
3658 3877 1
3857 3863 1
3739 3863 1
3620 3857 1
3644 3996 1
3644 3950 1
3831 3926 1
3784 3831 1
3831 3952 1
3831 3861 1
3790 3831 1
3721 3980 1
3721 3987 1
3608 3823 1
3625 3920 1
3625 3627 1
3621 3862 1
3813 3954 1
3661 3827 1
3714 3978 1
3714 3923 1
3687 3714 1
3760 3775 1
3620 3842 1
3842 3857 1
3842 3863 1
3645 3794 1
3798 3889 1
3777 3889 1
3717 3891 1
3717 3988 1
3622 3717 1
3800 3860 1
3800 3851 1
3800 3964 1
3800 3879 1
3861 3987 1
3784 3987 1
3790 3987 1
3952 3987 1
3926 3987 1
3831 3987 1
3721 3861 1
3861 3980 1
3688 3818 1
3674 3682 1
3608 3833 1
3823 3833 1
3648 3916 1
3704 3739 1
3704 3857 1
3704 3863 1
3615 3790 1
3615 3784 1
3615 3952 1
3615 3987 1
3615 3861 1
3615 3926 1
3615 3831 1
3638 3784 1
3705 3784 1
3669 3784 1
3638 3790 1
3638 3952 1
3638 3987 1
3638 3861 1
3638 3926 1
3638 3831 1
3615 3638 1
3613 3785 1
3763 3875 1
3763 3974 1
74 364 1
143 229 1
31 58 1
271 317 1
35 243 1
173 345 1
126 196 1
213 307 1
129 290 1
174 208 1
15 78 1
227 304 1
316 362 1
9 14 1
12 215 1
192 342 1
47 133 1
162 343 1
131 164 1
113 275 1
84 254 1
58 227 1
31 227 1
58 304 1
46 213 1
46 307 1
71 324 1
30 245 1
42 256 1
136 172 1
117 211 1
271 344 1
317 344 1
244 358 1
218 297 1
104 180 1
88 137 1
177 232 1
178 204 1
241 307 1
213 241 1
46 241 1
216 329 1
42 227 1
227 256 1
42 304 1
42 58 1
31 42 1
53 225 1
161 319 1
9 79 1
14 79 1
150 225 1
53 150 1
37 195 1
113 200 1
200 275 1
170 344 1
170 317 1
170 271 1
22 279 1
27 327 1
266 303 1
109 196 1
109 126 1
42 209 1
209 256 1
209 227 1
209 304 1
58 209 1
31 209 1
3 172 1
3 136 1
138 171 1
57 105 1
140 205 1
122 220 1
57 93 1
93 105 1
228 333 1
156 235 1
229 305 1
143 305 1
74 354 1
354 364 1
52 150 1
52 225 1
52 53 1
36 328 1
26 264 1
185 212 1
113 332 1
200 332 1
275 332 1
63 239 1
77 142 1
18 347 1
124 223 1
304 328 1
209 328 1
58 328 1
227 328 1
42 328 1
36 304 1
189 280 1
46 229 1
229 241 1
229 307 1
213 229 1
46 143 1
46 305 1
92 109 1
92 196 1
92 126 1
30 154 1
154 245 1
120 353 1
184 241 1
184 307 1
184 213 1
46 184 1
184 229 1
177 295 1
232 295 1
84 225 1
225 254 1
52 84 1
53 84 1
84 150 1
134 176 1
3 56 1
56 136 1
56 172 1
121 131 1
121 164 1
104 263 1
180 263 1
139 199 1
78 280 1
15 280 1
78 189 1
212 329 1
185 329 1
212 216 1
68 126 1
68 92 1
68 196 1
68 109 1
55 103 1
202 204 1
178 202 1
141 189 1
141 280 1
78 141 1
3156 3763 1
3763 3763 1
3156 3875 1
3156 3156 1
3156 3974 1
426 2518 1
2518 2518 1
426 426 1
2258 2947 1
2947 2947 1
2258 2258 1
1806 3232 1
3232 3232 1
1737 3232 1
1788 3232 1
1836 3232 1
1806 3302 1
1806 1806 1
1412 2808 1
2808 2808 1
1555 2808 1
1412 1412 1
260 2605 1
2605 2605 1
260 260 1
651 2465 1
2465 2465 1
393 2465 1
780 2465 1
734 2465 1
553 2465 1
651 651 1
1678 2983 1
2983 2983 1
1678 1678 1
1164 3938 1
3938 3938 1
895 3938 1
1164 1164 1
1167 2217 1
2217 2217 1
1167 1167 1
381 3849 1
3849 3849 1
467 3849 1
725 3849 1
381 3677 1
381 381 1
1339 3453 1
3453 3453 1
1339 3273 1
1339 1339 1
2305 2530 1
2530 2530 1
2305 2305 1
2083 2545 1
2545 2545 1
2263 2545 1
2335 2545 1
2083 2083 1
1413 1785 1
1785 1785 1
1413 1413 1
186 3957 1
3957 3957 1
186 186 1
186 3779 1
422 2056 1
2056 2056 1
422 422 1
1175 3911 1
888 3911 1
957 3911 1
3911 3911 1
1175 1175 1
126 3206 1
68 3206 1
92 3206 1
196 3206 1
109 3206 1
3206 3206 1
126 3016 1
126 126 1
126 3039 1
3093 3516 1
3516 3516 1
3093 3093 1
350 2494 1
2494 2494 1
350 350 1
454 1487 1
1487 1487 1
671 1487 1
454 1576 1
454 1600 1
454 454 1
1482 2469 1
1467 2469 1
1268 2469 1
2469 2469 1
1482 1482 1
1482 2512 1
1482 2742 1
1482 2652 1
2974 3914 1
3914 3914 1
2974 2974 1
2734 3895 1
3895 3895 1
2734 3720 1
2734 3992 1
2734 2734 1
883 3498 1
865 3498 1
3498 3498 1
883 883 1
883 3246 1
90 757 1
757 757 1
90 640 1
90 90 1
3165 3345 1
3345 3345 1
3123 3345 1
3165 3165 1
525 2988 1
2988 2988 1
525 2881 1
525 525 1
525 2997 1
525 2934 1
525 3133 1
2882 3403 1
3403 3403 1
2882 2882 1
500 3884 1
3884 3884 1
500 500 1
1587 3253 1
1538 3253 1
3253 3253 1
1587 3577 1
1587 3283 1
1587 1587 1
1178 3313 1
3313 3313 1
1020 3313 1
1178 1178 1
1178 3292 1
19 1688 1
1688 1688 1
19 1800 1
19 2057 1
19 19 1
19 1951 1
1051 2021 1
936 2021 1
849 2021 1
1135 2021 1
2021 2021 1
1231 2021 1
1051 1051 1
1882 2939 1
2939 2939 1
1882 2859 1
1882 2864 1
1882 3057 1
1882 2838 1
1882 2936 1
1882 2842 1
1882 1882 1
2061 2924 1
1888 2924 1
1915 2924 1
2924 2924 1
1869 2924 1
2061 2061 1
2133 3660 1
3660 3660 1
2133 3636 1
2133 3756 1
2133 2133 1
2752 2897 1
2897 2897 1
2752 2752 1
2752 2849 1
2752 2965 1
2752 2959 1
1195 2254 1
1024 2254 1
994 2254 1
1221 2254 1
1033 2254 1
941 2254 1
1230 2254 1
1235 2254 1
2254 2254 1
1179 2254 1
1195 1195 1
529 2592 1
2592 2592 1
529 2513 1
529 529 1
970 3155 1
3155 3155 1
970 970 1
263 3747 1
104 3747 1
3747 3747 1
180 3747 1
263 263 1
1908 2303 1
2303 2303 1
1908 2086 1
1908 2282 1
1908 2227 1
1908 1908 1
1908 2263 1
1908 2201 1
1908 2140 1
1908 2335 1
838 2767 1
2767 2767 1
838 838 1
1489 2574 1
2574 2574 1
1489 1489 1
201 2707 1
2707 2707 1
201 201 1
644 1385 1
1385 1385 1
644 644 1
570 2201 1
616 2201 1
2201 2201 1
460 2201 1
390 2201 1
751 2201 1
570 2086 1
570 2225 1
570 1908 1
570 570 1
570 2140 1
570 2303 1
401 1052 1
1052 1052 1
401 401 1
490 2015 1
2015 2015 1
490 490 1
1461 2819 1
2819 2819 1
1461 3045 1
1461 1461 1
2025 2922 1
2922 2922 1
1789 2922 1
2025 2025 1
2025 2965 1
2025 2959 1
3393 3947 1
3947 3947 1
3393 3393 1
3393 3734 1
3393 3702 1
1953 2374 1
2374 2374 1
1953 1953 1
2679 3442 1
3442 3442 1
2679 3269 1
2679 3294 1
2679 2679 1
230 901 1
901 901 1
230 230 1
1815 2952 1
2952 2952 1
1948 2952 1
1815 1815 1
1956 3561 1
1904 3561 1
3561 3561 1
1956 1956 1
3004 3864 1
3864 3864 1
2865 3864 1
3077 3864 1
3182 3864 1
3185 3864 1
3004 3004 1
985 2205 1
2205 2205 1
985 2185 1
985 2299 1
985 985 1
1955 3841 1
3841 3841 1
1647 3841 1
1955 1955 1
661 2155 1
2155 2155 1
661 661 1
1628 2429 1
1386 2429 1
1387 2429 1
2429 2429 1
1628 1628 1
610 3015 1
3015 3015 1
610 610 1
1708 2904 1
2904 2904 1
1994 2904 1
1708 1708 1
311 3985 1
3985 3985 1
311 311 1
1653 2728 1
2728 2728 1
1769 2728 1
2044 2728 1
2054 2728 1
1653 1653 1
1503 2021 1
936 1503 1
1135 1503 1
1231 1503 1
849 1503 1
1051 1503 1
1503 1503 1
579 1381 1
1381 1381 1
579 579 1
1734 2782 1
2782 2782 1
1734 1734 1
1008 3887 1
1122 3887 1
3887 3887 1
1008 1008 1
2475 3875 1
3875 3875 1
2788 3875 1
2661 3875 1
2569 3875 1
2570 3875 1
2610 3875 1
2516 3875 1
2475 3974 1
2475 2475 1
2475 3763 1
2475 3156 1
1028 2005 1
2005 2005 1
1028 1028 1
650 2249 1
2249 2249 1
554 2249 1
650 2272 1
650 650 1
650 2380 1
172 563 1
136 563 1
56 563 1
3 563 1
563 563 1
172 172 1
172 435 1
1695 2933 1
1993 2933 1
2933 2933 1
1695 1695 1
1130 2065 1
1201 2065 1
2065 2065 1
1130 1130 1
1130 1723 1
779 1356 1
1356 1356 1
779 1542 1
779 779 1
779 1293 1
779 1360 1
779 1332 1
2641 3333 1
2619 3333 1
2715 3333 1
3333 3333 1
2641 2641 1
3032 3269 1
3269 3269 1
3011 3269 1
2917 3269 1
2903 3269 1
3032 3442 1
2679 3032 1
3032 3032 1
3032 3294 1
643 2525 1
2525 2525 1
643 643 1
2622 3629 1
2456 3629 1
2452 3629 1
2660 3629 1
3629 3629 1
2622 2622 1
560 2596 1
802 2596 1
2596 2596 1
560 2776 1
560 2496 1
560 560 1
2435 3160 1
3160 3160 1
2666 3160 1
2439 3160 1
2435 2435 1
2435 3154 1
2435 2935 1
1931 3007 1
1681 3007 1
3007 3007 1
1931 1931 1
1931 2892 1
1931 3071 1
1931 2846 1
1974 3763 1
1974 3875 1
1974 3974 1
1974 2475 1
1974 3156 1
1974 1974 1
2984 3599 1
3599 3599 1
2984 2984 1
1259 3960 1
3960 3960 1
1259 1259 1
20 2659 1
2659 2659 1
20 20 1
896 2597 1
2597 2597 1
896 896 1
896 2611 1
896 2796 1
831 3982 1
3982 3982 1
831 3970 1
831 831 1
2944 3712 1
3712 3712 1
3091 3712 1
3084 3712 1
2944 2944 1
2944 3850 1
2944 3820 1
593 3563 1
646 3563 1
3563 3563 1
460 3563 1
751 3563 1
605 3563 1
799 3563 1
593 593 1
34 2136 1
2136 2136 1
34 34 1
2041 3555 1
1818 3555 1
3555 3555 1
1879 3555 1
2041 3480 1
2041 2041 1
1920 3945 1
3945 3945 1
1920 1920 1
1920 3788 1
307 1568 1
1568 1568 1
229 1568 1
46 1568 1
241 1568 1
213 1568 1
184 1568 1
307 307 1
220 2426 1
122 2426 1
2426 2426 1
220 2661 1
220 2610 1
220 220 1
220 2590 1
616 1307 1
390 1307 1
460 1307 1
751 1307 1
1307 2201 1
570 1307 1
1307 1307 1
616 616 1
502 1375 1
608 1375 1
778 1375 1
1375 1375 1
815 1375 1
502 502 1
1798 3709 1
1748 3709 1
3709 3709 1
1798 1798 1
520 1206 1
1206 1206 1
520 520 1
520 929 1
2831 3624 1
2872 3624 1
2896 3624 1
3624 3624 1
2831 2831 1
1041 2079 1
2079 2079 1
1041 1041 1
732 3141 1
3141 3141 1
732 2912 1
732 3163 1
732 732 1
732 3159 1
2718 3052 1
3052 3052 1
2519 3052 1
2718 2718 1
1618 3843 1
3843 3843 1
1486 3843 1
1396 3843 1
1371 3843 1
1468 3843 1
1566 3843 1
1311 3843 1
1618 1618 1
54 470 1
470 470 1
54 54 1
335 3441 1
3441 3441 1
335 335 1
1493 3872 1
3872 3872 1
1602 3872 1
1535 3872 1
1493 1493 1
752 1670 1
1670 1670 1
752 1801 1
752 1771 1
752 752 1
752 1914 1
752 2045 1
3 3611 1
136 3611 1
56 3611 1
563 3611 1
172 3611 1
3611 3611 1
3 3 1
2244 2714 1
2240 2714 1
2714 2714 1
2366 2714 1
2244 2498 1
2244 2244 1
2244 2476 1
766 3097 1
3097 3097 1
595 3097 1
766 766 1
207 2501 1
2501 2501 1
207 207 1
1578 3933 1
3933 3933 1
1578 1578 1
723 3973 -1
625 3973 -1
587 3973 -1
2052 3932 -1
2149 2777 -1
2184 2777 -1
2200 3272 -1
2200 3590 -1
2200 3262 -1
2373 3475 -1
2168 3475 -1
2306 3475 -1
2411 3475 -1
1898 3766 -1
1808 3766 -1
1714 3766 -1
1973 3994 -1
1973 3929 -1
1739 3924 -1
2375 2685 -1
2036 3907 -1
1839 3907 -1
1875 3862 -1
1875 3621 -1
3103 3579 -1
3103 3240 -1
3103 3465 -1
3103 3242 -1
3103 3502 -1
3103 3559 -1
2421 3284 -1
2421 3234 -1
1325 2476 -1
1549 2476 -1
1325 2498 -1
1325 2714 -1
3051 3799 -1
874 1263 -1
874 1299 -1
874 1292 -1
874 1527 -1
1229 1830 -1
1229 2022 -1
607 2481 -1
548 1069 -1
548 1035 -1
548 1014 -1
515 1490 -1
698 1490 -1
515 1440 -1
1865 2799 -1
1883 3655 -1
1883 3686 -1
1583 2251 -1
1450 2251 -1
1342 2236 -1
1930 3862 -1
1930 3621 -1
1624 3293 -1
1415 3293 -1
1624 3420 -1
2407 3580 -1
2234 3580 -1
2274 3580 -1
533 934 -1
533 920 -1
2416 2747 -1
2384 2747 -1
119 1425 -1
2854 3662 -1
1330 3574 -1
1387 3574 -1
1386 3574 -1
1323 3574 -1
1358 3574 -1
520 3381 -1
235 2468 -1
156 2468 -1
2928 3748 -1
649 2136 -1
1875 3283 -1
1875 3577 -1
1875 3253 -1
2914 3448 -1
3211 3448 -1
2900 3448 -1
1549 2907 -1
1325 2907 -1
2732 3535 -1
1900 3906 -1
1950 3906 -1
551 2763 -1
395 1131 -1
395 1216 -1
395 1097 -1
2971 3991 -1
1762 2136 -1
1899 2136 -1
1887 2136 -1
925 1687 -1
1193 1687 -1
922 1687 -1
1012 1687 -1
1050 1624 -1
1050 1415 -1
1807 2246 -1
1812 2246 -1
1791 2246 -1
1807 2106 -1
1638 3623 -1
1766 3623 -1
3397 3852 -1
2357 3260 -1
2177 3260 -1
1632 2278 -1
2428 3357 -1
2517 3357 -1
576 2730 -1
719 2730 -1
3151 3372 -1
2864 3372 -1
2873 3372 -1
2838 3372 -1
3223 3372 -1
3151 3433 -1
3151 3375 -1
1966 3825 -1
2952 3547 -1
658 1310 -1
2152 3264 -1
1778 2779 -1
1842 3926 -1
1842 3784 -1
1842 3790 -1
1842 3952 -1
1842 3987 -1
1842 3861 -1
1842 3638 -1
1842 3831 -1
1842 3615 -1
3320 3745 -1
1734 2818 -1
1734 2898 -1
1734 3179 -1
1891 3996 -1
1891 3644 -1
1891 3950 -1
431 2873 -1
431 2864 -1
431 3223 -1
431 2838 -1
431 3151 -1
1054 2673 -1
1072 2673 -1
1204 2673 -1
716 1747 -1
1701 3691 -1
1701 3890 -1
2404 3621 -1
2181 3621 -1
2404 3862 -1
90 989 -1
1082 3482 -1
978 3482 -1
1082 3513 -1
1082 3361 -1
1957 3611 -1
252 834 -1
2015 2748 -1
1346 3304 -1
502 868 -1
608 868 -1
778 868 -1
815 868 -1
1082 2312 -1
978 2312 -1
1972 2505 -1
1754 2505 -1
1677 2505 -1
783 3348 -1
808 3348 -1
513 3348 -1
783 3512 -1
783 3409 -1
783 3376 -1
783 3569 -1
783 3315 -1
783 3352 -1
1648 3750 -1
1648 3845 -1
1451 2265 -1
1399 2265 -1
2426 3786 -1
2610 3786 -1
2661 3786 -1
2590 3786 -1
893 3206 -1
893 3016 -1
893 3039 -1
1840 3706 -1
2060 3706 -1
1816 2246 -1
1816 2106 -1
1024 3032 -1
1195 3032 -1
941 3032 -1
1024 3011 -1
1024 2917 -1
1024 2903 -1
2177 2586 -1
2357 2586 -1
2651 3050 -1
2651 2833 -1
330 2609 -1
2964 3794 -1
2964 3645 -1
2078 3264 -1
2187 3264 -1
518 1223 -1
717 1223 -1
518 1185 -1
1937 3682 -1
1713 3682 -1
1937 3674 -1
3202 3672 -1
2840 3672 -1
1081 2881 -1
1081 2988 -1
1081 3133 -1
1966 3734 -1
1966 3947 -1
1966 3702 -1
3038 3842 -1
3038 3857 -1
3038 3620 -1
3038 3863 -1
335 2306 -1
335 2168 -1
335 2411 -1
335 2292 -1
335 2373 -1
481 850 -1
1500 1859 -1
1473 1859 -1
1378 1859 -1
1296 2099 -1
755 2172 -1
475 2172 -1
3077 3879 -1
2865 3879 -1
3004 3879 -1
3182 3879 -1
3185 3879 -1
3077 3653 -1
3077 3851 -1
3077 3824 -1
3077 3860 -1
3077 3800 -1
3077 3964 -1
3077 3966 -1
148 2385 -1
1547 3343 -1
1455 3343 -1
1547 3268 -1
1547 3257 -1
1547 3564 -1
2355 2503 -1
2355 2615 -1
1351 3336 -1
1437 3336 -1
1769 2654 -1
2044 2654 -1
1653 2654 -1
2054 2654 -1
1491 3508 -1
550 2873 -1
459 2873 -1
550 2864 -1
550 3223 -1
550 2838 -1
550 3151 -1
1464 2077 -1
1264 2077 -1
1585 2077 -1
1586 2077 -1
1543 2077 -1
1464 2316 -1
1464 2135 -1
590 2824 -1
496 2824 -1
806 2824 -1
663 2824 -1
371 1352 -1
420 1352 -1
371 1398 -1
43 1426 -1
569 1016 -1
373 1085 -1
373 824 -1
607 2459 -1
607 2552 -1
607 2484 -1
1424 3387 -1
1424 3353 -1
1424 3450 -1
1424 3259 -1
1424 3274 -1
1424 3303 -1
2950 3435 -1
803 2373 -1
803 2168 -1
803 2306 -1
803 2411 -1
1307 2407 -1
1307 2234 -1
1307 2274 -1
324 2621 -1
71 2621 -1
324 2702 -1
324 2575 -1
926 3476 -1
1992 3530 -1
1992 3562 -1
1091 2787 -1
1142 2787 -1
1091 2473 -1
2161 3574 -1
1187 3153 -1
2555 3273 -1
2555 3453 -1
869 3962 -1
1287 3184 -1
1287 2845 -1
1453 3334 -1
1518 3334 -1
2035 3622 -1
2035 3816 -1
2035 3891 -1
2035 3988 -1
2035 3717 -1
1593 3511 -1
1430 3511 -1
2113 3362 -1
2113 3554 -1
1033 3151 -1
994 3151 -1
1221 3151 -1
1195 3151 -1
941 3151 -1
1230 3151 -1
1235 3151 -1
1179 3151 -1
1033 2864 -1
1033 2873 -1
1033 2838 -1
1033 3223 -1
1366 2278 -1
1165 2675 -1
1150 2675 -1
863 2675 -1
2412 3861 -1
2412 3638 -1
2412 3784 -1
2412 3721 -1
2412 3980 -1
2412 3790 -1
2412 3952 -1
2412 3987 -1
2412 3926 -1
2412 3831 -1
2412 3615 -1
1964 3968 -1
1257 3586 -1
1532 3586 -1
2410 2503 -1
2093 2503 -1
2410 2615 -1
1962 3815 -1
2314 3576 -1
2153 3576 -1
2147 3576 -1
2117 3576 -1
2159 3576 -1
2314 3323 -1
2314 3310 -1
2356 3398 -1
2356 3583 -1
2022 2611 -1
1830 2611 -1
2022 2796 -1
2022 2533 -1
2022 2597 -1
1296 3713 -1
1296 3604 -1
1673 3598 -1
2797 3488 -1
2612 3488 -1
2797 3352 -1
2797 3593 -1
2797 3569 -1
772 1120 -1
1249 2202 -1
1249 2120 -1
1699 2804 -1
1699 3044 -1
777 1077 -1
2319 3791 -1
761 1801 -1
761 1771 -1
761 2045 -1
761 1670 -1
697 1639 -1
697 1968 -1
697 1946 -1
1632 2159 -1
1632 2153 -1
1632 2314 -1
1632 2147 -1
1632 2117 -1
1147 3003 -1
922 2713 -1
1193 2713 -1
1012 2713 -1
925 2713 -1
306 2306 -1
306 2168 -1
306 2411 -1
306 2292 -1
306 2373 -1
1022 1970 -1
1022 1894 -1
1022 1958 -1
409 1150 -1
770 1150 -1
675 1150 -1
409 1165 -1
409 863 -1
1883 3969 -1
1595 3564 -1
1595 3257 -1
1595 3268 -1
1595 3343 -1
3078 3905 -1
3191 3854 -1
3191 3976 -1
1301 2281 -1
1794 3856 -1
2101 3573 -1
236 1547 -1
236 1455 -1
1359 3345 -1
250 2690 -1
1916 3671 -1
238 3474 -1
238 3414 -1
1332 3651 -1
1360 3651 -1
1356 3651 -1
1293 3651 -1
1542 3651 -1
1621 2241 -1
1394 2241 -1
2167 2510 -1
2402 2510 -1
2167 2672 -1
2167 2686 -1
2376 3580 -1
1771 3706 -1
1801 3706 -1
2045 3706 -1
1670 3706 -1
2012 3842 -1
2012 3857 -1
2012 3620 -1
2012 3863 -1
1128 1447 -1
3342 3731 -1
818 3320 -1
3053 3858 -1
3033 3858 -1
1601 2994 -1
1288 3073 -1
1130 3500 -1
1201 3500 -1
590 3249 -1
496 3249 -1
806 3249 -1
663 3249 -1
1053 2870 -1
1970 3948 -1
1894 3948 -1
1958 3948 -1
1970 3676 -1
1970 3630 -1
150 1413 -1
84 1413 -1
225 1413 -1
52 1413 -1
53 1413 -1
2792 3357 -1
1916 2461 -1
1054 2574 -1
1072 2574 -1
1204 2574 -1
1868 2564 -1
1793 2564 -1
1868 2486 -1
1905 3700 -1
755 3580 -1
475 3580 -1
699 3586 -1
238 2411 -1
238 2168 -1
238 2306 -1
238 2292 -1
238 2373 -1
1728 3673 -1
1024 3003 -1
1195 3003 -1
941 3003 -1
887 2846 -1
887 3071 -1
887 2892 -1
887 3007 -1
705 1029 -1
656 1029 -1
730 1029 -1
659 1029 -1
567 1029 -1
2238 3913 -1
2238 3675 -1
1333 2311 -1
1324 2311 -1
1565 3957 -1
1404 3957 -1
1565 3779 -1
1501 3538 -1
142 474 -1
77 474 -1
1664 3096 -1
1664 2836 -1
1664 2999 -1
1972 2493 -1
1754 2493 -1
1677 2493 -1
1904 3597 -1
1956 3597 -1
1220 3434 -1
1894 2246 -1
1768 2246 -1
1970 2246 -1
1958 2246 -1
1919 2246 -1
1894 2106 -1
1092 3209 -1
2003 2635 -1
1860 2635 -1
1637 2635 -1
1997 2635 -1
1741 2635 -1
1782 2635 -1
1668 2635 -1
1822 2635 -1
2003 2720 -1
2003 2746 -1
1517 2423 -1
1297 2423 -1
1679 3808 -1
2064 3871 -1
1543 2449 -1
1264 2449 -1
1585 2449 -1
1586 2449 -1
1464 2449 -1
1543 2440 -1
1543 2617 -1
1543 2487 -1
1282 3705 -1
1282 3784 -1
1282 3669 -1
1282 3638 -1
3489 3681 -1
1709 3856 -1
1092 3156 -1
1806 2891 -1
1737 2891 -1
1788 2891 -1
1836 2891 -1
2451 3454 -1
493 978 -1
493 1082 -1
533 2933 -1
324 1124 -1
71 1124 -1
403 953 -1
1889 3164 -1
1889 3001 -1
2936 3889 -1
2859 3889 -1
2864 3889 -1
3057 3889 -1
2838 3889 -1
2842 3889 -1
2939 3889 -1
2936 3777 -1
2936 3798 -1
1331 2269 -1
2848 3854 -1
2848 3976 -1
3451 3621 -1
3451 3862 -1
1370 2161 -1
2136 3264 -1
2342 3420 -1
2189 3420 -1
2342 3293 -1
2388 3887 -1
1175 3329 -1
888 3329 -1
957 3329 -1
1175 3312 -1
1175 3281 -1
133 2808 -1
47 2808 -1
2362 3608 -1
2362 3833 -1
2362 3823 -1
1165 2620 -1
1150 2620 -1
863 2620 -1
1849 3774 -1
1720 3774 -1
1651 3774 -1
921 2682 -1
965 2682 -1
1119 2682 -1
1037 2682 -1
1102 2682 -1
821 2682 -1
859 2682 -1
1151 2682 -1
2265 3485 -1
2265 3378 -1
2265 3540 -1
366 1642 -1
443 1642 -1
1330 3800 -1
1387 3800 -1
1386 3800 -1
1323 3800 -1
1358 3800 -1
1330 3964 -1
1330 3851 -1
1330 3860 -1
1330 3879 -1
1093 3155 -1
1945 3881 -1
929 2033 -1
1206 2033 -1
929 1636 -1
929 2053 -1
929 1655 -1
1332 3662 -1
1360 3662 -1
1356 3662 -1
1293 3662 -1
1542 3662 -1
1592 3732 -1
1592 3848 -1
758 933 -1
669 933 -1
948 2585 -1
1556 2840 -1
1556 3202 -1
2727 3545 -1
1005 2098 -1
1077 2400 -1
2251 3568 -1
1234 2495 -1
1136 2495 -1
2018 3021 -1
2023 3021 -1
504 3325 -1
712 3325 -1
636 3325 -1
622 3325 -1
1214 3089 -1
880 3089 -1
923 3089 -1
1118 3089 -1
839 3089 -1
2824 3903 -1
2052 3844 -1
1709 3174 -1
486 964 -1
750 964 -1
2819 3817 -1
3045 3817 -1
3048 3714 -1
3048 3978 -1
3048 3923 -1
3048 3687 -1
1020 1490 -1
1178 1490 -1
1020 1440 -1
2891 3944 -1
2891 3810 -1
2891 3918 -1
2891 3654 -1
803 3537 -1
803 3469 -1
774 1057 -1
330 2563 -1
330 2618 -1
330 2571 -1
330 2447 -1
330 2453 -1
330 2719 -1
2961 3813 -1
3210 3813 -1
3220 3813 -1
2853 3813 -1
2961 3954 -1
1611 2284 -1
1372 3920 -1
1510 3920 -1
1372 3625 -1
1372 3627 -1
787 1987 -1
787 1940 -1
1442 2251 -1
2158 3893 -1
2308 3893 -1
114 1957 -1
1687 3536 -1
811 2820 -1
561 2820 -1
538 2820 -1
1971 3958 -1
1684 3958 -1
1992 2758 -1
1785 3664 -1
1165 2767 -1
1150 2767 -1
863 2767 -1
1905 3932 -1
3108 3993 -1
3108 3797 -1
2190 3947 -1
2192 3947 -1
2186 3947 -1
2190 3734 -1
2190 3702 -1
391 3079 -1
142 2739 -1
77 2739 -1
1585 2414 -1
1264 2414 -1
1464 2414 -1
1586 2414 -1
1543 2414 -1
1585 2162 -1
2012 3988 -1
2012 3816 -1
2012 3891 -1
2012 3717 -1
2012 3622 -1
779 1819 -1
865 1246 -1
883 1246 -1
865 1529 -1
2136 3208 -1
2136 3028 -1
1556 3956 -1
833 1353 -1
833 1400 -1
833 1475 -1
833 1581 -1
2834 3897 -1
934 2167 -1
920 2167 -1
934 2402 -1
2047 3864 -1
947 1360 -1
1194 1360 -1
947 1332 -1
947 1356 -1
947 1293 -1
658 1431 -1
1891 2837 -1
1891 2823 -1
2651 3478 -1
2651 3258 -1
2851 3752 -1
2851 3972 -1
2883 3796 -1
1220 1533 -1
1220 1409 -1
1220 1397 -1
1220 1374 -1
1776 3339 -1
2055 3339 -1
1776 3408 -1
1776 3546 -1
94 2479 -1
682 3079 -1
1605 2383 -1
3101 3804 -1
1393 2180 -1
3194 3538 -1
919 1336 -1
362 2762 -1
316 2762 -1
762 1978 -1
449 1978 -1
491 1978 -1
665 1978 -1
1758 3575 -1
1495 3556 -1
1488 3556 -1
1040 2072 -1
1216 2072 -1
1097 2072 -1
1033 1347 -1
994 1347 -1
1221 1347 -1
1195 1347 -1
941 1347 -1
1230 1347 -1
1235 1347 -1
1179 1347 -1
1033 1408 -1
1033 1594 -1
1033 1522 -1
504 2419 -1
712 2419 -1
636 2419 -1
622 2419 -1
504 2087 -1
504 2131 -1
504 2325 -1
504 2237 -1
540 3289 -1
1605 3723 -1
123 2174 -1
1806 3838 -1
1737 3838 -1
1788 3838 -1
1836 3838 -1
1487 3690 -1
1576 3690 -1
1600 3690 -1
1571 3505 -1
2306 2967 -1
2168 2967 -1
2411 2967 -1
2292 2967 -1
2373 2967 -1
2018 3802 -1
2023 3802 -1
1486 3498 -1
1618 3498 -1
1396 3498 -1
1371 3498 -1
1468 3498 -1
1566 3498 -1
1311 3498 -1
1486 3246 -1
2173 3955 -1
1532 3448 -1
1257 3448 -1
2246 2616 -1
2106 2616 -1
2039 3918 -1
2039 3944 -1
2039 3810 -1
2039 3654 -1
3038 3952 -1
3038 3638 -1
3038 3784 -1
3038 3790 -1
3038 3987 -1
3038 3861 -1
3038 3926 -1
3038 3831 -1
3038 3615 -1
241 2385 -1
184 2385 -1
307 2385 -1
213 2385 -1
46 2385 -1
229 2385 -1
2854 3651 -1
2972 3973 -1
360 898 -1
1657 3785 -1
1657 3613 -1
3220 3675 -1
2961 3675 -1
3210 3675 -1
2853 3675 -1
3220 3913 -1
1745 3693 -1
1369 3478 -1
1313 3478 -1
1316 3478 -1
1369 3258 -1
464 1089 -1
602 1089 -1
1501 3242 -1
1501 3240 -1
1501 3465 -1
1501 3579 -1
1501 3502 -1
1501 3559 -1
1857 2748 -1
71 3352 -1
324 3352 -1
71 3488 -1
71 3593 -1
71 3569 -1
71 3315 -1
71 3348 -1
71 3512 -1
1611 2413 -1
2604 3535 -1
2444 3535 -1
1320 3562 -1
1562 3562 -1
1320 3530 -1
1775 3740 -1
1778 3765 -1
1222 3645 -1
1189 3645 -1
1222 3794 -1
2061 2988 -1
1888 2988 -1
1915 2988 -1
1869 2988 -1
2061 2881 -1
2061 3133 -1
2061 2934 -1
2061 2997 -1
625 1870 -1
587 1870 -1
723 1870 -1
320 2127 -1
800 3124 -1
1742 3603 -1
397 3432 -1
397 3280 -1
397 3481 -1
397 3263 -1
397 3412 -1
397 3551 -1
1294 2225 -1
1609 2225 -1
1294 2201 -1
1294 2140 -1
968 1357 -1
3188 3623 -1
1803 3693 -1
2892 3627 -1
3071 3627 -1
2846 3627 -1
3007 3627 -1
2892 3920 -1
2892 3625 -1
610 3348 -1
610 3512 -1
610 3409 -1
610 3376 -1
610 3569 -1
610 3315 -1
610 3352 -1
1193 1714 -1
922 1714 -1
1012 1714 -1
925 1714 -1
1193 1808 -1
1193 1898 -1
432 3666 -1
1929 3753 -1
1542 3496 -1
1356 3496 -1
1332 3496 -1
1482 2284 -1
1467 2284 -1
1268 2284 -1
1056 3118 -1
777 3286 -1
2090 3260 -1
2971 3776 -1
1551 2366 -1
1551 2240 -1
1551 2244 -1
1992 3786 -1
1313 3358 -1
1369 3358 -1
1316 3358 -1
1313 3477 -1
801 1150 -1
801 1165 -1
801 863 -1
1593 2356 -1
1430 2356 -1
1824 3685 -1
1794 3923 -1
1794 3978 -1
1794 3714 -1
1794 3687 -1
501 1182 -1
501 843 -1
1108 1656 -1
943 1656 -1
1108 1938 -1
1108 1924 -1
1650 3589 -1
1773 3589 -1
1517 3485 -1
1297 3485 -1
1517 3378 -1
1517 3540 -1
182 2495 -1
30 2660 -1
154 2660 -1
245 2660 -1
30 2456 -1
30 2452 -1
30 2622 -1
30 2751 -1
1882 3985 -1
2330 2661 -1
2415 2661 -1
2330 2788 -1
2330 2569 -1
2330 2570 -1
2330 2475 -1
2330 2610 -1
2330 2516 -1
2330 2590 -1
2330 2426 -1
2330 2558 -1
1639 3200 -1
1968 3200 -1
1946 3200 -1
538 882 -1
561 882 -1
811 882 -1
538 867 -1
2034 2329 -1
1375 2312 -1
1367 2107 -1
617 2252 -1
1067 3330 -1
1067 3373 -1
1067 3271 -1
1472 3445 -1
325 2455 -1
325 2731 -1
1375 3476 -1
1582 3957 -1
1582 3779 -1
487 3124 -1
1344 2133 -1
1275 2133 -1
1516 2133 -1
1899 3222 -1
2048 3222 -1
1674 3222 -1
2010 3222 -1
1762 3222 -1
1887 3222 -1
323 2082 -1
323 2371 -1
3020 3604 -1
3020 3713 -1
2408 3445 -1
1258 2200 -1
2297 3574 -1
772 3120 -1
1715 3676 -1
1668 3676 -1
1822 3676 -1
1715 3948 -1
1715 3630 -1
3342 3726 -1
1937 3986 -1
1713 3986 -1
1843 3772 -1
800 3092 -1
442 1063 -1
3579 3897 -1
3240 3897 -1
3465 3897 -1
3242 3897 -1
3502 3897 -1
3559 3897 -1
1193 1433 -1
922 1433 -1
1012 1433 -1
925 1433 -1
1027 2876 -1
2899 3623 -1
888 2854 -1
957 2854 -1
1175 2854 -1
225 2385 -1
84 2385 -1
52 2385 -1
53 2385 -1
150 2385 -1
254 2385 -1
828 3075 -1
1000 3075 -1
355 1217 -1
967 2854 -1
53 2157 -1
84 2157 -1
225 2157 -1
52 2157 -1
150 2157 -1
1414 3400 -1
1414 3493 -1
1929 3804 -1
1849 3865 -1
1720 3865 -1
1651 3865 -1
1849 3751 -1
1849 3606 -1
1849 3679 -1
820 3189 -1
3451 3951 -1
1422 3200 -1
2384 3494 -1
2416 3494 -1
2384 3595 -1
2396 3991 -1
104 2267 -1
180 2267 -1
263 2267 -1
1869 3886 -1
1888 3886 -1
1915 3886 -1
2061 3886 -1
3147 3629 -1
2270 3258 -1
2270 3478 -1
2579 3678 -1
250 2584 -1
1487 3300 -1
1576 3300 -1
1600 3300 -1
1857 3853 -1
1822 3222 -1
1860 3222 -1
1715 3222 -1
1668 3222 -1
1741 3222 -1
2003 3222 -1
2373 3505 -1
2168 3505 -1
2306 3505 -1
2411 3505 -1
657 891 -1
2010 3510 -1
2048 3510 -1
1674 3510 -1
1899 3510 -1
1887 3510 -1
1059 2400 -1
2332 3333 -1
2424 3333 -1
2273 3333 -1
2077 3513 -1
2316 3513 -1
2135 3513 -1
2077 3361 -1
2077 3482 -1
1471 2887 -1
1257 2130 -1
1532 2130 -1
1257 2076 -1
1257 2341 -1
1904 2978 -1
1956 2978 -1
1896 3227 -1
2390 2584 -1
2128 2584 -1
2154 2584 -1
485 1084 -1
3557 3720 -1
3557 3992 -1
3557 3895 -1
1672 3510 -1
1561 2402 -1
1498 2402 -1
1355 2402 -1
1561 2167 -1
875 3395 -1
3167 3804 -1
2830 3804 -1
3166 3724 -1
1558 3431 -1
1716 3964 -1
1716 3653 -1
1716 3879 -1
1716 3851 -1
1716 3824 -1
1716 3860 -1
1716 3800 -1
1716 3966 -1
2779 3332 -1
424 1819 -1
1719 3607 -1
1719 3635 -1
965 1782 -1
1119 1782 -1
1037 1782 -1
1102 1782 -1
821 1782 -1
921 1782 -1
859 1782 -1
1151 1782 -1
965 1741 -1
965 2003 -1
965 1860 -1
965 1637 -1
965 1997 -1
1943 3815 -1
379 978 -1
742 978 -1
647 978 -1
379 1082 -1
1845 3885 -1
1689 3976 -1
1689 3854 -1
142 519 -1
77 519 -1
535 1182 -1
535 843 -1
299 3420 -1
299 3293 -1
151 906 -1
1788 2776 -1
1737 2776 -1
1836 2776 -1
1806 2776 -1
1788 2496 -1
1788 2596 -1
1229 1658 -1
3296 3975 -1
2216 3334 -1
142 2752 -1
77 2752 -1
614 1016 -1
519 1223 -1
519 1185 -1
1957 2937 -1
1449 3304 -1
1318 3304 -1
2921 3804 -1
538 1084 -1
561 1084 -1
811 1084 -1
535 1016 -1
1758 2158 -1
1758 2308 -1
3392 3764 -1
2050 2967 -1
478 2526 -1
611 2526 -1
814 2526 -1
1991 3845 -1
1991 3750 -1
1805 2359 -1
1805 2378 -1
1805 2397 -1
1691 2886 -1
2177 2659 -1
2357 2659 -1
1891 3656 -1
721 3332 -1
2092 3426 -1
2092 3282 -1
2266 3543 -1
1410 3328 -1
1410 3566 -1
1252 3293 -1
1252 3420 -1
2293 2648 -1
898 1365 -1
605 2072 -1
593 2072 -1
751 2072 -1
460 2072 -1
646 2072 -1
799 2072 -1
1159 2994 -1
1210 2994 -1
1314 3566 -1
1314 3328 -1
1768 3935 -1
1958 3935 -1
1894 3935 -1
1919 3935 -1
1789 3981 -1
2025 3981 -1
279 2176 -1
22 2176 -1
279 2144 -1
279 2084 -1
279 2165 -1
3423 3940 -1
1136 3043 -1
1234 3043 -1
1136 2962 -1
453 3206 -1
532 3206 -1
453 3016 -1
453 3039 -1
1808 3765 -1
1898 3765 -1
1714 3765 -1
443 1792 -1
366 1792 -1
443 1649 -1
443 1897 -1
3187 3661 -1
3187 3827 -1
364 1235 -1
74 1235 -1
354 1235 -1
364 994 -1
364 1221 -1
364 1033 -1
364 1195 -1
364 941 -1
364 1179 -1
2055 2843 -1
1776 2843 -1
1630 2241 -1
1577 2241 -1
2712 3129 -1
2472 3129 -1
2753 3129 -1
559 2014 -1
544 2014 -1
1084 3539 -1
571 1091 -1
571 1142 -1
1733 3442 -1
1733 3269 -1
1733 3294 -1
1432 3525 -1
1432 3581 -1
3024 3579 -1
3172 3579 -1
3024 3240 -1
3024 3465 -1
3024 3242 -1
3024 3502 -1
3024 3559 -1
561 978 -1
538 978 -1
811 978 -1
561 1082 -1
1949 3627 -1
1949 3920 -1
1949 3625 -1
276 3420 -1
276 3293 -1
2153 2762 -1
2314 2762 -1
2147 2762 -1
2117 2762 -1
2159 2762 -1
1505 3922 -1
1173 2866 -1
1173 3212 -1
705 1146 -1
656 1146 -1
730 1146 -1
659 1146 -1
567 1146 -1
779 3144 -1
497 1055 -1
889 3167 -1
889 2830 -1
1862 3728 -1
1501 2364 -1
1501 2363 -1
1734 3685 -1
1763 3983 -1
218 2967 -1
297 2967 -1
1422 3110 -1
486 2983 -1
750 2983 -1
886 1455 -1
886 1547 -1
667 3153 -1
965 1798 -1
1119 1798 -1
1037 1798 -1
1102 1798 -1
821 1798 -1
921 1798 -1
859 1798 -1
1151 1798 -1
965 1748 -1
391 3156 -1
2324 2436 -1
2326 2436 -1
2324 2657 -1
2864 3650 -1
2859 3650 -1
3151 3650 -1
3057 3650 -1
2838 3650 -1
3223 3650 -1
2936 3650 -1
2873 3650 -1
2842 3650 -1
2939 3650 -1
3341 3955 -1
3288 3955 -1
1929 3643 -1
1448 2307 -1
2323 3240 -1
2323 3465 -1
2323 3242 -1
2323 3579 -1
2323 3502 -1
2323 3559 -1
545 1173 -1
3205 3751 -1
3205 3865 -1
3205 3606 -1
1379 2112 -1
2262 3732 -1
2262 3848 -1
2368 3294 -1
2368 3442 -1
2368 3269 -1
1561 2366 -1
1498 2366 -1
1355 2366 -1
1561 2240 -1
1561 2244 -1
2058 2733 -1
218 2698 -1
297 2698 -1
798 3116 -1
2888 3603 -1
505 2053 -1
505 2033 -1
505 1636 -1
1696 3693 -1
1571 2870 -1
805 965 -1
585 965 -1
805 1119 -1
805 1037 -1
805 1102 -1
805 821 -1
805 921 -1
805 859 -1
805 1151 -1
975 2854 -1
1633 3340 -1
1566 2355 -1
1486 2355 -1
1327 2355 -1
1618 2355 -1
1396 2355 -1
1371 2355 -1
1468 2355 -1
1311 2355 -1
3179 3919 -1
2898 3919 -1
2818 3919 -1
3533 3855 -1
1050 2895 -1
1984 2706 -1
86 861 -1
86 848 -1
86 1236 -1
86 1134 -1
202 1125 -1
178 1125 -1
204 1125 -1
1641 3752 -1
1641 3972 -1
1072 3371 -1
1204 3371 -1
1054 3371 -1
1072 3238 -1
3054 3623 -1
3070 3623 -1
2052 3612 -1
285 2288 -1
983 3589 -1
736 3206 -1
796 3206 -1
736 3016 -1
736 3039 -1
2019 3817 -1
1982 3817 -1
1856 3739 -1
1856 3704 -1
1856 3857 -1
1856 3863 -1
2391 2538 -1
2179 2538 -1
1602 2423 -1
1493 2423 -1
1535 2423 -1
2978 3599 -1
1093 2952 -1
3417 3756 -1
3299 3756 -1
3417 3636 -1
3417 3660 -1
2804 3573 -1
3044 3573 -1
1448 2140 -1
1448 2225 -1
1448 2201 -1
1448 2086 -1
1448 2303 -1
2233 2938 -1
2233 3068 -1
1178 2954 -1
1020 2954 -1
1178 2863 -1
1178 3105 -1
1178 3019 -1
1178 3231 -1
1972 2496 -1
1754 2496 -1
1677 2496 -1
1972 2776 -1
1972 2596 -1
1229 1918 -1
1293 2160 -1
1360 2160 -1
1332 2160 -1
1356 2160 -1
254 1154 -1
225 1154 -1
84 1154 -1
889 2857 -1
1331 2125 -1
570 3153 -1
616 3153 -1
460 3153 -1
390 3153 -1
751 3153 -1
953 3166 -1
548 1904 -1
548 1956 -1
978 3194 -1
1082 3194 -1
1123 2863 -1
1123 3105 -1
1123 2954 -1
1123 3019 -1
1123 3180 -1
1123 3231 -1
2050 2827 -1
2050 3031 -1
75 931 -1
1171 3054 -1
1171 3070 -1
781 3004 -1
781 2865 -1
781 3077 -1
781 3182 -1
781 3185 -1
1195 1747 -1
1024 1747 -1
994 1747 -1
1221 1747 -1
1033 1747 -1
941 1747 -1
1230 1747 -1
1235 1747 -1
1179 1747 -1
1983 3953 -1
2369 2599 -1
311 3605 -1
1741 3772 -1
1668 3772 -1
1637 3772 -1
1997 3772 -1
2003 3772 -1
1782 3772 -1
1860 3772 -1
1822 3772 -1
1528 2292 -1
1528 2306 -1
1528 2411 -1
1265 2217 -1
1341 2217 -1
2402 3334 -1
2167 3334 -1
2319 3838 -1
1689 3809 -1
1832 2470 -1
3502 3805 -1
3240 3805 -1
3465 3805 -1
3242 3805 -1
3579 3805 -1
3559 3805 -1
1876 3589 -1
1310 3602 -1
794 1003 -1
794 904 -1
794 829 -1
1576 2247 -1
1600 2247 -1
1487 2247 -1
1845 3635 -1
1845 3607 -1
1199 2660 -1
1199 2456 -1
1199 2452 -1
1199 2622 -1
1199 2751 -1
1059 3209 -1
201 3605 -1
3549 3726 -1
870 3123 -1
1002 3123 -1
870 3165 -1
2363 2934 -1
2364 2934 -1
2363 3121 -1
2363 2988 -1
2363 3133 -1
2363 2997 -1
1703 3630 -1
1703 3676 -1
1703 3948 -1
3012 3547 -1
3063 3547 -1
228 3267 -1
333 3267 -1
295 3689 -1
232 3689 -1
177 3689 -1
218 2217 -1
297 2217 -1
3201 3836 -1
2158 3622 -1
2308 3622 -1
2158 3816 -1
2158 3891 -1
2158 3988 -1
2158 3717 -1
972 3566 -1
972 3328 -1
1036 3350 -1
998 3350 -1
1377 2155 -1
1940 3978 -1
1987 3978 -1
1940 3714 -1
1940 3923 -1
1940 3687 -1
2752 3301 -1
1420 3541 -1
1420 3335 -1
1420 3495 -1
1500 3294 -1
1473 3294 -1
1378 3294 -1
1500 3442 -1
1500 3269 -1
472 791 -1
489 791 -1
211 215 -1
117 215 -1
12 211 -1
2630 2742 -1
2512 2630 -1
2630 2652 -1
2469 2630 -1
35 189 -1
189 243 -1
35 280 -1
35 141 -1
35 78 -1
823 1152 -1
1043 1152 -1
976 1062 -1
1062 1177 -1
949 1062 -1
825 1062 -1
976 1176 -1
2176 2301 -1
2144 2301 -1
2084 2301 -1
2165 2301 -1
2176 2248 -1
2076 2176 -1
2176 2341 -1
2176 2191 -1
518 624 -1
624 717 -1
2650 2798 -1
2434 2650 -1
574 796 -1
641 796 -1
574 736 -1
2567 2658 -1
2658 2793 -1
2658 2749 -1
2567 2784 -1
2567 2689 -1
3240 3499 -1
3465 3499 -1
3242 3499 -1
3499 3579 -1
3499 3502 -1
3499 3559 -1
502 762 -1
608 762 -1
762 778 -1
762 815 -1
449 502 -1
491 502 -1
502 665 -1
