381 705 1
436 686 1
580 724 1
386 583 1
675 749 1
452 772 1
496 733 1
653 770 1
428 473 1
463 540 1
417 643 1
455 645 1
596 815 1
601 709 1
555 634 1
508 725 1
584 744 1
553 554 1
619 657 1
645 799 1
455 799 1
527 568 1
425 792 1
502 773 1
409 756 1
387 554 1
387 553 1
548 726 1
435 579 1
374 594 1
538 813 1
405 655 1
573 648 1
578 761 1
607 791 1
497 723 1
426 693 1
451 584 1
451 744 1
414 663 1
698 772 1
452 698 1
624 637 1
405 631 1
631 655 1
754 806 1
400 796 1
371 644 1
545 555 1
545 634 1
529 588 1
403 630 1
435 671 1
579 671 1
569 796 1
400 569 1
435 661 1
579 661 1
661 671 1
529 537 1
537 588 1
380 617 1
477 766 1
667 680 1
434 785 1
630 779 1
403 779 1
386 818 1
583 818 1
470 678 1
468 575 1
543 719 1
625 664 1
729 738 1
473 545 1
428 545 1
473 634 1
473 555 1
545 632 1
473 632 1
632 634 1
555 632 1
428 632 1
509 782 1
587 797 1
485 510 1
542 548 1
542 726 1
392 449 1
483 542 1
483 548 1
483 726 1
578 816 1
761 816 1
535 541 1
568 794 1
527 794 1
645 747 1
747 799 1
455 747 1
513 763 1
475 722 1
396 396 1
379 816 1
379 761 1
379 578 1
461 706 1
529 768 1
537 768 1
588 768 1
583 808 1
386 808 1
808 818 1
379 543 1
543 816 1
543 761 1
543 578 1
379 719 1
404 555 1
404 632 1
404 545 1
404 634 1
404 473 1
479 643 1
417 479 1
498 521 1
637 768 1
624 768 1
529 637 1
588 637 1
537 637 1
671 718 1
579 718 1
435 718 1
661 718 1
527 601 1
568 601 1
601 794 1
527 709 1
624 781 1
768 781 1
637 781 1
651 755 1
387 795 1
553 795 1
554 795 1
632 648 1
545 648 1
555 648 1
428 648 1
404 648 1
473 648 1
634 648 1
573 632 1
396 505 1
618 753 1
481 716 1
459 482 1
470 568 1
568 678 1
470 601 1
470 794 1
470 527 1
596 716 1
716 815 1
481 596 1
367 464 1
366 557 1
569 670 1
400 670 1
670 796 1
385 663 1
385 414 1
434 717 1
717 785 1
719 746 1
379 746 1
543 746 1
534 696 1
789 819 1
639 811 1
592 728 1
415 734 1
392 457 1
449 457 1
385 569 1
414 569 1
569 663 1
385 400 1
385 670 1
385 796 1
488 803 1
390 404 1
390 545 1
390 648 1
390 555 1
390 632 1
390 473 1
390 634 1
501 803 1
488 501 1
405 697 1
631 697 1
655 697 1
686 756 1
436 756 1
409 686 1
438 768 1
438 588 1
438 781 1
438 624 1
438 529 1
438 537 1
438 637 1
536 583 1
536 808 1
386 536 1
536 818 1
620 723 1
497 620 1
578 588 1
588 816 1
588 761 1
379 588 1
543 588 1
578 768 1
529 578 1
438 578 1
537 578 1
578 637 1
974 1097 1
993 1127 1
925 1187 1
1182 1224 1
893 1213 1
868 1158 1
842 1130 1
852 1021 1
840 1065 1
1004 1061 1
848 984 1
854 1166 1
822 1212 1
1046 1113 1
885 1003 1
1195 1235 1
994 1160 1
954 1156 1
1112 1171 1
918 1228 1
884 1153 1
912 1214 1
1058 1058 1
1207 1214 1
912 1207 1
1124 1127 1
993 1124 1
895 1115 1
1072 1217 1
1121 1132 1
843 1129 1
911 1133 1
1070 1171 1
1070 1112 1
949 1136 1
999 1234 1
880 970 1
1023 1129 1
843 1023 1
930 949 1
930 1136 1
967 1210 1
845 1051 1
827 1066 1
1040 1117 1
890 1108 1
1017 1214 1
912 1017 1
1017 1207 1
871 875 1
880 1221 1
970 1221 1
1005 1108 1
890 1005 1
1024 1190 1
948 985 1
1119 1174 1
889 1218 1
1100 1105 1
822 1218 1
1212 1218 1
822 889 1
913 1166 1
854 913 1
855 965 1
989 1213 1
893 989 1
1211 1234 1
999 1211 1
856 1198 1
828 848 1
828 984 1
869 1026 1
836 1187 1
836 925 1
1132 1225 1
1121 1225 1
960 1029 1
971 1224 1
971 1182 1
834 918 1
834 1228 1
886 920 1
911 1039 1
1039 1133 1
1131 1233 1
836 1051 1
1051 1187 1
925 1051 1
836 845 1
874 881 1
1157 1169 1
847 1041 1
910 1158 1
868 910 1
883 1184 1
979 1205 1
866 1055 1
1108 1187 1
890 1187 1
1005 1187 1
836 1108 1
1051 1108 1
925 1108 1
975 1060 1
902 1134 1
976 1101 1
905 987 1
914 1210 1
914 967 1
1028 1199 1
1028 1217 1
1199 1217 1
1028 1072 1
1101 1170 1
976 1170 1
1201 1216 1
1124 1194 1
993 1194 1
1127 1194 1
841 937 1
1130 1228 1
842 1228 1
834 1130 1
918 1130 1
1018 1144 1
889 1217 1
1217 1218 1
822 1217 1
889 1028 1
889 1199 1
889 1072 1
908 1181 1
1132 1166 1
1121 1166 1
1166 1225 1
913 1132 1
854 1132 1
871 958 1
875 958 1
1105 1136 1
1100 1136 1
930 1105 1
949 1105 1
921 942 1
1112 1187 1
1171 1187 1
1070 1187 1
836 1112 1
1005 1112 1
1108 1112 1
890 1112 1
1051 1112 1
925 1112 1
1066 1153 1
827 1153 1
884 1066 1
1154 1162 1
1003 1167 1
885 1167 1
1050 1233 1
1050 1131 1
1149 1212 1
1149 1218 1
822 1149 1
841 923 1
923 937 1
837 1204 1
1061 1144 1
1004 1144 1
1018 1061 1
933 1018 1
933 1144 1
933 1061 1
841 1193 1
937 1193 1
923 1193 1
1044 1091 1
954 1159 1
1156 1159 1
863 1004 1
863 1144 1
863 1061 1
1055 1083 1
866 1083 1
832 1140 1
936 1072 1
936 1217 1
936 1028 1
889 936 1
943 1185 1
950 1076 1
1011 1146 1
939 1154 1
939 1162 1
1007 1082 1
974 1106 1
1097 1106 1
1029 1134 1
960 1134 1
902 1029 1
1053 1141 1
865 1184 1
865 883 1
894 952 1
920 936 1
886 936 1
920 1217 1
920 1028 1
920 1072 1
889 920 1
1396 1566 1
1286 1348 1
1254 1429 1
1328 1345 1
1355 1603 1
1354 1586 1
1358 1419 1
1428 1548 1
1468 1616 1
1423 1538 1
1267 1583 1
1397 1406 1
1522 1616 1
1468 1522 1
1291 1633 1
1357 1436 1
1384 1489 1
1303 1576 1
1418 1464 1
1517 1627 1
1508 1539 1
1449 1505 1
1269 1589 1
1343 1370 1
1326 1336 1
1403 1585 1
1410 1500 1
1445 1575 1
1312 1350 1
1395 1605 1
1305 1500 1
1305 1410 1
1328 1363 1
1345 1363 1
1256 1413 1
1399 1556 1
1429 1548 1
1254 1548 1
1428 1429 1
1317 1436 1
1317 1357 1
1316 1572 1
1257 1426 1
1451 1459 1
1266 1495 1
1421 1571 1
1298 1514 1
1492 1536 1
1311 1375 1
1265 1315 1
1381 1520 1
1451 1585 1
1459 1585 1
1403 1451 1
1247 1329 1
1507 1564 1
1241 1534 1
1477 1536 1
1477 1492 1
1241 1429 1
1429 1534 1
1241 1428 1
1241 1548 1
1241 1254 1
1546 1547 1
1244 1279 1
1354 1358 1
1358 1586 1
1354 1419 1
1464 1580 1
1418 1580 1
1458 1627 1
1458 1517 1
1325 1333 1
1367 1611 1
1302 1590 1
1284 1509 1
1403 1626 1
1585 1626 1
1451 1626 1
1261 1331 1
1370 1494 1
1343 1494 1
1398 1483 1
1564 1579 1
1507 1579 1
1438 1573 1
1330 1411 1
1472 1628 1
1420 1629 1
1396 1630 1
1566 1630 1
1279 1491 1
1244 1491 1
1420 1559 1
1559 1629 1
1403 1434 1
1434 1585 1
1434 1626 1
1434 1451 1
1553 1563 1
1384 1522 1
1489 1522 1
1384 1616 1
1384 1468 1
1445 1497 1
1497 1575 1
1457 1623 1
1453 1548 1
1241 1453 1
1428 1453 1
1429 1453 1
1254 1453 1
1470 1473 1
1558 1612 1
1242 1414 1
1302 1402 1
1402 1590 1
1487 1515 1
1376 1538 1
1376 1423 1
1326 1541 1
1336 1541 1
1334 1354 1
1334 1586 1
1334 1419 1
1334 1358 1
1555 1612 1
1555 1558 1
1331 1561 1
1261 1561 1
1283 1353 1
1334 1365 1
1354 1365 1
1365 1419 1
1365 1586 1
1358 1365 1
1471 1618 1
1518 1531 1
1288 1622 1
1347 1444 1
1239 1403 1
1239 1585 1
1239 1626 1
1239 1451 1
1239 1434 1
1297 1494 1
1297 1370 1
1297 1343 1
1596 1632 1
1427 1555 1
1427 1612 1
1427 1558 1
1305 1405 1
1405 1410 1
1405 1500 1
1474 1535 1
1411 1611 1
1330 1611 1
1367 1411 1
1477 1521 1
1521 1536 1
1492 1521 1
1445 1624 1
1497 1624 1
1575 1624 1
1242 1301 1
1301 1414 1
1378 1500 1
1305 1378 1
1378 1410 1
1378 1405 1
1364 1504 1
1310 1524 1
1512 1629 1
1420 1512 1
1512 1559 1
1350 1432 1
1312 1432 1
1394 1545 1
1342 1453 1
1254 1342 1
1342 1548 1
1342 1428 1
1342 1429 1
1241 1342 1
1382 1599 1
1379 1532 1
1487 1587 1
1515 1587 1
1412 1502 1
1331 1581 1
1561 1581 1
1261 1581 1
1353 1440 1
1283 1440 1
1248 1546 1
1248 1547 1
1303 1589 1
1576 1589 1
1269 1303 1
1635 1830 1
1745 2040 1
1689 1871 1
1755 1846 1
1694 1911 1
1783 1895 1
1807 2019 1
1662 1981 1
2041 2056 1
1803 1924 1
1840 2040 1
1745 1840 1
2010 2024 1
1677 1756 1
1812 2058 1
1881 1909 1
1716 1826 1
1657 1701 1
1785 1870 1
1777 1894 1
1913 2014 1
1895 1962 1
1783 1962 1
1873 1996 1
1904 1964 1
1777 2058 1
1894 2058 1
1777 1812 1
1713 2050 1
1825 1848 1
1734 1962 1
1734 1783 1
1734 1895 1
1784 2049 1
1846 2028 1
1755 2028 1
1754 1969 1
1740 1778 1
1705 2023 1
1705 1850 1
1850 2023 1
1712 1867 1
1770 1930 1
1751 1945 1
1673 2032 1
1947 2023 1
1705 1947 1
1850 1947 1
1858 2022 1
1643 1926 1
1856 1888 1
1816 1966 1
1821 1957 1
1745 2033 1
2033 2040 1
1840 2033 1
1874 1880 1
1939 2007 1
1811 2027 1
1673 1706 1
1706 2032 1
1887 2006 1
1868 2023 1
1705 1868 1
1850 1868 1
1868 1947 1
1936 2038 1
1668 1766 1
1823 1948 1
1706 1990 1
1990 2032 1
1673 1990 1
1656 1789 1
1883 1953 1
1799 1942 1
1891 2003 1
1784 2008 1
2008 2049 1
1752 1846 1
1752 1755 1
1752 2028 1
1881 1952 1
1909 1952 1
1664 1983 1
1795 1873 1
1795 1996 1
1666 2042 1
1965 2014 1
1913 1965 1
1717 2012 1
1706 1933 1
1933 2032 1
1673 1933 1
1933 1990 1
1887 1950 1
1950 2006 1
1639 2011 1
1659 1826 1
1659 1716 1
1976 2064 1
1681 1960 1
1707 1816 1
1707 1966 1
1734 1896 1
1896 1962 1
1895 1896 1
1783 1896 1
1724 2019 1
1724 1807 1
1683 1746 1
1692 1970 1
1746 1862 1
1683 1862 1
1753 1886 1
1733 2045 1
1676 1855 1
1818 1983 1
1664 1818 1
1706 1922 1
1922 2032 1
1673 1922 1
1922 1933 1
1922 1990 1
1724 1863 1
1863 2019 1
1807 1863 1
1654 1996 1
1654 1873 1
1654 1795 1
1684 1977 1
1869 2044 1
1763 1986 1
1834 1889 1
1683 2037 1
1746 2037 1
1862 2037 1
1853 2003 1
1853 1891 1
1660 2018 1
1950 2064 1
2006 2064 1
1887 2064 1
1950 1976 1
1734 1985 1
1896 1985 1
1962 1985 1
1895 1985 1
1783 1985 1
1947 2057 1
1705 2057 1
1850 2057 1
1868 2057 1
2023 2057 1
1649 1958 1
1863 1891 1
1891 2019 1
1724 1891 1
1807 1891 1
1863 2003 1
1853 1863 1
1787 1932 1
1800 1949 1
1752 1775 1
1755 1775 1
1775 2028 1
1775 1846 1
1645 1780 1
1684 1879 1
1879 1977 1
1804 2027 1
1804 1811 1
1854 1978 1
1761 2012 1
1717 1761 1
1916 1959 1
1643 1898 1
1898 1926 1
1694 1789 1
1789 1911 1
1656 1694 1
1677 1687 1
1687 1756 1
1717 1845 1
1761 1845 1
1845 2012 1
1643 1761 1
1761 1898 1
1761 1926 1
1643 1717 1
1643 2012 1
1643 1845 1
1982 2061 1
1739 2015 1
1872 2023 1
1705 1872 1
1868 1872 1
1872 2057 1
1850 1872 1
1872 1947 1
1689 1973 1
1871 1973 1
1685 2021 1
1745 2057 1
2040 2057 1
1840 2057 1
2033 2057 1
1745 2023 1
1705 1745 1
1745 1868 1
1745 1872 1
1745 1850 1
1745 1947 1
1946 1990 1
1922 1946 1
1673 1946 1
1706 1946 1
1933 1946 1
1946 2032 1
2220 2354 1
2103 2249 1
2091 2209 1
2171 2235 1
2093 2424 1
2239 2341 1
2126 2415 1
2074 2393 1
2268 2424 1
2093 2268 1
2146 2239 1
2146 2341 1
2138 2224 1
2277 2320 1
2084 2212 1
2203 2219 1
2081 2319 1
2148 2333 1
2083 2183 1
2081 2152 1
2152 2319 1
2242 2301 1
2147 2391 1
2230 2368 1
2309 2319 1
2152 2309 1
2081 2309 1
2228 2349 1
2142 2171 1
2142 2235 1
2215 2424 1
2215 2268 1
2093 2215 1
2088 2308 1
2073 2255 1
2185 2319 1
2152 2185 1
2081 2185 1
2185 2309 1
2183 2365 1
2083 2365 1
2078 2101 1
2074 2376 1
2376 2393 1
2261 2394 1
2233 2240 1
2102 2359 1
2132 2177 1
2170 2304 1
2377 2379 1
2310 2347 1
2199 2253 1
2230 2299 1
2299 2368 1
2166 2380 1
2244 2282 1
2096 2355 1
2095 2383 1
2176 2414 1
2082 2308 1
2082 2088 1
2164 2411 1
2183 2415 1
2083 2415 1
2365 2415 1
2126 2183 1
2121 2239 1
2121 2146 1
2121 2341 1
2099 2195 1
2187 2302 1
2179 2374 1
2135 2410 1
2131 2328 1
2159 2238 1
2193 2302 1
2187 2193 1
2361 2365 1
2361 2415 1
2083 2361 1
2183 2361 1
2365 2400 1
2361 2400 1
2400 2415 1
2083 2400 1
2183 2400 1
2218 2316 1
2098 2403 1
2234 2331 1
2173 2207 1
2218 2279 1
2279 2316 1
2223 2341 1
2121 2223 1
2146 2223 1
2223 2239 1
2215 2422 1
2422 2424 1
2268 2422 1
2093 2422 1
2126 2136 1
2136 2183 1
2136 2415 1
2213 2217 1
2202 2417 1
2333 2419 1
2148 2419 1
2069 2207 1
2069 2173 1
2189 2278 1
2172 2303 1
2192 2378 1
2290 2358 1
2069 2139 1
2139 2173 1
2139 2207 1
2108 2266 1
2244 2248 1
2248 2282 1
2217 2269 1
2213 2269 1
2129 2296 1
2074 2229 1
2229 2376 1
2229 2393 1
2120 2174 1
2083 2177 1
2177 2400 1
2177 2183 1
2177 2415 1
2177 2361 1
2177 2365 1
2083 2132 1
2373 2379 1
2373 2377 1
2154 2226 1
2210 2380 1
2166 2210 1
2359 2424 1
2102 2424 1
2359 2422 1
2215 2359 1
2093 2359 1
2268 2359 1
2341 2398 1
2121 2398 1
2146 2398 1
2223 2398 1
2239 2398 1
2352 2405 1
2076 2344 1
2097 2122 1
2088 2352 1
2082 2352 1
2308 2352 1
2088 2405 1
2289 2364 1
2247 2344 1
2076 2247 1
2175 2225 1
2125 2324 1
2207 2409 1
2139 2409 1
2173 2409 1
2069 2409 1
2105 2187 1
2105 2193 1
2105 2302 1
2112 2179 1
2112 2374 1
2223 2286 1
2146 2286 1
2286 2341 1
2121 2286 1
2286 2398 1
2239 2286 1
2105 2295 1
2193 2295 1
2187 2295 1
2295 2302 1
2558 2682 1
2704 2774 1
2543 2744 1
2506 2549 1
2464 2636 1
2440 2765 1
2446 2617 1
2435 2510 1
2707 2784 1
2612 2642 1
2585 2781 1
2508 2651 1
2637 2734 1
2675 2737 1
2584 2586 1
2652 2702 1
2595 2657 1
2443 2575 1
2486 2514 1
2443 2570 1
2570 2575 1
2603 2667 1
2682 2716 1
2558 2716 1
2433 2799 1
2496 2601 1
2714 2744 1
2543 2714 1
2460 2790 1
2432 2494 1
2536 2537 1
2608 2702 1
2608 2652 1
2619 2758 1
2452 2532 1
2433 2590 1
2590 2799 1
2494 2741 1
2432 2741 1
2522 2581 1
2436 2584 1
2436 2586 1
2659 2739 1
2587 2800 1
2482 2740 1
2440 2545 1
2545 2765 1
2579 2650 1
2510 2513 1
2435 2513 1
2572 2612 1
2572 2642 1
2451 2695 1
2426 2638 1
2614 2642 1
2572 2614 1
2612 2614 1
2472 2694 1
2444 2457 1
2722 2756 1
2663 2801 1
2473 2564 1
2621 2672 1
2435 2702 1
2513 2702 1
2510 2702 1
2435 2608 1
2435 2652 1
2621 2698 1
2672 2698 1
2581 2668 1
2522 2668 1
2699 2746 1
2623 2768 1
2757 2790 1
2460 2757 1
2439 2449 1
2469 2554 1
2475 2532 1
2452 2475 1
2534 2694 1
2472 2534 1
2458 2642 1
2458 2572 1
2458 2612 1
2458 2614 1
2570 2631 1
2443 2631 1
2575 2631 1
2679 2801 1
2663 2679 1
2432 2621 1
2621 2741 1
2494 2621 1
2432 2672 1
2432 2698 1
2445 2514 1
2445 2486 1
2481 2629 1
2443 2741 1
2570 2741 1
2631 2741 1
2575 2741 1
2432 2443 1
2443 2621 1
2443 2494 1
2466 2759 1
2758 2797 1
2619 2797 1
2536 2563 1
2537 2563 1
2502 2555 1
2467 2767 1
2627 2686 1
2521 2754 1
2552 2741 1
2432 2552 1
2552 2631 1
2552 2570 1
2443 2552 1
2552 2575 1
2552 2621 1
2494 2552 1
2497 2505 1
2634 2798 1
2599 2660 1
2529 2781 1
2529 2585 1
2737 2802 1
2675 2802 1
2587 2702 1
2702 2800 1
2435 2587 1
2510 2587 1
2587 2608 1
2513 2587 1
2587 2652 1
2600 2659 1
2600 2739 1
2552 2718 1
2432 2718 1
2631 2718 1
2570 2718 1
2443 2718 1
2575 2718 1
2718 2741 1
2621 2718 1
2494 2718 1
2554 2755 1
2469 2755 1
2503 2588 1
2481 2529 1
2529 2629 1
2481 2585 1
2481 2781 1
2463 2583 1
2567 2665 1
2584 2652 1
2586 2652 1
2436 2652 1
2435 2584 1
2584 2702 1
2584 2608 1
2584 2587 1
2573 2610 1
2471 2599 1
2471 2660 1
2609 2756 1
2609 2722 1
2481 2621 1
2529 2621 1
2621 2781 1
2621 2629 1
2585 2621 1
2432 2481 1
2481 2698 1
2443 2481 1
2481 2672 1
2481 2741 1
2481 2552 1
2481 2718 1
2481 2494 1
2486 2572 1
2514 2572 1
2445 2572 1
2486 2642 1
2486 2612 1
2486 2614 1
2458 2486 1
2826 3133 1
2830 2844 1
2809 3169 1
2971 3045 1
2989 3229 1
2860 3152 1
3053 3055 1
2926 3137 1
2960 3016 1
2944 3127 1
3069 3157 1
3016 3119 1
2960 3119 1
2828 2958 1
2970 3067 1
2809 3225 1
3169 3225 1
2808 3196 1
2935 3095 1
3003 3189 1
2905 2989 1
2905 3229 1
2995 3151 1
2864 2996 1
2993 3099 1
2898 2969 1
2865 3111 1
3007 3157 1
3007 3069 1
2835 2998 1
3094 3216 1
2813 2957 1
3106 3224 1
2973 3100 1
2918 3005 1
3007 3042 1
3042 3157 1
3042 3069 1
3103 3116 1
2846 3225 1
2809 2846 1
2846 3169 1
3059 3071 1
3153 3173 1
2947 3157 1
2947 3042 1
2947 3069 1
2947 3007 1
3068 3189 1
3003 3068 1
2891 2901 1
3146 3193 1
2931 3203 1
2834 3205 1
3003 3119 1
3068 3119 1
3119 3189 1
3003 3016 1
2960 3003 1
2911 2974 1
2817 3044 1
2946 3098 1
2883 2896 1
2810 3018 1
2831 2942 1
2829 3218 1
3111 3226 1
2865 3226 1
2818 2866 1
2908 3202 1
3059 3178 1
3071 3178 1
3043 3095 1
2935 3043 1
3120 3216 1
3094 3120 1
2843 3131 1
3051 3180 1
2878 2950 1
2828 2872 1
2872 2958 1
2890 3056 1
2942 2946 1
2831 2946 1
2942 3098 1
2932 3219 1
3173 3183 1
3153 3183 1
3001 3115 1
2975 3140 1
2818 2930 1
2866 2930 1
2846 2967 1
2967 3225 1
2967 3169 1
2809 2967 1
2994 3180 1
2994 3051 1
2855 2949 1
2864 2942 1
2942 2996 1
2864 2946 1
2864 3098 1
2831 2864 1
2856 3028 1
3036 3204 1
3108 3213 1
2918 2949 1
2949 3005 1
2855 2918 1
3011 3055 1
3011 3053 1
2827 3197 1
2804 3230 1
3145 3219 1
2932 3145 1
2810 3195 1
3018 3195 1
2948 3000 1
3183 3218 1
3153 3218 1
3173 3218 1
2829 3183 1
2999 3196 1
2808 2999 1
2900 3114 1
2833 2972 1
2861 3020 1
2830 2891 1
2844 2891 1
2830 2901 1
2844 3156 1
2891 3156 1
2830 3156 1
2868 2991 1
3033 3127 1
2944 3033 1
2834 2852 1
2852 3205 1
3089 3199 1
2853 2874 1
2849 3122 1
2806 3182 1
2947 3131 1
3042 3131 1
3007 3131 1
3131 3157 1
3069 3131 1
2843 2947 1
2805 3182 1
2805 2806 1
2879 3073 1
2845 3034 1
2889 2920 1
2859 3223 1
2939 3231 1
2850 2947 1
2850 3042 1
2850 3131 1
2850 3157 1
2843 2850 1
2850 3069 1
2850 3007 1
2841 2905 1
2841 2989 1
2841 3229 1
2968 3023 1
3077 3150 1
2923 3026 1
2981 3191 1
2892 3151 1
2892 2995 1
2810 2921 1
2921 3018 1
2921 3195 1
2851 2893 1
3118 3133 1
2826 3118 1
2867 2893 1
2851 2867 1
3064 3208 1
3142 3173 1
3142 3153 1
3142 3218 1
3142 3183 1
2809 2862 1
2862 3169 1
2862 2967 1
2846 2862 1
2862 3225 1
2855 3212 1
2949 3212 1
2918 3212 1
3090 3202 1
2908 3090 1
2853 2966 1
2874 2966 1
2853 3058 1
2874 3058 1
2966 3058 1
3059 3222 1
3178 3222 1
3071 3222 1
2912 2922 1
3036 3046 1
3046 3204 1
3042 3198 1
2850 3198 1
2947 3198 1
3157 3198 1
3131 3198 1
3069 3198 1
3007 3198 1
2814 2819 1
3307 3505 1
3372 3390 1
3450 3580 1
3410 3488 1
3311 3471 1
3246 3563 1
3382 3570 1
3449 3499 1
3279 3571 1
3323 3405 1
3484 3551 1
3260 3469 1
3332 3453 1
3332 3408 1
3408 3453 1
3491 3584 1
3589 3594 1
3489 3564 1
3319 3413 1
3538 3548 1
3264 3308 1
3391 3546 1
3304 3439 1
3322 3341 1
3269 3305 1
3311 3540 1
3471 3540 1
3347 3580 1
3347 3450 1
3280 3366 1
3492 3541 1
3303 3581 1
3404 3470 1
3323 3499 1
3405 3499 1
3323 3449 1
3522 3592 1
3275 3462 1
3434 3447 1
3295 3590 1
3290 3320 1
3324 3334 1
3419 3493 1
3314 3323 1
3314 3449 1
3314 3499 1
3314 3405 1
3233 3362 1
3387 3532 1
3378 3422 1
3482 3548 1
3482 3538 1
3402 3538 1
3402 3482 1
3402 3548 1
3335 3399 1
3537 3573 1
3440 3464 1
3236 3586 1
3380 3406 1
3301 3574 1
3326 3414 1
3247 3541 1
3247 3492 1
3262 3588 1
3394 3534 1
3260 3322 1
3322 3469 1
3260 3341 1
3321 3551 1
3321 3484 1
3286 3444 1
3313 3392 1
3342 3494 1
3305 3399 1
3269 3399 1
3305 3335 1
3274 3423 1
3314 3540 1
3449 3540 1
3323 3540 1
3499 3540 1
3405 3540 1
3311 3314 1
3314 3471 1
3501 3545 1
3256 3514 1
3354 3373 1
3236 3344 1
3344 3586 1
3392 3444 1
3313 3444 1
3286 3392 1
3291 3539 1
3400 3408 1
3332 3400 1
3400 3453 1
3376 3499 1
3376 3405 1
3314 3376 1
3376 3540 1
3376 3449 1
3323 3376 1
3388 3566 1
3405 3412 1
3412 3499 1
3376 3412 1
3314 3412 1
3412 3540 1
3323 3412 1
3292 3360 1
3379 3399 1
3305 3379 1
3269 3379 1
3335 3379 1
3253 3542 1
3443 3510 1
3496 3496 1
3342 3401 1
3401 3494 1
3299 3346 1
3290 3531 1
3320 3531 1
3327 3552 1
3306 3452 1
3296 3590 1
3295 3296 1
3403 3516 1
3287 3517 1
3487 3540 1
3487 3499 1
3311 3487 1
3405 3487 1
3471 3487 1
3376 3487 1
3314 3487 1
3412 3487 1
3449 3487 1
3323 3487 1
3405 3517 1
3499 3517 1
3376 3517 1
3314 3517 1
3412 3517 1
3517 3540 1
3323 3517 1
3487 3517 1
3287 3405 1
3483 3521 1
3470 3562 1
3404 3562 1
3284 3547 1
3407 3460 1
3235 3557 1
3250 3326 1
3250 3414 1
3381 3536 1
3264 3512 1
3308 3512 1
3264 3539 1
3512 3539 1
3308 3539 1
3264 3291 1
3235 3551 1
3551 3557 1
3235 3321 1
3235 3484 1
3377 3593 1
3421 3443 1
3421 3510 1
3450 3568 1
3347 3568 1
3568 3580 1
3413 3558 1
3319 3558 1
3355 3409 1
3472 3569 1
3329 3556 1
3360 3574 1
3292 3574 1
3301 3360 1
3485 3564 1
3485 3489 1
3840 3932 1
3809 3836 1
3793 3818 1
3676 3950 1
3620 3987 1
3596 3702 1
3754 3789 1
3814 3868 1
3762 3930 1
3739 3975 1
3737 3777 1
3737 3974 1
3777 3974 1
3646 3723 1
3732 3970 1
3885 3992 1
3603 3905 1
3691 3923 1
3785 3797 1
3610 3855 1
3687 3878 1
3892 3977 1
3637 3759 1
3689 3739 1
3689 3975 1
3617 3877 1
3702 3776 1
3596 3776 1
3667 3891 1
3644 3740 1
3601 3834 1
3669 3835 1
3665 3778 1
3842 3963 1
3623 3776 1
3596 3623 1
3623 3702 1
3822 3887 1
3800 3898 1
3652 3947 1
3660 3761 1
3770 3972 1
3794 3955 1
3664 3904 1
3633 3909 1
3910 3911 1
3766 3771 1
3671 3688 1
3697 3793 1
3697 3818 1
3717 3852 1
3712 3750 1
3804 3820 1
3747 3775 1
3787 3912 1
3912 3954 1
3787 3954 1
3695 3753 1
3628 3834 1
3601 3628 1
3664 3690 1
3690 3904 1
3740 3784 1
3644 3784 1
3686 3851 1
3646 3835 1
3723 3835 1
3646 3669 1
3747 3787 1
3775 3787 1
3747 3912 1
3747 3954 1
3699 3854 1
3816 3907 1
3647 3663 1
3945 3996 1
3677 3990 1
3877 3949 1
3617 3949 1
3731 3969 1
3833 3873 1
3660 3792 1
3761 3792 1
3910 3979 1
3911 3979 1
3719 3843 1
3707 3950 1
3676 3707 1
3671 3719 1
3688 3719 1
3671 3843 1
3777 3823 1
3737 3823 1
3823 3974 1
3694 3999 1
3784 3883 1
3644 3883 1
3740 3883 1
3779 3851 1
3686 3779 1
3979 3988 1
3910 3988 1
3911 3988 1
3603 3737 1
3737 3905 1
3603 3777 1
3603 3974 1
3603 3823 1
3654 3889 1
3857 3986 1
3847 3912 1
3847 3954 1
3787 3847 1
3747 3847 1
3628 3711 1
3601 3711 1
3711 3834 1
3606 3775 1
3606 3747 1
3606 3787 1
3785 3869 1
3797 3869 1
3766 3934 1
3771 3934 1
3787 3942 1
3747 3942 1
3847 3942 1
3912 3942 1
3942 3954 1
3606 3942 1
3775 3942 1
3714 3725 1
3807 3882 1
3885 3897 1
3897 3992 1
3762 3805 1
3805 3930 1
3868 3969 1
3814 3969 1
3731 3868 1
3826 3930 1
3762 3826 1
3805 3826 1
3699 3715 1
3715 3854 1
3731 3943 1
3943 3969 1
3868 3943 1
3654 3902 1
3889 3902 1
3657 3877 1
3617 3657 1
3657 3949 1
3711 3832 1
3601 3832 1
3832 3834 1
3628 3832 1
3890 3973 1
3762 3870 1
3826 3870 1
3870 3930 1
3805 3870 1
3630 3941 1
3830 3878 1
3687 3830 1
3623 3869 1
3776 3869 1
3596 3869 1
3702 3869 1
3623 3785 1
3623 3797 1
3702 3819 1
3776 3819 1
3596 3819 1
3819 3869 1
3623 3819 1
3614 3899 1
3777 3938 1
3737 3938 1
3603 3938 1
3938 3974 1
3823 3938 1
3781 3853 1
3798 3823 1
3777 3798 1
3798 3938 1
3798 3974 1
3603 3798 1
3737 3798 1
3677 3935 1
3935 3990 1
3618 3756 1
3704 3771 1
3704 3934 1
3704 3766 1
3729 3999 1
3694 3729 1
3843 3854 1
3671 3854 1
3719 3854 1
3699 3843 1
3715 3843 1
61 257 1
100 157 1
285 343 1
85 132 1
156 361 1
241 280 1
252 309 1
151 359 1
299 305 1
12 191 1
82 321 1
81 103 1
65 173 1
35 52 1
18 74 1
51 201 1
30 293 1
9 312 1
196 271 1
127 152 1
206 235 1
57 67 1
2 253 1
27 208 1
33 250 1
66 295 1
91 361 1
91 156 1
64 169 1
117 242 1
40 86 1
7 363 1
169 247 1
64 247 1
205 272 1
108 122 1
125 237 1
175 220 1
184 327 1
1 320 1
125 204 1
204 237 1
287 350 1
122 333 1
108 333 1
117 199 1
199 242 1
58 316 1
121 256 1
35 327 1
52 327 1
35 184 1
11 101 1
193 290 1
159 264 1
164 281 1
98 142 1
128 189 1
43 142 1
43 98 1
78 297 1
250 353 1
33 353 1
89 256 1
89 121 1
20 69 1
233 328 1
248 356 1
301 357 1
59 111 1
249 296 1
9 45 1
45 312 1
14 346 1
229 281 1
164 229 1
190 348 1
95 226 1
151 338 1
338 359 1
154 293 1
30 154 1
204 350 1
125 350 1
237 350 1
204 287 1
245 356 1
245 248 1
16 71 1
44 122 1
44 108 1
44 333 1
85 342 1
132 342 1
234 326 1
39 73 1
165 318 1
69 151 1
20 151 1
69 338 1
69 359 1
48 156 1
48 361 1
48 91 1
82 305 1
305 321 1
82 299 1
123 212 1
153 312 1
9 153 1
45 153 1
204 269 1
269 287 1
125 269 1
269 350 1
237 269 1
4 256 1
4 121 1
4 89 1
137 362 1
82 163 1
163 321 1
163 299 1
163 305 1
87 365 1
122 242 1
44 242 1
108 242 1
242 333 1
122 199 1
117 122 1
161 337 1
119 132 1
85 119 1
119 342 1
4 224 1
224 256 1
121 224 1
89 224 1
108 138 1
138 242 1
122 138 1
44 138 1
138 333 1
309 336 1
252 336 1
171 306 1
237 335 1
204 335 1
125 335 1
335 350 1
269 335 1
297 335 1
78 335 1
204 297 1
269 297 1
237 297 1
125 297 1
297 350 1
309 329 1
329 336 1
252 329 1
109 151 1
109 338 1
20 109 1
69 109 1
109 359 1
47 85 1
47 132 1
47 342 1
47 119 1
176 182 1
123 227 1
212 227 1
32 237 1
32 297 1
32 204 1
32 269 1
32 335 1
32 125 1
32 350 1
217 223 1
303 340 1
454 2910 -1
2204 3611 -1
2168 2512 -1
738 1310 -1
729 1310 -1
738 1524 -1
1004 2805 -1
1144 2805 -1
1061 2805 -1
863 2805 -1
1004 2806 -1
1004 3182 -1
2263 3264 -1
2263 3512 -1
2263 3539 -1
2263 3308 -1
2263 3291 -1
828 2859 -1
848 2859 -1
984 2859 -1
828 3223 -1
1777 3741 -1
2058 3741 -1
1812 3741 -1
1894 3741 -1
87 861 -1
365 861 -1
744 2014 -1
584 2014 -1
451 2014 -1
744 1913 -1
744 1965 -1
685 2506 -1
685 2549 -1
1538 3932 -1
1376 3932 -1
1423 3932 -1
1538 3840 -1
376 3120 -1
376 3216 -1
376 3094 -1
1713 2858 -1
2050 2858 -1
2193 3732 -1
2105 3732 -1
2187 3732 -1
2302 3732 -1
2295 3732 -1
2193 3970 -1
2827 3606 -1
3197 3606 -1
2827 3747 -1
2827 3942 -1
2827 3787 -1
2827 3775 -1
307 3733 -1
585 1223 -1
166 2765 -1
166 2440 -1
166 2545 -1
1680 2870 -1
2736 3544 -1
2383 3870 -1
2095 3870 -1
2383 3762 -1
2383 3930 -1
2383 3826 -1
2383 3805 -1
491 2615 -1
635 3095 -1
635 3043 -1
635 2935 -1
421 1055 -1
421 866 -1
421 1083 -1
993 3189 -1
1194 3189 -1
1124 3189 -1
1127 3189 -1
993 3003 -1
993 3068 -1
993 3119 -1
2123 2766 -1
1664 3921 -1
1818 3921 -1
1983 3921 -1
465 3367 -1
522 3289 -1
1953 3644 -1
1883 3644 -1
1953 3784 -1
1953 3883 -1
1953 3740 -1
228 2667 -1
228 2603 -1
397 1344 -1
1362 3543 -1
1024 1287 -1
1190 1287 -1
2335 2578 -1
1714 3661 -1
1587 2140 -1
1515 2140 -1
1487 2140 -1
3088 3896 -1
3151 3527 -1
2995 3527 -1
2892 3527 -1
1664 2805 -1
1818 2805 -1
1983 2805 -1
1664 2806 -1
1664 3182 -1
2671 3488 -1
2671 3410 -1
1933 3609 -1
1922 3609 -1
1990 3609 -1
1673 3609 -1
1706 3609 -1
2032 3609 -1
1946 3609 -1
871 2854 -1
875 2854 -1
958 2854 -1
393 1642 -1
828 2953 -1
848 2953 -1
984 2953 -1
1453 3583 -1
1254 3583 -1
1548 3583 -1
1428 3583 -1
1429 3583 -1
1241 3583 -1
1342 3583 -1
1957 2204 -1
1821 2204 -1
1457 3561 -1
1623 3561 -1
2355 3510 -1
2096 3510 -1
2355 3443 -1
2355 3421 -1
3555 3885 -1
3555 3992 -1
3555 3897 -1
347 3468 -1
1528 2292 -1
1135 1421 -1
1135 1571 -1
697 1109 -1
655 1109 -1
405 1109 -1
631 1109 -1
36 2708 -1
1325 2494 -1
1333 2494 -1
1325 2432 -1
1325 2443 -1
1325 2481 -1
1325 2741 -1
1325 2552 -1
1325 2621 -1
1325 2718 -1
2061 3630 -1
1982 3630 -1
2061 3941 -1
3520 3694 -1
3520 3729 -1
3520 3999 -1
2110 3535 -1
869 3720 -1
1026 3720 -1
953 3009 -1
462 1712 -1
462 1867 -1
543 2072 -1
578 2072 -1
746 2072 -1
588 2072 -1
719 2072 -1
816 2072 -1
761 2072 -1
379 2072 -1
94 2477 -1
267 3913 -1
2340 3511 -1
887 2846 -1
887 3225 -1
887 2967 -1
887 3169 -1
887 2862 -1
887 2809 -1
907 3111 -1
907 2865 -1
907 3226 -1
614 1099 -1
815 1195 -1
716 1195 -1
596 1195 -1
815 1235 -1
1680 3009 -1
1319 2151 -1
902 1790 -1
1029 1790 -1
1134 1790 -1
3274 3736 -1
3423 3736 -1
777 3116 -1
777 3103 -1
1937 2105 -1
1937 2193 -1
1937 2187 -1
1937 2302 -1
1937 2295 -1
723 1000 -1
497 1000 -1
620 1000 -1
545 1134 -1
390 1134 -1
648 1134 -1
555 1134 -1
428 1134 -1
404 1134 -1
632 1134 -1
473 1134 -1
634 1134 -1
545 960 -1
545 1029 -1
545 902 -1
3178 3764 -1
3059 3764 -1
3222 3764 -1
3071 3764 -1
1322 2170 -1
1322 2304 -1
1335 2219 -1
1335 2203 -1
567 1021 -1
567 852 -1
1913 3868 -1
1965 3868 -1
2014 3868 -1
1913 3969 -1
1913 3731 -1
1913 3814 -1
1913 3943 -1
1487 3300 -1
1587 3300 -1
1515 3300 -1
3342 3886 -1
3401 3886 -1
3494 3886 -1
1191 3403 -1
1191 3516 -1
2152 3264 -1
2185 3264 -1
2081 3264 -1
2309 3264 -1
2319 3264 -1
2152 3512 -1
2152 3539 -1
2152 3308 -1
2152 3291 -1
917 3351 -1
2351 3470 -1
2351 3562 -1
2351 3404 -1
869 3864 -1
1026 3864 -1
448 2419 -1
448 2148 -1
448 2333 -1
1505 2993 -1
1449 2993 -1
1505 3099 -1
796 1680 -1
400 1680 -1
569 1680 -1
670 1680 -1
385 1680 -1
3045 3990 -1
2971 3990 -1
3045 3677 -1
3045 3935 -1
2300 3602 -1
1065 1406 -1
840 1406 -1
1065 1397 -1
572 1799 -1
572 1942 -1
469 865 -1
469 1184 -1
469 883 -1
2180 3447 -1
2180 3434 -1
104 3101 -1
1351 3336 -1
1491 3842 -1
1244 3842 -1
1279 3842 -1
1491 3963 -1
1008 2312 -1
614 3200 -1
371 2296 -1
644 2296 -1
371 2129 -1
142 2732 -1
98 2732 -1
43 2732 -1
1876 3720 -1
1909 3706 -1
1952 3706 -1
1881 3706 -1
788 3526 -1
662 3259 -1
468 2840 -1
575 2840 -1
1707 2190 -1
1816 2190 -1
1966 2190 -1
3577 3861 -1
1843 3645 -1
1960 3719 -1
1681 3719 -1
1960 3688 -1
1960 3843 -1
1960 3854 -1
1960 3671 -1
479 1903 -1
417 1903 -1
643 1903 -1
151 3689 -1
338 3689 -1
109 3689 -1
20 3689 -1
69 3689 -1
359 3689 -1
151 3739 -1
151 3975 -1
1479 3303 -1
1479 3581 -1
2136 3117 -1
2415 3117 -1
2126 3117 -1
2183 3117 -1
801 1061 -1
801 1144 -1
801 1018 -1
801 1004 -1
801 933 -1
801 863 -1
1589 2094 -1
1576 2094 -1
1269 2094 -1
1303 2094 -1
2354 2676 -1
2220 2676 -1
232 2024 -1
232 2010 -1
2308 3609 -1
2088 3609 -1
2352 3609 -1
2082 3609 -1
154 3576 -1
293 3576 -1
30 3576 -1
2167 2510 -1
2167 2587 -1
2167 2513 -1
2167 2435 -1
2167 2702 -1
3432 3977 -1
3432 3892 -1
1591 3077 -1
1591 3150 -1
3195 3675 -1
2921 3675 -1
2810 3675 -1
3018 3675 -1
2187 3576 -1
2193 3576 -1
2295 3576 -1
2302 3576 -1
2105 3576 -1
2938 3702 -1
2938 3776 -1
2938 3819 -1
2938 3596 -1
2938 3869 -1
2938 3623 -1
458 1443 -1
668 3177 -1
1951 3811 -1
1549 3075 -1
984 3112 -1
848 3112 -1
828 3112 -1
2149 2797 -1
2149 2619 -1
2149 2758 -1
1954 3596 -1
1954 3776 -1
1954 3819 -1
1954 3869 -1
1954 3702 -1
1954 3623 -1
784 2506 -1
784 2549 -1
3104 3856 -1
664 2347 -1
625 2347 -1
664 2310 -1
1831 2933 -1
2330 2513 -1
2330 2587 -1
2330 2435 -1
2330 2702 -1
2330 2510 -1
1486 3498 -1
1592 3583 -1
2190 3947 -1
2190 3652 -1
2206 2723 -1
1807 3871 -1
1891 3871 -1
2019 3871 -1
1724 3871 -1
1863 3871 -1
1392 2123 -1
1316 2134 -1
1572 2134 -1
2292 3373 -1
2292 3354 -1
1672 3743 -1
925 3650 -1
1051 3650 -1
1108 3650 -1
1112 3650 -1
1187 3650 -1
836 3650 -1
3492 3726 -1
3541 3726 -1
3247 3726 -1
1880 2718 -1
1874 2718 -1
1880 2432 -1
1880 2631 -1
1880 2570 -1
1880 2443 -1
1880 2575 -1
1880 2481 -1
1880 2741 -1
1880 2552 -1
1880 2621 -1
1880 2494 -1
1359 3345 -1
1972 2490 -1
2421 3973 -1
2421 3890 -1
1301 2169 -1
1242 2169 -1
1414 2169 -1
801 1089 -1
1433 1714 -1
1832 3846 -1
1098 3539 -1
1098 3264 -1
1098 3512 -1
1098 3291 -1
1098 3308 -1
2141 3557 -1
2141 3235 -1
2141 3551 -1
1808 3974 -1
1808 3777 -1
1808 3938 -1
1808 3823 -1
1808 3603 -1
1808 3798 -1
1808 3737 -1
2178 3315 -1
757 1529 -1
490 3156 -1
490 2891 -1
490 2844 -1
490 2830 -1
1466 2423 -1
3067 3749 -1
2970 3749 -1
394 2726 -1
2517 3544 -1
1993 3720 -1
2270 3412 -1
2270 3499 -1
2270 3405 -1
2270 3376 -1
2270 3314 -1
2270 3540 -1
2270 3323 -1
2270 3517 -1
2270 3487 -1
525 3565 -1
1923 3800 -1
1923 3898 -1
1229 1722 -1
2527 3357 -1
3179 3864 -1
3185 3919 -1
1580 3258 -1
1464 3258 -1
1418 3258 -1
1776 3726 -1
3400 3728 -1
3408 3728 -1
3332 3728 -1
3453 3728 -1
459 1150 -1
482 1150 -1
1333 2296 -1
1325 2296 -1
1333 2129 -1
228 3267 -1
2354 3383 -1
2220 3383 -1
1789 2748 -1
1656 2748 -1
1694 2748 -1
1911 2748 -1
2057 3738 -1
1840 3738 -1
2033 3738 -1
2023 3738 -1
1705 3738 -1
1868 3738 -1
1872 3738 -1
1745 3738 -1
2040 3738 -1
1850 3738 -1
1947 3738 -1
1803 3839 -1
1924 3839 -1
1562 3100 -1
1562 2973 -1
2779 3332 -1
2779 3408 -1
2779 3400 -1
2779 3453 -1
770 2272 -1
653 2272 -1
838 2591 -1
824 1257 -1
824 1426 -1
1833 3625 -1
1069 2898 -1
1069 2969 -1
3118 3547 -1
2826 3547 -1
3133 3547 -1
3118 3284 -1
1220 1533 -1
600 3504 -1
1414 3400 -1
1242 3400 -1
1301 3400 -1
1414 3408 -1
1414 3332 -1
1414 3453 -1
1067 3297 -1
1738 3829 -1
2018 3997 -1
1660 3997 -1
1719 3607 -1
555 2898 -1
545 2898 -1
390 2898 -1
648 2898 -1
404 2898 -1
632 2898 -1
473 2898 -1
634 2898 -1
555 2969 -1
1441 3454 -1
220 1128 -1
175 1128 -1
473 850 -1
545 850 -1
390 850 -1
648 850 -1
555 850 -1
428 850 -1
404 850 -1
632 850 -1
634 850 -1
2305 2623 -1
2305 2768 -1
2983 3597 -1
114 2657 -1
114 2595 -1
491 1021 -1
491 852 -1
234 906 -1
326 906 -1
1106 3350 -1
1097 3350 -1
974 3350 -1
1738 3795 -1
846 2914 -1
1929 3934 -1
1929 3704 -1
1929 3771 -1
1929 3766 -1
1375 2312 -1
1311 2312 -1
423 3444 -1
423 3392 -1
423 3313 -1
423 3286 -1
206 875 -1
235 875 -1
206 958 -1
206 871 -1
1883 3928 -1
1953 3928 -1
1379 2296 -1
1532 2296 -1
1379 2129 -1
974 2050 -1
1097 2050 -1
1106 2050 -1
974 1713 -1
762 3050 -1
1806 3816 -1
1806 3907 -1
3505 3686 -1
3307 3686 -1
3505 3851 -1
3505 3779 -1
496 2866 -1
733 2866 -1
496 2818 -1
496 2930 -1
828 2970 -1
848 2970 -1
984 2970 -1
828 3067 -1
1294 2398 -1
1294 2146 -1
1294 2341 -1
1294 2121 -1
1294 2286 -1
1294 2223 -1
1294 2239 -1
445 1000 -1
1774 3731 -1
1774 3969 -1
1774 3868 -1
1774 3943 -1
2819 3625 -1
2814 3625 -1
615 3582 -1
1328 2581 -1
1345 2581 -1
1363 2581 -1
1328 2522 -1
1328 2668 -1
500 1796 -1
129 1972 -1
830 3032 -1
397 3147 -1
1731 3938 -1
1731 3777 -1
1731 3974 -1
1731 3823 -1
1731 3603 -1
1731 3798 -1
1731 3737 -1
1898 3864 -1
1761 3864 -1
1643 3864 -1
1926 3864 -1
1212 3194 -1
1218 3194 -1
1149 3194 -1
822 3194 -1
907 3839 -1
1719 3692 -1
3507 3849 -1
2809 3660 -1
3169 3660 -1
2967 3660 -1
2862 3660 -1
2846 3660 -1
3225 3660 -1
2809 3792 -1
2809 3761 -1
12 3443 -1
191 3443 -1
12 3421 -1
12 3510 -1
1639 3200 -1
2011 3200 -1
2727 3502 -1
2776 3950 -1
2776 3707 -1
2776 3676 -1
2094 3415 -1
3216 3764 -1
3120 3764 -1
3094 3764 -1
886 3501 -1
920 3501 -1
936 3501 -1
886 3545 -1
1787 3989 -1
1932 3989 -1
329 2126 -1
336 2126 -1
252 2126 -1
309 2126 -1
329 2136 -1
329 2183 -1
329 2415 -1
1889 3663 -1
1834 3663 -1
1889 3647 -1
1787 3201 -1
1932 3201 -1
1348 3341 -1
1286 3341 -1
1348 3322 -1
1348 3260 -1
2105 3354 -1
2193 3354 -1
2187 3354 -1
2302 3354 -1
2295 3354 -1
2105 3373 -1
3152 3957 -1
2860 3957 -1
2947 3611 -1
3042 3611 -1
3131 3611 -1
2850 3611 -1
3157 3611 -1
2843 3611 -1
3069 3611 -1
3198 3611 -1
3007 3611 -1
3069 3493 -1
2850 3493 -1
2947 3493 -1
3042 3493 -1
3157 3493 -1
3131 3493 -1
3198 3493 -1
3007 3493 -1
3069 3419 -1
324 1235 -1
324 1195 -1
2892 3616 -1
2995 3616 -1
3151 3616 -1
420 1363 -1
420 1328 -1
420 1345 -1
1050 2758 -1
1233 2758 -1
1131 2758 -1
1050 2619 -1
1050 2797 -1
2420 3752 -1
379 1180 -1
578 1180 -1
746 1180 -1
588 1180 -1
719 1180 -1
816 1180 -1
761 1180 -1
543 1180 -1
1585 2249 -1
1451 2249 -1
1459 2249 -1
1239 2249 -1
1626 2249 -1
1403 2249 -1
1434 2249 -1
1585 2103 -1
453 835 -1
1601 2915 -1
133 2118 -1
468 3050 -1
575 3050 -1
611 1768 -1
905 1496 -1
987 1496 -1
3181 3627 -1
981 3455 -1
1593 3506 -1
3334 3832 -1
3324 3832 -1
3334 3601 -1
3334 3834 -1
3334 3628 -1
3334 3711 -1
701 1870 -1
701 1785 -1
2028 3604 -1
1752 3604 -1
1755 3604 -1
1846 3604 -1
1775 3604 -1
1255 2344 -1
1255 2076 -1
1255 2247 -1
30 2851 -1
154 2851 -1
293 2851 -1
30 2867 -1
30 2893 -1
1093 3081 -1
1483 3454 -1
1398 3454 -1
1306 3333 -1
1362 3564 -1
1362 3489 -1
1362 3485 -1
317 3922 -1
1753 2524 -1
1886 2524 -1
1756 2843 -1
1677 2843 -1
1687 2843 -1
1756 2850 -1
1756 3131 -1
1756 2947 -1
907 3976 -1
605 2942 -1
605 2864 -1
605 2946 -1
605 2996 -1
605 3098 -1
605 2831 -1
91 1125 -1
48 1125 -1
361 1125 -1
156 1125 -1
2412 3861 -1
1264 3205 -1
1264 2834 -1
1264 2852 -1
479 3582 -1
417 3582 -1
643 3582 -1
653 3129 -1
770 3129 -1
26 881 -1
26 874 -1
638 3092 -1
1973 3738 -1
1689 3738 -1
1871 3738 -1
1154 3129 -1
1162 3129 -1
939 3129 -1
1147 2003 -1
1147 1891 -1
1147 1853 -1
1147 1863 -1
2158 3812 -1
2370 2753 -1
1601 2828 -1
1601 2872 -1
1601 2958 -1
1287 2888 -1
1423 2403 -1
1376 2403 -1
1538 2403 -1
1423 2098 -1
1751 2362 -1
1945 2362 -1
2289 3553 -1
2364 3553 -1
1937 3934 -1
1937 3704 -1
1937 3771 -1
1937 3766 -1
254 1154 -1
254 1162 -1
254 939 -1
112 3381 -1
112 3536 -1
121 2450 -1
256 2450 -1
89 2450 -1
4 2450 -1
224 2450 -1
887 3205 -1
887 2834 -1
887 2852 -1
1585 2165 -1
1451 2165 -1
1459 2165 -1
1239 2165 -1
1626 2165 -1
1403 2165 -1
1434 2165 -1
915 3665 -1
915 3778 -1
1891 3743 -1
2019 3743 -1
1863 3743 -1
1807 3743 -1
2003 3743 -1
1724 3743 -1
1853 3743 -1
973 1784 -1
973 2008 -1
973 2049 -1
532 945 -1
779 1819 -1
403 1819 -1
630 1819 -1
553 1021 -1
795 1021 -1
554 1021 -1
387 1021 -1
553 852 -1
2324 2626 -1
2125 2626 -1
548 3011 -1
483 3011 -1
542 3011 -1
726 3011 -1
548 3053 -1
548 3055 -1
1619 3723 -1
1619 3835 -1
1619 3646 -1
228 2484 -1
1531 2269 -1
1518 2269 -1
1531 2217 -1
1531 2213 -1
1214 2964 -1
912 2964 -1
1017 2964 -1
1207 2964 -1
3042 3788 -1
2850 3788 -1
2947 3788 -1
3157 3788 -1
3131 3788 -1
3069 3788 -1
3198 3788 -1
3007 3788 -1
1585 2414 -1
1451 2414 -1
1459 2414 -1
1239 2414 -1
1626 2414 -1
1403 2414 -1
1434 2414 -1
1585 2176 -1
1830 2195 -1
1635 2195 -1
1830 2099 -1
625 1870 -1
664 1870 -1
625 1785 -1
3507 3868 -1
3507 3969 -1
3507 3731 -1
3507 3814 -1
3507 3943 -1
1181 1352 -1
908 1352 -1
910 2907 -1
868 2907 -1
1158 2907 -1
301 1124 -1
357 1124 -1
301 993 -1
301 1194 -1
301 1127 -1
781 3537 -1
624 3537 -1
768 3537 -1
637 3537 -1
438 3537 -1
781 3573 -1
1841 3990 -1
1841 3677 -1
1841 3935 -1
1721 3873 -1
1721 3833 -1
441 3586 -1
441 3344 -1
441 3236 -1
1016 1554 -1
519 1223 -1
1296 3633 -1
1296 3909 -1
697 1747 -1
655 1747 -1
405 1747 -1
631 1747 -1
2012 3861 -1
1761 3861 -1
1643 3861 -1
1717 3861 -1
1845 3861 -1
2610 3357 -1
2573 3357 -1
2061 3997 -1
1982 3997 -1
323 2082 -1
323 2088 -1
323 2352 -1
323 2308 -1
2105 3602 -1
2193 3602 -1
2187 3602 -1
2302 3602 -1
2295 3602 -1
1595 3564 -1
1595 3489 -1
1595 3485 -1
387 1593 -1
553 1593 -1
554 1593 -1
795 1593 -1
3104 3799 -1
493 2495 -1
654 1016 -1
1325 2686 -1
1333 2686 -1
1325 2627 -1
1593 2356 -1
748 1768 -1
1259 3188 -1
228 2640 -1
1988 3777 -1
1988 3938 -1
1988 3974 -1
1988 3823 -1
1988 3603 -1
1988 3798 -1
1988 3737 -1
1836 2806 -1
1836 2805 -1
1836 3182 -1
3071 3915 -1
3178 3915 -1
3059 3915 -1
3222 3915 -1
1178 3194 -1
1843 3772 -1
740 2732 -1
3126 3627 -1
597 1543 -1
1643 3734 -1
1761 3734 -1
1926 3734 -1
1898 3734 -1
1717 3734 -1
2012 3734 -1
1845 3734 -1
2284 3973 -1
2284 3890 -1
2393 2571 -1
2376 2571 -1
2074 2571 -1
2229 2571 -1
3038 3856 -1
833 1353 -1
833 1440 -1
833 1283 -1
2827 3754 -1
3197 3754 -1
2827 3789 -1
3187 3661 -1
3036 3848 -1
3204 3848 -1
3046 3848 -1
1764 3731 -1
1764 3969 -1
1764 3868 -1
1764 3943 -1
1540 2180 -1
1486 2345 -1
372 2840 -1
114 1159 -1
114 954 -1
114 1156 -1
1287 3215 -1
3288 3723 -1
3288 3835 -1
3288 3646 -1
1435 3583 -1
741 2347 -1
741 2310 -1
1714 3499 -1
1714 3412 -1
1714 3405 -1
1714 3376 -1
1714 3314 -1
1714 3540 -1
1714 3449 -1
1714 3323 -1
1714 3517 -1
1714 3487 -1
1187 3153 -1
836 3153 -1
1005 3153 -1
1070 3153 -1
1171 3153 -1
1108 3153 -1
1112 3153 -1
890 3153 -1
1051 3153 -1
925 3153 -1
1187 3218 -1
1187 3173 -1
1187 3142 -1
1187 3183 -1
1477 3973 -1
1536 3973 -1
1521 3973 -1
1492 3973 -1
1477 3890 -1
2043 3720 -1
925 3264 -1
1051 3264 -1
1108 3264 -1
1112 3264 -1
1187 3264 -1
836 3264 -1
925 3512 -1
925 3539 -1
925 3308 -1
925 3291 -1
1027 2844 -1
1027 2891 -1
1027 3156 -1
1027 2830 -1
2113 3758 -1
3090 3615 -1
3202 3615 -1
2908 3615 -1
1957 2930 -1
1821 2930 -1
1957 2818 -1
1957 2866 -1
1332 2386 -1
3320 3746 -1
3290 3746 -1
3531 3746 -1
2421 3622 -1
641 1016 -1
1335 2227 -1
1471 2889 -1
1618 2889 -1
1471 2920 -1
1987 3505 -1
1987 3307 -1
1098 3531 -1
1098 3320 -1
1098 3290 -1
1532 2094 -1
1379 2094 -1
2817 3660 -1
3044 3660 -1
2817 3792 -1
2817 3761 -1
785 1870 -1
434 1870 -1
717 1870 -1
785 1785 -1
1740 3834 -1
1778 3834 -1
1740 3832 -1
1740 3601 -1
1740 3628 -1
1740 3711 -1
379 3200 -1
578 3200 -1
746 3200 -1
588 3200 -1
719 3200 -1
816 3200 -1
761 3200 -1
543 3200 -1
472 1150 -1
599 3222 -1
599 3178 -1
599 3059 -1
599 3071 -1
80 989 -1
80 1213 -1
80 893 -1
1265 2357 -1
1315 2357 -1
828 2954 -1
848 2954 -1
984 2954 -1
2363 2934 -1
2009 3763 -1
1320 2198 -1
411 1768 -1
1891 2291 -1
2019 2291 -1
1863 2291 -1
1807 2291 -1
2003 2291 -1
1724 2291 -1
1853 2291 -1
1570 3517 -1
1570 3499 -1
1570 3405 -1
1570 3376 -1
1570 3314 -1
1570 3412 -1
1570 3287 -1
1570 3540 -1
1570 3323 -1
1570 3487 -1
3216 3967 -1
3120 3967 -1
3094 3967 -1
185 1338 -1
1108 1656 -1
1187 1656 -1
836 1656 -1
1005 1656 -1
1112 1656 -1
890 1656 -1
1051 1656 -1
925 1656 -1
1108 1789 -1
1108 1694 -1
509 3116 -1
782 3116 -1
509 3103 -1
1947 3805 -1
2023 3805 -1
1705 3805 -1
1868 3805 -1
1872 3805 -1
1745 3805 -1
2057 3805 -1
1850 3805 -1
1947 3826 -1
1947 3762 -1
1947 3930 -1
1947 3870 -1
1499 3284 -1
1499 3547 -1
378 1228 -1
378 834 -1
378 842 -1
378 1130 -1
378 918 -1
2359 2857 -1
2102 2857 -1
2215 2857 -1
2093 2857 -1
2422 2857 -1
2424 2857 -1
2268 2857 -1
635 1822 -1
112 1396 -1
112 1630 -1
112 1566 -1
3164 3598 -1
2349 3242 -1
2228 3242 -1
1217 3334 -1
1218 3334 -1
1028 3334 -1
936 3334 -1
1199 3334 -1
1072 3334 -1
822 3334 -1
920 3334 -1
889 3334 -1
1217 3324 -1
2888 3611 -1
1903 3289 -1
418 1003 -1
418 885 -1
418 1167 -1
51 2281 -1
201 2281 -1
403 3124 -1
779 3124 -1
630 3124 -1
2891 3944 -1
3156 3944 -1
2844 3944 -1
2901 3944 -1
2830 3944 -1
1111 3264 -1
1111 3512 -1
1111 3539 -1
1111 3308 -1
1111 3291 -1
563 2320 -1
563 2277 -1
1551 2581 -1
1551 2522 -1
1551 2668 -1
2898 3456 -1
2969 3456 -1
907 3693 -1
1246 3139 -1
1281 2114 -1
180 1969 -1
180 1754 -1
620 2320 -1
497 2320 -1
723 2320 -1
620 2277 -1
2136 2937 -1
2415 2937 -1
2126 2937 -1
2183 2937 -1
2675 3525 -1
2737 3525 -1
2802 3525 -1
1267 3633 -1
1583 3633 -1
1267 3909 -1
1625 3517 -1
1625 3499 -1
1625 3405 -1
1625 3376 -1
1625 3314 -1
1625 3412 -1
1625 3287 -1
1625 3540 -1
1625 3323 -1
1625 3487 -1
735 3241 -1
2053 3943 -1
2053 3969 -1
2053 3731 -1
2053 3868 -1
1703 3692 -1
802 1446 -1
3220 3954 -1
3220 3912 -1
3220 3787 -1
3220 3747 -1
3220 3942 -1
3220 3847 -1
2982 3754 -1
2982 3789 -1
1565 3191 -1
1565 2981 -1
3282 3741 -1
925 3665 -1
1051 3665 -1
1108 3665 -1
1112 3665 -1
1187 3665 -1
836 3665 -1
925 3778 -1
1243 2159 -1
1243 2238 -1
1947 3736 -1
2023 3736 -1
1705 3736 -1
1868 3736 -1
1872 3736 -1
1745 3736 -1
2057 3736 -1
1850 3736 -1
1449 3304 -1
1505 3304 -1
1449 3439 -1
1924 2329 -1
1803 2329 -1
2417 3832 -1
2202 3832 -1
2417 3601 -1
2417 3834 -1
2417 3628 -1
2417 3711 -1
1995 2883 -1
1995 2896 -1
1067 3243 -1
2052 3656 -1
3151 3654 -1
2995 3654 -1
2892 3654 -1
3151 3889 -1
3151 3902 -1
3179 3850 -1
2391 2581 -1
2147 2581 -1
2391 2522 -1
2391 2668 -1
584 3116 -1
744 3116 -1
451 3116 -1
584 3103 -1
823 3046 -1
823 3204 -1
823 3036 -1
1098 3424 -1
1624 3472 -1
1497 3472 -1
1445 3472 -1
1575 3472 -1
1624 3569 -1
2095 2426 -1
2383 2426 -1
2095 2638 -1
1845 3885 -1
1761 3885 -1
1643 3885 -1
2012 3885 -1
1717 3885 -1
1845 3992 -1
1845 3897 -1
1639 3177 -1
2011 3177 -1
2651 3264 -1
2508 3264 -1
2651 3512 -1
2651 3539 -1
2651 3308 -1
2651 3291 -1
1471 2887 -1
1618 2887 -1
1183 1440 -1
1183 1353 -1
1183 1283 -1
1673 3730 -1
1922 3730 -1
1990 3730 -1
1706 3730 -1
1933 3730 -1
2032 3730 -1
1946 3730 -1
1981 3803 -1
1662 3803 -1
1491 3947 -1
1244 3947 -1
1279 3947 -1
1491 3652 -1
551 2506 -1
551 2549 -1
104 2350 -1
394 2526 -1
228 881 -1
228 874 -1
1691 3510 -1
1691 3443 -1
1691 3421 -1
1372 3496 -1
1882 3844 -1
1822 3644 -1
1822 3784 -1
1822 3883 -1
1822 3740 -1
89 861 -1
256 861 -1
121 861 -1
4 861 -1
224 861 -1
1435 3544 -1
3295 3717 -1
3296 3717 -1
3590 3717 -1
3295 3852 -1
2023 3672 -1
1705 3672 -1
1868 3672 -1
1872 3672 -1
1745 3672 -1
2057 3672 -1
1850 3672 -1
1947 3672 -1
3339 3739 -1
3339 3689 -1
3339 3975 -1
2289 3438 -1
2364 3438 -1
2359 3795 -1
2102 3795 -1
2215 3795 -1
2093 3795 -1
2422 3795 -1
2424 3795 -1
2268 3795 -1
583 1131 -1
808 1131 -1
536 1131 -1
386 1131 -1
818 1131 -1
583 1233 -1
583 1050 -1
653 3156 -1
770 3156 -1
653 2891 -1
653 2844 -1
653 2830 -1
798 3206 -1
779 3153 -1
403 3153 -1
630 3153 -1
779 3218 -1
779 3173 -1
779 3142 -1
779 3183 -1
748 3011 -1
748 3053 -1
748 3055 -1
1548 3496 -1
1254 3496 -1
1453 3496 -1
1428 3496 -1
1429 3496 -1
1241 3496 -1
1342 3496 -1
208 1162 -1
27 1162 -1
208 1154 -1
208 939 -1
1265 2251 -1
1315 2251 -1
2095 2800 -1
2383 2800 -1
2095 2587 -1
2095 2702 -1
781 3095 -1
624 3095 -1
768 3095 -1
637 3095 -1
438 3095 -1
781 3043 -1
781 2935 -1
2065 3822 -1
2065 3887 -1
860 3329 -1
860 3556 -1
804 2840 -1
2899 3620 -1
2899 3987 -1
2851 3752 -1
2867 3752 -1
2893 3752 -1
1614 3602 -1
2262 3474 -1
1978 2963 -1
1854 2963 -1
1461 3083 -1
787 1801 -1
657 972 -1
619 972 -1
2369 3532 -1
2369 3387 -1
233 1235 -1
328 1235 -1
233 1195 -1
691 1068 -1
1175 3411 -1
1059 3050 -1
495 2481 -1
495 2432 -1
495 2529 -1
495 2629 -1
495 2698 -1
495 2443 -1
495 2621 -1
495 2672 -1
495 2741 -1
495 2494 -1
495 2552 -1
495 2585 -1
495 2781 -1
495 2718 -1
2829 3883 -1
3218 3883 -1
3183 3883 -1
2829 3784 -1
2829 3740 -1
2829 3644 -1
2540 3357 -1
276 3605 -1
569 1016 -1
385 1016 -1
400 1016 -1
670 1016 -1
663 1016 -1
796 1016 -1
414 1016 -1
1872 3879 -1
2023 3879 -1
1705 3879 -1
1868 3879 -1
1745 3879 -1
2057 3879 -1
1850 3879 -1
1947 3879 -1
2967 3973 -1
3225 3973 -1
2809 3973 -1
2862 3973 -1
2846 3973 -1
3169 3973 -1
2967 3890 -1
745 3289 -1
1730 3965 -1
1900 3971 -1
2351 3737 -1
2351 3777 -1
2351 3938 -1
2351 3974 -1
2351 3905 -1
2351 3823 -1
2351 3603 -1
2351 3798 -1
87 920 -1
365 920 -1
87 1217 -1
87 1028 -1
87 936 -1
87 1072 -1
87 886 -1
87 889 -1
449 2398 -1
392 2398 -1
457 2398 -1
449 2146 -1
449 2341 -1
449 2121 -1
449 2286 -1
449 2223 -1
449 2239 -1
1247 2130 -1
1329 2130 -1
893 3011 -1
1213 3011 -1
989 3011 -1
893 3053 -1
893 3055 -1
89 2560 -1
256 2560 -1
121 2560 -1
4 2560 -1
224 2560 -1
917 3238 -1
1693 3108 -1
1693 3213 -1
2407 3288 -1
796 963 -1
400 963 -1
569 963 -1
670 963 -1
385 963 -1
150 3567 -1
3202 3943 -1
3090 3943 -1
2908 3943 -1
3202 3969 -1
3202 3731 -1
3202 3868 -1
1805 3999 -1
1805 3729 -1
1805 3694 -1
180 3957 -1
2470 3777 -1
2470 3938 -1
2470 3974 -1
2470 3823 -1
2470 3603 -1
2470 3798 -1
2470 3737 -1
1541 2238 -1
1336 2238 -1
1326 2238 -1
1541 2159 -1
779 3144 -1
403 3144 -1
630 3144 -1
1609 2400 -1
1609 2177 -1
1609 2083 -1
1609 2183 -1
1609 2415 -1
1609 2361 -1
1609 2365 -1
362 2766 -1
137 2766 -1
2318 3425 -1
2837 3902 -1
2837 3889 -1
2837 3654 -1
973 1814 -1
378 1192 -1
3038 3952 -1
3312 3760 -1
1973 3688 -1
1689 3688 -1
1871 3688 -1
1973 3719 -1
1973 3671 -1
469 3095 -1
469 3043 -1
469 2935 -1
929 2615 -1
1027 3455 -1
3127 3993 -1
2944 3993 -1
3033 3993 -1
1285 3281 -1
493 3050 -1
1913 3845 -1
1965 3845 -1
2014 3845 -1
1158 2168 -1
868 2168 -1
910 2168 -1
2225 3636 -1
2175 3636 -1
1960 3091 -1
1681 3091 -1
571 3444 -1
571 3392 -1
571 3313 -1
571 3286 -1
1751 3789 -1
1945 3789 -1
1751 3754 -1
1471 2867 -1
1618 2867 -1
1471 2851 -1
1471 2893 -1
86 920 -1
40 920 -1
86 1217 -1
86 1028 -1
86 936 -1
86 1072 -1
86 886 -1
86 889 -1
1913 3848 -1
1965 3848 -1
2014 3848 -1
2051 2707 -1
2051 2784 -1
2012 3952 -1
1761 3952 -1
1643 3952 -1
1717 3952 -1
1845 3952 -1
1282 3705 -1
779 1987 -1
403 1987 -1
630 1987 -1
2028 3697 -1
1752 3697 -1
1755 3697 -1
1846 3697 -1
1775 3697 -1
2028 3793 -1
2028 3818 -1
618 1204 -1
753 1204 -1
618 837 -1
2313 2762 -1
1171 3921 -1
1112 3921 -1
1187 3921 -1
1070 3921 -1
3436 3998 -1
1977 2967 -1
1684 2967 -1
1879 2967 -1
1977 3225 -1
1977 2809 -1
1977 2862 -1
1977 2846 -1
1977 3169 -1
831 3319 -1
831 3413 -1
831 3558 -1
2204 3880 -1
2420 3208 -1
2420 3064 -1
1991 3656 -1
1830 2510 -1
1635 2510 -1
1830 2587 -1
1830 2513 -1
1830 2435 -1
1830 2702 -1
2052 3994 -1
3057 3898 -1
3057 3800 -1
2924 3686 -1
2924 3851 -1
2924 3779 -1
250 2538 -1
33 2538 -1
353 2538 -1
371 1352 -1
644 1352 -1
1962 2887 -1
1896 2887 -1
1985 2887 -1
1783 2887 -1
1734 2887 -1
1895 2887 -1
1586 2278 -1
1354 2278 -1
1334 2278 -1
1358 2278 -1
1365 2278 -1
1586 2189 -1
2039 3992 -1
2039 3897 -1
2039 3885 -1
1682 2610 -1
1682 2573 -1
3220 3949 -1
3220 3617 -1
3220 3877 -1
3220 3657 -1
1707 3675 -1
1816 3675 -1
1966 3675 -1
2943 3804 -1
2943 3820 -1
2390 2723 -1
805 3688 -1
805 3719 -1
805 3671 -1
533 3011 -1
533 3053 -1
533 3055 -1
2824 3709 -1
526 1077 -1
1920 3154 -1
950 1925 -1
1076 1925 -1
1214 3192 -1
912 3192 -1
1017 3192 -1
1207 3192 -1
1621 2241 -1
1175 3344 -1
1175 3586 -1
1175 3236 -1
2330 2704 -1
2330 2774 -1
1256 3679 -1
1413 3679 -1
1904 3359 -1
1964 3359 -1
1171 1992 -1
1112 1992 -1
1187 1992 -1
1070 1992 -1
428 1791 -1
632 1791 -1
473 1791 -1
648 1791 -1
545 1791 -1
453 3206 -1
2662 3574 -1
2662 3360 -1
2662 3292 -1
2662 3301 -1
1648 3702 -1
1648 3776 -1
1648 3819 -1
1648 3596 -1
1648 3869 -1
1648 3623 -1
1062 1336 -1
1062 1541 -1
1062 1326 -1
1502 2109 -1
1412 2109 -1
142 2521 -1
98 2521 -1
43 2521 -1
142 2754 -1
2953 3547 -1
2953 3284 -1
2251 2967 -1
2251 3225 -1
2251 2809 -1
2251 2862 -1
2251 2846 -1
2251 3169 -1
1195 3327 -1
1235 3327 -1
1195 3552 -1
820 2296 -1
820 2129 -1
1178 3209 -1
1879 3912 -1
1977 3912 -1
1684 3912 -1
1879 3954 -1
1879 3787 -1
1879 3747 -1
1879 3942 -1
1879 3847 -1
247 2263 -1
64 2263 -1
169 2263 -1
2281 3922 -1
696 3566 -1
534 3566 -1
696 3388 -1
950 2044 -1
1076 2044 -1
950 1869 -1
814 2320 -1
814 2277 -1
1559 3973 -1
1512 3973 -1
1420 3973 -1
1629 3973 -1
1559 3890 -1
2227 3597 -1
182 2712 -1
176 2712 -1
796 3841 -1
400 3841 -1
569 3841 -1
670 3841 -1
385 3841 -1
261 1070 -1
261 1112 -1
261 1171 -1
261 1187 -1
2421 3512 -1
2421 3264 -1
2421 3539 -1
2421 3308 -1
1586 2130 -1
1354 2130 -1
1334 2130 -1
1358 2130 -1
1365 2130 -1
3471 3973 -1
3314 3973 -1
3487 3973 -1
3540 3973 -1
3311 3973 -1
3471 3890 -1
2018 3021 -1
1660 3021 -1
675 2924 -1
749 2924 -1
1991 3045 -1
1991 2971 -1
2086 2691 -1
875 3395 -1
958 3395 -1
871 3395 -1
637 3050 -1
768 3050 -1
578 3050 -1
588 3050 -1
781 3050 -1
624 3050 -1
529 3050 -1
438 3050 -1
537 3050 -1
1929 3842 -1
1929 3963 -1
258 2765 -1
258 2440 -1
258 2545 -1
2934 3939 -1
570 3206 -1
576 3325 -1
1342 2133 -1
1254 2133 -1
1548 2133 -1
1453 2133 -1
1428 2133 -1
1429 2133 -1
1241 2133 -1
461 850 -1
706 850 -1
1054 2481 -1
1054 2432 -1
1054 2529 -1
1054 2629 -1
1054 2698 -1
1054 2443 -1
1054 2621 -1
1054 2672 -1
1054 2741 -1
1054 2494 -1
1054 2552 -1
1054 2585 -1
1054 2781 -1
1054 2718 -1
