472 507 1
581 684 1
380 804 1
455 552 1
453 740 1
389 755 1
415 573 1
556 577 1
521 681 1
393 815 1
754 769 1
612 696 1
434 685 1
478 485 1
380 583 1
583 804 1
439 780 1
590 618 1
367 715 1
369 707 1
576 701 1
517 652 1
656 671 1
499 698 1
545 776 1
572 774 1
593 759 1
684 713 1
581 713 1
557 664 1
479 487 1
580 627 1
585 635 1
770 801 1
472 772 1
507 772 1
672 750 1
560 622 1
438 601 1
601 710 1
438 710 1
590 638 1
618 638 1
378 545 1
378 776 1
499 658 1
658 698 1
557 623 1
623 664 1
529 552 1
455 529 1
401 644 1
736 808 1
655 729 1
652 800 1
517 800 1
458 616 1
687 793 1
400 723 1
458 693 1
616 693 1
509 664 1
509 557 1
509 623 1
497 599 1
468 798 1
409 481 1
393 494 1
494 815 1
503 685 1
434 503 1
555 642 1
527 788 1
476 626 1
467 769 1
467 754 1
808 809 1
736 809 1
440 458 1
440 616 1
440 693 1
410 455 1
410 552 1
410 529 1
370 571 1
527 639 1
639 788 1
419 422 1
459 530 1
538 743 1
429 642 1
429 555 1
490 745 1
371 488 1
371 753 1
488 753 1
407 783 1
581 781 1
713 781 1
684 781 1
460 525 1
444 589 1
460 650 1
525 650 1
631 788 1
631 639 1
527 631 1
548 628 1
381 764 1
397 742 1
491 541 1
626 780 1
476 780 1
439 626 1
577 745 1
556 745 1
490 577 1
562 660 1
624 661 1
507 610 1
472 610 1
610 772 1
527 637 1
631 637 1
637 788 1
637 639 1
383 574 1
465 528 1
504 560 1
504 622 1
700 701 1
576 700 1
607 797 1
485 559 1
478 559 1
393 770 1
494 770 1
770 815 1
393 801 1
393 491 1
491 801 1
491 770 1
491 494 1
491 815 1
393 541 1
518 784 1
754 766 1
766 769 1
467 766 1
506 708 1
529 533 1
533 552 1
410 533 1
455 533 1
687 801 1
793 801 1
393 687 1
687 770 1
491 687 1
451 495 1
434 632 1
632 685 1
503 632 1
618 721 1
638 721 1
590 721 1
389 615 1
615 755 1
424 631 1
424 527 1
424 788 1
424 637 1
424 639 1
370 380 1
380 571 1
370 804 1
370 583 1
674 741 1
467 818 1
769 818 1
754 818 1
766 818 1
600 631 1
424 600 1
527 600 1
600 788 1
600 637 1
600 639 1
385 506 1
385 708 1
774 818 1
572 818 1
769 774 1
754 774 1
467 774 1
766 774 1
387 783 1
387 407 1
728 805 1
470 729 1
470 655 1
442 813 1
554 666 1
574 803 1
383 803 1
597 759 1
593 597 1
635 789 1
585 789 1
766 767 1
767 769 1
767 774 1
767 818 1
754 767 1
467 767 1
375 460 1
375 650 1
375 525 1
421 511 1
628 732 1
548 732 1
614 666 1
554 614 1
591 631 1
424 591 1
527 591 1
591 788 1
591 600 1
591 637 1
591 639 1
845 964 1
826 985 1
840 919 1
1002 1095 1
836 841 1
941 1092 1
1195 1201 1
949 1221 1
1006 1149 1
903 1045 1
885 1083 1
908 996 1
907 1106 1
877 974 1
1113 1171 1
882 1054 1
1133 1156 1
980 1096 1
1060 1174 1
1086 1172 1
1115 1184 1
1026 1150 1
870 1184 1
870 1115 1
950 972 1
834 1138 1
826 1191 1
985 1191 1
989 1206 1
854 1062 1
925 943 1
963 1003 1
821 1011 1
897 942 1
849 891 1
1051 1203 1
918 1180 1
976 994 1
947 1077 1
839 954 1
1037 1231 1
880 963 1
880 1003 1
828 1047 1
858 1083 1
858 885 1
848 1047 1
828 848 1
983 1126 1
935 991 1
984 1021 1
866 1113 1
866 1171 1
1014 1213 1
916 1228 1
1169 1235 1
870 905 1
905 1184 1
905 1115 1
856 882 1
856 1054 1
840 950 1
919 950 1
840 972 1
1039 1226 1
953 990 1
1109 1188 1
953 1022 1
990 1022 1
939 1150 1
939 1026 1
919 1119 1
840 1119 1
950 1119 1
839 976 1
954 976 1
839 994 1
973 1138 1
834 973 1
1038 1104 1
944 1051 1
944 1203 1
863 1007 1
917 1019 1
822 926 1
920 1068 1
940 954 1
940 976 1
839 940 1
1123 1221 1
949 1123 1
916 937 1
937 1228 1
1105 1213 1
1014 1105 1
1196 1208 1
978 1193 1
825 860 1
833 1184 1
833 905 1
833 1115 1
833 870 1
956 1179 1
979 1001 1
962 1059 1
850 1157 1
939 991 1
991 1026 1
991 1150 1
935 939 1
916 942 1
937 942 1
942 1228 1
897 916 1
886 1042 1
865 1181 1
865 887 1
887 1181 1
1041 1181 1
865 1041 1
887 1041 1
900 1208 1
900 1196 1
1016 1021 1
984 1016 1
906 1106 1
906 907 1
890 977 1
1134 1139 1
998 1009 1
840 940 1
940 1119 1
940 972 1
940 950 1
919 940 1
839 840 1
840 976 1
840 954 1
826 1070 1
985 1070 1
1070 1191 1
873 1009 1
873 998 1
849 900 1
891 900 1
849 1208 1
849 1196 1
1135 1194 1
972 1166 1
840 1166 1
940 1166 1
950 1166 1
866 1210 1
1113 1210 1
1171 1210 1
918 1188 1
1180 1188 1
918 1109 1
1165 1225 1
1082 1187 1
937 1136 1
1136 1228 1
916 1136 1
942 1136 1
937 1078 1
1078 1136 1
1078 1228 1
916 1078 1
942 1078 1
1073 1145 1
1011 1094 1
821 1094 1
1054 1097 1
856 1097 1
882 1097 1
965 1217 1
1068 1155 1
920 1155 1
1152 1206 1
989 1152 1
864 910 1
821 848 1
848 1011 1
848 1094 1
821 828 1
821 1047 1
866 997 1
997 1113 1
997 1210 1
997 1171 1
838 1086 1
838 1172 1
1166 1166 1
1055 1227 1
1140 1151 1
959 1191 1
959 985 1
826 959 1
959 1070 1
892 1057 1
968 1194 1
968 1135 1
999 1196 1
999 1208 1
849 999 1
900 999 1
871 1102 1
869 1042 1
869 886 1
1286 1616 1
1391 1400 1
1296 1473 1
1296 1339 1
1339 1473 1
1546 1548 1
1327 1504 1
1339 1444 1
1296 1444 1
1444 1473 1
1588 1605 1
1237 1310 1
1505 1563 1
1393 1394 1
1564 1567 1
1339 1382 1
1296 1382 1
1382 1473 1
1382 1444 1
1256 1561 1
1256 1417 1
1417 1561 1
1371 1505 1
1371 1563 1
1372 1476 1
1247 1336 1
1311 1406 1
1278 1506 1
1311 1613 1
1406 1613 1
1554 1596 1
1321 1541 1
1254 1332 1
1357 1443 1
1479 1556 1
1383 1446 1
1341 1524 1
1325 1403 1
1275 1370 1
1289 1583 1
1408 1438 1
1388 1625 1
1414 1450 1
1291 1566 1
1258 1518 1
1471 1579 1
1249 1578 1
1365 1576 1
1522 1625 1
1388 1522 1
1356 1601 1
1416 1499 1
1426 1507 1
1274 1489 1
1258 1425 1
1425 1518 1
1372 1604 1
1476 1604 1
1380 1618 1
1445 1510 1
1248 1543 1
1237 1265 1
1265 1310 1
1302 1525 1
1398 1499 1
1398 1416 1
1339 1422 1
1296 1422 1
1422 1473 1
1422 1444 1
1382 1422 1
1548 1586 1
1546 1586 1
1461 1496 1
1243 1589 1
1250 1311 1
1250 1613 1
1250 1406 1
1242 1514 1
1338 1606 1
1247 1406 1
1336 1406 1
1247 1250 1
1247 1613 1
1247 1311 1
1551 1570 1
1269 1584 1
1364 1457 1
1390 1612 1
1249 1458 1
1458 1578 1
1381 1403 1
1325 1381 1
1269 1349 1
1349 1584 1
1304 1609 1
1505 1588 1
1371 1588 1
1563 1588 1
1505 1605 1
1413 1615 1
1478 1581 1
1396 1438 1
1396 1408 1
1305 1560 1
1251 1327 1
1251 1504 1
1306 1444 1
1306 1473 1
1306 1382 1
1306 1422 1
1296 1306 1
1306 1339 1
1430 1550 1
1548 1600 1
1546 1600 1
1586 1600 1
1475 1562 1
1494 1547 1
1348 1573 1
1482 1563 1
1482 1505 1
1371 1482 1
1482 1588 1
1433 1526 1
1511 1523 1
1305 1466 1
1466 1560 1
1253 1301 1
1391 1555 1
1400 1555 1
1378 1490 1
1405 1447 1
1488 1612 1
1390 1488 1
1390 1495 1
1488 1495 1
1495 1612 1
1420 1563 1
1420 1505 1
1420 1482 1
1371 1420 1
1420 1588 1
1514 1617 1
1242 1617 1
1367 1617 1
1367 1514 1
1242 1367 1
1366 1460 1
1347 1536 1
1291 1400 1
1400 1566 1
1291 1555 1
1291 1391 1
1316 1394 1
1316 1393 1
1302 1453 1
1453 1525 1
1419 1483 1
1336 1344 1
1344 1406 1
1247 1344 1
1240 1273 1
1266 1281 1
1496 1556 1
1461 1556 1
1479 1496 1
1570 1600 1
1551 1600 1
1546 1570 1
1548 1570 1
1570 1586 1
1561 1634 1
1256 1634 1
1417 1634 1
1260 1583 1
1260 1289 1
1362 1561 1
1256 1362 1
1362 1417 1
1362 1634 1
1464 1603 1
1354 1540 1
1358 1460 1
1358 1366 1
1439 1476 1
1439 1604 1
1372 1439 1
1472 1532 1
1433 1440 1
1440 1526 1
1319 1368 1
1299 1473 1
1299 1444 1
1299 1382 1
1299 1422 1
1296 1299 1
1299 1306 1
1299 1339 1
1855 2010 1
1736 1941 1
1665 1671 1
1686 1822 1
1729 1755 1
1756 1933 1
1704 1972 1
1813 1975 1
1672 1914 1
1745 1781 1
1781 2064 1
1745 2064 1
1786 1799 1
1976 2048 1
1650 1759 1
1793 2030 1
1821 1911 1
1862 1981 1
2034 2037 1
1691 2029 1
1644 1728 1
2009 2035 1
1806 1844 1
1727 1814 1
1674 1700 1
1935 2050 1
1796 1873 1
1966 1994 1
1638 1652 1
1716 1838 1
1985 2062 1
1817 1885 1
1810 2046 1
1773 2064 1
1745 1773 1
1773 1781 1
1823 1855 1
1823 2010 1
1655 2002 1
1699 1709 1
1953 2048 1
1953 1976 1
1637 1894 1
1821 1967 1
1911 1967 1
1680 1868 1
1671 2007 1
1665 2007 1
1796 1868 1
1868 1873 1
1680 1796 1
1738 1965 1
1782 1965 1
1738 1782 1
1805 1875 1
1783 2054 1
1748 1960 1
1675 1959 1
1951 1972 1
1704 1951 1
1674 1765 1
1700 1765 1
1968 2016 1
1856 2032 1
1923 1936 1
1928 1950 1
1703 2051 1
1814 2002 1
1727 2002 1
1655 1814 1
1713 1879 1
1881 2057 1
1966 1973 1
1973 1994 1
1934 2009 1
1934 2035 1
1858 1957 1
1869 1903 1
1715 1926 1
1793 1937 1
1937 2030 1
1737 1922 1
1955 2011 1
1635 1667 1
1648 2017 1
1779 1961 1
1926 2021 1
1715 2021 1
1752 2005 1
1820 1990 1
1820 1997 1
1990 1997 1
1636 1720 1
1735 1822 1
1686 1735 1
1698 2044 1
1971 2030 1
1793 1971 1
1937 1971 1
1713 1855 1
1855 1879 1
1713 2010 1
1713 1823 1
1744 1980 1
1669 1752 1
1669 2005 1
1653 1831 1
2032 2036 1
1856 2036 1
1660 2012 1
1775 1893 1
1875 1914 1
1805 1914 1
1672 1875 1
1651 1757 1
1764 2036 1
1764 2032 1
1764 1856 1
1704 1792 1
1792 1972 1
1792 1951 1
1701 1956 1
1644 1731 1
1728 1731 1
1849 2043 1
1770 2049 1
1782 1819 1
1738 1819 1
1819 1965 1
1958 2000 1
1987 2008 1
1900 2036 1
1900 2032 1
1856 1900 1
1764 1900 1
1879 1971 1
1713 1971 1
1855 1971 1
1793 1879 1
1879 1937 1
1879 2030 1
1845 1903 1
1845 1869 1
1827 1989 1
1690 1979 1
1781 1902 1
1902 2064 1
1745 1902 1
1773 1902 1
1840 1906 1
1847 2050 1
1847 1935 1
1730 1882 1
1637 1656 1
1656 1894 1
1650 1738 1
1738 1759 1
1650 1819 1
1650 1965 1
1650 1782 1
1937 1945 1
1793 1945 1
1945 1971 1
1945 2030 1
1879 1945 1
1664 2037 1
1664 2034 1
1986 2021 1
1715 1986 1
1926 1986 1
1871 1879 1
1793 1871 1
1713 1871 1
1871 2030 1
1871 1937 1
1871 1971 1
1871 1945 1
1855 1871 1
1635 1724 1
1667 1724 1
1855 1908 1
1871 1908 1
1713 1908 1
1908 1971 1
1879 1908 1
1908 2010 1
1823 1908 1
1958 1998 1
1998 2000 1
1747 1877 1
1811 2057 1
1811 1881 1
1660 1839 1
1839 2012 1
1677 1960 1
1677 1748 1
1848 1986 1
1715 1848 1
1848 2021 1
1848 1926 1
1775 1779 1
1779 1893 1
1775 1961 1
1890 1977 1
1796 1937 1
1680 1937 1
1873 1937 1
1868 1937 1
1793 1796 1
1796 2030 1
1796 1871 1
1796 1971 1
1796 1879 1
1796 1945 1
1711 1752 1
1711 2005 1
1669 1711 1
2086 2329 1
2247 2374 1
2260 2386 1
2289 2304 1
2313 2357 1
2255 2293 1
2395 2423 1
2122 2243 1
2379 2410 1
2232 2396 1
2297 2352 1
2146 2285 1
2271 2350 1
2290 2297 1
2290 2352 1
2163 2404 1
2317 2385 1
2219 2224 1
2188 2335 1
2109 2382 1
2265 2367 1
2192 2279 1
2068 2164 1
2100 2201 1
2307 2317 1
2307 2385 1
2211 2291 1
2140 2206 1
2086 2231 1
2231 2329 1
2152 2395 1
2152 2423 1
2280 2339 1
2172 2261 1
2287 2418 1
2294 2324 1
2141 2401 1
2375 2401 1
2141 2375 1
2286 2331 1
2197 2278 1
2200 2259 1
2247 2292 1
2292 2374 1
2158 2417 1
2224 2256 1
2219 2256 1
2200 2276 1
2259 2276 1
2209 2389 1
2418 2423 1
2287 2423 1
2152 2418 1
2395 2418 1
2120 2303 1
2289 2318 1
2304 2318 1
2153 2409 1
2200 2217 1
2217 2259 1
2217 2276 1
2074 2262 1
2293 2314 1
2255 2314 1
2128 2169 1
2198 2259 1
2198 2200 1
2198 2217 1
2198 2276 1
2109 2172 1
2172 2382 1
2109 2261 1
2193 2223 1
2107 2201 1
2100 2107 1
2271 2361 1
2350 2361 1
2242 2264 1
2118 2396 1
2118 2232 1
2326 2377 1
2078 2234 1
2285 2419 1
2146 2419 1
2180 2202 1
2268 2290 1
2268 2352 1
2268 2297 1
2097 2147 1
2169 2188 1
2128 2188 1
2169 2335 1
2187 2270 1
2234 2399 1
2078 2399 1
2293 2383 1
2314 2383 1
2255 2383 1
2156 2258 1
2155 2365 1
2302 2406 1
2164 2350 1
2068 2350 1
2164 2361 1
2164 2271 1
2274 2346 1
2399 2406 1
2234 2406 1
2078 2406 1
2302 2399 1
2162 2413 1
2352 2365 1
2297 2365 1
2290 2365 1
2268 2365 1
2155 2352 1
2323 2414 1
2259 2363 1
2200 2363 1
2217 2363 1
2276 2363 1
2198 2363 1
2116 2169 1
2116 2128 1
2116 2188 1
2116 2335 1
2107 2153 1
2153 2201 1
2100 2153 1
2107 2409 1
2095 2234 1
2095 2406 1
2078 2095 1
2095 2399 1
2184 2247 1
2184 2292 1
2184 2374 1
2106 2261 1
2106 2172 1
2106 2109 1
2110 2277 1
2309 2371 1
2100 2151 1
2151 2201 1
2107 2151 1
2151 2153 1
2070 2381 1
2137 2395 1
2137 2152 1
2137 2418 1
2137 2423 1
2363 2374 1
2276 2374 1
2217 2374 1
2259 2374 1
2198 2374 1
2200 2374 1
2247 2363 1
2184 2363 1
2292 2363 1
2304 2369 1
2289 2369 1
2318 2369 1
2071 2333 1
2230 2257 1
2111 2422 1
2163 2241 1
2241 2404 1
2076 2272 1
2353 2405 1
2227 2264 1
2227 2242 1
2325 2395 1
2152 2325 1
2137 2325 1
2325 2418 1
2325 2423 1
2101 2127 1
2273 2312 1
2638 2801 1
2465 2515 1
2499 2799 1
2432 2657 1
2475 2665 1
2619 2698 1
2530 2798 1
2541 2668 1
2522 2743 1
2469 2679 1
2572 2686 1
2599 2613 1
2650 2663 1
2604 2699 1
2548 2713 1
2440 2757 1
2489 2643 1
2545 2601 1
2474 2682 1
2624 2702 1
2561 2773 1
2488 2706 1
2518 2559 1
2455 2688 1
2531 2775 1
2534 2681 1
2447 2484 1
2435 2611 1
2591 2781 1
2547 2786 1
2519 2747 1
2454 2678 1
2446 2746 1
2596 2718 1
2595 2663 1
2595 2650 1
2445 2768 1
2444 2737 1
2474 2567 1
2567 2682 1
2733 2735 1
2504 2598 1
2535 2760 1
2488 2649 1
2649 2706 1
2554 2679 1
2469 2554 1
2560 2720 1
2625 2676 1
2606 2788 1
2672 2768 1
2445 2672 1
2547 2626 1
2626 2786 1
2536 2564 1
2471 2478 1
2550 2612 1
2464 2797 1
2580 2634 1
2460 2539 1
2657 2733 1
2432 2733 1
2657 2735 1
2654 2656 1
2479 2605 1
2457 2543 1
2708 2752 1
2598 2780 1
2504 2780 1
2473 2653 1
2669 2680 1
2642 2683 1
2531 2732 1
2732 2775 1
2476 2649 1
2476 2488 1
2476 2706 1
2731 2792 1
2489 2715 1
2643 2715 1
2495 2777 1
2515 2556 1
2465 2556 1
2438 2739 1
2504 2540 1
2540 2780 1
2540 2598 1
2622 2625 1
2622 2676 1
2646 2735 1
2646 2657 1
2646 2733 1
2432 2744 1
2657 2744 1
2733 2744 1
2532 2782 1
2518 2749 1
2559 2749 1
2689 2780 1
2504 2689 1
2540 2689 1
2598 2689 1
2536 2610 1
2564 2610 1
2435 2710 1
2611 2710 1
2607 2658 1
2575 2749 1
2518 2575 1
2559 2575 1
2577 2781 1
2577 2591 1
2778 2785 1
2582 2735 1
2582 2657 1
2582 2733 1
2582 2646 1
2591 2595 1
2577 2595 1
2595 2781 1
2591 2650 1
2591 2663 1
2790 2802 1
2514 2640 1
2562 2727 1
2599 2700 1
2613 2700 1
2563 2606 1
2563 2788 1
2728 2762 1
2533 2671 1
2483 2660 1
2546 2780 1
2504 2546 1
2546 2689 1
2540 2546 1
2546 2598 1
2693 2743 1
2522 2693 1
2562 2629 1
2629 2727 1
2583 2747 1
2519 2583 1
2430 2759 1
2503 2553 1
2467 2743 1
2467 2522 1
2467 2693 1
2487 2751 1
2477 2785 1
2477 2778 1
2796 2800 1
2587 2690 1
2453 2582 1
2453 2657 1
2453 2733 1
2453 2646 1
2453 2735 1
2775 2787 1
2531 2787 1
2732 2787 1
2425 2765 1
2492 2522 1
2467 2492 1
2492 2693 1
2492 2743 1
2478 2555 1
2471 2555 1
2737 2760 1
2444 2760 1
2535 2737 1
2438 2510 1
2510 2739 1
2478 2572 1
2555 2572 1
2471 2572 1
2478 2686 1
2631 2637 1
2613 2665 1
2665 2700 1
2599 2665 1
2475 2613 1
2621 2761 1
2600 2668 1
2541 2600 1
2432 2738 1
2738 2744 1
2657 2738 1
2733 2738 1
2900 2942 1
3005 3227 1
2836 3064 1
2839 3098 1
2882 2936 1
2993 3183 1
2979 3032 1
2898 2921 1
2888 3085 1
2804 3188 1
2931 3108 1
2811 2962 1
2943 3088 1
2977 3047 1
3127 3156 1
2921 3159 1
2898 3159 1
3036 3179 1
2846 3167 1
2961 2972 1
2979 3027 1
3027 3032 1
2983 3046 1
3074 3148 1
2828 2966 1
2868 2984 1
3155 3174 1
2928 3230 1
3026 3180 1
2869 3090 1
3075 3106 1
2850 2862 1
3093 3227 1
3005 3093 1
3141 3177 1
2839 2869 1
2869 3098 1
2839 3090 1
3015 3037 1
3113 3162 1
3042 3047 1
2977 3042 1
2858 3147 1
3006 3146 1
2831 2981 1
2913 3129 1
3012 3167 1
2846 3012 1
3198 3221 1
2823 2880 1
2868 3182 1
2984 3182 1
2821 3095 1
2862 3178 1
2850 3178 1
2986 3172 1
2990 3071 1
2874 2935 1
2905 3037 1
2905 3015 1
2912 3028 1
2829 2860 1
2855 3182 1
2855 2984 1
2855 2868 1
2916 2945 1
3042 3140 1
2977 3140 1
3047 3140 1
2837 3156 1
2837 3127 1
2834 3209 1
2888 2912 1
2912 3085 1
2888 3028 1
2936 3002 1
2882 3002 1
3021 3110 1
2815 3090 1
2815 2869 1
2815 2839 1
2844 2909 1
2871 3094 1
2882 3153 1
2936 3153 1
3002 3153 1
2823 3166 1
2880 3166 1
2855 3094 1
2984 3094 1
2868 3094 1
3094 3182 1
2855 2871 1
3086 3095 1
2821 3086 1
2844 3198 1
2909 3198 1
2844 3221 1
3177 3210 1
3141 3210 1
2931 3094 1
3094 3108 1
2855 2931 1
2931 2984 1
2931 3182 1
2868 2931 1
2871 2931 1
2877 3065 1
3022 3064 1
2836 3022 1
3155 3230 1
3174 3230 1
2928 3155 1
2840 3224 1
2848 3167 1
2848 3012 1
2846 2848 1
3074 3107 1
3107 3148 1
2953 3114 1
2805 2983 1
2805 3046 1
2915 2943 1
2915 3088 1
3028 3203 1
2912 3203 1
2888 3203 1
3128 3173 1
3070 3176 1
2817 3043 1
2887 3178 1
2850 2887 1
2862 2887 1
2871 2876 1
2876 2931 1
2876 3094 1
2855 2876 1
3047 3121 1
2977 3121 1
3042 3121 1
3121 3140 1
2992 3047 1
2977 2992 1
2992 3042 1
2992 3140 1
2992 3121 1
2922 2950 1
3133 3184 1
2995 3027 1
2995 3032 1
2979 2995 1
2996 3136 1
2809 3204 1
2829 2873 1
2860 2873 1
2856 3144 1
3002 3181 1
2936 3181 1
3153 3181 1
2882 3181 1
2971 3197 1
2815 2826 1
2826 3090 1
2826 2869 1
2826 2839 1
2917 2925 1
2874 3015 1
2935 3015 1
2874 2905 1
2874 3037 1
2862 2891 1
2850 2891 1
2891 3178 1
2887 2891 1
2932 2956 1
2957 3014 1
2844 3193 1
2909 3193 1
3193 3198 1
3193 3221 1
2842 2919 1
2815 2982 1
2982 3090 1
2826 2982 1
2869 2982 1
2839 2982 1
2858 3046 1
3046 3147 1
2805 2858 1
2858 2983 1
2965 3091 1
2897 3096 1
2894 3141 1
2894 3177 1
2894 3210 1
2885 3171 1
3063 3210 1
3063 3177 1
3063 3141 1
2894 3063 1
2820 2889 1
3091 3170 1
2965 3170 1
2866 2900 1
2866 2942 1
2921 3206 1
2898 3206 1
3159 3206 1
2887 3154 1
3154 3178 1
2891 3154 1
2850 3154 1
2862 3154 1
2994 3169 1
3475 3514 1
3274 3418 1
3327 3524 1
3248 3543 1
3366 3491 1
3293 3370 1
3236 3486 1
3297 3322 1
3242 3502 1
3522 3557 1
3404 3552 1
3387 3592 1
3292 3504 1
3235 3425 1
3334 3359 1
3410 3421 1
3433 3489 1
3431 3465 1
3332 3364 1
3437 3565 1
3237 3451 1
3317 3501 1
3509 3562 1
3415 3476 1
3249 3474 1
3495 3556 1
3284 3425 1
3235 3284 1
3486 3564 1
3236 3564 1
3291 3508 1
3316 3423 1
3393 3468 1
3232 3458 1
3267 3359 1
3267 3334 1
3405 3454 1
3278 3556 1
3278 3495 1
3260 3306 1
3261 3357 1
3298 3395 1
3282 3517 1
3259 3315 1
3329 3497 1
3361 3394 1
3234 3412 1
3248 3331 1
3331 3543 1
3324 3517 1
3282 3324 1
3271 3337 1
3470 3595 1
3240 3395 1
3240 3298 1
3301 3337 1
3271 3301 1
3287 3301 1
3287 3337 1
3271 3287 1
3331 3405 1
3248 3405 1
3405 3543 1
3331 3454 1
3312 3503 1
3353 3371 1
3313 3361 1
3313 3394 1
3249 3590 1
3474 3590 1
3311 3496 1
3279 3519 1
3247 3317 1
3247 3501 1
3311 3373 1
3373 3496 1
3330 3465 1
3330 3431 1
3353 3420 1
3371 3420 1
3302 3530 1
3317 3525 1
3501 3525 1
3247 3525 1
3242 3497 1
3497 3502 1
3242 3329 1
3273 3573 1
3291 3532 1
3508 3532 1
3293 3537 1
3370 3537 1
3346 3485 1
3351 3574 1
3386 3486 1
3386 3564 1
3236 3386 1
3312 3335 1
3335 3503 1
3346 3471 1
3471 3485 1
3383 3436 1
3239 3372 1
3290 3399 1
3235 3244 1
3244 3425 1
3244 3284 1
3317 3571 1
3525 3571 1
3501 3571 1
3247 3571 1
3326 3526 1
3269 3284 1
3269 3425 1
3235 3269 1
3244 3269 1
3314 3471 1
3314 3346 1
3314 3485 1
3306 3401 1
3260 3401 1
3373 3568 1
3496 3568 1
3311 3568 1
3372 3522 1
3239 3522 1
3372 3557 1
3330 3517 1
3465 3517 1
3431 3517 1
3282 3330 1
3324 3330 1
3394 3409 1
3361 3409 1
3313 3409 1
3305 3418 1
3274 3305 1
3349 3589 1
3260 3572 1
3401 3572 1
3306 3572 1
3288 3297 1
3288 3322 1
3317 3353 1
3353 3525 1
3353 3571 1
3353 3501 1
3247 3353 1
3317 3371 1
3317 3420 1
3362 3533 1
3352 3503 1
3312 3352 1
3335 3352 1
3416 3501 1
3416 3525 1
3247 3416 1
3416 3571 1
3317 3416 1
3353 3416 1
3479 3541 1
3253 3265 1
3240 3551 1
3298 3551 1
3395 3551 1
3414 3564 1
3386 3414 1
3236 3414 1
3414 3486 1
3309 3482 1
3255 3568 1
3255 3496 1
3255 3373 1
3255 3311 1
3249 3499 1
3474 3499 1
3499 3590 1
3348 3369 1
3398 3558 1
3366 3500 1
3491 3500 1
3323 3430 1
3619 3627 1
3843 3926 1
3830 3890 1
3914 3923 1
3794 3943 1
3602 3666 1
3650 3835 1
3799 3925 1
3747 3913 1
3786 3908 1
3645 3950 1
3751 3980 1
3619 3965 1
3627 3965 1
3863 3941 1
3873 3944 1
3942 3953 1
3703 3756 1
3609 3788 1
3623 3706 1
3898 3973 1
3727 3924 1
3774 3890 1
3774 3830 1
3694 3998 1
3704 3914 1
3704 3923 1
3888 3909 1
3637 3647 1
3711 3719 1
3833 3933 1
3780 3806 1
3815 3834 1
3655 3942 1
3655 3953 1
3791 3859 1
3771 3879 1
3607 3831 1
3908 3951 1
3786 3951 1
3813 3915 1
3779 3951 1
3779 3786 1
3779 3908 1
3743 3747 1
3743 3913 1
3660 3740 1
3625 3866 1
3632 3769 1
3598 3858 1
3613 3731 1
3830 3966 1
3890 3966 1
3774 3966 1
3779 3963 1
3786 3963 1
3908 3963 1
3951 3963 1
3627 3892 1
3619 3892 1
3892 3965 1
3618 3979 1
3782 3971 1
3637 3724 1
3647 3724 1
3644 3925 1
3644 3799 1
3767 3800 1
3644 3982 1
3925 3982 1
3799 3982 1
3609 3685 1
3685 3788 1
3640 3794 1
3640 3943 1
3598 3785 1
3785 3858 1
3728 3806 1
3728 3780 1
3650 3754 1
3754 3835 1
3833 3855 1
3855 3933 1
3905 3913 1
3747 3905 1
3743 3905 1
3722 3927 1
3815 3881 1
3834 3881 1
3763 3863 1
3763 3941 1
3724 3955 1
3637 3955 1
3647 3955 1
3935 3943 1
3640 3935 1
3794 3935 1
3618 3659 1
3659 3979 1
3941 3978 1
3763 3978 1
3863 3978 1
3806 3945 1
3728 3945 1
3780 3945 1
3638 3639 1
3719 3742 1
3711 3742 1
3723 3988 1
3629 3971 1
3629 3782 1
3764 3791 1
3764 3859 1
3611 3645 1
3611 3950 1
3609 3834 1
3788 3834 1
3685 3834 1
3609 3881 1
3609 3815 1
3729 3962 1
3818 3970 1
3669 3786 1
3669 3963 1
3669 3779 1
3669 3908 1
3669 3951 1
3724 3848 1
3848 3955 1
3637 3848 1
3647 3848 1
3673 3846 1
3659 3921 1
3618 3921 1
3921 3979 1
3693 3824 1
3596 3885 1
3826 3978 1
3763 3826 1
3826 3941 1
3826 3863 1
3690 3745 1
3685 3776 1
3609 3776 1
3776 3834 1
3776 3788 1
3751 3834 1
3834 3980 1
3751 3776 1
3685 3751 1
3751 3815 1
3751 3881 1
3751 3788 1
3609 3751 1
3649 3777 1
3772 3845 1
3852 3963 1
3779 3852 1
3852 3908 1
3786 3852 1
3852 3951 1
3669 3852 1
3805 3961 1
3740 3819 1
3660 3819 1
3766 3783 1
3789 3854 1
3629 3830 1
3830 3971 1
3782 3830 1
3629 3890 1
3629 3774 1
3629 3966 1
3869 3996 1
3750 3997 1
3613 3923 1
3731 3923 1
3613 3704 1
3613 3914 1
3694 3738 1
3738 3998 1
3763 3966 1
3826 3966 1
3966 3978 1
3941 3966 1
3863 3966 1
3763 3890 1
3629 3763 1
3763 3830 1
3763 3774 1
3665 3678 1
3856 3867 1
3783 3864 1
3766 3864 1
3689 3946 1
3937 3977 1
3826 3873 1
3873 3941 1
3873 3978 1
3763 3873 1
3863 3873 1
3873 3966 1
3826 3944 1
1 2 1
139 191 1
48 263 1
295 363 1
74 246 1
106 272 1
134 287 1
102 133 1
59 161 1
225 347 1
3 149 1
14 160 1
74 314 1
246 314 1
93 254 1
187 204 1
78 226 1
220 296 1
259 334 1
257 310 1
10 300 1
207 327 1
316 319 1
137 351 1
184 342 1
156 325 1
61 249 1
216 254 1
93 216 1
160 262 1
14 262 1
150 174 1
40 89 1
103 142 1
187 258 1
204 258 1
24 273 1
241 343 1
96 247 1
104 194 1
303 332 1
131 266 1
34 269 1
18 147 1
97 195 1
10 287 1
287 300 1
10 134 1
127 347 1
127 225 1
38 150 1
38 174 1
119 157 1
221 262 1
160 221 1
14 221 1
15 163 1
40 176 1
89 176 1
84 319 1
84 316 1
125 231 1
51 151 1
148 163 1
15 148 1
208 314 1
74 208 1
208 246 1
77 342 1
77 184 1
217 237 1
15 256 1
163 256 1
148 256 1
158 364 1
120 136 1
182 291 1
222 354 1
80 348 1
19 363 1
19 295 1
71 300 1
10 71 1
71 287 1
25 344 1
179 333 1
58 127 1
58 225 1
58 347 1
315 336 1
242 312 1
317 319 1
84 317 1
316 317 1
195 349 1
97 349 1
304 356 1
34 281 1
269 281 1
36 109 1
104 322 1
194 322 1
73 168 1
103 200 1
142 200 1
92 296 1
92 220 1
20 241 1
20 343 1
120 169 1
136 169 1
118 232 1
71 360 1
10 360 1
300 360 1
287 360 1
235 301 1
94 344 1
25 94 1
239 246 1
208 239 1
74 239 1
239 314 1
64 321 1
102 157 1
133 157 1
102 119 1
123 357 1
24 244 1
244 273 1
6 241 1
6 20 1
6 343 1
10 202 1
134 202 1
71 202 1
202 360 1
202 300 1
202 287 1
204 313 1
258 313 1
187 313 1
141 198 1
156 258 1
258 325 1
156 313 1
156 187 1
156 204 1
112 345 1
63 228 1
98 311 1
237 357 1
217 357 1
123 237 1
214 289 1
54 181 1
89 319 1
40 319 1
176 319 1
84 89 1
89 316 1
89 317 1
13 137 1
13 351 1
3 87 1
87 149 1
275 361 1
22 208 1
22 314 1
22 74 1
22 246 1
22 239 1
287 352 1
134 352 1
71 352 1
352 360 1
10 352 1
300 352 1
202 352 1
45 183 1
12 365 1
335 362 1
143 275 1
143 361 1
1634 3293 -1
1256 3293 -1
1561 3293 -1
1362 3293 -1
1417 3293 -1
1634 3537 -1
1634 3370 -1
2032 3179 -1
1856 3179 -1
1764 3179 -1
2036 3179 -1
1900 3179 -1
2032 3036 -1
3025 3796 -1
1968 3992 -1
2016 3992 -1
385 3120 -1
506 3120 -1
708 3120 -1
913 3395 -1
913 3240 -1
913 3298 -1
913 3551 -1
2103 3365 -1
3078 3764 -1
3078 3859 -1
3078 3791 -1
713 1712 -1
684 1712 -1
581 1712 -1
781 1712 -1
1971 3882 -1
1793 3882 -1
1796 3882 -1
1937 3882 -1
2030 3882 -1
1871 3882 -1
1713 3882 -1
1908 3882 -1
1879 3882 -1
1945 3882 -1
1855 3882 -1
1029 3751 -1
1029 3776 -1
1029 3788 -1
1029 3685 -1
1029 3815 -1
1029 3881 -1
1029 3980 -1
1029 3609 -1
1029 3834 -1
2953 3547 -1
3114 3547 -1
528 3384 -1
465 3384 -1
1530 2311 -1
1836 3966 -1
1836 3873 -1
1836 3941 -1
1836 3978 -1
1836 3890 -1
1836 3629 -1
1836 3826 -1
1836 3763 -1
1836 3830 -1
1836 3863 -1
1836 3774 -1
925 3647 -1
943 3647 -1
925 3848 -1
925 3955 -1
925 3724 -1
925 3637 -1
926 3482 -1
822 3482 -1
926 3309 -1
3575 3964 -1
933 1457 -1
933 1364 -1
1287 2940 -1
1069 2898 -1
1069 2921 -1
1069 3206 -1
1069 3159 -1
2421 3855 -1
2421 3833 -1
2421 3933 -1
1528 2352 -1
1528 2297 -1
1528 2290 -1
1528 2155 -1
1528 2268 -1
1528 2365 -1
3022 3547 -1
3064 3547 -1
2836 3547 -1
1778 2651 -1
1265 2357 -1
1237 2357 -1
1310 2357 -1
1265 2313 -1
618 3788 -1
721 3788 -1
638 3788 -1
590 3788 -1
618 3776 -1
618 3609 -1
618 3834 -1
618 3685 -1
618 3751 -1
1773 3728 -1
2064 3728 -1
1745 3728 -1
1781 3728 -1
1902 3728 -1
1773 3945 -1
1773 3780 -1
1773 3806 -1
705 1205 -1
1246 3543 -1
1246 3248 -1
1246 3331 -1
1246 3405 -1
789 3537 -1
585 3537 -1
635 3537 -1
789 3370 -1
789 3293 -1
1416 2349 -1
1499 2349 -1
1398 2349 -1
3510 3918 -1
1949 2329 -1
1949 2086 -1
1949 2231 -1
1970 2190 -1
2172 2624 -1
2106 2624 -1
2261 2624 -1
2382 2624 -1
2109 2624 -1
2172 2702 -1
1619 2342 -1
1743 2544 -1
283 1426 -1
283 1507 -1
2190 3423 -1
2190 3316 -1
910 1624 -1
864 1624 -1
1454 2262 -1
1454 2074 -1
1489 3281 -1
1274 3281 -1
1261 3575 -1
1454 2265 -1
1454 2367 -1
886 3504 -1
1042 3504 -1
869 3504 -1
886 3292 -1
339 1235 -1
339 1169 -1
483 850 -1
483 1157 -1
379 1193 -1
379 978 -1
2077 3605 -1
2414 3548 -1
2323 3548 -1
442 1063 -1
813 1063 -1
2818 3741 -1
1093 3141 -1
1093 3177 -1
1093 3210 -1
1093 2894 -1
1093 3063 -1
1154 2758 -1
3141 3646 -1
3177 3646 -1
3210 3646 -1
2894 3646 -1
3063 3646 -1
2374 2937 -1
2276 2937 -1
2247 2937 -1
2184 2937 -1
2217 2937 -1
2259 2937 -1
2292 2937 -1
2198 2937 -1
2200 2937 -1
2363 2937 -1
1221 3486 -1
1123 3486 -1
949 3486 -1
1221 3564 -1
1221 3386 -1
1221 3236 -1
1221 3414 -1
351 2089 -1
137 2089 -1
13 2089 -1
387 3332 -1
407 3332 -1
783 3332 -1
387 3364 -1
1902 3725 -1
2064 3725 -1
1745 3725 -1
1781 3725 -1
1773 3725 -1
71 2480 -1
352 2480 -1
360 2480 -1
10 2480 -1
300 2480 -1
202 2480 -1
287 2480 -1
1619 2266 -1
1751 3861 -1
668 3116 -1
458 3526 -1
616 3526 -1
440 3526 -1
693 3526 -1
458 3326 -1
2065 3999 -1
1470 2151 -1
1470 2201 -1
1470 2107 -1
1470 2100 -1
1470 2153 -1
1082 3533 -1
1187 3533 -1
1082 3362 -1
1972 2549 -1
1704 2549 -1
1792 2549 -1
1951 2549 -1
2249 3557 -1
2249 3522 -1
2249 3372 -1
2061 3182 -1
2061 2984 -1
2061 2931 -1
2061 2868 -1
2061 3094 -1
2061 2855 -1
732 2320 -1
548 2320 -1
628 2320 -1
1661 3045 -1
1427 3465 -1
1427 3330 -1
1427 3517 -1
1427 3431 -1
3442 3603 -1
1264 2717 -1
1895 3716 -1
1491 3692 -1
2051 2707 -1
1703 2707 -1
554 3348 -1
666 3348 -1
614 3348 -1
554 3369 -1
1966 3809 -1
1994 3809 -1
1973 3809 -1
1424 3523 -1
2932 3683 -1
2956 3683 -1
1532 2094 -1
1472 2094 -1
2839 3719 -1
2982 3719 -1
2826 3719 -1
3090 3719 -1
2869 3719 -1
3098 3719 -1
2815 3719 -1
2839 3742 -1
2839 3711 -1
80 989 -1
348 989 -1
80 1152 -1
80 1206 -1
1680 3244 -1
1796 3244 -1
1868 3244 -1
1937 3244 -1
1680 3425 -1
1680 3235 -1
1680 3284 -1
1680 3269 -1
1220 3533 -1
1220 3362 -1
1672 3589 -1
1914 3589 -1
1875 3589 -1
1672 3349 -1
3244 3957 -1
3425 3957 -1
3235 3957 -1
3284 3957 -1
3269 3957 -1
1686 3227 -1
1822 3227 -1
1735 3227 -1
1686 3005 -1
1686 3093 -1
692 1768 -1
1442 2385 -1
1442 2307 -1
1442 2317 -1
2388 3134 -1
26 1992 -1
925 3264 -1
943 3264 -1
217 3689 -1
237 3689 -1
357 3689 -1
217 3946 -1
1923 3725 -1
1936 3725 -1
1972 2489 -1
1704 2489 -1
1792 2489 -1
1951 2489 -1
1972 2643 -1
1972 2715 -1
951 1450 -1
951 1414 -1
1900 3599 -1
2032 3599 -1
1856 3599 -1
2036 3599 -1
1764 3599 -1
1767 3910 -1
1601 3005 -1
1356 3005 -1
1601 3227 -1
1601 3093 -1
1643 3734 -1
917 3314 -1
1019 3314 -1
917 3346 -1
917 3485 -1
917 3471 -1
1448 2072 -1
2938 3702 -1
617 2252 -1
1335 3385 -1
1442 3568 -1
1442 3496 -1
1442 3255 -1
1442 3373 -1
1442 3311 -1
2011 3598 -1
1955 3598 -1
2011 3785 -1
2011 3858 -1
35 3420 -1
35 3353 -1
35 3371 -1
35 3317 -1
3533 3824 -1
3362 3824 -1
3533 3693 -1
1577 3462 -1
2398 3464 -1
1953 3065 -1
2048 3065 -1
1976 3065 -1
1953 2877 -1
595 2014 -1
2032 3600 -1
1856 3600 -1
1764 3600 -1
2036 3600 -1
1900 3600 -1
1265 2251 -1
1237 2251 -1
1310 2251 -1
3283 3750 -1
3283 3997 -1
1018 3454 -1
1018 3331 -1
1018 3405 -1
180 2613 -1
180 2665 -1
180 2475 -1
180 2700 -1
180 2599 -1
1810 3865 -1
2046 3865 -1
1699 3573 -1
1709 3573 -1
1699 3273 -1
2727 3273 -1
2562 3273 -1
2629 3273 -1
2727 3573 -1
1256 3679 -1
1561 3679 -1
1634 3679 -1
1362 3679 -1
1417 3679 -1
1137 3482 -1
1137 3309 -1
1181 1819 -1
865 1819 -1
1041 1819 -1
887 1819 -1
1181 1738 -1
1181 1650 -1
1181 1965 -1
1181 1782 -1
450 868 -1
875 3395 -1
875 3240 -1
875 3298 -1
875 3551 -1
1096 3500 -1
980 3500 -1
1096 3491 -1
1096 3366 -1
1307 2349 -1
1397 3255 -1
1397 3568 -1
1397 3496 -1
1397 3373 -1
1397 3311 -1
1714 3377 -1
791 2773 -1
791 2561 -1
605 1040 -1
532 3120 -1
2157 2718 -1
2157 2596 -1
2817 3666 -1
3043 3666 -1
2817 3602 -1
112 3237 -1
345 3237 -1
112 3451 -1
869 3905 -1
1042 3905 -1
886 3905 -1
869 3913 -1
869 3747 -1
869 3743 -1
1214 2909 -1
1214 3193 -1
1214 2844 -1
1214 3198 -1
1769 3803 -1
2385 2647 -1
2307 2647 -1
2317 2647 -1
1786 2819 -1
1799 2819 -1
1647 2164 -1
1647 2361 -1
1647 2068 -1
1647 2350 -1
1647 2271 -1
2246 2648 -1
1085 3548 -1
104 2252 -1
194 2252 -1
322 2252 -1
2882 3780 -1
2936 3780 -1
3153 3780 -1
3002 3780 -1
3181 3780 -1
2882 3728 -1
2882 3945 -1
2882 3806 -1
3038 3934 -1
1086 2078 -1
1172 2078 -1
838 2078 -1
1086 2234 -1
1086 2095 -1
1086 2406 -1
1086 2399 -1
1050 1782 -1
1050 1650 -1
1050 1738 -1
1050 1819 -1
1050 1965 -1
2549 3357 -1
2549 3261 -1
3551 3913 -1
3240 3913 -1
3298 3913 -1
3395 3913 -1
3551 3905 -1
3551 3747 -1
3551 3743 -1
1471 3086 -1
1579 3086 -1
1471 2821 -1
1471 3095 -1
830 2857 -1
1214 2821 -1
1214 3086 -1
1214 3095 -1
2919 3807 -1
2842 3807 -1
261 1070 -1
261 985 -1
261 826 -1
261 959 -1
261 1191 -1
1195 3327 -1
1201 3327 -1
1195 3524 -1
114 929 -1
342 2930 -1
184 2930 -1
77 2930 -1
1531 3454 -1
1531 3331 -1
1531 3405 -1
2305 3488 -1
1850 3572 -1
1850 3401 -1
1850 3306 -1
1850 3260 -1
1379 2112 -1
1461 3169 -1
1496 3169 -1
1556 3169 -1
1461 2994 -1
3118 3547 -1
1932 3161 -1
3147 3766 -1
2858 3766 -1
3046 3766 -1
3147 3864 -1
3147 3783 -1
2277 3590 -1
2110 3590 -1
2277 3249 -1
2277 3474 -1
2277 3499 -1
1774 3717 -1
1390 2133 -1
1488 2133 -1
1612 2133 -1
1495 2133 -1
306 2188 -1
306 2128 -1
306 2169 -1
306 2116 -1
306 2335 -1
2176 2468 -1
725 2539 -1
725 2460 -1
499 2014 -1
698 2014 -1
658 2014 -1
572 886 -1
818 886 -1
774 886 -1
572 1042 -1
572 869 -1
415 1003 -1
573 1003 -1
415 880 -1
415 963 -1
1903 3289 -1
1869 3289 -1
1845 3289 -1
1206 1581 -1
1152 1581 -1
989 1581 -1
1206 1478 -1
1199 1770 -1
1199 2049 -1
2270 3523 -1
2187 3523 -1
2102 2599 -1
2102 2665 -1
2102 2700 -1
2102 2613 -1
654 2873 -1
654 2860 -1
654 2829 -1
2008 3927 -1
1987 3927 -1
2008 3722 -1
149 2647 -1
3 2647 -1
87 2647 -1
2957 3873 -1
3014 3873 -1
2957 3941 -1
2957 3944 -1
2957 3978 -1
2957 3826 -1
2957 3763 -1
2957 3863 -1
2957 3966 -1
1122 3455 -1
2971 3846 -1
3197 3846 -1
2971 3673 -1
1030 1407 -1
402 1057 -1
402 892 -1
887 3009 -1
865 3009 -1
1181 3009 -1
1041 3009 -1
526 3079 -1
2135 2525 -1
3220 3625 -1
3220 3866 -1
1601 3006 -1
1356 3006 -1
1601 3146 -1
637 1987 -1
424 1987 -1
527 1987 -1
788 1987 -1
631 1987 -1
600 1987 -1
591 1987 -1
639 1987 -1
637 2008 -1
519 2752 -1
519 2708 -1
2412 3557 -1
2412 3522 -1
2412 3372 -1
522 2072 -1
1558 2066 -1
3147 3639 -1
2858 3639 -1
3046 3639 -1
3147 3638 -1
3171 3793 -1
2885 3793 -1
2168 2525 -1
811 3041 -1
1585 3454 -1
1585 3331 -1
1585 3405 -1
2177 2659 -1
1000 1479 -1
1000 1496 -1
1000 1556 -1
1823 2843 -1
1713 2843 -1
2010 2843 -1
1908 2843 -1
1855 2843 -1
3577 3720 -1
1529 2382 -1
1529 2172 -1
1529 2109 -1
280 2647 -1
947 1348 -1
1077 1348 -1
947 1573 -1
379 1228 -1
379 1136 -1
379 937 -1
379 916 -1
379 1078 -1
379 942 -1
497 1084 -1
599 1084 -1
2660 3264 -1
2483 3264 -1
1769 2335 -1
1769 2116 -1
1769 2169 -1
1769 2188 -1
1645 3334 -1
1645 3267 -1
1645 3359 -1
1868 2658 -1
1680 2658 -1
1873 2658 -1
1796 2658 -1
1937 2658 -1
1868 2607 -1
459 2726 -1
530 2726 -1
1154 1830 -1
1424 3356 -1
697 1747 -1
697 1877 -1
800 3050 -1
652 3050 -1
517 3050 -1
1339 2096 -1
1473 2096 -1
1444 2096 -1
1382 2096 -1
1422 2096 -1
1296 2096 -1
1299 2096 -1
1306 2096 -1
2287 3329 -1
2418 3329 -1
2423 3329 -1
2287 3497 -1
2287 3242 -1
691 2873 -1
691 2860 -1
691 2829 -1
1970 3931 -1
1573 3340 -1
1348 3340 -1
1900 3889 -1
2032 3889 -1
1856 3889 -1
2036 3889 -1
1764 3889 -1
1178 2954 -1
1977 2972 -1
1890 2972 -1
1977 2961 -1
2105 3529 -1
1411 3561 -1
2237 2762 -1
2237 2728 -1
2906 3761 -1
427 2317 -1
427 2385 -1
427 2307 -1
436 3320 -1
493 1022 -1
493 953 -1
493 990 -1
2026 3986 -1
687 972 -1
393 972 -1
793 972 -1
770 972 -1
491 972 -1
801 972 -1
687 840 -1
687 940 -1
687 1166 -1
687 950 -1
796 3205 -1
3161 3611 -1
3161 3645 -1
3161 3950 -1
394 2526 -1
1891 3985 -1
1467 2265 -1
1467 2367 -1
1343 3471 -1
1343 3314 -1
1343 3346 -1
1343 3485 -1
1423 2403 -1
3069 3286 -1
2090 3973 -1
2090 3898 -1
725 2509 -1
1565 3057 -1
1335 2227 -1
1335 2264 -1
1335 2242 -1
1875 3065 -1
1672 3065 -1
1914 3065 -1
1805 3065 -1
1875 2877 -1
471 1041 -1
471 865 -1
471 1181 -1
471 887 -1
678 1029 -1
2191 3553 -1
2180 3580 -1
2202 3580 -1
1144 3137 -1
3211 3579 -1
1789 3981 -1
231 1722 -1
125 1722 -1
1947 3423 -1
1947 3316 -1
826 1886 -1
985 1886 -1
959 1886 -1
1070 1886 -1
1191 1886 -1
2374 3101 -1
2276 3101 -1
2247 3101 -1
2184 3101 -1
2217 3101 -1
2259 3101 -1
2292 3101 -1
2198 3101 -1
2200 3101 -1
2363 3101 -1
1202 3434 -1
3364 3815 -1
3332 3815 -1
3364 3881 -1
3364 3834 -1
3364 3751 -1
3364 3609 -1
1712 2794 -1
603 1205 -1
1112 1516 -1
2265 3258 -1
2367 3258 -1
1741 2843 -1
283 2540 -1
283 2504 -1
283 2689 -1
283 2546 -1
283 2780 -1
283 2598 -1
1517 3390 -1
2061 3021 -1
2061 3110 -1
3194 3815 -1
3194 3881 -1
3194 3834 -1
3194 3751 -1
3194 3609 -1
1697 2804 -1
1697 3188 -1
754 3526 -1
769 3526 -1
774 3526 -1
818 3526 -1
467 3526 -1
766 3526 -1
767 3526 -1
754 3326 -1
1741 3772 -1
1741 3845 -1
1205 2400 -1
413 2924 -1
889 3099 -1
1960 3499 -1
1748 3499 -1
1677 3499 -1
1960 3249 -1
1960 3474 -1
1960 3590 -1
3188 3623 -1
2804 3623 -1
3188 3706 -1
1874 3657 -1
283 3357 -1
283 3261 -1
2579 3678 -1
2579 3665 -1
3166 3724 -1
2880 3724 -1
2823 3724 -1
3166 3848 -1
3166 3955 -1
3166 3637 -1
3166 3647 -1
1532 3353 -1
1472 3353 -1
1532 3525 -1
1532 3371 -1
1532 3501 -1
1532 3247 -1
1532 3571 -1
1532 3317 -1
1532 3416 -1
1532 3420 -1
1229 1830 -1
993 3716 -1
449 1801 -1
778 1529 -1
1852 3859 -1
1852 3764 -1
1852 3791 -1
1766 3691 -1
169 1052 -1
120 1052 -1
136 1052 -1
2035 3817 -1
2009 3817 -1
1934 3817 -1
218 2348 -1
25 2281 -1
344 2281 -1
94 2281 -1
735 3084 -1
391 3079 -1
1461 3064 -1
1496 3064 -1
1556 3064 -1
1461 2836 -1
1461 3022 -1
1113 2818 -1
866 2818 -1
1171 2818 -1
1210 2818 -1
997 2818 -1
590 2824 -1
721 2824 -1
618 2824 -1
638 2824 -1
487 3204 -1
479 3204 -1
487 2809 -1
1361 2222 -1
525 1363 -1
650 1363 -1
460 1363 -1
375 1363 -1
2817 3702 -1
3043 3702 -1
459 1150 -1
530 1150 -1
459 1026 -1
459 939 -1
459 991 -1
505 2840 -1
505 3224 -1
3201 3765 -1
1084 3518 -1
1476 1859 -1
1604 1859 -1
1372 1859 -1
1439 1859 -1
2036 3644 -1
2032 3644 -1
1856 3644 -1
1764 3644 -1
1900 3644 -1
2036 3925 -1
2036 3982 -1
2036 3799 -1
2022 2454 -1
2022 2678 -1
819 3079 -1
610 3348 -1
472 3348 -1
507 3348 -1
772 3348 -1
610 3369 -1
1972 2493 -1
1704 2493 -1
1792 2493 -1
1951 2493 -1
2348 3474 -1
2348 3249 -1
2348 3499 -1
2348 3590 -1
2009 3964 -1
2035 3964 -1
1934 3964 -1
1696 3914 -1
1696 3704 -1
1696 3923 -1
1696 3613 -1
1672 3580 -1
1914 3580 -1
1875 3580 -1
1451 2318 -1
1451 2304 -1
1451 2289 -1
1451 2369 -1
657 2539 -1
657 2460 -1
951 2583 -1
951 2747 -1
951 2519 -1
131 1972 -1
266 1972 -1
131 1704 -1
131 1792 -1
131 1951 -1
1128 1380 -1
1128 1618 -1
2005 3805 -1
1752 3805 -1
1669 3805 -1
1711 3805 -1
2005 3961 -1
1953 3038 -1
2048 3038 -1
1976 3038 -1
517 3241 -1
800 3241 -1
652 3241 -1
1571 2190 -1
1920 3815 -1
1920 3881 -1
1920 3834 -1
1920 3751 -1
1920 3609 -1
1650 3621 -1
1738 3621 -1
1819 3621 -1
1965 3621 -1
1782 3621 -1
1759 3621 -1
2018 3765 -1
845 1576 -1
964 1576 -1
845 1365 -1
777 3686 -1
599 3348 -1
497 3348 -1
599 3369 -1
146 1339 -1
146 1473 -1
146 1444 -1
146 1382 -1
146 1422 -1
146 1296 -1
146 1299 -1
146 1306 -1
133 2185 -1
157 2185 -1
102 2185 -1
1980 3123 -1
1744 3123 -1
240 2176 -1
3409 3681 -1
3361 3681 -1
3394 3681 -1
3313 3681 -1
811 1131 -1
222 1442 -1
354 1442 -1
2465 3769 -1
2515 3769 -1
2556 3769 -1
2465 3632 -1
114 881 -1
3171 3909 -1
2885 3909 -1
3171 3888 -1
1957 3130 -1
1858 3130 -1
1387 2109 -1
1387 2106 -1
1387 2172 -1
1387 2261 -1
1387 2382 -1
1763 3843 -1
1763 3926 -1
1193 1703 -1
978 1703 -1
1193 2051 -1
397 3767 -1
742 3767 -1
397 3800 -1
1635 2136 -1
1667 2136 -1
1724 2136 -1
505 3041 -1
488 1150 -1
753 1150 -1
371 1150 -1
488 1026 -1
488 939 -1
488 991 -1
894 1782 -1
894 1650 -1
894 1738 -1
894 1819 -1
894 1965 -1
1244 2172 -1
1244 2106 -1
1244 2261 -1
1244 2382 -1
1244 2109 -1
454 2910 -1
933 3551 -1
933 3240 -1
933 3298 -1
933 3395 -1
1246 3602 -1
1246 3666 -1
2899 3960 -1
1220 3402 -1
2779 3332 -1
2779 3364 -1
1709 3039 -1
1699 3039 -1
1996 3992 -1
2018 2651 -1
1206 3957 -1
1152 3957 -1
989 3957 -1
2006 3862 -1
3200 3815 -1
3200 3881 -1
3200 3834 -1
3200 3751 -1
3200 3609 -1
1859 2136 -1
935 1904 -1
939 1904 -1
991 1904 -1
3362 3756 -1
3533 3756 -1
3362 3703 -1
1338 2079 -1
1606 2079 -1
150 2761 -1
38 2761 -1
174 2761 -1
150 2621 -1
839 3962 -1
976 3962 -1
840 3962 -1
954 3962 -1
940 3962 -1
994 3962 -1
839 3729 -1
218 1369 -1
1325 2624 -1
1403 2624 -1
1381 2624 -1
1325 2702 -1
1806 3926 -1
1844 3926 -1
1806 3843 -1
3064 3957 -1
2836 3957 -1
3022 3957 -1
1943 2833 -1
2291 3187 -1
2211 3187 -1
1469 3462 -1
329 2141 -1
329 2401 -1
329 2375 -1
547 3286 -1
3524 3837 -1
3327 3837 -1
3489 3740 -1
3433 3740 -1
3489 3819 -1
3489 3660 -1
1961 3839 -1
1779 3839 -1
1775 3839 -1
545 1173 -1
776 1173 -1
378 1173 -1
1868 3741 -1
1680 3741 -1
1873 3741 -1
1796 3741 -1
1937 3741 -1
2139 3477 -1
288 2534 -1
288 2681 -1
1450 3973 -1
1414 3973 -1
1450 3898 -1
1850 3130 -1
2513 3415 -1
2513 3476 -1
1194 1411 -1
968 1411 -1
1135 1411 -1
1807 3871 -1
2037 3465 -1
1664 3465 -1
2034 3465 -1
2037 3330 -1
2037 3517 -1
2037 3431 -1
467 850 -1
769 850 -1
774 850 -1
818 850 -1
754 850 -1
766 850 -1
767 850 -1
467 1157 -1
165 2281 -1
3050 3264 -1
476 1790 -1
626 1790 -1
780 1790 -1
1952 3853 -1
475 1182 -1
2071 3577 -1
2333 3577 -1
248 1023 -1
488 1084 -1
753 1084 -1
371 1084 -1
264 1052 -1
1845 3885 -1
1869 3885 -1
1903 3885 -1
1845 3596 -1
1461 2748 -1
1496 2748 -1
1556 2748 -1
1579 2343 -1
1471 2343 -1
3110 3686 -1
3021 3686 -1
1208 1415 -1
900 1415 -1
999 1415 -1
1196 1415 -1
849 1415 -1
491 2615 -1
801 2615 -1
770 2615 -1
393 2615 -1
494 2615 -1
815 2615 -1
687 2615 -1
541 2615 -1
2012 3952 -1
1660 3952 -1
1839 3952 -1
669 1595 -1
1664 2843 -1
2034 2843 -1
2037 2843 -1
133 1199 -1
157 1199 -1
102 1199 -1
3551 3922 -1
3240 3922 -1
3298 3922 -1
3395 3922 -1
755 3973 -1
389 3973 -1
615 3973 -1
755 3898 -1
1554 3901 -1
1596 3901 -1
668 3009 -1
740 2053 -1
453 2053 -1
828 3028 -1
848 3028 -1
821 3028 -1
1047 3028 -1
828 2912 -1
828 2888 -1
828 3203 -1
1458 2169 -1
1249 2169 -1
1578 2169 -1
1458 2128 -1
1458 2116 -1
1458 2188 -1
1458 2335 -1
2271 3574 -1
2361 3574 -1
2164 3574 -1
2350 3574 -1
2271 3351 -1
2874 3746 -1
2905 3746 -1
3015 3746 -1
3037 3746 -1
2935 3746 -1
2291 3616 -1
2211 3616 -1
1408 3324 -1
1396 3324 -1
1438 3324 -1
1408 3282 -1
1408 3517 -1
1408 3330 -1
486 2804 -1
486 3188 -1
2165 2720 -1
2165 2560 -1
923 2961 -1
923 2972 -1
292 2281 -1
464 1089 -1
1437 2249 -1
3148 3793 -1
3074 3793 -1
3107 3793 -1
586 3177 -1
586 3210 -1
586 3141 -1
586 2894 -1
586 3063 -1
98 2372 -1
311 2372 -1
267 3922 -1
907 3638 -1
1106 3638 -1
906 3638 -1
907 3639 -1
1009 3522 -1
873 3522 -1
998 3522 -1
1009 3372 -1
1009 3557 -1
1009 3239 -1
341 1207 -1
692 1195 -1
692 1201 -1
53 1339 -1
53 1473 -1
53 1444 -1
53 1382 -1
53 1422 -1
53 1296 -1
53 1299 -1
53 1306 -1
364 2448 -1
158 2448 -1
65 2098 -1
1000 2014 -1
917 3351 -1
1019 3351 -1
917 3574 -1
688 2347 -1
526 1077 -1
526 947 -1
1474 3501 -1
1474 3525 -1
1474 3247 -1
1474 3571 -1
1474 3317 -1
1474 3416 -1
1474 3353 -1
3293 3973 -1
3537 3973 -1
3370 3973 -1
3293 3898 -1
1056 2895 -1
524 1363 -1
2105 3518 -1
352 2493 -1
134 2493 -1
71 2493 -1
360 2493 -1
10 2493 -1
300 2493 -1
202 2493 -1
287 2493 -1
1332 3745 -1
1254 3745 -1
1332 3690 -1
1287 3142 -1
2330 2671 -1
2330 2533 -1
1096 3245 -1
980 3245 -1
779 1819 -1
779 1738 -1
779 1650 -1
779 1965 -1
779 1782 -1
2186 3821 -1
1713 3648 -1
1871 3648 -1
1971 3648 -1
1908 3648 -1
1879 3648 -1
2010 3648 -1
1855 3648 -1
1823 3648 -1
796 3841 -1
1287 3044 -1
3373 3832 -1
3496 3832 -1
3568 3832 -1
3255 3832 -1
3311 3832 -1
2289 3553 -1
2304 3553 -1
2369 3553 -1
2318 3553 -1
1604 2347 -1
1476 2347 -1
1372 2347 -1
1439 2347 -1
9 3768 -1
1471 2867 -1
1579 2867 -1
1459 3885 -1
1459 3596 -1
1159 1603 -1
1159 1464 -1
2177 2691 -1
360 898 -1
352 898 -1
71 898 -1
10 898 -1
300 898 -1
202 898 -1
287 898 -1
488 2866 -1
753 2866 -1
371 2866 -1
488 2900 -1
488 2942 -1
642 1040 -1
555 1040 -1
429 1040 -1
801 1013 -1
393 1013 -1
770 1013 -1
491 1013 -1
793 1013 -1
687 1013 -1
1951 3133 -1
1704 3133 -1
1792 3133 -1
1972 3133 -1
1951 3184 -1
2985 3719 -1
2985 3742 -1
2985 3711 -1
1885 3423 -1
1817 3423 -1
1885 3316 -1
1260 2184 -1
1289 2184 -1
1583 2184 -1
1260 2363 -1
1260 2292 -1
1260 2374 -1
1260 2247 -1
2105 3514 -1
2105 3475 -1
1096 3559 -1
980 3559 -1
725 1054 -1
725 856 -1
725 1097 -1
725 882 -1
1583 3208 -1
1289 3208 -1
1260 3208 -1
1476 3980 -1
1604 3980 -1
1372 3980 -1
1439 3980 -1
1476 3834 -1
1476 3751 -1
283 1336 -1
283 1344 -1
283 1406 -1
283 1247 -1
1289 1819 -1
1260 1819 -1
1583 1819 -1
1289 1738 -1
1289 1650 -1
1289 1965 -1
1289 1782 -1
2911 3547 -1
1534 3407 -1
614 3200 -1
666 3200 -1
554 3200 -1
1850 3611 -1
1850 3645 -1
1850 3950 -1
2985 3883 -1
114 3304 -1
1410 3328 -1
1648 3746 -1
2017 3746 -1
907 3131 -1
1106 3131 -1
906 3131 -1
1554 3644 -1
1596 3644 -1
1554 3925 -1
1554 3982 -1
1554 3799 -1
3386 3852 -1
3236 3852 -1
3564 3852 -1
3414 3852 -1
3486 3852 -1
3386 3779 -1
3386 3908 -1
3386 3786 -1
3386 3951 -1
3386 3669 -1
3386 3963 -1
1955 3861 -1
2011 3861 -1
1988 3878 -1
1891 3861 -1
889 2888 -1
889 2912 -1
889 3203 -1
889 3028 -1
889 3085 -1
486 3137 -1
1256 3691 -1
1561 3691 -1
1634 3691 -1
1362 3691 -1
1417 3691 -1
637 1139 -1
424 1139 -1
527 1139 -1
788 1139 -1
631 1139 -1
600 1139 -1
591 1139 -1
639 1139 -1
637 1134 -1
2262 3922 -1
2074 3922 -1
921 3665 -1
921 3678 -1
1699 3665 -1
1709 3665 -1
1699 3678 -1
3104 3755 -1
243 932 -1
1938 3785 -1
1938 3858 -1
1938 3598 -1
1751 3789 -1
1751 3854 -1
2870 3724 -1
2870 3848 -1
2870 3955 -1
2870 3637 -1
2870 3647 -1
1738 3981 -1
1650 3981 -1
1819 3981 -1
1965 3981 -1
1782 3981 -1
1759 3981 -1
1131 2816 -1
1499 3390 -1
1416 3390 -1
1398 3390 -1
1566 3564 -1
1400 3564 -1
1291 3564 -1
1566 3386 -1
1566 3236 -1
1566 3414 -1
1566 3486 -1
1415 3139 -1
1994 3846 -1
1973 3846 -1
1966 3846 -1
1994 3673 -1
1826 3701 -1
425 1799 -1
425 1786 -1
278 2360 -1
1652 3654 -1
1638 3654 -1
973 1752 -1
1138 1752 -1
834 1752 -1
973 1711 -1
973 2005 -1
973 1669 -1
114 3173 -1
114 3128 -1
1993 3992 -1
1490 2105 -1
1378 2105 -1
1557 2105 -1
599 1261 -1
497 1261 -1
1671 3045 -1
1665 3045 -1
2007 3045 -1
3096 3448 -1
2897 3448 -1
2761 3535 -1
2621 3535 -1
1247 2332 -1
1344 2332 -1
1250 2332 -1
1613 2332 -1
1336 2332 -1
1406 2332 -1
1311 2332 -1
389 1819 -1
755 1819 -1
615 1819 -1
389 1738 -1
389 1650 -1
389 1965 -1
389 1782 -1
923 3120 -1
1460 2249 -1
1358 2249 -1
1366 2249 -1
533 2598 -1
552 2598 -1
529 2598 -1
410 2598 -1
455 2598 -1
533 2504 -1
533 2540 -1
533 2546 -1
533 2780 -1
533 2689 -1
3137 3813 -1
3137 3915 -1
2313 2762 -1
2357 2762 -1
2313 2728 -1
1428 3525 -1
1428 3501 -1
1428 3247 -1
1428 3571 -1
1428 3317 -1
1428 3416 -1
1428 3353 -1
1943 2863 -1
769 2873 -1
774 2873 -1
818 2873 -1
754 2873 -1
467 2873 -1
766 2873 -1
767 2873 -1
769 2860 -1
769 2829 -1
1639 3697 -1
1415 2072 -1
3114 3868 -1
2953 3868 -1
818 1797 -1
769 1797 -1
774 1797 -1
754 1797 -1
467 1797 -1
572 1797 -1
766 1797 -1
767 1797 -1
1056 2969 -1
1453 3454 -1
1525 3454 -1
1302 3454 -1
1453 3331 -1
1453 3405 -1
171 2281 -1
546 1150 -1
546 1026 -1
546 939 -1
546 991 -1
3509 3808 -1
3562 3808 -1
3554 3727 -1
3554 3924 -1
1571 3562 -1
1571 3509 -1
2878 3807 -1
1842 3926 -1
1842 3843 -1
491 3447 -1
801 3447 -1
770 3447 -1
393 3447 -1
494 3447 -1
815 3447 -1
687 3447 -1
541 3447 -1
1333 2132 -1
1186 2789 -1
932 3320 -1
1214 3192 -1
2035 2319 -1
2009 2319 -1
1934 2319 -1
1093 3155 -1
1093 2928 -1
1093 3230 -1
1093 3174 -1
2885 3603 -1
3171 3603 -1
637 1418 -1
424 1418 -1
527 1418 -1
788 1418 -1
631 1418 -1
600 1418 -1
591 1418 -1
639 1418 -1
1566 2293 -1
1400 2293 -1
1291 2293 -1
1566 2314 -1
1566 2383 -1
1566 2255 -1
1165 2540 -1
1225 2540 -1
1165 2504 -1
1165 2689 -1
1165 2546 -1
1165 2780 -1
1165 2598 -1
2362 3857 -1
1578 2333 -1
1249 2333 -1
1458 2333 -1
1578 2071 -1
1787 3843 -1
1787 3926 -1
1035 1511 -1
1035 1523 -1
1127 3482 -1
1127 3309 -1
2087 3576 -1
545 2856 -1
776 2856 -1
378 2856 -1
545 3144 -1
2827 3599 -1
497 1220 -1
599 1220 -1
2793 3418 -1
2793 3305 -1
2793 3274 -1
961 1802 -1
2023 3634 -1
1320 2412 -1
2363 2994 -1
2276 2994 -1
2374 2994 -1
2247 2994 -1
2184 2994 -1
2217 2994 -1
2259 2994 -1
2292 2994 -1
2198 2994 -1
2200 2994 -1
2363 3169 -1
349 2390 -1
97 2390 -1
195 2390 -1
1557 3567 -1
2317 3683 -1
2385 3683 -1
2307 3683 -1
1714 3577 -1
91 3430 -1
91 3323 -1
1091 2459 -1
1416 2402 -1
1499 2402 -1
1398 2402 -1
1551 2581 -1
1600 2581 -1
1570 2581 -1
1410 3633 -1
1911 3636 -1
1821 3636 -1
1967 3636 -1
1955 3834 -1
2011 3834 -1
1955 3776 -1
1955 3685 -1
1955 3815 -1
1955 3881 -1
1955 3980 -1
1955 3751 -1
1955 3788 -1
1955 3609 -1
1258 3337 -1
1425 3337 -1
1518 3337 -1
1258 3287 -1
1258 3301 -1
1258 3271 -1
1247 2171 -1
1344 2171 -1
1250 2171 -1
1613 2171 -1
1336 2171 -1
1406 2171 -1
1311 2171 -1
1940 3693 -1
1940 3824 -1
638 3120 -1
721 3120 -1
618 3120 -1
590 3120 -1
1491 3944 -1
1491 3873 -1
1491 3826 -1
933 1470 -1
1636 3815 -1
1720 3815 -1
1636 3881 -1
1636 3834 -1
1636 3751 -1
1636 3609 -1
3489 3637 -1
3433 3637 -1
3489 3848 -1
3489 3955 -1
3489 3724 -1
3489 3647 -1
1646 3696 -1
1032 1522 -1
1032 1625 -1
1032 1388 -1
3392 3858 -1
3392 3785 -1
3392 3598 -1
623 2824 -1
664 2824 -1
557 2824 -1
509 2824 -1
2080 3385 -1
1314 2337 -1
1672 3986 -1
1914 3986 -1
1875 3986 -1
758 2730 -1
3077 3787 -1
1737 3631 -1
1922 3631 -1
180 3957 -1
142 574 -1
200 574 -1
103 574 -1
142 803 -1
142 383 -1
1543 2615 -1
1248 2615 -1
616 3177 -1
440 3177 -1
458 3177 -1
693 3177 -1
616 3210 -1
616 3141 -1
616 2894 -1
616 3063 -1
1211 1443 -1
1211 1357 -1
1753 2524 -1
39 1170 -1
1937 3812 -1
1793 3812 -1
1796 3812 -1
1868 3812 -1
2030 3812 -1
1871 3812 -1
1680 3812 -1
1873 3812 -1
1971 3812 -1
1879 3812 -1
1945 3812 -1
608 2840 -1
608 3224 -1
1453 2371 -1
1525 2371 -1
1302 2371 -1
1453 2309 -1
227 1124 -1
2026 3743 -1
2026 3913 -1
2026 3747 -1
2026 3905 -1
2568 3564 -1
2568 3386 -1
2568 3236 -1
2568 3414 -1
2568 3486 -1
838 2591 -1
1172 2591 -1
1086 2591 -1
838 2577 -1
838 2650 -1
838 2595 -1
838 2781 -1
838 2663 -1
3295 3731 -1
3295 3923 -1
3295 3613 -1
1778 3838 -1
2071 2475 -1
2333 2475 -1
2071 2665 -1
2071 2613 -1
151 3689 -1
51 3689 -1
151 3946 -1
1220 3403 -1
1331 2125 -1
1065 1291 -1
1065 1400 -1
1065 1555 -1
1065 1566 -1
1065 1391 -1
869 3078 -1
1042 3078 -1
886 3078 -1
3178 3764 -1
2850 3764 -1
2891 3764 -1
3154 3764 -1
2862 3764 -1
2887 3764 -1
3178 3859 -1
3178 3791 -1
2099 3600 -1
1084 2866 -1
1084 2900 -1
1084 2942 -1
818 3151 -1
769 3151 -1
774 3151 -1
754 3151 -1
467 3151 -1
572 3151 -1
766 3151 -1
767 3151 -1
1325 2602 -1
1403 2602 -1
1381 2602 -1
2121 2685 -1
1083 3153 -1
858 3153 -1
885 3153 -1
1083 2936 -1
1083 2882 -1
1083 3002 -1
1083 3181 -1
3072 3603 -1
1172 3153 -1
838 3153 -1
1086 3153 -1
1172 2936 -1
1172 2882 -1
1172 3002 -1
1172 3181 -1
3509 3775 -1
3562 3775 -1
87 918 -1
3 918 -1
149 918 -1
87 1188 -1
87 1180 -1
87 1109 -1
1906 3851 -1
1840 3851 -1
2336 3247 -1
2336 3525 -1
2336 3501 -1
2336 3571 -1
2336 3317 -1
2336 3416 -1
2336 3353 -1
1418 2109 -1
1418 2106 -1
1418 2172 -1
1418 2261 -1
1418 2382 -1
3258 3605 -1
282 3605 -1
2388 3887 -1
1077 2400 -1
947 2400 -1
1490 3259 -1
1378 3259 -1
1490 3315 -1
1160 2816 -1
3436 3998 -1
3383 3998 -1
3436 3738 -1
3436 3694 -1
23 2251 -1
2028 3604 -1
329 2634 -1
329 2580 -1
2527 3257 -1
1517 2130 -1
1770 2168 -1
2049 2168 -1
3056 3854 -1
3056 3789 -1
