455 814 1
559 742 1
657 658 1
491 639 1
643 768 1
555 751 1
481 670 1
441 478 1
387 402 1
671 784 1
439 455 1
439 814 1
790 798 1
580 756 1
470 733 1
379 726 1
412 545 1
392 782 1
494 745 1
512 611 1
483 756 1
483 580 1
704 779 1
640 798 1
640 790 1
443 735 1
507 750 1
433 590 1
671 779 1
779 784 1
671 704 1
759 763 1
555 817 1
751 817 1
582 818 1
547 636 1
730 787 1
367 596 1
476 632 1
606 630 1
575 743 1
459 568 1
488 686 1
471 684 1
465 785 1
723 798 1
640 723 1
723 790 1
449 796 1
629 660 1
378 710 1
483 520 1
520 580 1
520 756 1
444 717 1
404 813 1
821 982 1
937 1101 1
849 1137 1
965 1150 1
951 1204 1
824 1143 1
958 1032 1
859 1092 1
854 1182 1
932 1047 1
1063 1170 1
1079 1193 1
929 984 1
1034 1059 1
1148 1235 1
917 1228 1
841 948 1
828 1236 1
878 884 1
1127 1173 1
1089 1231 1
975 1038 1
1093 1200 1
1043 1188 1
881 1155 1
844 982 1
821 844 1
837 1178 1
959 966 1
1100 1231 1
1089 1100 1
857 1018 1
1089 1195 1
1100 1195 1
1195 1231 1
984 1067 1
929 1067 1
888 1135 1
827 1155 1
827 881 1
957 1000 1
1074 1160 1
1183 1203 1
1024 1049 1
873 923 1
1038 1124 1
975 1124 1
845 1088 1
1168 1202 1
838 1148 1
838 1235 1
1052 1224 1
1397 1441 1
1281 1520 1
1306 1421 1
1320 1355 1
1448 1603 1
1287 1376 1
1344 1381 1
1272 1311 1
1489 1634 1
1320 1370 1
1355 1370 1
1548 1556 1
1602 1632 1
1421 1432 1
1306 1432 1
1243 1470 1
1339 1434 1
1297 1472 1
1520 1614 1
1281 1614 1
1305 1486 1
1373 1529 1
1311 1487 1
1272 1487 1
1362 1574 1
1385 1507 1
1340 1476 1
1326 1383 1
1256 1276 1
1261 1397 1
1261 1441 1
1309 1405 1
1399 1475 1
1316 1618 1
1344 1419 1
1381 1419 1
1568 1592 1
1252 1268 1
1557 1566 1
1402 1530 1
1406 1543 1
1246 1602 1
1246 1632 1
1572 1585 1
1463 1602 1
1463 1632 1
1246 1463 1
1323 1415 1
1294 1362 1
1294 1574 1
1726 2006 1
1836 1971 1
1773 2009 1
1983 2015 1
1705 1815 1
1880 1913 1
1770 1798 1
1897 1979 1
1796 1845 1
1672 1884 1
1871 1927 1
1646 2029 1
1649 1812 1
1825 2020 1
1664 1942 1
2008 2011 1
1909 1920 1
1710 1850 1
1750 2024 1
1645 1673 1
1803 1808 1
1818 1997 1
1783 1958 1
1647 1942 1
1647 1664 1
1727 1823 1
1711 1716 1
1864 1981 1
1846 1865 1
1709 1724 1
1812 1861 1
1649 1861 1
1840 1852 1
1782 1904 1
1854 1876 1
1814 1956 1
1636 1740 1
1970 2002 1
1720 1793 1
1830 1841 1
1893 2065 1
1735 1833 1
2006 2050 1
1726 2050 1
1662 1967 1
1718 1791 1
1924 2033 1
1967 2046 1
1662 2046 1
1676 1851 1
1881 1913 1
1880 1881 1
1883 1954 1
2189 2240 1
2257 2309 1
2152 2312 1
2084 2286 1
2108 2293 1
2179 2207 1
2071 2275 1
2106 2240 1
2106 2189 1
2212 2410 1
2070 2384 1
2128 2359 1
2149 2403 1
2107 2366 1
2176 2317 1
2270 2315 1
2256 2372 1
2356 2404 1
2159 2298 1
2189 2314 1
2240 2314 1
2106 2314 1
2082 2242 1
2197 2367 1
2198 2252 1
2231 2353 1
2215 2410 1
2212 2215 1
2166 2397 1
2175 2396 1
2186 2351 1
2204 2291 1
2138 2342 1
2082 2388 1
2242 2388 1
2187 2239 1
2244 2283 1
2095 2328 1
2221 2289 1
2118 2225 1
2138 2377 1
2342 2377 1
2277 2390 1
2073 2230 1
2537 2625 1
2493 2669 1
2646 2764 1
2604 2777 1
2427 2587 1
2519 2658 1
2500 2740 1
2574 2651 1
2468 2764 1
2468 2646 1
2441 2565 1
2527 2659 1
2458 2572 1
2573 2778 1
2507 2620 1
2498 2633 1
2471 2636 1
2626 2694 1
2443 2651 1
2443 2574 1
2438 2576 1
2582 2682 1
2555 2597 1
2690 2730 1
2467 2650 1
2440 2786 1
2686 2783 1
2522 2782 1
2612 2800 1
2578 2657 1
2713 2739 1
2520 2725 1
2580 2714 1
2748 2767 1
2580 2593 1
2593 2714 1
2664 2679 1
2702 2720 1
2495 2506 1
2645 2652 1
2619 2625 1
2537 2619 1
2618 2691 1
2637 2667 1
2678 2709 1
2563 2610 1
2537 2563 1
2563 2625 1
2563 2619 1
2537 2610 1
3197 3221 1
2966 3158 1
2926 3107 1
2881 3198 1
2851 2908 1
3225 3231 1
2828 3159 1
2903 3213 1
3090 3137 1
3004 3018 1
3121 3145 1
2837 3056 1
2891 3157 1
3108 3159 1
2828 3108 1
3083 3227 1
3192 3209 1
3137 3202 1
3090 3202 1
3067 3176 1
2929 3190 1
3014 3094 1
2900 3147 1
2980 3059 1
2840 3121 1
2840 3145 1
2974 3054 1
2981 3103 1
2826 3171 1
2939 3152 1
3003 3075 1
2882 3095 1
2865 2970 1
3075 3095 1
3003 3095 1
2882 3075 1
3029 3156 1
2877 3027 1
2882 3049 1
3049 3075 1
3049 3095 1
2998 3072 1
2858 2876 1
2842 2893 1
3122 3132 1
2833 3115 1
2994 3034 1
2924 3143 1
2991 3216 1
3053 3089 1
2929 3065 1
3065 3190 1
2871 3020 1
3330 3360 1
3242 3487 1
3244 3442 1
3397 3524 1
3500 3551 1
3238 3409 1
3424 3578 1
3510 3515 1
3393 3579 1
3399 3558 1
3265 3338 1
3333 3457 1
3466 3515 1
3466 3510 1
3486 3498 1
3435 3442 1
3244 3435 1
3309 3465 1
3367 3492 1
3471 3557 1
3320 3399 1
3320 3558 1
3328 3434 1
3262 3365 1
3320 3528 1
3528 3558 1
3399 3528 1
3251 3584 1
3284 3383 1
3390 3581 1
3240 3280 1
3392 3473 1
3284 3563 1
3383 3563 1
3321 3417 1
3337 3405 1
3379 3421 1
3511 3518 1
3352 3453 1
3476 3499 1
3481 3494 1
3260 3368 1
3295 3502 1
3401 3529 1
3387 3586 1
3665 3982 1
3781 3831 1
3724 3930 1
3766 3928 1
3617 3697 1
3641 3936 1
3700 3827 1
3626 3803 1
3736 3985 1
3624 3635 1
3904 3933 1
3774 3924 1
3871 3892 1
3649 3966 1
3700 3902 1
3827 3902 1
3779 3891 1
3730 3975 1
3835 3963 1
3738 3960 1
3841 3958 1
3795 3887 1
3882 3902 1
3827 3882 1
3700 3882 1
3849 3942 1
3760 3964 1
3653 3995 1
3863 3897 1
3598 3682 1
3687 3689 1
3646 3968 1
3788 3887 1
3788 3795 1
3831 3896 1
3781 3896 1
3734 3772 1
3827 3867 1
3867 3882 1
3700 3867 1
3867 3902 1
3796 3799 1
3709 3919 1
3820 3886 1
3719 3805 1
3632 3710 1
3682 3916 1
3598 3916 1
3823 3919 1
3709 3823 1
92 223 1
149 197 1
149 172 1
172 197 1
221 330 1
359 360 1
30 88 1
71 358 1
71 296 1
296 358 1
39 358 1
39 296 1
39 71 1
210 295 1
228 316 1
196 337 1
86 129 1
83 358 1
83 296 1
39 83 1
71 83 1
132 318 1
7 245 1
102 119 1
5 196 1
5 337 1
98 231 1
58 263 1
276 321 1
227 337 1
196 227 1
5 227 1
229 349 1
198 236 1
22 107 1
292 349 1
229 292 1
55 323 1
54 233 1
295 342 1
210 342 1
321 349 1
276 349 1
292 321 1
229 321 1
3183 3891 -1
3183 3779 -1
65 2703 -1
645 2127 -1
2777 3509 -1
2604 3509 -1
1889 3289 -1
3025 3262 -1
3025 3365 -1
433 3316 -1
590 3316 -1
1781 3433 -1
1470 1836 -1
1243 1836 -1
1470 1971 -1
53 2384 -1
53 2070 -1
544 1885 -1
403 1030 -1
2206 2990 -1
662 3981 -1
418 3920 -1
50 3360 -1
50 3330 -1
895 3525 -1
2236 3435 -1
2236 3442 -1
2236 3244 -1
3220 3761 -1
133 2613 -1
269 3452 -1
2450 3125 -1
122 2027 -1
1118 3923 -1
1168 3602 -1
1202 3602 -1
357 2748 -1
357 2767 -1
805 1526 -1
1048 3759 -1
1852 2413 -1
1840 2413 -1
2006 2912 -1
2050 2912 -1
1726 2912 -1
1275 3597 -1
1525 2940 -1
830 2349 -1
861 1265 -1
1145 1243 -1
1145 1470 -1
37 2449 -1
173 1767 -1
954 1323 -1
954 1415 -1
708 1217 -1
715 3789 -1
1445 1971 -1
1445 1836 -1
46 3380 -1
35 2678 -1
35 2709 -1
329 1847 -1
40 2369 -1
831 3422 -1
2445 3694 -1
1693 3764 -1
1205 1489 -1
1205 1634 -1
1548 3224 -1
1556 3224 -1
1750 3151 -1
2024 3151 -1
2609 3735 -1
600 3051 -1
1749 2364 -1
476 2017 -1
632 2017 -1
1688 3466 -1
1688 3515 -1
1688 3510 -1
377 1400 -1
2046 2146 -1
1662 2146 -1
1967 2146 -1
841 3826 -1
948 3826 -1
142 3634 -1
3170 3717 -1
964 1719 -1
1510 3413 -1
571 3292 -1
3092 3727 -1
764 3071 -1
1047 3897 -1
932 3897 -1
1047 3863 -1
3196 3595 -1
3183 3386 -1
991 2164 -1
1486 2086 -1
1305 2086 -1
1503 3232 -1
462 1471 -1
301 2377 -1
301 2138 -1
301 2342 -1
121 859 -1
121 1092 -1
3107 3928 -1
2926 3928 -1
3107 3766 -1
837 2350 -1
1178 2350 -1
702 2053 -1
1159 1721 -1
257 1337 -1
1636 2379 -1
1740 2379 -1
2914 3694 -1
2309 3408 -1
2257 3408 -1
641 3789 -1
799 3707 -1
2760 3759 -1
3142 3750 -1
1731 2340 -1
2046 2072 -1
1662 2072 -1
1967 2072 -1
698 3092 -1
3004 3570 -1
3018 3570 -1
158 3999 -1
1644 2352 -1
1956 2111 -1
1814 2111 -1
942 2729 -1
2034 3853 -1
700 2315 -1
700 2270 -1
1338 3475 -1
2309 2729 -1
2257 2729 -1
726 1360 -1
379 1360 -1
1784 3136 -1
1970 2882 -1
2002 2882 -1
1970 3049 -1
1970 3075 -1
1970 3095 -1
2305 3281 -1
1075 1353 -1
781 2116 -1
1385 1734 -1
1507 1734 -1
1741 2319 -1
107 1180 -1
22 1180 -1
854 1758 -1
1182 1758 -1
184 3789 -1
1961 3013 -1
532 2130 -1
1723 3198 -1
1723 2881 -1
476 2538 -1
632 2538 -1
1825 3930 -1
2020 3930 -1
1825 3724 -1
2611 3536 -1
678 1296 -1
149 1109 -1
172 1109 -1
197 1109 -1
1924 3935 -1
2033 3935 -1
1538 3184 -1
2269 2747 -1
780 2375 -1
1242 3913 -1
494 2618 -1
745 2618 -1
494 2691 -1
270 488 -1
270 686 -1
3520 3968 -1
3520 3646 -1
2135 3686 -1
324 2995 -1
2034 2551 -1
2800 3097 -1
2612 3097 -1
902 3525 -1
1007 3352 -1
1007 3453 -1
2280 3251 -1
2280 3584 -1
807 3525 -1
1299 1979 -1
1299 1897 -1
1085 1273 -1
1151 3971 -1
1101 3808 -1
937 3808 -1
649 999 -1
3143 3407 -1
2924 3407 -1
81 3409 -1
81 3238 -1
310 1081 -1
207 2001 -1
134 2103 -1
969 1923 -1
385 3356 -1
3351 3731 -1
480 1085 -1
2437 3298 -1
1084 2926 -1
1084 3107 -1
2424 2867 -1
725 3887 -1
725 3795 -1
725 3788 -1
2685 3182 -1
1163 2622 -1
904 2892 -1
333 3690 -1
1525 3945 -1
1851 3037 -1
1676 3037 -1
1629 3520 -1
3072 3670 -1
2998 3670 -1
744 1292 -1
78 2594 -1
2204 3853 -1
2291 3853 -1
2478 3949 -1
915 3889 -1
532 1470 -1
532 1243 -1
2760 3581 -1
2760 3390 -1
795 1874 -1
1245 3316 -1
2505 3187 -1
2345 3327 -1
839 2245 -1
1051 1720 -1
1051 1793 -1
1546 2289 -1
1546 2221 -1
1531 3746 -1
21 3548 -1
140 2416 -1
1066 3607 -1
2664 3584 -1
2679 3584 -1
2664 3251 -1
1629 3185 -1
2232 3566 -1
933 3288 -1
1080 2561 -1
2735 3103 -1
2735 2981 -1
1250 2784 -1
85 2145 -1
1256 2450 -1
1276 2450 -1
743 987 -1
575 987 -1
123 1795 -1
624 1942 -1
624 1664 -1
624 1647 -1
3275 3703 -1
1346 2257 -1
1346 2309 -1
1334 3341 -1
736 1463 -1
736 1632 -1
736 1602 -1
736 1246 -1
684 1616 -1
471 1616 -1
805 1017 -1
1229 3342 -1
1021 2200 -1
1985 3167 -1
689 2767 -1
689 2748 -1
1062 2108 -1
1062 2293 -1
1497 2722 -1
27 728 -1
721 1761 -1
554 2614 -1
2749 3631 -1
2080 3866 -1
34 1823 -1
34 1727 -1
1816 3108 -1
1816 2828 -1
1816 3159 -1
1118 2331 -1
1475 1916 -1
1399 1916 -1
980 1301 -1
193 2813 -1
3142 3785 -1
2859 3878 -1
1055 2201 -1
1328 3495 -1
1703 2366 -1
1703 2107 -1
2541 3794 -1
1133 1557 -1
1133 1566 -1
46 1290 -1
2663 3222 -1
1107 2933 -1
560 3885 -1
867 3790 -1
215 3316 -1
35 829 -1
354 1122 -1
19 1759 -1
602 3403 -1
19 2036 -1
1387 2600 -1
3277 3645 -1
1327 2072 -1
365 2726 -1
888 1711 -1
1135 1711 -1
888 1716 -1
584 3177 -1
763 2604 -1
759 2604 -1
763 2777 -1
498 1802 -1
2155 3440 -1
401 2637 -1
401 2667 -1
599 860 -1
1091 3021 -1
1184 1609 -1
579 1816 -1
645 1370 -1
645 1320 -1
645 1355 -1
2626 3906 -1
2694 3906 -1
568 3216 -1
459 3216 -1
568 2991 -1
1884 3391 -1
1672 3391 -1
1182 2709 -1
854 2709 -1
1182 2678 -1
988 2387 -1
1680 2889 -1
1458 2668 -1
1281 1784 -1
1520 1784 -1
1614 1784 -1
541 2091 -1
783 2324 -1
1254 3598 -1
1254 3682 -1
1254 3916 -1
1336 2650 -1
1336 2467 -1
506 2310 -1
948 3908 -1
841 3908 -1
1877 3789 -1
806 1719 -1
463 3778 -1
1547 3851 -1
2575 3001 -1
1282 3112 -1
153 3164 -1
1895 2587 -1
1895 2427 -1
1291 3851 -1
715 2436 -1
3051 3671 -1
1933 2146 -1
190 2608 -1
842 2676 -1
2052 2379 -1
2815 3644 -1
913 3207 -1
76 2891 -1
76 3157 -1
212 2065 -1
212 1893 -1
528 2028 -1
655 1960 -1
2566 3897 -1
2566 3863 -1
558 1322 -1
2596 3030 -1
289 3140 -1
694 1995 -1
2370 2692 -1
1028 2515 -1
924 2521 -1
1806 2230 -1
1806 2073 -1
1690 3599 -1
2897 3837 -1
1361 2471 -1
1361 2636 -1
1038 2870 -1
1124 2870 -1
975 2870 -1
562 1385 -1
562 1507 -1
460 3045 -1
1013 3603 -1
879 3317 -1
1572 2049 -1
1585 2049 -1
2842 3622 -1
2893 3622 -1
206 3653 -1
206 3995 -1
910 2933 -1
2823 3911 -1
502 2280 -1
2549 3366 -1
1032 1895 -1
958 1895 -1
181 366 -1
1707 3423 -1
890 2178 -1
1034 2955 -1
1059 2955 -1
1470 2993 -1
1243 2993 -1
284 1014 -1
3158 3276 -1
2966 3276 -1
1839 3409 -1
1839 3238 -1
809 1339 -1
809 1434 -1
746 1493 -1
2505 3446 -1
1186 1317 -1
852 2392 -1
1215 2911 -1
2148 2625 -1
2148 2563 -1
2148 2537 -1
2148 2619 -1
1185 2295 -1
2030 3987 -1
709 963 -1
484 1464 -1
2193 3926 -1
2219 3291 -1
2657 3250 -1
2578 3250 -1
2277 3616 -1
2390 3616 -1
1072 3639 -1
2120 2891 -1
2120 3157 -1
3198 3682 -1
2881 3682 -1
3198 3916 -1
3198 3598 -1
753 3399 -1
753 3320 -1
753 3528 -1
753 3558 -1
456 2487 -1
1664 2557 -1
1942 2557 -1
1647 2557 -1
494 3435 -1
745 3435 -1
494 3442 -1
494 3244 -1
2532 3129 -1
629 3936 -1
660 3936 -1
629 3641 -1
233 1912 -1
54 1912 -1
1974 3368 -1
1974 3260 -1
196 1870 -1
337 1870 -1
227 1870 -1
5 1870 -1
