576 643 1
434 682 1
641 728 1
391 772 1
536 615 1
384 721 1
548 782 1
613 639 1
759 817 1
379 459 1
789 807 1
426 660 1
555 800 1
643 712 1
576 712 1
639 736 1
613 736 1
408 457 1
438 492 1
469 557 1
699 748 1
597 762 1
452 525 1
427 570 1
402 559 1
388 711 1
410 677 1
433 500 1
582 678 1
381 410 1
381 677 1
581 759 1
581 817 1
762 804 1
597 804 1
503 782 1
503 548 1
545 577 1
662 709 1
501 581 1
501 817 1
501 759 1
627 754 1
544 619 1
537 750 1
419 763 1
445 461 1
378 503 1
378 548 1
378 782 1
438 749 1
492 749 1
437 597 1
437 762 1
437 804 1
386 430 1
381 427 1
410 427 1
427 677 1
381 570 1
491 500 1
433 491 1
466 794 1
397 716 1
388 410 1
410 711 1
388 427 1
388 677 1
381 388 1
424 535 1
566 652 1
638 697 1
466 604 1
604 794 1
525 788 1
452 788 1
387 730 1
601 815 1
381 567 1
388 567 1
567 677 1
427 567 1
567 570 1
410 567 1
541 612 1
405 665 1
447 789 1
447 807 1
377 635 1
383 710 1
409 789 1
409 447 1
409 807 1
706 809 1
445 699 1
461 699 1
445 748 1
407 420 1
700 729 1
653 722 1
470 571 1
779 783 1
513 696 1
757 776 1
430 566 1
386 566 1
430 652 1
384 406 1
406 721 1
382 389 1
638 688 1
688 697 1
474 681 1
716 763 1
397 763 1
419 716 1
448 744 1
497 798 1
405 577 1
577 665 1
405 545 1
649 694 1
554 561 1
483 768 1
713 730 1
387 713 1
498 607 1
371 595 1
467 491 1
433 467 1
467 500 1
434 798 1
682 798 1
434 497 1
385 743 1
395 530 1
608 617 1
467 579 1
433 579 1
491 579 1
500 579 1
674 758 1
449 568 1
440 786 1
476 517 1
604 639 1
466 639 1
639 794 1
604 736 1
604 613 1
369 449 1
369 568 1
586 693 1
439 747 1
782 793 1
378 793 1
548 793 1
503 793 1
576 740 1
712 740 1
643 740 1
416 751 1
442 459 1
379 442 1
473 536 1
473 615 1
447 608 1
409 608 1
608 789 1
608 807 1
447 617 1
424 529 1
529 535 1
500 619 1
433 619 1
579 619 1
491 619 1
467 619 1
500 544 1
419 703 1
703 763 1
703 716 1
574 728 1
574 641 1
491 733 1
579 733 1
619 733 1
433 733 1
467 733 1
500 733 1
590 639 1
590 736 1
590 613 1
466 590 1
590 794 1
590 604 1
681 775 1
474 775 1
553 586 1
553 693 1
686 789 1
608 686 1
409 686 1
447 686 1
686 807 1
491 718 1
579 718 1
619 718 1
433 718 1
467 718 1
500 718 1
718 733 1
420 583 1
407 583 1
509 561 1
509 554 1
750 755 1
537 755 1
569 589 1
417 773 1
586 686 1
553 686 1
686 693 1
586 608 1
586 807 1
586 789 1
409 586 1
447 586 1
849 1094 1
913 971 1
850 1137 1
1102 1190 1
1019 1122 1
1220 1222 1
1052 1124 1
985 1120 1
920 1038 1
983 1044 1
838 1080 1
1115 1153 1
986 1110 1
1059 1184 1
1119 1179 1
897 984 1
921 994 1
848 962 1
867 1118 1
835 976 1
836 856 1
972 1051 1
912 1015 1
891 1063 1
841 889 1
1157 1201 1
828 943 1
996 1065 1
880 1159 1
1059 1227 1
1184 1227 1
861 1227 1
861 1184 1
861 1059 1
924 1000 1
1082 1128 1
919 1062 1
857 956 1
870 1223 1
1146 1186 1
914 998 1
921 1170 1
994 1170 1
1099 1190 1
1099 1102 1
836 839 1
839 856 1
939 1230 1
1005 1202 1
941 1109 1
971 1126 1
913 1126 1
1059 1080 1
1080 1184 1
1080 1227 1
861 1080 1
838 1059 1
865 1008 1
868 1134 1
1122 1226 1
1019 1226 1
1008 1170 1
865 1170 1
921 1008 1
994 1008 1
983 1149 1
1044 1149 1
1039 1162 1
940 1058 1
1132 1235 1
903 930 1
889 1049 1
841 1049 1
823 1163 1
839 981 1
856 981 1
836 981 1
1053 1089 1
894 920 1
894 1038 1
969 1036 1
1011 1099 1
1011 1102 1
1011 1190 1
1095 1163 1
823 1095 1
1152 1188 1
1031 1153 1
1031 1115 1
894 979 1
920 979 1
979 1038 1
1042 1046 1
877 945 1
926 1161 1
906 972 1
906 1051 1
833 1170 1
833 1008 1
833 921 1
833 994 1
833 865 1
1068 1095 1
1068 1163 1
823 1068 1
849 858 1
858 1094 1
927 1102 1
927 1099 1
927 1190 1
927 1011 1
849 956 1
858 956 1
956 1094 1
849 857 1
1046 1115 1
1042 1115 1
1046 1153 1
1031 1046 1
918 1164 1
1053 1208 1
1089 1208 1
1126 1157 1
913 1157 1
971 1157 1
1126 1201 1
998 1168 1
914 1168 1
1139 1157 1
1139 1201 1
971 1139 1
1126 1139 1
913 1139 1
992 1197 1
848 1227 1
962 1227 1
848 1184 1
848 1059 1
848 1080 1
848 861 1
963 1211 1
860 1017 1
1057 1169 1
1127 1218 1
957 1111 1
958 1164 1
918 958 1
1016 1179 1
1016 1119 1
894 1007 1
920 1007 1
979 1007 1
1007 1038 1
1083 1164 1
958 1083 1
918 1083 1
839 1047 1
856 1047 1
836 1047 1
981 1047 1
949 1007 1
920 949 1
949 979 1
949 1038 1
894 949 1
857 958 1
849 958 1
956 958 1
857 1164 1
857 918 1
857 1083 1
975 1166 1
1012 1171 1
1014 1220 1
1014 1222 1
894 927 1
927 1038 1
927 1007 1
927 979 1
927 949 1
920 927 1
894 1190 1
894 1099 1
894 1011 1
894 1102 1
896 925 1
1035 1224 1
1016 1120 1
1120 1179 1
1119 1120 1
985 1016 1
997 999 1
845 855 1
1025 1123 1
838 1153 1
1080 1153 1
1059 1153 1
838 1031 1
838 1046 1
838 1115 1
826 1079 1
902 1001 1
954 1012 1
954 1171 1
879 973 1
859 1003 1
840 903 1
840 930 1
1435 1597 1
1243 1503 1
1293 1611 1
1445 1627 1
1249 1310 1
1249 1423 1
1310 1423 1
1400 1420 1
1488 1515 1
1469 1500 1
1389 1486 1
1441 1608 1
1269 1461 1
1462 1609 1
1416 1440 1
1364 1545 1
1239 1299 1
1312 1504 1
1340 1472 1
1495 1495 1
1388 1561 1
1561 1598 1
1388 1598 1
1306 1403 1
1422 1573 1
1283 1551 1
1290 1537 1
1444 1473 1
1248 1496 1
1256 1484 1
1503 1623 1
1243 1623 1
1375 1439 1
1404 1558 1
1293 1608 1
1608 1611 1
1293 1441 1
1494 1633 1
1242 1413 1
1257 1378 1
1262 1506 1
1413 1567 1
1242 1567 1
1315 1408 1
1306 1567 1
1403 1567 1
1242 1306 1
1306 1413 1
1516 1591 1
1408 1584 1
1315 1584 1
1446 1490 1
1551 1558 1
1283 1558 1
1404 1551 1
1463 1500 1
1463 1469 1
1475 1526 1
1410 1469 1
1410 1500 1
1410 1463 1
1515 1584 1
1488 1584 1
1408 1515 1
1315 1515 1
1290 1312 1
1312 1537 1
1290 1504 1
1283 1296 1
1296 1558 1
1296 1551 1
1372 1431 1
1337 1627 1
1337 1445 1
1575 1603 1
1393 1445 1
1337 1393 1
1393 1627 1
1494 1563 1
1563 1633 1
1273 1594 1
1335 1455 1
1291 1396 1
1523 1603 1
1523 1575 1
1265 1619 1
1358 1522 1
1418 1547 1
1389 1447 1
1447 1486 1
1385 1391 1
1401 1583 1
1339 1595 1
1475 1561 1
1526 1561 1
1388 1475 1
1475 1598 1
1495 1591 1
1495 1516 1
1432 1516 1
1432 1495 1
1432 1591 1
1486 1619 1
1389 1619 1
1447 1619 1
1265 1486 1
1321 1413 1
1242 1321 1
1306 1321 1
1321 1567 1
1243 1512 1
1512 1623 1
1503 1512 1
1334 1458 1
1433 1455 1
1335 1433 1
1282 1489 1
1437 1591 1
1432 1437 1
1437 1516 1
1437 1495 1
1284 1556 1
1245 1533 1
1357 1619 1
1265 1357 1
1357 1389 1
1357 1486 1
1357 1447 1
1402 1574 1
1246 1326 1
1372 1415 1
1415 1431 1
1444 1529 1
1473 1529 1
1477 1504 1
1312 1477 1
1290 1477 1
1297 1457 1
1309 1543 1
1319 1528 1
1302 1343 1
1474 1508 1
1320 1558 1
1296 1320 1
1283 1320 1
1320 1404 1
1320 1551 1
1453 1629 1
1315 1382 1
1382 1408 1
1382 1584 1
1382 1515 1
1560 1598 1
1560 1561 1
1475 1560 1
1388 1560 1
1426 1629 1
1426 1453 1
1328 1473 1
1328 1529 1
1328 1444 1
1407 1518 1
1407 1436 1
1436 1518 1
1254 1278 1
1392 1554 1
1478 1625 1
1423 1593 1
1249 1593 1
1310 1593 1
1293 1408 1
1408 1608 1
1408 1441 1
1408 1611 1
1293 1315 1
1293 1382 1
1293 1515 1
1293 1584 1
1451 1532 1
1256 1479 1
1479 1484 1
1442 1518 1
1436 1442 1
1407 1442 1
1459 1466 1
1278 1611 1
1254 1611 1
1278 1608 1
1278 1408 1
1278 1293 1
1242 1286 1
1286 1321 1
1286 1306 1
1286 1413 1
1286 1567 1
1281 1383 1
1445 1463 1
1337 1463 1
1463 1627 1
1393 1463 1
1410 1445 1
1445 1500 1
1445 1469 1
1673 1950 1
1652 2052 1
1780 1871 1
1823 1961 1
1977 1980 1
1643 1947 1
1669 1690 1
1792 1793 1
1644 2038 1
1829 1861 1
1778 1967 1
1907 1941 1
1870 2000 1
1847 1914 1
1721 1801 1
1682 1861 1
1682 1829 1
1869 1947 1
1643 1869 1
1960 2009 1
1974 1999 1
1840 1941 1
1840 1907 1
1721 1804 1
1801 1804 1
1879 1974 1
1879 1999 1
1800 2002 1
1646 2052 1
1646 1652 1
1788 1897 1
1794 1838 1
2042 2044 1
1846 1888 1
1692 1751 1
1757 1935 1
1842 1958 1
1891 1995 1
1893 1897 1
1788 1893 1
1840 1844 1
1844 1907 1
1844 1941 1
1756 1840 1
1756 1907 1
1756 1844 1
1756 1941 1
1723 1862 1
1680 1762 1
1732 1940 1
1867 1942 1
1674 1729 1
1771 2008 1
1660 1721 1
1660 1801 1
1660 1804 1
1730 2031 1
1961 1972 1
1823 1972 1
1660 1894 1
1721 1894 1
1804 1894 1
1801 1894 1
1986 2024 1
1862 1959 1
1723 1959 1
1761 1792 1
1761 1793 1
1921 1946 1
1804 1814 1
1721 1814 1
1660 1814 1
1814 1894 1
1801 1814 1
1808 1916 1
1661 1955 1
1810 1920 1
1697 1762 1
1680 1697 1
1738 2051 1
1662 1672 1
1658 1888 1
1658 1846 1
1777 1917 1
1703 1868 1
1824 1928 1
1939 2013 1
1784 1958 1
1784 1842 1
1667 1713 1
1638 1891 1
1638 1995 1
1830 1998 1
1700 1789 1
1775 1785 1
1686 2053 1
1730 1984 1
1984 2031 1
1708 1772 1
1876 1890 1
1801 2044 1
1894 2044 1
1660 2044 1
1804 2044 1
1814 2044 1
1721 2044 1
1801 2042 1
1688 1816 1
1914 1948 1
1847 1948 1
1764 1929 1
1760 2017 1
1763 1851 1
1795 1877 1
1709 1765 1
1805 1808 1
1805 1916 1
1894 1903 1
1660 1903 1
1804 1903 1
1814 1903 1
1801 1903 1
1721 1903 1
1903 2044 1
1791 2018 1
1723 1856 1
1856 1862 1
1856 1959 1
1834 1879 1
1834 1974 1
1834 1999 1
1726 1779 1
1641 1753 1
1668 1674 1
1668 1729 1
1814 1870 1
1660 1870 1
1870 1894 1
1801 1870 1
1804 1870 1
1870 1903 1
1721 1870 1
1870 2044 1
1814 2000 1
1837 2016 1
1751 2010 1
1692 2010 1
1756 1875 1
1840 1875 1
1875 1907 1
1844 1875 1
1875 1941 1
1687 1757 1
1687 1935 1
1647 1757 1
1647 1687 1
1647 1935 1
1726 1750 1
1750 1779 1
1910 2053 1
1686 1910 1
1905 2002 1
1800 1905 1
1728 1877 1
1728 1795 1
1677 1885 1
1900 2043 1
1761 2052 1
1792 2052 1
1793 2052 1
1652 1761 1
1646 1761 1
2037 2055 1
1779 1860 1
1750 1860 1
1726 1860 1
1713 1756 1
1667 1756 1
1713 1840 1
1713 1875 1
1713 1844 1
1713 1941 1
1713 1907 1
1679 1936 1
1984 2022 1
1730 2022 1
2022 2031 1
1739 1887 1
1819 1925 1
1682 1934 1
1861 1934 1
1829 1934 1
1883 1895 1
1867 1923 1
1923 1942 1
1736 2025 1
1993 2057 1
1963 1963 1
1693 2057 1
1693 1993 1
1650 2019 1
1679 1694 1
1694 1936 1
1850 1889 1
1949 1981 1
1815 1847 1
1815 1914 1
1815 1948 1
1683 2043 1
1683 1900 1
1712 1888 1
1658 1712 1
1712 1846 1
2004 2031 1
1984 2004 1
1730 2004 1
2004 2022 1
2143 2191 1
2280 2327 1
2141 2243 1
2210 2379 1
2219 2390 1
2213 2345 1
2182 2234 1
2137 2183 1
2177 2267 1
2085 2101 1
2248 2310 1
2334 2393 1
2325 2398 1
2078 2343 1
2178 2352 1
2157 2197 1
2118 2238 1
2194 2230 1
2214 2228 1
2131 2267 1
2131 2177 1
2225 2395 1
2246 2324 1
2119 2150 1
2321 2349 1
2256 2310 1
2248 2256 1
2095 2129 1
2318 2413 1
2073 2163 1
2166 2302 1
2132 2358 1
2130 2233 1
2295 2339 1
2089 2319 1
2094 2105 1
2082 2371 1
2171 2212 1
2265 2321 1
2265 2349 1
2233 2374 1
2130 2374 1
2153 2391 1
2114 2304 1
2387 2403 1
2106 2196 1
2131 2309 1
2177 2309 1
2267 2309 1
2090 2418 1
2158 2202 1
2090 2122 1
2122 2418 1
2126 2287 1
2256 2288 1
2248 2288 1
2288 2310 1
2170 2311 1
2253 2385 1
2118 2285 1
2238 2285 1
2119 2415 1
2150 2415 1
2102 2201 1
2329 2413 1
2318 2329 1
2130 2203 1
2203 2233 1
2203 2374 1
2390 2400 1
2219 2400 1
2098 2301 1
2071 2075 1
2105 2358 1
2094 2358 1
2105 2132 1
2120 2176 1
2168 2187 1
2102 2330 1
2201 2330 1
2114 2308 1
2304 2308 1
2253 2393 1
2385 2393 1
2253 2334 1
2310 2370 1
2248 2370 1
2256 2370 1
2288 2370 1
2196 2217 1
2106 2217 1
2218 2243 1
2141 2218 1
2066 2231 1
2074 2278 1
2113 2253 1
2113 2385 1
2113 2334 1
2113 2393 1
2360 2387 1
2360 2403 1
2180 2402 1
2129 2178 1
2095 2178 1
2129 2352 1
2249 2392 1
2150 2282 1
2282 2415 1
2119 2282 1
2150 2263 1
2263 2282 1
2263 2415 1
2119 2263 1
2148 2251 1
2249 2364 1
2364 2392 1
2078 2214 1
2214 2343 1
2078 2228 1
2106 2286 1
2217 2286 1
2196 2286 1
2226 2319 1
2089 2226 1
2130 2281 1
2233 2281 1
2203 2281 1
2281 2374 1
2075 2387 1
2071 2387 1
2075 2360 1
2075 2403 1
2086 2301 1
2086 2098 1
2260 2421 1
2408 2419 1
2126 2409 1
2287 2409 1
2121 2333 1
2073 2348 1
2163 2348 1
2247 2299 1
2083 2374 1
2083 2233 1
2083 2130 1
2083 2203 1
2083 2281 1
2218 2242 1
2242 2243 1
2141 2242 1
2117 2129 1
2117 2352 1
2117 2178 1
2095 2117 1
2170 2243 1
2243 2311 1
2170 2242 1
2170 2218 1
2141 2170 1
2087 2360 1
2075 2087 1
2087 2403 1
2087 2387 1
2086 2245 1
2098 2245 1
2245 2301 1
2069 2103 1
2256 2277 1
2248 2277 1
2277 2288 1
2277 2370 1
2277 2310 1
2154 2278 1
2074 2154 1
2283 2289 1
2272 2298 1
2123 2165 1
2305 2409 1
2126 2305 1
2287 2305 1
2449 2609 1
2754 2792 1
2615 2616 1
2568 2739 1
2517 2794 1
2480 2649 1
2523 2768 1
2633 2645 1
2714 2751 1
2569 2740 1
2678 2754 1
2678 2792 1
2528 2794 1
2517 2528 1
2504 2570 1
2518 2670 1
2516 2613 1
2515 2642 1
2581 2637 1
2615 2691 1
2616 2691 1
2486 2777 1
2466 2554 1
2472 2600 1
2702 2703 1
2751 2790 1
2714 2790 1
2591 2791 1
2489 2658 1
2546 2785 1
2744 2782 1
2503 2783 1
2637 2780 1
2581 2780 1
2575 2682 1
2519 2777 1
2486 2519 1
2465 2624 1
2540 2543 1
2640 2797 1
2434 2515 1
2434 2642 1
2493 2501 1
2786 2791 1
2591 2786 1
2637 2731 1
2731 2780 1
2581 2731 1
2492 2615 1
2492 2616 1
2492 2691 1
2483 2769 1
2704 2773 1
2472 2712 1
2600 2712 1
2523 2712 1
2712 2768 1
2472 2523 1
2523 2600 1
2591 2707 1
2707 2786 1
2707 2791 1
2443 2691 1
2443 2616 1
2443 2492 1
2443 2615 1
2659 2703 1
2659 2702 1
2462 2655 1
2497 2769 1
2483 2497 1
2433 2634 1
2437 2718 1
2544 2620 1
2534 2697 1
2528 2756 1
2756 2794 1
2517 2756 1
2608 2751 1
2608 2714 1
2608 2790 1
2444 2602 1
2479 2794 1
2479 2528 1
2479 2756 1
2479 2517 1
2596 2616 1
2596 2691 1
2492 2596 1
2443 2596 1
2596 2615 1
2434 2545 1
2545 2642 1
2515 2545 1
2448 2497 1
2448 2769 1
2448 2483 1
2567 2630 1
2475 2742 1
2530 2599 1
2610 2698 1
2462 2593 1
2593 2655 1
2497 2802 1
2448 2802 1
2769 2802 1
2483 2802 1
2527 2625 1
2476 2482 1
2505 2785 1
2505 2546 1
2531 2577 1
2441 2630 1
2441 2567 1
2499 2569 1
2499 2740 1
2728 2782 1
2728 2744 1
2461 2497 1
2448 2461 1
2461 2769 1
2461 2802 1
2461 2483 1
2573 2750 1
2534 2661 1
2661 2697 1
2592 2624 1
2465 2592 1
2544 2705 1
2620 2705 1
2705 2758 1
2544 2758 1
2620 2758 1
2567 2766 1
2441 2766 1
2630 2766 1
2494 2660 1
2509 2636 1
2542 2580 1
2450 2673 1
2517 2649 1
2528 2649 1
2649 2794 1
2649 2756 1
2479 2649 1
2480 2517 1
2531 2596 1
2577 2596 1
2531 2691 1
2443 2531 1
2531 2615 1
2531 2616 1
2492 2531 1
2645 2722 1
2633 2722 1
2662 2677 1
2427 2585 1
2505 2724 1
2724 2785 1
2546 2724 1
2468 2608 1
2468 2714 1
2468 2790 1
2468 2751 1
2534 2588 1
2588 2697 1
2588 2661 1
2484 2562 1
2764 2774 1
2541 2628 1
2511 2734 1
2541 2764 1
2628 2764 1
2541 2774 1
2467 2527 1
2467 2625 1
2453 2468 1
2453 2608 1
2453 2714 1
2453 2790 1
2453 2751 1
2466 2741 1
2554 2741 1
2603 2780 1
2603 2731 1
2603 2637 1
2581 2603 1
2584 2753 1
2518 2711 1
2670 2711 1
2844 3005 1
2912 3208 1
2921 3076 1
2893 3188 1
3003 3104 1
2888 3040 1
2856 3189 1
2819 3037 1
2832 2912 1
2832 3208 1
2879 3147 1
2820 3129 1
3153 3210 1
2876 2981 1
2904 2912 1
2904 3208 1
2832 2904 1
3121 3152 1
3034 3229 1
3218 3219 1
2930 3114 1
2872 3206 1
2883 3039 1
2952 3079 1
3170 3199 1
3027 3054 1
2921 3168 1
3076 3168 1
2840 3016 1
2820 3117 1
3117 3129 1
3162 3222 1
2819 2912 1
2912 3037 1
2819 3208 1
2819 2832 1
2819 2904 1
2856 3092 1
3092 3189 1
2912 3216 1
2819 3216 1
3208 3216 1
2832 3216 1
2904 3216 1
3037 3216 1
2839 3137 1
2962 3093 1
2898 3164 1
2820 2962 1
2962 3129 1
2962 3117 1
2820 3093 1
2844 2987 1
2987 3005 1
2958 3050 1
2922 3107 1
3025 3038 1
2841 2967 1
2908 2985 1
2882 3053 1
2807 3172 1
2959 3065 1
2867 3081 1
3190 3195 1
2987 3220 1
2844 3220 1
3005 3220 1
2989 3177 1
2808 3162 1
2808 3222 1
3119 3176 1
2998 3091 1
3109 3136 1
2833 3063 1
3002 3119 1
3002 3176 1
3217 3220 1
2987 3217 1
2844 3217 1
3005 3217 1
3126 3230 1
2816 2893 1
2816 3188 1
2825 2893 1
2816 2825 1
2825 3188 1
2918 2939 1
2852 2931 1
2897 3112 1
2888 3076 1
3040 3076 1
2888 3168 1
2888 2921 1
2891 3159 1
2830 3048 1
2994 3176 1
2994 3002 1
2994 3119 1
2810 3217 1
2810 2844 1
2810 2987 1
2810 3220 1
2810 3005 1
2837 2846 1
2803 3147 1
2803 2879 1
2827 2875 1
2894 3117 1
2894 3129 1
2894 2962 1
2820 2894 1
2822 3014 1
3009 3034 1
3009 3229 1
2879 3169 1
3147 3169 1
2803 3169 1
3027 3045 1
3045 3054 1
3122 3218 1
3122 3219 1
3005 3107 1
2987 3107 1
3107 3217 1
3107 3220 1
2810 3107 1
2844 3107 1
2922 3005 1
2965 3018 1
2833 3033 1
3033 3063 1
3020 3025 1
3020 3038 1
2946 2965 1
2946 3018 1
2843 2897 1
2843 3112 1
2859 3115 1
2861 3205 1
2930 2989 1
2989 3114 1
2930 3177 1
3028 3197 1
2814 2904 1
2814 2912 1
2814 2832 1
2814 2819 1
2814 3208 1
2814 3216 1
3003 3130 1
3104 3130 1
3016 3201 1
2840 3201 1
2893 2957 1
2816 2957 1
2825 2957 1
2957 3188 1
2949 3043 1
2820 2955 1
2955 3117 1
2894 2955 1
2955 2962 1
2955 3093 1
2955 3129 1
3040 3050 1
2888 3050 1
3050 3076 1
2958 3040 1
2820 2924 1
2924 2955 1
2924 3117 1
2894 2924 1
2924 2962 1
2924 3093 1
2924 3129 1
3113 3180 1
2890 3086 1
3073 3205 1
2861 3073 1
2877 3059 1
3014 3029 1
2822 3029 1
3137 3151 1
2839 3151 1
2845 3005 1
2845 3107 1
2845 2922 1
2845 2987 1
2845 3217 1
2845 3220 1
2810 2845 1
2844 2845 1
2864 2905 1
2954 2980 1
2948 3099 1
2821 3165 1
2985 3206 1
2908 3206 1
2872 2985 1
2908 3008 1
2985 3008 1
3008 3206 1
2957 3208 1
2816 3208 1
2825 3208 1
3188 3208 1
2893 3208 1
2912 2957 1
2957 3216 1
2819 2957 1
2832 2957 1
2904 2957 1
2814 2957 1
2899 3009 1
2899 3034 1
2899 3229 1
3238 3428 1
3421 3536 1
3501 3534 1
3369 3374 1
3419 3439 1
3297 3331 1
3391 3535 1
3403 3549 1
3529 3564 1
3387 3474 1
3241 3332 1
3363 3572 1
3303 3409 1
3412 3496 1
3265 3288 1
3318 3377 1
3246 3412 1
3246 3496 1
3468 3528 1
3494 3508 1
3347 3412 1
3347 3496 1
3246 3347 1
3513 3565 1
3518 3588 1
3380 3453 1
3404 3555 1
3415 3542 1
3392 3573 1
3252 3278 1
3430 3527 1
3361 3401 1
3244 3380 1
3244 3453 1
3252 3267 1
3267 3278 1
3289 3323 1
3379 3562 1
3489 3575 1
3366 3578 1
3322 3364 1
3268 3578 1
3268 3366 1
3251 3286 1
3330 3467 1
3398 3400 1
3332 3361 1
3241 3361 1
3332 3401 1
3482 3523 1
3413 3531 1
3272 3322 1
3272 3364 1
3466 3510 1
3472 3567 1
3254 3354 1
3307 3509 1
3308 3490 1
3374 3570 1
3369 3570 1
3501 3592 1
3534 3592 1
3416 3577 1
3501 3553 1
3553 3592 1
3534 3553 1
3418 3540 1
3546 3574 1
3445 3474 1
3387 3445 1
3468 3552 1
3528 3552 1
3320 3394 1
3279 3322 1
3272 3279 1
3279 3364 1
3278 3455 1
3267 3455 1
3252 3455 1
3407 3549 1
3403 3407 1
3234 3574 1
3234 3546 1
3338 3559 1
3374 3573 1
3369 3573 1
3570 3573 1
3374 3392 1
3524 3581 1
3389 3474 1
3387 3389 1
3389 3445 1
3298 3522 1
3325 3452 1
3471 3567 1
3471 3472 1
3389 3428 1
3428 3474 1
3387 3428 1
3428 3445 1
3238 3389 1
3444 3498 1
3539 3543 1
3525 3560 1
3331 3560 1
3297 3560 1
3331 3525 1
3343 3478 1
3307 3468 1
3468 3509 1
3307 3528 1
3307 3552 1
3313 3328 1
3238 3491 1
3428 3491 1
3389 3491 1
3343 3525 1
3478 3525 1
3343 3560 1
3331 3343 1
3267 3381 1
3252 3381 1
3278 3381 1
3381 3455 1
3275 3356 1
3353 3388 1
3346 3375 1
3252 3592 1
3267 3592 1
3381 3592 1
3278 3592 1
3455 3592 1
3252 3553 1
3252 3501 1
3252 3534 1
3310 3427 1
3450 3548 1
3443 3553 1
3443 3592 1
3252 3443 1
3443 3501 1
3443 3534 1
3480 3539 1
3480 3543 1
3299 3518 1
3299 3588 1
3335 3557 1
3432 3576 1
3454 3554 1
3515 3595 1
3289 3386 1
3323 3386 1
3389 3531 1
3491 3531 1
3428 3531 1
3238 3531 1
3474 3531 1
3445 3531 1
3387 3531 1
3389 3413 1
3350 3578 1
3268 3350 1
3350 3366 1
3296 3397 1
3383 3491 1
3383 3531 1
3383 3428 1
3383 3389 1
3238 3383 1
3357 3517 1
3348 3539 1
3348 3480 1
3348 3543 1
3350 3537 1
3537 3578 1
3268 3537 1
3366 3537 1
3407 3544 1
3403 3544 1
3544 3549 1
3539 3561 1
3480 3561 1
3348 3561 1
3543 3561 1
3633 3912 1
3668 3973 1
3641 3675 1
3680 3929 1
3815 3916 1
3841 3966 1
3683 3848 1
3673 3684 1
3645 3832 1
3782 3878 1
3770 3987 1
3839 3853 1
3663 3852 1
3692 3829 1
3679 3783 1
3694 3770 1
3694 3987 1
3835 3910 1
3658 3869 1
3763 3884 1
3617 3638 1
3796 3937 1
3755 3902 1
3828 3891 1
3728 3958 1
3683 3770 1
3770 3848 1
3683 3987 1
3683 3694 1
3745 3932 1
3840 3910 1
3835 3840 1
3598 3741 1
3645 3886 1
3832 3886 1
3663 3958 1
3852 3958 1
3663 3728 1
3964 3982 1
3780 3905 1
3633 3806 1
3806 3912 1
3616 3790 1
3749 3751 1
3690 3960 1
3608 3890 1
3724 3925 1
3941 3963 1
3668 3793 1
3793 3973 1
3830 3861 1
3707 3921 1
3882 3918 1
3922 3928 1
3626 3913 1
3892 3897 1
3913 3973 1
3626 3973 1
3793 3913 1
3668 3913 1
3653 3946 1
3612 3661 1
3636 3776 1
3661 3971 1
3612 3971 1
3633 3784 1
3784 3912 1
3784 3806 1
3981 3982 1
3964 3981 1
3626 3942 1
3913 3942 1
3942 3973 1
3608 3655 1
3655 3890 1
3674 3883 1
3646 3948 1
3615 3707 1
3615 3921 1
3830 3963 1
3861 3963 1
3830 3941 1
3799 3810 1
3705 3799 1
3705 3810 1
3745 3930 1
3930 3932 1
3807 3938 1
3845 3875 1
3601 3636 1
3601 3776 1
3798 3819 1
3867 3901 1
3686 3715 1
3957 3985 1
3636 3843 1
3776 3843 1
3601 3843 1
3719 3900 1
3805 3837 1
3655 3723 1
3608 3723 1
3723 3890 1
3675 3698 1
3641 3698 1
3835 3935 1
3840 3935 1
3910 3935 1
3670 3803 1
3916 3939 1
3815 3939 1
3724 3741 1
3741 3925 1
3598 3724 1
3800 3960 1
3690 3800 1
3675 3706 1
3641 3706 1
3698 3706 1
3606 3739 1
3636 3871 1
3776 3871 1
3601 3871 1
3843 3871 1
3927 3963 1
3927 3941 1
3830 3927 1
3861 3927 1
3939 3984 1
3916 3984 1
3815 3984 1
3809 3964 1
3809 3981 1
3809 3982 1
3725 3957 1
3725 3985 1
3748 3969 1
3775 3877 1
3738 3831 1
3602 3714 1
3814 3863 1
3692 3748 1
3748 3829 1
3692 3969 1
3956 3997 1
3647 3882 1
3647 3918 1
3677 3734 1
3635 3830 1
3635 3927 1
3635 3963 1
3635 3861 1
3635 3941 1
3838 3892 1
3838 3897 1
3858 3997 1
3858 3956 1
3693 3845 1
3693 3875 1
3596 3881 1
3693 3758 1
3758 3875 1
3758 3845 1
3620 3745 1
3620 3930 1
3620 3932 1
3646 3662 1
3662 3948 1
3724 3793 1
3793 3925 1
3598 3793 1
3741 3793 1
3724 3973 1
3724 3913 1
3668 3724 1
3634 3842 1
3929 3962 1
3680 3962 1
3671 3881 1
3596 3671 1
3633 3962 1
3912 3962 1
3784 3962 1
3806 3962 1
3633 3680 1
3633 3929 1
3746 3842 1
3634 3746 1
3807 3994 1
3938 3994 1
3889 3940 1
3846 3924 1
3909 3971 1
3612 3909 1
3661 3909 1
3699 3735 1
3756 3958 1
3728 3756 1
3756 3852 1
3663 3756 1
3626 3716 1
3716 3913 1
3716 3973 1
3716 3942 1
208 271 1
88 180 1
42 85 1
249 297 1
46 269 1
42 155 1
85 155 1
165 260 1
126 134 1
228 365 1
175 294 1
58 258 1
5 98 1
90 218 1
196 255 1
50 245 1
195 209 1
39 280 1
16 183 1
160 335 1
63 179 1
278 300 1
75 206 1
89 327 1
282 345 1
19 33 1
221 257 1
14 352 1
116 156 1
71 146 1
79 250 1
254 288 1
52 56 1
77 293 1
251 253 1
105 342 1
43 119 1
258 332 1
58 332 1
4 360 1
34 344 1
280 300 1
39 300 1
278 280 1
90 310 1
218 310 1
47 85 1
42 47 1
47 155 1
94 252 1
269 326 1
46 326 1
102 142 1
217 233 1
65 202 1
109 227 1
282 340 1
340 345 1
269 314 1
314 326 1
46 314 1
87 343 1
26 102 1
26 142 1
52 180 1
56 180 1
52 88 1
114 154 1
178 254 1
178 288 1
6 105 1
6 342 1
47 264 1
42 264 1
155 264 1
85 264 1
243 244 1
148 356 1
164 309 1
91 296 1
185 304 1
250 343 1
79 343 1
87 250 1
92 115 1
83 218 1
83 90 1
83 310 1
61 331 1
38 353 1
165 287 1
260 287 1
22 97 1
91 277 1
277 296 1
129 167 1
113 364 1
119 272 1
43 272 1
23 340 1
23 345 1
23 282 1
79 336 1
250 336 1
336 343 1
244 351 1
243 351 1
78 219 1
139 338 1
36 314 1
36 46 1
36 269 1
36 326 1
237 301 1
314 349 1
46 349 1
36 349 1
269 349 1
326 349 1
78 310 1
219 310 1
78 90 1
78 83 1
78 218 1
146 167 1
71 167 1
129 146 1
196 294 1
255 294 1
175 196 1
30 158 1
185 356 1
304 356 1
148 185 1
112 229 1
221 296 1
257 296 1
91 221 1
221 277 1
141 256 1
106 332 1
106 258 1
58 106 1
286 287 1
260 286 1
165 286 1
149 200 1
75 109 1
109 206 1
75 227 1
48 182 1
84 114 1
84 154 1
29 302 1
94 187 1
187 252 1
136 229 1
112 136 1
69 364 1
69 113 1
123 356 1
123 304 1
123 185 1
123 148 1
278 285 1
280 285 1
285 300 1
148 341 1
185 341 1
123 341 1
341 356 1
94 363 1
187 363 1
252 363 1
191 199 1
55 55 1
59 125 1
114 254 1
154 254 1
84 254 1
114 288 1
114 178 1
45 271 1
45 208 1
1640 3092 -1
1640 2856 -1
1640 3189 -1
182 3058 -1
48 3058 -1
1593 3419 -1
1249 3419 -1
1310 3419 -1
1423 3419 -1
1593 3439 -1
907 3148 -1
715 2401 -1
557 3266 -1
469 3266 -1
1311 1895 -1
1311 1883 -1
2296 3225 -1
1322 3867 -1
1322 3901 -1
36 1885 -1
314 1885 -1
326 1885 -1
269 1885 -1
46 1885 -1
349 1885 -1
36 1677 -1
50 862 -1
245 862 -1
47 3711 -1
264 3711 -1
42 3711 -1
155 3711 -1
85 3711 -1
652 1434 -1
430 1434 -1
566 1434 -1
12 3737 -1
2421 3646 -1
2260 3646 -1
2421 3948 -1
2421 3662 -1
1248 2529 -1
1496 2529 -1
1505 3988 -1
362 2971 -1
2516 3154 -1
2613 3154 -1
244 837 -1
243 837 -1
351 837 -1
2122 3028 -1
2090 3028 -1
2418 3028 -1
2122 3197 -1
677 888 -1
410 888 -1
427 888 -1
388 888 -1
381 888 -1
567 888 -1
1908 3830 -1
1908 3635 -1
1908 3927 -1
1908 3963 -1
1908 3861 -1
1908 3941 -1
364 1425 -1
113 1425 -1
69 1425 -1
1788 3103 -1
1897 3103 -1
1893 3103 -1
1554 2280 -1
1392 2280 -1
1554 2327 -1
841 3407 -1
889 3407 -1
1049 3407 -1
841 3544 -1
841 3403 -1
841 3549 -1
1215 1788 -1
1215 1897 -1
1215 1893 -1
1163 2421 -1
1095 2421 -1
1068 2421 -1
823 2421 -1
1163 2260 -1
77 3222 -1
293 3222 -1
77 2808 -1
77 3162 -1
1148 1963 -1
2253 3647 -1
2385 3647 -1
2113 3647 -1
2334 3647 -1
2393 3647 -1
2253 3882 -1
2253 3918 -1
2533 3838 -1
2533 3897 -1
2533 3892 -1
2012 2104 -1
1727 2565 -1
291 3238 -1
291 3491 -1
291 3428 -1
291 3389 -1
291 3531 -1
291 3383 -1
1037 3348 -1
1037 3480 -1
1037 3561 -1
1037 3539 -1
1037 3543 -1
467 2061 -1
579 2061 -1
619 2061 -1
718 2061 -1
433 2061 -1
500 2061 -1
733 2061 -1
491 2061 -1
2340 3684 -1
2340 3673 -1
188 2326 -1
314 1671 -1
46 1671 -1
36 1671 -1
269 1671 -1
326 1671 -1
349 1671 -1
637 2097 -1
526 3679 -1
526 3783 -1
3587 3700 -1
69 1934 -1
113 1934 -1
364 1934 -1
69 1682 -1
69 1861 -1
69 1829 -1
2728 3806 -1
2744 3806 -1
2782 3806 -1
2728 3912 -1
2728 3633 -1
2728 3962 -1
2728 3784 -1
354 2981 -1
354 2876 -1
296 1383 -1
257 1383 -1
91 1383 -1
277 1383 -1
221 1383 -1
296 1281 -1
385 1679 -1
743 1679 -1
385 1936 -1
385 1694 -1
1133 2294 -1
2197 2844 -1
2157 2844 -1
2197 3107 -1
2197 2987 -1
2197 2845 -1
2197 3217 -1
2197 3220 -1
2197 2810 -1
2197 3005 -1
438 2098 -1
492 2098 -1
749 2098 -1
438 2301 -1
438 2086 -1
438 2245 -1
1069 2598 -1
2987 3376 -1
3107 3376 -1
2845 3376 -1
3217 3376 -1
3220 3376 -1
2810 3376 -1
2844 3376 -1
3005 3376 -1
1071 2344 -1
1699 3198 -1
2681 2911 -1
853 2550 -1
514 989 -1
2489 3211 -1
2658 3211 -1
1422 3816 -1
1573 3816 -1
679 870 -1
679 1223 -1
163 658 -1
2602 3076 -1
2444 3076 -1
2602 3168 -1
2602 2921 -1
2602 3050 -1
2602 2888 -1
2602 3040 -1
1049 2146 -1
889 2146 -1
841 2146 -1
246 2110 -1
2080 2696 -1
459 2984 -1
442 2984 -1
379 2984 -1
309 1817 -1
164 1817 -1
1263 3801 -1
328 3834 -1
760 1470 -1
2080 3625 -1
1382 3050 -1
1408 3050 -1
1584 3050 -1
1315 3050 -1
1293 3050 -1
1515 3050 -1
1382 3040 -1
1382 2888 -1
1382 3076 -1
1382 2958 -1
507 1829 -1
507 1682 -1
507 1861 -1
507 1934 -1
1312 3879 -1
1504 3879 -1
1537 3879 -1
1290 3879 -1
1477 3879 -1
1020 1551 -1
1020 1296 -1
1020 1320 -1
1020 1283 -1
1020 1404 -1
1020 1558 -1
267 3003 -1
267 3104 -1
267 3130 -1
1200 2647 -1
256 654 -1
141 654 -1
494 1281 -1
494 1383 -1
1214 2863 -1
2801 2922 -1
2801 3107 -1
2801 3005 -1
2801 2845 -1
450 2359 -1
726 1649 -1
2961 3430 -1
2961 3527 -1
866 2716 -1
1040 3578 -1
1040 3537 -1
1040 3268 -1
1040 3350 -1
1040 3366 -1
1966 3944 -1
2521 3711 -1
352 1562 -1
14 1562 -1
740 2160 -1
576 2160 -1
712 2160 -1
643 2160 -1
1300 2617 -1
773 1535 -1
417 1535 -1
2662 3198 -1
2677 3198 -1
1321 1705 -1
1242 1705 -1
1306 1705 -1
1413 1705 -1
1286 1705 -1
1567 1705 -1
338 2929 -1
139 2929 -1
993 3147 -1
993 3169 -1
993 2803 -1
993 2879 -1
1061 1430 -1
778 1050 -1
1838 2439 -1
1794 2439 -1
586 2169 -1
608 2169 -1
807 2169 -1
553 2169 -1
686 2169 -1
789 2169 -1
409 2169 -1
447 2169 -1
693 2169 -1
1489 3038 -1
1282 3038 -1
1489 3025 -1
1489 3020 -1
1936 3406 -1
1694 3406 -1
1679 3406 -1
860 2412 -1
1017 2412 -1
205 1409 -1
613 1318 -1
736 1318 -1
604 1318 -1
590 1318 -1
639 1318 -1
18 2440 -1
649 3401 -1
694 3401 -1
649 3361 -1
649 3332 -1
323 1549 -1
1678 2334 -1
1678 2393 -1
1678 2253 -1
1678 2113 -1
654 1693 -1
654 2057 -1
654 1993 -1
858 2141 -1
849 2141 -1
956 2141 -1
1094 2141 -1
858 2218 -1
858 2243 -1
858 2170 -1
858 2242 -1
1852 2438 -1
617 3701 -1
608 3701 -1
447 3701 -1
1146 3699 -1
1186 3699 -1
1146 3735 -1
2210 3488 -1
2379 3488 -1
3188 3895 -1
2816 3895 -1
2825 3895 -1
3208 3895 -1
2893 3895 -1
2957 3895 -1
2274 3398 -1
2274 3400 -1
731 2237 -1
1240 3964 -1
1240 3809 -1
1240 3981 -1
1240 3982 -1
1826 3860 -1
2056 2941 -1
1975 3308 -1
1975 3490 -1
265 3654 -1
2506 3733 -1
191 1316 -1
199 1316 -1
2817 3870 -1
142 3291 -1
26 3291 -1
102 3291 -1
1701 2984 -1
2004 2185 -1
1984 2185 -1
1730 2185 -1
2022 2185 -1
2031 2185 -1
3208 3964 -1
2912 3964 -1
3216 3964 -1
2819 3964 -1
2825 3964 -1
2957 3964 -1
2893 3964 -1
2832 3964 -1
3188 3964 -1
2904 3964 -1
2816 3964 -1
2814 3964 -1
3208 3809 -1
3208 3981 -1
3208 3982 -1
367 3684 -1
367 3673 -1
300 3887 -1
280 3887 -1
285 3887 -1
278 3887 -1
39 3887 -1
543 3227 -1
491 1897 -1
579 1897 -1
619 1897 -1
718 1897 -1
433 1897 -1
467 1897 -1
500 1897 -1
733 1897 -1
491 1788 -1
491 1893 -1
6 2098 -1
105 2098 -1
342 2098 -1
6 2301 -1
6 2086 -1
6 2245 -1
3332 3976 -1
3241 3976 -1
3401 3976 -1
3361 3976 -1
404 3317 -1
1241 3682 -1
1354 3768 -1
202 2707 -1
65 2707 -1
202 2786 -1
202 2791 -1
202 2591 -1
2575 2920 -1
2682 2920 -1
762 3416 -1
804 3416 -1
597 3416 -1
437 3416 -1
762 3577 -1
1999 3312 -1
1834 3312 -1
1974 3312 -1
1879 3312 -1
923 3831 -1
923 3738 -1
130 3793 -1
130 3973 -1
130 3913 -1
130 3724 -1
130 3598 -1
130 3668 -1
130 3925 -1
130 3741 -1
1505 3065 -1
1505 2959 -1
732 3998 -1
1161 1561 -1
926 1561 -1
1161 1560 -1
1161 1475 -1
1161 1388 -1
1161 1526 -1
1161 1598 -1
1525 2627 -1
1232 3730 -1
631 1705 -1
59 3851 -1
125 3851 -1
1482 1717 -1
1363 1722 -1
1317 2560 -1
709 3346 -1
662 3346 -1
709 3375 -1
365 3425 -1
228 3425 -1
126 641 -1
134 641 -1
126 728 -1
126 574 -1
1271 3413 -1
1271 3531 -1
1271 3389 -1
741 866 -1
161 957 -1
161 1111 -1
203 2151 -1
2470 3711 -1
549 2198 -1
815 3718 -1
601 3718 -1
2094 3825 -1
2105 3825 -1
2358 3825 -1
1961 2854 -1
1972 2854 -1
1823 2854 -1
112 1138 -1
136 1138 -1
229 1138 -1
1536 1764 -1
1536 1929 -1
1221 1294 -1
1968 2639 -1
654 1212 -1
1854 3813 -1
2978 3236 -1
493 2911 -1
2911 3307 -1
2911 3528 -1
2911 3552 -1
2911 3468 -1
2911 3509 -1
278 2208 -1
280 2208 -1
300 2208 -1
285 2208 -1
1775 3777 -1
1785 3777 -1
292 2769 -1
292 2448 -1
292 2497 -1
292 2802 -1
292 2483 -1
292 2461 -1
498 2466 -1
607 2466 -1
498 2554 -1
498 2741 -1
2354 3742 -1
310 3584 -1
90 3584 -1
83 3584 -1
218 3584 -1
78 3584 -1
219 3584 -1
160 2377 -1
335 2377 -1
2759 3493 -1
737 3359 -1
1284 2432 -1
1556 2432 -1
2319 3342 -1
2089 3342 -1
2226 3342 -1
1184 3219 -1
1080 3219 -1
848 3219 -1
1059 3219 -1
861 3219 -1
1227 3219 -1
1184 3218 -1
1184 3122 -1
2599 3466 -1
2530 3466 -1
2599 3510 -1
263 2810 -1
263 3107 -1
263 2987 -1
263 2845 -1
263 3217 -1
263 3220 -1
263 2844 -1
263 3005 -1
162 2827 -1
162 2875 -1
90 1219 -1
218 1219 -1
83 1219 -1
78 1219 -1
310 1219 -1
1118 3385 -1
867 3385 -1
1279 2857 -1
813 2386 -1
1473 3585 -1
1328 3585 -1
1529 3585 -1
1444 3585 -1
1234 2332 -1
1329 3111 -1
2754 2849 -1
2792 2849 -1
2678 2849 -1
950 3396 -1
1009 2331 -1
170 3117 -1
170 2820 -1
170 2955 -1
170 2924 -1
170 2894 -1
170 2962 -1
170 3129 -1
1906 2704 -1
1906 2773 -1
1354 2078 -1
1354 2228 -1
1354 2214 -1
1354 2343 -1
1087 3522 -1
1087 3298 -1
973 2704 -1
879 2704 -1
973 2773 -1
1264 1651 -1
1294 1851 -1
1294 1763 -1
141 438 -1
256 438 -1
141 492 -1
141 749 -1
1336 3030 -1
2033 2166 -1
2033 2302 -1
1150 3802 -1
3258 3947 -1
1912 3134 -1
3146 3955 -1
1100 3913 -1
1100 3716 -1
1100 3973 -1
1100 3942 -1
1100 3626 -1
1100 3724 -1
1100 3793 -1
1100 3668 -1
844 3044 -1
2517 3285 -1
2528 3285 -1
2756 3285 -1
2794 3285 -1
2479 3285 -1
2480 3285 -1
2649 3285 -1
83 1186 -1
218 1186 -1
78 1186 -1
90 1186 -1
310 1186 -1
83 1146 -1
400 1058 -1
400 940 -1
2761 3906 -1
202 2752 -1
65 2752 -1
1331 3087 -1
1242 3868 -1
1321 3868 -1
1306 3868 -1
1413 3868 -1
1286 3868 -1
1567 3868 -1
2651 3604 -1
454 2708 -1
1558 2692 -1
1296 2692 -1
1320 2692 -1
1283 2692 -1
1404 2692 -1
1551 2692 -1
516 1501 -1
303 1238 -1
2061 3624 -1
3538 3729 -1
1110 2369 -1
986 2369 -1
2232 3999 -1
130 2178 -1
130 2352 -1
130 2129 -1
130 2117 -1
130 2095 -1
2493 2936 -1
2501 2936 -1
404 2523 -1
404 2768 -1
404 2712 -1
404 2472 -1
404 2600 -1
3508 3814 -1
3494 3814 -1
3508 3863 -1
1966 3474 -1
1966 3387 -1
1966 3428 -1
1966 3445 -1
1966 3531 -1
1966 3389 -1
59 1664 -1
125 1664 -1
1624 3177 -1
1624 2930 -1
1624 2989 -1
97 636 -1
22 636 -1
2006 3353 -1
2006 3388 -1
969 3126 -1
1036 3126 -1
969 3230 -1
1178 2904 -1
1178 2912 -1
1178 2832 -1
1178 2819 -1
1178 3208 -1
1178 2957 -1
1178 3216 -1
1178 2814 -1
2518 2935 -1
2670 2935 -1
2711 2935 -1
552 1061 -1
740 1097 -1
576 1097 -1
712 1097 -1
643 1097 -1
235 2289 -1
235 2283 -1
1588 2115 -1
725 1102 -1
725 1099 -1
725 927 -1
725 894 -1
725 1190 -1
725 1011 -1
665 3169 -1
577 3169 -1
405 3169 -1
665 3147 -1
665 2803 -1
665 2879 -1
1947 2683 -1
1643 2683 -1
1869 2683 -1
2387 3957 -1
2360 3957 -1
2075 3957 -1
2403 3957 -1
2087 3957 -1
2071 3957 -1
2387 3985 -1
2387 3725 -1
369 1275 -1
568 1275 -1
449 1275 -1
1982 3166 -1
1855 3450 -1
1855 3548 -1
2726 3111 -1
496 1965 -1
2983 3964 -1
2983 3809 -1
2983 3981 -1
2983 3982 -1
1963 3608 -1
1963 3890 -1
1963 3723 -1
1963 3655 -1
2008 2920 -1
1771 2920 -1
1060 1250 -1
2401 2855 -1
240 3392 -1
240 3573 -1
240 3374 -1
1351 3564 -1
1351 3529 -1
1112 3755 -1
1112 3902 -1
1221 3994 -1
1221 3938 -1
1221 3807 -1
2469 2833 -1
2469 3033 -1
2469 3063 -1
1361 2609 -1
1361 2449 -1
453 1928 -1
453 1824 -1
668 3825 -1
1 2959 -1
1 3065 -1
2686 3936 -1
1183 3128 -1
2280 3466 -1
2327 3466 -1
2280 3510 -1
370 3369 -1
370 3570 -1
370 3573 -1
370 3374 -1
1441 3514 -1
1608 3514 -1
1408 3514 -1
1293 3514 -1
245 2715 -1
50 2715 -1
143 2963 -1
1237 2251 -1
1237 2148 -1
3017 3681 -1
5 2937 -1
98 2937 -1
656 3311 -1
1102 2691 -1
1099 2691 -1
927 2691 -1
894 2691 -1
1190 2691 -1
1011 2691 -1
1102 2531 -1
1102 2596 -1
1102 2443 -1
1102 2615 -1
1102 2616 -1
1102 2492 -1
1717 2674 -1
2160 3429 -1
2039 3862 -1
777 3939 -1
777 3984 -1
777 3916 -1
777 3815 -1
1400 2810 -1
1420 2810 -1
1400 3107 -1
1400 2987 -1
1400 2845 -1
1400 3217 -1
1400 3220 -1
1400 2844 -1
1400 3005 -1
1816 3275 -1
1688 3275 -1
1816 3356 -1
1725 3105 -1
2321 3314 -1
2265 3314 -1
2349 3314 -1
288 3874 -1
178 3874 -1
114 3874 -1
254 3874 -1
102 1469 -1
26 1469 -1
142 1469 -1
102 1410 -1
102 1500 -1
102 1445 -1
102 1463 -1
1648 2668 -1
2401 3754 -1
29 1563 -1
302 1563 -1
29 1633 -1
29 1494 -1
30 2305 -1
158 2305 -1
30 2409 -1
30 2126 -1
30 2287 -1
654 2714 -1
654 2608 -1
654 2468 -1
654 2453 -1
654 2790 -1
654 2751 -1
930 1863 -1
840 1863 -1
903 1863 -1
1571 3056 -1
998 2680 -1
1168 2680 -1
914 2680 -1
176 826 -1
176 1079 -1
27 2373 -1
190 1200 -1
1110 2738 -1
986 2738 -1
1715 3356 -1
1715 3275 -1
1537 2666 -1
1312 2666 -1
1290 2666 -1
233 867 -1
217 867 -1
233 1118 -1
254 2702 -1
288 2702 -1
178 2702 -1
84 2702 -1
114 2702 -1
154 2702 -1
254 2659 -1
254 2703 -1
2466 2888 -1
2554 2888 -1
2741 2888 -1
2466 3040 -1
2466 3168 -1
2466 3050 -1
2466 3076 -1
2466 2921 -1
1196 1400 -1
1196 1420 -1
60 2611 -1
129 1483 -1
146 1483 -1
167 1483 -1
1458 2667 -1
1334 2667 -1
1843 2648 -1
1154 1973 -1
2402 3988 -1
2180 3988 -1
1516 2652 -1
1432 2652 -1
1495 2652 -1
1437 2652 -1
1591 2652 -1
2982 3807 -1
2982 3938 -1
2982 3994 -1
1191 2889 -1
351 1833 -1
243 1833 -1
244 1833 -1
237 603 -1
301 603 -1
2626 3145 -1
189 2138 -1
1274 2608 -1
1274 2714 -1
1274 2468 -1
1274 2453 -1
1274 2790 -1
1274 2751 -1
257 416 -1
296 416 -1
221 416 -1
257 751 -1
543 3433 -1
834 1405 -1
2196 3023 -1
2217 3023 -1
2106 3023 -1
2286 3023 -1
1476 2137 -1
1476 2183 -1
1311 3019 -1
41 3828 -1
41 3891 -1
212 897 -1
212 984 -1
196 2093 -1
175 2093 -1
294 2093 -1
255 2093 -1
1375 3342 -1
1439 3342 -1
943 3840 -1
828 3840 -1
943 3835 -1
943 3910 -1
943 3935 -1
455 2497 -1
455 2448 -1
455 2769 -1
455 2802 -1
455 2483 -1
455 2461 -1
1682 3098 -1
1861 3098 -1
1934 3098 -1
1829 3098 -1
177 1776 -1
80 1115 -1
80 1153 -1
80 1042 -1
80 838 -1
80 1046 -1
80 1031 -1
3592 3941 -1
3553 3941 -1
3267 3941 -1
3501 3941 -1
3534 3941 -1
3278 3941 -1
3443 3941 -1
3252 3941 -1
3381 3941 -1
3455 3941 -1
3592 3635 -1
3592 3963 -1
3592 3830 -1
3592 3927 -1
1317 3099 -1
1317 2948 -1
1234 2049 -1
443 831 -1
2582 2969 -1
833 1534 -1
1008 1534 -1
921 1534 -1
1170 1534 -1
994 1534 -1
865 1534 -1
1179 1919 -1
1016 1919 -1
1120 1919 -1
1119 1919 -1
1085 1548 -1
759 1156 -1
817 1156 -1
581 1156 -1
501 1156 -1
327 3054 -1
89 3054 -1
327 3027 -1
327 3045 -1
240 1850 -1
240 1889 -1
944 2965 -1
944 3018 -1
944 2946 -1
123 3540 -1
304 3540 -1
185 3540 -1
148 3540 -1
356 3540 -1
341 3540 -1
123 3418 -1
764 3043 -1
764 2949 -1
28 1954 -1
1365 1991 -1
442 1179 -1
379 1179 -1
459 1179 -1
442 1016 -1
442 1120 -1
442 1119 -1
904 1482 -1
56 2331 -1
180 2331 -1
52 2331 -1
2207 3528 -1
2207 3552 -1
2207 3307 -1
2207 3468 -1
1277 3160 -1
2835 3998 -1
2023 3236 -1
2111 2662 -1
2111 2677 -1
111 870 -1
111 1223 -1
1145 1878 -1
1525 3610 -1
1269 1726 -1
1461 1726 -1
1269 1779 -1
1269 1860 -1
1269 1750 -1
2748 3203 -1
3410 3831 -1
3410 3738 -1
806 1536 -1
988 1647 -1
988 1935 -1
988 1757 -1
988 1687 -1
1963 2761 -1
215 1437 -1
215 1432 -1
215 1495 -1
215 1516 -1
215 1591 -1
663 1999 -1
663 1834 -1
663 1974 -1
663 1879 -1
1477 3525 -1
1504 3525 -1
1312 3525 -1
1290 3525 -1
1477 3560 -1
1477 3331 -1
1477 3478 -1
1477 3343 -1
1527 2184 -1
1027 1967 -1
1027 1778 -1
3202 3360 -1
1180 3785 -1
2888 3967 -1
3040 3967 -1
3168 3967 -1
3050 3967 -1
3076 3967 -1
2921 3967 -1
1327 2318 -1
1327 2329 -1
1327 2413 -1
746 2790 -1
746 2608 -1
746 2714 -1
746 2468 -1
746 2453 -1
746 2751 -1
2050 3780 -1
2050 3905 -1
243 3725 -1
244 3725 -1
351 3725 -1
243 3985 -1
243 3957 -1
1597 1825 -1
1435 1825 -1
804 1474 -1
762 1474 -1
597 1474 -1
437 1474 -1
804 1508 -1
1916 3398 -1
1808 3398 -1
1805 3398 -1
1916 3400 -1
1091 2063 -1
361 3926 -1
2747 3881 -1
2747 3596 -1
2747 3671 -1
242 523 -1
189 1027 -1
117 987 -1
504 1596 -1
1525 2733 -1
1893 3471 -1
1897 3471 -1
1788 3471 -1
1893 3472 -1
1893 3567 -1
1307 1693 -1
1307 2057 -1
1307 1993 -1
554 2670 -1
561 2670 -1
509 2670 -1
554 2518 -1
554 2711 -1
758 1751 -1
674 1751 -1
758 2010 -1
758 1692 -1
1776 2645 -1
1776 2633 -1
1776 2722 -1
133 2760 -1
721 3438 -1
384 3438 -1
406 3438 -1
1872 3673 -1
1872 3684 -1
895 1455 -1
895 1433 -1
895 1335 -1
891 2641 -1
1063 2641 -1
1748 2661 -1
1748 2697 -1
1748 2588 -1
1748 2534 -1
1173 3894 -1
1897 2146 -1
1788 2146 -1
1893 2146 -1
1820 2971 -1
365 3245 -1
228 3245 -1
2174 3631 -1
313 1012 -1
313 954 -1
313 1171 -1
142 1602 -1
26 1602 -1
102 1602 -1
2582 3434 -1
2035 3894 -1
1582 3681 -1
501 1814 -1
817 1814 -1
581 1814 -1
759 1814 -1
501 1660 -1
501 1894 -1
501 1801 -1
501 1804 -1
501 1870 -1
501 1903 -1
501 2000 -1
501 1721 -1
501 2044 -1
31 2417 -1
2396 3551 -1
2192 3400 -1
2192 3398 -1
344 1908 -1
34 1908 -1
2187 3062 -1
2168 3062 -1
2529 3850 -1
335 3662 -1
160 3662 -1
335 3948 -1
335 3646 -1
38 1696 -1
353 1696 -1
2111 3066 -1
1428 3792 -1
1346 2554 -1
1346 2466 -1
1346 2741 -1
1950 2920 -1
1673 2920 -1
1648 2114 -1
1648 2304 -1
1648 2308 -1
870 2069 -1
1223 2069 -1
870 2103 -1
2517 3113 -1
2528 3113 -1
2756 3113 -1
2794 3113 -1
2479 3113 -1
2480 3113 -1
2649 3113 -1
2517 3180 -1
1940 3583 -1
1732 3583 -1
1329 3926 -1
3017 3777 -1
812 2396 -1
266 3577 -1
266 3416 -1
814 3377 -1
814 3318 -1
947 1591 -1
947 1432 -1
947 1516 -1
947 1437 -1
947 1495 -1
3136 3949 -1
3109 3949 -1
2396 2914 -1
2073 3914 -1
2163 3914 -1
2348 3914 -1
355 1453 -1
355 1426 -1
355 1629 -1
320 608 -1
320 807 -1
320 617 -1
320 586 -1
320 686 -1
320 789 -1
320 409 -1
320 447 -1
673 3573 -1
673 3392 -1
673 3369 -1
673 3570 -1
673 3374 -1
684 1467 -1
2747 3950 -1
945 2404 -1
877 2404 -1
3086 3492 -1
2890 3492 -1
2170 2957 -1
2242 2957 -1
2243 2957 -1
2218 2957 -1
2141 2957 -1
2311 2957 -1
2170 2816 -1
2170 2912 -1
2170 2819 -1
2170 3208 -1
2170 2825 -1
2170 2893 -1
2170 3216 -1
2170 3188 -1
2170 2814 -1
2170 2904 -1
2170 2832 -1
559 2136 -1
402 2136 -1
606 3517 -1
606 3357 -1
244 1261 -1
243 1261 -1
351 1261 -1
345 738 -1
282 738 -1
340 738 -1
23 738 -1
1240 3207 -1
2662 3695 -1
2677 3695 -1
397 2144 -1
763 2144 -1
716 2144 -1
2326 2576 -1
2058 3225 -1
92 2632 -1
115 2632 -1
3056 3466 -1
3056 3510 -1
1447 2850 -1
1619 2850 -1
1389 2850 -1
1486 2850 -1
1357 2850 -1
2558 3227 -1
2873 3966 -1
2873 3841 -1
888 3532 -1
1784 2472 -1
1842 2472 -1
1958 2472 -1
1784 2600 -1
1784 2712 -1
1784 2523 -1
1536 2430 -1
1556 2422 -1
1284 2422 -1
46 554 -1
314 554 -1
36 554 -1
269 554 -1
326 554 -1
349 554 -1
46 561 -1
46 509 -1
313 2118 -1
313 2285 -1
313 2238 -1
1590 3165 -1
1590 2821 -1
339 815 -1
339 601 -1
433 3239 -1
579 3239 -1
619 3239 -1
718 3239 -1
467 3239 -1
500 3239 -1
733 3239 -1
491 3239 -1
1587 3647 -1
1587 3882 -1
1587 3918 -1
862 1721 -1
862 1660 -1
862 1894 -1
862 1801 -1
862 1804 -1
862 1870 -1
862 1903 -1
862 1814 -1
862 2044 -1
1027 2547 -1
735 2963 -1
319 2555 -1
1550 3451 -1
2594 2915 -1
419 3614 -1
763 3614 -1
716 3614 -1
703 3614 -1
1357 3671 -1
1265 3671 -1
1619 3671 -1
1389 3671 -1
1486 3671 -1
1447 3671 -1
1357 3881 -1
1357 3596 -1
882 1908 -1
119 1344 -1
272 1344 -1
43 1344 -1
1999 3043 -1
1834 3043 -1
1974 3043 -1
1879 3043 -1
1999 2949 -1
411 2600 -1
411 2472 -1
411 2712 -1
411 2523 -1
803 968 -1
1485 2665 -1
1389 2209 -1
1619 2209 -1
1357 2209 -1
1486 2209 -1
1447 2209 -1
1769 3130 -1
1769 3104 -1
1769 3003 -1
1301 3041 -1
1349 1993 -1
1349 2057 -1
1349 1693 -1
3342 3900 -1
3342 3719 -1
1697 2208 -1
1680 2208 -1
1762 2208 -1
368 1243 -1
368 1512 -1
368 1623 -1
368 1503 -1
1852 3584 -1
1152 2828 -1
1188 2828 -1
652 1467 -1
430 1467 -1
566 1467 -1
2365 2656 -1
568 936 -1
449 936 -1
369 936 -1
186 3320 -1
186 3394 -1
617 2036 -1
608 2036 -1
447 2036 -1
2147 3313 -1
2147 3328 -1
1621 2564 -1
509 3876 -1
561 3876 -1
554 3876 -1
960 3983 -1
1047 2363 -1
856 2363 -1
836 2363 -1
981 2363 -1
839 2363 -1
510 2815 -1
386 1712 -1
566 1712 -1
430 1712 -1
386 1888 -1
386 1658 -1
386 1846 -1
636 2751 -1
636 2608 -1
636 2714 -1
636 2468 -1
636 2453 -1
636 2790 -1
3151 3541 -1
3137 3541 -1
2839 3541 -1
125 1250 -1
59 1250 -1
1795 3263 -1
1728 3263 -1
1877 3263 -1
2032 3154 -1
1840 2677 -1
1713 2677 -1
1875 2677 -1
1844 2677 -1
1941 2677 -1
1907 2677 -1
1756 2677 -1
1840 2662 -1
958 2731 -1
1164 2731 -1
849 2731 -1
918 2731 -1
857 2731 -1
1083 2731 -1
956 2731 -1
958 2603 -1
958 2780 -1
958 2637 -1
958 2581 -1
469 3589 -1
557 3589 -1
266 2131 -1
266 2177 -1
266 2267 -1
266 2309 -1
348 638 -1
348 688 -1
348 697 -1
1039 2102 -1
1162 2102 -1
1039 2201 -1
1039 2330 -1
279 2061 -1
934 3277 -1
1112 3037 -1
1112 2912 -1
1112 3216 -1
1112 2819 -1
1362 3078 -1
359 1924 -1
367 1355 -1
1117 2482 -1
1117 2476 -1
1086 2616 -1
1086 2691 -1
1086 2596 -1
1086 2443 -1
1086 2531 -1
1086 2615 -1
1086 2492 -1
2400 3546 -1
2219 3546 -1
2390 3546 -1
2400 3234 -1
2400 3574 -1
2264 2790 -1
2264 2608 -1
2264 2714 -1
2264 2468 -1
2264 2453 -1
2264 2751 -1
121 2881 -1
246 1557 -1
2676 2906 -1
146 3767 -1
129 3767 -1
167 3767 -1
71 3767 -1
2254 3531 -1
2254 3491 -1
2254 3428 -1
2254 3238 -1
2254 3474 -1
2254 3413 -1
2254 3383 -1
2254 3387 -1
2254 3389 -1
2254 3445 -1
236 754 -1
236 627 -1
820 2857 -1
1160 2840 -1
1160 3016 -1
1160 3201 -1
769 2643 -1
3121 3268 -1
3152 3268 -1
3121 3537 -1
3121 3578 -1
3121 3350 -1
3121 3366 -1
558 3316 -1
2921 3233 -1
3168 3233 -1
2888 3233 -1
3076 3233 -1
1394 2955 -1
1394 2820 -1
1394 2924 -1
1394 3117 -1
1394 2894 -1
1394 2962 -1
1394 3093 -1
1394 3129 -1
3533 3690 -1
3533 3960 -1
3533 3800 -1
2883 3865 -1
3039 3865 -1
1970 3798 -1
1970 3819 -1
1451 3279 -1
1532 3279 -1
1451 3272 -1
1451 3322 -1
1451 3364 -1
2106 3922 -1
2217 3922 -1
2196 3922 -1
2286 3922 -1
2106 3928 -1
495 3614 -1
2303 3256 -1
1510 3213 -1
1272 2926 -1
1460 2942 -1
995 3564 -1
995 3529 -1
2307 2721 -1
2427 3770 -1
2585 3770 -1
2427 3683 -1
2427 3848 -1
2427 3987 -1
2427 3694 -1
1138 2412 -1
218 1255 -1
90 1255 -1
83 1255 -1
78 1255 -1
310 1255 -1
1879 3685 -1
1834 3685 -1
1974 3685 -1
1999 3685 -1
1963 2535 -1
254 3676 -1
288 3676 -1
178 3676 -1
84 3676 -1
114 3676 -1
154 3676 -1
54 1565 -1
3086 3301 -1
2890 3301 -1
119 652 -1
272 652 -1
43 652 -1
119 430 -1
119 566 -1
1602 1687 -1
1602 1647 -1
1602 1757 -1
1602 1935 -1
1989 3024 -1
2697 2931 -1
2588 2931 -1
2661 2931 -1
2534 2931 -1
2697 2852 -1
702 2289 -1
702 2283 -1
2561 3780 -1
2561 3905 -1
2918 3803 -1
2939 3803 -1
2918 3670 -1
3199 3356 -1
3170 3356 -1
3199 3275 -1
277 2453 -1
296 2453 -1
91 2453 -1
221 2453 -1
277 2608 -1
277 2714 -1
277 2468 -1
277 2790 -1
277 2751 -1
1234 1824 -1
1234 1928 -1
1956 2769 -1
1956 2448 -1
1956 2497 -1
1956 2802 -1
1956 2483 -1
1956 2461 -1
647 2445 -1
1071 2586 -1
2338 2611 -1
1960 2138 -1
2009 2138 -1
261 771 -1
3121 3847 -1
3152 3847 -1
2086 2938 -1
2098 2938 -1
2301 2938 -1
2245 2938 -1
257 709 -1
296 709 -1
221 709 -1
257 662 -1
1649 3639 -1
822 3963 -1
822 3635 -1
822 3927 -1
822 3941 -1
822 3830 -1
822 3861 -1
1739 2102 -1
1887 2102 -1
1739 2201 -1
1739 2330 -1
1427 1681 -1
1035 2181 -1
1224 2181 -1
149 1823 -1
200 1823 -1
149 1961 -1
149 1972 -1
1952 2260 -1
1952 2421 -1
228 2793 -1
365 2793 -1
557 1093 -1
469 1093 -1
603 3797 -1
908 3022 -1
62 2033 -1
1565 3330 -1
1565 3467 -1
388 3298 -1
677 3298 -1
711 3298 -1
427 3298 -1
567 3298 -1
410 3298 -1
381 3298 -1
388 3522 -1
1905 3898 -1
1800 3898 -1
2002 3898 -1
576 3814 -1
712 3814 -1
643 3814 -1
740 3814 -1
576 3863 -1
247 2570 -1
247 2504 -1
2656 2919 -1
243 2515 -1
244 2515 -1
351 2515 -1
243 2545 -1
243 2642 -1
243 2434 -1
1431 3948 -1
1372 3948 -1
1415 3948 -1
1431 3662 -1
1431 3646 -1
819 3411 -1
298 1041 -1
2781 3073 -1
2781 3205 -1
2781 2861 -1
266 2069 -1
266 2103 -1
2494 3593 -1
2660 3593 -1
2446 3395 -1
2078 3970 -1
2228 3970 -1
2214 3970 -1
2343 3970 -1
1642 3270 -1
409 961 -1
608 961 -1
807 961 -1
586 961 -1
686 961 -1
789 961 -1
447 961 -1
2502 3887 -1
1034 2478 -1
1043 3679 -1
1043 3783 -1
1629 2415 -1
1426 2415 -1
1453 2415 -1
1629 2282 -1
1629 2263 -1
1629 2150 -1
1629 2119 -1
1293 2588 -1
1408 2588 -1
1441 2588 -1
1315 2588 -1
1382 2588 -1
1608 2588 -1
1611 2588 -1
1584 2588 -1
1278 2588 -1
1515 2588 -1
1293 2697 -1
1293 2661 -1
1293 2534 -1
1543 3785 -1
1309 3785 -1
19 2620 -1
33 2620 -1
19 2544 -1
19 2705 -1
19 2758 -1
695 2915 -1
2035 3777 -1
1240 2580 -1
1240 2542 -1
34 3627 -1
344 3627 -1
27 2342 -1
634 3387 -1
634 3474 -1
634 3531 -1
634 3428 -1
634 3445 -1
634 3389 -1
2075 3239 -1
2360 3239 -1
2087 3239 -1
2403 3239 -1
2387 3239 -1
2071 3239 -1
2550 3662 -1
2550 3948 -1
2550 3646 -1
474 3187 -1
681 3187 -1
775 3187 -1
2156 3706 -1
2156 3641 -1
2156 3698 -1
2156 3675 -1
2238 3434 -1
2285 3434 -1
2118 3434 -1
29 1770 -1
302 1770 -1
339 3400 -1
339 3398 -1
1127 3705 -1
1218 3705 -1
1127 3810 -1
1127 3799 -1
2850 3968 -1
2356 2930 -1
2356 3177 -1
2356 3114 -1
2356 2989 -1
651 1028 -1
1537 2421 -1
1312 2421 -1
1290 2421 -1
1537 2260 -1
255 2875 -1
196 2875 -1
294 2875 -1
255 2827 -1
3182 3345 -1
821 2270 -1
1145 3925 -1
1145 3793 -1
1145 3724 -1
1145 3741 -1
2853 3837 -1
2853 3805 -1
1765 2945 -1
1709 2945 -1
1490 3127 -1
1446 3127 -1
2109 2577 -1
2109 2531 -1
2109 2596 -1
180 2714 -1
88 2714 -1
56 2714 -1
52 2714 -1
180 2608 -1
180 2468 -1
180 2453 -1
180 2790 -1
180 2751 -1
498 3228 -1
607 3228 -1
2036 3680 -1
2036 3929 -1
2036 3962 -1
2036 3633 -1
2049 2427 -1
2049 2585 -1
54 1953 -1
2968 3680 -1
2968 3929 -1
2968 3962 -1
2968 3633 -1
3118 3237 -1
1220 3996 -1
1014 3996 -1
1222 3996 -1
2051 2342 -1
1738 2342 -1
1082 3805 -1
1128 3805 -1
1082 3837 -1
927 3886 -1
1190 3886 -1
1099 3886 -1
1038 3886 -1
1007 3886 -1
1011 3886 -1
1102 3886 -1
979 3886 -1
920 3886 -1
894 3886 -1
949 3886 -1
927 3832 -1
927 3645 -1
170 2358 -1
170 2105 -1
170 2132 -1
170 2094 -1
1486 3659 -1
1265 3659 -1
1619 3659 -1
1389 3659 -1
1357 3659 -1
1447 3659 -1
1787 2079 -1
2958 3577 -1
3040 3577 -1
3050 3577 -1
2958 3416 -1
387 1735 -1
713 1735 -1
730 1735 -1
56 1644 -1
180 1644 -1
52 1644 -1
56 2038 -1
1856 3309 -1
1723 3309 -1
1862 3309 -1
1959 3309 -1
1962 2618 -1
1934 2320 -1
1682 2320 -1
1861 2320 -1
1829 2320 -1
145 1437 -1
145 1432 -1
145 1495 -1
145 1516 -1
145 1591 -1
169 2386 -1
22 3317 -1
97 3317 -1
1837 2926 -1
2016 2926 -1
1418 2175 -1
1547 2175 -1
437 2970 -1
762 2970 -1
804 2970 -1
597 2970 -1
1478 2445 -1
1625 2445 -1
305 724 -1
2354 3881 -1
2354 3596 -1
2354 3671 -1
1160 1289 -1
527 1606 -1
2265 3851 -1
2321 3851 -1
2349 3851 -1
2150 2857 -1
2282 2857 -1
2415 2857 -1
2263 2857 -1
2119 2857 -1
1301 1758 -1
768 2649 -1
483 2649 -1
768 2528 -1
768 2756 -1
768 2794 -1
768 2479 -1
768 2480 -1
768 2517 -1
914 2278 -1
1168 2278 -1
998 2278 -1
914 2074 -1
914 2154 -1
1746 3322 -1
1746 3272 -1
1746 3364 -1
1746 3279 -1
753 2429 -1
2178 3273 -1
2352 3273 -1
2129 3273 -1
2117 3273 -1
2095 3273 -1
