427 809 1
410 732 1
571 698 1
710 776 1
764 773 1
456 470 1
465 571 1
465 698 1
525 777 1
451 589 1
524 713 1
406 557 1
415 507 1
380 710 1
380 776 1
398 700 1
625 649 1
495 767 1
441 529 1
376 545 1
626 758 1
449 602 1
366 586 1
384 651 1
510 694 1
632 766 1
508 539 1
439 751 1
576 743 1
563 799 1
408 447 1
714 733 1
606 697 1
582 611 1
386 490 1
663 699 1
491 766 1
491 632 1
711 750 1
660 801 1
517 554 1
387 637 1
490 690 1
386 690 1
688 705 1
644 668 1
439 725 1
725 751 1
597 620 1
493 639 1
544 812 1
434 693 1
594 679 1
582 735 1
611 735 1
633 740 1
387 627 1
627 637 1
474 512 1
439 737 1
725 737 1
737 751 1
398 709 1
700 709 1
385 476 1
608 678 1
523 800 1
411 635 1
549 558 1
368 392 1
427 601 1
601 809 1
568 671 1
408 615 1
447 615 1
518 721 1
657 794 1
401 779 1
644 694 1
668 694 1
510 644 1
730 782 1
454 581 1
460 799 1
460 563 1
388 703 1
597 742 1
620 742 1
592 801 1
592 660 1
596 754 1
510 727 1
644 727 1
694 727 1
455 642 1
477 678 1
477 608 1
498 643 1
570 600 1
401 639 1
639 779 1
401 493 1
367 374 1
443 722 1
369 628 1
383 669 1
393 521 1
425 468 1
479 638 1
686 765 1
562 662 1
378 738 1
666 765 1
666 686 1
407 814 1
498 752 1
643 752 1
369 532 1
532 628 1
531 578 1
565 680 1
491 656 1
632 656 1
656 766 1
450 559 1
407 410 1
410 814 1
407 732 1
494 615 1
408 494 1
447 494 1
531 651 1
578 651 1
384 531 1
498 574 1
574 752 1
574 643 1
506 669 1
383 506 1
398 416 1
416 700 1
416 709 1
388 567 1
567 703 1
601 795 1
795 809 1
427 795 1
451 675 1
589 675 1
735 780 1
611 780 1
582 780 1
369 546 1
532 546 1
546 628 1
850 1141 1
1011 1013 1
1037 1127 1
840 1103 1
835 962 1
933 1235 1
1024 1126 1
998 1201 1
895 969 1
1025 1044 1
1022 1211 1
869 1229 1
981 1178 1
1008 1097 1
1031 1232 1
934 989 1
1033 1154 1
927 1043 1
1002 1176 1
857 928 1
863 1198 1
842 933 1
842 1235 1
859 1171 1
1044 1101 1
1025 1101 1
938 1054 1
974 1104 1
1111 1152 1
1054 1171 1
938 1171 1
859 1054 1
980 1045 1
1112 1225 1
1081 1136 1
1093 1195 1
924 1036 1
964 1198 1
863 964 1
889 974 1
889 1104 1
1201 1212 1
998 1212 1
1185 1234 1
943 1110 1
1071 1099 1
869 1070 1
1070 1229 1
1198 1219 1
964 1219 1
863 1219 1
1065 1181 1
1003 1058 1
948 958 1
1126 1227 1
1024 1227 1
1060 1076 1
990 1164 1
1085 1086 1
1171 1178 1
938 1178 1
859 1178 1
1054 1178 1
981 1171 1
939 1055 1
1049 1201 1
1049 1212 1
998 1049 1
1186 1226 1
925 943 1
925 1110 1
1049 1149 1
1149 1201 1
1149 1212 1
998 1149 1
851 1179 1
964 1152 1
1152 1219 1
1152 1198 1
863 1152 1
964 1111 1
997 1077 1
1025 1186 1
1044 1186 1
1101 1186 1
1025 1226 1
914 1195 1
914 1093 1
866 1106 1
853 1044 1
853 1025 1
853 1186 1
853 1101 1
946 1081 1
946 1136 1
875 1222 1
979 1048 1
1006 1179 1
851 1006 1
1000 1036 1
924 1000 1
988 1090 1
889 1208 1
1104 1208 1
974 1208 1
860 1108 1
868 921 1
1046 1056 1
883 1200 1
865 1170 1
961 1118 1
903 1184 1
942 1218 1
867 923 1
842 868 1
868 1235 1
868 933 1
842 921 1
970 1178 1
970 1171 1
970 981 1
859 970 1
938 970 1
970 1054 1
865 942 1
942 1170 1
865 1218 1
944 1186 1
944 1025 1
944 1226 1
944 1101 1
944 1044 1
853 944 1
892 1140 1
1101 1219 1
1025 1219 1
1186 1219 1
944 1219 1
1044 1219 1
853 1219 1
1101 1152 1
964 1101 1
1101 1198 1
863 1101 1
1565 1577 1
1569 1616 1
1389 1553 1
1469 1513 1
1304 1411 1
1457 1524 1
1517 1571 1
1474 1533 1
1526 1569 1
1526 1616 1
1330 1335 1
1332 1581 1
1273 1417 1
1405 1534 1
1492 1583 1
1395 1566 1
1302 1521 1
1318 1458 1
1469 1551 1
1513 1551 1
1250 1522 1
1609 1614 1
1454 1593 1
1427 1630 1
1424 1519 1
1248 1368 1
1479 1619 1
1474 1507 1
1507 1533 1
1304 1363 1
1363 1411 1
1246 1282 1
1430 1628 1
1584 1600 1
1250 1408 1
1408 1522 1
1368 1409 1
1248 1409 1
1400 1611 1
1459 1580 1
1442 1499 1
1406 1511 1
1240 1307 1
1266 1478 1
1311 1358 1
1374 1510 1
1444 1466 1
1443 1592 1
1424 1603 1
1519 1603 1
1265 1297 1
1286 1371 1
1249 1553 1
1249 1389 1
1394 1598 1
1310 1496 1
1248 1291 1
1291 1368 1
1291 1409 1
1448 1506 1
1400 1586 1
1586 1611 1
1324 1585 1
1374 1588 1
1510 1588 1
1443 1455 1
1455 1592 1
1408 1427 1
1250 1427 1
1427 1522 1
1408 1630 1
1358 1533 1
1311 1533 1
1358 1474 1
1358 1507 1
1482 1503 1
1567 1592 1
1443 1567 1
1455 1567 1
1318 1368 1
1368 1458 1
1248 1318 1
1318 1409 1
1291 1318 1
1299 1404 1
1325 1384 1
1302 1565 1
1521 1565 1
1302 1577 1
1264 1459 1
1264 1580 1
1315 1465 1
1318 1453 1
1248 1453 1
1409 1453 1
1291 1453 1
1453 1458 1
1368 1453 1
1379 1470 1
1549 1624 1
1325 1351 1
1351 1384 1
1275 1281 1
1248 1390 1
1390 1409 1
1318 1390 1
1291 1390 1
1390 1453 1
1368 1390 1
1343 1483 1
1507 1600 1
1474 1600 1
1533 1600 1
1358 1600 1
1507 1584 1
1327 1451 1
1254 1504 1
1455 1551 1
1551 1592 1
1443 1551 1
1551 1567 1
1455 1513 1
1455 1469 1
1305 1483 1
1305 1343 1
1473 1522 1
1408 1473 1
1250 1473 1
1427 1473 1
1311 1535 1
1533 1535 1
1358 1535 1
1379 1419 1
1419 1470 1
1310 1542 1
1496 1542 1
1650 1993 1
1920 1958 1
1877 1910 1
1885 1944 1
1794 2023 1
1747 1835 1
1848 2050 1
1921 2005 1
1729 1987 1
1692 1982 1
1810 1934 1
1677 1766 1
1687 1940 1
1699 1829 1
1636 2010 1
1911 2051 1
1688 1908 1
1877 1971 1
1910 1971 1
1831 2000 1
1653 2026 1
1720 1767 1
1666 1715 1
1657 1724 1
1829 1871 1
1699 1871 1
1900 2002 1
1727 1802 1
1724 1816 1
1657 1816 1
1678 1748 1
1737 1969 1
1810 2000 1
1934 2000 1
1810 1831 1
1695 1806 1
1799 1825 1
1658 1748 1
1658 1678 1
2013 2013 1
1945 2060 1
1712 1865 1
1796 1807 1
1811 1975 1
1954 2063 1
1717 1937 1
1652 1745 1
1739 1833 1
1651 1688 1
1651 1908 1
1876 1992 1
1751 2029 1
1645 1898 1
1772 2024 1
1689 2025 1
1746 1890 1
1709 1830 1
1875 1877 1
1875 1971 1
1875 1910 1
1743 1799 1
1743 1825 1
1826 1909 1
1773 1833 1
1739 1773 1
1703 1761 1
1733 2022 1
1850 1911 1
1850 2051 1
1766 1770 1
1677 1770 1
1943 1976 1
1787 1794 1
1787 2023 1
1841 1950 1
1725 1872 1
1864 1911 1
1850 1864 1
1864 2051 1
1906 2016 1
1716 1872 1
1716 1725 1
1735 2057 1
1993 2001 1
1650 2001 1
1715 2019 1
1666 2019 1
1640 2027 1
1950 2023 1
1841 2023 1
1794 1950 1
1787 1950 1
1724 1826 1
1816 1826 1
1657 1826 1
1724 1909 1
1873 1878 1
1884 2018 1
1802 1984 1
1727 1984 1
1676 1736 1
1758 1924 1
1635 1766 1
1635 1770 1
1635 1677 1
1693 1744 1
1794 1915 1
1787 1915 1
1915 1950 1
1915 2023 1
1657 1972 1
1816 1972 1
1826 1972 1
1724 1972 1
1805 1813 1
1813 2050 1
1805 2050 1
1813 1848 1
1804 1987 1
1729 1804 1
1964 2042 1
1708 1961 1
1925 2064 1
1884 2061 1
2018 2061 1
1778 1844 1
1650 1863 1
1863 1993 1
1863 2001 1
1669 1980 1
1974 2029 1
1751 1974 1
1732 1926 1
1786 1952 1
1865 1923 1
1712 1923 1
1640 1901 1
1901 2027 1
1967 2023 1
1794 1967 1
1915 1967 1
1841 1967 1
1787 1967 1
1950 1967 1
1650 1978 1
1978 1993 1
1863 1978 1
1978 2001 1
2130 2416 1
2074 2220 1
2188 2383 1
2105 2143 1
2107 2223 1
2160 2168 1
2121 2140 1
2074 2226 1
2220 2226 1
2117 2225 1
2251 2356 1
2163 2203 1
2085 2180 1
2350 2414 1
2215 2232 1
2173 2332 1
2172 2238 1
2133 2267 1
2248 2285 1
2117 2123 1
2123 2225 1
2087 2090 1
2144 2172 1
2144 2238 1
2331 2401 1
2162 2345 1
2208 2402 1
2125 2217 1
2147 2268 1
2100 2297 1
2068 2335 1
2194 2295 1
2127 2173 1
2127 2332 1
2074 2162 1
2162 2226 1
2162 2220 1
2074 2345 1
2191 2350 1
2191 2414 1
2231 2309 1
2099 2410 1
2205 2407 1
2195 2283 1
2075 2345 1
2075 2162 1
2074 2075 1
2190 2209 1
2158 2340 1
2282 2354 1
2183 2420 1
2174 2212 1
2088 2321 1
2117 2304 1
2225 2304 1
2123 2304 1
2098 2413 1
2085 2306 1
2180 2306 1
2117 2335 1
2304 2335 1
2225 2335 1
2123 2335 1
2068 2117 1
2219 2266 1
2179 2225 1
2179 2304 1
2123 2179 1
2117 2179 1
2179 2335 1
2239 2368 1
2158 2209 1
2209 2340 1
2158 2190 1
2175 2406 1
2087 2424 1
2090 2424 1
2154 2205 1
2154 2407 1
2291 2414 1
2291 2350 1
2191 2291 1
2286 2338 1
2282 2350 1
2350 2354 1
2282 2291 1
2282 2414 1
2191 2282 1
2368 2412 1
2239 2412 1
2108 2386 1
2189 2367 1
2068 2129 1
2117 2129 1
2129 2335 1
2090 2329 1
2329 2424 1
2087 2329 1
2069 2147 1
2069 2268 1
2142 2414 1
2142 2282 1
2142 2291 1
2142 2350 1
2142 2191 1
2108 2367 1
2367 2386 1
2108 2189 1
2126 2274 1
2112 2421 1
2233 2293 1
2116 2224 1
2276 2420 1
2183 2276 1
2155 2363 1
2112 2224 1
2224 2421 1
2112 2116 1
2119 2250 1
2126 2283 1
2274 2283 1
2126 2195 1
2536 2670 1
2490 2664 1
2598 2740 1
2456 2715 1
2487 2656 1
2671 2714 1
2651 2797 1
2703 2768 1
2426 2428 1
2515 2698 1
2443 2794 1
2435 2760 1
2456 2670 1
2670 2715 1
2456 2536 1
2697 2736 1
2448 2793 1
2725 2728 1
2653 2699 1
2617 2670 1
2536 2617 1
2456 2617 1
2617 2715 1
2614 2719 1
2444 2555 1
2576 2694 1
2574 2794 1
2443 2574 1
2446 2715 1
2446 2456 1
2446 2617 1
2446 2670 1
2461 2735 1
2426 2465 1
2428 2465 1
2545 2617 1
2536 2545 1
2446 2545 1
2545 2670 1
2456 2545 1
2545 2715 1
2733 2736 1
2697 2733 1
2436 2800 1
2539 2717 1
2484 2748 1
2536 2664 1
2456 2664 1
2617 2664 1
2664 2670 1
2545 2664 1
2490 2536 1
2448 2705 1
2705 2793 1
2431 2581 1
2451 2754 1
2531 2593 1
2529 2774 1
2640 2640 1
2612 2742 1
2650 2735 1
2461 2650 1
2530 2572 1
2627 2666 1
2563 2568 1
2555 2711 1
2444 2711 1
2699 2726 1
2653 2726 1
2457 2730 1
2454 2755 1
2479 2592 1
2685 2711 1
2555 2685 1
2444 2685 1
2472 2623 1
2490 2763 1
2664 2763 1
2536 2763 1
2427 2453 1
2510 2768 1
2510 2703 1
2607 2707 1
2617 2713 1
2536 2713 1
2664 2713 1
2446 2713 1
2545 2713 1
2670 2713 1
2456 2713 1
2713 2715 1
2504 2597 1
2663 2677 1
2530 2581 1
2572 2581 1
2431 2530 1
2587 2764 1
2546 2741 1
2526 2771 1
2433 2724 1
2425 2458 1
2705 2721 1
2448 2721 1
2721 2793 1
2540 2590 1
2544 2666 1
2544 2627 1
2481 2553 1
2733 2765 1
2736 2765 1
2697 2765 1
2434 2453 1
2427 2434 1
2438 2760 1
2435 2438 1
2574 2613 1
2613 2794 1
2443 2613 1
2736 2754 1
2697 2754 1
2733 2754 1
2754 2765 1
2451 2736 1
2573 2669 1
2740 2793 1
2598 2793 1
2448 2740 1
2705 2740 1
2721 2740 1
3100 3219 1
3050 3139 1
2871 3008 1
3075 3182 1
2969 3202 1
3044 3058 1
3055 3214 1
3113 3187 1
2878 2967 1
2842 3228 1
3045 3168 1
2838 3027 1
2968 2991 1
2934 3011 1
3106 3155 1
2817 3227 1
2898 3002 1
3020 3060 1
2871 3215 1
3008 3215 1
2928 3220 1
3021 3042 1
2823 3011 1
2823 2934 1
3057 3173 1
3114 3170 1
2927 3043 1
2827 2952 1
2952 3148 1
2827 3148 1
3035 3140 1
2967 2997 1
2878 2997 1
2972 3011 1
2934 2972 1
2823 2972 1
3138 3200 1
3090 3149 1
2811 2971 1
2955 3211 1
3041 3046 1
3139 3182 1
3050 3182 1
3075 3139 1
2997 3221 1
2878 3221 1
2967 3221 1
3168 3220 1
3045 3220 1
2928 3168 1
2859 3058 1
2859 3044 1
2845 2866 1
2926 3067 1
2974 3222 1
3023 3036 1
3066 3194 1
3174 3195 1
2872 3110 1
2927 3212 1
3043 3212 1
3052 3124 1
2946 3222 1
2946 2974 1
2950 3208 1
2997 3157 1
3157 3221 1
2878 3157 1
2967 3157 1
2869 3030 1
2979 3027 1
2838 2979 1
2896 3126 1
2896 3202 1
3126 3202 1
2896 2969 1
2899 3223 1
2907 3116 1
2898 3033 1
3002 3033 1
2975 2989 1
2821 2959 1
2846 2934 1
2846 3011 1
2846 2972 1
2823 2846 1
2879 2949 1
2828 3107 1
2897 3231 1
2804 2916 1
3155 3156 1
3106 3156 1
2858 2997 1
2858 3157 1
2858 3221 1
2858 2878 1
2858 2967 1
2964 3219 1
2964 3100 1
2949 2983 1
2879 2983 1
3043 3215 1
3212 3215 1
2927 3215 1
3008 3043 1
2871 3043 1
2958 3008 1
2958 3215 1
2958 3043 1
2871 2958 1
2992 3182 1
2992 3139 1
2992 3075 1
2992 3050 1
2899 2919 1
2919 3223 1
2986 3121 1
2931 3117 1
2911 2954 1
2886 2888 1
3035 3062 1
3062 3140 1
3050 3073 1
2992 3073 1
3073 3139 1
3073 3182 1
2955 3208 1
3208 3211 1
2950 2955 1
2820 3058 1
2820 2859 1
2820 3044 1
2921 3107 1
2828 2921 1
2960 3174 1
2960 3195 1
2851 3162 1
3011 3204 1
2972 3204 1
2846 3204 1
2934 3204 1
2823 3204 1
2922 2995 1
3202 3217 1
2896 3217 1
2969 3217 1
3126 3217 1
3313 3335 1
3278 3567 1
3511 3516 1
3395 3579 1
3430 3465 1
3392 3532 1
3324 3328 1
3254 3357 1
3369 3431 1
3463 3488 1
3329 3463 1
3329 3488 1
3386 3505 1
3300 3531 1
3502 3581 1
3369 3437 1
3431 3437 1
3328 3483 1
3324 3483 1
3358 3406 1
3323 3407 1
3371 3561 1
3320 3436 1
3267 3529 1
3438 3520 1
3232 3247 1
3288 3528 1
3278 3579 1
3567 3579 1
3278 3395 1
3286 3420 1
3337 3439 1
3473 3576 1
3497 3534 1
3350 3586 1
3326 3408 1
3416 3546 1
3480 3578 1
3244 3248 1
3391 3590 1
3443 3476 1
3278 3529 1
3395 3529 1
3529 3579 1
3529 3567 1
3267 3278 1
3279 3281 1
3263 3319 1
3268 3559 1
3233 3395 1
3233 3529 1
3233 3579 1
3233 3278 1
3249 3580 1
3370 3486 1
3385 3581 1
3385 3502 1
3295 3423 1
3545 3583 1
3266 3306 1
3526 3550 1
3289 3299 1
3410 3494 1
3264 3434 1
3248 3319 1
3244 3319 1
3248 3263 1
3376 3415 1
3419 3462 1
3301 3449 1
3236 3451 1
3368 3426 1
3408 3467 1
3326 3467 1
3298 3398 1
3277 3328 1
3277 3483 1
3277 3324 1
3329 3410 1
3410 3488 1
3410 3463 1
3329 3494 1
3446 3574 1
3382 3436 1
3320 3382 1
3516 3574 1
3511 3574 1
3446 3516 1
3297 3467 1
3297 3408 1
3297 3326 1
3349 3560 1
3450 3531 1
3300 3450 1
3347 3450 1
3347 3531 1
3300 3347 1
3349 3564 1
3560 3564 1
3365 3437 1
3365 3369 1
3365 3431 1
3276 3489 1
3297 3472 1
3408 3472 1
3467 3472 1
3326 3472 1
3301 3359 1
3359 3449 1
3279 3464 1
3281 3464 1
3544 3552 1
3285 3393 1
3305 3321 1
3299 3565 1
3289 3565 1
3254 3575 1
3357 3575 1
3433 3434 1
3264 3433 1
3252 3510 1
3246 3569 1
3453 3575 1
3357 3453 1
3254 3453 1
3836 3953 1
3702 3774 1
3914 3930 1
3746 3932 1
3599 3715 1
3616 3802 1
3641 3979 1
3639 3908 1
3901 3916 1
3645 3788 1
3663 3737 1
3625 3698 1
3770 3772 1
3936 3948 1
3834 3919 1
3737 3981 1
3663 3981 1
3597 3826 1
3727 3902 1
3666 3842 1
3764 3829 1
3892 3923 1
3683 3872 1
3727 3810 1
3810 3902 1
3722 3754 1
3720 3852 1
3648 3960 1
3763 3806 1
3666 3996 1
3842 3996 1
3749 3885 1
3868 3973 1
3769 3797 1
3827 3848 1
3702 3894 1
3774 3894 1
3807 3822 1
3691 3951 1
3718 3813 1
3717 3835 1
3624 3667 1
3673 3836 1
3673 3953 1
3626 3712 1
3687 3712 1
3626 3687 1
3910 3914 1
3910 3930 1
3683 3908 1
3872 3908 1
3639 3683 1
3666 3755 1
3755 3842 1
3755 3996 1
3853 3975 1
3624 3760 1
3667 3760 1
3852 3872 1
3720 3872 1
3683 3852 1
3852 3908 1
3809 3866 1
3604 3902 1
3604 3810 1
3604 3727 1
3687 3709 1
3709 3712 1
3626 3709 1
3759 3935 1
3785 3899 1
3865 3885 1
3749 3865 1
3686 3847 1
3717 3994 1
3835 3994 1
3723 3851 1
3700 3980 1
3781 3837 1
3761 3999 1
3632 3915 1
3719 3847 1
3686 3719 1
3708 3959 1
3651 3826 1
3597 3651 1
3749 3912 1
3865 3912 1
3885 3912 1
3666 3780 1
3780 3842 1
3755 3780 1
3780 3996 1
3700 3820 1
3820 3980 1
3663 3872 1
3737 3872 1
3872 3981 1
3663 3683 1
3663 3908 1
3663 3720 1
3663 3852 1
3880 3881 1
3600 3896 1
3718 3961 1
3813 3961 1
3732 3911 1
3771 3931 1
3756 3911 1
3732 3756 1
3811 3971 1
3734 3841 1
3729 3787 1
3903 3907 1
3827 3898 1
3848 3898 1
3603 3622 1
3664 3687 1
3664 3712 1
3626 3664 1
3664 3709 1
3899 3984 1
3785 3984 1
3862 3890 1
3634 3828 1
3667 3976 1
3624 3976 1
3760 3976 1
3687 3839 1
3712 3839 1
3664 3839 1
3626 3839 1
3709 3839 1
3686 3794 1
3719 3794 1
3794 3847 1
3683 3859 1
3859 3872 1
3859 3908 1
3852 3859 1
3663 3859 1
3639 3859 1
8 305 1
14 77 1
177 235 1
17 100 1
298 343 1
78 203 1
306 324 1
134 251 1
115 235 1
115 177 1
142 158 1
183 337 1
7 232 1
141 206 1
72 170 1
231 273 1
57 321 1
8 49 1
49 305 1
139 217 1
15 234 1
88 215 1
62 258 1
193 324 1
193 306 1
55 171 1
75 230 1
97 134 1
97 251 1
107 193 1
107 306 1
107 324 1
116 250 1
65 253 1
209 347 1
94 260 1
30 155 1
181 240 1
18 298 1
18 343 1
15 117 1
117 234 1
206 247 1
141 247 1
9 275 1
44 56 1
170 310 1
72 310 1
166 331 1
87 251 1
87 97 1
87 134 1
156 264 1
33 317 1
289 346 1
310 362 1
72 362 1
170 362 1
260 361 1
94 361 1
3 253 1
3 65 1
239 284 1
36 219 1
108 300 1
98 293 1
326 351 1
270 363 1
26 276 1
7 264 1
232 264 1
7 156 1
64 147 1
77 229 1
14 229 1
94 116 1
116 361 1
116 260 1
94 250 1
199 219 1
36 199 1
23 27 1
27 91 1
23 91 1
247 281 1
141 281 1
206 281 1
124 226 1
5 251 1
5 97 1
5 134 1
5 87 1
180 337 1
180 183 1
172 334 1
12 243 1
22 103 1
311 315 1
176 275 1
9 176 1
77 174 1
174 229 1
14 174 1
160 221 1
7 86 1
86 232 1
86 264 1
86 156 1
253 285 1
65 285 1
3 285 1
101 253 1
65 101 1
3 101 1
101 285 1
68 109 1
8 211 1
211 305 1
49 211 1
116 266 1
266 361 1
250 266 1
260 266 1
94 266 1
2837 3549 1
3549 3549 1
2837 2837 1
2492 3930 1
3930 3930 1
2492 3914 1
2492 2492 1
2492 3910 1
897 2859 1
2859 2859 1
897 2820 1
897 3058 1
897 3044 1
897 897 1
1233 2530 1
2530 2530 1
1233 1233 1
1233 2572 1
1233 2581 1
1233 2431 1
2775 3325 1
3325 3325 1
2775 2775 1
2854 3597 1
3597 3597 1
2854 3826 1
2854 3651 1
2854 2854 1
857 3239 1
928 3239 1
3239 3239 1
857 857 1
1837 2678 1
2678 2678 1
1837 1837 1
2715 3800 1
3800 3800 1
2446 3800 1
2545 3800 1
2670 3800 1
2713 3800 1
2456 3800 1
2617 3800 1
2715 2715 1
3347 3967 1
3450 3967 1
3531 3967 1
3300 3967 1
3967 3967 1
3347 3347 1
2520 3862 1
3862 3862 1
2520 2520 1
2520 3890 1
2641 3770 1
3770 3770 1
2641 2641 1
2641 3772 1
1101 2655 1
1152 2655 1
1025 2655 1
1186 2655 1
1219 2655 1
964 2655 1
1198 2655 1
944 2655 1
1044 2655 1
853 2655 1
2655 2655 1
863 2655 1
1101 1101 1
2012 3585 1
3585 3585 1
2012 2012 1
241 2053 1
2053 2053 1
241 241 1
1321 2026 1
2026 2026 1
1321 1321 1
1321 1653 1
312 1545 1
1545 1545 1
312 312 1
133 3058 1
3058 3058 1
133 897 1
133 2820 1
133 133 1
133 2859 1
133 3044 1
1419 2228 1
1379 2228 1
2228 2228 1
1470 2228 1
1419 1419 1
698 1285 1
465 1285 1
571 1285 1
1285 1285 1
698 698 1
1612 3505 1
3505 3505 1
1612 3386 1
1612 1612 1
1689 2668 1
2025 2668 1
2668 2668 1
1689 1689 1
247 1885 1
281 1885 1
141 1885 1
206 1885 1
1885 1885 1
247 247 1
247 1944 1
207 3844 1
3844 3844 1
207 207 1
1977 2774 1
2774 2774 1
1977 2529 1
1977 1977 1
363 1874 1
1874 1874 1
270 1874 1
363 363 1
1347 1905 1
1905 1905 1
1347 1347 1
718 1407 1
1407 1407 1
718 718 1
1494 1722 1
1722 1722 1
1494 1494 1
1278 2295 1
2295 2295 1
1278 2194 1
1278 1278 1
467 913 1
913 913 1
467 467 1
1909 2405 1
1826 2405 1
1724 2405 1
2405 2405 1
1909 1909 1
1508 2142 1
2142 2142 1
1508 1508 1
1508 2282 1
1508 2350 1
1508 2191 1
1508 2291 1
1508 2414 1
682 3405 1
3405 3405 1
682 682 1
1376 3290 1
3290 3290 1
1376 1376 1
3226 3546 1
3546 3546 1
3226 3416 1
3226 3226 1
3180 3907 1
3907 3907 1
3180 3180 1
3180 3903 1
655 3118 1
3118 3118 1
655 655 1
2178 3757 1
3757 3757 1
2178 2178 1
357 563 1
563 563 1
357 460 1
357 357 1
357 799 1
1988 3065 1
3065 3065 1
1988 1988 1
2247 3456 1
3456 3456 1
2247 2247 1
3179 3947 1
3947 3947 1
3179 3179 1
3448 3744 1
3744 3744 1
3448 3448 1
3196 3674 1
3674 3674 1
3196 3196 1
248 3718 1
3718 3718 1
248 248 1
248 3961 1
248 3813 1
1478 2988 1
1266 2988 1
2988 2988 1
1478 1478 1
675 2779 1
451 2779 1
589 2779 1
2779 2779 1
675 675 1
3545 3903 1
3903 3903 1
3583 3903 1
3545 3545 1
3545 3907 1
3180 3545 1
385 3013 1
476 3013 1
3013 3013 1
385 385 1
1824 3924 1
3924 3924 1
1824 1824 1
3033 3465 1
3465 3465 1
2898 3465 1
3002 3465 1
3033 3033 1
3033 3430 1
1066 3293 1
3293 3293 1
1066 1066 1
532 989 1
369 989 1
546 989 1
628 989 1
989 989 1
532 934 1
532 532 1
2632 3580 1
3580 3580 1
2632 2632 1
2632 3249 1
816 3438 1
3438 3438 1
816 3520 1
816 816 1
13 2813 1
2813 2813 1
13 13 1
3237 3920 1
3920 3920 1
3237 3237 1
110 452 1
452 452 1
110 110 1
829 1320 1
1320 1320 1
829 829 1
904 3437 1
3437 3437 1
904 904 1
904 3369 1
904 3365 1
904 3431 1
17 3815 1
100 3815 1
3815 3815 1
17 17 1
373 2677 1
2677 2677 1
373 373 1
373 2663 1
430 2012 1
430 3585 1
430 430 1
2244 3148 1
3148 3148 1
2244 2952 1
2244 2827 1
2244 2244 1
2080 2605 1
2605 2605 1
2080 2080 1
3426 3791 1
3368 3791 1
3791 3791 1
3426 3426 1
1458 3410 1
1368 3410 1
3410 3410 1
1453 3410 1
1318 3410 1
1458 3488 1
1458 3329 1
1458 3494 1
1458 3463 1
1458 1458 1
71 2830 1
2830 2830 1
71 71 1
2288 3961 1
3961 3961 1
248 2288 1
2288 2288 1
2288 3813 1
2288 3718 1
130 2943 1
2943 2943 1
130 130 1
361 3072 1
3072 3072 1
116 3072 1
266 3072 1
260 3072 1
94 3072 1
361 361 1
1701 3118 1
1701 1701 1
655 1701 1
1705 3217 1
3217 3217 1
1705 3202 1
1705 1705 1
1705 2896 1
1705 3126 1
1705 2969 1
1446 2148 1
2148 2148 1
1446 1446 1
1184 2929 1
2929 2929 1
903 2929 1
1184 1184 1
965 3228 1
3228 3228 1
965 2842 1
965 965 1
1747 3188 1
1835 3188 1
3188 3188 1
1747 1747 1
1334 2235 1
2235 2235 1
1334 1334 1
316 464 1
464 464 1
316 316 1
188 2310 1
2310 2310 1
188 188 1
610 3149 1
3149 3149 1
610 3090 1
610 610 1
1602 3500 1
3500 3500 1
1602 1602 1
1483 3550 1
1305 3550 1
3550 3550 1
1343 3550 1
1483 1483 1
1483 3526 1
2503 3872 1
3872 3872 1
2503 3683 1
2503 3908 1
2503 2503 1
2503 3720 1
2503 3852 1
2503 3981 1
2503 3663 1
2503 3859 1
2503 3737 1
2495 3369 1
3369 3369 1
2495 3365 1
2495 3431 1
904 2495 1
2495 3437 1
2495 2495 1
349 3437 1
349 3365 1
349 3431 1
349 904 1
349 3369 1
349 349 1
349 2495 1
527 3590 1
3590 3590 1
527 527 1
527 3391 1
3367 3636 1
3636 3636 1
3367 3367 1
766 3702 1
632 3702 1
656 3702 1
491 3702 1
3702 3702 1
766 3774 1
766 3894 1
766 766 1
1410 2660 1
2660 2660 1
1410 1410 1
18 2186 1
298 2186 1
2186 2186 1
343 2186 1
18 18 1
732 1853 1
410 1853 1
1853 1853 1
407 1853 1
732 732 1
2356 3094 1
2251 3094 1
3094 3094 1
2356 2356 1
313 2024 1
2024 2024 1
313 313 1
313 1772 1
1744 2286 1
1693 2286 1
2286 2286 1
1744 1744 1
1744 2338 1
159 918 1
918 918 1
159 159 1
1173 1450 1
1450 1450 1
1173 1173 1
2067 3899 1
3899 3899 1
2067 3984 1
2067 3785 1
2067 2067 1
180 1307 1
337 1307 1
1307 1307 1
183 1307 1
180 1240 1
180 180 1
1865 2916 1
1712 2916 1
1923 2916 1
2916 2916 1
1865 1865 1
1865 2804 1
3 3275 1
65 3275 1
3275 3275 1
101 3275 1
253 3275 1
285 3275 1
3 3 1
3418 3899 1
3418 3984 1
3418 3785 1
3418 3418 1
2067 3418 1
2298 3552 1
3552 3552 1
2298 3544 1
2298 2298 1
553 2228 1
553 1379 1
553 1419 1
553 1470 1
553 553 1
742 1067 1
1067 1067 1
620 1067 1
597 1067 1
742 742 1
1509 2219 1
2219 2219 1
1509 2266 1
1509 1509 1
1829 3190 1
1699 3190 1
3190 3190 1
1871 3190 1
1829 1829 1
924 2718 1
1000 2718 1
1036 2718 1
2718 2718 1
924 924 1
1741 2842 1
2842 2842 1
1741 3228 1
965 1741 1
1741 1741 1
1574 2631 1
2631 2631 1
1574 1574 1
1104 3984 1
1208 3984 1
889 3984 1
3984 3984 1
974 3984 1
1104 3785 1
1104 1104 1
1104 2067 1
1104 3418 1
1104 3899 1
71 1928 1
1928 1928 1
1928 2830 1
1322 3135 1
3135 3135 1
1322 1322 1
2328 3617 1
3617 3617 1
2328 2328 1
1537 2072 1
2072 2072 1
1537 1537 1
118 3250 1
3250 3250 1
118 118 1
2219 2534 1
2266 2534 1
1509 2534 1
2534 2534 1
955 3500 1
955 1602 1
955 955 1
140 3886 1
3886 3886 1
140 140 1
3408 3766 1
3472 3766 1
3297 3766 1
3467 3766 1
3766 3766 1
3326 3766 1
3408 3408 1
1095 2617 1
2617 2617 1
1095 1095 1
1095 2536 1
1095 2664 1
1095 3800 1
1095 2446 1
1095 2545 1
1095 2670 1
1095 2456 1
1095 2713 1
1095 2715 1
2736 2839 1
2754 2839 1
2697 2839 1
2733 2839 1
2765 2839 1
2451 2839 1
2839 2839 1
2736 2736 1
2111 3518 1
3518 3518 1
2111 2111 1
1140 1531 1
1531 1531 1
892 1531 1
1140 1140 1
2058 3253 1
3253 3253 1
2058 2058 1
171 3442 1
3442 3442 1
55 3442 1
171 171 1
1961 2793 1
2793 2793 1
1708 2793 1
1961 2721 1
1961 2598 1
1961 1961 1
1961 2448 1
1961 2705 1
1961 2740 1
1900 2458 1
2002 2458 1
2458 2458 1
1900 2425 1
1900 1900 1
3130 3809 1
3809 3809 1
3130 3866 1
3130 3130 1
1575 2001 1
2001 2001 1
1575 1575 1
1575 1993 1
1575 1863 1
1575 1650 1
1575 1978 1
1627 2776 1
2776 2776 1
1627 1627 1
1285 3094 1
465 3094 1
698 3094 1
571 3094 1
1285 2251 1
1285 2356 1
1231 2557 1
2557 2557 1
1231 1231 1
2009 2808 1
2808 2808 1
2009 2009 1
1326 3599 1
3599 3599 1
1326 3715 1
1326 1326 1
1310 2893 1
1496 2893 1
2893 2893 1
1542 2893 1
1310 1310 1
2417 3467 1
3467 3467 1
2417 3297 1
2417 3408 1
2417 2417 1
2417 3472 1
2417 3766 1
2417 3326 1
667 3391 1
3391 3391 1
667 667 1
667 3590 1
527 667 1
15 2732 1
234 2732 1
2732 2732 1
117 2732 1
15 15 1
1875 2193 1
2193 2193 1
1971 2193 1
1877 2193 1
1910 2193 1
1875 1875 1
1142 2617 1
1095 1142 1
1142 2536 1
1142 2664 1
1142 3800 1
1142 2446 1
1142 2545 1
1142 2670 1
1142 1142 1
1142 2456 1
1142 2713 1
1142 2715 1
1805 2621 1
2050 2621 1
1813 2621 1
2621 2621 1
1805 1805 1
70 589 1
589 589 1
70 451 1
70 70 1
70 675 1
70 2779 1
229 1726 1
1726 1726 1
77 1726 1
14 1726 1
174 1726 1
229 229 1
2095 3063 1
3063 3063 1
2095 2095 1
2347 3948 1
3948 3948 1
2347 3936 1
2347 2347 1
1350 3947 1
1350 3179 1
1350 1350 1
441 2141 1
529 2141 1
2141 2141 1
441 441 1
2011 3929 1
3929 3929 1
2011 2011 1
314 1846 1
1846 1846 1
314 314 1
336 873 1
873 873 1
336 336 1
2980 3386 1
3386 3386 1
2980 3505 1
2980 2980 1
1612 2980 1
661 1229 1
1229 1229 1
661 869 1
661 1070 1
661 661 1
1245 1961 1
1245 2721 1
1245 2598 1
1245 2793 1
1245 1708 1
1245 2448 1
1245 2705 1
1245 2740 1
1245 1245 1
745 1000 1
1000 1000 1
745 924 1
745 1036 1
745 2718 1
745 745 1
590 3747 1
3747 3747 1
590 590 1
717 1602 1
717 955 1
717 3500 1
717 717 1
1016 3179 1
1016 1016 1
1016 3947 1
1016 1350 1
1779 3386 1
1779 3505 1
1779 2980 1
1612 1779 1
1779 1779 1
1417 1840 1
1840 1840 1
1273 1840 1
1417 1417 1
2611 3838 1
3838 3838 1
2611 2611 1
1582 3479 1
3479 3479 1
1582 1582 1
34 2089 1
2089 2089 1
34 34 1
1083 2982 1
2982 2982 1
1083 1083 1
8 1815 1
1815 1815 1
305 1815 1
211 1815 1
49 1815 1
8 8 1
213 3486 1
3486 3486 1
213 3370 1
213 213 1
2491 3442 1
171 2491 1
2491 2491 1
55 2491 1
366 3649 1
3649 3649 1
586 3649 1
366 366 1
1925 3909 1
2064 3909 1
3909 3909 1
1925 1925 1
278 2319 1
2319 2319 1
278 278 1
1823 2533 1
2533 2533 1
1823 1823 1
1570 2217 1
2217 2217 1
1570 1570 1
1570 2125 1
1065 3645 1
1181 3645 1
3645 3645 1
1065 1065 1
1065 3788 1
234 3950 1
2732 3950 1
117 3950 1
3950 3950 1
15 3950 1
234 234 1
674 3270 1
3270 3270 1
674 674 1
359 396 1
396 396 1
359 359 1
1047 2004 1
2004 2004 1
1047 1047 1
2884 3612 1
3612 3612 1
2884 2884 1
3119 3768 1
3768 3768 1
3119 3119 1
57 3713 1
321 3713 1
3713 3713 1
57 57 1
1999 2279 1
2279 2279 1
1999 1999 1
2377 3279 1
3279 3279 1
2377 3464 1
2377 3281 1
2377 2377 1
196 1231 1
196 196 1
196 2557 1
217 3453 1
139 3453 1
3453 3453 1
217 3357 1
217 3254 1
217 3575 1
217 217 1
163 2858 1
2858 2858 1
163 163 1
163 3221 1
163 2967 1
163 3157 1
163 2878 1
163 2997 1
1079 3473 1
3473 3473 1
1079 3576 1
1079 1079 1
436 876 1
876 876 1
436 436 1
698 1140 1
1140 1285 1
465 1140 1
1140 3094 1
571 1140 1
698 1531 1
698 892 1
1696 2854 1
1696 1696 1
1696 3826 1
1696 3651 1
1696 3597 1
1944 2670 1
1885 2670 1
2670 2670 1
247 2670 1
1095 1944 1
1944 2536 1
1944 2664 1
1944 3800 1
1944 2446 1
1944 2545 1
1944 1944 1
1142 1944 1
1944 2713 1
1944 2456 1
1944 2617 1
1944 2715 1
961 3423 1
1118 3423 1
3423 3423 1
961 961 1
961 3295 1
2442 3048 1
3048 3048 1
2442 2442 1
1306 3213 1
3213 3213 1
1306 1306 1
1907 2921 1
2921 2921 1
1907 1907 1
1907 3107 1
1907 2828 1
39 1111 1
1111 1111 1
39 1152 1
39 964 1
39 39 1
73 2960 1
2960 2960 1
73 73 1
73 3195 1
73 3174 1
373 2410 1
2410 2410 1
2410 2663 1
2410 2677 1
373 2099 1
2138 3005 1
3005 3005 1
2138 2138 1
971 2329 1
2329 2329 1
971 2424 1
971 2090 1
971 971 1
971 2087 1
124 3691 1
226 3691 1
3691 3691 1
124 124 1
124 3951 1
1392 2457 1
2457 2457 1
1392 1392 1
1392 2730 1
549 3872 1
558 3872 1
549 3683 1
549 3908 1
549 549 1
549 2503 1
549 3720 1
549 3852 1
549 3981 1
549 3663 1
549 3859 1
549 3737 1
228 1891 1
1891 1891 1
228 228 1
1485 3124 1
3124 3124 1
1485 3052 1
1485 1485 1
1612 2672 1
2672 2980 1
2672 2672 1
2672 3505 1
1779 2672 1
2672 3386 1
1242 3060 1
3060 3060 1
1242 1242 1
1242 3020 1
2173 3288 1
3288 3288 1
2332 3288 1
2127 3288 1
2173 3528 1
2173 2173 1
1038 1825 1
1825 1825 1
1038 1743 1
1038 1038 1
1038 1799 1
2046 3327 1
3327 3327 1
2046 2046 1
213 2152 1
2152 2152 1
2152 3370 1
2152 3486 1
2523 3213 1
1306 2523 1
2523 2523 1
10 369 1
369 369 1
10 546 1
10 10 1
10 532 1
10 628 1
10 989 1
2718 3163 1
1000 3163 1
745 3163 1
1036 3163 1
3163 3163 1
924 3163 1
2281 3677 1
3677 3677 1
2281 2281 1
265 1213 1
1213 1213 1
265 265 1
808 3828 1
3828 3828 1
808 808 1
808 3634 1
158 2374 1
2374 2374 1
142 2374 1
158 158 1
496 2481 1
2481 2481 1
496 496 1
496 2553 1
1017 3044 1
3044 3044 1
897 1017 1
1017 2820 1
133 1017 1
1017 2859 1
1017 3058 1
1017 1017 1
3512 3726 1
3726 3726 1
3512 3512 1
218 3216 1
3216 3216 1
218 218 1
1711 3343 1
3343 3343 1
1711 1711 1
270 2446 1
1874 2446 1
363 2446 1
2446 2446 1
270 1095 1
270 3800 1
270 2670 1
270 2545 1
270 1944 1
270 270 1
270 1142 1
270 2713 1
270 2456 1
270 2617 1
270 2715 1
3267 3752 1
3752 3752 1
3529 3752 1
3278 3752 1
3267 3267 1
3517 3886 1
140 3517 1
3517 3517 1
1343 2532 1
1305 2532 1
1483 2532 1
2532 2532 1
2532 3550 1
1343 1343 1
508 3542 1
539 3542 1
3542 3542 1
508 508 1
286 3193 1
3193 3193 1
286 286 1
574 1780 1
752 1780 1
498 1780 1
643 1780 1
1780 1780 1
574 574 1
239 2272 1
2272 2272 1
284 2272 1
239 239 1
1863 2172 1
1575 2172 1
1993 2172 1
2001 2172 1
1650 2172 1
1978 2172 1
2172 2172 1
1863 2144 1
1863 1863 1
1863 2238 1
435 845 1
845 845 1
435 435 1
2125 2842 1
2217 2842 1
1570 2842 1
965 2125 1
2125 2125 1
1741 2125 1
2125 3228 1
395 3951 1
3951 3951 1
395 3691 1
124 395 1
395 395 1
1199 3767 1
3767 3767 1
1199 1199 1
693 3075 1
434 3075 1
3075 3075 1
693 3139 1
693 3182 1
693 2992 1
693 693 1
3 2340 1
65 2340 1
2340 2340 1
101 2340 1
2340 3275 1
285 2340 1
253 2340 1
3 2209 1
3 2158 1
1151 2153 1
2153 2153 1
1151 1151 1
1156 2712 1
2712 2712 1
1156 1156 1
1272 1822 1
1822 1822 1
1272 1272 1
81 2963 1
2963 2963 1
81 81 1
1754 2807 1
2807 2807 1
1754 1754 1
2172 2540 1
2144 2540 1
1575 2540 1
1993 2540 1
1863 2540 1
2540 2540 1
2001 2540 1
1650 2540 1
1978 2540 1
2238 2540 1
2172 2590 1
2424 3357 1
2329 3357 1
2090 3357 1
971 3357 1
3357 3357 1
2087 3357 1
2424 3575 1
2424 3254 1
2424 2424 1
217 2424 1
2424 3453 1
778 2544 1
2544 2544 1
778 2666 1
778 2627 1
778 778 1
1110 1567 1
1567 1567 1
925 1567 1
943 1567 1
1110 1443 1
1110 1551 1
1110 1110 1
1110 1592 1
1110 1455 1
2346 2999 1
2999 2999 1
2346 2346 1
255 453 1
453 453 1
255 255 1
1225 2362 1
1112 2362 1
2362 2362 1
1225 1225 1
1099 2340 1
1071 2340 1
1099 2209 1
3 1099 1
101 1099 1
65 1099 1
1099 3275 1
1099 2158 1
253 1099 1
1099 1099 1
285 1099 1
946 1375 1
1136 1375 1
1081 1375 1
1375 1375 1
946 946 1
1323 3705 1
3705 3705 1
1323 1323 1
2163 2458 1
2203 2458 1
1900 2163 1
2002 2163 1
2163 2163 1
2163 2425 1
545 1797 -1
376 1797 -1
1874 2346 -1
2049 2290 -1
1500 3321 -1
1500 3305 -1
820 3048 -1
1459 3826 -1
1264 3826 -1
1580 3826 -1
1459 3651 -1
1459 3597 -1
277 1301 -1
926 1343 -1
926 1305 -1
926 1483 -1
2105 3377 -1
2143 3377 -1
551 3530 -1
1525 3595 -1
692 1768 -1
1836 3977 -1
2045 3862 -1
2045 3890 -1
1691 3804 -1
2957 3829 -1
2957 3764 -1
1500 1753 -1
3220 3873 -1
2928 3873 -1
3168 3873 -1
3045 3873 -1
886 3513 -1
235 3568 -1
177 3568 -1
115 3568 -1
3038 3875 -1
696 3259 -1
1234 3110 -1
1185 3110 -1
1234 2872 -1
2614 3535 -1
2719 3535 -1
1516 3732 -1
1516 3756 -1
1516 3911 -1
1324 3424 -1
1585 3424 -1
1545 2212 -1
1545 2174 -1
14 2176 -1
77 2176 -1
174 2176 -1
229 2176 -1
1917 3790 -1
1009 3566 -1
1592 2130 -1
1567 2130 -1
1551 2130 -1
1443 2130 -1
1455 2130 -1
1592 2416 -1
3179 3724 -1
1574 2880 -1
968 1254 -1
968 1504 -1
2404 3767 -1
559 3788 -1
450 3788 -1
559 3645 -1
377 3253 -1
2402 3523 -1
2208 3523 -1
909 2043 -1
1999 3622 -1
1999 3603 -1
1067 3330 -1
888 1293 -1
343 2342 -1
298 2342 -1
18 2342 -1
1482 2318 -1
1503 2318 -1
2950 3435 -1
3208 3435 -1
2955 3435 -1
2039 3786 -1
1081 3007 -1
1136 3007 -1
946 3007 -1
800 3116 -1
523 3116 -1
800 2907 -1
553 1799 -1
553 1825 -1
553 1743 -1
1669 3738 -1
1980 3738 -1
1261 3786 -1
2265 3333 -1
2420 3182 -1
2276 3182 -1
2183 3182 -1
2420 2992 -1
2420 3073 -1
2420 3139 -1
2420 3075 -1
2420 3050 -1
1842 3795 -1
806 3841 -1
806 3734 -1
1853 3892 -1
1853 3923 -1
1050 3067 -1
1050 2926 -1
66 2188 -1
66 2383 -1
2291 3221 -1
2282 3221 -1
2142 3221 -1
2350 3221 -1
2414 3221 -1
2191 3221 -1
2291 3157 -1
2291 2858 -1
2291 2997 -1
2291 2878 -1
2291 2967 -1
2288 2742 -1
2288 2612 -1
1905 3848 -1
1905 3898 -1
1905 3827 -1
85 1301 -1
2465 3769 -1
2426 3769 -1
2428 3769 -1
2465 3797 -1
1887 3990 -1
2413 3576 -1
2098 3576 -1
2413 3473 -1
2266 3973 -1
2219 3973 -1
2266 3868 -1
355 1197 -1
1885 3607 -1
1944 3607 -1
2218 2766 -1
1991 3845 -1
1122 3160 -1
1508 2086 -1
1586 2130 -1
1400 2130 -1
1611 2130 -1
1586 2416 -1
1972 2490 -1
1816 2490 -1
1657 2490 -1
1826 2490 -1
1724 2490 -1
1972 2664 -1
1972 2536 -1
1972 2763 -1
180 1714 -1
337 1714 -1
183 1714 -1
1601 2844 -1
2084 3512 -1
1878 2763 -1
1873 2763 -1
1878 2664 -1
1878 2536 -1
1878 2490 -1
1949 3849 -1
1760 3649 -1
637 2267 -1
627 2267 -1
387 2267 -1
637 2133 -1
2071 2699 -1
2071 2653 -1
2071 2726 -1
555 3011 -1
555 3204 -1
555 2972 -1
555 2846 -1
555 2934 -1
555 2823 -1
525 3718 -1
777 3718 -1
525 3961 -1
525 3813 -1
1892 3801 -1
1717 2534 -1
1937 2534 -1
1805 3692 -1
2050 3692 -1
1813 3692 -1
2061 2411 -1
2018 2411 -1
1884 2411 -1
371 845 -1
787 1870 -1
738 1870 -1
378 1870 -1
2333 3258 -1
934 2916 -1
989 2916 -1
934 2804 -1
1734 3598 -1
1249 2283 -1
1553 2283 -1
1389 2283 -1
1249 2274 -1
1249 2195 -1
1249 2126 -1
355 1113 -1
933 3551 -1
842 3551 -1
1235 3551 -1
868 3551 -1
1745 2737 -1
1652 2737 -1
2976 3722 -1
2976 3754 -1
2027 3808 -1
1640 3808 -1
1901 3808 -1
218 2537 -1
3187 3661 -1
3113 3661 -1
88 3477 -1
215 3477 -1
1056 3031 -1
1046 3031 -1
1433 2932 -1
2906 3663 -1
2906 3872 -1
2906 3683 -1
2906 3908 -1
2906 3720 -1
2906 3852 -1
2906 3981 -1
2906 3859 -1
2906 3737 -1
2291 3993 -1
2282 3993 -1
2142 3993 -1
2350 3993 -1
2414 3993 -1
2191 3993 -1
2018 3926 -1
1884 3926 -1
2061 3926 -1
1027 3950 -1
779 1987 -1
401 1987 -1
639 1987 -1
779 1729 -1
779 1804 -1
1645 3911 -1
1898 3911 -1
1645 3756 -1
1645 3732 -1
1920 3650 -1
1958 3650 -1
436 3315 -1
2288 3913 -1
497 882 -1
1738 3829 -1
1738 3764 -1
1502 2307 -1
420 1363 -1
420 1304 -1
420 1411 -1
1372 3501 -1
553 2615 -1
2753 3418 -1
547 3116 -1
547 2907 -1
752 2618 -1
498 2618 -1
643 2618 -1
574 2618 -1
488 1150 -1
1968 3992 -1
1769 2654 -1
1982 3080 -1
1692 3080 -1
2229 3242 -1
1739 3679 -1
1833 3679 -1
1773 3679 -1
1317 2143 -1
1317 2105 -1
426 2252 -1
1559 3973 -1
1559 3868 -1
930 3528 -1
930 3288 -1
1593 2337 -1
1454 2337 -1
3492 3807 -1
3492 3822 -1
3183 3783 -1
3245 3823 -1
3480 3920 -1
3578 3920 -1
1266 3248 -1
1478 3248 -1
1266 3263 -1
1266 3244 -1
1266 3319 -1
1728 3339 -1
3510 3918 -1
3252 3918 -1
887 3144 -1
290 2439 -1
250 2659 -1
266 2659 -1
116 2659 -1
94 2659 -1
360 898 -1
1497 2278 -1
948 3446 -1
958 3446 -1
948 3516 -1
948 3574 -1
1806 3220 -1
1695 3220 -1
1806 2928 -1
1806 3168 -1
1806 3045 -1
1953 3826 -1
1953 3651 -1
1953 3597 -1
2365 3558 -1
1237 2161 -1
1096 3500 -1
1789 3982 -1
2081 3541 -1
1522 2149 -1
1408 2149 -1
1473 2149 -1
1250 2149 -1
1427 2149 -1
1799 3573 -1
1825 3573 -1
1743 3573 -1
963 2509 -1
1951 2374 -1
3417 3756 -1
3417 3732 -1
3417 3911 -1
1249 2314 -1
1553 2314 -1
1389 2314 -1
1282 2345 -1
1246 2345 -1
1282 2162 -1
1282 2075 -1
1282 2074 -1
1107 3503 -1
1418 2172 -1
1418 2144 -1
1418 2238 -1
551 1712 -1
551 1865 -1
551 1923 -1
2342 3420 -1
2342 3286 -1
88 2581 -1
215 2581 -1
88 2530 -1
88 2572 -1
88 2431 -1
914 2122 -1
1195 2122 -1
1093 2122 -1
1960 3626 -1
1960 3712 -1
1960 3664 -1
1960 3839 -1
1960 3709 -1
1960 3687 -1
3220 3965 -1
2928 3965 -1
3168 3965 -1
3045 3965 -1
1167 1899 -1
3556 3723 -1
3556 3851 -1
1694 3160 -1
393 2910 -1
521 2910 -1
860 3383 -1
1108 3383 -1
23 2411 -1
91 2411 -1
27 2411 -1
2091 2766 -1
3008 3939 -1
3215 3939 -1
2958 3939 -1
3043 3939 -1
2871 3939 -1
1670 3958 -1
2220 3498 -1
2074 3498 -1
2162 3498 -1
2226 3498 -1
888 3337 -1
888 3439 -1
1471 2887 -1
531 3348 -1
384 3348 -1
578 3348 -1
651 3348 -1
1084 3434 -1
1084 3264 -1
1084 3433 -1
1943 3007 -1
1976 3007 -1
953 1568 -1
2932 3392 -1
2932 3532 -1
1758 3575 -1
1924 3575 -1
1758 3357 -1
1758 3254 -1
1758 3453 -1
3492 3726 -1
2354 2727 -1
2282 2727 -1
2350 2727 -1
787 1801 -1
1482 2158 -1
1503 2158 -1
1482 2209 -1
1482 2340 -1
1482 2190 -1
1804 3065 -1
1729 3065 -1
1987 3065 -1
1706 3741 -1
1739 3707 -1
1833 3707 -1
1773 3707 -1
1955 3377 -1
1457 3340 -1
1524 3340 -1
532 3120 -1
369 3120 -1
546 3120 -1
628 3120 -1
3218 3599 -1
3218 3715 -1
2270 3344 -1
250 2628 -1
266 2628 -1
116 2628 -1
94 2628 -1
965 1798 -1
1944 3654 -1
1885 3654 -1
3163 3796 -1
2320 3504 -1
278 3689 -1
1714 3577 -1
1211 3222 -1
1022 3222 -1
1211 2946 -1
1211 2974 -1
1557 3567 -1
1557 3529 -1
1557 3579 -1
1557 3278 -1
2390 2646 -1
135 3913 -1
2346 2599 -1
1494 3595 -1
3174 3983 -1
2960 3983 -1
3195 3983 -1
1897 2735 -1
1897 2650 -1
1897 2461 -1
1605 3534 -1
1605 3497 -1
812 1021 -1
544 1021 -1
2202 3333 -1
1167 2857 -1
2847 3615 -1
3100 3602 -1
3219 3602 -1
2964 3602 -1
1476 2370 -1
1783 3630 -1
2091 3524 -1
1553 3516 -1
1249 3516 -1
1389 3516 -1
1553 3446 -1
1553 3574 -1
1553 3511 -1
3141 3628 -1
2117 2712 -1
2304 2712 -1
2179 2712 -1
2129 2712 -1
2123 2712 -1
2225 2712 -1
2068 2712 -1
2335 2712 -1
934 2067 -1
989 2067 -1
889 3052 -1
1104 3052 -1
1208 3052 -1
974 3052 -1
889 3124 -1
1993 3986 -1
2001 3986 -1
1650 3986 -1
1978 3986 -1
1863 3986 -1
1005 3205 -1
3294 3602 -1
1091 2481 -1
1091 2553 -1
1672 3986 -1
657 3456 -1
794 3456 -1
2579 3678 -1
698 1450 -1
465 1450 -1
571 1450 -1
1741 3885 -1
1741 3912 -1
1741 3865 -1
1741 3749 -1
1625 2145 -1
3148 3432 -1
2952 3432 -1
2827 3432 -1
2370 2673 -1
2049 3790 -1
1878 2293 -1
1873 2293 -1
1878 2233 -1
2095 2484 -1
2095 2748 -1
394 1791 -1
815 1195 -1
815 914 -1
815 1093 -1
2067 2712 -1
2400 3502 -1
2400 3385 -1
2400 3581 -1
1778 3832 -1
1844 3832 -1
1458 2169 -1
1368 2169 -1
1453 2169 -1
1318 2169 -1
1250 2395 -1
1408 2395 -1
1473 2395 -1
1522 2395 -1
1427 2395 -1
2167 2575 -1
2025 2393 -1
1689 2393 -1
1879 3912 -1
1879 3865 -1
1879 3749 -1
1879 3885 -1
3202 3493 -1
2896 3493 -1
2969 3493 -1
3126 3493 -1
3217 3493 -1
2177 2720 -1
1639 3697 -1
1221 3486 -1
1221 3370 -1
413 1040 -1
536 3381 -1
2115 3445 -1
552 1747 -1
552 1835 -1
3507 3868 -1
3507 3973 -1
2899 3620 -1
2919 3620 -1
3223 3620 -1
1913 3216 -1
1823 2843 -1
830 1554 -1
1342 2171 -1
3178 3764 -1
3178 3829 -1
1007 3434 -1
1007 3264 -1
1007 3433 -1
288 1717 -1
288 1937 -1
507 1829 -1
415 1829 -1
507 1699 -1
507 1871 -1
2222 3534 -1
2222 3497 -1
1314 2212 -1
1314 2174 -1
889 3119 -1
1104 3119 -1
1208 3119 -1
974 3119 -1
1050 1355 -1
1067 3366 -1
1158 2583 -1
1714 2534 -1
3065 3934 -1
2886 3986 -1
2888 3986 -1
3436 3998 -1
3320 3998 -1
3382 3998 -1
1598 3390 -1
1394 3390 -1
805 901 -1
1231 1441 -1
3565 3943 -1
3289 3943 -1
3299 3943 -1
2312 2443 -1
2312 2794 -1
2312 2613 -1
2312 2574 -1
2329 2921 -1
2424 2921 -1
2090 2921 -1
2087 2921 -1
2329 3107 -1
2329 2828 -1
838 2624 -1
1093 2908 -1
914 2908 -1
1195 2908 -1
2105 3602 -1
2143 3602 -1
2270 3258 -1
690 3050 -1
490 3050 -1
386 3050 -1
690 2992 -1
690 3073 -1
690 3139 -1
690 3182 -1
3100 3957 -1
3219 3957 -1
2964 3957 -1
1962 3308 -1
590 3249 -1
590 3580 -1
2287 3329 -1
2287 3488 -1
2287 3410 -1
2287 3494 -1
2287 3463 -1
1281 2114 -1
1275 2114 -1
3397 3642 -1
1186 1433 -1
1025 1433 -1
1219 1433 -1
1226 1433 -1
1101 1433 -1
944 1433 -1
1044 1433 -1
853 1433 -1
3186 3867 -1
2287 3516 -1
2287 3446 -1
2287 3574 -1
2287 3511 -1
399 1529 -1
1220 3468 -1
1315 2403 -1
1465 2403 -1
1093 3141 -1
914 3141 -1
1195 3141 -1
1806 3984 -1
1695 3984 -1
1806 3785 -1
1806 3899 -1
1331 2142 -1
1331 2282 -1
1331 2291 -1
1331 2350 -1
1331 2414 -1
1331 2191 -1
2262 3913 -1
1497 2394 -1
668 3069 -1
644 3069 -1
694 3069 -1
1287 3223 -1
1287 2899 -1
1287 2919 -1
3498 3866 -1
3498 3809 -1
1289 1749 -1
1441 3454 -1
228 2667 -1
1955 3753 -1
397 3767 -1
2341 3380 -1
579 2347 -1
3189 3815 -1
1183 3543 -1
846 2942 -1
2117 3625 -1
2304 3625 -1
2179 3625 -1
2129 3625 -1
2123 3625 -1
2225 3625 -1
2068 3625 -1
2335 3625 -1
2117 3698 -1
3038 3934 -1
1824 3164 -1
2238 3445 -1
2144 3445 -1
2172 3445 -1
459 1792 -1
1297 3748 -1
1265 3748 -1
1007 2152 -1
1062 1357 -1
1885 3828 -1
1944 3828 -1
1885 3634 -1
1110 3123 -1
925 3123 -1
943 3123 -1
869 1714 -1
1229 1714 -1
1070 1714 -1
505 1651 -1
505 1688 -1
505 1908 -1
1898 3499 -1
1645 3499 -1
1575 2509 -1
941 3206 -1
967 2211 -1
2003 3693 -1
1671 3202 -1
1671 2896 -1
1671 2969 -1
1671 3126 -1
1671 3217 -1
1859 3065 -1
2180 3580 -1
2306 3580 -1
2085 3580 -1
2180 3249 -1
3130 3918 -1
135 3922 -1
240 2468 -1
181 2468 -1
1050 3225 -1
197 2176 -1
921 1757 -1
842 1757 -1
868 1757 -1
1229 1656 -1
869 1656 -1
1070 1656 -1
925 2167 -1
1110 2167 -1
943 2167 -1
2883 3887 -1
1519 2109 -1
1424 2109 -1
1603 2109 -1
1255 2202 -1
3202 3797 -1
2896 3797 -1
2969 3797 -1
3126 3797 -1
3217 3797 -1
3202 3769 -1
324 2785 -1
193 2785 -1
306 2785 -1
107 2785 -1
818 1699 -1
818 1829 -1
818 1871 -1
697 1904 -1
606 1904 -1
687 2014 -1
3073 3756 -1
2992 3756 -1
3050 3756 -1
3139 3756 -1
3182 3756 -1
3073 3732 -1
3073 3911 -1
3403 3824 -1
1730 3774 -1
1730 3894 -1
1730 3702 -1
1327 3461 -1
1451 3461 -1
1751 3861 -1
2029 3861 -1
1974 3861 -1
2837 3988 -1
131 2485 -1
2031 3881 -1
2031 3880 -1
3551 3913 -1
2527 3357 -1
2527 3453 -1
2527 3254 -1
2527 3575 -1
2035 3762 -1
1488 3732 -1
1488 3756 -1
1488 3911 -1
3002 3617 -1
3033 3617 -1
2898 3617 -1
1271 3301 -1
1271 3449 -1
1271 3359 -1
1259 2395 -1
691 891 -1
1626 3566 -1
1704 3801 -1
2968 3547 -1
2991 3547 -1
710 1450 -1
776 1450 -1
380 1450 -1
379 1747 -1
379 1835 -1
241 3568 -1
2417 3291 -1
2364 3485 -1
1788 2672 -1
371 1575 -1
2043 3980 -1
2043 3820 -1
2043 3700 -1
1030 1472 -1
968 1359 -1
425 3137 -1
468 3137 -1
898 1365 -1
101 2227 -1
65 2227 -1
3 2227 -1
253 2227 -1
285 2227 -1
2390 3463 -1
2390 3488 -1
2390 3329 -1
2390 3410 -1
325 2488 -1
2190 3221 -1
2209 3221 -1
2158 3221 -1
2190 3157 -1
2190 2858 -1
2190 2997 -1
2190 2878 -1
2190 2967 -1
2355 3426 -1
2355 3368 -1
445 3264 -1
445 3433 -1
445 3434 -1
728 3332 -1
313 2646 -1
1836 3152 -1
929 1679 -1
2167 2718 -1
3147 3436 -1
3147 3320 -1
3147 3382 -1
610 3526 -1
610 3550 -1
1694 2195 -1
1694 2283 -1
1694 2126 -1
1445 3478 -1
426 1639 -1
3549 3704 -1
122 3477 -1
3577 3720 -1
3577 3872 -1
3577 3852 -1
3577 3663 -1
557 1310 -1
406 1310 -1
557 1496 -1
557 1542 -1
617 2252 -1
1282 3888 -1
1246 3888 -1
1648 3877 -1
871 2854 -1
1395 3413 -1
1566 3413 -1
1750 3417 -1
212 2378 -1
297 1235 -1
297 842 -1
297 868 -1
297 933 -1
834 1711 -1
2848 3821 -1
403 1077 -1
403 997 -1
1585 2133 -1
1324 2133 -1
1585 2267 -1
1193 1714 -1
614 1041 -1
894 1782 -1
1953 3929 -1
2065 3637 -1
1314 2241 -1
1417 3768 -1
1273 3768 -1
1709 3856 -1
1830 3856 -1
2061 3984 -1
2018 3984 -1
1884 3984 -1
2061 3785 -1
2061 3899 -1
2804 3650 -1
2916 3650 -1
1009 3466 -1
796 1680 -1
1951 3608 -1
1084 3527 -1
1246 3602 -1
1282 3602 -1
2023 2967 -1
1794 2967 -1
1915 2967 -1
1967 2967 -1
1841 2967 -1
1787 2967 -1
1950 2967 -1
2023 3157 -1
2023 2858 -1
2023 2997 -1
2023 2878 -1
2023 3221 -1
754 3153 -1
596 3153 -1
3145 3787 -1
3145 3729 -1
584 3116 -1
584 2907 -1
1703 3692 -1
1761 3692 -1
2809 3599 -1
2809 3715 -1
1459 3500 -1
1264 3500 -1
1580 3500 -1
1945 3875 -1
2060 3875 -1
3050 3447 -1
2992 3447 -1
3073 3447 -1
3139 3447 -1
3182 3447 -1
1321 2077 -1
1220 1533 -1
1220 1600 -1
1220 1474 -1
1220 1507 -1
1220 1358 -1
1220 1311 -1
1220 1535 -1
142 2739 -1
158 2739 -1
3181 3627 -1
325 3689 -1
2978 3971 -1
2978 3811 -1
2013 3844 -1
555 2933 -1
2030 3921 -1
2031 2319 -1
3499 3620 -1
2365 3564 -1
2365 3560 -1
2365 3349 -1
658 3249 -1
658 3580 -1
837 2164 -1
1543 2706 -1
704 3124 -1
704 3052 -1
1887 3868 -1
1887 3973 -1
1882 3940 -1
3034 3746 -1
3034 3932 -1
1054 2566 -1
859 2566 -1
970 2566 -1
938 2566 -1
1171 2566 -1
1178 2566 -1
1900 3906 -1
2002 3906 -1
822 3445 -1
622 2072 -1
1750 2473 -1
2020 3888 -1
1175 3411 -1
238 2571 -1
1836 3874 -1
2991 3603 -1
2968 3603 -1
2991 3622 -1
3400 3740 -1
620 1450 -1
597 1450 -1
742 1450 -1
3220 3795 -1
2928 3795 -1
3168 3795 -1
3045 3795 -1
1461 3035 -1
1461 3140 -1
1461 3062 -1
1115 3243 -1
2898 3493 -1
3033 3493 -1
3002 3493 -1
1893 3625 -1
1893 3698 -1
53 2101 -1
1913 3868 -1
1913 3973 -1
1469 3735 -1
1513 3735 -1
1455 3735 -1
1551 3735 -1
2512 3678 -1
2644 3357 -1
2644 3453 -1
2644 3254 -1
2644 3575 -1
89 2512 -1
1638 3623 -1
1691 3510 -1
1691 3252 -1
1536 2193 -1
2276 3482 -1
2420 3482 -1
2183 3482 -1
1354 3557 -1
1553 3595 -1
1249 3595 -1
1389 3595 -1
2412 3557 -1
2368 3557 -1
2239 3557 -1
2039 3812 -1
689 3841 -1
689 3734 -1
2003 2476 -1
1753 2370 -1
2018 3645 -1
1884 3645 -1
2061 3645 -1
2018 3788 -1
248 1023 -1
1937 3786 -1
1717 3786 -1
2075 3315 -1
2345 3315 -1
2162 3315 -1
2074 3315 -1
1522 2119 -1
1408 2119 -1
1473 2119 -1
1250 2119 -1
1427 2119 -1
1522 2250 -1
1713 3673 -1
1713 3953 -1
1713 3836 -1
2028 2268 -1
2028 2147 -1
2028 2069 -1
1108 3264 -1
860 3264 -1
1108 3433 -1
1108 3434 -1
2124 3597 -1
2124 3826 -1
2124 3651 -1
2263 2930 -1
1309 2143 -1
1309 2105 -1
1471 2893 -1
692 2820 -1
692 3058 -1
692 2859 -1
692 3044 -1
1202 3363 -1
1408 3406 -1
1473 3406 -1
1250 3406 -1
1427 3406 -1
1522 3406 -1
1630 3406 -1
1408 3358 -1
513 3156 -1
513 3106 -1
513 3155 -1
1519 3100 -1
1424 3100 -1
1603 3100 -1
1519 3219 -1
1519 2964 -1
1466 2082 -1
1444 2082 -1
3077 3787 -1
3077 3729 -1
1786 3752 -1
1952 3752 -1
1212 1440 -1
1201 1440 -1
1149 1440 -1
998 1440 -1
1049 1440 -1
1497 2249 -1
926 1470 -1
926 1379 -1
926 1419 -1
2023 3821 -1
1794 3821 -1
1915 3821 -1
1967 3821 -1
1841 3821 -1
1787 3821 -1
1950 3821 -1
946 2059 -1
1136 2059 -1
1081 2059 -1
1575 2673 -1
2291 3986 -1
2282 3986 -1
2142 3986 -1
2350 3986 -1
2414 3986 -1
2191 3986 -1
828 3118 -1
1081 3110 -1
1136 3110 -1
946 3110 -1
1081 2872 -1
1733 3442 -1
2022 3442 -1
966 3668 -1
514 1009 -1
1996 3856 -1
1422 2615 -1
620 1355 -1
597 1355 -1
742 1355 -1
1081 3054 -1
1136 3054 -1
946 3054 -1
1631 2289 -1
666 2272 -1
765 2272 -1
686 2272 -1
751 2840 -1
737 2840 -1
725 2840 -1
439 2840 -1
2319 3853 -1
2319 3975 -1
436 3160 -1
2006 3644 -1
677 3582 -1
114 1957 -1
1990 3992 -1
687 1886 -1
610 2105 -1
610 2143 -1
3048 3701 -1
1582 2414 -1
1582 2282 -1
1582 2291 -1
1582 2142 -1
1582 2350 -1
1582 2191 -1
1154 2583 -1
1033 2583 -1
3167 3804 -1
2035 3622 -1
2035 3603 -1
1714 3786 -1
685 2506 -1
3499 3724 -1
1091 2673 -1
801 1150 -1
592 1150 -1
660 1150 -1
1320 2404 -1
1646 3613 -1
1571 2407 -1
1517 2407 -1
1571 2154 -1
1571 2205 -1
150 2484 -1
150 2748 -1
558 3177 -1
549 3177 -1
2779 3332 -1
1494 2318 -1
1336 2381 -1
295 3689 -1
1330 3866 -1
1335 3866 -1
1330 3809 -1
1549 3028 -1
1624 3028 -1
3131 3615 -1
2070 3315 -1
1255 2231 -1
1255 2309 -1
2292 3274 -1
618 3788 -1
618 3645 -1
1909 2190 -1
1826 2190 -1
1724 2190 -1
1909 2209 -1
1909 2158 -1
2818 3719 -1
2818 3794 -1
2818 3686 -1
2818 3847 -1
845 1576 -1
3039 3915 -1
3039 3632 -1
53 1984 -1
53 1802 -1
53 1727 -1
1396 3237 -1
1154 3164 -1
1033 3164 -1
2978 3598 -1
1487 2839 -1
2141 2576 -1
2141 2694 -1
3163 3657 -1
3283 3966 -1
3048 3714 -1
1755 2473 -1
1919 3812 -1
2057 3996 -1
1735 3996 -1
2057 3666 -1
2057 3755 -1
2057 3780 -1
2057 3842 -1
1737 3809 -1
1969 3809 -1
1737 3866 -1
594 3602 -1
679 3602 -1
1992 2534 -1
1876 2534 -1
1487 3030 -1
1487 2869 -1
774 3788 -1
774 3645 -1
2667 3530 -1
772 868 -1
772 921 -1
772 842 -1
772 1235 -1
772 933 -1
1099 1440 -1
1071 1440 -1
3164 3724 -1
1123 1601 -1
1579 2207 -1
441 835 -1
529 835 -1
441 962 -1
780 2072 -1
611 2072 -1
582 2072 -1
735 2072 -1
321 2801 -1
57 2801 -1
3350 3691 -1
3586 3691 -1
3350 3951 -1
98 2937 -1
293 2937 -1
2712 3129 -1
71 3396 -1
805 902 -1
2888 3603 -1
2886 3603 -1
2888 3622 -1
1685 3703 -1
972 3561 -1
972 3371 -1
535 1016 -1
1935 2643 -1
3577 3761 -1
3577 3999 -1
1491 2190 -1
1491 2209 -1
1491 2158 -1
1964 2748 -1
2042 2748 -1
1964 2484 -1
1774 3676 -1
3179 3905 -1
2870 3764 -1
2870 3829 -1
1369 2371 -1
2018 3931 -1
1884 3931 -1
2061 3931 -1
2018 3771 -1
1820 3932 -1
1820 3746 -1
641 1029 -1
2136 2651 -1
2136 2797 -1
1767 1877 -1
1720 1877 -1
1767 1875 -1
1767 1971 -1
1767 1910 -1
616 642 -1
455 616 -1
2429 2611 -1
1872 1993 -1
1716 1993 -1
1725 1993 -1
1872 2001 -1
1650 1872 -1
1872 1978 -1
1863 1872 -1
875 1175 -1
1175 1222 -1
3277 3499 -1
3328 3499 -1
3483 3499 -1
3324 3499 -1
31 222 -1
1424 1439 -1
1439 1603 -1
1439 1519 -1
2999 3015 -1
1800 1896 -1
88 352 -1
215 352 -1
1349 1634 -1
2326 2415 -1
2722 2774 -1
2529 2722 -1
1977 2722 -1
2143 2384 -1
2105 2384 -1
2469 2516 -1
1262 1599 -1
1081 1113 -1
1113 1136 -1
946 1113 -1
1718 1846 -1
314 1718 -1
577 598 -1
3059 3139 -1
2992 3059 -1
3059 3073 -1
3050 3059 -1
3059 3075 -1
3059 3182 -1
3731 3767 -1
3728 3862 -1
2520 3728 -1
3728 3890 -1
886 935 -1
391 764 -1
391 773 -1
2350 2419 -1
1508 2419 -1
2282 2419 -1
2414 2419 -1
2191 2419 -1
2354 2419 -1
2291 2419 -1
2142 2419 -1
214 248 -1
214 3961 -1
214 2288 -1
214 3813 -1
214 3718 -1
2880 2917 -1
197 251 -1
97 197 -1
5 197 -1
134 197 -1
87 197 -1
3929 3949 -1
2011 3949 -1
