386 500 1
428 757 1
398 419 1
461 652 1
595 695 1
554 678 1
367 490 1
659 677 1
574 581 1
611 668 1
401 630 1
729 779 1
487 515 1
454 518 1
609 698 1
427 564 1
407 498 1
367 807 1
490 807 1
476 483 1
429 697 1
453 589 1
495 657 1
444 526 1
770 784 1
474 481 1
417 614 1
504 507 1
366 664 1
429 542 1
542 697 1
385 443 1
642 691 1
467 697 1
429 467 1
467 542 1
385 472 1
443 472 1
563 695 1
563 595 1
611 621 1
621 668 1
517 623 1
697 793 1
467 793 1
429 793 1
542 793 1
470 589 1
453 470 1
406 507 1
406 504 1
377 533 1
660 809 1
409 649 1
452 527 1
559 640 1
1121 1223 1
999 1034 1
1081 1107 1
906 960 1
968 1021 1
926 1067 1
902 982 1
996 1164 1
889 1181 1
1081 1197 1
1107 1197 1
932 1132 1
1048 1219 1
885 1050 1
888 980 1
961 1074 1
1174 1209 1
830 901 1
858 1092 1
854 946 1
853 1127 1
982 1186 1
902 1186 1
1028 1052 1
961 1147 1
1074 1147 1
849 1108 1
972 977 1
833 1025 1
900 1206 1
1120 1207 1
1016 1035 1
880 1172 1
894 1209 1
894 1174 1
833 850 1
850 1025 1
845 881 1
1068 1190 1
886 1191 1
995 1215 1
842 1095 1
956 1199 1
830 1211 1
901 1211 1
1127 1204 1
853 1204 1
842 976 1
976 1095 1
947 976 1
842 947 1
947 1095 1
1294 1389 1
1467 1559 1
1447 1597 1
1508 1531 1
1357 1581 1
1341 1428 1
1266 1535 1
1252 1480 1
1316 1356 1
1431 1610 1
1352 1360 1
1272 1417 1
1358 1427 1
1295 1389 1
1294 1295 1
1551 1575 1
1252 1414 1
1414 1480 1
1435 1563 1
1483 1516 1
1383 1431 1
1383 1610 1
1318 1450 1
1239 1634 1
1328 1429 1
1300 1530 1
1258 1544 1
1536 1539 1
1330 1381 1
1365 1495 1
1423 1454 1
1280 1581 1
1280 1357 1
1541 1581 1
1280 1541 1
1357 1541 1
1269 1470 1
1322 1619 1
1388 1428 1
1341 1388 1
1558 1598 1
1491 1496 1
1488 1571 1
1335 1404 1
1314 1416 1
1346 1485 1
1380 1398 1
1305 1368 1
1416 1477 1
1314 1477 1
1781 1798 1
1707 1918 1
1734 2035 1
1718 1995 1
1659 1761 1
1861 2041 1
1710 1836 1
1757 2024 1
1738 1895 1
1757 1968 1
1968 2024 1
1875 1969 1
1701 1991 1
1743 1892 1
1827 2064 1
1665 1705 1
1718 2056 1
1995 2056 1
1677 1994 1
1958 2011 1
1954 2043 1
1844 1894 1
1821 1872 1
1729 2045 1
1779 1837 1
1698 1715 1
1896 1966 1
1717 1724 1
1706 1852 1
1644 1734 1
1644 2035 1
1715 1890 1
1698 1890 1
1641 1959 1
1805 1991 1
1701 1805 1
1661 1916 1
1949 2058 1
1677 1860 1
1860 1994 1
1639 2017 1
1667 2063 1
1924 1948 1
1635 1714 1
1675 1905 1
1827 1923 1
1923 2064 1
1913 1993 1
1715 1936 1
1698 1936 1
1890 1936 1
1973 1979 1
1732 1782 1
2112 2420 1
2076 2296 1
2109 2294 1
2079 2381 1
2148 2339 1
2139 2163 1
2069 2422 1
2186 2398 1
2119 2121 1
2137 2142 1
2100 2267 1
2248 2302 1
2195 2266 1
2099 2190 1
2300 2310 1
2218 2268 1
2201 2376 1
2133 2184 1
2186 2309 1
2309 2398 1
2070 2365 1
2106 2239 1
2283 2292 1
2067 2199 1
2170 2283 1
2170 2292 1
2221 2313 1
2124 2170 1
2124 2283 1
2124 2292 1
2117 2228 1
2093 2276 1
2249 2393 1
2086 2187 1
2149 2311 1
2347 2383 1
2213 2263 1
2181 2313 1
2181 2221 1
2110 2189 1
2322 2330 1
2178 2313 1
2178 2221 1
2178 2181 1
2624 2723 1
2651 2681 1
2489 2655 1
2568 2602 1
2456 2606 1
2594 2602 1
2568 2594 1
2760 2773 1
2605 2718 1
2561 2788 1
2512 2786 1
2598 2799 1
2454 2584 1
2500 2706 1
2612 2758 1
2583 2603 1
2680 2769 1
2576 2758 1
2576 2612 1
2446 2800 1
2521 2577 1
2566 2715 1
2429 2690 1
2497 2633 1
2508 2704 1
2425 2513 1
2553 2654 1
2674 2778 1
2599 2710 1
2442 2784 1
2540 2717 1
2607 2752 1
2435 2685 1
2463 2559 1
2458 2615 1
2632 2800 1
2446 2632 1
2738 2763 1
2611 2647 1
2669 2685 1
2435 2669 1
2516 2744 1
2764 2791 1
2478 2715 1
2478 2566 1
2591 2772 1
2444 2778 1
2444 2674 1
3000 3145 1
2873 3224 1
2957 3001 1
3026 3225 1
2883 3136 1
2932 3183 1
2816 3100 1
3083 3187 1
2814 3154 1
2806 2992 1
2936 2958 1
2969 3146 1
2893 3218 1
2878 3208 1
2905 3000 1
2905 3145 1
2824 3086 1
2904 3221 1
3066 3222 1
2886 3185 1
2886 2930 1
2930 3185 1
2910 3060 1
2929 3044 1
3106 3221 1
2904 3106 1
3004 3022 1
2842 3122 1
2921 2975 1
2948 3080 1
3022 3187 1
3004 3187 1
3022 3083 1
3061 3065 1
2815 3136 1
2815 2883 1
2924 3171 1
2977 3086 1
2824 2977 1
3036 3068 1
3068 3126 1
3036 3126 1
3080 3147 1
2948 3147 1
2873 3222 1
3222 3224 1
2873 3066 1
2983 3186 1
2817 2869 1
2933 3081 1
3112 3211 1
2899 3180 1
2867 3192 1
3442 3531 1
3293 3533 1
3437 3517 1
3389 3559 1
3262 3343 1
3301 3432 1
3342 3502 1
3395 3556 1
3476 3497 1
3381 3526 1
3253 3497 1
3253 3476 1
3352 3387 1
3477 3519 1
3464 3575 1
3380 3460 1
3341 3563 1
3364 3495 1
3469 3537 1
3401 3554 1
3523 3595 1
3290 3555 1
3278 3435 1
3324 3401 1
3324 3554 1
3441 3594 1
3247 3308 1
3551 3592 1
3254 3595 1
3254 3523 1
3406 3555 1
3290 3406 1
3441 3565 1
3565 3594 1
3261 3399 1
3364 3481 1
3481 3495 1
3434 3503 1
3486 3576 1
3416 3494 1
3261 3341 1
3341 3399 1
3261 3563 1
3316 3408 1
3369 3558 1
3778 3802 1
3803 3867 1
3668 3957 1
3599 3852 1
3874 3989 1
3654 3914 1
3669 3893 1
3679 3793 1
3666 3734 1
3715 3806 1
3600 3906 1
3790 3980 1
3771 3909 1
3664 3960 1
3704 3997 1
3810 3858 1
3812 3819 1
3839 3921 1
3934 3968 1
3633 3939 1
3661 3981 1
3677 3763 1
3771 3780 1
3780 3909 1
3710 3968 1
3710 3934 1
3847 3989 1
3847 3874 1
3645 3719 1
3740 3884 1
3663 3996 1
3850 3900 1
3804 3829 1
3693 3701 1
3716 3944 1
3612 3694 1
3669 3798 1
3798 3893 1
3699 3985 1
3659 3869 1
3715 3813 1
3806 3813 1
3826 3978 1
3781 3997 1
3704 3781 1
3660 3922 1
3914 3937 1
3654 3937 1
3829 3957 1
3804 3957 1
3668 3829 1
349 361 1
4 178 1
53 139 1
147 160 1
102 131 1
129 285 1
230 253 1
12 57 1
126 211 1
30 189 1
67 124 1
44 266 1
18 346 1
75 169 1
35 304 1
59 240 1
45 307 1
262 298 1
318 345 1
161 339 1
16 269 1
212 297 1
135 256 1
166 300 1
119 363 1
11 100 1
209 230 1
209 253 1
99 126 1
99 211 1
278 305 1
63 185 1
15 252 1
176 215 1
262 309 1
298 309 1
70 131 1
70 102 1
191 335 1
79 144 1
52 182 1
46 312 1
242 345 1
242 318 1
46 124 1
124 312 1
46 67 1
3001 3701 -1
2957 3701 -1
3001 3693 -1
1587 3869 -1
1587 3659 -1
879 2441 -1
1222 2548 -1
1147 2462 -1
961 2462 -1
1074 2462 -1
2759 3881 -1
927 2215 -1
1536 3719 -1
1539 3719 -1
1536 3645 -1
1892 3313 -1
1743 3313 -1
1644 3444 -1
2035 3444 -1
1734 3444 -1
145 3977 -1
3023 3331 -1
1449 2977 -1
1449 2824 -1
1449 3086 -1
1052 3216 -1
1028 3216 -1
2352 3505 -1
880 3782 -1
1172 3782 -1
3162 3482 -1
794 1201 -1
1019 2984 -1
1793 2381 -1
1793 2079 -1
781 2296 -1
781 2076 -1
1140 2908 -1
1087 2462 -1
1000 3174 -1
1592 3899 -1
1396 2721 -1
2045 3751 -1
1729 3751 -1
758 3177 -1
1857 2833 -1
561 3495 -1
561 3481 -1
561 3364 -1
3106 3924 -1
2904 3924 -1
3221 3924 -1
660 2459 -1
809 2459 -1
679 1328 -1
679 1429 -1
663 2663 -1
226 701 -1
834 2825 -1
886 2729 -1
1191 2729 -1
1475 3534 -1
783 2087 -1
951 3609 -1
612 918 -1
715 3448 -1
332 1421 -1
341 1074 -1
341 961 -1
341 1147 -1
1957 3750 -1
2762 3946 -1
653 2289 -1
89 3341 -1
89 3563 -1
89 3261 -1
89 3399 -1
1204 1366 -1
853 1366 -1
1127 1366 -1
2321 3447 -1
374 2403 -1
2547 3637 -1
603 1639 -1
603 2017 -1
1949 3744 -1
2058 3744 -1
632 2597 -1
1427 2376 -1
1358 2376 -1
1427 2201 -1
829 3164 -1
3351 3741 -1
345 2319 -1
242 2319 -1
318 2319 -1
972 1867 -1
977 1867 -1
1065 1425 -1
382 1078 -1
128 1142 -1
2029 2206 -1
204 1978 -1
150 1684 -1
333 1148 -1
86 3642 -1
765 2158 -1
1701 2073 -1
1805 2073 -1
1991 2073 -1
21 3579 -1
2400 3724 -1
772 1699 -1
237 1963 -1
2350 3235 -1
630 1050 -1
401 1050 -1
630 885 -1
370 2635 -1
323 2307 -1
1348 2711 -1
2468 3342 -1
2468 3502 -1
230 1092 -1
209 1092 -1
253 1092 -1
230 858 -1
218 2618 -1
753 2708 -1
39 1690 -1
318 2986 -1
345 2986 -1
242 2986 -1
520 3084 -1
1093 1475 -1
1080 2310 -1
1080 2300 -1
3338 3750 -1
853 3504 -1
1204 3504 -1
1127 3504 -1
1607 3439 -1
333 845 -1
333 881 -1
1830 3550 -1
647 3394 -1
3091 3696 -1
2152 2820 -1
1245 3638 -1
2044 3888 -1
1057 3729 -1
2192 2962 -1
623 1881 -1
517 1881 -1
2084 3185 -1
2084 2930 -1
2084 2886 -1
1254 3537 -1
1254 3469 -1
1477 3060 -1
1416 3060 -1
1314 3060 -1
1477 2910 -1
3285 3951 -1
1991 3453 -1
1701 3453 -1
1805 3453 -1
474 1589 -1
481 1589 -1
259 3173 -1
77 1810 -1
1986 3090 -1
2513 3219 -1
2425 3219 -1
348 2254 -1
527 1749 -1
452 1749 -1
261 1121 -1
261 1223 -1
2536 3368 -1
3168 3264 -1
2812 3817 -1
191 2029 -1
335 2029 -1
3553 3772 -1
194 2097 -1
1462 2020 -1
689 3439 -1
1241 2773 -1
1241 2760 -1
861 2118 -1
1502 2297 -1
397 2722 -1
462 1609 -1
1959 3428 -1
1641 3428 -1
452 1804 -1
527 1804 -1
702 1755 -1
1757 3987 -1
2024 3987 -1
1968 3987 -1
94 3043 -1
3513 3760 -1
688 2876 -1
386 892 -1
500 892 -1
1980 2260 -1
1588 2946 -1
888 3615 -1
980 3615 -1
127 2893 -1
127 3218 -1
2265 2522 -1
1247 2279 -1
155 2884 -1
2515 3087 -1
67 1627 -1
124 1627 -1
46 1627 -1
2038 2480 -1
232 2039 -1
3509 3843 -1
729 1331 -1
779 1331 -1
58 2271 -1
982 3564 -1
1186 3564 -1
902 3564 -1
515 3681 -1
487 3681 -1
2110 3387 -1
2189 3387 -1
2110 3352 -1
2408 3168 -1
2358 2822 -1
1565 2090 -1
2869 3635 -1
2817 3635 -1
882 3037 -1
1283 3010 -1
8 520 -1
196 514 -1
1187 2895 -1
761 992 -1
517 1842 -1
623 1842 -1
270 2848 -1
1121 2047 -1
1223 2047 -1
1940 3911 -1
343 613 -1
2077 2639 -1
1442 3987 -1
3001 3956 -1
2957 3956 -1
2762 2883 -1
2762 3136 -1
2762 2815 -1
2570 3214 -1
822 2360 -1
1233 3789 -1
1661 2633 -1
1916 2633 -1
1661 2497 -1
1886 3472 -1
1331 2912 -1
421 2211 -1
2045 3255 -1
1729 3255 -1
1058 3341 -1
1058 3563 -1
1058 3261 -1
1058 3399 -1
1768 2954 -1
1339 2598 -1
1339 2799 -1
803 1716 -1
212 2535 -1
297 2535 -1
3142 3309 -1
2467 3918 -1
939 1882 -1
1527 1879 -1
563 3892 -1
595 3892 -1
695 3892 -1
185 1697 -1
63 1697 -1
1835 2239 -1
1835 2106 -1
3123 3759 -1
2801 3114 -1
3185 3384 -1
2930 3384 -1
2886 3384 -1
845 1845 -1
881 1845 -1
3162 3734 -1
3162 3666 -1
208 3589 -1
906 2542 -1
960 2542 -1
952 2462 -1
396 2806 -1
396 2992 -1
965 2794 -1
540 3981 -1
540 3661 -1
1621 1775 -1
298 2686 -1
309 2686 -1
262 2686 -1
306 829 -1
335 3154 -1
191 3154 -1
335 2814 -1
2546 3454 -1
2615 3920 -1
2458 3920 -1
1835 2092 -1
145 2345 -1
668 1865 -1
611 1865 -1
621 1865 -1
738 2429 -1
738 2690 -1
2346 3728 -1
2714 3549 -1
3013 3945 -1
404 3793 -1
404 3679 -1
860 1492 -1
1221 1703 -1
600 3497 -1
600 3476 -1
600 3253 -1
725 3915 -1
121 3371 -1
1732 3189 -1
1782 3189 -1
354 3284 -1
2442 3404 -1
2784 3404 -1
2695 2850 -1
2343 3962 -1
339 1678 -1
161 1678 -1
1136 2608 -1
2972 3679 -1
2972 3793 -1
374 3027 -1
1568 2606 -1
1568 2456 -1
52 881 -1
182 881 -1
52 845 -1
1636 3919 -1
977 3351 -1
972 3351 -1
379 1822 -1
1132 3852 -1
932 3852 -1
1132 3599 -1
2468 3922 -1
2468 3660 -1
2318 2475 -1
115 460 -1
2706 3215 -1
2500 3215 -1
1964 3661 -1
1964 3981 -1
2634 3083 -1
2634 3187 -1
2634 3022 -1
2487 3197 -1
3058 3822 -1
135 842 -1
256 842 -1
135 976 -1
135 947 -1
135 1095 -1
354 1998 -1
413 870 -1
1574 1695 -1
249 721 -1
610 886 -1
610 1191 -1
2284 2549 -1
669 2214 -1
961 1322 -1
1074 1322 -1
1147 1322 -1
961 1619 -1
1260 1969 -1
1260 1875 -1
232 1073 -1
1358 3499 -1
1427 3499 -1
2206 2470 -1
2254 3418 -1
672 2316 -1
1276 2890 -1
2649 3996 -1
2649 3663 -1
746 1424 -1
1603 2969 -1
1603 3146 -1
364 1263 -1
234 913 -1
339 2124 -1
161 2124 -1
339 2170 -1
339 2283 -1
339 2292 -1
290 1100 -1
1547 3132 -1
630 1887 -1
401 1887 -1
184 2913 -1
682 3937 -1
682 3914 -1
682 3654 -1
1113 2549 -1
1621 1928 -1
202 1050 -1
202 885 -1
1565 2127 -1
1755 2572 -1
1134 1559 -1
1134 1467 -1
77 3018 -1
203 2827 -1
2398 2582 -1
2186 2582 -1
2309 2582 -1
3466 3836 -1
672 1355 -1
208 1438 -1
17 3183 -1
17 2932 -1
2552 2808 -1
2492 3371 -1
3228 3353 -1
1424 1854 -1
462 3433 -1
374 1257 -1
419 887 -1
398 887 -1
1502 2548 -1
1957 3984 -1
1291 3025 -1
623 3236 -1
517 3236 -1
2888 3977 -1
1835 3134 -1
2549 2947 -1
1120 2585 -1
1207 2585 -1
2633 3686 -1
2497 3686 -1
1204 3024 -1
853 3024 -1
1127 3024 -1
2191 2791 -1
2191 2764 -1
1538 3317 -1
4 2741 -1
178 2741 -1
2503 3644 -1
182 861 -1
52 861 -1
2804 3903 -1
1030 3199 -1
1221 1630 -1
643 907 -1
1703 3665 -1
1971 3715 -1
1971 3813 -1
1971 3806 -1
2897 3514 -1
288 1534 -1
75 3927 -1
169 3927 -1
2019 3750 -1
1069 2859 -1
1528 3270 -1
2426 3186 -1
2426 2983 -1
2332 2570 -1
2608 3654 -1
2608 3937 -1
2608 3914 -1
945 1430 -1
544 3049 -1
857 2012 -1
2380 3655 -1
504 2048 -1
507 2048 -1
406 2048 -1
