883 1092 1
935 1248 1
0 311 1
260 1300 1
624 1195 1
156 416 1
988 1247 1
729 730 1
159 1249 1
314 625 1
210 1093 1
55 1301 1
625 1406 1
314 1406 1
420 1095 1
161 1460 1
783 1512 1
576 1252 1
679 939 1
992 1251 1
5 1043 1
630 1358 1
1150 1462 1
682 1410 1
1409 1409 1
214 370 1
1254 1358 1
630 1254 1
165 1463 1
319 372 1
165 788 1
788 1463 1
424 736 1
267 631 1
371 943 1
322 1517 1
1154 1414 1
115 426 1
1050 1518 1
63 114 1
10 1414 1
10 1154 1
895 1520 1
1312 1519 1
844 895 1
844 1520 1
1051 1052 1
947 1156 1
843 1260 1
586 1002 1
222 1002 1
222 586 1
1054 1313 1
1106 1209 1
66 273 1
845 949 1
172 275 1
432 899 1
173 224 1
1264 1316 1
1004 1367 1
691 1523 1
172 1472 1
275 1472 1
485 589 1
693 694 1
19 1369 1
589 1110 1
485 1110 1
19 641 1
641 1369 1
748 1528 1
488 1527 1
280 1112 1
20 1527 1
20 488 1
1007 1112 1
280 1007 1
1166 1166 1
282 1478 1
854 1270 1
386 905 1
74 542 1
541 1270 1
541 854 1
336 1116 1
440 492 1
1219 1479 1
491 699 1
387 596 1
180 960 1
1271 1376 1
546 649 1
1222 1377 1
650 1222 1
650 1377 1
26 1377 1
26 650 1
26 1222 1
444 1067 1
28 807 1
183 1068 1
964 1535 1
600 755 1
1379 1535 1
964 1379 1
289 705 1
30 1329 1
601 914 1
30 1121 1
1121 1329 1
601 1017 1
914 1017 1
343 1331 1
1071 1540 1
707 1228 1
1384 1540 1
1071 1384 1
344 811 1
137 343 1
137 1331 1
1073 1125 1
814 1073 1
814 1125 1
709 1542 1
398 969 1
553 1334 1
398 866 1
866 969 1
711 1335 1
452 1388 1
347 867 1
36 1387 1
37 295 1
295 296 1
37 296 1
349 1130 1
557 818 1
1025 1182 1
194 1129 1
91 245 1
38 1026 1
1025 1130 1
1130 1182 1
349 1025 1
559 716 1
144 1184 1
560 1392 1
299 767 1
715 923 1
352 1392 1
352 560 1
353 770 1
770 874 1
353 874 1
42 1185 1
1186 1393 1
614 1445 1
1289 1446 1
148 564 1
927 1448 1
355 1396 1
304 1187 1
199 1447 1
719 771 1
44 303 1
773 826 1
46 1553 1
253 514 1
98 306 1
1138 1190 1
930 1554 1
722 1294 1
203 204 1
360 724 1
359 619 1
724 983 1
360 983 1
204 1192 1
203 1192 1
1089 1349 1
50 1454 1
102 881 1
309 777 1
102 1194 1
881 1194 1
103 1298 1
59 1104 -1
258 1342 -1
368 1443 -1
349 381 -1
381 1025 -1
381 1130 -1
1047 1195 -1
624 1047 -1
614 1277 -1
1277 1445 -1
182 1354 -1
992 1373 -1
1251 1373 -1
1253 1407 -1
213 509 -1
1207 1518 -1
1050 1207 -1
1255 1433 -1
1307 1370 -1
282 1032 -1
1032 1478 -1
243 1033 -1
291 1343 -1
165 977 -1
788 977 -1
977 1463 -1
309 712 -1
712 777 -1
436 789 -1
304 1234 -1
1187 1234 -1
275 835 -1
835 1472 -1
172 835 -1
25 367 -1
167 638 -1
348 1489 -1
112 258 -1
433 1158 -1
217 641 -1
217 1369 -1
19 217 -1
115 1214 -1
426 1214 -1
943 1024 -1
371 1024 -1
8 1426 -1
101 647 -1
52 710 -1
879 1443 -1
847 942 -1
418 1285 -1
980 1406 -1
625 980 -1
314 980 -1
666 1087 -1
471 1223 -1
483 989 -1
535 1489 -1
904 1468 -1
1011 1415 -1
147 1076 -1
91 1049 -1
245 1049 -1
956 1370 -1
703 844 -1
703 1520 -1
703 895 -1
1107 1527 -1
488 1107 -1
20 1107 -1
309 589 -1
589 777 -1
309 485 -1
309 1110 -1
0 133 -1
133 311 -1
189 1162 -1
54 836 -1
1475 1517 -1
322 1475 -1
245 1488 -1
91 1488 -1
43 521 -1
228 1205 -1
452 1446 -1
1388 1446 -1
452 1289 -1
532 578 -1
229 1548 -1
489 1060 -1
125 1405 -1
208 1033 -1
1221 1474 -1
153 731 -1
142 877 -1
164 680 -1
433 1147 -1
874 1176 -1
353 1176 -1
770 1176 -1
514 922 -1
253 922 -1
184 438 -1
26 1366 -1
1366 1377 -1
650 1366 -1
1222 1366 -1
185 1522 -1
704 1322 -1
314 1039 -1
625 1039 -1
1039 1406 -1
132 1350 -1
300 641 -1
300 1369 -1
19 300 -1
12 341 -1
155 446 -1
276 1220 -1
870 934 -1
1186 1300 -1
1300 1393 -1
260 1186 -1
239 267 -1
239 631 -1
906 1284 -1
1130 1185 -1
1025 1185 -1
349 1185 -1
1182 1185 -1
42 1130 -1
268 1456 -1
102 576 -1
576 881 -1
576 1194 -1
102 1252 -1
1167 1274 -1
132 366 -1
314 1363 -1
625 1363 -1
1363 1406 -1
25 206 -1
282 1333 -1
1333 1478 -1
438 793 -1
66 589 -1
273 589 -1
66 485 -1
66 1110 -1
296 598 -1
37 598 -1
295 598 -1
124 712 -1
904 1070 -1
427 1552 -1
1077 1489 -1
380 502 -1
257 919 -1
319 993 -1
372 993 -1
529 829 -1
657 1396 -1
355 657 -1
249 1468 -1
319 728 -1
372 728 -1
369 985 -1
327 1490 -1
1119 1522 -1
85 865 -1
495 764 -1
906 1285 -1
149 710 -1
309 1284 -1
777 1284 -1
372 981 -1
319 981 -1
749 1497 -1
223 319 -1
223 372 -1
151 867 -1
151 347 -1
1085 1361 -1
293 892 -1
86 1414 -1
86 1154 -1
10 86 -1
118 750 -1
922 1039 -1
186 413 -1
533 1362 -1
228 1217 -1
72 1234 -1
12 311 -1
0 12 -1
449 1117 -1
821 957 -1
945 1191 -1
60 520 -1
