443 553 1
2306 3123 1
266 2642 1
1944 2598 1
185 931 1
141 3726 1
722 1488 1
925 1244 1
103 1597 1
1624 1905 1
3202 3325 1
1864 2103 1
592 931 1
185 592 1
1905 3026 1
1624 3026 1
2502 3679 1
2979 3488 1
2103 2223 1
1864 2223 1
1066 3333 1
872 1014 1
1944 3679 1
2598 3679 1
1944 2502 1
473 553 1
443 473 1
2171 3792 1
3227 3524 1
1295 2418 1
812 2502 1
812 1944 1
812 3679 1
1045 3352 1
540 1080 1
679 3438 1
679 1758 1
1758 3438 1
1 2350 1
3440 3538 1
1205 2534 1
2055 3557 1
1067 1203 1
2422 3669 1
1176 1738 1
701 1552 1
855 1952 1
576 2735 1
636 1624 1
636 1905 1
636 3026 1
2607 2652 1
1181 3384 1
423 3801 1
374 3254 1
1685 1816 1
740 3807 1
381 1952 1
381 855 1
3220 3389 1
1153 2350 1
1 1153 1
15 1192 1
158 235 1
266 3057 1
2642 3057 1
1496 2020 1
31 1274 1
1431 3286 1
1997 2350 1
1 1997 1
1153 1997 1
377 3492 1
1552 3285 1
701 3285 1
1922 3595 1
1745 1997 1
1 1745 1
1745 2350 1
1153 1745 1
1042 1169 1
1597 2891 1
103 2891 1
1295 2988 1
2418 2988 1
698 2596 1
501 883 1
1605 1970 1
3333 3444 1
1066 3444 1
604 1203 1
604 1067 1
2613 3333 1
1066 2613 1
2613 3444 1
1774 2306 1
1774 3123 1
834 2344 1
142 2258 1
490 1759 1
62 1674 1
2048 2825 1
1 3524 1
1153 3524 1
1997 3524 1
2350 3524 1
1745 3524 1
1 3227 1
8 3107 1
185 981 1
592 981 1
931 981 1
191 1093 1
1182 1837 1
1205 2195 1
2195 2534 1
472 2502 1
472 1944 1
472 812 1
472 3679 1
15 902 1
902 1192 1
740 2607 1
2607 3807 1
740 2652 1
443 721 1
553 721 1
473 721 1
3438 3547 1
1758 3547 1
679 3547 1
1565 2226 1
1042 1774 1
1169 1774 1
1042 2306 1
1042 3123 1
594 2706 1
3352 3438 1
1045 3438 1
3352 3547 1
1758 3352 1
679 3352 1
2612 3482 1
407 2961 1
108 2502 1
108 1944 1
108 472 1
108 812 1
108 3679 1
2609 2843 1
142 981 1
981 2258 1
142 592 1
142 185 1
142 931 1
1612 3171 1
2104 2596 1
698 2104 1
3057 3679 1
266 3679 1
2642 3679 1
2502 3057 1
2598 3057 1
108 3057 1
812 3057 1
472 3057 1
1944 3057 1
2223 3456 1
1864 3456 1
2103 3456 1
374 2539 1
2539 3254 1
1565 3677 1
2226 3677 1
15 185 1
185 1192 1
185 902 1
15 931 1
15 142 1
15 592 1
15 981 1
1948 1997 1
1 1948 1
1948 3524 1
1153 1948 1
1948 2350 1
1745 1948 1
2088 2317 1
2544 2663 1
1751 3267 1
2212 3496 1
2309 3427 1
2589 3267 1
1751 2589 1
255 1054 1
307 3305 1
1494 2965 1
463 2880 1
2277 2348 1
1860 3409 1
920 3469 1
2317 3386 1
2088 3386 1
745 2008 1
3159 3395 1
745 3576 1
2008 3576 1
2060 2064 1
3427 3668 1
2309 3668 1
778 3036 1
1861 1936 1
778 1875 1
1875 3036 1
1052 2256 1
1927 2611 1
69 357 1
1893 2663 1
1893 2544 1
241 250 1
2973 3496 1
2212 2973 1
2008 2192 1
2192 3576 1
745 2192 1
1109 1222 1
2060 2592 1
2064 2592 1
998 2008 1
998 3576 1
745 998 1
998 2192 1
2748 3699 1
255 601 1
601 1054 1
2242 3226 1
1840 2158 1
1840 2400 1
2158 2400 1
1013 3385 1
1191 1267 1
463 3543 1
2880 3543 1
3385 3810 1
1013 3810 1
1191 1204 1
1204 1267 1
728 733 1
1261 3409 1
1261 1860 1
745 1598 1
1598 2008 1
1598 3576 1
1598 2192 1
998 1598 1
491 3159 1
491 3395 1
321 3450 1
1920 3267 1
1920 2589 1
1751 1920 1
762 2483 1
1104 2367 1
1098 1347 1
2066 2976 1
353 3427 1
353 3668 1
353 2309 1
733 3406 1
728 3406 1
91 204 1
3066 3101 1
1854 3073 1
257 601 1
257 1054 1
255 257 1
1498 3709 1
727 3278 1
180 2348 1
180 2277 1
24 1813 1
840 2608 1
425 2722 1
2611 3619 1
1927 3619 1
745 3810 1
998 3810 1
2192 3810 1
3576 3810 1
2008 3810 1
1598 3810 1
745 1013 1
745 3385 1
362 913 1
52 2945 1
1413 2064 1
1413 2592 1
1413 2060 1
2898 3167 1
643 2898 1
643 3167 1
329 863 1
1704 3364 1
357 1607 1
69 1607 1
3576 3668 1
3668 3810 1
998 3668 1
745 3668 1
2192 3668 1
2008 3668 1
1598 3668 1
353 3576 1
3427 3576 1
2309 3576 1
1937 2483 1
762 1937 1
278 2352 1
3409 3651 1
1860 3651 1
1261 3651 1
839 2184 1
2544 3612 1
1893 3612 1
2663 3612 1
2231 3314 1
550 3741 1
1607 2864 1
357 2864 1
69 2864 1
1204 1525 1
1267 1525 1
1191 1525 1
2748 3606 1
3606 3699 1
552 2574 1
2965 3770 1
1494 3770 1
1842 3772 1
653 1225 1
1172 2184 1
839 1172 1
1272 2309 1
1272 3576 1
353 1272 1
1272 3427 1
1272 3668 1
1013 3556 1
3385 3556 1
3556 3810 1
745 3556 1
2544 2574 1
2574 3612 1
1893 2574 1
2574 2663 1
552 2544 1
907 1098 1
907 1347 1
664 3375 1
1357 1480 1
287 2611 1
287 3619 1
287 1927 1
1884 2187 1
1357 2847 1
1480 2847 1
69 653 1
653 2864 1
357 653 1
653 1607 1
69 1225 1
149 3226 1
149 2242 1
1588 2307 1
353 3743 1
3427 3743 1
2309 3743 1
1272 3743 1
3668 3743 1
3576 3743 1
692 1867 1
380 2369 1
1219 2467 1
2463 3230 1
1031 3563 1
1004 3268 1
709 1004 1
709 3268 1
3435 3544 1
1092 2155 1
1420 3064 1
172 885 1
3771 3771 1
1716 1790 1
194 2298 1
414 3762 1
1846 3359 1
268 2254 1
380 3713 1
2369 3713 1
1993 3533 1
1592 2255 1
2040 2513 1
1219 2702 1
2467 2702 1
1511 1763 1
1327 2747 1
2743 2745 1
2059 2606 1
1293 3795 1
140 2298 1
140 194 1
1925 2467 1
1219 1925 1
1925 2702 1
1563 3079 1
1514 2040 1
1514 2513 1
1051 2658 1
295 2193 1
129 815 1
1092 1505 1
1505 2155 1
1336 3323 1
1763 1877 1
1511 1877 1
1420 1731 1
1731 3064 1
2255 2379 1
1592 2379 1
2285 3046 1
345 3609 1
524 2252 1
611 1001 1
393 3391 1
2177 2254 1
268 2177 1
1136 3004 1
3510 3564 1
2413 2508 1
55 1420 1
55 3064 1
55 1731 1
66 1769 1
881 2747 1
881 1327 1
1239 1749 1
64 398 1
3466 3640 1
153 2075 1
1255 2254 1
1255 2177 1
268 1255 1
575 2177 1
268 575 1
575 2254 1
575 1255 1
63 1686 1
1642 2570 1
390 2927 1
25 192 1
547 3223 1
140 1418 1
1418 2298 1
194 1418 1
408 2053 1
295 3720 1
2193 3720 1
203 1006 1
1110 3344 1
2545 3151 1
886 2407 1
1230 2811 1
1242 2053 1
408 1242 1
1479 2319 1
631 1746 1
192 2186 1
25 2186 1
571 2179 1
41 1886 1
50 3457 1
810 2072 1
3398 3563 1
1031 3398 1
1159 1909 1
3228 3692 1
1535 2319 1
1479 1535 1
1031 1255 1
1255 3563 1
1255 3398 1
1031 2177 1
268 1031 1
1031 2254 1
575 1031 1
983 3031 1
1404 3398 1
1404 3563 1
1255 1404 1
1031 1404 1
248 2221 1
421 3151 1
421 2545 1
2437 3544 1
2437 3435 1
3046 3145 1
2285 3145 1
48 164 1
1051 2369 1
2369 2658 1
1051 3713 1
380 1051 1
2492 2531 1
1006 3016 1
203 3016 1
575 2437 1
2177 2437 1
1031 2437 1
1255 2437 1
268 2437 1
2254 2437 1
575 3435 1
575 3544 1
3161 3256 1
1993 3404 1
3404 3533 1
1959 2379 1
1592 1959 1
1959 2255 1
822 3230 1
822 2463 1
960 3004 1
960 1136 1
1619 1886 1
41 1619 1
983 3592 1
3031 3592 1
772 1731 1
772 3064 1
772 1420 1
55 772 1
1642 3039 1
2570 3039 1
2053 3079 1
408 3079 1
1242 3079 1
1563 2053 1
2131 2442 1
699 2407 1
699 886 1
392 1418 1
392 2298 1
140 392 1
194 392 1
2508 2999 1
2413 2999 1
784 1201 1
1241 2507 1
3230 3391 1
822 3391 1
2463 3391 1
393 3230 1
2177 3044 1
2437 3044 1
1031 3044 1
1255 3044 1
268 3044 1
2254 3044 1
575 3044 1
2425 3583 1
1317 1350 1
1032 2217 1
1794 3708 1
1296 2963 1
1782 3766 1
2204 2380 1
332 465 1
132 3430 1
2224 3525 1
503 3403 1
767 1394 1
2817 3614 1
586 1009 1
1503 3403 1
503 1503 1
1050 3637 1
988 1438 1
903 1700 1
1399 1503 1
1399 3403 1
503 1399 1
1263 2854 1
845 2409 1
964 3582 1
1294 3546 1
1780 3063 1
2489 3499 1
285 2819 1
1251 2217 1
1032 1251 1
1263 1307 1
1307 2854 1
1380 3340 1
247 3582 1
247 964 1
1050 1251 1
1251 3637 1
1032 1050 1
1050 2217 1
1458 2499 1
724 3465 1
1775 3501 1
859 1939 1
2749 2902 1
2107 3276 1
724 1939 1
1939 3465 1
724 859 1
230 1506 1
1180 2690 1
518 1719 1
1394 1848 1
767 1848 1
259 3366 1
741 3541 1
780 2401 1
2094 2144 1
2631 2895 1
97 395 1
468 3708 1
468 1794 1
903 2876 1
1700 2876 1
2819 3719 1
285 3719 1
1032 2086 1
2086 2217 1
1050 2086 1
1251 2086 1
301 2279 1
1063 3583 1
1063 2425 1
2279 3541 1
301 3541 1
741 2279 1
37 1005 1
1220 1707 1
2858 3193 1
2403 2840 1
584 3182 1
2856 3480 1
80 787 1
3465 3614 1
1939 3614 1
724 3614 1
2817 3465 1
2143 2578 1
569 978 1
1806 3663 1
1939 3719 1
3465 3719 1
859 3719 1
724 3719 1
3614 3719 1
1939 2819 1
285 1939 1
1328 1938 1
224 1888 1
292 3495 1
1196 3517 1
2380 3091 1
2204 3091 1
640 994 1
3234 3596 1
1350 1399 1
1317 1399 1
1350 3403 1
503 1350 1
1350 1503 1
395 1540 1
97 1540 1
994 1773 1
640 1773 1
518 1732 1
1719 1732 1
1608 1755 1
2375 3126 1
71 586 1
71 1009 1
500 1548 1
2214 3040 1
1050 1820 1
1251 1820 1
1820 2086 1
1032 1820 1
1820 2217 1
1820 3637 1
1458 3478 1
2499 3478 1
2726 3015 1
757 3808 1
1548 2361 1
500 2361 1
994 1003 1
640 1003 1
1003 1773 1
411 625 1
3114 3274 1
671 2854 1
671 1307 1
671 1263 1
1664 1783 1
1294 1639 1
1639 3546 1
586 3445 1
1009 3445 1
71 3445 1
2403 3541 1
2840 3541 1
301 2403 1
741 2403 1
2279 2403 1
233 1737 1
97 2215 1
395 2215 1
1540 2215 1
767 1843 1
1843 1848 1
1394 1843 1
1451 3445 1
1009 1451 1
586 1451 1
71 1451 1
569 2409 1
978 2409 1
569 845 1
1097 1333 1
1783 3478 1
1664 3478 1
1458 1783 1
1783 2499 1
132 2112 1
2112 3430 1
1134 3420 1
1238 3412 1
579 1799 1
570 2902 1
570 2749 1
322 1540 1
97 322 1
322 395 1
322 2215 1
618 3063 1
618 1780 1
3126 3582 1
2375 3582 1
964 3126 1
247 3126 1
1609 1786 1
2409 3276 1
569 3276 1
978 3276 1
845 3276 1
2107 2409 1
2149 2922 1
308 2556 1
339 602 1
127 1940 1
431 754 1
1735 3084 1
2121 2993 1
312 1680 1
16 167 1
19 1179 1
83 1753 1
1940 2371 1
127 2371 1
685 1916 1
819 1407 1
197 3620 1
3 1670 1
1682 2041 1
2031 3045 1
1493 2784 1
2695 2784 1
1493 2695 1
222 1057 1
754 3756 1
431 3756 1
1547 2693 1
1278 1517 1
312 1517 1
1517 1680 1
312 1278 1
1188 2006 1
3045 3242 1
2031 3242 1
583 807 1
19 1493 1
1179 1493 1
19 2784 1
19 2695 1
1041 1337 1
1400 1448 1
308 1170 1
1170 2556 1
2729 3045 1
2729 3242 1
2031 2729 1
1862 2874 1
856 3373 1
1490 1628 1
888 3548 1
1461 2556 1
1170 1461 1
308 1461 1
2837 3082 1
1766 1804 1
2523 2602 1
83 2039 1
1753 2039 1
3148 3765 1
661 2885 1
754 2235 1
2235 3756 1
431 2235 1
1216 2510 1
2697 3507 1
856 3658 1
3373 3658 1
2423 3798 1
2332 3224 1
431 3775 1
754 3775 1
2235 3775 1
3756 3775 1
1735 2169 1
2169 3084 1
215 1829 1
2772 3805 1
1213 3674 1
389 1554 1
657 1025 1
2594 3242 1
2594 2729 1
2594 3045 1
2031 2594 1
807 1603 1
583 1603 1
100 1804 1
100 1766 1
339 888 1
602 888 1
339 3548 1
19 525 1
525 2784 1
525 1179 1
525 1493 1
525 2695 1
669 1062 1
197 2041 1
2041 3620 1
197 1682 1
1580 2393 1
3 3157 1
1670 3157 1
469 2181 1
870 1062 1
669 870 1
2039 3789 1
1753 3789 1
83 3789 1
1279 1647 1
1376 3674 1
1213 1376 1
2697 3765 1
3507 3765 1
2697 3148 1
469 1368 1
1368 2181 1
2278 2393 1
1580 2278 1
467 3345 1
2134 3527 1
2421 2610 1
151 2922 1
151 2149 1
319 1628 1
319 1490 1
2481 2729 1
2481 3242 1
2481 2594 1
2481 3045 1
2031 2481 1
1062 2202 1
669 2202 1
870 2202 1
577 1079 1
317 3718 1
3 1753 1
1753 3157 1
1670 1753 1
3 3789 1
3 83 1
3 2039 1
2202 2764 1
870 2764 1
669 2764 1
1062 2764 1
874 1766 1
100 874 1
874 1804 1
1660 2206 1
147 2681 1
245 356 1
577 2581 1
1079 2581 1
127 3537 1
2371 3537 1
1940 3537 1
819 2311 1
1407 2311 1
2261 3033 1
83 3718 1
1753 3718 1
3 3718 1
3718 3789 1
2039 3718 1
83 317 1
207 1308 1
2327 2477 1
160 2952 1
1735 2874 1
2169 2874 1
2874 3084 1
1735 1862 1
1942 2695 1
1942 2784 1
19 1942 1
1493 1942 1
525 1942 1
19 261 1
261 2784 1
261 2695 1
261 525 1
261 1493 1
261 1942 1
261 1179 1
67 67 1
1147 1680 1
312 1147 1
1147 1517 1
19 134 1
134 2784 1
134 261 1
134 2695 1
134 525 1
134 1493 1
134 1942 1
134 1179 1
2428 3299 1
1675 3251 1
424 1934 1
1634 2213 1
2396 3566 1
1126 2981 1
446 1516 1
237 706 1
645 3793 1
226 972 1
2623 3271 1
1627 2926 1
481 3757 1
303 693 1
801 2168 1
588 1481 1
401 2058 1
184 511 1
890 3670 1
152 655 1
1195 2010 1
2460 2873 1
556 2225 1
325 1516 1
325 446 1
805 2466 1
2525 3788 1
785 1950 1
2225 3271 1
556 3271 1
2225 2623 1
1912 2684 1
2213 2664 1
1634 2664 1
1800 2392 1
2805 3635 1
1634 3190 1
2664 3190 1
2213 3190 1
303 3059 1
693 3059 1
2839 3598 1
228 3587 1
344 3504 1
890 2128 1
2128 3670 1
424 1604 1
1604 1934 1
1060 3575 1
2062 2617 1
769 3251 1
769 1675 1
1836 3565 1
2018 3260 1
2089 3528 1
370 2010 1
370 1195 1
2981 3059 1
1126 3059 1
693 2981 1
303 2981 1
2010 2680 1
370 2680 1
1195 2680 1
824 1163 1
2396 3683 1
3566 3683 1
1723 2383 1
1977 3125 1
1656 3027 1
3125 3371 1
1977 3371 1
2494 3236 1
1965 2593 1
693 3190 1
3059 3190 1
2981 3190 1
303 3190 1
693 1634 1
693 2664 1
693 2213 1
1767 2219 1
2292 2392 1
1800 2292 1
950 2869 1
2684 2830 1
1912 2830 1
1227 2018 1
1227 3260 1
397 1078 1
117 3704 1
106 2828 1
328 560 1
1807 1824 1
198 1253 1
3010 3299 1
2428 3010 1
1178 1441 1
303 3581 1
3059 3581 1
693 3581 1
3190 3581 1
2981 3581 1
2532 2674 1
175 1249 1
328 972 1
560 972 1
226 328 1
13 2931 1
198 3503 1
1253 3503 1
2183 3632 1
2525 3190 1
3190 3788 1
1634 2525 1
2525 2981 1
2525 2664 1
303 2525 1
2525 3059 1
693 2525 1
2525 3581 1
2213 2525 1
424 830 1
830 1604 1
830 1934 1
878 2445 1
588 2718 1
1481 2718 1
1287 3598 1
1287 2839 1
1072 3503 1
1072 1253 1
198 1072 1
802 3670 1
802 2128 1
802 890 1
1912 2000 1
2000 2684 1
2000 2830 1
1723 3235 1
2383 3235 1
1395 3670 1
1395 2128 1
890 1395 1
802 1395 1
1830 2698 1
1126 2587 1
2587 3059 1
2587 2981 1
2058 2070 1
401 2070 1
1395 1556 1
1556 2128 1
890 1556 1
802 1556 1
1556 3670 1
551 2698 1
551 1830 1
325 2024 1
1516 2024 1
446 2024 1
249 3271 1
249 2225 1
249 556 1
249 2623 1
7 2024 1
7 1516 1
7 325 1
7 446 1
974 3371 1
974 1977 1
974 3125 1
188 974 1
188 1977 1
188 3371 1
188 3125 1
2250 2396 1
2250 3683 1
2250 3566 1
175 448 1
448 1249 1
708 3598 1
708 1287 1
708 2839 1
237 2383 1
706 2383 1
237 1723 1
237 3235 1
941 1991 1
1577 1949 1
1158 3277 1
798 3175 1
1124 2919 1
337 1708 1
3289 3736 1
811 1361 1
561 2994 1
658 3703 1
961 1209 1
984 1897 1
496 2080 1
27 1791 1
2740 3317 1
334 1706 1
2741 3041 1
1558 2435 1
350 2389 1
984 1346 1
1346 1897 1
451 1897 1
451 984 1
451 1346 1
1361 2036 1
811 2036 1
1367 3374 1
1361 2092 1
811 2092 1
2036 2092 1
1550 3421 1
747 3597 1
774 2370 1
654 1111 1
3146 3514 1
1729 2447 1
811 2147 1
1361 2147 1
2036 2147 1
2092 2147 1
1558 2549 1
2435 2549 1
477 3181 1
1492 2857 1
711 3505 1
541 1819 1
796 3785 1
296 2970 1
1146 1361 1
1146 2092 1
1146 2147 1
811 1146 1
1146 2036 1
1897 3013 1
984 3013 1
1346 3013 1
451 3013 1
700 948 1
1740 3239 1
113 1423 1
766 3476 1
2464 2934 1
632 3253 1
211 3029 1
766 987 1
987 3476 1
1845 2140 1
606 3511 1
1105 1144 1
3560 3787 1
1125 2243 1
1103 3253 1
632 1103 1
971 2546 1
1492 2838 1
2838 2857 1
1550 3038 1
3038 3421 1
1297 2038 1
162 1581 1
941 2316 1
1991 2316 1
264 2789 1
2968 3486 1
2486 2912 1
853 2426 1
1475 3732 1
1828 2363 1
1144 1673 1
1105 1673 1
700 3472 1
948 3472 1
2934 3175 1
2464 3175 1
798 2934 1
1935 2232 1
1144 3753 1
1105 3753 1
1673 3753 1
54 597 1
731 2036 1
731 2147 1
731 811 1
731 2092 1
731 1361 1
731 1146 1
2441 2964 1
1232 2061 1
930 2618 1
2021 3732 1
1475 2021 1
710 3008 1
1768 3013 1
984 1768 1
1768 1897 1
1346 1768 1
451 1768 1
1729 2910 1
2447 2910 1
54 1558 1
597 1558 1
54 2435 1
54 2549 1
742 1918 1
54 3176 1
2435 3176 1
597 3176 1
1558 3176 1
2549 3176 1
1501 3785 1
796 1501 1
700 3002 1
3002 3472 1
948 3002 1
742 2486 1
1918 2486 1
742 2912 1
3597 3821 1
747 3821 1
2243 2420 1
1125 2420 1
138 2789 1
138 264 1
1572 2851 1
1367 3394 1
3374 3394 1
515 1284 1
2446 3030 1
923 1146 1
923 2147 1
811 923 1
923 2092 1
923 1361 1
923 2036 1
731 923 1
264 2263 1
138 2263 1
2263 2789 1
1521 1706 1
334 1521 1
54 3013 1
2435 3013 1
3013 3176 1
597 3013 1
1558 3013 1
2549 3013 1
54 1346 1
54 451 1
54 1768 1
54 1897 1
54 984 1
1297 2357 1
2038 2357 1
654 796 1
796 1111 1
654 3785 1
654 1501 1
1706 2900 1
1521 2900 1
334 2900 1
2397 2540 1
717 1320 1
2200 2435 1
1558 2200 1
2200 3176 1
2200 2549 1
54 2200 1
2200 3013 1
403 2715 1
1542 3065 1
70 2575 1
360 3112 1
1567 3751 1
70 1870 1
1870 2575 1
351 1186 1
76 2260 1
1510 1529 1
20 681 1
2096 2567 1
1186 3368 1
351 3368 1
1108 3324 1
720 1351 1
2770 2782 1
120 1131 1
1529 3751 1
1510 3751 1
1529 1567 1
1082 1177 1
1885 1931 1
891 2954 1
1529 3659 1
1567 3659 1
1510 3659 1
3659 3751 1
403 866 1
866 2715 1
76 1931 1
1931 2260 1
76 1885 1
513 1502 1
1683 2402 1
2355 3424 1
1988 2547 1
949 1444 1
1623 2960 1
1281 1954 1
880 3257 1
1947 2341 1
1507 3291 1
933 3229 1
1818 2833 1
895 1733 1
1709 2992 1
1623 2797 1
2797 2960 1
1657 2565 1
3169 3177 1
297 726 1
517 927 1
507 969 1
206 2769 1
572 3586 1
1650 3588 1
75 2341 1
75 1947 1
1990 3659 1
1529 1990 1
1990 3751 1
1510 1990 1
1567 1990 1
161 1524 1
564 3257 1
564 880 1
1542 3728 1
3065 3728 1
973 3065 1
973 3728 1
973 1542 1
1524 2947 1
161 2947 1
2372 2646 1
416 3690 1
2312 3166 1
773 1108 1
773 3324 1
1171 3052 1
351 999 1
999 3368 1
999 1186 1
60 1988 1
60 2547 1
441 2954 1
441 891 1
231 2715 1
231 866 1
231 403 1
682 3551 1
763 3112 1
360 763 1
764 3311 1
1566 3392 1
75 1568 1
1568 1947 1
1568 2341 1
3311 3794 1
764 3794 1
275 298 1
1187 3484 1
1123 1187 1
1123 3484 1
513 1457 1
1457 1502 1
486 1353 1
51 3144 1
1010 2557 1
486 2562 1
1353 2562 1
396 2626 1
2424 3012 1
2 1116 1
756 1444 1
756 949 1
895 2865 1
1733 2865 1
1119 3069 1
206 3454 1
2769 3454 1
1838 2472 1
2732 3737 1
662 2074 1
3140 3707 1
773 1599 1
1599 3324 1
1108 1599 1
1194 2341 1
1194 1568 1
75 1194 1
1194 1947 1
1392 3291 1
1392 1507 1
3356 3447 1
1370 1724 1
1123 2153 1
1187 2153 1
2153 3484 1
1019 1281 1
1019 1954 1
537 3728 1
537 3065 1
537 973 1
537 1542 1
161 1444 1
1444 2947 1
1444 1524 1
161 756 1
161 949 1
2621 3001 1
1623 2833 1
2833 2960 1
2797 2833 1
1623 1818 1
2557 3562 1
1010 3562 1
1885 2567 1
1931 2567 1
76 2567 1
1885 2096 1
1119 1186 1
1186 3069 1
1119 3368 1
999 1119 1
351 1119 1
1797 3417 1
933 1397 1
1397 3229 1
1010 2583 1
2583 3562 1
2557 2583 1
1415 3520 1
605 3156 1
3021 3636 1
694 3484 1
694 1123 1
694 1187 1
694 2153 1
2457 2770 1
2457 2782 1
1599 3707 1
1108 3707 1
3324 3707 1
773 3707 1
1599 3140 1
2668 2865 1
1733 2668 1
895 2668 1
2790 3622 1
161 2836 1
2836 2947 1
1444 2836 1
1524 2836 1
949 2836 1
756 2836 1
1150 2765 1
29 562 1
1366 2233 1
1409 3185 1
3446 3694 1
545 3522 1
232 2067 1
932 1677 1
857 940 1
88 3694 1
88 3446 1
809 1528 1
3326 3396 1
1904 2972 1
2043 3774 1
2765 2983 1
1150 2983 1
254 2550 1
1262 1292 1
2127 3060 1
2359 2529 1
136 1048 1
232 2419 1
2067 2419 1
1081 3204 1
2093 3786 1
2766 3221 1
1789 3607 1
2156 3554 1
2218 3173 1
1300 3296 1
2286 2753 1
254 2078 1
2078 2550 1
154 1145 1
1945 3221 1
1945 2766 1
281 849 1
1601 3684 1
1447 3573 1
809 3774 1
1528 3774 1
809 2043 1
3150 3693 1
849 3246 1
281 3246 1
820 3072 1
1121 1288 1
1291 2691 1
2303 3009 1
2273 2336 1
1945 2884 1
2884 3221 1
2766 2884 1
1228 2034 1
936 2886 1
932 1467 1
1467 1677 1
1467 1703 1
932 1703 1
1677 1703 1
2244 3338 1
2093 2633 1
2633 3786 1
2911 3353 1
379 2067 1
232 379 1
379 2419 1
1910 3315 1
1089 3521 1
497 3003 1
1262 2216 1
1292 2216 1
3149 3468 1
506 1980 1
426 1383 1
3221 3630 1
1945 3630 1
2884 3630 1
2766 3630 1
244 1383 1
244 426 1
791 1214 1
3150 3468 1
3468 3693 1
3149 3150 1
947 1528 1
809 947 1
947 3774 1
3306 3745 1
418 3104 1
751 857 1
751 940 1
1450 2691 1
1291 1450 1
651 1138 1
1589 2884 1
1589 1945 1
1589 3630 1
1589 3221 1
1589 2766 1
355 1825 1
566 1450 1
566 1291 1
566 2691 1
1081 3754 1
3204 3754 1
1571 2862 1
232 2244 1
379 2244 1
2244 2419 1
2067 2244 1
232 3338 1
2818 3258 1
1383 2233 1
426 2233 1
244 2233 1
1366 1383 1
1233 2093 1
1233 2633 1
1233 3786 1
221 2911 1
221 3353 1
980 1967 1
1214 2524 1
791 2524 1
1298 2433 1
428 3329 1
506 2765 1
1980 2765 1
506 1150 1
506 2983 1
1298 3326 1
2433 3326 1
1298 3396 1
651 1218 1
1138 1218 1
1600 2803 1
1366 3806 1
2233 3806 1
1383 3806 1
1600 1904 1
1904 2803 1
1600 2972 1
2142 3149 1
2142 3468 1
2142 3150 1
676 3693 1
676 3468 1
676 3150 1
510 1291 1
510 1450 1
510 2691 1
510 566 1
2511 2913 1
545 3118 1
3118 3522 1
944 2754 1
85 2511 1
85 2913 1
2614 2818 1
2614 3258 1
169 3003 1
169 497 1
375 2522 1
938 1049 1
2247 3522 1
545 2247 1
2247 3118 1
2917 3104 1
418 2917 1
420 2515 1
2807 2818 1
2807 3258 1
2614 2807 1
1933 2778 1
1687 3446 1
88 1687 1
1687 3694 1
1089 2803 1
2803 3521 1
1089 1600 1
1089 1904 1
947 2754 1
1528 2754 1
809 2754 1
2754 3774 1
944 947 1
2286 2696 1
2696 2753 1
831 2535 1
3264 3729 1
831 2527 1
2527 2535 1
862 1324 1
871 1303 1
532 953 1
40 1863 1
852 3198 1
1697 3678 1
1863 3247 1
40 3247 1
641 1285 1
770 770 1
1655 1831 1
641 3678 1
1285 3678 1
641 1697 1
274 3332 1
338 3158 1
574 1851 1
2339 2576 1
2027 2688 1
2299 2816 1
137 3099 1
2329 3755 1
3128 3248 1
1224 2512 1
858 2956 1
3208 3458 1
43 3203 1
2339 2725 1
2576 2725 1
44 3681 1
1224 1483 1
1483 2512 1
1141 1303 1
871 1141 1
1545 2815 1
112 3431 1
781 1878 1
1470 2997 1
995 2744 1
1414 1802 1
624 953 1
532 624 1
2408 2434 1
2552 3120 1
649 2382 1
118 2640 1
372 1483 1
372 1224 1
372 2512 1
1303 1374 1
1141 1374 1
871 1374 1
1237 1693 1
730 1923 1
36 1831 1
36 1655 1
1140 3506 1
2816 3411 1
2299 3411 1
1046 2997 1
1046 1470 1
1245 1956 1
309 2725 1
309 2576 1
309 2339 1
1973 3599 1
212 624 1
212 953 1
212 532 1
546 2791 1
2576 3087 1
2339 3087 1
2725 3087 1
309 3087 1
1040 2358 1
1140 3818 1
3506 3818 1
318 1427 1
652 1339 1
2526 3458 1
2526 3208 1
707 862 1
707 1324 1
2640 2997 1
118 2997 1
1046 2640 1
1470 2640 1
156 1306 1
716 1821 1
432 1693 1
432 1237 1
318 649 1
649 1427 1
318 2382 1
1483 2791 1
1224 2791 1
2512 2791 1
372 2791 1
546 1483 1
1956 3354 1
1245 3354 1
34 2198 1
781 3623 1
1878 3623 1
593 730 1
593 1923 1
1470 3208 1
2640 3208 1
2997 3208 1
1046 3208 1
1470 3458 1
1470 2526 1
2595 3411 1
2595 2816 1
2299 2595 1
1878 3678 1
781 3678 1
3623 3678 1
1697 1878 1
1285 1878 1
641 1878 1
1802 3158 1
1414 3158 1
338 1802 1
894 2229 1
1071 2521 1
871 3379 1
1141 3379 1
1374 3379 1
1303 3379 1
40 456 1
456 3247 1
456 1863 1
1632 2324 1
1497 3067 1
114 1667 1
788 3678 1
788 1697 1
788 1285 1
788 3623 1
781 788 1
788 1878 1
641 788 1
367 1561 1
2101 2487 1
305 660 1
1164 2758 1
1164 3379 1
2758 3379 1
871 1164 1
1141 1164 1
1164 1303 1
1164 1374 1
2322 3092 1
40 2750 1
456 2750 1
2750 3247 1
1863 2750 1
391 3147 1
892 1141 1
871 892 1
892 1164 1
892 3379 1
892 1303 1
892 1374 1
1303 3076 1
871 3076 1
1164 3076 1
3076 3379 1
1141 3076 1
892 3076 1
1374 3076 1
314 3081 1
581 3188 1
1396 1579 1
1184 2042 1
2585 3248 1
2585 3128 1
532 1107 1
624 1107 1
953 1107 1
212 1107 1
1504 3600 1
600 1374 1
600 3076 1
600 871 1
600 1164 1
600 3379 1
600 1141 1
600 1303 1
600 892 1
770 1526 -1
3425 3592 -1
3031 3425 -1
983 3425 -1
1250 3170 -1
742 2278 -1
2278 2912 -1
2278 2486 -1
1918 2278 -1
742 2393 -1
742 1580 -1
137 1552 -1
1552 3099 -1
137 701 -1
137 3285 -1
2615 2754 -1
944 2615 -1
1528 2615 -1
947 2615 -1
2615 3774 -1
809 2615 -1
505 3663 -1
505 1806 -1
2905 2921 -1
2309 3228 -1
353 3228 -1
3228 3427 -1
1272 3228 -1
3228 3668 -1
3228 3576 -1
3228 3743 -1
2309 3692 -1
1239 2191 -1
1749 2191 -1
345 2091 -1
2091 3609 -1
1969 2313 -1
1232 2318 -1
2061 2318 -1
1457 1717 -1
513 1717 -1
1502 1717 -1
2397 2949 -1
2540 2949 -1
1546 3611 -1
203 2903 -1
2903 3016 -1
1006 2903 -1
2495 3464 -1
138 3011 -1
264 3011 -1
2789 3011 -1
2263 3011 -1
1377 2160 -1
1821 2547 -1
716 2547 -1
60 1821 -1
1821 1988 -1
76 2254 -1
1931 2254 -1
2254 2260 -1
1885 2254 -1
2254 2567 -1
76 2177 -1
76 3044 -1
76 2437 -1
76 1031 -1
76 1255 -1
76 268 -1
76 575 -1
2454 2768 -1
1765 3609 -1
345 1765 -1
126 532 -1
126 624 -1
126 953 -1
126 1107 -1
126 212 -1
2274 2587 -1
2274 3059 -1
2274 2981 -1
1126 2274 -1
796 3406 -1
3406 3785 -1
1501 3406 -1
654 3406 -1
1111 3406 -1
728 796 -1
733 796 -1
1475 3798 -1
3732 3798 -1
2021 3798 -1
1475 2423 -1
533 2567 -1
533 2096 -1
533 1931 -1
76 533 -1
533 1885 -1
484 1066 -1
484 3444 -1
484 3333 -1
484 2613 -1
574 1992 -1
1851 1992 -1
282 3727 -1
1131 3522 -1
120 3522 -1
545 1131 -1
1131 3118 -1
1131 2247 -1
1132 2620 -1
771 2227 -1
62 635 -1
635 1674 -1
1038 2519 -1
1415 3477 -1
3477 3520 -1
709 2684 -1
2684 3268 -1
1004 2684 -1
709 1912 -1
709 2000 -1
709 2830 -1
2013 2399 -1
858 1991 -1
1991 2956 -1
858 2316 -1
858 941 -1
2143 3284 -1
2578 3284 -1
232 2217 -1
379 2217 -1
2217 2419 -1
2067 2217 -1
2217 2244 -1
2217 3338 -1
232 1032 -1
232 1050 -1
232 1251 -1
232 1820 -1
232 2086 -1
1195 2543 -1
2543 2680 -1
2010 2543 -1
370 2543 -1
104 3648 -1
2419 2715 -1
232 2715 -1
379 2715 -1
2067 2715 -1
2244 2715 -1
866 2419 -1
403 2419 -1
231 2419 -1
546 3718 -1
1483 3718 -1
2791 3718 -1
3 546 -1
546 3789 -1
83 546 -1
546 2039 -1
546 1753 -1
317 546 -1
1297 1642 -1
1642 2357 -1
1642 2038 -1
1297 2570 -1
1297 3039 -1
1127 2442 -1
1127 2131 -1
726 1013 -1
297 1013 -1
726 3385 -1
726 3810 -1
726 3556 -1
726 745 -1
1404 2035 -1
1031 2035 -1
2035 3563 -1
2035 3398 -1
1255 2035 -1
1825 3455 -1
355 3455 -1
118 3438 -1
2640 3438 -1
2997 3438 -1
118 3352 -1
118 3547 -1
118 1045 -1
118 1758 -1
118 679 -1
593 1179 -1
730 1179 -1
1179 1923 -1
19 593 -1
261 593 -1
593 1493 -1
134 593 -1
525 593 -1
80 592 -1
592 787 -1
80 185 -1
80 931 -1
80 981 -1
80 142 -1
15 80 -1
304 3462 -1
164 1620 -1
48 1620 -1
563 3659 -1
563 1529 -1
563 3751 -1
563 1990 -1
563 1510 -1
563 1567 -1
986 2019 -1
5 1971 -1
279 2893 -1
2955 3416 -1
621 1906 -1
448 3061 -1
1249 3061 -1
175 3061 -1
621 2788 -1
181 2190 -1
1400 2822 -1
1448 2822 -1
1787 2031 -1
1787 2729 -1
1787 3242 -1
1787 2594 -1
1787 3045 -1
1787 2481 -1
1116 2658 -1
2 2658 -1
1116 2369 -1
1051 1116 -1
1148 2042 -1
1148 1184 -1
891 1369 -1
441 1369 -1
1369 2954 -1
1104 1114 -1
1114 2367 -1
3130 3234 -1
3130 3596 -1
1205 3011 -1
2195 3011 -1
2534 3011 -1
2397 2790 -1
2540 2790 -1
2397 3622 -1
751 3270 -1
857 3270 -1
940 3270 -1
1528 3727 -1
809 3727 -1
2754 3727 -1
947 3727 -1
3727 3774 -1
1863 1925 -1
40 1925 -1
456 1925 -1
1925 2750 -1
1925 3247 -1
1863 2467 -1
1863 2702 -1
1219 1863 -1
636 1396 -1
1396 1624 -1
1396 1905 -1
1396 3026 -1
636 1579 -1
912 1494 -1
912 3770 -1
912 2965 -1
833 2508 -1
833 2413 -1
833 2999 -1
339 2599 -1
888 2599 -1
602 2599 -1
2599 3548 -1
786 1124 -1
786 2919 -1
2034 2819 -1
1228 2819 -1
1939 2034 -1
285 2034 -1
2034 3719 -1
1503 3751 -1
1399 3751 -1
3403 3751 -1
1350 3751 -1
503 3751 -1
1503 1529 -1
1503 3659 -1
1503 1990 -1
1503 1510 -1
1503 1567 -1
2189 3186 -1
1113 1795 -1
3107 3121 -1
8 3121 -1
91 1071 -1
204 1071 -1
91 2521 -1
740 2492 -1
2492 2607 -1
2492 2652 -1
2492 3807 -1
740 2531 -1
746 2465 -1
273 3113 -1
759 2699 -1
392 450 -1
194 450 -1
450 1418 -1
140 450 -1
450 2298 -1
626 3096 -1
459 2232 -1
459 1935 -1
294 2725 -1
294 2576 -1
294 2339 -1
294 309 -1
294 3087 -1
506 3471 -1
1980 3471 -1
2765 3471 -1
1150 3471 -1
2983 3471 -1
278 2349 -1
2349 2352 -1
3208 3244 -1
3244 3458 -1
2640 3244 -1
2526 3244 -1
1046 3244 -1
1470 3244 -1
2997 3244 -1
788 2857 -1
1697 2857 -1
1285 2857 -1
2857 3623 -1
781 2857 -1
1878 2857 -1
641 2857 -1
2857 3678 -1
788 1492 -1
788 2838 -1
824 2165 -1
1163 2165 -1
2400 3199 -1
1840 3199 -1
2158 3199 -1
1470 1568 -1
1568 3458 -1
1568 3208 -1
1568 2640 -1
1568 2997 -1
1046 1568 -1
1568 2526 -1
1194 1470 -1
75 1470 -1
1470 1947 -1
1470 2341 -1
72 268 -1
72 2177 -1
72 3044 -1
72 2437 -1
72 1031 -1
72 1255 -1
72 2254 -1
72 575 -1
93 2375 -1
93 3582 -1
93 3126 -1
197 2034 -1
2034 2041 -1
1682 2034 -1
2034 3620 -1
197 1228 -1
1941 2630 -1
995 3015 -1
2744 3015 -1
995 2726 -1
159 3762 -1
159 414 -1
370 3052 -1
2680 3052 -1
2010 3052 -1
1195 3052 -1
370 1171 -1
1401 1814 -1
1963 3133 -1
1106 3113 -1
561 3311 -1
2994 3311 -1
561 3794 -1
561 764 -1
104 249 -1
104 2225 -1
104 2623 -1
104 556 -1
104 3271 -1
1553 2591 -1
1670 2940 -1
1753 2940 -1
3 2940 -1
2940 3157 -1
452 3762 -1
414 452 -1
1411 2300 -1
1719 3033 -1
1732 3033 -1
518 3033 -1
1719 2261 -1
696 3594 -1
1177 1922 -1
1082 1922 -1
1177 3595 -1
939 2583 -1
939 1010 -1
939 3562 -1
939 2557 -1
2500 2686 -1
2382 2738 -1
649 2738 -1
318 2738 -1
2371 2734 -1
2734 3537 -1
1940 2734 -1
127 2734 -1
2378 3769 -1
2746 3785 -1
796 2746 -1
1501 2746 -1
654 2746 -1
2885 2918 -1
661 2918 -1
78 3370 -1
950 2944 -1
2869 2944 -1
51 3267 -1
3144 3267 -1
51 1920 -1
51 2589 -1
51 1751 -1
2012 2845 -1
589 1861 -1
589 1936 -1
1443 2335 -1
147 2765 -1
2681 2765 -1
147 506 -1
147 1980 -1
147 1150 -1
147 2983 -1
479 629 -1
2779 3357 -1
2044 3353 -1
221 2044 -1
2044 2911 -1
3427 3803 -1
353 3803 -1
2309 3803 -1
1272 3803 -1
3668 3803 -1
3576 3803 -1
3743 3803 -1
1144 3311 -1
1105 3311 -1
3311 3753 -1
1673 3311 -1
1144 3794 -1
764 1144 -1
978 2703 -1
569 2703 -1
2703 3276 -1
2409 2703 -1
1773 2557 -1
640 2557 -1
994 2557 -1
1003 2557 -1
1010 1773 -1
1773 3562 -1
1773 2583 -1
2361 2822 -1
500 2822 -1
1548 2822 -1
2164 3574 -1
3360 3665 -1
1680 2389 -1
312 2389 -1
1147 2389 -1
1517 2389 -1
350 1680 -1
1948 2802 -1
1 2802 -1
2802 3524 -1
1153 2802 -1
1997 2802 -1
2350 2802 -1
1745 2802 -1
1226 3507 -1
1226 2697 -1
1226 3765 -1
1205 2272 -1
2195 2272 -1
2272 2534 -1
1230 2172 -1
2172 2811 -1
363 2206 -1
363 1660 -1
916 1015 -1
969 3756 -1
507 3756 -1
754 969 -1
969 2235 -1
969 3775 -1
431 969 -1
252 3116 -1
2340 2745 -1
2340 2743 -1
170 578 -1
1392 1776 -1
1776 3291 -1
1507 1776 -1
1182 2594 -1
1837 2594 -1
1182 2481 -1
1182 2729 -1
1182 3242 -1
1182 3045 -1
1182 2031 -1
2576 3192 -1
3087 3192 -1
2339 3192 -1
2725 3192 -1
309 3192 -1
552 2599 -1
2544 2599 -1
2574 2599 -1
2632 3500 -1
3267 3332 -1
1920 3332 -1
2589 3332 -1
1751 3332 -1
274 3267 -1
2161 2790 -1
2161 3622 -1
2594 2968 -1
2481 2968 -1
2729 2968 -1
2968 3242 -1
2968 3045 -1
2031 2968 -1
2594 3486 -1
1572 3256 -1
2851 3256 -1
1572 3161 -1
216 358 -1
1820 3746 -1
1251 3746 -1
2086 3746 -1
1032 3746 -1
2217 3746 -1
3637 3746 -1
1050 3746 -1
1432 2340 -1
582 1075 -1
3095 3470 -1
947 1770 -1
1528 1770 -1
809 1770 -1
1770 2754 -1
944 1770 -1
1770 3774 -1
362 912 -1
912 913 -1
472 2958 -1
2502 2958 -1
812 2958 -1
108 2958 -1
2958 3057 -1
1944 2958 -1
2958 3679 -1
11 2151 -1
716 998 -1
998 1821 -1
716 3810 -1
716 745 -1
716 2192 -1
716 3576 -1
716 3668 -1
716 2008 -1
716 1598 -1
1700 3454 -1
2876 3454 -1
903 3454 -1
1700 2769 -1
206 1700 -1
2950 3272 -1
1113 2615 -1
2388 2527 -1
2388 2535 -1
831 2388 -1
392 1728 -1
194 1728 -1
1418 1728 -1
140 1728 -1
1728 2298 -1
250 2330 -1
241 2330 -1
61 3507 -1
61 2697 -1
61 3765 -1
658 718 -1
718 3703 -1
3265 3338 -1
232 3265 -1
2244 3265 -1
2801 3012 -1
2424 2801 -1
2985 3271 -1
2225 2985 -1
249 2985 -1
556 2985 -1
2623 2985 -1
1246 1956 -1
1246 3354 -1
1245 1246 -1
461 1565 -1
461 2226 -1
461 3677 -1
2001 2512 -1
1224 2001 -1
1483 2001 -1
372 2001 -1
2001 2791 -1
800 2026 -1
1940 2597 -1
2597 3537 -1
2371 2597 -1
127 2597 -1
1330 3418 -1
1017 3311 -1
1017 3794 -1
764 1017 -1
467 992 -1
992 3345 -1
148 1387 -1
1972 2404 -1
1207 3666 -1
1444 1525 -1
161 1525 -1
1525 2947 -1
1524 1525 -1
949 1525 -1
1525 2836 -1
756 1525 -1
1267 1444 -1
1204 1444 -1
1191 1444 -1
446 573 -1
573 2024 -1
573 1516 -1
325 573 -1
7 573 -1
1523 2072 -1
810 1523 -1
1995 3443 -1
1509 2742 -1
791 2831 -1
2524 2831 -1
1214 2831 -1
2059 2898 -1
2606 2898 -1
643 2059 -1
2059 3167 -1
3451 3585 -1
1696 1978 -1
1375 2114 -1
451 3368 -1
1346 3368 -1
3013 3368 -1
1768 3368 -1
1897 3368 -1
54 3368 -1
984 3368 -1
451 1186 -1
451 999 -1
451 1119 -1
351 451 -1
1290 1356 -1
1190 2582 -1
135 969 -1
135 507 -1
1434 3131 -1
229 717 -1
229 1320 -1
342 1256 -1
1154 3812 -1
1774 3551 -1
1169 3551 -1
2306 3551 -1
3123 3551 -1
1042 3551 -1
682 1774 -1
1320 3639 -1
717 3639 -1
1522 1619 -1
41 1522 -1
1522 1886 -1
2421 3323 -1
2610 3323 -1
1336 2421 -1
830 3338 -1
424 3338 -1
1604 3338 -1
1934 3338 -1
232 830 -1
830 2244 -1
403 2616 -1
866 2616 -1
2616 2715 -1
231 2616 -1
623 2776 -1
541 1474 -1
1474 1819 -1
868 1225 -1
653 868 -1
69 868 -1
1836 3329 -1
3329 3565 -1
428 1836 -1
1608 3119 -1
1755 3119 -1
476 2026 -1
1648 2675 -1
2528 2708 -1
2550 2595 -1
2078 2595 -1
254 2595 -1
2550 2816 -1
2550 3411 -1
2299 2550 -1
1011 3596 -1
1011 3234 -1
492 2026 -1
834 2324 -1
2324 2344 -1
834 1632 -1
462 2824 -1
1354 1382 -1
1324 3603 -1
707 3603 -1
862 3603 -1
857 1561 -1
940 1561 -1
751 1561 -1
367 857 -1
2128 3700 -1
890 3700 -1
1395 3700 -1
1556 3700 -1
802 3700 -1
3670 3700 -1
1675 3277 -1
769 3277 -1
3251 3277 -1
1158 1675 -1
1594 3266 -1
1493 2574 -1
2574 2784 -1
261 2574 -1
134 2574 -1
2574 2695 -1
525 2574 -1
19 2574 -1
1942 2574 -1
1179 2574 -1
552 1493 -1
1493 2544 -1
1493 3612 -1
1493 1893 -1
1493 2663 -1
505 3724 -1
3068 3160 -1
251 1668 -1
391 1763 -1
1763 3147 -1
391 1877 -1
391 1511 -1
1653 2926 -1
1627 1653 -1
2350 3551 -1
1 3551 -1
3524 3551 -1
1153 3551 -1
1997 3551 -1
1745 3551 -1
1948 3551 -1
682 2350 -1
217 252 -1
747 2168 -1
2168 3597 -1
2168 3821 -1
747 801 -1
2060 2469 -1
2064 2469 -1
2469 2592 -1
1413 2469 -1
2152 2413 -1
2152 2508 -1
2152 2999 -1
305 1072 -1
660 1072 -1
305 1253 -1
198 305 -1
305 3503 -1
3272 3418 -1
2262 2764 -1
2202 2262 -1
1062 2262 -1
669 2262 -1
870 2262 -1
511 2877 -1
184 2877 -1
1890 3494 -1
1560 3222 -1
1834 3763 -1
950 3218 -1
2869 3218 -1
1838 2593 -1
2472 2593 -1
1838 1965 -1
893 2268 -1
2416 3564 -1
2416 3510 -1
2970 3534 -1
296 3534 -1
1722 3365 -1
2674 3338 -1
2532 3338 -1
232 2674 -1
2244 2674 -1
2195 3573 -1
1205 3573 -1
2534 3573 -1
1447 2195 -1
411 3556 -1
625 3556 -1
411 3385 -1
411 3810 -1
411 1013 -1
411 745 -1
1142 2262 -1
1852 3384 -1
1181 1852 -1
375 684 -1
684 2522 -1
552 3087 -1
2544 3087 -1
2574 3087 -1
552 2576 -1
552 2339 -1
552 2725 -1
309 552 -1
790 1449 -1
2043 3467 -1
809 3467 -1
3467 3774 -1
1194 2929 -1
1568 2929 -1
75 2929 -1
1947 2929 -1
2341 2929 -1
416 1485 -1
1485 3690 -1
2070 3413 -1
401 3413 -1
2058 3413 -1
1114 3259 -1
2086 3191 -1
1032 3191 -1
2217 3191 -1
1050 3191 -1
1251 3191 -1
1820 3191 -1
2357 3357 -1
1297 3357 -1
2038 3357 -1
1500 3529 -1
2011 3243 -1
2494 3396 -1
3236 3396 -1
1298 2494 -1
2494 3326 -1
1409 2800 -1
2800 3185 -1
1762 3236 -1
1762 2494 -1
767 3060 -1
1848 3060 -1
1394 3060 -1
1843 3060 -1
767 2127 -1
1627 3091 -1
2926 3091 -1
1627 2204 -1
1627 2380 -1
656 748 -1
481 2722 -1
2722 3757 -1
425 481 -1
1860 3041 -1
3041 3409 -1
3041 3651 -1
1261 3041 -1
1860 2741 -1
601 3420 -1
257 3420 -1
1054 3420 -1
255 3420 -1
601 1134 -1
1949 2708 -1
1577 2708 -1
398 670 -1
64 670 -1
683 2933 -1
2546 2574 -1
971 2574 -1
552 2546 -1
2544 2546 -1
2546 3612 -1
1893 2546 -1
2546 2663 -1
3444 3451 -1
1066 3451 -1
3333 3451 -1
2613 3451 -1
176 3362 -1
1123 2700 -1
2153 2700 -1
1187 2700 -1
2700 3484 -1
694 2700 -1
268 1971 -1
1971 2177 -1
1971 3044 -1
1971 2437 -1
1031 1971 -1
1255 1971 -1
1971 2254 -1
575 1971 -1
1066 2708 -1
2708 3444 -1
2708 3333 -1
2613 2708 -1
1577 3235 -1
1949 3235 -1
1577 1723 -1
237 1577 -1
1577 2383 -1
1663 1855 -1
93 507 -1
93 969 -1
984 2078 -1
1346 2078 -1
451 2078 -1
2078 3013 -1
1768 2078 -1
1897 2078 -1
54 2078 -1
984 2550 -1
254 984 -1
798 2989 -1
2934 2989 -1
2989 3175 -1
694 2262 -1
2153 2262 -1
1123 2262 -1
2262 3484 -1
1187 2262 -1
1406 1856 -1
1306 1680 -1
156 1680 -1
312 1306 -1
1147 1306 -1
1306 1517 -1
2403 2413 -1
2413 2840 -1
741 2413 -1
2413 3541 -1
2279 2413 -1
301 2413 -1
2403 2508 -1
2403 2999 -1
1409 3141 -1
3141 3185 -1
1703 2330 -1
1467 2330 -1
932 2330 -1
1677 2330 -1
824 3192 -1
1163 3192 -1
1385 1417 -1
658 730 -1
730 3703 -1
593 658 -1
658 1923 -1
126 2359 -1
126 2529 -1
1887 1922 -1
1887 3595 -1
469 1182 -1
1182 1368 -1
1182 2181 -1
469 1837 -1
1277 3136 -1
946 1794 -1
468 946 -1
946 3708 -1
1078 2464 -1
397 2464 -1
1078 2934 -1
1078 3175 -1
145 2414 -1
1222 1514 -1
1109 1514 -1
1222 2040 -1
1222 2513 -1
220 3229 -1
220 933 -1
220 1397 -1
1221 2291 -1
987 3017 -1
3017 3476 -1
766 3017 -1
422 2594 -1
422 2481 -1
422 2729 -1
422 3242 -1
422 3045 -1
422 2031 -1
1581 3798 -1
162 3798 -1
1581 2423 -1
1649 1993 -1
1649 3404 -1
1649 3533 -1
2421 3562 -1
2610 3562 -1
1010 2421 -1
2421 2557 -1
2421 2583 -1
1350 1662 -1
1662 3403 -1
503 1662 -1
1317 1662 -1
1503 1662 -1
1399 1662 -1
833 3229 -1
833 933 -1
833 1397 -1
484 1685 -1
484 1816 -1
539 1142 -1
2379 3246 -1
1592 3246 -1
1959 3246 -1
2255 3246 -1
849 2379 -1
281 2379 -1
379 1838 -1
232 1838 -1
1838 2419 -1
1838 2067 -1
1838 2244 -1
379 2472 -1
2155 2694 -1
1505 2694 -1
1092 2694 -1
1285 2624 -1
641 2624 -1
788 2624 -1
1878 2624 -1
2624 3678 -1
1827 2090 -1
546 667 -1
667 1483 -1
667 2791 -1
1837 2095 -1
1182 2095 -1
431 756 -1
754 756 -1
756 2235 -1
756 3756 -1
756 3775 -1
161 431 -1
431 1444 -1
431 949 -1
431 2836 -1
1608 3670 -1
1755 3670 -1
1608 2128 -1
890 1608 -1
1395 1608 -1
1556 1608 -1
802 1608 -1
521 1033 -1
1070 3738 -1
1527 3712 -1
581 2215 -1
2215 3188 -1
97 581 -1
322 581 -1
395 581 -1
581 1540 -1
672 3300 -1
1264 2381 -1
1987 3682 -1
911 3474 -1
1559 3618 -1
913 1058 -1
362 1058 -1
871 1145 -1
1145 3076 -1
1145 1164 -1
1145 3379 -1
1141 1145 -1
1145 1303 -1
600 1145 -1
892 1145 -1
1145 1374 -1
154 871 -1
251 3060 -1
251 2127 -1
605 2901 -1
2901 3156 -1
399 2439 -1
866 917 -1
403 917 -1
917 2715 -1
231 917 -1
1758 3234 -1
3234 3352 -1
3234 3547 -1
3234 3438 -1
679 3234 -1
1758 3596 -1
2392 2980 -1
1800 2980 -1
2292 2980 -1
772 929 -1
929 3064 -1
929 1731 -1
929 1420 -1
55 929 -1
2393 3422 -1
1580 3422 -1
2278 3422 -1
1428 3129 -1
2325 3603 -1
753 1824 -1
753 1807 -1
149 3205 -1
3205 3226 -1
2242 3205 -1
357 2272 -1
2272 2864 -1
653 2272 -1
69 2272 -1
1607 2272 -1
282 3452 -1
2463 2714 -1
822 2714 -1
2714 3230 -1
2714 3391 -1
143 395 -1
97 143 -1
143 322 -1
143 1540 -1
143 2215 -1
365 514 -1
787 2627 -1
80 2627 -1
2019 3408 -1
263 266 -1
263 3057 -1
263 2642 -1
263 3679 -1
97 1934 -1
322 1934 -1
395 1934 -1
1540 1934 -1
1934 2215 -1
97 424 -1
97 1604 -1
97 830 -1
2214 3072 -1
3040 3072 -1
820 2214 -1
1284 2041 -1
515 2041 -1
1284 1682 -1
1284 3620 -1
197 1284 -1
2318 2462 -1
1493 2528 -1
2528 2784 -1
261 2528 -1
134 2528 -1
2528 2695 -1
525 2528 -1
19 2528 -1
1942 2528 -1
1179 2528 -1
1269 1326 -1
1726 1999 -1
913 1963 -1
362 1963 -1
542 1507 -1
542 1392 -1
542 3291 -1
640 765 -1
765 994 -1
765 1003 -1
765 1773 -1
1493 1790 -1
1790 2784 -1
261 1790 -1
134 1790 -1
1790 2695 -1
525 1790 -1
19 1790 -1
1790 1942 -1
1179 1790 -1
1493 1716 -1
2626 3658 -1
396 3658 -1
856 2626 -1
2626 3373 -1
1897 3303 -1
1346 3303 -1
451 3303 -1
3013 3303 -1
1768 3303 -1
54 3303 -1
984 3303 -1
219 490 -1
219 1759 -1
546 898 -1
898 1483 -1
898 2791 -1
2901 2959 -1
2007 3535 -1
608 1538 -1
1948 2567 -1
1 2567 -1
2567 3524 -1
1153 2567 -1
1997 2567 -1
2350 2567 -1
1745 2567 -1
1948 2096 -1
1931 1948 -1
76 1948 -1
1885 1948 -1
944 1325 -1
1325 2754 -1
947 1325 -1
2252 2290 -1
524 2290 -1
466 3045 -1
466 2481 -1
466 2729 -1
466 3242 -1
466 2594 -1
466 2031 -1
2065 2973 -1
2065 3496 -1
2065 2212 -1
1039 2456 -1
1148 3657 -1
439 1011 -1
2064 2436 -1
2436 2592 -1
2060 2436 -1
1413 2436 -1
231 960 -1
866 960 -1
960 2715 -1
403 960 -1
231 1136 -1
231 3004 -1
245 1773 -1
356 1773 -1
245 640 -1
245 994 -1
245 1003 -1
2663 3332 -1
2544 3332 -1
3332 3612 -1
1893 3332 -1
2574 3332 -1
274 2663 -1
93 2792 -1
2596 2696 -1
2104 2696 -1
698 2696 -1
2596 2753 -1
2286 2596 -1
52 3446 -1
2945 3446 -1
52 88 -1
52 3694 -1
52 1687 -1
1133 3563 -1
1133 1255 -1
1133 1404 -1
1133 3398 -1
1031 1133 -1
151 1470 -1
1470 2922 -1
1470 2149 -1
151 3458 -1
151 3208 -1
151 2640 -1
151 2997 -1
151 1046 -1
151 2526 -1
2328 2340 -1
713 2774 -1
2525 3487 -1
1634 3487 -1
2981 3487 -1
2664 3487 -1
3487 3788 -1
303 3487 -1
3059 3487 -1
693 3487 -1
3190 3487 -1
3487 3581 -1
2213 3487 -1
1819 2928 -1
541 2928 -1
751 962 -1
857 962 -1
940 962 -1
50 1641 -1
1641 3457 -1
2222 3404 -1
1993 2222 -1
2222 3533 -1
2778 3069 -1
1933 3069 -1
1186 2778 -1
1119 2778 -1
2138 2518 -1
1033 3238 -1
1321 3086 -1
481 3070 -1
3070 3757 -1
56 1968 -1
608 2322 -1
608 3092 -1
49 2672 -1
201 3001 -1
201 2621 -1
2137 3419 -1
308 2113 -1
1170 2113 -1
2113 2556 -1
1461 2113 -1
589 1307 -1
589 671 -1
589 2854 -1
589 1263 -1
6 773 -1
6 3324 -1
6 3707 -1
6 1108 -1
6 1599 -1
1244 2448 -1
925 2448 -1
2968 3050 -1
3050 3486 -1
2612 2957 -1
2957 3482 -1
2913 3259 -1
85 3259 -1
2511 3259 -1
2296 3333 -1
1066 2296 -1
2296 3444 -1
2296 2613 -1
2156 2568 -1
2568 3554 -1
1644 2314 -1
2988 3000 -1
2418 3000 -1
1295 3000 -1
2225 2492 -1
249 2492 -1
2492 2623 -1
556 2492 -1
2492 3271 -1
2225 2531 -1
26 3417 -1
26 1797 -1
1716 3444 -1
1790 3444 -1
1066 1716 -1
1716 3333 -1
1716 2613 -1
1793 2990 -1
2050 2582 -1
705 2577 -1
126 661 -1
126 2885 -1
312 1083 -1
1083 1680 -1
1083 1147 -1
1083 1517 -1
1083 1278 -1
528 3467 -1
1548 2035 -1
2035 2361 -1
500 2035 -1
2937 3067 -1
1497 2937 -1
501 776 -1
776 883 -1
2120 3690 -1
416 2120 -1
570 1984 -1
1984 2749 -1
1984 2902 -1
1054 3463 -1
601 3463 -1
257 3463 -1
255 3463 -1
1077 3034 -1
54 3226 -1
1346 3226 -1
2435 3226 -1
3013 3226 -1
3176 3226 -1
1897 3226 -1
1768 3226 -1
451 3226 -1
597 3226 -1
1558 3226 -1
984 3226 -1
2200 3226 -1
2549 3226 -1
54 2242 -1
54 149 -1
2037 3269 -1
858 1867 -1
1867 2956 -1
692 858 -1
1590 2953 -1
1801 3123 -1
1801 2306 -1
1042 1801 -1
1774 1801 -1
504 1973 -1
504 3599 -1
364 639 -1
1345 3230 -1
393 1345 -1
1345 3391 -1
822 1345 -1
1345 2463 -1
1314 3251 -1
769 1314 -1
1314 1675 -1
3440 3627 -1
3538 3627 -1
2266 2636 -1
1748 2715 -1
866 1748 -1
403 1748 -1
231 1748 -1
83 2564 -1
3 2564 -1
2564 3718 -1
2564 3789 -1
2039 2564 -1
1753 2564 -1
317 2564 -1
1500 3350 -1
161 876 -1
876 2947 -1
876 1444 -1
876 1524 -1
876 949 -1
876 2836 -1
756 876 -1
1202 2608 -1
840 1202 -1
78 3152 -1
1651 2750 -1
40 1651 -1
456 1651 -1
1651 1863 -1
1651 3247 -1
667 1554 -1
389 667 -1
341 1112 -1
3210 3709 -1
1498 3210 -1
1871 2713 -1
506 2405 -1
1980 2405 -1
2405 2765 -1
1150 2405 -1
2405 2983 -1
850 2690 -1
850 1180 -1
40 280 -1
280 456 -1
280 3247 -1
280 2750 -1
280 1863 -1
1473 3303 -1
1757 2157 -1
889 3594 -1
203 1613 -1
1613 3016 -1
1006 1613 -1
1488 1646 -1
722 1646 -1
682 2191 -1
2191 3551 -1
1583 2500 -1
746 3650 -1
2273 2602 -1
2336 2602 -1
2273 2523 -1
105 223 -1
1220 3729 -1
1707 3729 -1
1220 3264 -1
997 1906 -1
246 3166 -1
246 2312 -1
1850 1865 -1
1444 3662 -1
161 3662 -1
2947 3662 -1
1524 3662 -1
949 3662 -1
2836 3662 -1
756 3662 -1
560 2301 -1
328 2301 -1
972 2301 -1
607 1711 -1
2172 2489 -1
2172 3499 -1
151 1610 -1
1610 2922 -1
1610 2149 -1
1946 2219 -1
1767 1946 -1
2998 3262 -1
1122 1597 -1
1122 2891 -1
103 1122 -1
570 1008 -1
1008 2749 -1
1008 2902 -1
2506 3300 -1
73 3550 -1
1388 3739 -1
1589 2452 -1
2452 2766 -1
1945 2452 -1
2452 2884 -1
2452 3221 -1
2452 3630 -1
1414 3179 -1
1802 3179 -1
3158 3179 -1
207 2456 -1
1308 2456 -1
891 1719 -1
441 1719 -1
1719 2954 -1
891 1732 -1
518 891 -1
499 1890 -1
1484 2284 -1
129 692 -1
692 815 -1
129 1867 -1
1273 1496 -1
1273 2020 -1
2643 2782 -1
2457 2643 -1
2643 2770 -1
1149 3119 -1
28 2065 -1
623 2191 -1
173 1466 -1
1152 3005 -1
381 3498 -1
1952 3498 -1
855 3498 -1
590 602 -1
590 888 -1
339 590 -1
359 3094 -1
2398 3553 -1
3562 3609 -1
1010 3609 -1
2557 3609 -1
2583 3609 -1
345 3562 -1
1844 2330 -1
2411 2698 -1
1830 2411 -1
551 2411 -1
772 2918 -1
2918 3064 -1
1731 2918 -1
1420 2918 -1
55 2918 -1
178 899 -1
419 802 -1
419 2128 -1
419 890 -1
419 1395 -1
419 1556 -1
419 3670 -1
2903 3090 -1
2165 2984 -1
2200 2332 -1
2332 2435 -1
1558 2332 -1
2332 3176 -1
2332 2549 -1
54 2332 -1
2332 3013 -1
2200 3224 -1
1433 2235 -1
754 1433 -1
1433 3775 -1
1433 3756 -1
431 1433 -1
389 2250 -1
1554 2250 -1
389 3683 -1
389 2396 -1
389 3566 -1
3054 3063 -1
618 3054 -1
1780 3054 -1
2114 3782 -1
262 358 -1
1171 2056 -1
2056 3052 -1
740 2686 -1
2607 2686 -1
2652 2686 -1
2686 3807 -1
3121 3387 -1
1958 3308 -1
2188 3308 -1
128 1436 -1
1230 1762 -1
1762 2811 -1
604 3742 -1
1067 3742 -1
1203 3742 -1
289 2059 -1
289 2606 -1
966 2084 -1
1217 2230 -1
1469 3597 -1
747 1469 -1
1469 3821 -1
1176 2919 -1
1738 2919 -1
1124 1176 -1
1485 3570 -1
1960 2988 -1
1960 2418 -1
1295 1960 -1
364 1567 -1
364 1529 -1
364 3659 -1
364 1990 -1
364 3751 -1
635 3624 -1
1526 3384 -1
1181 1526 -1
2892 3755 -1
2329 2892 -1
2990 3154 -1
2513 2612 -1
2040 2612 -1
1514 2612 -1
2513 3482 -1
1854 3061 -1
3061 3073 -1
3352 3435 -1
1758 3435 -1
3435 3547 -1
1045 3435 -1
3435 3438 -1
679 3435 -1
3352 3544 -1
2437 3352 -1
575 3352 -1
1468 2212 -1
1468 3496 -1
1468 2973 -1
1236 3341 -1
820 1636 -1
1636 3072 -1
95 1116 -1
2 95 -1
998 2356 -1
2356 3810 -1
745 2356 -1
2192 2356 -1
2356 3576 -1
2356 3668 -1
2008 2356 -1
1598 2356 -1
1670 2052 -1
1753 2052 -1
3 2052 -1
2052 3157 -1
2130 3179 -1
387 3751 -1
387 1529 -1
387 3659 -1
387 1990 -1
387 1510 -1
387 1567 -1
515 2702 -1
1284 2702 -1
515 1219 -1
515 2467 -1
515 1925 -1
1626 1944 -1
1626 2598 -1
1626 2502 -1
812 1626 -1
108 1626 -1
1626 3057 -1
472 1626 -1
1626 3679 -1
30 321 -1
30 3450 -1
1 2063 -1
1153 2063 -1
2063 3524 -1
1997 2063 -1
2063 2350 -1
1745 2063 -1
2063 3227 -1
1948 2063 -1
1825 3448 -1
355 3448 -1
2058 3291 -1
401 3291 -1
2070 3291 -1
1392 2058 -1
1507 2058 -1
76 671 -1
671 1931 -1
671 2260 -1
671 1885 -1
671 2567 -1
76 1307 -1
76 2854 -1
76 1263 -1
25 1232 -1
192 1232 -1
1232 2186 -1
25 2061 -1
880 3080 -1
3080 3257 -1
564 3080 -1
1132 2049 -1
1425 2275 -1
876 3269 -1
3590 3652 -1
1164 2921 -1
2921 3076 -1
2758 2921 -1
871 2921 -1
2921 3379 -1
1141 2921 -1
1303 2921 -1
600 2921 -1
892 2921 -1
1374 2921 -1
1210 3417 -1
1210 1797 -1
2464 3266 -1
2934 3266 -1
3175 3266 -1
2394 2907 -1
86 2354 -1
2830 3204 -1
1912 3204 -1
2000 3204 -1
2684 3204 -1
1081 2830 -1
2830 3754 -1
239 341 -1
341 3368 -1
341 1186 -1
341 999 -1
341 1119 -1
341 351 -1
1308 3565 -1
207 3565 -1
1308 1836 -1
1065 1553 -1
933 1373 -1
1373 3229 -1
1373 1397 -1
688 843 -1
143 3362 -1
1455 2921 -1
3064 3728 -1
772 3728 -1
1731 3728 -1
1420 3728 -1
55 3728 -1
3064 3065 -1
973 3064 -1
1542 3064 -1
537 3064 -1
1380 3409 -1
3340 3409 -1
1380 3651 -1
1380 1860 -1
1261 1380 -1
1458 2906 -1
2499 2906 -1
2906 3478 -1
1783 2906 -1
572 2231 -1
2231 3586 -1
572 3314 -1
5 805 -1
5 2466 -1
151 1379 -1
1379 2922 -1
1379 2149 -1
3187 3689 -1
1418 2121 -1
392 2121 -1
2121 2298 -1
140 2121 -1
194 2121 -1
1418 2993 -1
108 751 -1
751 2502 -1
751 3057 -1
751 812 -1
472 751 -1
751 1944 -1
751 3679 -1
108 857 -1
108 940 -1
132 1304 -1
1304 2112 -1
1304 3430 -1
1928 3586 -1
572 1928 -1
1663 3819 -1
1031 2246 -1
2177 2246 -1
2246 3044 -1
2246 2437 -1
2246 3398 -1
1255 2246 -1
2246 3563 -1
268 2246 -1
2246 2254 -1
1404 2246 -1
575 2246 -1
659 1650 -1
659 3588 -1
857 2468 -1
940 2468 -1
751 2468 -1
1039 2978 -1
343 3780 -1
1799 3200 -1
579 3200 -1
2685 2709 -1
1292 2262 -1
2216 2262 -1
1262 2262 -1
855 2256 -1
1952 2256 -1
381 2256 -1
855 1052 -1
