861 3595 1
861 1387 1
1387 3595 1
501 3631 1
3100 3160 1
2539 3123 1
1837 3034 1
26 2028 1
1922 2627 1
56 1024 1
253 2598 1
1605 3057 1
31 2850 1
2580 3494 1
142 2033 1
95 185 1
1758 1864 1
1695 2707 1
2287 2634 1
860 2145 1
679 1624 1
1668 2308 1
2118 3227 1
1837 2539 1
2539 3034 1
1837 3123 1
3322 3739 1
473 1024 1
56 473 1
108 2539 1
108 3034 1
108 3123 1
108 1837 1
841 3467 1
1637 1864 1
1637 1758 1
1067 2823 1
1356 1597 1
358 826 1
1593 2223 1
185 2287 1
95 2287 1
185 2634 1
450 737 1
937 1203 1
1266 1387 1
1266 3595 1
861 1266 1
2843 3155 1
2843 3482 1
3155 3482 1
2104 2226 1
2291 2350 1
855 931 1
2979 3673 1
1837 2613 1
2613 3123 1
2613 3034 1
2539 2613 1
108 2613 1
1774 2223 1
1593 1774 1
235 1745 1
698 2048 1
217 630 1
2598 3580 1
253 3580 1
358 1364 1
826 1364 1
1759 3721 1
62 521 1
1332 2735 1
505 2651 1
1685 3702 1
2405 2800 1
1067 2648 1
2648 2823 1
1611 2735 1
1332 1611 1
860 2613 1
2145 2613 1
860 2539 1
108 860 1
860 1837 1
860 3123 1
860 3034 1
619 1153 1
630 1302 1
217 1302 1
1496 1774 1
1496 1593 1
1496 2223 1
565 723 1
3482 3739 1
3155 3739 1
2843 3739 1
3322 3482 1
269 1597 1
269 1356 1
1758 3389 1
1864 3389 1
1637 3389 1
1648 3389 1
1648 1864 1
1637 1648 1
1648 1758 1
2534 3085 1
3085 3285 1
2534 3285 1
124 3227 1
124 2118 1
630 2165 1
217 2165 1
1302 2165 1
847 1472 1
812 3051 1
2195 2707 1
1695 2195 1
1276 3034 1
860 1276 1
1276 2539 1
108 1276 1
1276 1837 1
1276 2613 1
1905 3776 1
267 1674 1
883 3210 1
62 406 1
406 521 1
352 1295 1
1042 2916 1
266 1689 1
26 374 1
374 2028 1
2201 2422 1
141 1295 1
141 352 1
1674 2306 1
267 2306 1
565 1770 1
723 1770 1
1584 2122 1
679 2609 1
1624 2609 1
2331 2533 1
1929 3100 1
1929 3160 1
2634 3444 1
185 3444 1
2287 3444 1
2020 3318 1
1203 2533 1
937 2533 1
1203 2331 1
981 1192 1
3123 3456 1
2539 3456 1
108 3456 1
1837 3456 1
2613 3456 1
860 3456 1
589 1066 1
443 3367 1
782 2627 1
782 1922 1
195 3057 1
195 1605 1
531 3679 1
2974 3171 1
1944 1997 1
3051 3580 1
812 3580 1
253 3051 1
2598 3051 1
505 1037 1
1037 2651 1
1431 3286 1
31 505 1
505 2850 1
31 2651 1
31 1037 1
872 1512 1
2534 2634 1
2634 3085 1
2634 3285 1
2287 2534 1
2534 3444 1
185 2534 1
1381 2064 1
3682 3763 1
241 1054 1
2704 3606 1
180 2237 1
863 907 1
149 3066 1
425 567 1
1875 2920 1
628 2270 1
2564 3665 1
2802 3619 1
225 242 1
1957 2949 1
463 2124 1
653 1172 1
648 3810 1
552 3245 1
3543 3576 1
920 1487 1
628 2941 1
2270 2941 1
425 1840 1
567 1840 1
1747 2751 1
107 2231 1
692 2544 1
913 2877 1
924 3469 1
2237 2768 1
180 2768 1
601 900 1
225 2976 1
242 2976 1
601 1867 1
900 1867 1
686 2483 1
1641 1793 1
321 483 1
2663 3682 1
2663 3763 1
1531 1884 1
686 2703 1
2483 2703 1
1282 2484 1
180 1401 1
1401 2768 1
1401 2237 1
1591 2079 1
1261 2483 1
686 1261 1
1261 2703 1
550 2256 1
1254 3364 1
1868 2277 1
180 3671 1
2768 3671 1
1401 3671 1
2237 3671 1
452 2611 1
107 208 1
208 2231 1
1661 1969 1
1109 3159 1
900 2864 1
601 2864 1
1867 2864 1
385 3217 1
3509 3665 1
2564 3509 1
864 2542 1
180 3469 1
2768 3469 1
1401 3469 1
2237 3469 1
3469 3671 1
180 924 1
1015 1842 1
2455 2785 1
979 3682 1
979 3763 1
979 2663 1
385 1494 1
1494 3217 1
1250 3556 1
863 1193 1
907 1193 1
1357 3601 1
257 1381 1
257 2064 1
28 2002 1
1861 2429 1
1250 2920 1
2920 3556 1
1250 1875 1
1646 1936 1
402 1638 1
35 2808 1
990 2406 1
2277 3710 1
1868 3710 1
610 2231 1
208 610 1
107 610 1
727 3496 1
1381 2506 1
2064 2506 1
257 2506 1
307 3469 1
307 2768 1
180 307 1
307 3671 1
307 1401 1
307 924 1
307 2237 1
1054 1254 1
241 1254 1
1054 3364 1
287 1736 1
1375 1736 1
287 1375 1
417 2692 1
69 2367 1
1641 2088 1
1793 2088 1
35 1068 1
1068 2808 1
2087 2506 1
2064 2087 1
257 2087 1
1381 2087 1
1152 1272 1
3621 3770 1
762 3375 1
2008 3749 1
2352 2898 1
783 1413 1
1531 2920 1
1884 2920 1
1250 1531 1
1531 1875 1
1531 3556 1
599 2483 1
599 1261 1
599 686 1
599 2703 1
1261 3249 1
599 3249 1
2483 3249 1
686 3249 1
2703 3249 1
2625 2871 1
2242 3810 1
648 2242 1
1199 1588 1
913 990 1
990 2877 1
913 2406 1
762 2987 1
2987 3375 1
2792 3385 1
1463 3601 1
1357 1463 1
2138 2877 1
913 2138 1
990 2138 1
2945 3362 1
2348 2544 1
692 2348 1
818 3710 1
818 1868 1
818 2277 1
2212 2629 1
284 3427 1
2351 3109 1
653 1174 1
1172 1174 1
1323 2920 1
1250 1323 1
1323 3556 1
1323 1875 1
1323 1531 1
1323 1884 1
388 2317 1
643 2880 1
816 3668 1
3159 3568 1
1109 3568 1
516 2162 1
1588 1854 1
1199 1854 1
2088 2544 1
1641 2544 1
1793 2544 1
2088 2348 1
692 2088 1
3268 3692 1
1514 1534 1
164 170 1
2442 3532 1
1219 3046 1
771 3344 1
203 3510 1
376 2131 1
1420 1853 1
2379 3592 1
1031 3130 1
611 1070 1
1117 1619 1
63 3617 1
1725 2743 1
508 1993 1
2545 2795 1
1587 3365 1
2658 2795 1
2545 2658 1
2848 3510 1
203 2848 1
2795 3151 1
2545 3151 1
2658 3151 1
1420 2189 1
1853 2189 1
2141 2658 1
2141 2545 1
2141 2795 1
2141 3151 1
2474 2711 1
125 3698 1
695 3046 1
695 1219 1
445 1004 1
421 1031 1
421 3130 1
2155 3232 1
1336 3404 1
508 1002 1
1002 1993 1
3516 3544 1
699 885 1
3544 3628 1
3516 3628 1
316 3347 1
1555 2953 1
50 884 1
951 2953 1
951 1555 1
736 3323 1
345 421 1
345 3130 1
345 1031 1
976 1877 1
3043 3628 1
3043 3544 1
3043 3516 1
1391 2795 1
1391 2545 1
1391 2658 1
1391 2141 1
1391 3151 1
315 1154 1
1006 1314 1
174 2531 1
2179 3720 1
709 881 1
345 1874 1
1874 3130 1
421 1874 1
1031 1874 1
3268 3510 1
3510 3692 1
2848 3268 1
203 3268 1
772 2479 1
976 2914 1
1877 2914 1
1314 2319 1
1006 2319 1
715 1429 1
1252 1790 1
414 846 1
704 901 1
1139 2479 1
772 1139 1
1743 3701 1
2467 2570 1
882 3046 1
882 1219 1
695 882 1
1886 2238 1
2040 3634 1
2179 2811 1
2811 3720 1
345 2467 1
2467 3130 1
1874 2467 1
421 2467 1
1031 2467 1
345 2570 1
571 771 1
571 3344 1
1327 2513 1
444 445 1
444 1004 1
3347 3398 1
316 3398 1
1051 2705 1
779 1002 1
779 1993 1
508 779 1
99 3711 1
1482 3435 1
1464 3667 1
2413 2467 1
421 2413 1
1031 2413 1
2413 2570 1
1874 2413 1
345 2413 1
2413 3130 1
1464 3207 1
3207 3667 1
2479 2531 1
1139 2531 1
772 2531 1
174 2479 1
3064 3161 1
2739 3701 1
1743 2739 1
1136 3720 1
1136 2179 1
1136 2811 1
1008 3692 1
1008 3268 1
1008 3510 1
2040 2513 1
2513 3634 1
1327 2040 1
64 1314 1
64 1006 1
64 2319 1
1391 3667 1
2658 3667 1
2795 3667 1
3151 3667 1
2545 3667 1
2141 3667 1
1391 3207 1
1391 1464 1
983 2379 1
983 3592 1
174 3608 1
2531 3608 1
2479 3608 1
704 1839 1
901 1839 1
144 772 1
144 1139 1
144 2531 1
144 2479 1
1679 3720 1
1136 1679 1
1679 2179 1
1679 2811 1
983 2999 1
2999 3592 1
2379 2999 1
1031 3593 1
2467 3593 1
421 3593 1
2413 3593 1
1874 3593 1
345 3593 1
3130 3593 1
174 709 1
709 3608 1
709 2531 1
709 2479 1
174 881 1
192 3493 1
603 705 1
2474 3742 1
2711 3742 1
1242 2356 1
1901 1959 1
725 2456 1
832 2399 1
2380 2963 1
3583 3583 1
1608 3142 1
2963 3696 1
2380 3696 1
1513 3319 1
650 2858 1
666 2690 1
1719 2361 1
3478 3480 1
2113 3555 1
2271 2543 1
1794 2180 1
2904 3094 1
1349 3420 1
752 2763 1
1032 2294 1
1180 2050 1
625 1471 1
1773 2480 1
2978 3642 1
2157 3201 1
2143 3465 1
1625 1848 1
2377 2399 1
832 2377 1
1499 2077 1
1053 3063 1
530 2978 1
530 3642 1
47 3103 1
500 2458 1
993 1574 1
786 3126 1
73 617 1
122 181 1
1183 1832 1
3000 3766 1
1707 2915 1
247 1003 1
838 2520 1
2077 3430 1
1499 3430 1
500 2763 1
2458 2763 1
500 752 1
2957 3700 1
1471 3655 1
625 3655 1
724 2844 1
1294 2259 1
247 3495 1
1003 3495 1
2353 2499 1
1788 2050 1
1180 1788 1
2150 3000 1
2150 3766 1
1294 1609 1
1609 2259 1
1277 2854 1
1220 2895 1
262 1394 1
59 3280 1
2204 2259 1
1609 2204 1
1294 2204 1
2895 3688 1
1220 3688 1
2690 3096 1
666 3096 1
262 1888 1
1394 1888 1
130 2012 1
582 2978 1
582 3642 1
530 582 1
1635 3201 1
1635 2157 1
366 2902 1
2726 3555 1
2113 2726 1
1700 2077 1
1499 1700 1
1700 3430 1
130 3263 1
2012 3263 1
780 3614 1
832 3091 1
2377 3091 1
2399 3091 1
1263 2977 1
1832 2963 1
1183 2963 1
1832 3696 1
1832 2380 1
130 224 1
224 2012 1
224 3263 1
1377 1730 1
130 1869 1
224 1869 1
1869 2012 1
1869 3263 1
1499 2246 1
1700 2246 1
2077 2246 1
2246 3430 1
2157 3007 1
3007 3201 1
1635 3007 1
1053 2749 1
2749 3063 1
1548 2245 1
2840 3555 1
2113 2840 1
2726 2840 1
37 1238 1
854 3639 1
2113 2854 1
2840 2854 1
2854 3555 1
2726 2854 1
1277 2113 1
1317 2214 1
1557 3412 1
2458 3430 1
2763 3430 1
500 3430 1
1700 2458 1
2246 2458 1
1499 2458 1
2077 2458 1
173 1783 1
1608 2012 1
2012 3142 1
224 1608 1
130 1608 1
1608 1869 1
1608 3263 1
1251 3495 1
1003 1251 1
247 1251 1
1701 2844 1
724 1701 1
259 1537 1
2353 3098 1
2499 3098 1
859 2399 1
832 859 1
859 2377 1
859 3091 1
1719 1782 1
1782 2361 1
2902 3094 1
366 3094 1
2902 2904 1
2157 2456 1
2456 3201 1
1635 2456 1
2456 3007 1
725 2157 1
411 3280 1
59 411 1
2480 3663 1
1773 3663 1
285 2788 1
247 3015 1
1003 3015 1
1251 3015 1
3015 3495 1
1009 2975 1
3340 3569 1
1576 2144 1
37 2520 1
1238 2520 1
37 838 1
1248 3495 1
1003 1248 1
1248 1251 1
1248 3015 1
247 1248 1
342 530 1
342 2978 1
342 3642 1
342 582 1
3015 3555 1
1248 3555 1
3495 3555 1
1003 3555 1
1251 3555 1
247 3555 1
2113 3015 1
2726 3015 1
2854 3015 1
2840 3015 1
2416 3400 1
1764 3316 1
2290 2509 1
577 3116 1
89 3084 1
67 2874 1
2296 2481 1
147 3179 1
1940 1940 1
1728 2776 1
469 3165 1
283 1553 1
386 1148 1
2276 3798 1
2035 2493 1
1453 2206 1
1400 2697 1
2301 2903 1
1490 3062 1
1553 1580 1
283 1580 1
94 2814 1
2181 3685 1
431 1278 1
293 1376 1
807 1041 1
3 2477 1
270 3775 1
2495 2697 1
1400 2495 1
186 911 1
912 3813 1
1613 3242 1
312 906 1
83 985 1
789 2695 1
2558 2757 1
795 2548 1
261 2548 1
261 795 1
2207 3199 1
1958 2290 1
1958 2509 1
952 2837 1
2098 3662 1
669 2039 1
283 3796 1
1553 3796 1
1580 3796 1
2006 3767 1
906 2619 1
312 2619 1
478 1376 1
293 478 1
1771 2134 1
1059 2453 1
437 3170 1
1541 2579 1
904 958 1
2297 2602 1
1057 2416 1
1057 3400 1
134 2013 1
1027 1257 1
1270 2421 1
1554 2280 1
952 2169 1
2169 2837 1
1811 1971 1
2121 2553 1
467 2665 1
2874 3148 1
67 3148 1
996 2693 1
1603 3758 1
835 3765 1
2695 3084 1
789 3084 1
89 2695 1
127 2235 1
81 2301 1
81 2903 1
1400 3481 1
2697 3481 1
2495 3481 1
1765 3309 1
339 2421 1
339 1270 1
2085 3165 1
469 2085 1
2121 2874 1
2553 2874 1
67 2121 1
2121 3148 1
437 2581 1
2581 3170 1
2837 2874 1
952 2874 1
2169 2874 1
67 2837 1
2121 2837 1
2837 3148 1
2553 2837 1
669 3748 1
2039 3748 1
438 2289 1
1530 2801 1
3195 3288 1
127 577 1
577 2235 1
127 3116 1
368 3116 1
368 577 1
127 368 1
293 3400 1
1376 3400 1
478 3400 1
293 2416 1
293 1057 1
2227 2296 1
2227 2481 1
160 3775 1
160 270 1
870 1211 1
1059 3718 1
2453 3718 1
1038 3170 1
437 1038 1
1038 2581 1
3154 3620 1
1649 3540 1
270 525 1
160 525 1
525 3775 1
2301 2922 1
81 2922 1
2903 2922 1
1670 3313 1
616 2465 1
2681 3045 1
2176 3507 1
102 457 1
469 775 1
775 3165 1
775 2085 1
1442 1735 1
495 1517 1
215 3805 1
2872 2885 1
583 1025 1
2393 2440 1
373 3148 1
373 2121 1
373 2874 1
67 373 1
373 2837 1
283 3242 1
3242 3796 1
1553 3242 1
1580 3242 1
283 1613 1
373 2278 1
67 2278 1
2121 2278 1
2278 3148 1
2278 2837 1
2278 2874 1
386 2757 1
1148 2757 1
386 2558 1
272 3199 1
272 2207 1
2594 2951 1
438 2121 1
2121 2289 1
67 438 1
438 2278 1
438 3148 1
438 2837 1
438 2553 1
438 2874 1
373 438 1
1270 2681 1
339 2681 1
2421 2681 1
1270 3045 1
2594 2624 1
2624 2951 1
89 2296 1
2296 3084 1
2296 2695 1
89 2481 1
89 2227 1
1441 1950 1
2587 2591 1
2330 3724 1
1313 3566 1
974 2678 1
1256 2532 1
1902 3186 1
3186 3293 1
1902 3293 1
1120 3695 1
2428 3646 1
805 1912 1
2392 2708 1
361 1369 1
544 1995 1
313 1178 1
3260 3704 1
1226 1662 1
785 1982 1
519 3080 1
689 2505 1
974 1299 1
1299 2678 1
1436 2873 1
1402 1778 1
2250 2392 1
2250 2708 1
65 2460 1
1120 2089 1
2089 3695 1
797 3271 1
13 1896 1
703 1675 1
1020 1721 1
2373 3068 1
1023 2473 1
1020 2234 1
1721 2234 1
1309 2946 1
588 3453 1
1094 2617 1
482 1604 1
1195 3236 1
1373 3380 1
218 3380 1
218 1373 1
706 2532 1
706 1256 1
1227 3308 1
2173 2718 1
7 2070 1
288 1675 1
288 703 1
2335 3371 1
1100 3174 1
1373 2774 1
218 2774 1
2774 3380 1
135 361 1
135 1369 1
2473 2551 1
1023 2551 1
1301 2417 1
655 2213 1
1060 1309 1
1060 2946 1
1436 2591 1
2591 2873 1
1436 2587 1
1778 2525 1
1402 2525 1
370 554 1
556 1319 1
511 3380 1
218 511 1
511 1373 1
511 2774 1
184 2213 1
184 655 1
303 1836 1
344 580 1
2674 3222 1
2587 3080 1
1436 3080 1
2591 3080 1
519 2587 1
2530 2889 1
1921 1950 1
1441 1921 1
1744 2773 1
1659 1924 1
405 986 1
2775 2829 1
325 397 1
2070 2755 1
7 2755 1
119 691 1
1149 2777 1
401 1965 1
2561 3350 1
708 1120 1
708 2089 1
708 3695 1
1286 1965 1
401 1286 1
1441 3237 1
1921 3237 1
1950 3237 1
1675 3629 1
288 3629 1
703 3629 1
382 2889 1
382 2530 1
2806 3793 1
830 3178 1
474 1441 1
474 1921 1
474 3237 1
474 1950 1
2599 3565 1
2168 2829 1
2168 2775 1
1149 2632 1
2632 2777 1
249 2852 1
249 1721 1
1721 2852 1
249 2234 1
249 1020 1
2283 3163 1
897 2839 1
361 2335 1
1369 2335 1
135 2335 1
361 3371 1
1120 3724 1
2089 3724 1
708 3724 1
3695 3724 1
1120 2330 1
768 1126 1
488 3222 1
488 2674 1
2593 3312 1
152 1226 1
152 1662 1
260 405 1
260 986 1
13 865 1
865 1896 1
188 2551 1
188 2473 1
188 1023 1
382 768 1
768 2889 1
768 2530 1
382 1126 1
2873 3683 1
1436 3683 1
2591 3683 1
1286 2024 1
401 2024 1
1965 2024 1
2561 2599 1
2599 3350 1
2561 3565 1
2664 2889 1
768 2664 1
2530 2664 1
382 2664 1
672 2635 1
1223 2139 1
1477 1912 1
805 1477 1
361 2387 1
1369 2387 1
2335 2387 1
2387 3371 1
135 2387 1
2667 3308 1
1227 2667 1
986 2275 1
260 2275 1
405 2275 1
2466 3237 1
1441 2466 1
474 2466 1
1950 2466 1
1921 2466 1
3119 3181 1
1538 2821 1
1658 2397 1
2964 3505 1
1519 1855 1
3277 3486 1
54 515 1
271 2061 1
684 3381 1
1393 2590 1
746 3479 1
1500 2786 1
798 2901 1
1712 3459 1
971 1880 1
1740 3381 1
684 1740 1
2536 3181 1
2536 3119 1
1913 1991 1
286 2115 1
921 1209 1
747 3289 1
1913 3746 1
1991 3746 1
1712 1987 1
1987 3459 1
541 2970 1
596 1987 1
596 1712 1
596 3459 1
138 3146 1
923 1913 1
923 3746 1
923 1991 1
2017 2316 1
984 2900 1
273 700 1
400 3553 1
654 1162 1
1892 2140 1
711 3716 1
1083 3597 1
1726 2232 1
3013 3253 1
27 585 1
670 2151 1
555 2420 1
286 1398 1
1398 2115 1
286 3627 1
2115 3627 1
1398 3627 1
1501 2541 1
2435 2446 1
555 1708 1
1708 2420 1
732 3405 1
3131 3381 1
1740 3131 1
684 3131 1
1352 2486 1
2643 2934 1
1111 3141 1
1125 1146 1
1432 3560 1
585 2251 1
27 2251 1
798 2919 1
2901 2919 1
2741 3472 1
1521 2140 1
1521 1892 1
877 1316 1
1672 2934 1
1672 2643 1
2536 3820 1
3181 3820 1
3119 3820 1
400 1538 1
1538 3553 1
400 2821 1
1819 2590 1
1393 1819 1
1987 3013 1
1712 3013 1
3013 3459 1
596 3013 1
1987 3253 1
2851 3414 1
3358 3787 1
1367 2540 1
1232 2517 1
440 1423 1
296 2942 1
1124 3414 1
1124 2851 1
1320 3129 1
2017 3514 1
2316 3514 1
146 162 1
1125 2015 1
1146 2015 1
710 1103 1
3716 3732 1
711 3732 1
1466 3321 1
2426 3041 1
717 3513 1
926 1168 1
2464 3553 1
400 2464 1
1538 2464 1
3110 3131 1
684 3110 1
1740 3110 1
3110 3381 1
811 1658 1
811 2397 1
732 2441 1
2441 3405 1
2111 2878 1
2111 3041 1
2878 3041 1
2111 2426 1
493 1852 1
1419 2783 1
2130 3513 1
717 2130 1
853 1419 1
853 2783 1
529 3472 1
529 2741 1
359 3343 1
2590 3462 1
1393 3462 1
1819 3462 1
923 3399 1
1913 3399 1
3399 3746 1
1991 3399 1
853 3321 1
1419 3321 1
2783 3321 1
853 1466 1
430 596 1
430 1712 1
430 1987 1
430 3459 1
430 3013 1
2021 2921 1
930 1645 1
54 710 1
515 710 1
54 1103 1
239 634 1
1103 2568 1
54 2568 1
710 2568 1
1345 1760 1
1519 3270 1
1855 3270 1
2900 3644 1
984 3644 1
2540 2934 1
1367 2934 1
1672 2540 1
2540 2643 1
3405 3821 1
2441 3821 1
732 3821 1
2015 3317 1
1146 3317 1
1125 3317 1
658 732 1
658 2441 1
658 3405 1
658 3821 1
3358 3746 1
3746 3787 1
3358 3399 1
1991 3358 1
1913 3358 1
923 3358 1
1466 3787 1
3321 3787 1
853 3787 1
1466 3746 1
1466 3358 1
2960 3012 1
548 1947 1
1599 1838 1
10 3392 1
206 2659 1
176 2752 1
2274 3410 1
3035 3653 1
548 2323 1
1947 2323 1
2790 2935 1
564 3156 1
2328 2518 1
3183 3433 1
441 513 1
298 3585 1
720 1462 1
1444 1596 1
351 2320 1
1931 2402 1
607 2355 1
51 2646 1
310 3680 1
1033 2302 1
605 2096 1
2518 3426 1
2328 3426 1
30 3484 1
486 3295 1
3659 3760 1
2069 3112 1
973 2668 1
683 1657 1
485 1370 1
2621 3156 1
564 2621 1
1509 1734 1
1620 2355 1
607 1620 1
842 2537 1
1082 2372 1
2205 3751 1
662 1415 1
2004 3751 1
2004 2205 1
413 2555 1
626 2883 1
934 3144 1
263 486 1
263 3295 1
331 1186 1
1931 2016 1
2016 2402 1
1582 3192 1
2328 2555 1
2555 3426 1
2518 2555 1
413 2328 1
294 416 1
176 1895 1
1895 2752 1
310 646 1
646 3680 1
667 2863 1
2537 3281 1
842 3281 1
513 667 1
441 667 1
513 2863 1
205 3535 1
403 3311 1
10 2575 1
2575 3392 1
32 992 1
1947 2781 1
2323 2781 1
548 2781 1
1508 1653 1
682 1954 1
202 2790 1
202 2935 1
360 2410 1
572 2621 1
564 572 1
572 3156 1
1871 2016 1
1871 2402 1
1871 1931 1
1709 2813 1
294 2203 1
416 2203 1
1960 2326 1
626 3302 1
2883 3302 1
564 1055 1
572 1055 1
1055 3156 1
1055 2621 1
460 3053 1
1212 2770 1
933 2782 1
1838 3794 1
1599 3794 1
1583 1650 1
1444 2302 1
1596 2302 1
1033 1444 1
2 2723 1
626 2809 1
2809 2883 1
2809 3302 1
808 2274 1
808 3410 1
3021 3613 1
753 1734 1
753 1509 1
2562 3291 1
1421 3140 1
3001 3794 1
1838 3001 1
1599 3001 1
1108 1583 1
1108 1650 1
2449 2797 1
537 1388 1
507 3001 1
507 3794 1
507 1838 1
507 1599 1
1397 2090 1
1166 1803 1
76 2557 1
2109 3257 1
123 3177 1
3229 3229 1
1564 2833 1
51 2836 1
2646 2836 1
360 2954 1
2410 2954 1
32 773 1
773 992 1
199 3052 1
2782 3659 1
933 3659 1
2782 3760 1
2203 3295 1
416 3295 1
294 3295 1
486 2203 1
263 2203 1
1734 3751 1
753 3751 1
1509 3751 1
1734 2004 1
1734 2205 1
396 3156 1
396 572 1
396 564 1
396 2621 1
396 1055 1
3111 3112 1
2069 3111 1
548 933 1
933 2323 1
933 1947 1
933 2781 1
548 3659 1
548 2782 1
572 3035 1
396 3035 1
3035 3156 1
564 3035 1
2621 3035 1
1055 3035 1
572 3653 1
205 2312 1
2312 3535 1
683 2797 1
1657 2797 1
683 2449 1
202 243 1
243 2790 1
243 2935 1
517 3140 1
517 1421 1
1388 1887 1
537 1887 1
2068 3144 1
934 2068 1
2659 3613 1
206 3613 1
2659 3021 1
236 3382 1
1710 3705 1
1358 2359 1
324 2907 1
1815 2282 1
18 3571 1
244 2771 1
638 3194 1
3515 3648 1
324 712 1
712 2907 1
813 2862 1
2273 3258 1
68 2913 1
355 2133 1
355 566 1
566 2133 1
751 827 1
2603 3439 1
1150 2125 1
651 3754 1
1515 1815 1
1515 2282 1
533 3468 1
1792 3610 1
1964 2983 1
1981 3300 1
1214 2078 1
49 3610 1
49 1792 1
827 3523 1
751 3523 1
3338 3664 1
1262 2185 1
9 2804 1
189 2432 1
324 2756 1
712 2756 1
2756 2907 1
335 1663 1
1452 1810 1
1049 2522 1
2522 3422 1
1049 3422 1
836 2314 1
2045 2603 1
2045 3439 1
1904 2247 1
426 613 1
751 1967 1
827 1967 1
1967 3523 1
18 169 1
169 3571 1
827 3648 1
3523 3648 1
1967 3648 1
751 3648 1
827 3515 1
1616 3554 1
1300 2529 1
940 3630 1
1515 1601 1
1601 2282 1
1601 1815 1
369 1214 1
369 2078 1
2172 2886 1
836 3778 1
2314 3778 1
1099 1600 1
369 404 1
404 2078 1
404 1214 1
169 221 1
18 221 1
221 3571 1
1410 2432 1
189 1410 1
369 3521 1
404 3521 1
2078 3521 1
1214 3521 1
916 3490 1
2433 2488 1
254 2461 1
997 1889 1
9 908 1
908 2804 1
1228 3153 1
221 3521 1
169 3521 1
18 3521 1
3521 3571 1
221 369 1
221 404 1
221 2078 1
221 1214 1
1910 3127 1
3353 3490 1
916 3353 1
155 2459 1
813 3463 1
2862 3463 1
1292 3521 1
169 1292 1
369 1292 1
18 1292 1
1292 3571 1
404 1292 1
1292 2078 1
221 1292 1
1214 1292 1
668 3173 1
3449 3745 1
2971 3570 1
1571 3422 1
1049 1571 1
1571 2522 1
3204 3571 1
3204 3521 1
169 3204 1
1292 3204 1
18 3204 1
221 3204 1
850 3754 1
651 850 1
1910 3610 1
3127 3610 1
1792 1910 1
49 1910 1
1409 1412 1
1262 3490 1
2185 3490 1
1262 3353 1
916 1262 1
827 938 1
938 3648 1
938 3523 1
938 1967 1
938 3515 1
751 938 1
1858 3388 1
1292 3396 1
3396 3521 1
3204 3396 1
169 3396 1
369 3396 1
18 3396 1
3396 3571 1
404 3396 1
1214 3396 1
221 3396 1
2078 3396 1
1787 3413 1
29 3005 1
849 1945 1
335 1822 1
1663 1822 1
566 2563 1
355 2563 1
2133 2563 1
849 3138 1
1945 3138 1
1410 3118 1
2432 3118 1
189 3118 1
375 940 1
375 3630 1
936 1410 1
936 2432 1
189 936 1
936 3118 1
1035 1844 1
1844 2771 1
1035 2771 1
244 1844 1
3241 3536 1
1331 3185 1
1058 1687 1
29 510 1
510 3005 1
1904 2860 1
2247 2860 1
68 420 1
420 2913 1
827 1228 1
1228 3648 1
1228 3523 1
938 1228 1
1228 1967 1
1228 3515 1
751 1228 1
827 3153 1
3331 3498 1
258 2284 1
2928 2929 1
1018 2995 1
40 1324 1
1237 2313 1
1084 3733 1
2378 2576 1
439 3332 1
652 3735 1
1688 3216 1
336 1684 1
896 1129 1
1342 1827 1
2586 3740 1
1802 2163 1
87 831 1
305 1863 1
336 509 1
509 1684 1
1386 3740 1
1386 2586 1
1245 3647 1
1798 3310 1
1022 2725 1
2324 2552 1
309 3623 1
509 1229 1
336 1229 1
1229 1684 1
1028 1643 1
2342 3502 1
1046 3502 1
1046 2342 1
3092 3485 1
781 2928 1
781 2929 1
305 1469 1
1469 1863 1
1342 2881 1
1827 2881 1
391 1417 1
1468 3310 1
1468 1798 1
1339 3208 1
2198 2644 1
178 1417 1
178 391 1
2164 3773 1
649 2342 1
649 1046 1
649 3502 1
2364 3755 1
2084 3666 1
1446 1851 1
3070 3198 1
905 1470 1
2560 2966 1
1386 2005 1
2005 2586 1
2005 3740 1
1046 1956 1
649 1956 1
1956 2342 1
1956 3502 1
1324 2295 1
40 2295 1
675 2758 1
3458 3458 1
410 3729 1
591 1643 1
591 1028 1
1306 2688 1
216 2725 1
216 1022 1
439 1260 1
1260 3332 1
896 2576 1
1129 2576 1
896 2378 1
1693 3076 1
1325 1915 1
1491 1640 1
3335 3458 1
1040 1403 1
2295 2959 1
40 2959 1
1324 2959 1
2321 3240 1
1040 1374 1
1374 1403 1
455 3647 1
455 1245 1
622 1234 1
821 3518 1
2867 2967 1
1667 1693 1
1667 3076 1
214 1978 1
201 2056 1
831 3188 1
87 3188 1
1569 3310 1
1468 1569 1
1569 1798 1
44 2349 1
156 3600 1
624 1128 1
112 2164 1
112 3773 1
2725 3567 1
216 3567 1
1022 3567 1
894 3773 1
112 894 1
894 2164 1
216 1640 1
1640 2725 1
1022 1640 1
1640 3567 1
216 1491 1
1069 3337 1
1189 1827 1
1189 2881 1
1189 1342 1
1021 3376 1
730 2284 1
258 730 1
177 3436 1
716 2295 1
40 716 1
716 1324 1
716 2959 1
2295 2521 1
40 2521 1
716 2521 1
1324 2521 1
2521 2959 1
1827 3650 1
2881 3650 1
1189 3650 1
1342 3650 1
318 3681 1
1245 2358 1
455 2358 1
2358 3647 1
1095 1141 1
391 1028 1
1028 1417 1
178 1028 1
391 1643 1
391 591 1
1688 2750 1
2750 3216 1
439 2604 1
1260 2604 1
2604 3332 1
93 3088 1
2640 3087 1
347 3357 1
1435 2521 1
40 1435 1
716 1435 1
1324 1435 1
1435 2959 1
1435 2295 1
2398 2491 1
2641 3599 1
1069 1071 1
1071 3337 1
943 1640 1
943 2725 1
943 1491 1
216 943 1
943 3567 1
943 1022 1
110 364 1
1504 1831 1
449 3070 1
449 3198 1
600 1040 1
600 1403 1
600 1374 1
475 2321 1
475 3240 1
1285 1963 1
1164 3076 1
1164 1667 1
1164 1693 1
1084 2398 1
2398 3733 1
1084 2491 1
503 2108 -1
1409 2333 -1
1412 2333 -1
801 3234 -1
1507 2290 -1
1507 2509 -1
1507 1958 -1
1813 2766 -1
23 2077 -1
23 2458 -1
23 1499 -1
23 1700 -1
23 2246 -1
23 3430 -1
506 3182 -1
2294 2434 -1
1032 2434 -1
1540 2108 -1
2273 2934 -1
2934 3258 -1
1672 2273 -1
2273 2643 -1
2273 2540 -1
1367 2273 -1
1115 3039 -1
929 3701 -1
929 2739 -1
929 1743 -1
375 3226 -1
940 3226 -1
3226 3630 -1
1158 3350 -1
1158 2561 -1
1158 2599 -1
322 330 -1
1748 1810 -1
1452 1748 -1
524 2231 -1
208 524 -1
524 610 -1
107 524 -1
247 3442 -1
1248 3442 -1
3442 3555 -1
3442 3495 -1
3015 3442 -1
1003 3442 -1
1251 3442 -1
591 3091 -1
1643 3091 -1
1028 3091 -1
391 3091 -1
591 832 -1
591 2377 -1
591 859 -1
591 2399 -1
1114 1247 -1
1195 3376 -1
3236 3376 -1
1021 1195 -1
182 3269 -1
1173 1747 -1
1173 2751 -1
1904 3516 -1
2860 3516 -1
2247 3516 -1
1904 3544 -1
1904 3043 -1
1904 3628 -1
749 1450 -1
1139 1300 -1
144 1300 -1
1300 2531 -1
772 1300 -1
1300 2479 -1
1139 2529 -1
869 1324 -1
40 869 -1
716 869 -1
869 2959 -1
869 2295 -1
869 2521 -1
869 1435 -1
803 832 -1
803 2377 -1
803 859 -1
803 3091 -1
803 2399 -1
369 2542 -1
2542 3521 -1
2542 3396 -1
1292 2542 -1
404 2542 -1
1214 2542 -1
221 2542 -1
2078 2542 -1
369 864 -1
369 1998 -1
1998 3521 -1
1998 3396 -1
1292 1998 -1
404 1998 -1
1214 1998 -1
221 1998 -1
1998 2078 -1
2576 2624 -1
896 2624 -1
1129 2624 -1
2378 2624 -1
2576 2594 -1
2576 2951 -1
2045 2635 -1
2603 2635 -1
2635 3439 -1
672 2045 -1
1875 2523 -1
2523 2920 -1
1323 2523 -1
1250 2523 -1
1531 2523 -1
1016 2480 -1
1016 1773 -1
1016 3663 -1
1463 1681 -1
1681 3601 -1
1357 1681 -1
336 2348 -1
1684 2348 -1
509 2348 -1
1229 2348 -1
336 2544 -1
336 2088 -1
336 692 -1
964 3632 -1
979 2995 -1
2995 3682 -1
2995 3763 -1
2663 2995 -1
979 1018 -1
201 2181 -1
2056 2181 -1
201 3685 -1
761 2250 -1
761 2392 -1
761 2708 -1
2239 2480 -1
1773 2239 -1
2239 3663 -1
1409 3226 -1
1412 3226 -1
1178 3799 -1
313 3799 -1
6 3023 -1
353 3334 -1
1403 1862 -1
1040 1862 -1
600 1862 -1
1374 1862 -1
361 1347 -1
1347 1369 -1
1347 2387 -1
1347 2335 -1
1347 3371 -1
135 1347 -1
1378 1960 -1
1378 2326 -1
2624 2778 -1
2594 2778 -1
2778 2951 -1
859 2504 -1
832 2504 -1
2377 2504 -1
2504 3091 -1
2399 2504 -1
602 2880 -1
602 643 -1
36 2281 -1
1607 2359 -1
1358 1607 -1
1747 3353 -1
2751 3353 -1
1747 3490 -1
916 1747 -1
1262 1747 -1
47 1223 -1
1223 3103 -1
47 2139 -1
1702 3245 -1
552 1702 -1
1531 1708 -1
1250 1708 -1
1708 3556 -1
1708 2920 -1
1323 1708 -1
1708 1875 -1
1708 1884 -1
555 1531 -1
1531 2420 -1
833 877 -1
833 1316 -1
880 3518 -1
821 880 -1
2918 3431 -1
1531 2303 -1
1250 2303 -1
2303 3556 -1
2303 2920 -1
1323 2303 -1
1875 2303 -1
1884 2303 -1
2845 3625 -1
1463 3703 -1
3601 3703 -1
1357 3703 -1
1810 3406 -1
1452 3406 -1
1124 3338 -1
2851 3338 -1
3338 3414 -1
1124 3664 -1
1298 3046 -1
882 1298 -1
1219 1298 -1
695 1298 -1
833 2740 -1
380 1123 -1
3300 3651 -1
1981 3651 -1
182 2241 -1
1660 2662 -1
12 914 -1
1884 2998 -1
2920 2998 -1
1323 2998 -1
1531 2998 -1
2981 3354 -1
648 1505 -1
1505 3810 -1
1505 2242 -1
2264 2491 -1
1084 2264 -1
2264 2398 -1
37 3625 -1
2520 3625 -1
838 3625 -1
1238 3625 -1
1654 3817 -1
3066 3800 -1
149 3800 -1
1267 2359 -1
1267 1358 -1
2241 3817 -1
641 645 -1
2343 3010 -1
1711 3763 -1
1711 3682 -1
979 1711 -1
1711 2663 -1
1843 3354 -1
274 2066 -1
335 1131 -1
1131 1822 -1
1131 1663 -1
880 3332 -1
880 2604 -1
880 1260 -1
439 880 -1
51 87 -1
87 2836 -1
87 2646 -1
51 3188 -1
51 831 -1
1516 2398 -1
1516 2491 -1
1084 1516 -1
1516 3733 -1
1362 3424 -1
613 3124 -1
426 3124 -1
1115 1445 -1
329 673 -1
1338 3686 -1
378 2108 -1
387 1178 -1
313 387 -1
3392 3719 -1
10 3719 -1
2575 3719 -1
1445 2094 -1
410 1143 -1
1143 3729 -1
1275 2542 -1
864 1275 -1
424 2163 -1
424 1802 -1
18 1533 -1
1533 3521 -1
1533 3204 -1
169 1533 -1
1292 1533 -1
1533 3571 -1
1533 3396 -1
221 1533 -1
3424 3533 -1
2348 3315 -1
2544 3315 -1
2088 3315 -1
692 3315 -1
1185 3127 -1
1185 3610 -1
1185 1910 -1
964 3437 -1
347 3036 -1
3036 3357 -1
405 2027 -1
986 2027 -1
2027 2275 -1
260 2027 -1
2931 3647 -1
1245 2931 -1
2358 2931 -1
455 2931 -1
1220 3755 -1
3688 3755 -1
2895 3755 -1
1220 2364 -1
139 3300 -1
139 1981 -1
3175 3778 -1
2314 3175 -1
836 3175 -1
625 1798 -1
1798 3655 -1
1471 1798 -1
625 1569 -1
625 1468 -1
625 3310 -1
588 871 -1
871 3453 -1
53 1414 -1
1362 3542 -1
19 209 -1
833 3462 -1
833 1393 -1
833 1819 -1
833 2590 -1
1261 3315 -1
3249 3315 -1
599 3315 -1
2483 3315 -1
686 3315 -1
2703 3315 -1
6 3354 -1
328 1411 -1
2034 2909 -1
121 602 -1
608 628 -1
608 2941 -1
608 2270 -1
601 3172 -1
2864 3172 -1
1867 3172 -1
900 3172 -1
1708 3749 -1
555 3749 -1
2420 3749 -1
1708 2008 -1
1942 1956 -1
649 1942 -1
1942 2342 -1
1046 1942 -1
1942 3502 -1
622 3419 -1
1234 3419 -1
2096 3378 -1
605 3378 -1
425 1409 -1
1409 1840 -1
567 1409 -1
425 1412 -1
274 1696 -1
1796 3645 -1
1383 3668 -1
816 1383 -1
6 3773 -1
6 112 -1
6 2164 -1
6 894 -1
53 2604 -1
53 3332 -1
53 1260 -1
53 439 -1
668 3198 -1
3173 3198 -1
449 668 -1
668 3070 -1
2899 3172 -1
1445 3536 -1
1445 3241 -1
2156 2409 -1
999 1445 -1
838 3485 -1
2520 3485 -1
37 3485 -1
838 3092 -1
2753 3088 -1
93 2753 -1
582 3755 -1
2978 3755 -1
530 3755 -1
3642 3755 -1
342 3755 -1
582 2364 -1
311 2756 -1
311 712 -1
311 2907 -1
311 324 -1
1306 3263 -1
2688 3263 -1
224 1306 -1
1306 1608 -1
130 1306 -1
1306 2012 -1
1306 1869 -1
150 3607 -1
964 2632 -1
964 2777 -1
964 1149 -1
57 214 -1
57 1978 -1
1452 1731 -1
1731 1810 -1
39 1641 -1
39 2088 -1
39 1793 -1
39 2544 -1
2361 2623 -1
1782 2623 -1
1719 2623 -1
2818 3305 -1
2094 2756 -1
712 2094 -1
2094 2907 -1
324 2094 -1
640 3799 -1
2494 3340 -1
2494 3569 -1
2535 3625 -1
2881 2903 -1
2903 3650 -1
1827 2903 -1
1189 2903 -1
1342 2903 -1
81 2881 -1
2881 2922 -1
2301 2881 -1
1490 3331 -1
3062 3331 -1
1490 3498 -1
2973 3607 -1
1291 2083 -1
1046 2525 -1
649 2525 -1
1956 2525 -1
2342 2525 -1
2525 3502 -1
1046 1778 -1
1046 1402 -1
1389 3814 -1
616 1525 -1
1525 2465 -1
1446 3424 -1
1851 3424 -1
719 1208 -1
233 2917 -1
1657 2584 -1
683 2584 -1
2584 2797 -1
3385 3674 -1
2792 3674 -1
2831 3705 -1
1710 2831 -1
602 863 -1
602 1193 -1
602 907 -1
376 3019 -1
2131 3019 -1
351 2077 -1
2077 2320 -1
351 2458 -1
351 1499 -1
351 1700 -1
351 2246 -1
351 3430 -1
1729 3032 -1
857 1261 -1
857 3249 -1
599 857 -1
857 2483 -1
686 857 -1
857 2703 -1
1319 1687 -1
556 1687 -1
1058 1319 -1
1261 3072 -1
3072 3249 -1
599 3072 -1
2483 3072 -1
686 3072 -1
2703 3072 -1
429 2876 -1
624 1296 -1
1128 1296 -1
949 1282 -1
949 2484 -1
6 1863 -1
6 305 -1
6 1469 -1
663 3421 -1
633 3172 -1
1123 2624 -1
1123 2594 -1
1123 2951 -1
1378 1400 -1
1378 3481 -1
1378 2697 -1
1378 2495 -1
2206 3253 -1
1453 3253 -1
1987 2206 -1
2206 3013 -1
2240 3191 -1
964 2000 -1
57 1963 -1
57 1285 -1
362 3340 -1
362 3569 -1
936 3406 -1
2432 3406 -1
1410 3406 -1
189 3406 -1
3118 3406 -1
204 868 -1
1446 3548 -1
1851 3548 -1
2175 2570 -1
345 2175 -1
2175 2467 -1
2175 2413 -1
324 1131 -1
712 1131 -1
1131 2907 -1
1131 2756 -1
3 314 -1
314 2477 -1
212 2920 -1
212 1250 -1
212 3556 -1
212 1323 -1
212 1875 -1
212 1531 -1
212 1884 -1
1131 3771 -1
39 2604 -1
39 3332 -1
39 1260 -1
39 439 -1
633 2545 -1
633 2658 -1
633 2795 -1
633 1391 -1
633 3667 -1
633 3151 -1
633 2141 -1
668 1107 -1
1107 3173 -1
1084 1600 -1
1600 2491 -1
1600 3733 -1
1600 2398 -1
1084 1099 -1
405 2491 -1
986 2491 -1
2275 2491 -1
260 2491 -1
405 1084 -1
405 2398 -1
201 2393 -1
2056 2393 -1
201 2440 -1
362 673 -1
2490 3088 -1
93 2490 -1
1425 2640 -1
1425 3087 -1
251 2052 -1
1357 1729 -1
1729 3601 -1
1463 1729 -1
28 2998 -1
2002 2998 -1
1538 2332 -1
400 2332 -1
2332 3553 -1
2332 2464 -1
2332 2821 -1
2088 3590 -1
2544 3590 -1
1641 3590 -1
692 3590 -1
2348 3590 -1
1793 3590 -1
949 1893 -1
1411 2116 -1
588 3708 -1
3453 3708 -1
1798 3561 -1
1569 3561 -1
1468 3561 -1
3310 3561 -1
649 1207 -1
1207 1956 -1
1046 1207 -1
1207 2342 -1
1207 3502 -1
1040 3055 -1
600 3055 -1
1403 3055 -1
1374 3055 -1
2156 2536 -1
2156 3820 -1
2156 3181 -1
2156 3119 -1
645 3799 -1
1403 1858 -1
1040 1858 -1
600 1858 -1
1374 1858 -1
1403 3388 -1
1052 3300 -1
1052 1981 -1
2818 3314 -1
259 3088 -1
1537 3088 -1
93 259 -1
1296 2108 -1
2852 3599 -1
249 3599 -1
1721 3599 -1
2641 2852 -1
3127 3182 -1
3182 3610 -1
1910 3182 -1
1792 2566 -1
49 2566 -1
2566 3610 -1
1910 2566 -1
1531 2129 -1
1250 2129 -1
2129 3556 -1
2129 2920 -1
1323 2129 -1
1875 2129 -1
1884 2129 -1
2237 3172 -1
3172 3469 -1
2768 3172 -1
307 3172 -1
180 3172 -1
3172 3671 -1
1401 3172 -1
2504 3334 -1
258 998 -1
730 998 -1
998 2284 -1
1852 3097 -1
493 3097 -1
177 362 -1
362 3436 -1
1771 2396 -1
2134 2396 -1
484 1725 -1
484 2743 -1
2141 2231 -1
2231 2658 -1
2231 2795 -1
1391 2231 -1
2231 2545 -1
2231 3667 -1
2231 3151 -1
208 2141 -1
610 2141 -1
107 2141 -1
36 2619 -1
36 312 -1
36 906 -1
1797 2751 -1
1747 1797 -1
1956 3052 -1
649 3052 -1
2342 3052 -1
1046 3052 -1
3052 3502 -1
199 1956 -1
524 2237 -1
524 3469 -1
524 2768 -1
307 524 -1
180 524 -1
524 3671 -1
524 1401 -1
1403 1461 -1
1040 1461 -1
600 1461 -1
1374 1461 -1
610 1534 -1
208 1534 -1
107 1534 -1
1534 2231 -1
610 1514 -1
1021 3211 -1
3211 3376 -1
492 3719 -1
2731 2779 -1
1168 3559 -1
926 3559 -1
1737 3690 -1
281 2655 -1
3337 3661 -1
1069 3661 -1
1071 3661 -1
387 645 -1
1140 2918 -1
1549 3263 -1
224 1549 -1
1549 1608 -1
130 1549 -1
1549 2012 -1
1549 1869 -1
1412 3771 -1
1409 3771 -1
2665 2778 -1
467 2778 -1
869 1617 -1
999 1416 -1
801 2761 -1
919 1405 -1
556 637 -1
637 1319 -1
1470 3783 -1
905 3783 -1
369 425 -1
425 3521 -1
425 3396 -1
425 1292 -1
404 425 -1
425 1214 -1
221 425 -1
425 2078 -1
369 1840 -1
369 567 -1
465 2185 -1
465 3490 -1
465 1262 -1
371 1119 -1
16 2042 -1
208 212 -1
212 610 -1
107 212 -1
212 2231 -1
1989 2981 -1
1714 2859 -1
964 1301 -1
964 2417 -1
1226 2512 -1
152 2512 -1
1662 2512 -1
618 801 -1
382 1703 -1
768 1703 -1
1703 2889 -1
1703 2530 -1
1126 1703 -1
1703 2664 -1
372 2463 -1
891 2796 -1
1172 1792 -1
653 1792 -1
1174 1792 -1
49 1172 -1
1172 3610 -1
1172 1910 -1
34 1958 -1
34 2290 -1
34 2509 -1
929 3048 -1
3570 3771 -1
2971 3771 -1
724 1450 -1
1450 2844 -1
1450 1701 -1
1982 3337 -1
785 3337 -1
1069 1982 -1
1071 1982 -1
1962 1964 -1
1962 2983 -1
3533 3686 -1
833 2232 -1
833 1726 -1
1396 1580 -1
1396 1553 -1
1396 3242 -1
283 1396 -1
1396 3796 -1
1178 3800 -1
313 3800 -1
601 2179 -1
2179 2864 -1
1867 2179 -1
900 2179 -1
601 3720 -1
601 1136 -1
601 2811 -1
601 1679 -1
838 3357 -1
2520 3357 -1
37 3357 -1
347 838 -1
1434 3577 -1
1254 2359 -1
241 2359 -1
2359 3364 -1
1054 2359 -1
1254 1358 -1
1303 1953 -1
859 3294 -1
832 3294 -1
2377 3294 -1
3091 3294 -1
2399 3294 -1
3244 3544 -1
3244 3628 -1
3043 3244 -1
3244 3516 -1
2945 3300 -1
3300 3362 -1
1981 2945 -1
887 1080 -1
1483 3686 -1
958 2616 -1
904 2616 -1
588 1387 -1
1387 3453 -1
588 1266 -1
588 3595 -1
588 861 -1
604 2911 -1
588 641 -1
641 3453 -1
2105 3594 -1
2886 3210 -1
2172 3210 -1
883 2886 -1
2471 3427 -1
284 2471 -1
339 2036 -1
2036 2681 -1
2036 2421 -1
1270 2036 -1
2338 2342 -1
649 2338 -1
1956 2338 -1
1046 2338 -1
2338 3502 -1
890 1645 -1
890 930 -1
214 2388 -1
1978 2388 -1
34 53 -1
114 2827 -1
216 3619 -1
2725 3619 -1
1640 3619 -1
943 3619 -1
1491 3619 -1
3567 3619 -1
1022 3619 -1
216 2802 -1
660 1206 -1
2884 2969 -1
973 3331 -1
2668 3331 -1
973 3498 -1
1314 3589 -1
64 3589 -1
1006 3589 -1
2319 3589 -1
2576 3426 -1
896 3426 -1
1129 3426 -1
2378 3426 -1
2328 2576 -1
2555 2576 -1
2518 2576 -1
2067 3175 -1
42 886 -1
3465 3755 -1
2143 3755 -1
2364 3465 -1
364 2796 -1
110 2796 -1
999 2576 -1
896 999 -1
999 1129 -1
999 2378 -1
1446 2624 -1
1851 2624 -1
1446 2594 -1
1446 2951 -1
600 3191 -1
1040 3191 -1
1403 3191 -1
1374 3191 -1
2779 3022 -1
321 1697 -1
483 1697 -1
622 1394 -1
1234 1394 -1
622 1888 -1
262 622 -1
1104 2676 -1
1710 1813 -1
1813 3705 -1
2812 3337 -1
1069 2812 -1
1071 2812 -1
46 967 -1
2484 3231 -1
1282 3231 -1
1570 3663 -1
1570 2480 -1
1570 1773 -1
3 38 -1
38 2477 -1
47 3512 -1
3103 3512 -1
757 3376 -1
757 1021 -1
405 2378 -1
986 2378 -1
2275 2378 -1
260 2378 -1
405 2576 -1
405 896 -1
18 1796 -1
1796 3521 -1
1796 3204 -1
169 1796 -1
1292 1796 -1
1796 3571 -1
1796 3396 -1
221 1796 -1
717 3338 -1
3338 3513 -1
2130 3338 -1
717 3664 -1
502 1185 -1
1739 3066 -1
149 1739 -1
1822 1998 -1
1663 1998 -1
335 1998 -1
1729 2414 -1
633 3207 -1
633 1464 -1
3 209 -1
209 2477 -1
327 3042 -1
2185 2409 -1
2409 3490 -1
1262 2409 -1
19 118 -1
1646 3231 -1
1936 3231 -1
837 1516 -1
3117 3679 -1
531 3117 -1
2981 3310 -1
1569 2981 -1
1468 2981 -1
1798 2981 -1
1450 1938 -1
716 3163 -1
40 3163 -1
1324 3163 -1
2959 3163 -1
2295 3163 -1
2521 3163 -1
1435 3163 -1
716 2283 -1
136 474 -1
136 1441 -1
136 2466 -1
136 3237 -1
136 1950 -1
136 1921 -1
2383 2588 -1
1708 2206 -1
555 2206 -1
2206 2420 -1
1453 1708 -1
462 2220 -1
212 2799 -1
3088 3478 -1
93 3478 -1
3088 3480 -1
87 1453 -1
1453 3188 -1
831 1453 -1
87 2206 -1
322 338 -1
329 862 -1
1883 3097 -1
556 2535 -1
1319 2535 -1
379 1720 -1
1688 3186 -1
3186 3216 -1
2750 3186 -1
1688 3293 -1
1688 1902 -1
1220 3799 -1
3688 3799 -1
2895 3799 -1
3198 3694 -1
449 3694 -1
3070 3694 -1
634 2067 -1
239 2067 -1
1324 1334 -1
40 1334 -1
716 1334 -1
1334 2959 -1
1334 2295 -1
1334 2521 -1
1334 1435 -1
2480 2679 -1
1773 2679 -1
2679 3663 -1
155 2261 -1
2261 2459 -1
1217 3135 -1
348 1714 -1
1157 3523 -1
1157 3648 -1
938 1157 -1
1157 1228 -1
1157 1967 -1
827 1157 -1
751 1157 -1
1168 3595 -1
926 3595 -1
1168 1266 -1
1168 1387 -1
861 1168 -1
3 2997 -1
2477 2997 -1
251 1661 -1
251 1969 -1
964 1165 -1
1198 3300 -1
1198 1981 -1
3055 3164 -1
2401 3039 -1
1618 2917 -1
760 1940 -1
1016 1195 -1
1016 3236 -1
1414 1822 -1
1414 1663 -1
335 1414 -1
1998 3231 -1
1425 3542 -1
1898 3353 -1
1898 3490 -1
916 1898 -1
1262 1898 -1
591 3182 -1
1643 3182 -1
1028 3182 -1
391 3182 -1
979 2054 -1
2054 3682 -1
2054 3763 -1
2054 2663 -1
1666 3025 -1
375 1998 -1
940 1998 -1
1998 3630 -1
342 3067 -1
530 3067 -1
3067 3642 -1
2978 3067 -1
582 3067 -1
1650 2083 -1
1108 2083 -1
1583 2083 -1
364 3395 -1
110 3395 -1
232 2040 -1
232 2513 -1
232 3634 -1
232 1327 -1
1958 2056 -1
2056 2290 -1
2056 2509 -1
201 1958 -1
53 2881 -1
53 3650 -1
53 1827 -1
53 1189 -1
53 1342 -1
388 1729 -1
1729 2317 -1
614 863 -1
614 1193 -1
614 907 -1
2888 2969 -1
1172 2524 -1
653 2524 -1
1174 2524 -1
1660 1797 -1
972 3337 -1
972 1069 -1
972 1071 -1
860 1722 -1
1722 3456 -1
1722 2145 -1
1722 2539 -1
108 1722 -1
1722 1837 -1
1722 3123 -1
1722 2613 -1
1722 3034 -1
1276 1722 -1
180 3571 -1
3469 3571 -1
2768 3571 -1
307 3571 -1
3571 3671 -1
1401 3571 -1
924 3571 -1
2237 3571 -1
180 3521 -1
180 3204 -1
169 180 -1
180 1292 -1
18 180 -1
180 3396 -1
180 221 -1
1188 1708 -1
555 1188 -1
1188 2420 -1
622 3191 -1
1234 3191 -1
1678 3421 -1
432 582 -1
432 2978 -1
432 530 -1
432 3642 -1
342 432 -1
1705 1932 -1
3052 3719 -1
199 3719 -1
439 3263 -1
1260 3263 -1
3263 3332 -1
2604 3263 -1
224 439 -1
439 1608 -1
130 439 -1
439 2012 -1
439 1869 -1
357 3049 -1
1725 1933 -1
1933 2743 -1
159 2842 -1
353 2108 -1
2561 3729 -1
3565 3729 -1
3350 3729 -1
2599 3729 -1
410 2561 -1
1822 3345 -1
1663 3345 -1
335 3345 -1
2561 3647 -1
3565 3647 -1
3350 3647 -1
2599 3647 -1
1245 2561 -1
2358 2561 -1
455 2561 -1
1588 3778 -1
1854 3778 -1
1199 3778 -1
1588 2314 -1
836 1588 -1
1350 3019 -1
717 2067 -1
2067 3513 -1
2067 2130 -1
991 3350 -1
991 2561 -1
991 2599 -1
1446 3426 -1
1851 3426 -1
1446 2328 -1
1446 2555 -1
1446 2518 -1
2564 3315 -1
3315 3665 -1
3315 3509 -1
2466 3340 -1
1441 3340 -1
474 3340 -1
3237 3340 -1
1950 3340 -1
1921 3340 -1
2466 3569 -1
340 1389 -1
1751 3521 -1
1751 3204 -1
169 1751 -1
1292 1751 -1
369 1751 -1
18 1751 -1
1751 3571 -1
404 1751 -1
1751 2078 -1
1751 3396 -1
221 1751 -1
1214 1751 -1
2595 3260 -1
2595 3704 -1
1798 3489 -1
1569 3489 -1
1468 3489 -1
3310 3489 -1
2876 2918 -1
1622 3577 -1
47 2886 -1
2886 3103 -1
47 2172 -1
329 1739 -1
3354 3783 -1
201 1800 -1
1800 2056 -1
964 3308 -1
964 2667 -1
964 1227 -1
1827 2852 -1
2852 2881 -1
2852 3650 -1
1189 2852 -1
1342 2852 -1
249 1827 -1
1721 1827 -1
1678 3222 -1
488 1678 -1
1678 2674 -1
858 3452 -1
621 3457 -1
1303 3302 -1
1303 2809 -1
626 1303 -1
1303 2883 -1
943 2077 -1
2077 2725 -1
1640 2077 -1
2077 3567 -1
1491 2077 -1
216 2077 -1
1022 2077 -1
943 2458 -1
943 1499 -1
943 1700 -1
943 2246 -1
943 3430 -1
287 849 -1
849 1736 -1
849 1375 -1
287 1945 -1
287 3138 -1
1157 1446 -1
1157 1851 -1
1445 1490 -1
1445 3062 -1
506 1495 -1
832 2917 -1
2377 2917 -1
859 2917 -1
2917 3091 -1
2399 2917 -1
1460 2156 -1
362 1040 -1
362 600 -1
362 1403 -1
362 1374 -1
289 3655 -1
289 625 -1
289 1471 -1
2313 2525 -1
1237 2525 -1
1778 2313 -1
1402 2313 -1
556 905 -1
905 1319 -1
556 1470 -1
1796 1945 -1
849 1796 -1
1796 3138 -1
1226 2491 -1
152 2491 -1
1662 2491 -1
1084 1226 -1
1226 2398 -1
214 552 -1
552 1978 -1
214 3245 -1
214 3025 -1
1978 3025 -1
1119 2633 -1
349 3763 -1
349 3682 -1
349 979 -1
349 2663 -1
1101 3221 -1
3060 3548 -1
241 616 -1
616 1254 -1
616 1054 -1
241 2465 -1
6 2084 -1
6 3666 -1
857 2748 -1
1122 2071 -1
1953 3518 -1
821 1953 -1
3366 3735 -1
652 3366 -1
2776 3518 -1
1728 3518 -1
821 2776 -1
2870 3016 -1
699 1300 -1
885 1300 -1
699 2529 -1
3066 3415 -1
149 3415 -1
1378 1456 -1
227 2963 -1
227 3696 -1
227 1832 -1
227 2380 -1
227 1183 -1
2370 3097 -1
676 3198 -1
449 676 -1
676 3070 -1
2281 3331 -1
2281 3498 -1
387 2490 -1
586 3121 -1
887 1075 -1
212 949 -1
1116 2083 -1
1040 3190 -1
600 3190 -1
1403 3190 -1
1374 3190 -1
1452 3054 -1
1810 3054 -1
3353 3406 -1
3406 3490 -1
916 3406 -1
1262 3406 -1
3036 3334 -1
2752 3533 -1
176 3533 -1
1895 3533 -1
554 2595 -1
370 2595 -1
3332 3686 -1
2604 3686 -1
1260 3686 -1
439 3686 -1
1017 3178 -1
830 1017 -1
2040 2247 -1
2247 2513 -1
2247 3634 -1
1327 2247 -1
1904 2040 -1
2040 2860 -1
2228 3671 -1
2228 3469 -1
2228 2768 -1
307 2228 -1
180 2228 -1
1401 2228 -1
2228 2237 -1
846 2099 -1
414 2099 -1
1607 3590 -1
2546 3097 -1
2494 3334 -1
1792 2949 -1
49 2949 -1
2949 3610 -1
1910 2949 -1
1792 1957 -1
610 1511 -1
208 1511 -1
107 1511 -1
1511 2231 -1
2179 2237 -1
2237 3720 -1
1136 2237 -1
2237 2811 -1
1679 2237 -1
2179 3469 -1
2179 2768 -1
307 2179 -1
180 2179 -1
2179 3671 -1
1401 2179 -1
1435 1958 -1
40 1958 -1
1324 1958 -1
716 1958 -1
1958 2959 -1
1958 2295 -1
1958 2521 -1
1435 2290 -1
1435 2509 -1
6 1579 -1
1927 3231 -1
1405 2381 -1
2060 2885 -1
2060 2872 -1
633 2179 -1
633 3720 -1
633 1136 -1
633 2811 -1
633 1679 -1
859 3469 -1
832 3469 -1
2377 3469 -1
3091 3469 -1
2399 3469 -1
859 2768 -1
307 859 -1
180 859 -1
859 3671 -1
859 1401 -1
859 924 -1
859 2237 -1
86 1598 -1
332 357 -1
651 2486 -1
2486 3754 -1
850 2486 -1
651 1352 -1
1416 1446 -1
1416 1851 -1
964 1120 -1
964 2089 -1
964 3724 -1
708 964 -1
964 2330 -1
964 3695 -1
321 1684 -1
483 1684 -1
321 336 -1
321 509 -1
321 1229 -1
2676 2965 -1
3070 3451 -1
449 3451 -1
3198 3451 -1
1702 2401 -1
185 526 -1
526 2634 -1
526 2287 -1
526 3444 -1
526 2534 -1
95 526 -1
1122 2102 -1
2959 2983 -1
40 2983 -1
1324 2983 -1
716 2983 -1
2295 2983 -1
2521 2983 -1
1435 2983 -1
1964 2959 -1
1601 3203 -1
2282 3203 -1
1515 3203 -1
1815 3203 -1
1892 3135 -1
1521 3135 -1
2140 3135 -1
1303 2366 -1
21 47 -1
21 3103 -1
2116 3042 -1
2761 3304 -1
93 3674 -1
3088 3674 -1
39 979 -1
39 3682 -1
39 3763 -1
39 2663 -1
335 2503 -1
1822 2503 -1
1663 2503 -1
18 1339 -1
1339 3521 -1
1339 3204 -1
169 1339 -1
1292 1339 -1
1339 3571 -1
1339 3396 -1
221 1339 -1
18 3208 -1
342 1807 -1
530 1807 -1
1807 3642 -1
1807 2978 -1
582 1807 -1
484 794 -1
1722 2467 -1
421 1722 -1
1031 1722 -1
1722 3593 -1
1722 2570 -1
1722 2413 -1
1722 1874 -1
345 1722 -1
1722 3130 -1
360 2881 -1
2410 2881 -1
2881 2954 -1
360 3650 -1
360 1827 -1
360 1189 -1
360 1342 -1
2842 3745 -1
2842 3449 -1
787 3216 -1
787 1688 -1
787 2750 -1
371 1131 -1
385 3334 -1
3217 3334 -1
1494 3334 -1
333 3334 -1
1700 1722 -1
1722 2246 -1
1722 2458 -1
1499 1722 -1
1722 2077 -1
1722 3430 -1
1629 3182 -1
37 1678 -1
1678 2520 -1
838 1678 -1
1238 1678 -1
362 2526 -1
251 2808 -1
35 251 -1
251 1068 -1
2113 3714 -1
3555 3714 -1
2726 3714 -1
2854 3714 -1
3015 3714 -1
2840 3714 -1
1277 3714 -1
444 633 -1
633 1004 -1
445 633 -1
3042 3676 -1
2564 3590 -1
3590 3665 -1
3509 3590 -1
311 1980 -1
1262 1893 -1
1893 2185 -1
1893 3490 -1
916 1893 -1
1893 3353 -1
259 3118 -1
1537 3118 -1
259 2432 -1
259 936 -1
259 1410 -1
189 259 -1
1414 3345 -1
2192 2995 -1
1018 2192 -1
1303 3589 -1
3332 3717 -1
2604 3717 -1
1260 3717 -1
439 3717 -1
405 858 -1
858 986 -1
858 2275 -1
260 858 -1
1012 1374 -1
1012 1040 -1
600 1012 -1
1012 1403 -1
3 1943 -1
1943 2477 -1
2292 2404 -1
114 2610 -1
3478 3799 -1
3480 3799 -1
1752 2859 -1
3096 3127 -1
2690 3127 -1
666 3127 -1
3096 3610 -1
1910 3096 -1
2831 3326 -1
70 2576 -1
70 896 -1
70 1129 -1
70 2378 -1
1640 2981 -1
2725 2981 -1
943 2981 -1
1491 2981 -1
216 2981 -1
2981 3567 -1
1022 2981 -1
2102 2467 -1
421 2102 -1
1031 2102 -1
2102 3593 -1
2102 2570 -1
2102 2413 -1
1874 2102 -1
345 2102 -1
2102 3130 -1
46 209 -1
728 947 -1
329 3354 -1
3542 3594 -1
1458 3326 -1
633 3391 -1
232 1328 -1
405 2716 -1
986 2716 -1
2275 2716 -1
260 2716 -1
1810 2542 -1
1452 2542 -1
864 1810 -1
3167 3795 -1
293 896 -1
896 1376 -1
896 3400 -1
896 1057 -1
478 896 -1
896 2416 -1
293 2576 -1
293 1129 -1
293 2378 -1
19 34 -1
112 3774 -1
2164 3774 -1
3773 3774 -1
894 3774 -1
2077 2832 -1
2458 2832 -1
1499 2832 -1
1700 2832 -1
2246 2832 -1
2832 3430 -1
543 1708 -1
543 555 -1
543 2420 -1
362 1516 -1
1729 2636 -1
2221 2288 -1
1622 1711 -1
1872 3016 -1
1998 2282 -1
1601 1998 -1
1515 1998 -1
1815 1998 -1
791 2324 -1
791 2552 -1
212 998 -1
645 2689 -1
1491 1960 -1
1640 1960 -1
216 1960 -1
943 1960 -1
1491 2326 -1
2282 3303 -1
1601 3303 -1
1515 3303 -1
1815 3303 -1
1638 3231 -1
402 3231 -1
3 2604 -1
2477 2604 -1
3 3332 -1
3 1260 -1
3 439 -1
428 978 -1
1346 1678 -1
1798 2458 -1
1569 2458 -1
1468 2458 -1
2458 3310 -1
1700 1798 -1
1798 3430 -1
1798 2246 -1
1798 2763 -1
500 1798 -1
1499 1798 -1
1798 2077 -1
2753 2861 -1
32 1469 -1
992 1469 -1
773 1469 -1
32 305 -1
32 1863 -1
405 3415 -1
986 3415 -1
2275 3415 -1
260 3415 -1
1444 1660 -1
1033 1660 -1
1596 1660 -1
1660 2302 -1
2443 2918 -1
1429 2175 -1
715 2175 -1
600 645 -1
645 1040 -1
645 1403 -1
645 1374 -1
1350 1410 -1
1350 2432 -1
936 1350 -1
189 1350 -1
1350 3118 -1
2624 3542 -1
2594 3542 -1
2951 3542 -1
330 3063 -1
330 1053 -1
330 2749 -1
3755 3816 -1
2364 3816 -1
2956 3066 -1
149 2956 -1
1579 3068 -1
1579 2373 -1
3083 3135 -1
32 1491 -1
992 1491 -1
773 1491 -1
32 1640 -1
32 216 -1
32 943 -1
1245 3191 -1
455 3191 -1
2358 3191 -1
3191 3647 -1
321 354 -1
354 483 -1
1195 3420 -1
3236 3420 -1
1195 1349 -1
966 3340 -1
966 3569 -1
3306 3501 -1
2489 3235 -1
39 2077 -1
39 2458 -1
39 1499 -1
39 1700 -1
39 2246 -1
39 3430 -1
1906 2815 -1
1940 2871 -1
1940 2625 -1
677 1173 -1
3066 3219 -1
149 3219 -1
1445 2776 -1
1445 1728 -1
2071 3044 -1
2752 3332 -1
176 3332 -1
1895 3332 -1
2604 2752 -1
1260 2752 -1
439 2752 -1
1818 3542 -1
3148 3253 -1
67 3253 -1
2278 3253 -1
2121 3253 -1
2837 3253 -1
438 3253 -1
2874 3253 -1
373 3253 -1
1987 3148 -1
3013 3148 -1
613 1074 -1
426 1074 -1
1298 2542 -1
864 1298 -1
1158 2383 -1
622 2525 -1
1234 2525 -1
622 1778 -1
622 1402 -1
155 1898 -1
1898 2459 -1
1880 3135 -1
971 3135 -1
471 2231 -1
208 471 -1
471 610 -1
107 471 -1
1086 3412 -1
1086 1557 -1
1195 3733 -1
3236 3733 -1
1084 1195 -1
1195 2398 -1
61 1708 -1
61 555 -1
61 2420 -1
1166 3331 -1
1803 3331 -1
1166 3498 -1
2378 3452 -1
2576 3452 -1
896 3452 -1
1374 2381 -1
1040 2381 -1
600 2381 -1
1403 2381 -1
947 1748 -1
2150 3164 -1
3000 3164 -1
3164 3766 -1
1953 3567 -1
216 1953 -1
1640 1953 -1
1953 2725 -1
1022 1953 -1
943 1953 -1
86 1854 -1
86 1588 -1
86 1199 -1
752 1450 -1
1450 2763 -1
500 1450 -1
2404 2445 -1
470 2220 -1
1173 2497 -1
761 2338 -1
405 2364 -1
986 2364 -1
2275 2364 -1
260 2364 -1
405 3755 -1
309 3025 -1
3025 3623 -1
251 1940 -1
1202 2909 -1
947 1884 -1
947 2920 -1
947 1323 -1
947 1531 -1
2131 2237 -1
376 2237 -1
2131 3469 -1
2131 2768 -1
307 2131 -1
180 2131 -1
2131 3671 -1
1401 2131 -1
767 3235 -1
556 1890 -1
1319 1890 -1
1123 2778 -1
