1266 2988 1
269 1406 1
740 902 1
2097 3633 1
3425 3803 1
358 3328 1
0 377 1
407 3171 1
2033 3759 1
1231 2171 1
490 3328 1
358 490 1
1668 2612 1
72 3618 1
3155 3456 1
266 2937 1
15 925 1
1332 2195 1
2539 3155 1
2539 3456 1
2103 3057 1
1774 2580 1
2011 3809 1
531 1612 1
531 1488 1
1488 1612 1
2580 3123 1
1774 3123 1
2033 2843 1
2843 3759 1
1668 1774 1
1774 2612 1
1668 3123 1
1668 2580 1
1332 2974 1
2195 2974 1
269 604 1
604 1406 1
142 594 1
1067 3492 1
185 1785 1
592 2201 1
1610 2831 1
406 2988 1
406 1266 1
2730 3444 1
2422 3363 1
501 2048 1
636 3014 1
2961 3105 1
72 931 1
931 3618 1
3213 3557 1
253 3363 1
253 2422 1
1985 3547 1
3363 3524 1
253 3524 1
2422 3524 1
1274 1610 1
1274 2831 1
2325 3807 1
8 826 1
450 1302 1
56 3155 1
56 3456 1
56 2539 1
576 1127 1
0 589 1
377 589 1
1066 1849 1
490 3580 1
3328 3580 1
358 3580 1
1014 1024 1
269 3089 1
604 3089 1
1406 3089 1
0 142 1
142 377 1
142 589 1
0 594 1
2707 2991 1
565 2932 1
861 3488 1
2988 3739 1
1266 3739 1
406 3739 1
965 2136 1
1156 1837 1
2325 3325 1
3325 3807 1
423 2533 1
1153 2165 1
1485 3456 1
56 1485 1
1485 3155 1
1485 2539 1
2961 3227 1
3105 3227 1
2106 2331 1
1689 1881 1
158 2974 1
158 2195 1
158 1332 1
2485 3739 1
1266 2485 1
2485 2988 1
406 2485 1
2195 2706 1
1332 2706 1
158 2706 1
2706 2974 1
1231 2097 1
2097 2171 1
1231 3633 1
743 3759 1
743 2033 1
743 2843 1
1952 2171 1
1952 2097 1
1231 1952 1
1332 2136 1
2136 2706 1
2136 2195 1
158 2136 1
2136 2974 1
965 1332 1
1936 1957 1
1937 3612 1
1936 1936 1
278 1360 1
1487 2824 1
924 1172 1
2516 3036 1
527 3133 1
3351 3770 1
329 1736 1
139 1747 1
1854 2126 1
2898 3615 1
979 2965 1
78 2717 1
2184 3133 1
527 2184 1
1478 3621 1
150 3048 1
3066 3741 1
783 1704 1
3406 3509 1
1172 2044 1
924 2044 1
2663 2666 1
2564 3782 1
3351 3668 1
3668 3770 1
255 527 1
255 2184 1
255 3133 1
1638 1957 1
1638 1936 1
78 816 1
816 2717 1
1254 2002 1
1598 2483 1
2949 3427 1
2060 2717 1
816 2060 1
78 2060 1
412 2231 1
348 1104 1
1075 3395 1
653 3225 1
1283 2388 1
1052 1602 1
2212 3450 1
1998 3770 1
1998 3668 1
1998 3351 1
2237 3406 1
2237 3509 1
2307 3387 1
928 1104 1
348 928 1
171 2347 1
1696 1868 1
2211 2352 1
990 1480 1
840 1254 1
840 2002 1
1347 2592 1
1720 2137 1
1937 2564 1
2564 3612 1
1937 3782 1
778 3395 1
778 1075 1
979 2847 1
2847 2965 1
1531 2265 1
1272 1920 1
1357 2600 1
998 1526 1
402 3743 1
1998 3133 1
3133 3770 1
3133 3668 1
3133 3351 1
1998 2184 1
527 1998 1
255 1998 1
278 3509 1
1360 3509 1
278 2237 1
278 3406 1
653 1494 1
1494 3225 1
2808 3048 1
150 2808 1
643 1498 1
840 3327 1
2002 3327 1
1254 3327 1
1122 3427 1
1122 2949 1
733 1842 1
1347 3351 1
2592 3351 1
1347 1998 1
1347 3668 1
1347 3770 1
1347 3133 1
284 3496 1
918 1109 1
1204 3351 1
1204 2592 1
1204 1347 1
1204 1998 1
1204 3668 1
1204 3770 1
1204 3133 1
2654 3406 1
2654 3509 1
278 2654 1
2237 2654 1
1137 2348 1
816 1222 1
1222 2060 1
1222 2717 1
78 1222 1
357 2137 1
357 1720 1
2429 3763 1
928 2126 1
1104 2126 1
348 2126 1
928 1854 1
920 2748 1
1311 2785 1
840 1486 1
1486 2002 1
1254 1486 1
1486 3327 1
575 1159 1
1336 1424 1
608 2053 1
1587 3510 1
3474 3608 1
1814 3230 1
380 575 1
380 1159 1
2014 2745 1
3064 3649 1
587 1725 1
1110 3336 1
1669 1901 1
1326 3652 1
709 3180 1
956 2049 1
84 3443 1
1043 2615 1
1136 3162 1
5 3692 1
246 2230 1
1725 1790 1
587 1790 1
2059 2745 1
2014 2059 1
2655 3720 1
1246 1495 1
295 524 1
1527 2444 1
444 2049 1
444 956 1
2315 3649 1
2315 3064 1
3046 3609 1
393 466 1
48 1743 1
1241 3617 1
445 2953 1
2189 2478 1
1268 2014 1
1268 2745 1
1268 2059 1
2046 3139 1
772 2369 1
3145 3649 1
3064 3145 1
2315 3145 1
547 699 1
1314 3742 1
3162 3564 1
1136 3564 1
3180 3609 1
709 3609 1
3046 3180 1
901 1876 1
1713 3172 1
709 2252 1
2252 3609 1
2252 3180 1
390 414 1
1326 2822 1
2822 3652 1
1242 2615 1
1043 1242 1
1001 2508 1
2822 3180 1
3180 3652 1
1326 3180 1
2822 3046 1
709 2822 1
2252 2822 1
2822 3609 1
2702 3434 1
1001 2442 1
2442 2508 1
1242 2743 1
1043 2743 1
2615 2743 1
1731 3359 1
2584 3592 1
1725 2238 1
587 2238 1
1790 2238 1
1242 1716 1
1043 1716 1
1716 2743 1
1716 2615 1
320 2407 1
1197 3532 1
1906 2474 1
3056 3624 1
1790 3652 1
587 3652 1
1725 3652 1
2238 3652 1
1790 2822 1
1790 3180 1
1326 1790 1
2513 3365 1
1293 2014 1
1293 2745 1
1293 2059 1
1268 1293 1
1669 3139 1
1901 3139 1
1669 2046 1
736 3764 1
1390 3161 1
1925 2379 1
765 1336 1
765 1424 1
784 942 1
524 3795 1
295 3795 1
1535 3443 1
84 1535 1
1327 3279 1
164 951 1
194 3162 1
194 1136 1
194 3564 1
815 2584 1
815 3592 1
1511 2040 1
2131 3771 1
1636 1702 1
398 1781 1
755 882 1
1043 3214 1
1242 3214 1
2743 3214 1
1716 3214 1
2615 3214 1
1914 3517 1
1914 3461 1
3461 3517 1
1438 3049 1
1775 2661 1
322 3276 1
617 993 1
3143 3495 1
993 1317 1
617 1317 1
395 2157 1
2279 2375 1
792 1719 1
2978 3708 1
2224 3403 1
3114 3234 1
1185 3546 1
1806 1879 1
470 3663 1
1377 1794 1
181 993 1
181 617 1
181 1317 1
1451 2763 1
1939 3480 1
1707 2631 1
586 1548 1
757 2749 1
2007 2146 1
3489 3672 1
97 1618 1
687 2113 1
2143 2215 1
503 2215 1
503 2143 1
394 2904 1
332 586 1
332 1548 1
2180 2259 1
2246 2404 1
1574 3366 1
1380 3663 1
470 1380 1
2170 3383 1
1438 2094 1
2094 3049 1
480 1185 1
480 3546 1
2458 3040 1
79 2403 1
1399 2217 1
47 71 1
1537 2180 1
1537 2259 1
2215 2861 1
503 2861 1
2143 2861 1
2456 3816 1
968 3263 1
97 181 1
181 1618 1
97 993 1
97 1317 1
97 617 1
1499 3696 1
1003 1394 1
59 2425 1
1700 1939 1
1700 3480 1
73 1438 1
73 3049 1
73 2094 1
220 1788 1
1350 3445 1
503 2690 1
2143 2690 1
2690 2861 1
2215 2690 1
1161 3465 1
1160 1780 1
1503 2170 1
1503 3383 1
1005 2661 1
1005 1775 1
1732 3103 1
3098 3340 1
2144 2887 1
292 2144 1
292 2887 1
2425 3663 1
59 3663 1
1380 2425 1
470 2425 1
2264 2377 1
1106 2844 1
1537 2990 1
2259 2990 1
2180 2990 1
173 780 1
468 3024 1
1701 3201 1
1737 3546 1
480 1737 1
1185 1737 1
1106 3378 1
2844 3378 1
1799 3403 1
1799 2224 1
1698 3234 1
1698 3114 1
500 3126 1
1455 2489 1
903 3639 1
832 1394 1
832 1003 1
780 2157 1
173 2157 1
395 780 1
470 2214 1
2214 2425 1
1380 2214 1
2214 3663 1
1371 3802 1
2721 3000 1
2077 3766 1
1243 3184 1
220 3572 1
1788 3572 1
1350 2819 1
2819 3445 1
2670 3569 1
1625 3525 1
2235 3373 1
272 1188 1
1213 3316 1
245 3093 1
343 1039 1
186 356 1
323 343 1
323 1039 1
67 1453 1
1613 3116 1
1541 1647 1
2760 3297 1
343 3789 1
323 3789 1
1039 3789 1
317 3346 1
3 3769 1
2801 3313 1
1304 3179 1
319 2697 1
1179 2482 1
1280 2207 1
3441 3477 1
904 1530 1
602 1148 1
2903 3473 1
2493 3316 1
1213 2493 1
308 1811 1
685 3508 1
2630 3084 1
2035 2905 1
1133 2381 1
16 2729 1
1337 3116 1
1337 1613 1
2290 2671 1
2952 3093 1
245 2952 1
341 2439 1
1216 2371 1
438 3540 1
912 2470 1
293 2452 1
2421 2827 1
789 2993 1
1543 3789 1
1039 1543 1
323 1543 1
343 1543 1
952 2874 1
2452 2470 1
293 2470 1
912 2452 1
270 3756 1
2121 3620 1
1541 1580 1
1580 1647 1
356 2952 1
186 2952 1
356 3093 1
245 356 1
2278 3062 1
341 2874 1
2439 2874 1
341 952 1
3050 3116 1
1337 3050 1
1613 3050 1
1971 3718 1
127 911 1
1753 2579 1
39 874 1
2421 2439 1
2439 2827 1
2421 2874 1
341 2421 1
1079 3761 1
888 1461 1
919 3481 1
1041 1337 1
1041 3050 1
1041 3116 1
1041 1613 1
2289 2371 1
1216 2289 1
1257 3195 1
615 759 1
2148 2610 1
2181 3373 1
2181 2235 1
207 3033 1
1280 3545 1
2207 3545 1
2729 3752 1
16 3752 1
2031 2039 1
2776 3441 1
2776 3477 1
1453 2152 1
67 2152 1
3084 3346 1
2630 3346 1
317 3084 1
1027 2784 1
1940 2381 1
1133 1940 1
1012 2134 1
3165 3297 1
2760 3165 1
738 2006 1
616 1038 1
2776 2993 1
2993 3441 1
2993 3477 1
789 2776 1
1025 2523 1
16 3507 1
3507 3752 1
2729 3507 1
89 3507 1
16 89 1
89 3752 1
89 2729 1
3 1753 1
1753 3769 1
3 2579 1
1603 3620 1
1603 2121 1
828 1057 1
2181 2677 1
2235 2677 1
2677 3373 1
554 2593 1
878 3163 1
1721 3047 1
3437 3670 1
2684 3706 1
2427 2667 1
1744 2712 1
226 1830 1
2234 2383 1
290 2283 1
1930 2667 1
1930 2427 1
1165 1556 1
291 2828 1
945 1120 1
865 1930 1
865 2427 1
865 2667 1
2070 2805 1
226 3259 1
1830 3259 1
1656 2906 1
482 2775 1
580 2234 1
580 2383 1
2678 3581 1
1142 3611 1
1662 2089 1
22 959 1
2225 3108 1
511 1778 1
2392 2601 1
1532 1665 1
328 3646 1
135 2225 1
135 3108 1
1744 3163 1
2712 3163 1
878 1744 1
688 3047 1
688 1721 1
1778 2926 1
511 2926 1
313 1982 1
1223 3683 1
1226 2709 1
1163 1965 1
175 672 1
801 1436 1
1767 2275 1
1305 3750 1
1286 1675 1
1091 1974 1
1800 2183 1
1078 1163 1
1078 1965 1
2718 3724 1
188 228 1
1319 3503 1
249 691 1
2387 2591 1
2852 3437 1
2852 3670 1
2292 2587 1
2599 3059 1
1847 3190 1
1226 2024 1
2024 2709 1
7 3355 1
1659 3750 1
1305 1659 1
897 1477 1
2024 3629 1
1226 3629 1
2709 3629 1
1662 2283 1
2089 2283 1
290 1662 1
2698 3174 1
370 830 1
793 793 1
1247 3068 1
2777 3575 1
1807 3625 1
2383 3027 1
2234 3027 1
580 3027 1
481 2774 1
399 2712 1
399 1744 1
399 3163 1
2678 3683 1
3581 3683 1
1223 2678 1
1299 3504 1
554 1034 1
1034 2593 1
3236 3504 1
1299 3236 1
2617 3027 1
2234 2617 1
580 2617 1
2383 2617 1
511 2494 1
1778 2494 1
2494 2926 1
1020 2335 1
1847 2525 1
2525 3190 1
793 3047 1
688 793 1
793 1721 1
945 1995 1
1120 1995 1
688 2572 1
1721 2572 1
793 2572 1
2572 3047 1
228 2709 1
188 2709 1
228 2024 1
228 1226 1
228 3629 1
520 1823 1
2591 3574 1
2387 3574 1
226 2241 1
2241 3259 1
1830 2241 1
1501 1891 1
1865 3736 1
1560 1941 1
1359 2546 1
1949 3394 1
2030 2582 1
1310 3206 1
1168 3239 1
1103 3511 1
1708 2370 1
365 2798 1
558 3262 1
654 2232 1
2015 2111 1
493 1209 1
3414 3553 1
1913 2628 1
1367 1712 1
1146 2582 1
1146 2030 1
971 2374 1
1146 1581 1
1581 2030 1
1581 2582 1
1460 1768 1
2994 3644 1
3657 3697 1
493 3239 1
1209 3239 1
493 1168 1
1426 3253 1
926 2900 1
400 1105 1
3358 3421 1
1320 2568 1
1855 2038 1
430 3030 1
493 1284 1
1168 1284 1
1209 1284 1
1284 3239 1
1577 3317 1
1162 1297 1
2496 3129 1
1346 1729 1
1521 1772 1
477 1398 1
1320 1538 1
1538 2568 1
558 2934 1
2934 3262 1
1393 1852 1
585 926 1
585 2900 1
3008 3597 1
2036 2910 1
1125 2934 1
1125 3262 1
558 1125 1
700 3476 1
526 3732 1
823 1772 1
823 1521 1
796 1393 1
796 1852 1
711 3013 1
3289 3307 1
3029 3462 1
1918 2855 1
790 3459 1
2032 2588 1
54 3381 1
252 1855 1
252 2038 1
148 334 1
659 2588 1
659 2032 1
213 2268 1
1359 3654 1
2546 3654 1
731 923 1
2251 3821 1
1501 3141 1
1891 3141 1
1346 3472 1
1729 3472 1
1581 3146 1
1146 3146 1
2582 3146 1
2030 3146 1
2994 3394 1
3394 3644 1
1949 2994 1
430 2900 1
2900 3030 1
430 585 1
430 926 1
750 1913 1
750 2628 1
1852 3597 1
1393 3597 1
796 3597 1
1852 3008 1
2420 2540 1
299 1475 1
515 2571 1
499 684 1
3077 3301 1
2021 2736 1
1316 1352 1
359 2783 1
92 2357 1
597 1712 1
597 1367 1
2541 2857 1
1819 2038 1
252 1819 1
1819 1855 1
2021 3002 1
2736 3002 1
1489 2912 1
1320 2546 1
2546 2568 1
1538 2546 1
1320 3654 1
1320 1359 1
2151 2821 1
1466 3343 1
2575 2727 1
161 3339 1
2715 3324 1
1312 3069 1
949 2402 1
2781 3454 1
1502 3298 1
2454 3447 1
3169 3183 1
726 927 1
623 1724 1
735 1724 1
623 735 1
2438 2472 1
1082 1542 1
3730 3780 1
123 206 1
383 458 1
485 1994 1
1841 2947 1
2727 3447 1
2575 3447 1
2454 2727 1
1385 3112 1
3585 3728 1
3586 3760 1
90 1510 1
145 1123 1
187 1777 1
1650 3144 1
297 3402 1
360 1953 1
1273 3460 1
2732 2787 1
202 2203 1
2794 3311 1
219 383 1
219 458 1
1524 2813 1
297 1370 1
1370 3402 1
123 1421 1
206 1421 1
735 2583 1
1724 2583 1
623 2583 1
1177 3562 1
2787 3780 1
2732 3780 1
2787 3730 1
120 3122 1
120 1082 1
1082 3122 1
120 1542 1
842 1623 1
2646 2781 1
2646 3454 1
1354 3760 1
1354 3586 1
206 1115 1
123 1115 1
1115 1421 1
869 1421 1
869 1115 1
123 869 1
206 869 1
1960 2074 1
297 1596 1
1596 3402 1
1370 1596 1
297 1871 1
1871 3402 1
1596 1871 1
1370 1871 1
3112 3169 1
1385 3169 1
3112 3183 1
219 2528 1
458 2528 1
383 2528 1
537 2562 1
1119 2469 1
422 764 1
2503 2555 1
1264 2281 1
1542 1797 1
120 1797 1
1082 1797 1
1850 2790 1
548 1123 1
145 548 1
310 1524 1
310 2813 1
145 1370 1
1123 1370 1
548 1370 1
145 297 1
145 3402 1
145 1871 1
145 1596 1
396 753 1
1838 1931 1
3001 3291 1
2090 3053 1
346 954 1
2565 3402 1
297 2565 1
1871 2565 1
145 2565 1
1370 2565 1
1596 2565 1
238 2647 1
351 1465 1
1354 1870 1
1870 3760 1
1870 3586 1
2337 2410 1
2438 3339 1
2472 3339 1
161 2438 1
764 3356 1
422 3356 1
351 1583 1
1465 1583 1
1186 3166 1
869 3368 1
123 3368 1
1115 3368 1
1421 3368 1
206 3368 1
3339 3410 1
2472 3410 1
161 3410 1
2438 3410 1
562 2807 1
1121 1822 1
2043 2129 1
638 1671 1
418 2216 1
2125 3594 1
827 3573 1
857 3610 1
1687 2511 1
1443 2676 1
1086 2078 1
545 1447 1
545 3118 1
1447 3118 1
2220 2971 1
1383 3630 1
836 2359 1
49 3648 1
1271 2233 1
221 629 1
3523 3684 1
3577 3590 1
2244 3607 1
2273 3042 1
1214 2886 1
136 506 1
3258 3814 1
3017 3705 1
154 232 1
379 2172 1
1703 2412 1
155 2696 1
2753 3290 1
3020 3523 1
3020 3684 1
2699 3630 1
1383 2699 1
355 1663 1
29 851 1
506 3287 1
136 3287 1
791 2043 1
791 2129 1
88 2734 1
533 1086 1
533 2078 1
18 2343 1
221 3361 1
629 3361 1
2971 3610 1
2220 3610 1
857 2971 1
663 1575 1
1355 3382 1
3287 3446 1
136 3446 1
506 3446 1
851 2804 1
29 2804 1
1651 2524 1
836 3526 1
2359 3526 1
136 3806 1
506 3806 1
3446 3806 1
3287 3806 1
169 427 1
2336 2917 1
128 1355 1
128 3382 1
2896 3432 1
3009 3300 1
712 3778 1
557 2907 1
227 340 1
1292 2686 1
1520 2524 1
1520 1651 1
651 2244 1
651 3607 1
3153 3689 1
244 3573 1
244 827 1
1218 1792 1
196 3072 1
1292 1834 1
1834 2686 1
1520 3241 1
1651 3241 1
2524 3241 1
68 2550 1
3594 3602 1
2125 3602 1
484 1575 1
484 663 1
3153 3814 1
3689 3814 1
3153 3258 1
566 2860 1
2432 3806 1
136 2432 1
506 2432 1
2432 3446 1
2432 3287 1
1964 2110 1
1789 2001 1
355 1967 1
1663 1967 1
1298 2459 1
369 3536 1
2288 3463 1
545 2804 1
2804 3118 1
1447 2804 1
545 851 1
29 545 1
836 1155 1
1155 3526 1
1155 2359 1
510 1904 1
3602 3630 1
3594 3630 1
2125 3630 1
2699 3602 1
1383 3602 1
1099 3118 1
545 1099 1
1099 2804 1
1099 1447 1
2101 3067 1
494 2005 1
1107 2959 1
1586 2253 1
896 3070 1
1129 3099 1
593 2253 1
593 1586 1
1821 2816 1
660 3136 1
1497 1802 1
182 3099 1
182 1129 1
258 1831 1
2229 2929 1
1017 1722 1
2339 2881 1
1983 2791 1
770 3081 1
1739 3331 1
1644 3442 1
2816 3357 1
1821 3357 1
87 475 1
1915 1956 1
364 714 1
2395 3436 1
449 2284 1
36 581 1
1666 1690 1
304 593 1
304 1586 1
304 2253 1
1606 2526 1
600 716 1
2791 3599 1
1983 3599 1
641 1017 1
641 1722 1
1446 1739 1
1446 3331 1
2408 3354 1
1414 3740 1
372 2682 1
641 770 1
770 1017 1
770 1722 1
641 3081 1
1378 3800 1
1403 1497 1
1403 1802 1
862 3800 1
862 1378 1
1234 2434 1
43 1632 1
1074 2725 1
542 3506 1
649 2761 1
2382 2929 1
2229 2382 1
943 3379 1
1483 1956 1
1483 1915 1
43 209 1
209 1632 1
1989 3203 1
364 3431 1
714 3431 1
1141 1915 1
1141 1483 1
1141 1956 1
2866 3542 1
675 2679 1
871 2526 1
871 1606 1
1285 3332 1
12 2102 1
1779 3335 1
1040 2512 1
2538 3623 1
1445 3240 1
1208 2240 1
1101 2164 1
2101 2526 1
2526 3067 1
1606 2101 1
871 2101 1
1022 2640 1
512 3436 1
512 2395 1
1018 1606 1
1018 2101 1
1018 2526 1
871 1018 1
591 2758 1
2761 3817 1
649 3817 1
3132 3487 1
624 3442 1
624 1644 1
23 761 1
2881 2928 1
2339 2928 1
214 2408 1
214 3354 1
1339 1586 1
304 1339 1
593 1339 1
1339 2253 1
673 2322 1
641 2299 1
1017 2299 1
1722 2299 1
770 2299 1
2299 3081 1
2845 3666 1
1943 3088 1
1750 2364 1
1831 3092 1
258 3092 1
1285 3132 1
3132 3332 1
1285 3487 1
1071 3147 1
40 2576 1
2928 3092 1
2881 3092 1
2339 3092 1
258 2928 1
1831 2928 1
1819 2551 1
2551 2551 1
252 2551 1
2038 2551 1
1855 2551 1
1819 1819 1
223 2521 1
2521 2521 1
223 223 1
1744 2847 1
2712 2847 1
2847 2847 1
2847 3163 1
878 2847 1
399 2847 1
1744 1744 1
979 1744 1
1744 2965 1
104 1096 1
1096 1096 1
104 104 1
1284 1867 1
1168 1867 1
1209 1867 1
1867 1867 1
493 1867 1
1867 3239 1
1284 1284 1
1181 3601 1
3601 3601 1
1181 1181 1
152 686 1
686 686 1
152 152 1
1688 2593 1
2593 2593 1
1688 1688 1
554 1688 1
1034 1688 1
1699 3546 1
3546 3546 1
480 1699 1
1185 1699 1
1699 1699 1
1699 1737 1
1194 2030 1
2030 2030 1
1194 3146 1
1194 1581 1
1194 2582 1
1146 1194 1
1194 1194 1
1125 1887 1
558 1887 1
1887 3262 1
1887 2934 1
1887 1887 1
1125 1125 1
777 3648 1
3648 3648 1
49 777 1
777 777 1
1379 3582 1
3582 3582 1
1379 1379 1
2004 2775 1
2775 2775 1
482 2004 1
2004 2004 1
1555 1683 1
1683 1683 1
1555 1555 1
2705 3619 1
3619 3619 1
2705 2705 1
351 587 1
587 1465 1
587 587 1
587 1583 1
351 3652 1
351 2238 1
351 1725 1
351 1790 1
351 351 1
1533 2873 1
2873 2873 1
1533 1533 1
1502 1903 1
1903 3298 1
1903 1903 1
1502 1502 1
1793 2494 1
2494 2494 1
1793 1793 1
1778 1793 1
1793 2926 1
511 1793 1
1581 2979 1
2979 2979 1
2979 3146 1
2030 2979 1
2582 2979 1
1146 2979 1
1194 2979 1
1581 1581 1
2328 2718 1
2718 2718 1
2328 2328 1
2328 3724 1
1070 1294 1
1294 1294 1
1070 1070 1
627 1214 1
1214 1214 1
627 627 1
627 2886 1
3249 3753 1
3753 3753 1
3249 3249 1
1052 1224 1
1224 1224 1
1224 1602 1
1052 1052 1
469 2359 1
2359 2359 1
469 1155 1
469 836 1
469 469 1
469 3526 1
2271 2281 1
2281 2281 1
1264 2271 1
2271 2271 1
2062 2672 1
2672 2672 1
2062 2062 1
1335 1574 1
1574 1574 1
1335 3366 1
1335 1335 1
252 3551 1
3551 3551 1
1819 3551 1
2551 3551 1
2038 3551 1
1855 3551 1
252 252 1
915 1235 1
1235 1235 1
915 915 1
678 702 1
702 702 1
678 678 1
936 3216 1
3216 3216 1
936 936 1
2929 3683 1
3683 3683 1
2229 3683 1
2382 3683 1
1223 2929 1
2929 2929 1
2678 2929 1
2929 3581 1
3017 3728 1
3728 3728 1
3705 3728 1
3017 3585 1
3017 3017 1
274 1965 1
1965 1965 1
274 274 1
274 1163 1
274 1078 1
2460 2521 1
2460 2460 1
223 2460 1
270 3253 1
3253 3756 1
3253 3253 1
270 1426 1
270 270 1
51 1594 1
1594 1594 1
51 51 1
269 2108 1
2108 3089 1
604 2108 1
1406 2108 1
2108 2108 1
269 269 1
2144 3543 1
3543 3543 1
292 3543 1
2887 3543 1
2144 2144 1
429 707 1
707 707 1
429 429 1
747 2252 1
2252 2252 1
709 747 1
747 2822 1
747 747 1
747 3180 1
747 3609 1
1825 1826 1
1826 1826 1
1825 1825 1
976 1768 1
1768 1768 1
976 976 1
976 1460 1
97 3099 1
993 3099 1
1317 3099 1
617 3099 1
1618 3099 1
181 3099 1
3099 3099 1
97 97 1
97 1129 1
97 182 1
966 2502 1
2502 2502 1
966 966 1
233 3039 1
3039 3039 1
233 233 1
2215 3603 1
3603 3603 1
2690 3603 1
503 3603 1
2861 3603 1
2143 3603 1
2215 2215 1
1871 2538 1
2538 2565 1
297 2538 1
2538 3402 1
145 2538 1
1370 2538 1
1596 2538 1
2538 2538 1
1871 3623 1
1871 1871 1
1300 3242 1
3242 3242 1
1300 1300 1
491 3152 1
3152 3152 1
491 491 1
23 2504 1
2504 2504 1
761 2504 1
23 23 1
2818 3560 1
3560 3560 1
2818 2818 1
6 3140 1
3140 3140 1
6 6 1
2593 3359 1
1688 3359 1
554 3359 1
1034 3359 1
3359 3359 1
1731 2593 1
2331 2682 1
2106 2682 1
2682 2682 1
2331 2331 1
372 2331 1
891 3453 1
3453 3453 1
891 891 1
1595 2992 1
2992 2992 1
1595 1595 1
1239 1939 1
1939 1939 1
1239 3480 1
1239 1700 1
1239 1239 1
520 2597 1
2597 2597 1
1823 2597 1
520 520 1
979 2804 1
1744 2804 1
2804 2804 1
2804 2965 1
2804 2847 1
545 979 1
979 1447 1
979 1099 1
979 3118 1
851 979 1
29 979 1
979 979 1
917 1438 1
1438 1438 1
917 3049 1
917 917 1
917 2094 1
73 917 1
2284 2461 1
449 2461 1
2461 2461 1
2284 2284 1
1194 1970 1
1970 2979 1
1970 3146 1
1581 1970 1
1970 2030 1
1970 1970 1
1970 2582 1
1146 1970 1
2531 3553 1
3553 3553 1
2531 2531 1
2531 3414 1
710 3248 1
3248 3248 1
710 710 1
1861 3132 1
3132 3132 1
1861 3332 1
1285 1861 1
1861 1861 1
1861 3487 1
1293 3641 1
2745 3641 1
2059 3641 1
1268 3641 1
2014 3641 1
3641 3641 1
1293 1293 1
2009 3615 1
3615 3615 1
2009 2009 1
2009 2898 1
367 907 1
907 907 1
367 367 1
2286 3139 1
3139 3139 1
2286 2286 1
1669 2286 1
2046 2286 1
1901 2286 1
1731 3246 1
2593 3246 1
3246 3246 1
3246 3359 1
1731 1731 1
1529 3210 1
3210 3210 1
1529 1529 1
2420 3248 1
2540 3248 1
2420 2420 1
710 2420 1
2787 3017 1
3017 3780 1
3017 3730 1
2732 3017 1
2787 3585 1
2787 2787 1
2787 3728 1
2787 3705 1
124 1634 1
1634 1634 1
124 124 1
1053 2563 1
2563 2563 1
1053 1053 1
1777 3648 1
187 3648 1
49 1777 1
1777 1777 1
777 1777 1
448 840 1
840 840 1
448 448 1
448 1254 1
448 1486 1
448 2002 1
448 3327 1
1921 3363 1
3363 3363 1
1921 1921 1
1921 3524 1
253 1921 1
1921 2422 1
1246 1641 1
1641 1641 1
1495 1641 1
1246 1246 1
957 2395 1
2395 2395 1
512 957 1
957 3436 1
957 957 1
1645 1808 1
1808 1808 1
1645 1645 1
3733 3793 1
3793 3793 1
3733 3733 1
2 2155 1
2155 2155 1
2 2 1
1538 2161 1
1320 2161 1
2161 2568 1
2161 2546 1
2161 2161 1
1538 1538 1
983 1698 1
1698 1698 1
983 3234 1
983 3114 1
983 983 1
2313 2950 1
2950 2950 1
2313 2313 1
276 1956 1
1956 1956 1
276 1915 1
276 276 1
276 1141 1
276 1483 1
1183 3559 1
3559 3559 1
1183 1183 1
2927 3570 1
3570 3570 1
2927 2927 1
1362 2757 1
2757 2757 1
1362 1362 1
1914 3266 1
3266 3266 1
3266 3517 1
3266 3461 1
1914 1914 1
1302 1711 1
450 1711 1
1711 1711 1
1302 1302 1
74 855 1
855 855 1
74 74 1
945 2013 1
1120 2013 1
1995 2013 1
2013 2013 1
945 945 1
289 3129 1
3129 3129 1
289 2496 1
289 289 1
419 2315 1
2315 2315 1
419 3064 1
419 3649 1
419 419 1
419 3145 1
2082 2959 1
2959 2959 1
2082 2082 1
1107 2082 1
47 3633 1
3633 3633 1
71 3633 1
47 2097 1
47 47 1
47 1231 1
649 2369 1
2369 2761 1
2369 2369 1
2369 3817 1
649 649 1
649 772 1
25 2841 1
2841 2841 1
25 25 1
488 3688 1
3688 3688 1
488 488 1
277 1790 1
1790 1790 1
277 3652 1
277 2822 1
277 587 1
277 3180 1
277 1326 1
277 277 1
277 1725 1
277 2238 1
277 351 1
1135 2941 1
2941 2941 1
1135 1135 1
1596 1723 1
1723 2565 1
297 1723 1
1723 3402 1
1723 1871 1
145 1723 1
1370 1723 1
1723 1723 1
1723 2538 1
1596 1596 1
58 2432 1
2432 2432 1
58 136 1
58 3446 1
58 3287 1
58 506 1
58 58 1
58 3806 1
667 2775 1
482 667 1
667 667 1
667 2004 1
1590 1608 1
1608 1608 1
1590 1590 1
1341 1372 1
1372 1372 1
1341 1341 1
1083 3109 1
3109 3109 1
1083 1083 1
658 2402 1
2402 2402 1
658 658 1
658 949 1
360 2852 1
1953 2852 1
2852 2852 1
360 360 1
360 3437 1
360 3670 1
387 2983 1
2983 2983 1
387 387 1
2509 3426 1
3426 3426 1
2509 2509 1
642 3783 1
3783 3783 1
642 642 1
1033 2799 1
2799 2799 1
1033 1033 1
1450 3713 1
3713 3713 1
1450 1450 1
944 2304 1
2304 2304 1
944 944 1
813 3170 1
3170 3170 1
813 813 1
61 1556 1
1556 1556 1
61 1165 1
61 61 1
3094 3292 1
3292 3292 1
3094 3094 1
1948 2732 1
2732 2732 1
1948 3017 1
1948 1948 1
1948 2787 1
1948 3780 1
938 2773 1
2773 2773 1
938 938 1
1498 2963 1
643 2963 1
2963 2963 1
1498 1498 1
689 2577 1
2577 2577 1
689 689 1
650 762 1
762 762 1
650 650 1
756 2412 1
2412 2412 1
756 756 1
756 1703 1
272 1138 1
1138 1138 1
1138 1188 1
272 272 1
744 2376 1
2376 2376 1
744 744 1
1614 2387 1
2387 2387 1
1614 1614 1
1614 3574 1
1614 2591 1
1236 1801 1
1801 1801 1
1236 1236 1
193 3208 1
3208 3208 1
193 193 1
26 2685 1
2685 2685 1
26 26 1
616 2350 1
2350 2350 1
1038 2350 1
616 616 1
1296 1891 1
1891 1891 1
1296 1296 1
1296 1501 1
1296 3141 1
1147 2209 1
2209 2209 1
1147 1147 1
920 1373 1
1373 2748 1
1373 1373 1
920 920 1
679 767 1
767 767 1
679 679 1
396 1685 1
753 1685 1
1685 1685 1
396 396 1
268 500 1
500 500 1
268 268 1
268 3126 1
1856 1942 1
1942 1942 1
1856 1856 1
2493 3637 1
3316 3637 1
1213 3637 1
3637 3637 1
2493 2493 1
1351 1721 1
1721 1721 1
1351 1351 1
1351 3047 1
1351 2572 1
688 1351 1
793 1351 1
1095 1148 1
1148 1148 1
602 1095 1
1095 1095 1
384 3563 1
3563 3563 1
384 384 1
907 3528 1
3528 3528 1
367 3528 1
246 3498 1
3498 3498 1
2230 3498 1
246 246 1
2176 2550 1
2550 2550 1
2176 2176 1
68 2176 1
1707 3346 1
3346 3346 1
2631 3346 1
1707 2630 1
1707 1707 1
1707 3084 1
317 1707 1
88 1231 1
1231 2734 1
1231 1231 1
88 1952 1
88 3633 1
47 88 1
88 2097 1
88 88 1
88 2171 1
500 1623 1
268 1623 1
1623 3126 1
1623 1623 1
500 842 1
126 908 1
908 908 1
126 126 1
625 3044 1
3044 3044 1
625 625 1
1525 3787 1
3787 3787 1
1525 1525 1
2366 3436 1
3436 3436 1
512 2366 1
2366 2395 1
957 2366 1
2366 2366 1
2130 2764 1
2764 2764 1
2130 2130 1
67 1411 1
1411 2152 1
1411 1411 1
1411 1453 1
67 67 1
3099 3361 1
993 3361 1
1317 3361 1
97 3361 1
1129 3361 1
3361 3361 1
1618 3361 1
181 3361 1
182 3361 1
617 3361 1
629 3099 1
221 3099 1
1954 3799 1
3799 3799 1
1954 1954 1
97 1918 1
993 1918 1
1317 1918 1
617 1918 1
1918 3361 1
1618 1918 1
181 1918 1
182 1918 1
1129 1918 1
1918 3099 1
1918 1918 1
97 2855 1
938 3349 1
2773 3349 1
3349 3349 1
40 533 1
533 2576 1
533 533 1
40 40 1
40 2078 1
40 1086 1
3087 3207 1
3207 3207 1
3087 3087 1
2071 2862 1
2862 2862 1
2071 2071 1
812 3635 1
3635 3635 1
812 812 1
2191 3236 1
3236 3236 1
2191 3504 1
1299 2191 1
2191 2191 1
474 1222 1
1222 1222 1
474 2060 1
78 474 1
474 816 1
474 474 1
474 2717 1
2302 3378 1
3378 3378 1
1106 2302 1
2302 2844 1
2302 2302 1
3245 3786 1
3786 3786 1
3245 3245 1
1563 2239 1
2239 2239 1
1563 1563 1
148 249 1
249 249 1
249 334 1
148 691 1
148 148 1
2430 3656 1
3656 3656 1
2430 2430 1
1471 3785 1
3785 3785 1
1471 1471 1
1253 3082 1
3082 3082 1
1253 1253 1
1578 2099 1
2099 2099 1
1578 1578 1
465 1877 1
1877 1877 1
465 465 1
1260 2629 1
2629 2629 1
1260 1260 1
2602 2621 1
2621 2621 1
2602 2602 1
585 763 1
763 763 1
763 2900 1
430 763 1
763 926 1
585 585 1
1642 2423 1
2423 2423 1
1642 1642 1
2974 3431 1
3431 3431 1
2706 3431 1
2195 3431 1
1332 3431 1
2136 3431 1
158 3431 1
714 2974 1
364 2974 1
2974 2974 1
947 2059 1
2059 2059 1
947 1293 1
947 947 1
947 1268 1
947 3641 1
947 2745 1
947 2014 1
807 2913 1
2913 2913 1
807 807 1
3245 3421 1
3421 3786 1
3421 3421 1
3245 3358 1
1020 2317 1
2317 2317 1
2317 2335 1
1020 1020 1
481 1365 1
1365 1365 1
1365 2774 1
481 481 1
2216 2879 1
418 2879 1
2879 2879 1
2216 2216 1
620 2471 1
2471 2471 1
620 620 1
2216 2403 1
418 2403 1
2403 2403 1
2403 2879 1
79 2216 1
620 3495 1
3495 3495 1
2471 3495 1
620 3143 1
2208 2378 1
2378 2378 1
2208 2208 1
2788 2792 1
2792 2792 1
2788 2788 1
989 1064 1
1064 1064 1
989 989 1
193 3490 1
3208 3490 1
3490 3490 1
1133 1912 1
1912 1912 1
1912 1940 1
1912 2381 1
1133 1133 1
1245 1771 1
1771 1771 1
1245 1245 1
3014 3323 1
3323 3323 1
636 3323 1
3014 3014 1
5 195 1
195 195 1
195 3692 1
5 5 1
856 2473 1
2473 2473 1
856 856 1
2479 3073 1
3073 3073 1
2479 2479 1
116 562 1
562 562 1
116 116 1
116 2807 1
154 1584 1
232 1584 1
1584 1584 1
154 154 1
301 1660 1
1660 1660 1
301 301 1
748 2714 1
2714 2714 1
748 748 1
2911 3482 1
3482 3482 1
2911 2911 1
278 3735 1
3406 3735 1
1360 3735 1
3509 3735 1
3735 3735 1
2237 3735 1
2654 3735 1
278 278 1
570 2013 1
570 1120 1
570 945 1
570 570 1
570 1995 1
2846 3706 1
3706 3706 1
2684 2846 1
2846 2846 1
767 3176 1
3176 3176 1
679 3176 1
817 3249 1
817 3753 1
817 817 1
3053 3353 1
3353 3353 1
2090 3353 1
3053 3053 1
839 1378 1
1378 1378 1
839 3800 1
839 862 1
839 839 1
298 3624 1
3624 3624 1
298 3056 1
298 298 1
2363 3559 1
2363 2363 1
1183 2363 1
1083 1246 1
1246 3109 1
1083 1641 1
1083 1495 1
278 772 1
772 772 1
772 3406 1
772 1360 1
772 3509 1
772 3735 1
772 2237 1
772 2654 1
278 2369 1
278 649 1
966 1460 1
1460 1460 1
1460 2502 1
966 1768 1
966 976 1
619 2459 1
2459 2459 1
619 1298 1
619 619 1
3313 3428 1
2801 3428 1
3428 3428 1
3313 3313 1
168 2131 1
2131 2131 1
168 168 1
168 3771 1
139 1497 1
1497 1497 1
1497 1747 1
139 1802 1
139 1403 1
139 139 1
614 3023 1
3023 3023 1
614 614 1
1387 2184 1
2184 2184 1
1387 1387 1
1387 1998 1
527 1387 1
1387 3133 1
255 1387 1
1662 3488 1
3488 3488 1
2089 3488 1
290 3488 1
2283 3488 1
861 1662 1
1662 1662 1
261 3806 1
3806 3806 1
261 2432 1
261 261 1
136 261 1
261 3446 1
261 3287 1
261 506 1
58 261 1
514 3157 1
3157 3157 1
514 514 1
536 3472 1
3472 3472 1
536 536 1
536 1729 1
536 1346 1
851 3481 1
545 3481 1
979 3481 1
2804 3481 1
29 3481 1
3481 3481 1
851 851 1
851 919 1
2634 3030 1
3030 3030 1
2634 2634 1
2634 2900 1
430 2634 1
523 2657 1
2657 2657 1
523 523 1
514 2756 1
2756 2756 1
2756 3157 1
823 2450 1
1521 2450 1
2450 2450 1
1772 2450 1
823 823 1
696 2385 1
2385 2385 1
696 696 1
1561 1741 1
1741 1741 1
1561 1561 1
1780 2603 1
1160 2603 1
2603 2603 1
1780 1780 1
2451 3398 1
3398 3398 1
2451 2451 1
2530 3568 1
3568 3568 1
2530 2530 1
428 1108 1
1108 1108 1
428 428 1
2974 3139 1
3139 3431 1
714 3139 1
364 3139 1
2706 3139 1
2195 3139 1
1332 3139 1
2136 3139 1
158 3139 1
1669 2974 1
1901 2974 1
2286 2974 1
2046 2974 1
560 1002 1
1002 1002 1
560 560 1
604 912 1
912 912 1
912 3089 1
912 2108 1
269 912 1
912 1406 1
604 2470 1
604 2452 1
604 604 1
1984 3628 1
3628 3628 1
1984 1984 1
349 565 1
565 565 1
349 2932 1
349 349 1
993 3786 1
3361 3786 1
1317 3786 1
97 3786 1
617 3786 1
181 3786 1
3099 3786 1
1918 3786 1
993 993 1
993 3245 1
993 3421 1
536 2164 1
2164 3472 1
1346 2164 1
2164 2164 1
1729 2164 1
536 1101 1
3059 3101 1
3101 3101 1
2599 3101 1
3059 3059 1
1840 2436 1
2436 2436 1
1840 1840 1
2038 2124 1
1855 2124 1
2124 2124 1
2124 2551 1
1819 2124 1
252 2124 1
2124 3551 1
2038 2038 1
667 1360 1
1360 1360 1
482 1360 1
1360 2004 1
1360 2775 1
667 772 1
667 3509 1
278 667 1
667 3735 1
331 3378 -1
331 1106 -1
331 2844 -1
410 1143 -1
114 3589 -1
825 2910 -1
825 2036 -1
149 1725 -1
149 587 -1
149 3652 -1
149 2238 -1
149 1790 -1
1742 3674 -1
19 1396 -1
364 2351 -1
714 2351 -1
2351 3431 -1
1357 1729 -1
1729 2600 -1
1357 3472 -1
1346 1357 -1
2303 3668 -1
1347 2303 -1
1998 2303 -1
1204 2303 -1
2303 3351 -1
2303 3770 -1
2303 3133 -1
1282 3297 -1
1282 2760 -1
1282 3165 -1
1168 3595 -1
1284 3595 -1
493 3595 -1
3239 3595 -1
3337 3661 -1
251 2885 -1
424 2969 -1
57 1943 -1
57 3088 -1
1493 2604 -1
21 3625 -1
21 1807 -1
1132 1223 -1
1132 3683 -1
1132 2678 -1
1226 2491 -1
2024 2491 -1
228 2491 -1
2491 2709 -1
2491 3629 -1
1622 2221 -1
1044 1893 -1
1705 3211 -1
329 3354 -1
1736 3354 -1
329 2408 -1
214 329 -1
2909 3235 -1
1483 2776 -1
1915 2776 -1
1956 2776 -1
1141 2776 -1
1483 3441 -1
789 1483 -1
1483 3477 -1
1483 2993 -1
857 2973 -1
2973 3610 -1
2971 2973 -1
1511 2242 -1
2040 2242 -1
2359 3651 -1
1155 3651 -1
836 3651 -1
3526 3651 -1
1831 3295 -1
2928 3295 -1
258 3295 -1
3092 3295 -1
859 1137 -1
859 2348 -1
610 1511 -1
610 2040 -1
1998 3231 -1
1347 3231 -1
2184 3231 -1
527 3231 -1
3231 3668 -1
3231 3351 -1
1204 3231 -1
3231 3770 -1
3133 3231 -1
255 3231 -1
621 3457 -1
468 3735 -1
3024 3735 -1
1184 1247 -1
1184 3068 -1
139 1810 -1
1747 1810 -1
1702 2785 -1
1636 2785 -1
1311 1702 -1
428 978 -1
322 2830 -1
2830 3276 -1
586 1629 -1
332 1629 -1
1548 1629 -1
1063 3458 -1
1324 1742 -1
2564 3590 -1
1937 3590 -1
3590 3612 -1
3590 3782 -1
2564 3577 -1
339 2251 -1
339 3821 -1
137 1516 -1
185 2225 -1
1785 2225 -1
185 3108 -1
135 185 -1
2880 2998 -1
212 3362 -1
182 3174 -1
1129 3174 -1
3099 3174 -1
182 2698 -1
1640 2981 -1
47 2684 -1
71 2684 -1
47 3706 -1
91 857 -1
91 3610 -1
91 2971 -1
649 1207 -1
1207 2761 -1
1207 3817 -1
1123 3548 -1
145 3548 -1
1370 3548 -1
548 3548 -1
1087 3666 -1
1087 2845 -1
1486 2288 -1
840 2288 -1
2002 2288 -1
1254 2288 -1
2288 3327 -1
1486 3463 -1
633 3207 -1
832 1796 -1
1394 1796 -1
1003 1796 -1
3424 3533 -1
587 1722 -1
1722 3652 -1
1722 1725 -1
1722 1790 -1
1722 2238 -1
587 1017 -1
587 770 -1
587 2299 -1
587 641 -1
1629 1686 -1
114 3685 -1
613 1796 -1
387 1207 -1
1303 2366 -1
588 622 -1
2904 3735 -1
394 3735 -1
12 2077 -1
2077 2102 -1
12 3766 -1
633 2356 -1
1036 2641 -1
2998 3480 -1
1939 2998 -1
1700 2998 -1
1206 3076 -1
857 1588 -1
1588 3610 -1
1588 2971 -1
1291 2083 -1
1374 2650 -1
212 1013 -1
351 2779 -1
1465 2779 -1
1583 2779 -1
3 277 -1
277 3769 -1
277 2579 -1
277 1753 -1
2370 3097 -1
1708 3097 -1
1376 2273 -1
1376 3042 -1
2767 2859 -1
556 3817 -1
556 2761 -1
556 649 -1
1898 3241 -1
1520 1898 -1
1651 1898 -1
1898 2524 -1
599 1534 -1
2120 3701 -1
1346 2383 -1
2383 3472 -1
1729 2383 -1
1346 2617 -1
1346 2234 -1
1346 3027 -1
580 1346 -1
719 3458 -1
22 1973 -1
959 1973 -1
361 1381 -1
3009 3056 -1
3056 3300 -1
3009 3624 -1
182 2674 -1
1129 2674 -1
2674 3099 -1
1123 1446 -1
145 1446 -1
1370 1446 -1
548 1446 -1
1123 3331 -1
1123 1739 -1
2381 2616 -1
1940 2616 -1
1133 2616 -1
1476 1830 -1
1476 2241 -1
226 1476 -1
1476 3259 -1
2034 3182 -1
714 2525 -1
364 2525 -1
2525 3431 -1
714 3190 -1
714 1847 -1
57 212 -1
880 1469 -1
6 2816 -1
6 1821 -1
6 3357 -1
204 2818 -1
47 49 -1
49 71 -1
47 3648 -1
439 3263 -1
439 968 -1
1505 2237 -1
278 1505 -1
1505 2654 -1
1505 3509 -1
1505 3406 -1
1841 2084 -1
2084 2947 -1
2525 2679 -1
2679 3190 -1
1847 2679 -1
675 2525 -1
2076 2384 -1
2766 3226 -1
387 3190 -1
387 2525 -1
387 1847 -1
3088 3465 -1
1943 3465 -1
1161 3088 -1
2349 2886 -1
1214 2349 -1
1425 2576 -1
40 1425 -1
1173 1747 -1
139 1173 -1
2480 2831 -1
1610 2480 -1
1274 2480 -1
1247 3430 -1
3068 3430 -1
3097 3135 -1
369 3225 -1
3225 3536 -1
369 653 -1
369 1494 -1
2882 3599 -1
1983 2882 -1
2791 2882 -1
2067 2373 -1
36 1368 -1
581 1368 -1
1229 2250 -1
3 1374 -1
1374 3769 -1
1374 2579 -1
1374 1753 -1
87 2776 -1
475 2776 -1
87 3441 -1
87 789 -1
87 3477 -1
87 2993 -1
2442 3427 -1
1001 3427 -1
2508 3427 -1
1122 2442 -1
2442 2949 -1
1529 1660 -1
3167 3799 -1
914 936 -1
321 3799 -1
791 3117 -1
2129 3117 -1
2043 3117 -1
18 1533 -1
1533 2343 -1
339 2994 -1
339 3394 -1
339 3644 -1
339 1949 -1
355 1487 -1
1487 1967 -1
1487 1663 -1
355 2824 -1
2641 3090 -1
1016 3250 -1
375 2973 -1
1963 3116 -1
1337 1963 -1
1963 3050 -1
1613 1963 -1
1041 1963 -1
628 1534 -1
159 2082 -1
114 3242 -1
321 2360 -1
57 209 -1
57 1632 -1
43 57 -1
3 3023 -1
3023 3769 -1
2579 3023 -1
1753 3023 -1
1202 2909 -1
39 2841 -1
874 2841 -1
1172 3300 -1
2044 3300 -1
924 3300 -1
1172 3009 -1
1906 2679 -1
2474 2679 -1
675 1906 -1
2543 3714 -1
3 118 -1
118 3769 -1
118 2579 -1
118 1753 -1
1389 1677 -1
625 3055 -1
1898 3353 -1
1684 1707 -1
1684 2631 -1
637 2239 -1
1220 3088 -1
1220 1943 -1
2221 2288 -1
2221 3463 -1
3099 3182 -1
1129 3182 -1
182 3182 -1
643 3474 -1
1498 3474 -1
643 3608 -1
1185 3121 -1
480 3121 -1
1737 3121 -1
3121 3546 -1
1283 3607 -1
2388 3607 -1
651 1283 -1
1283 2244 -1
2499 3076 -1
405 2682 -1
372 405 -1
653 1792 -1
1792 3225 -1
1494 1792 -1
653 1218 -1
2274 2576 -1
40 2274 -1
2902 3437 -1
2852 2902 -1
2902 3670 -1
1751 2766 -1
385 2373 -1
787 1184 -1
1272 2766 -1
1920 2766 -1
1226 2956 -1
2024 2956 -1
228 2956 -1
2709 2956 -1
2956 3629 -1
999 1445 -1
999 3240 -1
1052 2766 -1
1602 2766 -1
1756 2396 -1
324 1445 -1
324 3240 -1
1467 3561 -1
1710 2824 -1
1487 1710 -1
1893 2425 -1
59 1893 -1
1380 1893 -1
1893 2214 -1
470 1893 -1
1893 3663 -1
2027 3611 -1
1142 2027 -1
968 1807 -1
1807 3263 -1
968 3625 -1
2094 3690 -1
3049 3690 -1
1438 3690 -1
73 3690 -1
347 3036 -1
347 2516 -1
114 1334 -1
2376 2409 -1
857 2002 -1
2002 3610 -1
2002 2971 -1
840 857 -1
857 1486 -1
857 1254 -1
857 3327 -1
2864 3300 -1
2864 3009 -1
1796 1967 -1
355 1796 -1
1663 1796 -1
318 3433 -1
996 1414 -1
996 3740 -1
3198 3694 -1
621 3347 -1
861 2332 -1
2332 3488 -1
1470 3611 -1
1142 1470 -1
3175 3338 -1
1115 3043 -1
3043 3368 -1
123 3043 -1
1421 3043 -1
206 3043 -1
869 3043 -1
2359 3656 -1
1155 3656 -1
836 3656 -1
3526 3656 -1
1588 3778 -1
712 1588 -1
1122 2071 -1
2071 3427 -1
2071 2949 -1
2886 3216 -1
1214 3216 -1
1478 3521 -1
3521 3621 -1
2246 3127 -1
2404 3127 -1
1711 3601 -1
2054 2087 -1
1383 3226 -1
3226 3602 -1
2699 3226 -1
3226 3630 -1
185 1125 -1
1125 1785 -1
185 558 -1
185 3262 -1
185 2934 -1
3385 3674 -1
2308 3587 -1
1185 3127 -1
480 3127 -1
1737 3127 -1
3127 3546 -1
612 3474 -1
612 3608 -1
941 2067 -1
1114 2139 -1
1821 2355 -1
2355 2816 -1
2355 3357 -1
180 1383 -1
180 3602 -1
180 2699 -1
180 3630 -1
1708 2516 -1
2370 2516 -1
1708 3036 -1
1494 3521 -1
3225 3521 -1
653 3521 -1
355 1389 -1
1389 1967 -1
1389 1663 -1
362 660 -1
362 3136 -1
1010 2862 -1
2434 3451 -1
1234 3451 -1
899 3690 -1
2373 3055 -1
1123 2778 -1
145 2778 -1
1370 2778 -1
548 2778 -1
1348 1660 -1
2396 3545 -1
1280 2396 -1
2207 2396 -1
1478 1677 -1
1677 3621 -1
598 3127 -1
3072 3469 -1
196 3469 -1
405 1873 -1
947 3351 -1
947 2592 -1
947 1347 -1
947 1998 -1
947 3668 -1
947 1204 -1
947 3770 -1
947 3133 -1
2358 2561 -1
2881 3400 -1
2928 3400 -1
2339 3400 -1
3092 3400 -1
340 1319 -1
227 1319 -1
340 3503 -1
1012 1374 -1
1374 2134 -1
156 2674 -1
1318 1483 -1
1318 1915 -1
1318 1956 -1
1141 1318 -1
645 714 -1
364 645 -1
645 3431 -1
1483 3447 -1
1915 3447 -1
1956 3447 -1
1141 3447 -1
1483 2575 -1
1483 2454 -1
1483 2727 -1
19 118 -1
1178 3070 -1
896 1178 -1
2380 3432 -1
2380 2896 -1
2633 3763 -1
2429 2633 -1
185 1439 -1
1439 1785 -1
355 3763 -1
1967 3763 -1
1663 3763 -1
355 2429 -1
1494 1789 -1
1789 3225 -1
653 1789 -1
1494 2001 -1
1667 2981 -1
3066 3629 -1
3629 3741 -1
2024 3066 -1
1226 3066 -1
228 3066 -1
2709 3066 -1
1810 1998 -1
1347 1810 -1
1810 2184 -1
527 1810 -1
1810 3668 -1
1810 3351 -1
1204 1810 -1
1810 3770 -1
1810 3133 -1
255 1810 -1
1778 3354 -1
2494 3354 -1
2926 3354 -1
511 3354 -1
1778 2408 -1
214 1778 -1
2483 3590 -1
1598 3590 -1
2483 3577 -1
185 1124 -1
1124 1785 -1
534 1262 -1
2303 2564 -1
1937 2303 -1
2303 3612 -1
2303 3782 -1
1751 3577 -1
1751 3590 -1
185 1111 -1
1111 1785 -1
3 209 -1
209 3769 -1
209 2579 -1
209 1753 -1
3 1632 -1
3 43 -1
548 3685 -1
145 3685 -1
1370 3685 -1
1123 3685 -1
724 2175 -1
1678 2494 -1
1678 1778 -1
1678 2926 -1
511 1678 -1
1414 1580 -1
1580 3740 -1
1414 1541 -1
1414 1647 -1
1702 2639 -1
1636 2639 -1
150 1789 -1
1789 3048 -1
1789 2808 -1
150 2001 -1
1722 1906 -1
1017 1906 -1
770 1906 -1
1906 2299 -1
641 1906 -1
1722 2474 -1
465 2156 -1
1693 3304 -1
1729 1853 -1
1853 3472 -1
1346 1853 -1
850 2296 -1
857 1607 -1
1607 3610 -1
1607 2971 -1
2443 2918 -1
1852 3135 -1
3008 3135 -1
1393 3135 -1
796 3135 -1
3135 3597 -1
1226 3799 -1
2024 3799 -1
228 3799 -1
2709 3799 -1
3629 3799 -1
1328 1355 -1
128 1328 -1
1328 3382 -1
1272 3738 -1
1920 3738 -1
327 1131 -1
318 3768 -1
1773 3735 -1
1697 2543 -1
2284 3461 -1
449 3461 -1
1914 2284 -1
2284 3517 -1
995 3211 -1
2274 3603 -1
2904 3799 -1
394 3799 -1
1022 2525 -1
2525 2640 -1
1022 3190 -1
1022 1847 -1
1168 2067 -1
1284 2067 -1
493 2067 -1
2067 3239 -1
6 2832 -1
1621 3033 -1
207 1621 -1
2094 2102 -1
2102 3049 -1
1438 2102 -1
73 2102 -1
12 2094 -1
2056 3316 -1
1213 2056 -1
2056 2493 -1
628 3474 -1
628 3608 -1
556 2535 -1
1294 2959 -1
1107 1294 -1
405 1569 -1
878 3432 -1
1744 3432 -1
3163 3432 -1
878 2896 -1
660 1300 -1
1300 3136 -1
301 3326 -1
2552 2726 -1
502 2246 -1
502 2404 -1
3178 3799 -1
382 1703 -1
382 2412 -1
2281 3518 -1
1264 3518 -1
3315 3665 -1
2274 3533 -1
3297 3772 -1
2760 3772 -1
3165 3772 -1
1262 2480 -1
16 1956 -1
1956 3752 -1
1956 2729 -1
1956 3507 -1
89 1956 -1
16 1915 -1
16 1141 -1
16 1483 -1
2899 3347 -1
2848 3167 -1
1021 2480 -1
2766 2965 -1
979 2766 -1
2766 2847 -1
322 3067 -1
3067 3276 -1
322 2101 -1
322 2526 -1
110 869 -1
110 123 -1
110 3368 -1
110 1115 -1
110 1421 -1
110 206 -1
1906 2099 -1
2099 2474 -1
833 3486 -1
1705 3451 -1
2157 2365 -1
395 2365 -1
780 2365 -1
173 2365 -1
616 1525 -1
1038 1525 -1
3688 3701 -1
967 2885 -1
1538 2332 -1
1320 2332 -1
2332 2568 -1
2332 2546 -1
1707 2761 -1
2631 2761 -1
649 1707 -1
1707 3817 -1
832 2034 -1
1394 2034 -1
1003 2034 -1
2630 2842 -1
2842 3346 -1
2842 3084 -1
96 214 -1
96 2408 -1
96 3354 -1
251 3372 -1
1064 1071 -1
1064 3147 -1
641 2239 -1
1017 2239 -1
1722 2239 -1
2239 2299 -1
770 2239 -1
2239 3081 -1
336 2120 -1
2366 3685 -1
10 3603 -1
648 3207 -1
1711 3606 -1
387 3191 -1
1389 3814 -1
1389 3153 -1
1389 3258 -1
1389 3689 -1
180 3353 -1
2377 3052 -1
2264 3052 -1
590 2436 -1
3052 3719 -1
633 3457 -1
1660 3229 -1
16 2056 -1
2056 3752 -1
2056 2729 -1
2056 3507 -1
89 2056 -1
1129 2726 -1
2726 3099 -1
182 2726 -1
274 348 -1
274 1104 -1
274 928 -1
274 2126 -1
2335 2884 -1
1020 2884 -1
357 3049 -1
1720 3049 -1
2137 3049 -1
73 357 -1
357 2094 -1
357 1438 -1
304 2859 -1
593 2859 -1
1586 2859 -1
1339 2859 -1
2253 2859 -1
347 1843 -1
1022 1207 -1
1207 2640 -1
2221 3258 -1
2221 3153 -1
2221 3814 -1
314 760 -1
327 1411 -1
1254 1792 -1
840 1792 -1
1792 2002 -1
1486 1792 -1
1792 3327 -1
1218 1254 -1
471 601 -1
719 1046 -1
357 2108 -1
1720 2108 -1
2108 2137 -1
1272 2359 -1
1920 2359 -1
1155 1272 -1
836 1272 -1
1272 3526 -1
1163 1678 -1
1678 1965 -1
1078 1678 -1
1346 3338 -1
3338 3472 -1
1729 3338 -1
964 3308 -1
1206 2404 -1
1206 2246 -1
1930 3714 -1
865 3714 -1
2427 3714 -1
2667 3714 -1
1958 1963 -1
1130 3552 -1
1785 2282 -1
185 2282 -1
369 1137 -1
1137 3536 -1
369 2348 -1
1173 2497 -1
700 2383 -1
2383 3476 -1
700 2617 -1
700 2234 -1
700 3027 -1
580 700 -1
1272 3300 -1
1920 3300 -1
1272 3009 -1
714 1372 -1
364 1372 -1
1372 3431 -1
1701 2731 -1
2731 3201 -1
3135 3399 -1
3274 3755 -1
327 2614 -1
1285 2142 -1
2142 3132 -1
2142 3332 -1
2142 3487 -1
621 2379 -1
621 1925 -1
322 330 -1
330 3276 -1
2387 2571 -1
2571 3574 -1
2571 2591 -1
515 2387 -1
2075 2099 -1
348 354 -1
354 1104 -1
354 928 -1
354 2126 -1
2373 3501 -1
3523 3548 -1
3020 3548 -1
3548 3684 -1
859 3469 -1
3 2604 -1
2604 3769 -1
2579 2604 -1
1753 2604 -1
2281 2750 -1
1264 2750 -1
1771 2383 -1
1771 2617 -1
1771 2234 -1
1771 3027 -1
580 1771 -1
1334 2640 -1
1022 1334 -1
1021 3419 -1
1942 2881 -1
1942 2928 -1
1942 2339 -1
1942 3092 -1
3241 3668 -1
1520 3668 -1
1651 3668 -1
2524 3668 -1
1347 3241 -1
1998 3241 -1
1204 3241 -1
3241 3351 -1
3241 3770 -1
3133 3241 -1
1016 1195 -1
378 2108 -1
110 3033 -1
110 207 -1
3066 3216 -1
3216 3741 -1
1446 3424 -1
3331 3424 -1
1739 3424 -1
57 1963 -1
2737 3533 -1
868 1607 -1
648 3474 -1
648 3608 -1
405 852 -1
1368 2281 -1
1264 1368 -1
905 2375 -1
905 2279 -1
3009 3771 -1
3300 3771 -1
2131 3009 -1
1129 1143 -1
1143 3099 -1
182 1143 -1
369 1998 -1
1998 3536 -1
369 1347 -1
369 2184 -1
369 527 -1
369 3668 -1
369 3351 -1
369 1204 -1
369 3770 -1
369 3133 -1
255 369 -1
2779 3659 -1
118 1940 -1
118 2381 -1
118 1133 -1
3055 3334 -1
1420 2401 -1
258 1958 -1
1958 2928 -1
1958 3092 -1
1831 1958 -1
75 1376 -1
3082 3534 -1
1222 1780 -1
816 1780 -1
1780 2060 -1
1780 2717 -1
78 1780 -1
1160 1222 -1
868 1854 -1
868 928 -1
868 2126 -1
201 2905 -1
201 2035 -1
371 1115 -1
371 3368 -1
123 371 -1
371 1421 -1
206 371 -1
371 869 -1
1690 1820 -1
1666 1820 -1
330 378 -1
1401 2794 -1
1401 3311 -1
1677 2824 -1
1487 1677 -1
471 2231 -1
412 471 -1
214 1807 -1
1807 2408 -1
1807 3354 -1
214 3625 -1
935 1470 -1
1495 2639 -1
1246 2639 -1
1445 2756 -1
2756 3240 -1
639 2231 -1
412 639 -1
1452 1686 -1
1090 3376 -1
424 2595 -1
1414 3674 -1
3674 3740 -1
16 1414 -1
1414 3752 -1
1414 2729 -1
1414 3507 -1
89 1414 -1
16 3740 -1
1115 3039 -1
3039 3368 -1
123 3039 -1
1421 3039 -1
206 3039 -1
869 3039 -1
1450 2489 -1
1450 1455 -1
6 2378 -1
1374 1461 -1
888 1374 -1
556 2689 -1
1655 2981 -1
2150 3164 -1
1623 2584 -1
842 2584 -1
1623 3592 -1
815 1623 -1
355 1494 -1
1494 1967 -1
1494 1663 -1
355 3225 -1
355 653 -1
65 2845 -1
65 3666 -1
892 2981 -1
3022 3378 -1
1106 3022 -1
2844 3022 -1
1259 3719 -1
110 3534 -1
2896 3117 -1
3117 3432 -1
1747 2359 -1
139 2359 -1
1155 1747 -1
836 1747 -1
1747 3526 -1
425 1792 -1
425 1218 -1
946 1660 -1
588 3275 -1
1412 2040 -1
1412 1511 -1
110 3674 -1
2273 2643 -1
2643 3042 -1
2404 3101 -1
2246 3101 -1
338 891 -1
1507 2290 -1
1507 2671 -1
1591 3300 -1
1591 3009 -1
1158 2139 -1
2623 3114 -1
2623 3234 -1
1698 2623 -1
1417 1815 -1
114 2638 -1
50 2242 -1
1815 2640 -1
1022 1815 -1
3065 3378 -1
1106 3065 -1
2844 3065 -1
849 3225 -1
653 849 -1
849 1494 -1
1729 1927 -1
1927 3472 -1
1346 1927 -1
2965 3521 -1
979 3521 -1
2847 3521 -1
18 1796 -1
1796 2343 -1
1123 1365 -1
145 1365 -1
1365 1370 -1
548 1365 -1
741 2890 -1
150 355 -1
355 3048 -1
355 2808 -1
150 1967 -1
150 1663 -1
1378 3685 -1
3685 3800 -1
862 3685 -1
2859 2966 -1
110 3774 -1
4 185 -1
4 1785 -1
224 502 -1
2248 2544 -1
2535 3274 -1
2899 3474 -1
2899 3608 -1
484 541 -1
541 663 -1
541 1575 -1
1303 1960 -1
1303 2074 -1
1764 2114 -1
624 1220 -1
1220 3442 -1
1220 1644 -1
601 639 -1
1383 2094 -1
2094 3602 -1
2094 2699 -1
2094 3630 -1
1383 3049 -1
1383 1438 -1
73 1383 -1
970 1222 -1
816 970 -1
970 2060 -1
970 2717 -1
78 970 -1
832 1129 -1
1129 1394 -1
1003 1129 -1
832 3099 -1
182 832 -1
913 2998 -1
2498 2911 -1
2924 3647 -1
702 3590 -1
702 3577 -1
1198 2359 -1
1155 1198 -1
836 1198 -1
1198 3526 -1
232 1333 -1
154 1333 -1
851 2380 -1
545 2380 -1
2380 2804 -1
29 2380 -1
2561 2586 -1
1486 1729 -1
840 1729 -1
1729 2002 -1
1254 1729 -1
1729 3327 -1
1486 3472 -1
1346 1486 -1
1830 3783 -1
2241 3783 -1
226 3783 -1
3259 3783 -1
1807 3378 -1
3378 3625 -1
1106 1807 -1
1807 2844 -1
588 641 -1
588 1017 -1
588 1722 -1
588 2299 -1
588 770 -1
588 3081 -1
1708 3028 -1
2370 3028 -1
456 1247 -1
456 3068 -1
233 2917 -1
233 2336 -1
1486 3521 -1
840 3521 -1
2002 3521 -1
1254 3521 -1
3327 3521 -1
415 3097 -1
385 2404 -1
385 2246 -1
395 2108 -1
780 2108 -1
2108 2157 -1
1334 1491 -1
1202 3208 -1
1052 2228 -1
1602 2228 -1
2490 2525 -1
2490 3190 -1
1847 2490 -1
643 3172 -1
1498 3172 -1
643 1713 -1
340 1389 -1
227 1389 -1
295 2401 -1
2401 3795 -1
524 2401 -1
2965 3296 -1
979 3296 -1
2847 3296 -1
858 3452 -1
3600 3783 -1
2563 2748 -1
920 2563 -1
1272 2676 -1
1920 2676 -1
1272 1443 -1
918 949 -1
949 1109 -1
918 2402 -1
299 833 -1
833 1475 -1
491 1712 -1
491 597 -1
491 1367 -1
484 2057 -1
663 2057 -1
1575 2057 -1
2561 2969 -1
47 2491 -1
71 2491 -1
911 2616 -1
127 2616 -1
114 3534 -1
1115 3044 -1
3044 3368 -1
123 3044 -1
1421 3044 -1
206 3044 -1
869 3044 -1
1639 3092 -1
1639 2928 -1
1639 2881 -1
258 1639 -1
1639 2339 -1
1639 1831 -1
637 3186 -1
648 2131 -1
648 3771 -1
2852 3599 -1
3437 3599 -1
3599 3670 -1
1983 2852 -1
2791 2852 -1
346 3378 -1
954 3378 -1
346 1106 -1
346 2844 -1
256 2610 -1
256 2148 -1
2146 2157 -1
2007 2157 -1
395 2146 -1
780 2146 -1
173 2146 -1
677 1198 -1
477 1501 -1
1398 1501 -1
477 1891 -1
477 3141 -1
2748 3429 -1
920 3429 -1
2565 3069 -1
297 3069 -1
3069 3402 -1
1871 3069 -1
145 3069 -1
1370 3069 -1
1596 3069 -1
1312 2565 -1
1558 1676 -1
1224 2679 -1
1602 2679 -1
1052 2679 -1
675 1224 -1
27 3321 -1
2724 2826 -1
1123 2935 -1
145 2935 -1
1370 2935 -1
548 2935 -1
3118 3221 -1
545 3221 -1
1099 3221 -1
2804 3221 -1
979 3221 -1
1447 3221 -1
2478 3762 -1
2189 3762 -1
2202 2624 -1
457 2495 -1
1987 2894 -1
1073 3410 -1
1073 2472 -1
161 1073 -1
1073 3339 -1
1073 2438 -1
911 1660 -1
127 1660 -1
1709 2123 -1
563 2192 -1
1001 2893 -1
2442 2893 -1
2508 2893 -1
2227 2297 -1
1948 3456 -1
3456 3780 -1
3017 3456 -1
2787 3456 -1
2732 3456 -1
56 1948 -1
1948 3155 -1
1485 1948 -1
1948 2539 -1
676 1113 -1
752 1625 -1
752 3525 -1
152 3611 -1
686 3611 -1
152 1142 -1
1040 3502 -1
2512 3502 -1
