1512 2634 1
195 931 1
1169 1406 1
3275 3425 1
269 1024 1
812 2201 1
2136 2534 1
2191 3202 1
1315 3254 1
0 2055 1
841 1382 1
2613 3212 1
1496 3618 1
191 1695 1
217 922 1
2331 2762 1
223 2843 1
2019 2136 1
2019 2534 1
1689 3538 1
698 1472 1
2033 2672 1
3425 3428 1
3275 3428 1
3482 3792 1
223 3328 1
2843 3328 1
1611 2201 1
812 1611 1
141 2672 1
141 2033 1
15 609 1
2103 2651 1
2165 3286 1
103 737 1
883 3227 1
1156 3679 1
1881 2390 1
620 3202 1
620 2191 1
1363 3360 1
2226 3202 1
620 2226 1
2191 2226 1
847 1302 1
158 2613 1
158 3212 1
158 2048 1
2048 3212 1
2048 2613 1
185 619 1
352 1905 1
1485 1809 1
141 2609 1
2609 2672 1
2033 2609 1
2800 3393 1
2961 3557 1
31 3809 1
1315 3595 1
3254 3595 1
62 2165 1
62 3286 1
2011 3618 1
1496 2011 1
1512 1612 1
1612 2634 1
609 3123 1
15 3123 1
3026 3360 1
1363 3026 1
358 3580 1
3105 3254 1
3105 3595 1
1315 3105 1
1605 3155 1
2810 2988 1
861 3726 1
289 636 1
737 1244 1
103 1244 1
1584 3212 1
1584 2048 1
1584 2613 1
158 1584 1
473 2291 1
531 3456 1
594 3026 1
594 3360 1
594 1363 1
1406 3155 1
1169 3155 1
1406 1605 1
1809 3105 1
1485 3105 1
1315 1809 1
1809 3595 1
1809 3254 1
834 1816 1
2331 3058 1
2762 3058 1
1356 3275 1
1356 3425 1
1356 3428 1
1042 2226 1
1042 3202 1
620 1042 1
1042 2191 1
217 3384 1
922 3384 1
62 3363 1
2165 3363 1
3286 3363 1
1274 3425 1
1274 1356 1
1274 3275 1
1274 3428 1
2306 3677 1
1881 3107 1
2390 3107 1
1076 1518 1
31 2287 1
2287 3809 1
2826 3524 1
1668 3669 1
861 1985 1
1985 3726 1
108 3557 1
108 2961 1
2405 3519 1
2735 3673 1
743 3171 1
812 860 1
860 2201 1
860 1611 1
782 2974 1
489 636 1
289 489 1
1093 3677 1
1093 2306 1
3160 3213 1
1816 2850 1
834 2850 1
1406 3557 1
1169 3557 1
3155 3557 1
1605 3557 1
108 1406 1
1406 2961 1
1864 1985 1
861 1864 1
1864 3726 1
2011 3547 1
1496 3547 1
3547 3618 1
1472 3807 1
698 3807 1
103 1929 1
737 1929 1
1244 1929 1
2627 3809 1
2287 2627 1
31 2627 1
1066 2598 1
1276 2985 1
1045 3367 1
1809 2580 1
2580 3105 1
1315 2580 1
2580 3595 1
1485 2580 1
2580 3254 1
1512 3212 1
2634 3212 1
1612 3212 1
1512 2048 1
1512 1584 1
1512 2613 1
158 1512 1
1156 2065 1
2065 3679 1
235 855 1
931 1066 1
195 1066 1
931 2598 1
2672 3739 1
2033 3739 1
141 3739 1
2609 3739 1
778 907 1
3351 3407 1
3385 3709 1
1122 1842 1
208 816 1
1751 3469 1
2414 3314 1
563 1893 1
2748 3071 1
2898 3810 1
3294 3619 1
208 783 1
783 816 1
727 2663 1
149 2589 1
204 2796 1
2064 3294 1
2064 3619 1
900 1222 1
278 1434 1
686 3509 1
362 3159 1
2265 3763 1
2348 2792 1
1357 2414 1
1357 3314 1
2785 2792 1
2348 2785 1
2351 2785 1
2351 2792 1
2348 2351 1
491 3601 1
1267 3133 1
1867 3314 1
1357 1867 1
1867 2414 1
2211 3167 1
241 1992 1
242 2574 1
718 2270 1
2516 3469 1
1751 2516 1
955 1015 1
799 1137 1
1884 3351 1
1884 3407 1
278 1588 1
1434 1588 1
1401 1736 1
1868 2574 1
242 1868 1
920 3071 1
920 2748 1
648 2307 1
1283 2162 1
2564 2673 1
1875 2673 1
1875 2564 1
864 1075 1
1526 2564 1
1526 2673 1
1526 1875 1
799 1622 1
1137 1622 1
550 907 1
550 778 1
28 2808 1
2484 2516 1
2484 3469 1
1751 2484 1
3071 3294 1
920 3294 1
2748 3294 1
2064 3071 1
3071 3619 1
24 1282 1
692 2625 1
1283 2126 1
2126 2162 1
78 1813 1
2625 3543 1
692 3543 1
1193 2309 1
762 2544 1
2429 3217 1
633 2666 1
491 727 1
727 3601 1
491 2663 1
1525 3245 1
2824 3676 1
621 1335 1
543 3749 1
1793 3601 1
491 1793 1
727 1793 1
483 3601 1
483 1793 1
483 491 1
483 727 1
2898 3682 1
3682 3810 1
171 1793 1
171 3601 1
171 491 1
171 483 1
171 727 1
818 2044 1
91 1898 1
388 1691 1
1598 2600 1
2124 3226 1
307 3668 1
1595 3048 1
1282 1494 1
24 1494 1
3032 3741 1
1638 2880 1
150 3109 1
783 1751 1
208 1751 1
816 1751 1
783 3469 1
783 2484 1
783 2516 1
2976 3249 1
1748 2943 1
1104 1347 1
924 1598 1
924 2600 1
255 2138 1
621 1626 1
1335 1626 1
1793 2577 1
483 2577 1
491 2577 1
2577 3601 1
171 2577 1
727 2577 1
516 2079 1
1015 3763 1
955 3763 1
1015 2265 1
385 1498 1
42 1598 1
42 2600 1
42 924 1
353 2400 1
816 2351 1
208 2351 1
1751 2351 1
783 2351 1
816 2785 1
816 2792 1
816 2348 1
2455 3314 1
1867 2455 1
1357 2455 1
2414 2455 1
677 3568 1
702 2629 1
1013 2802 1
873 3722 1
3032 3731 1
3731 3741 1
1936 3671 1
610 3314 1
610 1867 1
610 1357 1
610 2414 1
610 2455 1
1622 2265 1
1137 2265 1
799 2265 1
1622 3763 1
1015 1622 1
91 3372 1
1898 3372 1
1867 2064 1
610 2064 1
1357 2064 1
2064 2414 1
2064 3314 1
2064 2455 1
1867 3619 1
1867 3294 1
1867 3071 1
3278 3375 1
2158 2871 1
783 2589 1
816 2589 1
2589 3469 1
2351 2589 1
208 2589 1
2516 2589 1
1751 2589 1
2484 2589 1
149 783 1
163 1972 1
2479 3097 1
1899 2711 1
983 3624 1
611 3011 1
444 1437 1
1686 1846 1
320 882 1
1001 2822 1
765 3795 1
1746 3593 1
445 1219 1
2711 3292 1
1899 3292 1
2179 2705 1
1633 3698 1
736 2980 1
1975 2463 1
2040 2075 1
575 2315 1
2379 3145 1
1031 3713 1
1790 3151 1
2897 3223 1
1535 2049 1
183 631 1
246 1769 1
784 2059 1
2083 3617 1
194 3608 1
1391 1686 1
1391 1846 1
1429 3764 1
140 3510 1
268 882 1
268 320 1
183 2848 1
631 2848 1
99 315 1
644 846 1
248 2822 1
248 1001 1
1563 3593 1
1563 1746 1
1051 1877 1
885 3151 1
885 1790 1
320 320 1
538 2743 1
1092 1527 1
1619 3139 1
66 3130 1
2193 3004 1
736 2914 1
2914 2980 1
1230 3292 1
1230 1899 1
1230 2711 1
41 2014 1
2479 3795 1
3097 3795 1
765 2479 1
380 1159 1
125 2747 1
771 3701 1
2411 3443 1
2255 3031 1
471 2508 1
627 1056 1
2569 3214 1
695 3552 1
2345 2467 1
1139 1555 1
2747 3762 1
125 3762 1
1961 2471 1
772 2413 1
268 1336 1
320 1336 1
882 1336 1
1230 2893 1
1899 2893 1
2893 3292 1
2711 2893 1
2437 3701 1
771 2437 1
705 2272 1
2413 3742 1
772 3742 1
376 2319 1
248 1716 1
1001 1716 1
1716 2822 1
3320 3711 1
376 1959 1
1959 2319 1
1514 3592 1
172 1876 1
956 2444 1
1882 3043 1
104 1290 1
627 3044 1
1056 3044 1
1866 3474 1
345 3230 1
376 1925 1
1925 1959 1
1925 2319 1
1587 2053 1
1972 2053 1
163 2053 1
1587 1972 1
1876 2463 1
172 2463 1
1876 1975 1
736 3043 1
2914 3043 1
2980 3043 1
736 1882 1
695 3781 1
3552 3781 1
810 3471 1
2545 3698 1
1633 2545 1
524 3640 1
174 461 1
1219 1702 1
445 1702 1
2345 3457 1
2467 3457 1
390 575 1
390 2315 1
571 2221 1
1482 1968 1
164 547 1
2597 3634 1
1159 3435 1
380 3435 1
846 1534 1
644 1534 1
2166 3292 1
1899 2166 1
2166 2893 1
1230 2166 1
2166 2711 1
772 1769 1
1769 2413 1
1769 3742 1
246 772 1
960 2908 1
1909 3079 1
705 2072 1
2072 2272 1
3443 3592 1
2411 3592 1
1514 3443 1
2053 2745 1
1587 2745 1
1972 2745 1
163 2745 1
1314 3320 1
1314 3711 1
345 1754 1
1754 3230 1
772 810 1
810 1769 1
810 2413 1
810 3742 1
246 810 1
772 3471 1
1968 3359 1
1482 3359 1
174 2859 1
461 2859 1
25 2444 1
25 956 1
1754 3344 1
345 3344 1
3230 3344 1
843 1534 1
644 843 1
843 846 1
2210 3624 1
983 2210 1
164 1117 1
547 1117 1
1882 2254 1
736 2254 1
2254 3043 1
1451 1795 1
1294 1780 1
724 1513 1
640 1574 1
741 1780 1
741 1294 1
1832 2245 1
468 3378 1
1455 2499 1
73 530 1
230 3182 1
332 1700 1
1377 3596 1
292 671 1
122 1097 1
1350 1775 1
3304 3489 1
122 2012 1
1097 2012 1
1503 2670 1
618 1238 1
1817 3688 1
2726 2915 1
2375 2403 1
14 929 1
300 1707 1
671 2763 1
292 2763 1
2401 3419 1
2726 3024 1
2915 3024 1
1328 1455 1
1328 2499 1
832 3049 1
73 2578 1
530 2578 1
132 617 1
132 3063 1
617 3063 1
302 2401 1
302 3419 1
625 724 1
625 1513 1
1005 2977 1
2246 3688 1
1817 2246 1
1869 2858 1
2384 3263 1
3663 3808 1
2051 2936 1
968 2271 1
832 2856 1
2856 3049 1
1783 3495 1
899 3018 1
220 1455 1
220 1328 1
220 2499 1
1307 2861 1
1143 3802 1
978 1005 1
978 2977 1
792 3383 1
462 767 1
1185 2661 1
832 1513 1
1513 2856 1
1513 3049 1
625 832 1
724 832 1
749 3018 1
749 899 1
1914 3201 1
787 3215 1
2094 2685 1
300 2409 1
1707 2409 1
122 1185 1
1097 1185 1
1185 2012 1
122 2661 1
1180 2861 1
1180 1307 1
1106 1350 1
1106 1775 1
2377 2685 1
2094 2377 1
73 1003 1
530 1003 1
1003 2578 1
968 3238 1
2271 3238 1
767 2071 1
462 2071 1
1786 2007 1
2620 2861 1
1307 2620 1
1180 2620 1
1639 2071 1
462 1639 1
767 1639 1
1106 3816 1
1350 3816 1
1775 3816 1
1458 2204 1
1454 1719 1
468 1783 1
1783 3378 1
468 3495 1
465 3663 1
465 3808 1
1471 2425 1
2819 3000 1
3142 3582 1
893 2887 1
37 2144 1
1372 1869 1
1372 2858 1
1806 3304 1
1806 3489 1
47 1869 1
47 2858 1
47 1372 1
666 1843 1
1775 2930 1
2930 3816 1
1106 2930 1
1350 2930 1
1064 1888 1
1134 2975 1
157 3642 1
3582 3804 1
3142 3804 1
671 1799 1
1799 2763 1
292 1799 1
2543 2909 1
640 1106 1
1106 1574 1
640 1350 1
640 3816 1
640 1775 1
640 2930 1
285 3209 1
1888 2670 1
1064 2670 1
1503 1888 1
2685 2749 1
2377 2749 1
2094 2749 1
500 1700 1
332 500 1
1919 3024 1
1919 2915 1
1919 2726 1
2858 2936 1
1372 2936 1
1869 2936 1
47 2936 1
2051 2858 1
37 3263 1
2144 3263 1
37 2384 1
1698 3063 1
617 1698 1
132 1698 1
332 394 1
394 500 1
394 1700 1
579 1559 1
2360 2543 1
2360 2909 1
1454 2401 1
1719 2401 1
1454 3419 1
302 1454 1
394 1786 1
500 1786 1
1700 1786 1
332 1786 1
394 2007 1
1317 2887 1
893 1317 1
1097 1817 1
1185 1817 1
122 1817 1
1817 2012 1
1097 2246 1
1097 3688 1
2094 2660 1
2377 2660 1
2660 2685 1
2660 2749 1
2909 3639 1
2360 3639 1
2543 3639 1
906 3531 1
1530 2199 1
2235 2381 1
844 3084 1
2039 3297 1
2385 3473 1
3418 3545 1
2416 3348 1
1652 2801 1
160 2772 1
3199 3549 1
1903 2671 1
341 3135 1
457 1680 1
738 2849 1
2439 3674 1
911 2714 1
57 1649 1
2440 3200 1
904 3316 1
1059 3796 1
1179 2041 1
2452 2757 1
856 1517 1
81 2227 1
261 1523 1
996 2098 1
222 3789 1
464 1530 1
464 2199 1
53 525 1
39 1179 1
39 2041 1
2993 3348 1
2416 2993 1
1493 2548 1
1976 3288 1
2248 2951 1
616 2772 1
160 616 1
2602 3316 1
904 2602 1
16 1614 1
1628 3756 1
3199 3345 1
3345 3549 1
1279 3242 1
1211 3050 1
168 2481 1
53 3252 1
525 3252 1
67 1614 1
16 67 1
952 2160 1
1188 1461 1
116 2657 1
2624 3116 1
795 2207 1
2121 3549 1
2121 3345 1
2121 3199 1
2296 3765 1
2922 3062 1
438 2523 1
2041 2619 1
1179 2619 1
39 2619 1
464 1289 1
1289 1530 1
1289 2199 1
467 2134 1
1000 3718 1
844 2814 1
2814 3084 1
2041 3033 1
2619 3033 1
1179 3033 1
39 3033 1
958 2160 1
952 958 1
2465 3658 1
272 3199 1
272 3345 1
272 3549 1
272 2121 1
1976 3309 1
3288 3309 1
1553 2638 1
1147 2235 1
1147 2381 1
2013 3045 1
457 2556 1
1680 2556 1
127 2297 1
478 2594 1
875 2031 1
2687 3316 1
904 2687 1
2602 2687 1
2098 3224 1
996 3224 1
1147 3769 1
2235 3769 1
2381 3769 1
795 1416 1
1416 2207 1
317 3797 1
3620 3765 1
2296 3620 1
83 2801 1
83 1652 1
1613 2148 1
1221 3050 1
1211 1221 1
2035 3477 1
3 2650 1
1062 2624 1
1062 3116 1
3345 3758 1
272 3758 1
2121 3758 1
3549 3758 1
3199 3758 1
904 1682 1
1682 2602 1
1682 3316 1
1682 2687 1
875 2548 1
2031 2548 1
875 1493 1
306 2986 1
1407 2006 1
2952 3775 1
1221 1940 1
1940 3050 1
1211 1940 1
2278 2951 1
2248 2278 1
306 2332 1
2332 2986 1
373 3477 1
373 2035 1
1148 1958 1
1407 1543 1
1543 2006 1
2289 2784 1
81 3195 1
2227 3195 1
386 1148 1
386 1958 1
2581 3448 1
3224 3756 1
2098 3756 1
996 3756 1
1628 3224 1
2194 3508 1
549 3448 1
549 2581 1
952 1025 1
1025 2160 1
958 1025 1
1448 3418 1
1448 3545 1
2951 3418 1
2248 3418 1
2278 3418 1
1448 2951 1
2951 3545 1
614 3527 1
1966 2276 1
134 1221 1
134 3050 1
134 1211 1
134 1940 1
222 1027 1
1027 3789 1
94 1728 1
819 1059 1
819 3796 1
207 1448 1
207 3545 1
207 3418 1
207 2951 1
16 1257 1
67 1257 1
1257 1614 1
1304 2423 1
193 3297 1
193 2039 1
46 911 1
46 2714 1
2853 2885 1
2181 3050 1
1211 2181 1
1940 2181 1
1221 2181 1
134 2181 1
2829 3190 1
1329 3706 1
131 2383 1
1247 1778 1
2981 3695 1
1249 1402 1
117 1532 1
2839 3784 1
399 1974 1
7 2128 1
1930 3423 1
1330 2882 1
556 2168 1
511 729 1
106 1823 1
344 1665 1
1659 2906 1
65 3174 1
697 2178 1
1824 3452 1
1477 3503 1
1721 1924 1
446 2428 1
2830 3581 1
1823 2532 1
106 2532 1
655 1836 1
523 1120 1
1659 2427 1
2427 2906 1
645 1135 1
1094 2105 1
399 2445 1
1974 2445 1
693 2070 1
2852 2931 1
1178 2623 1
935 1247 1
935 1778 1
442 3251 1
2601 3191 1
691 1227 1
1481 1744 1
645 2168 1
1135 2168 1
556 645 1
1659 2105 1
2105 2906 1
2105 2427 1
1094 1659 1
536 2023 1
1379 2829 1
1379 3190 1
13 2010 1
1265 3010 1
2466 3047 1
1305 3047 1
1305 2466 1
1195 3566 1
2774 2889 1
1287 1974 1
1287 2445 1
399 1287 1
2996 3611 1
986 1206 1
801 2828 1
1823 3010 1
106 3010 1
2532 3010 1
1265 1823 1
1313 1744 1
1313 1481 1
2466 2551 1
1305 2551 1
2551 3047 1
13 1477 1
1477 2010 1
13 3503 1
2018 2116 1
482 519 1
898 1299 1
1165 1974 1
1165 1287 1
1165 2445 1
399 1165 1
580 3724 1
1627 2830 1
1627 3581 1
1112 3706 1
1112 1329 1
2365 3605 1
523 1930 1
1120 1930 1
523 3423 1
2759 3704 1
175 3047 1
175 1305 1
175 2466 1
175 2551 1
1112 2599 1
1329 2599 1
2599 3706 1
1982 3068 1
1723 2829 1
1379 1723 1
1723 3190 1
2873 3437 1
6 1163 1
226 2219 1
1721 1902 1
1902 1924 1
1627 2674 1
2674 3581 1
2674 2830 1
2250 2678 1
1195 2684 1
2684 3566 1
2183 3611 1
2183 2996 1
3178 3575 1
397 1287 1
397 1165 1
397 2445 1
397 1974 1
397 399 1
399 1061 1
1061 1287 1
1061 1165 1
397 1061 1
1061 1974 1
1061 2445 1
344 2879 1
1665 2879 1
3027 3235 1
898 2656 1
1299 2656 1
793 950 1
2000 3293 1
959 3355 1
769 2906 1
769 2105 1
769 2427 1
769 1659 1
2365 2839 1
2839 3605 1
2365 3784 1
260 3574 1
1924 2709 1
1721 2709 1
1902 2709 1
328 2773 1
706 2525 1
370 2428 1
370 446 1
1995 2829 1
1379 1995 1
1723 1995 1
1995 3190 1
2812 3565 1
1982 2024 1
2024 3068 1
2710 3605 1
2365 2710 1
2710 2839 1
488 2667 1
1091 1532 1
117 1091 1
1744 3528 1
1481 3528 1
1313 3528 1
1373 2852 1
1373 2931 1
703 3504 1
1135 1253 1
1253 2168 1
645 1253 1
1227 2773 1
691 2773 1
328 1227 1
288 481 1
2708 3174 1
65 2708 1
2532 2572 1
106 2572 1
2572 3010 1
1823 2572 1
446 3312 1
370 3312 1
2428 3312 1
143 493 1
334 2115 1
499 2590 1
1321 3736 1
1729 3358 1
3414 3691 1
948 1892 1
384 2140 1
1630 3787 1
659 2357 1
143 1935 1
493 1935 1
680 3691 1
680 3414 1
1560 2568 1
2568 3505 1
1560 3505 1
526 3008 1
1284 2964 1
299 3030 1
1740 2540 1
909 1892 1
909 948 1
1460 2740 1
148 1432 1
2036 2435 1
499 2389 1
2389 2590 1
1560 1572 1
1572 2568 1
1572 3505 1
710 3083 1
991 3553 1
597 2080 1
987 3131 1
853 3119 1
2389 3732 1
499 3732 1
2590 3732 1
252 1439 1
529 1114 1
585 2370 1
541 1768 1
1673 2628 1
148 213 1
213 1432 1
2015 3131 1
987 2015 1
1918 2268 1
440 1918 1
440 2268 1
658 3654 1
1352 2496 1
747 1489 1
162 3476 1
796 3821 1
1521 1740 1
1521 2540 1
3146 3175 1
1209 3307 1
2571 3560 1
578 3206 1
748 2316 1
670 1996 1
350 597 1
350 2080 1
790 3399 1
211 2984 1
252 3008 1
1439 3008 1
252 526 1
1111 2017 1
2838 3077 1
1791 2316 1
748 1791 1
299 1681 1
1681 3030 1
742 1892 1
742 948 1
742 909 1
526 2536 1
2536 3008 1
252 2536 1
654 3041 1
1673 3472 1
2628 3472 1
817 2415 1
1577 3654 1
658 1577 1
148 568 1
568 1432 1
213 568 1
98 2446 1
1111 2919 1
2017 2919 1
2374 3753 1
2878 2984 1
211 2878 1
493 930 1
930 1935 1
143 930 1
337 2232 1
1284 1359 1
1359 2964 1
98 2441 1
2441 2446 1
296 2354 1
1711 3716 1
451 3330 1
1845 2200 1
1521 1538 1
1538 2540 1
1538 1740 1
541 2783 1
1768 2783 1
286 2900 1
1645 1949 1
632 2962 1
597 3095 1
2080 3095 1
350 3095 1
1162 3038 1
286 3505 1
2900 3505 1
286 2568 1
286 1560 1
286 1572 1
2970 3514 1
1105 3511 1
680 1572 1
1572 3691 1
1572 3414 1
680 3505 1
680 2568 1
680 1560 1
286 680 1
700 1891 1
1706 2316 1
748 1706 1
1706 1791 1
794 2435 1
794 2036 1
971 2786 1
1708 1891 1
700 1708 1
33 2618 1
365 1581 1
747 1423 1
1423 1489 1
790 1694 1
1694 3399 1
1558 3821 1
796 1558 1
3262 3627 1
2115 3399 1
334 3399 1
1694 2115 1
790 2115 1
2140 2263 1
384 2263 1
337 526 1
526 2232 1
337 3008 1
337 2536 1
252 337 1
2310 3176 1
555 2147 1
774 1398 1
558 1819 1
1284 3239 1
2964 3239 1
1359 3239 1
3181 3732 1
499 3181 1
2389 3181 1
2590 3181 1
45 271 1
2268 2486 1
440 2486 1
1918 2486 1
1320 3206 1
578 1320 1
493 796 1
796 930 1
796 1935 1
143 796 1
493 3821 1
493 1558 1
2025 3588 1
2935 3022 1
1312 3390 1
1623 1653 1
492 1502 1
891 3122 1
720 3585 1
3302 3790 1
3086 3822 1
2132 3737 1
2947 3392 1
1312 3291 1
3291 3390 1
202 2188 1
416 2565 1
1033 3585 1
720 1033 1
1082 3311 1
915 2752 1
60 1999 1
1871 2302 1
992 1318 1
2469 2565 1
416 2469 1
1312 1385 1
1385 3291 1
1385 3390 1
1082 1171 1
1171 3311 1
999 1999 1
60 999 1
1055 2954 1
507 2958 1
753 3790 1
753 3302 1
1542 2537 1
2958 3021 1
507 3021 1
206 2312 1
187 1887 1
2236 3065 1
667 3751 1
3086 3520 1
3520 3822 1
30 1422 1
564 690 1
10 1524 1
934 3686 1
2312 2960 1
206 2960 1
804 1422 1
30 804 1
17 2472 1
200 1177 1
441 3111 1
982 2998 1
690 1895 1
564 1895 1
735 2205 1
1900 1953 1
202 3484 1
2188 3484 1
145 447 1
120 605 1
120 3730 1
605 3730 1
1115 3794 1
635 2312 1
635 2960 1
206 635 1
1353 2457 1
1502 1953 1
492 1953 1
1502 1900 1
205 753 1
205 3302 1
205 3790 1
3551 3728 1
2326 3122 1
891 2326 1
422 1119 1
607 1838 1
1171 2438 1
1082 2438 1
2438 3311 1
665 2646 1
1582 2865 1
1988 2621 1
969 2836 1
1177 3356 1
200 3356 1
1954 3122 1
891 1954 1
1954 2326 1
3257 3447 1
2153 3410 1
564 3140 1
690 3140 1
1895 3140 1
880 1510 1
485 2737 1
294 2621 1
294 1988 1
1841 3257 1
1841 3447 1
3534 3768 1
145 3417 1
447 3417 1
492 3585 1
1953 3585 1
1502 3585 1
492 720 1
492 1033 1
1157 2715 1
2328 3728 1
2328 3551 1
1870 2781 1
915 2188 1
2188 2752 1
202 915 1
915 3484 1
2782 2865 1
1582 2782 1
1960 3760 1
413 1033 1
413 720 1
413 3585 1
413 492 1
238 2925 1
243 1733 1
2153 3535 1
3410 3535 1
2355 2449 1
1524 2469 1
10 2469 1
416 1524 1
1524 2565 1
1990 2029 1
2320 3551 1
2320 3728 1
2320 2328 1
1777 3229 1
243 690 1
690 1733 1
243 3140 1
243 564 1
243 1895 1
1508 2132 1
1508 3737 1
2947 3144 1
3144 3392 1
206 1953 1
1953 2312 1
1953 2960 1
635 1953 1
206 3585 1
206 1900 1
206 492 1
206 1502 1
2557 3266 1
726 2337 1
2029 3390 1
1990 3390 1
1312 2029 1
1385 2029 1
2029 3291 1
726 1529 1
1529 2337 1
346 1582 1
346 2865 1
346 2782 1
460 1415 1
1474 1709 1
2518 2781 1
1870 2518 1
934 2992 1
2992 3686 1
3169 3177 1
3022 3112 1
2935 3112 1
1564 1931 1
3690 3690 1
3417 3690 1
145 3690 1
447 3690 1
486 3433 1
537 2557 1
537 3266 1
2016 2469 1
416 2016 1
10 2016 1
1524 2016 1
2016 2565 1
86 533 1
947 2603 1
1443 2247 1
2804 3231 1
1240 2860 1
1081 2412 1
1789 2603 1
947 1789 1
189 1858 1
2175 2862 1
1528 1589 1
2807 3738 1
629 3570 1
1678 2303 1
2244 2771 1
1331 3491 1
1150 1575 1
1233 3221 1
1292 1601 1
86 1651 1
533 1651 1
1262 2001 1
85 638 1
1933 2156 1
1522 2336 1
3329 3521 1
932 2436 1
128 1539 1
2043 3523 1
533 1822 1
1651 1822 1
86 1822 1
3185 3490 1
3287 3306 1
1544 1575 1
1150 1544 1
1822 3388 1
1651 3388 1
533 3388 1
86 3388 1
3127 3814 1
363 3149 1
751 776 1
651 2911 1
1822 3449 1
1651 3449 1
3388 3449 1
533 3449 1
86 3449 1
2778 2950 1
2870 3388 1
86 2870 1
1651 2870 1
533 2870 1
2870 3449 1
1822 2870 1
265 836 1
232 3296 1
1300 2273 1
1522 2412 1
2336 2412 1
1081 1522 1
1450 3590 1
1671 3118 1
1298 1687 1
1522 3738 1
2336 3738 1
1081 3738 1
2412 3738 1
1522 2807 1
3577 3630 1
940 1292 1
940 1601 1
776 3329 1
751 3329 1
776 3521 1
1616 2691 1
2197 2614 1
2459 3526 1
279 674 1
1409 1575 1
1409 1544 1
1150 1409 1
2972 3413 1
566 3306 1
566 3287 1
2172 3020 1
1145 1573 1
916 3377 1
136 2034 1
221 2346 1
355 3806 1
1663 1910 1
2913 3814 1
2913 3127 1
916 1049 1
1049 3377 1
3607 3754 1
1575 3153 1
1544 3153 1
1409 3153 1
1150 3153 1
1671 1822 1
1822 3118 1
86 1671 1
1651 1671 1
533 1671 1
1671 2870 1
1671 3449 1
1671 3388 1
2045 3377 1
1049 2045 1
916 2045 1
1048 2896 1
244 3060 1
3150 3221 1
1233 3150 1
1520 2713 1
369 3377 1
369 1049 1
369 916 1
369 2045 1
2461 2971 1
1366 2305 1
1528 1945 1
1589 1945 1
1908 2550 1
947 3571 1
2603 3571 1
1789 3571 1
105 3338 1
9 428 1
429 1240 1
429 2860 1
938 3684 1
849 3523 1
849 2043 1
154 2511 1
2459 2633 1
2633 3526 1
1703 3694 1
1452 2432 1
850 2686 1
1007 2529 1
1663 2156 1
1910 2156 1
1663 1933 1
836 3715 1
265 3715 1
128 1049 1
1049 1539 1
128 369 1
128 3377 1
128 916 1
128 2045 1
1889 2432 1
1452 1889 1
1872 2343 1
1515 2983 1
1331 1678 1
1678 3491 1
1331 2303 1
791 3060 1
244 791 1
1467 2175 1
1467 2862 1
2972 3342 1
3342 3413 1
506 908 1
169 2376 1
324 2753 1
2129 2459 1
2129 2633 1
2129 3526 1
1331 1515 1
1515 3491 1
1515 1678 1
1515 2303 1
1331 2983 1
281 1663 1
281 2156 1
281 1933 1
281 1910 1
3017 3221 1
1233 3017 1
3017 3150 1
1787 2282 1
29 944 1
1044 2216 1
1374 2929 1
1890 2841 1
1632 3502 1
831 1224 1
1594 2512 1
1739 3487 1
1989 3498 1
387 2832 1
1184 2364 1
1325 1570 1
3132 3208 1
1260 1260 1
963 3779 1
542 3376 1
118 3416 1
542 2689 1
2689 3376 1
2295 2967 1
1229 2959 1
475 2334 1
305 2339 1
77 1306 1
2679 2867 1
953 2867 1
953 2679 1
494 3198 1
581 3379 1
943 1739 1
943 3487 1
314 3735 1
449 1796 1
1561 2560 1
1132 3120 1
1435 3799 1
229 1028 1
304 2101 1
1446 3647 1
309 905 1
831 2334 1
1224 2334 1
475 831 1
1017 2284 1
953 3216 1
2867 3216 1
2679 3216 1
896 3219 1
439 3203 1
1184 3735 1
2364 3735 1
314 1184 1
2253 3799 1
1435 2253 1
1074 1802 1
943 3088 1
1739 3088 1
3088 3487 1
730 3678 1
1224 2585 1
2334 2585 1
831 2585 1
852 2324 1
1873 3733 1
38 641 1
2450 3647 1
1446 2450 1
318 2841 1
318 1890 1
454 2299 1
2560 2966 1
1561 2966 1
1405 1796 1
449 1405 1
1325 2358 1
1570 2358 1
2535 3335 1
93 2284 1
93 1017 1
1132 1533 1
1533 3120 1
1586 1722 1
995 2324 1
852 995 1
1446 1705 1
1705 2450 1
1705 3647 1
12 364 1
1956 3088 1
1739 1956 1
1956 3487 1
943 1956 1
862 2929 1
862 1374 1
1714 1798 1
2299 3411 1
454 3411 1
1973 2535 1
1973 3335 1
1470 2758 1
574 3310 1
177 3247 1
1018 2997 1
1617 2526 1
410 1873 1
410 3733 1
542 1378 1
1378 3376 1
1378 2689 1
1586 2349 1
1722 2349 1
455 3650 1
2761 2815 1
1396 3120 1
1132 1396 1
1396 1533 1
660 716 1
1229 3506 1
2959 3506 1
2443 2967 1
2295 2443 1
1644 2398 1
1234 2398 1
1234 1644 1
1690 2300 1
600 660 1
600 716 1
177 2744 1
2744 3247 1
182 2108 1
309 454 1
454 905 1
309 3411 1
309 2299 1
1141 2102 1
1184 3136 1
314 3136 1
2364 3136 1
3136 3735 1
1325 3370 1
1570 3370 1
2358 3370 1
637 1617 1
637 2526 1
1403 2084 1
114 2585 1
114 1224 1
114 2334 1
114 831 1
1722 1926 1
1586 1926 1
1926 2349 1
3264 3335 1
1973 3264 1
2535 3264 1
770 2956 1
652 2576 1
274 3815 1
1640 3542 1
546 716 1
546 600 1
546 660 1
1016 1396 1
1016 3120 1
1016 1132 1
1016 1533 1
1752 2299 1
1752 3411 1
309 1752 1
454 1752 1
1022 3436 1
2750 3332 1
1235 3431 1
387 1684 1
1684 2832 1
77 3600 1
1306 3600 1
1229 1483 1
1483 3506 1
1483 2959 1
314 2689 1
1184 2689 1
2689 3136 1
2689 3735 1
314 1378 1
314 3376 1
314 542 1
1208 3506 1
1208 1483 1
1208 1229 1
1208 2959 1
2969 3530 1
1992 3074 -1
241 3074 -1
399 3216 -1
1061 3216 -1
1287 3216 -1
1165 3216 -1
397 3216 -1
1974 3216 -1
2445 3216 -1
399 953 -1
399 2867 -1
399 2679 -1
1961 3193 -1
2471 3193 -1
243 1004 -1
564 1004 -1
690 1004 -1
1004 3140 -1
1004 1733 -1
1004 1895 -1
1121 2196 -1
612 2327 -1
1856 3007 -1
911 1320 -1
1320 2714 -1
46 1320 -1
578 911 -1
911 3206 -1
2047 3025 -1
1160 2983 -1
1160 1331 -1
1160 1515 -1
1094 2171 -1
2105 2171 -1
1659 2171 -1
1565 3163 -1
124 497 -1
45 287 -1
271 287 -1
2465 3318 -1
3318 3658 -1
1408 3809 -1
1408 2627 -1
1408 2287 -1
31 1408 -1
2508 2591 -1
471 2591 -1
66 961 -1
961 3130 -1
2138 3530 -1
255 3530 -1
2138 2969 -1
2250 3035 -1
2678 3035 -1
221 2323 -1
2323 2346 -1
1835 2226 -1
1835 3202 -1
620 1835 -1
1042 1835 -1
1835 2191 -1
653 2868 -1
40 3245 -1
40 1525 -1
2707 3054 -1
2653 3382 -1
1544 3071 -1
1409 3071 -1
3071 3153 -1
1150 3071 -1
1575 3071 -1
1544 3619 -1
1544 1867 -1
1544 2064 -1
920 1544 -1
1544 2748 -1
1544 3294 -1
2564 3809 -1
2673 3809 -1
1875 3809 -1
1526 3809 -1
2564 2627 -1
2287 2564 -1
31 2564 -1
125 3679 -1
3679 3762 -1
2747 3679 -1
125 2065 -1
125 1156 -1
3517 3737 -1
1508 3517 -1
2132 3517 -1
3080 3644 -1
1322 2438 -1
1082 1322 -1
1171 1322 -1
1322 3311 -1
1308 3016 -1
591 1166 -1
1155 2352 -1
1627 3217 -1
2674 3217 -1
3217 3581 -1
2830 3217 -1
1627 2429 -1
2186 3095 -1
2080 2186 -1
597 2186 -1
350 2186 -1
1348 2600 -1
42 1348 -1
924 1348 -1
1348 1598 -1
2062 3765 -1
2062 2296 -1
2062 3620 -1
2059 3297 -1
784 3297 -1
193 2059 -1
2039 2059 -1
1010 3314 -1
610 1010 -1
1010 1867 -1
1010 1357 -1
1010 2414 -1
1010 2064 -1
1010 2455 -1
1846 2304 -1
1686 2304 -1
1391 2304 -1
2522 3146 -1
2522 3175 -1
1587 2257 -1
2257 2745 -1
1972 2257 -1
2053 2257 -1
1027 2734 -1
2734 3789 -1
222 2734 -1
867 3128 -1
935 3338 -1
1778 3338 -1
1247 3338 -1
105 935 -1
3086 3141 -1
3141 3520 -1
3141 3822 -1
854 2657 -1
116 854 -1
598 1153 -1
1429 2250 -1
2250 3764 -1
1429 2678 -1
1775 2564 -1
2564 3816 -1
640 2564 -1
1106 2564 -1
2564 2930 -1
1350 2564 -1
1775 2673 -1
1775 1875 -1
1526 1775 -1
2075 3275 -1
2040 3275 -1
1356 2075 -1
2075 3425 -1
1274 2075 -1
2075 3428 -1
1336 3812 -1
320 3812 -1
882 3812 -1
268 3812 -1
865 3763 -1
865 2265 -1
865 955 -1
865 1622 -1
865 1015 -1
2941 3663 -1
2941 3808 -1
465 2941 -1
404 1000 -1
404 3718 -1
1065 3766 -1
2002 3563 -1
2752 3821 -1
915 3821 -1
2188 3821 -1
796 2752 -1
493 2752 -1
1558 2752 -1
3238 3251 -1
968 3251 -1
2271 3251 -1
442 3238 -1
1817 2873 -1
1185 2873 -1
2246 2873 -1
2873 3688 -1
1097 2873 -1
122 2873 -1
2012 2873 -1
1817 3437 -1
770 2405 -1
2405 2956 -1
770 3519 -1
936 3340 -1
73 1062 -1
530 1062 -1
1003 1062 -1
1062 2578 -1
73 2624 -1
73 3116 -1
62 1047 -1
1047 3363 -1
1047 2165 -1
1047 3286 -1
515 1183 -1
1797 2979 -1
2084 3075 -1
1403 3075 -1
500 3777 -1
332 3777 -1
394 3777 -1
1700 3777 -1
1786 3777 -1
128 2905 -1
1539 2905 -1
369 2905 -1
2905 3377 -1
916 2905 -1
1049 2905 -1
2045 2905 -1
52 439 -1
52 3203 -1
1763 3236 -1
1911 2667 -1
488 1911 -1
876 2913 -1
876 3814 -1
876 3127 -1
2947 3510 -1
3392 3510 -1
3144 3510 -1
140 2947 -1
1350 2658 -1
2658 3816 -1
640 2658 -1
1106 2658 -1
2658 2930 -1
1775 2658 -1
1476 3292 -1
1476 1899 -1
1476 2166 -1
1476 2893 -1
1230 1476 -1
1476 2711 -1
595 2852 -1
595 2931 -1
595 1373 -1
2737 3774 -1
485 3774 -1
661 2689 -1
661 1184 -1
661 3136 -1
661 1378 -1
661 3376 -1
661 3735 -1
314 661 -1
542 661 -1
193 2024 -1
2024 3297 -1
2024 2039 -1
193 3068 -1
193 1982 -1
2394 3289 -1
2253 3616 -1
1435 3616 -1
3616 3799 -1
1643 2340 -1
2488 3325 -1
1543 3743 -1
2006 3743 -1
1407 3743 -1
1500 2057 -1
2728 3754 -1
2728 3607 -1
1952 2087 -1
80 2723 -1
106 2395 -1
2395 2572 -1
2395 3010 -1
2395 2532 -1
1823 2395 -1
1536 3342 -1
1536 2972 -1
1536 3413 -1
453 1208 -1
453 3506 -1
453 1483 -1
453 1229 -1
453 2959 -1
856 2113 -1
1517 2113 -1
868 1875 -1
868 2673 -1
868 2564 -1
868 1526 -1
565 645 -1
565 2168 -1
556 565 -1
565 1253 -1
565 1135 -1
395 3722 -1
395 873 -1
2982 3506 -1
1208 2982 -1
1483 2982 -1
1229 2982 -1
2959 2982 -1
2080 2985 -1
597 2985 -1
350 2985 -1
2985 3095 -1
1276 2080 -1
160 2252 -1
616 2252 -1
2252 2772 -1
3392 3722 -1
3144 3722 -1
2947 3722 -1
873 3392 -1
1064 1107 -1
1107 1888 -1
1107 2670 -1
2841 3809 -1
1890 3809 -1
318 3809 -1
2627 2841 -1
2287 2841 -1
31 2841 -1
563 1952 -1
1893 1952 -1
1047 1963 -1
262 3519 -1
262 2405 -1
2026 3636 -1
2343 2657 -1
1872 2657 -1
116 2343 -1
2017 3186 -1
2919 3186 -1
1111 3186 -1
2236 2932 -1
2932 3065 -1
372 589 -1
1106 2554 -1
640 2554 -1
1350 2554 -1
1574 2554 -1
2554 3816 -1
1775 2554 -1
2554 2930 -1
1441 2095 -1
1042 1223 -1
1223 2226 -1
620 1223 -1
1223 3202 -1
1223 2191 -1
2788 2875 -1
1411 3483 -1
1097 3779 -1
1185 3779 -1
2246 3779 -1
3688 3779 -1
1817 3779 -1
122 3779 -1
2012 3779 -1
963 1097 -1
876 2922 -1
876 3062 -1
276 1456 -1
2653 2810 -1
2653 2988 -1
176 2587 -1
2067 3813 -1
639 3752 -1
1084 3749 -1
543 1084 -1
1387 1491 -1
3494 3758 -1
272 3494 -1
3345 3494 -1
3199 3494 -1
3494 3549 -1
2121 3494 -1
1472 3546 -1
698 3546 -1
3546 3807 -1
1031 2689 -1
2689 3713 -1
1031 1184 -1
1031 3136 -1
1031 1378 -1
1031 3376 -1
1031 3735 -1
314 1031 -1
542 1031 -1
2819 3323 -1
3000 3323 -1
627 2168 -1
1056 2168 -1
2168 3044 -1
627 1253 -1
556 627 -1
627 645 -1
627 1135 -1
2902 3135 -1
341 2902 -1
198 1025 -1
198 952 -1
198 2160 -1
198 958 -1
1300 1388 -1
1388 2273 -1
1675 3087 -1
860 934 -1
934 2201 -1
934 1611 -1
812 934 -1
860 2992 -1
860 3686 -1
324 2748 -1
2748 2753 -1
324 920 -1
324 3294 -1
324 3071 -1
442 2741 -1
2741 3251 -1
600 1027 -1
716 1027 -1
546 1027 -1
660 1027 -1
600 3789 -1
222 600 -1
343 2985 -1
343 1276 -1
582 1158 -1
382 835 -1
770 1315 -1
1315 2956 -1
770 3105 -1
770 3595 -1
770 2580 -1
770 3254 -1
770 1809 -1
276 2816 -1
2226 2774 -1
2774 3202 -1
620 2774 -1
1042 2774 -1
2191 2774 -1
2226 2889 -1
1695 3447 -1
191 3447 -1
1695 3257 -1
1695 1841 -1
1376 2977 -1
978 1376 -1
1005 1376 -1
3009 3580 -1
358 3009 -1
1338 3623 -1
413 2150 -1
720 2150 -1
1033 2150 -1
492 2150 -1
2150 3585 -1
1083 2953 -1
2719 3093 -1
532 2945 -1
141 1810 -1
1810 2672 -1
1810 2033 -1
1810 3739 -1
1810 2609 -1
29 2843 -1
944 2843 -1
29 3328 -1
29 223 -1
252 501 -1
501 3008 -1
501 2536 -1
337 501 -1
501 526 -1
501 1439 -1
354 3279 -1
98 1040 -1
1040 2441 -1
1040 2446 -1
3127 3591 -1
2913 3591 -1
3591 3814 -1
22 196 -1
137 356 -1
265 2599 -1
2599 3715 -1
836 2599 -1
265 1112 -1
265 1329 -1
265 3706 -1
436 796 -1
436 930 -1
436 493 -1
436 3821 -1
436 1935 -1
436 1558 -1
143 436 -1
1167 2143 -1
34 3084 -1
34 844 -1
34 2814 -1
1378 1904 -1
1904 3376 -1
1904 2689 -1
314 1904 -1
542 1904 -1
332 2981 -1
500 2981 -1
394 2981 -1
1700 2981 -1
1786 2981 -1
332 3695 -1
3523 3794 -1
849 3794 -1
2043 3794 -1
1115 3523 -1
1562 3120 -1
1016 1562 -1
1396 1562 -1
1132 1562 -1
1533 1562 -1
1832 2052 -1
2052 2245 -1
672 1064 -1
672 1888 -1
672 2670 -1
1125 2129 -1
1125 2633 -1
1125 2459 -1
1125 3526 -1
3802 3809 -1
1143 3809 -1
2627 3802 -1
2287 3802 -1
31 3802 -1
3335 3557 -1
3264 3557 -1
1973 3557 -1
2535 3557 -1
1605 3335 -1
1169 3335 -1
108 3335 -1
2961 3335 -1
3155 3335 -1
1406 3335 -1
1738 2881 -1
1574 1828 -1
640 1828 -1
1106 1828 -1
727 3508 -1
1793 3508 -1
491 3508 -1
2663 3508 -1
171 3508 -1
3508 3601 -1
483 3508 -1
2577 3508 -1
727 2194 -1
3101 3223 -1
2897 3101 -1
1806 2706 -1
2706 3304 -1
2706 3489 -1
870 1677 -1
674 2075 -1
279 2075 -1
674 2040 -1
1665 3270 -1
344 3270 -1
2879 3270 -1
1882 3210 -1
736 3210 -1
3043 3210 -1
2254 3210 -1
693 826 -1
826 2070 -1
759 2138 -1
255 759 -1
398 3188 -1
3432 3750 -1
733 1414 -1
2641 3279 -1
45 1113 -1
271 1113 -1
1793 3002 -1
483 3002 -1
2577 3002 -1
491 3002 -1
3002 3601 -1
171 3002 -1
727 3002 -1
210 855 -1
210 235 -1
639 1007 -1
639 2529 -1
2078 3233 -1
2812 3056 -1
3056 3565 -1
2501 3558 -1
2220 3208 -1
2220 3132 -1
196 2493 -1
1683 2448 -1
1057 3449 -1
86 1057 -1
1057 1671 -1
1057 1651 -1
533 1057 -1
1057 2870 -1
1057 3388 -1
1057 1822 -1
444 1865 -1
1437 1865 -1
1297 2935 -1
1297 3112 -1
1297 3022 -1
1878 3496 -1
116 387 -1
387 2657 -1
116 2832 -1
116 1684 -1
1485 2188 -1
1809 2188 -1
2188 2580 -1
2188 3105 -1
1485 2752 -1
202 1485 -1
915 1485 -1
1485 3484 -1
2942 3051 -1
616 2559 -1
160 2559 -1
2559 2772 -1
552 3206 -1
552 1320 -1
552 578 -1
31 2102 -1
2102 3809 -1
2102 2627 -1
2102 2287 -1
31 1141 -1
1755 3450 -1
3342 3442 -1
2972 3442 -1
3413 3442 -1
555 2889 -1
2147 2889 -1
555 2774 -1
934 3518 -1
2992 3518 -1
3518 3686 -1
844 3355 -1
3084 3355 -1
2814 3355 -1
844 959 -1
1664 1836 -1
655 1664 -1
1148 2339 -1
386 2339 -1
1958 2339 -1
305 1148 -1
1340 2305 -1
1340 1366 -1
1968 2453 -1
1482 2453 -1
2453 3359 -1
1093 1150 -1
1150 2306 -1
1150 3677 -1
1093 1544 -1
1093 1409 -1
1093 3153 -1
1093 1575 -1
2785 2867 -1
2792 2867 -1
816 2867 -1
2348 2867 -1
2351 2867 -1
2785 3216 -1
953 2785 -1
2679 2785 -1
3209 3352 -1
285 3352 -1
2117 3691 -1
680 2117 -1
1572 2117 -1
2117 3414 -1
1980 2473 -1
415 2349 -1
415 1586 -1
415 1722 -1
415 1926 -1
812 3556 -1
2201 3556 -1
1611 3556 -1
860 3556 -1
300 822 -1
822 2409 -1
822 1707 -1
922 1885 -1
1885 3384 -1
217 1885 -1
1185 3390 -1
1097 3390 -1
122 3390 -1
2012 3390 -1
2661 3390 -1
1817 3390 -1
1185 1312 -1
1185 1385 -1
1185 3291 -1
1185 2029 -1
1185 1990 -1
399 597 -1
597 1061 -1
597 1287 -1
597 1165 -1
397 597 -1
597 1974 -1
597 2445 -1
399 2080 -1
350 399 -1
399 3095 -1
1438 1721 -1
1438 1924 -1
1438 2709 -1
1438 1902 -1
1524 3228 -1
416 3228 -1
2016 3228 -1
10 3228 -1
2469 3228 -1
2565 3228 -1
1931 3618 -1
1564 3618 -1
1496 1931 -1
1931 2011 -1
1931 3547 -1
1180 2172 -1
1307 2172 -1
2172 2620 -1
2172 2861 -1
1180 3020 -1
1142 3668 -1
307 1142 -1
2822 3392 -1
248 3392 -1
1001 3392 -1
1716 3392 -1
2822 3144 -1
2822 2947 -1
2608 3494 -1
530 3651 -1
73 3651 -1
2578 3651 -1
1003 3651 -1
1197 2753 -1
324 1197 -1
962 2331 -1
962 2762 -1
962 3058 -1
2163 2626 -1
2199 3546 -1
464 3546 -1
1289 3546 -1
1530 3546 -1
2626 2793 -1
299 2429 -1
1681 2429 -1
2429 3030 -1
299 3217 -1
580 1255 -1
1255 3724 -1
1072 1180 -1
1072 1307 -1
1072 2620 -1
1072 2861 -1
2161 2498 -1
3098 3133 -1
1267 3098 -1
2670 3468 -1
1888 3468 -1
1064 3468 -1
1503 3468 -1
599 2229 -1
752 1556 -1
203 468 -1
203 3378 -1
203 3495 -1
203 1783 -1
527 3313 -1
3078 3506 -1
1208 3078 -1
1483 3078 -1
1229 3078 -1
2959 3078 -1
1471 3476 -1
2425 3476 -1
162 1471 -1
853 1195 -1
1195 3119 -1
853 2684 -1
853 3566 -1
178 653 -1
251 1190 -1
2992 3812 -1
3686 3812 -1
934 3812 -1
2851 3169 -1
2851 3177 -1
1527 3603 -1
1092 3603 -1
1280 2478 -1
1072 1649 -1
57 1072 -1
1350 2085 -1
2085 3816 -1
640 2085 -1
1106 2085 -1
2085 2930 -1
1775 2085 -1
1025 1515 -1
952 1515 -1
1515 2160 -1
958 1515 -1
1025 1331 -1
1025 2303 -1
1025 3491 -1
1025 1678 -1
1025 2983 -1
1909 3540 -1
3079 3540 -1
1053 3022 -1
1053 3112 -1
1053 2935 -1
247 2668 -1
549 2308 -1
2308 3448 -1
2308 2581 -1
1122 3589 -1
1842 3589 -1
2073 3108 -1
652 2982 -1
2576 2982 -1
2141 3580 -1
358 2141 -1
461 2336 -1
2336 2859 -1
174 2336 -1
461 1522 -1
461 2412 -1
461 3738 -1
2611 2878 -1
2611 2984 -1
211 2611 -1
869 1647 -1
2204 3248 -1
1458 3248 -1
798 3128 -1
793 2228 -1
950 2228 -1
366 2588 -1
1880 3252 -1
53 1880 -1
525 1880 -1
777 2522 -1
1677 1849 -1
2746 3268 -1
1912 2513 -1
352 3786 -1
1905 3786 -1
2523 3395 -1
438 3395 -1
1016 1639 -1
1639 3120 -1
1132 1639 -1
1396 1639 -1
1533 1639 -1
767 1016 -1
462 1016 -1
1016 2071 -1
1916 3383 -1
792 1916 -1
1374 2656 -1
2656 2929 -1
862 2656 -1
898 1374 -1
1299 1374 -1
2617 3247 -1
2617 2744 -1
177 2617 -1
2492 3048 -1
1595 2492 -1
1289 3360 -1
464 3360 -1
1530 3360 -1
2199 3360 -1
1289 3026 -1
1289 1363 -1
594 1289 -1
83 707 -1
707 2801 -1
707 1652 -1
546 2784 -1
600 2784 -1
660 2784 -1
716 2784 -1
546 2289 -1
881 2322 -1
982 1122 -1
1122 2998 -1
982 1842 -1
379 3207 -1
1123 2458 -1
62 1813 -1
1813 3363 -1
1813 2165 -1
1813 3286 -1
62 78 -1
427 1731 -1
2111 2122 -1
989 3807 -1
989 1472 -1
698 989 -1
788 3576 -1
1336 2566 -1
320 2566 -1
882 2566 -1
268 2566 -1
2144 3777 -1
37 3777 -1
3263 3777 -1
984 3217 -1
984 2429 -1
530 3594 -1
73 3594 -1
2578 3594 -1
1003 3594 -1
3319 3470 -1
746 2196 -1
254 556 -1
254 2168 -1
254 645 -1
225 3331 -1
2162 3087 -1
1283 3087 -1
2126 3087 -1
1722 2273 -1
1586 2273 -1
2273 2349 -1
1926 2273 -1
1300 1722 -1
357 948 -1
357 1892 -1
357 909 -1
357 742 -1
1353 2331 -1
2331 2457 -1
1353 2762 -1
1353 3058 -1
1003 2124 -1
73 2124 -1
530 2124 -1
2124 2578 -1
1003 3226 -1
1835 3680 -1
38 901 -1
641 901 -1
125 1561 -1
1561 3762 -1
1561 2747 -1
125 2560 -1
125 2966 -1
1058 2215 -1
528 3563 -1
50 2979 -1
724 2512 -1
832 2512 -1
1513 2512 -1
625 2512 -1
724 1594 -1
574 3657 -1
3310 3657 -1
1845 2385 -1
2200 2385 -1
1845 3473 -1
2054 2719 -1
682 2485 -1
3706 3790 -1
1112 3790 -1
1329 3790 -1
2599 3790 -1
753 3706 -1
205 3706 -1
3302 3706 -1
330 1891 -1
330 1708 -1
330 700 -1
675 2598 -1
675 1066 -1
675 931 -1
1565 1836 -1
655 1565 -1
2008 2837 -1
1571 3500 -1
2187 2423 -1
1304 2187 -1
6 3097 -1
1163 3097 -1
6 3795 -1
6 2479 -1
1451 2423 -1
1795 2423 -1
1304 1451 -1
3275 3724 -1
1356 3724 -1
3425 3724 -1
1274 3724 -1
3428 3724 -1
580 3275 -1
905 959 -1
309 959 -1
454 959 -1
905 3355 -1
1342 3214 -1
1342 2569 -1
1424 2249 -1
2276 3176 -1
1966 3176 -1
2276 2310 -1
824 2456 -1
355 1020 -1
1020 3806 -1
3479 3515 -1
1290 3465 -1
104 3465 -1
387 3789 -1
2832 3789 -1
1684 3789 -1
387 1027 -1
222 387 -1
1332 1427 -1
2014 2219 -1
41 2219 -1
226 2014 -1
2213 2657 -1
116 2213 -1
838 3706 -1
838 1112 -1
838 1329 -1
838 2599 -1
2279 2466 -1
1305 2279 -1
2279 2551 -1
175 2279 -1
2279 3047 -1
1694 3225 -1
2115 3225 -1
790 3225 -1
3225 3399 -1
862 3329 -1
2929 3329 -1
1374 3329 -1
776 862 -1
862 3521 -1
751 862 -1
2768 3796 -1
819 2768 -1
1059 2768 -1
584 2803 -1
3186 3655 -1
2475 3655 -1
492 3524 -1
1953 3524 -1
3524 3585 -1
1033 3524 -1
206 3524 -1
720 3524 -1
413 3524 -1
1502 3524 -1
492 2826 -1
2306 3320 -1
3320 3677 -1
1093 3320 -1
1314 2306 -1
2306 3711 -1
200 2484 -1
1177 2484 -1
2484 3356 -1
200 2589 -1
200 783 -1
200 2516 -1
200 3469 -1
200 1751 -1
358 1765 -1
1765 3580 -1
2502 3343 -1
696 3770 -1
2592 3685 -1
778 2186 -1
907 2186 -1
550 2186 -1
1252 2580 -1
1252 3105 -1
1252 1315 -1
1252 3595 -1
1252 1485 -1
1252 1809 -1
1252 3254 -1
3074 3672 -1
3078 3759 -1
483 2868 -1
1793 2868 -1
171 2868 -1
2577 2868 -1
491 2868 -1
2868 3601 -1
727 2868 -1
3173 3309 -1
1976 3173 -1
3173 3288 -1
1616 2920 -1
2691 2920 -1
279 1072 -1
674 1072 -1
2048 2255 -1
1584 2255 -1
1512 2255 -1
2255 3212 -1
2255 2613 -1
158 2255 -1
2048 3031 -1
1311 1366 -1
1311 2305 -1
718 2403 -1
2270 2403 -1
718 2375 -1
900 3012 -1
1222 3012 -1
1309 2844 -1
1604 1655 -1
209 1786 -1
209 332 -1
209 1700 -1
209 394 -1
209 500 -1
209 2007 -1
511 3117 -1
729 3117 -1
4 677 -1
4 3568 -1
1107 3140 -1
690 1107 -1
243 1107 -1
564 1107 -1
1107 1895 -1
1564 1602 -1
1602 1931 -1
1558 2126 -1
796 2126 -1
2126 3821 -1
493 2126 -1
1558 2162 -1
1283 1558 -1
3212 3523 -1
2048 3523 -1
1512 3523 -1
2634 3523 -1
1612 3523 -1
1584 3523 -1
2613 3523 -1
158 3523 -1
849 3212 -1
2043 3212 -1
861 1641 -1
1641 1864 -1
1641 1985 -1
1641 3726 -1
1074 1653 -1
1653 1802 -1
1074 1623 -1
2235 3123 -1
3123 3769 -1
1147 3123 -1
2381 3123 -1
609 2235 -1
15 2235 -1
2983 3228 -1
1331 3228 -1
1515 3228 -1
196 3543 -1
196 2625 -1
196 692 -1
3310 3687 -1
574 3687 -1
136 664 -1
664 2034 -1
1734 2716 -1
2401 2610 -1
2610 3419 -1
1454 2610 -1
302 2610 -1
1719 2610 -1
53 1844 -1
1844 3252 -1
525 1844 -1
49 144 -1
879 3431 -1
879 1235 -1
35 879 -1
476 2032 -1
528 1300 -1
528 2273 -1
846 3024 -1
843 3024 -1
644 3024 -1
1534 3024 -1
846 2915 -1
846 2726 -1
846 1919 -1
2066 2295 -1
2066 2443 -1
2066 2967 -1
2267 3589 -1
337 2001 -1
2001 2232 -1
2001 3008 -1
252 2001 -1
2001 2536 -1
526 2001 -1
337 1262 -1
1037 3017 -1
1037 1233 -1
1037 3221 -1
1037 3150 -1
3241 3272 -1
3020 3298 -1
2172 3298 -1
2145 2865 -1
346 2145 -1
2145 2782 -1
1582 2145 -1
972 1783 -1
972 3378 -1
468 972 -1
972 3495 -1
319 1174 -1
2593 2974 -1
782 2593 -1
123 2942 -1
1014 1830 -1
896 3389 -1
3219 3389 -1
643 1378 -1
643 3376 -1
643 2689 -1
314 643 -1
542 643 -1
1199 1450 -1
1199 3590 -1
78 2925 -1
1813 2925 -1
78 238 -1
1761 3430 -1
2832 3682 -1
387 3682 -1
1684 3682 -1
2832 2898 -1
2832 3810 -1
1908 2947 -1
2550 2947 -1
1908 3392 -1
1908 3144 -1
432 3073 -1
3510 3784 -1
140 3784 -1
2365 3510 -1
2839 3510 -1
734 3780 -1
124 555 -1
124 2147 -1
974 2101 -1
304 974 -1
246 2472 -1
1769 2472 -1
810 2472 -1
772 2472 -1
17 246 -1
119 838 -1
1988 2103 -1
2103 2621 -1
294 2103 -1
1988 2651 -1
453 2547 -1
1023 1722 -1
1023 1586 -1
1023 2349 -1
1023 1926 -1
1046 3270 -1
522 3342 -1
522 2972 -1
522 3413 -1
1670 2374 -1
1670 3753 -1
235 1346 -1
855 1346 -1
145 1304 -1
1304 3417 -1
1304 3690 -1
447 1304 -1
145 2423 -1
559 2548 -1
559 875 -1
559 1493 -1
559 2031 -1
1934 2005 -1
484 2239 -1
707 2264 -1
2068 2857 -1
153 3610 -1
1296 1562 -1
197 3161 -1
3674 3706 -1
2439 3706 -1
1112 3674 -1
1329 3674 -1
2599 3674 -1
107 259 -1
934 2551 -1
2551 2992 -1
2551 3686 -1
934 1305 -1
934 2466 -1
175 934 -1
934 3047 -1
1024 3569 -1
269 3569 -1
1733 2638 -1
690 2638 -1
243 2638 -1
1553 1733 -1
333 3168 -1
989 3361 -1
530 1915 -1
73 1915 -1
1915 2578 -1
1003 1915 -1
2570 3615 -1
938 2668 -1
2668 3684 -1
2331 3632 -1
2762 3632 -1
3058 3632 -1
2359 2362 -1
349 2424 -1
1928 2785 -1
1928 2792 -1
816 1928 -1
1928 2348 -1
1928 2351 -1
96 2797 -1
54 1180 -1
54 1307 -1
54 2620 -1
54 2861 -1
1536 3266 -1
537 1536 -1
1536 2557 -1
1212 3523 -1
849 1212 -1
1212 2043 -1
1261 2579 -1
1797 1944 -1
584 1975 -1
584 1876 -1
584 2463 -1
2496 3157 -1
1352 3157 -1
530 2500 -1
73 2500 -1
2500 2578 -1
1003 2500 -1
937 2275 -1
786 1395 -1
2240 2266 -1
1590 1890 -1
1590 2841 -1
318 1590 -1
839 1586 -1
839 1722 -1
839 2349 -1
839 1926 -1
2937 3179 -1
1636 1691 -1
388 1636 -1
1457 1490 -1
2992 3155 -1
3155 3686 -1
934 3155 -1
1169 2992 -1
1605 2992 -1
1406 2992 -1
2992 3557 -1
1212 1970 -1
691 3405 -1
1227 3405 -1
2773 3405 -1
999 3033 -1
60 3033 -1
1999 3033 -1
999 2041 -1
999 2619 -1
999 1179 -1
39 999 -1
1848 2389 -1
499 1848 -1
1848 3732 -1
1848 3181 -1
1848 2590 -1
546 2247 -1
600 2247 -1
660 2247 -1
716 2247 -1
546 1443 -1
360 3312 -1
360 370 -1
360 2428 -1
360 446 -1
2053 3042 -1
2745 3042 -1
1587 3042 -1
1972 3042 -1
163 3042 -1
381 2012 -1
381 1097 -1
122 381 -1
381 1817 -1
381 1185 -1
609 2352 -1
2352 3123 -1
15 2352 -1
2064 2935 -1
610 2935 -1
2935 3619 -1
1867 2935 -1
1357 2935 -1
2414 2935 -1
2935 3314 -1
2455 2935 -1
2935 3294 -1
2935 3071 -1
2064 3112 -1
2064 3022 -1
220 2247 -1
1328 2247 -1
2247 2499 -1
1455 2247 -1
220 1443 -1
1039 1169 -1
1039 3155 -1
1039 3557 -1
1039 1406 -1
2854 3610 -1
2253 3557 -1
1435 3557 -1
3557 3799 -1
1605 2253 -1
1169 2253 -1
108 2253 -1
2253 2961 -1
2253 3155 -1
1406 2253 -1
1433 3764 -1
1429 1433 -1
1209 1830 -1
1830 3307 -1
2696 3082 -1
2460 3816 -1
640 2460 -1
1106 2460 -1
2460 2930 -1
1350 2460 -1
1775 2460 -1
330 1216 -1
2049 2832 -1
1535 2832 -1
387 2049 -1
1684 2049 -1
1282 3076 -1
24 3076 -1
1494 3076 -1
1226 3753 -1
1226 2374 -1
48 1405 -1
48 449 -1
48 1796 -1
125 2044 -1
2044 3762 -1
2044 2747 -1
125 818 -1
1285 2840 -1
2323 3464 -1
1422 2039 -1
804 2039 -1
30 2039 -1
1422 3297 -1
193 1422 -1
1729 2587 -1
2587 3358 -1
2669 3486 -1
318 3515 -1
2841 3515 -1
1890 3515 -1
268 967 -1
320 967 -1
967 1336 -1
882 967 -1
1609 2550 -1
1609 1908 -1
205 903 -1
753 903 -1
903 3790 -1
903 3302 -1
67 613 -1
16 613 -1
613 1257 -1
613 1614 -1
3191 3530 -1
2601 3530 -1
2969 3191 -1
1076 2334 -1
1518 2334 -1
1076 1224 -1
1076 2585 -1
114 1076 -1
475 1076 -1
831 1076 -1
613 1132 -1
613 3120 -1
613 1016 -1
613 1396 -1
613 1533 -1
468 2547 -1
2547 3378 -1
2547 3495 -1
1783 2547 -1
2271 2850 -1
968 2850 -1
2850 3238 -1
1816 2271 -1
834 2271 -1
3079 3780 -1
1909 3780 -1
1330 3549 -1
2882 3549 -1
272 1330 -1
1330 3345 -1
1330 3758 -1
1330 2121 -1
1330 3199 -1
3013 3308 -1
123 1718 -1
348 1304 -1
348 2423 -1
388 1001 -1
1001 1691 -1
248 388 -1
388 1716 -1
388 2822 -1
1774 3593 -1
1746 1774 -1
1563 1774 -1
3057 3745 -1
43 3344 -1
43 345 -1
43 1754 -1
43 3230 -1
1275 2464 -1
1218 3476 -1
162 1218 -1
2803 2866 -1
3280 3416 -1
118 3280 -1
3352 3647 -1
1705 3352 -1
2450 3352 -1
1446 3352 -1
43 3461 -1
805 2063 -1
425 1800 -1
1384 2355 -1
1384 2449 -1
1897 2063 -1
342 938 -1
342 3684 -1
1442 3095 -1
1442 2080 -1
597 1442 -1
350 1442 -1
407 429 -1
407 1240 -1
407 2860 -1
1423 1551 -1
1489 1551 -1
747 1551 -1
380 2430 -1
2430 3435 -1
1159 2430 -1
126 632 -1
126 2962 -1
3 3466 -1
2650 3466 -1
273 2706 -1
761 3803 -1
425 802 -1
88 1895 -1
88 3140 -1
88 690 -1
88 243 -1
88 564 -1
1293 3037 -1
1941 3623 -1
143 1721 -1
930 1721 -1
796 1721 -1
493 1721 -1
1721 1935 -1
143 1924 -1
143 2709 -1
143 1902 -1
347 369 -1
128 347 -1
347 3377 -1
347 916 -1
347 2045 -1
347 1049 -1
1681 3215 -1
299 3215 -1
3030 3215 -1
787 1681 -1
565 2057 -1
1470 2660 -1
2660 2758 -1
1470 2377 -1
1470 2685 -1
1470 2094 -1
1470 2749 -1
352 3016 -1
1905 3016 -1
2311 3576 -1
325 357 -1
1054 1128 -1
2437 2504 -1
771 2504 -1
2504 3701 -1
1009 3624 -1
1009 2210 -1
983 1009 -1
24 1738 -1
1282 1738 -1
1494 1738 -1
2729 3692 -1
549 1838 -1
1838 3448 -1
1838 2581 -1
549 607 -1
1141 2546 -1
2102 2546 -1
1219 2827 -1
445 2827 -1
1702 2827 -1
518 2161 -1
966 1496 -1
966 3618 -1
966 2011 -1
966 3547 -1
804 1476 -1
30 1476 -1
1422 1476 -1
1178 2075 -1
2075 2623 -1
1178 2040 -1
720 2944 -1
2944 3585 -1
492 2944 -1
413 2944 -1
1033 2944 -1
302 3272 -1
2401 3272 -1
3272 3419 -1
1454 3272 -1
3049 3594 -1
832 3594 -1
2856 3594 -1
1513 3594 -1
1286 1637 -1
731 1606 -1
1572 2647 -1
2647 3505 -1
2568 2647 -1
2647 3691 -1
680 2647 -1
2647 3414 -1
1560 2647 -1
286 2647 -1
707 2577 -1
707 1793 -1
483 707 -1
171 707 -1
707 3601 -1
707 727 -1
491 707 -1
44 3367 -1
44 1045 -1
1578 2455 -1
610 1578 -1
1578 1867 -1
1357 1578 -1
1578 2414 -1
1578 2064 -1
1578 3314 -1
2988 3355 -1
2810 3355 -1
959 2988 -1
1337 1622 -1
1137 1337 -1
1337 2265 -1
1337 3763 -1
1015 1337 -1
799 1337 -1
389 1014 -1
1869 3084 -1
2936 3084 -1
2858 3084 -1
1372 3084 -1
47 3084 -1
844 1869 -1
1869 2814 -1
2218 2866 -1
1467 3295 -1
2862 3295 -1
2175 3295 -1
1206 2167 -1
986 2167 -1
2402 2596 -1
173 1671 -1
86 173 -1
173 3118 -1
173 1651 -1
173 533 -1
173 2870 -1
173 3449 -1
173 3388 -1
173 1822 -1
315 2368 -1
99 2368 -1
442 2385 -1
2385 3251 -1
442 3473 -1
213 1487 -1
1432 1487 -1
568 1487 -1
148 1487 -1
601 3819 -1
258 2974 -1
258 782 -1
2653 2877 -1
1715 1886 -1
2415 2911 -1
817 2911 -1
651 2415 -1
430 3326 -1
496 2602 -1
496 904 -1
496 1682 -1
496 3316 -1
496 2687 -1
1595 2196 -1
2196 3048 -1
3068 3712 -1
2024 3712 -1
1982 3712 -1
702 3690 -1
2629 3690 -1
702 3417 -1
447 702 -1
145 702 -1
1781 1936 -1
1781 3671 -1
3348 3772 -1
2416 3772 -1
2993 3772 -1
646 2371 -1
2678 3785 -1
2250 3785 -1
1684 3822 -1
2832 3822 -1
387 3822 -1
1684 3520 -1
1684 3086 -1
1424 3658 -1
1424 2465 -1
423 2535 -1
423 3264 -1
423 1973 -1
423 3335 -1
309 1656 -1
1656 1752 -1
905 1656 -1
1656 3411 -1
454 1656 -1
1656 2299 -1
586 2288 -1
2346 2591 -1
221 2591 -1
1618 3730 -1
120 1618 -1
605 1618 -1
1771 2406 -1
295 3792 -1
295 3482 -1
1583 3685 -1
272 730 -1
730 3345 -1
730 3758 -1
730 3549 -1
730 2121 -1
730 3199 -1
272 3678 -1
1307 2141 -1
2141 2620 -1
1180 2141 -1
2141 2861 -1
3206 3621 -1
1320 3621 -1
578 3621 -1
676 2322 -1
121 3061 -1
289 2783 -1
489 2783 -1
636 2783 -1
289 1768 -1
289 541 -1
2426 3269 -1
195 3324 -1
1066 3324 -1
931 3324 -1
1308 2451 -1
401 3348 -1
401 2416 -1
401 2993 -1
1405 2631 -1
449 2631 -1
1796 2631 -1
1179 3682 -1
2041 3682 -1
3033 3682 -1
2619 3682 -1
39 3682 -1
1179 2898 -1
1179 3810 -1
282 2010 -1
13 282 -1
282 1477 -1
2575 2804 -1
2575 3231 -1
705 1666 -1
1666 2272 -1
1666 2072 -1
3084 3188 -1
844 3188 -1
2814 3188 -1
1993 2287 -1
1993 3809 -1
1993 2627 -1
31 1993 -1
2344 2743 -1
538 2344 -1
2402 2461 -1
2402 2971 -1
1233 1602 -1
1602 3017 -1
1602 3221 -1
1602 3150 -1
999 3279 -1
60 3279 -1
1999 3279 -1
391 3772 -1
669 3627 -1
669 3262 -1
1195 1969 -1
1969 2684 -1
1969 3566 -1
