1929 2580 1
1153 1774 1
1496 2800 1
740 2810 1
1182 2223 1
737 834 1
1689 2810 1
740 1689 1
435 2534 1
1849 3524 1
701 3210 1
1562 2171 1
1076 3673 1
722 1192 1
2287 2598 1
975 1030 1
1322 1518 1
1176 1546 1
2612 3488 1
723 2190 1
266 565 1
620 2627 1
1552 2627 1
620 1552 1
540 855 1
3089 3384 1
1648 3213 1
1156 3712 1
1837 3325 1
2048 2350 1
2634 2979 1
2037 2651 1
3202 3669 1
352 3494 1
490 922 1
636 3483 1
95 3438 1
1951 2596 1
594 2502 1
2019 2308 1
2539 3792 1
1929 2533 1
2533 2580 1
26 925 1
1302 1849 1
1302 3524 1
253 2554 1
1584 3744 1
620 3425 1
1552 3425 1
2627 3425 1
505 3579 1
1067 3285 1
1718 3123 1
723 1985 1
1985 2190 1
1552 3467 1
3425 3467 1
2627 3467 1
620 3467 1
679 1205 1
740 1774 1
1689 1774 1
1774 2810 1
740 1153 1
1552 3633 1
3467 3633 1
3425 3633 1
2627 3633 1
620 3633 1
158 2048 1
158 2350 1
883 2190 1
883 1985 1
723 883 1
406 1387 1
1382 2291 1
1037 2485 1
1363 2287 1
1363 2598 1
1096 3285 1
1067 1096 1
1276 3633 1
1276 3425 1
1276 2627 1
1276 3467 1
620 1276 1
1276 1552 1
565 3303 1
266 3303 1
358 1907 1
269 1761 1
636 2291 1
2291 3483 1
636 1382 1
743 2932 1
1944 3389 1
847 1970 1
124 2037 1
124 2651 1
855 1597 1
540 1597 1
1276 3034 1
3034 3425 1
2627 3034 1
3034 3467 1
620 3034 1
1552 3034 1
3034 3633 1
812 2534 1
435 812 1
1512 2048 1
158 1512 1
1512 2350 1
2825 2991 1
1102 1816 1
124 1584 1
1584 2651 1
1584 2037 1
124 3744 1
1382 3107 1
2291 3107 1
636 3107 1
406 1689 1
1387 1689 1
406 2810 1
406 740 1
406 1774 1
1674 1770 1
266 841 1
565 841 1
841 3303 1
722 2191 1
1192 2191 1
1231 2201 1
1758 3547 1
1761 2145 1
269 2145 1
860 2810 1
860 1689 1
740 860 1
406 860 1
860 1774 1
2500 3440 1
734 922 1
490 734 1
2122 3497 1
594 2634 1
2502 2634 1
594 2979 1
141 185 1
1127 3492 1
701 3075 1
3075 3210 1
1929 2730 1
2580 2730 1
2533 2730 1
922 2171 1
490 2171 1
734 2171 1
922 1562 1
636 1484 1
1484 3107 1
1484 3483 1
1382 1484 1
1484 2291 1
553 3679 1
2122 2122 1
1244 2019 1
1244 2308 1
872 1274 1
1546 2223 1
1176 2223 1
1182 1546 1
1761 2728 1
2145 2728 1
269 2728 1
1087 2258 1
876 1181 1
553 3155 1
3155 3679 1
1203 3524 1
1203 1849 1
1203 1302 1
1881 3519 1
722 3227 1
1192 3227 1
2191 3227 1
2137 3731 1
563 1118 1
621 628 1
2347 3612 1
139 1335 1
1480 1595 1
69 3810 1
1357 3272 1
563 2008 1
1118 2008 1
2367 2406 1
2484 2880 1
1193 2002 1
225 745 1
61 3032 1
1486 3249 1
692 3226 1
1696 1751 1
96 1172 1
190 1191 1
250 907 1
1920 2748 1
686 2808 1
1052 1936 1
1174 3763 1
664 2158 1
643 3294 1
3101 3109 1
250 1602 1
907 1602 1
2081 2348 1
599 783 1
2429 2877 1
412 1013 1
190 2052 1
1191 2052 1
1927 2945 1
1969 2703 1
610 2625 1
1842 3772 1
287 2943 1
242 3469 1
2544 3743 1
2703 3272 1
1969 3272 1
1357 2703 1
1860 3743 1
1860 2544 1
1434 3810 1
69 1434 1
2504 3245 1
2187 2608 1
1969 3656 1
3272 3656 1
2703 3656 1
425 1525 1
2871 3612 1
2347 2871 1
307 417 1
733 2779 1
204 2542 1
3032 3409 1
61 3409 1
433 1861 1
1052 3386 1
1936 3386 1
920 2429 1
920 2877 1
463 3372 1
2429 2600 1
920 2600 1
2600 2877 1
357 2722 1
2351 3294 1
643 2351 1
476 2654 1
1868 2654 1
476 1868 1
190 1920 1
1920 2052 1
1191 1920 1
190 2748 1
150 2751 1
357 3743 1
2722 3743 1
357 2544 1
357 1860 1
1250 3401 1
1595 3055 1
1480 3055 1
2898 3568 1
1104 1842 1
1104 3772 1
924 2231 1
433 2476 1
1861 2476 1
573 3619 1
2002 2666 1
1193 2666 1
1531 3450 1
69 1631 1
1631 3810 1
1434 1631 1
1638 1937 1
3071 3351 1
2506 2899 1
1992 3066 1
840 3450 1
840 1531 1
348 2792 1
1204 1588 1
225 1638 1
745 1638 1
225 1937 1
907 2544 1
250 2544 1
1602 2544 1
907 1860 1
357 907 1
907 3743 1
1193 2779 1
2002 2779 1
2666 2779 1
733 1193 1
1607 2270 1
255 1098 1
2002 2256 1
1193 2256 1
2256 2666 1
2256 2779 1
24 1917 1
2898 3651 1
3568 3651 1
1531 3747 1
840 3747 1
3450 3747 1
2566 3578 1
1602 2611 1
2544 2611 1
250 2611 1
907 2611 1
760 2871 1
760 2347 1
760 3612 1
1641 2277 1
1198 1381 1
3305 3615 1
3048 3349 1
250 818 1
818 2544 1
818 2611 1
818 1602 1
818 907 1
628 3351 1
621 3351 1
628 3071 1
1357 1486 1
1486 3272 1
1486 2703 1
1357 3249 1
1109 3409 1
1109 3032 1
61 1109 1
2898 3576 1
3568 3576 1
3576 3651 1
242 1478 1
1478 3469 1
550 3763 1
550 1174 1
1122 2265 1
516 1204 1
516 1588 1
180 1591 1
573 2945 1
2945 3619 1
573 1927 1
3621 3743 1
2722 3621 1
1860 3621 1
357 3621 1
907 3621 1
2544 3621 1
762 3401 1
762 1250 1
1335 3409 1
139 3409 1
1335 3032 1
61 1335 1
1109 1335 1
1172 2333 1
96 2333 1
1389 2484 1
1389 2880 1
1391 1743 1
1338 3698 1
2053 2745 1
1482 2046 1
504 1754 1
2166 2822 1
1749 2478 1
1716 1975 1
63 2356 1
163 3130 1
3011 3563 1
843 1314 1
755 765 1
210 414 1
1092 1993 1
784 2615 1
2046 2254 1
1482 2254 1
538 942 1
1230 2893 1
445 3474 1
3593 3713 1
1781 2474 1
901 3591 1
2285 2606 1
1201 2474 1
1201 1781 1
414 1901 1
210 1901 1
942 2161 1
538 2161 1
316 1056 1
5 2161 1
5 538 1
5 942 1
41 1290 1
3443 3552 1
1230 1874 1
1874 2893 1
1043 2545 1
744 3097 1
1679 2908 1
55 2083 1
248 3044 1
1239 1314 1
843 1239 1
466 3593 1
466 3713 1
1925 3265 1
398 627 1
170 3004 1
2255 3145 1
2315 2411 1
84 2463 1
444 3550 1
421 2597 1
2356 3097 1
63 3097 1
744 2356 1
1242 1482 1
1242 2254 1
1242 2046 1
1725 1769 1
144 810 1
129 1314 1
129 843 1
129 1239 1
810 2131 1
144 2131 1
1642 1899 1
3180 3608 1
1314 2046 1
129 2046 1
843 2046 1
1239 2046 1
1314 1482 1
1314 2254 1
1242 1314 1
1874 3207 1
2893 3207 1
1230 3207 1
1846 3443 1
1846 3552 1
1056 1511 1
316 1511 1
1972 3151 1
203 2531 1
2319 2705 1
1031 2155 1
956 1420 1
1846 3474 1
3474 3552 1
3443 3474 1
445 1846 1
1215 3617 1
939 3533 1
246 2141 1
1056 3550 1
316 3550 1
1511 3550 1
444 1056 1
398 1336 1
627 1336 1
2733 3079 1
1961 3097 1
744 1961 1
1961 2356 1
63 1961 1
421 3043 1
2597 3043 1
2141 2795 1
246 2795 1
1959 3365 1
1449 3292 1
1527 2859 1
1197 3593 1
1197 3713 1
466 1197 1
587 709 1
125 1925 1
125 3265 1
55 1846 1
1846 2083 1
55 3552 1
55 3474 1
55 3443 1
55 445 1
3532 3701 1
3161 3320 1
603 3532 1
603 3701 1
380 2569 1
1092 1619 1
1619 1993 1
1136 3533 1
939 1136 1
50 461 1
699 1769 1
699 1725 1
1043 1255 1
1255 2545 1
846 2095 1
956 2040 1
1420 2040 1
2848 3336 1
2318 2545 1
1043 2318 1
1255 2318 1
2262 2897 1
390 1725 1
390 1769 1
390 699 1
3320 3564 1
3161 3564 1
1004 2252 1
1268 2014 1
524 1314 1
129 524 1
524 1482 1
524 843 1
524 2254 1
524 1239 1
524 1242 1
524 2046 1
466 2999 1
2999 3593 1
1197 2999 1
2999 3713 1
2442 2908 1
1679 2442 1
203 3365 1
2531 3365 1
203 1959 1
611 3031 1
882 1154 1
2072 3593 1
2072 3713 1
466 2072 1
1197 2072 1
2072 2999 1
1092 2369 1
1993 2369 1
1619 2369 1
1877 2999 1
1877 3713 1
1877 3593 1
1197 1877 1
466 1877 1
1877 2072 1
854 2401 1
1557 1775 1
1328 1700 1
2788 3569 1
300 2399 1
470 1503 1
1180 1380 1
1003 2294 1
2071 3280 1
752 1775 1
752 1557 1
994 2675 1
2490 3334 1
327 3525 1
1307 1701 1
625 1097 1
1574 2660 1
2246 3461 1
122 3804 1
2380 2938 1
1009 3546 1
1333 3696 1
2224 3461 1
2224 2246 1
122 1559 1
1559 3804 1
1180 3319 1
1380 3319 1
1106 2788 1
1106 3569 1
2353 3637 1
1307 1377 1
1377 1701 1
579 3000 1
465 3555 1
724 2660 1
724 1574 1
586 1458 1
854 1251 1
1251 2401 1
806 2050 1
2578 3018 1
1843 3184 1
1180 2012 1
1380 2012 1
2012 3319 1
1832 3582 1
2144 3501 1
285 3419 1
301 787 1
2007 2338 1
787 1574 1
301 1574 1
724 787 1
787 2660 1
1050 2844 1
2279 3480 1
3096 3766 1
394 1088 1
2051 2409 1
2143 3672 1
411 1064 1
1625 2425 1
1476 3583 1
617 2425 1
617 1625 1
1458 3546 1
586 3546 1
1009 1458 1
792 2763 1
752 1576 1
1557 1576 1
1576 1775 1
292 903 1
262 3143 1
2361 3663 1
247 3142 1
1106 1243 1
1243 3569 1
1243 2788 1
1635 2071 1
1635 3280 1
2902 3412 1
1333 1557 1
1557 3696 1
752 1333 1
1333 1576 1
1333 1775 1
2170 2245 1
3015 3412 1
2902 3015 1
1471 3018 1
1471 2578 1
1296 2685 1
1294 1795 1
322 1548 1
2721 3201 1
1476 2620 1
2620 3583 1
2026 3642 1
618 1317 1
233 1053 1
2394 3040 1
1869 2977 1
1938 2180 1
650 2978 1
14 3334 1
14 2490 1
1161 3700 1
133 3015 1
133 3412 1
133 2902 1
1088 1801 1
394 1801 1
1097 3238 1
625 3238 1
1064 1608 1
411 1608 1
1801 2904 1
1088 2904 1
394 2904 1
838 3098 1
625 3103 1
1097 3103 1
3103 3238 1
2112 2938 1
2112 2380 1
3007 3480 1
2279 3007 1
292 598 1
598 903 1
780 1090 1
1795 3655 1
1294 3655 1
2660 3555 1
787 3555 1
724 3555 1
1574 3555 1
465 2660 1
419 3040 1
419 2394 1
530 2361 1
530 3663 1
3250 3430 1
993 3561 1
1795 3766 1
1294 3766 1
3655 3766 1
1795 3096 1
322 1455 1
1455 1548 1
1506 1609 1
838 2909 1
2909 3098 1
859 2685 1
859 1296 1
1307 3663 1
1377 3663 1
1701 3663 1
1307 2361 1
530 1307 1
1914 2456 1
1294 1946 1
1795 1946 1
1946 3766 1
1946 3655 1
2245 3719 1
2170 3719 1
3184 3687 1
1843 3687 1
1243 2384 1
2384 3569 1
1106 2384 1
2384 2788 1
2071 2071 1
233 1372 1
1053 1372 1
1537 2094 1
3094 3517 1
47 3103 1
47 625 1
47 3238 1
47 1097 1
419 1730 1
1730 3040 1
1730 2394 1
1559 1717 1
122 1717 1
1717 3804 1
988 2938 1
988 2112 1
988 2380 1
3103 3280 1
625 3280 1
47 3280 1
3238 3280 1
1097 3280 1
1635 3103 1
2071 3103 1
1613 3189 1
2416 2700 1
1442 1543 1
83 1025 1
165 912 1
2619 2903 1
283 2697 1
1304 2311 1
1493 1766 1
870 2477 1
911 1304 1
911 2311 1
2649 3477 1
2194 3761 1
1278 3481 1
661 754 1
2624 3727 1
685 3170 1
1038 3346 1
1766 3531 1
1493 3531 1
2849 3200 1
2207 3093 1
1400 2301 1
1304 2371 1
911 2371 1
2311 2371 1
306 583 1
3113 3796 1
1461 1554 1
467 3195 1
2289 3812 1
1221 3674 1
819 2169 1
312 3767 1
1976 3527 1
2553 3195 1
467 2553 1
1517 1554 1
1461 1517 1
2082 3297 1
160 2477 1
160 870 1
775 2548 1
1147 2481 1
1179 2181 1
3316 3756 1
147 904 1
386 3441 1
207 657 1
1647 2082 1
1647 3297 1
789 3812 1
789 2289 1
245 1442 1
245 1543 1
3674 3748 1
1221 3748 1
1059 1517 1
1059 1554 1
1059 1461 1
2278 2872 1
1728 2697 1
283 1728 1
343 1279 1
3082 3224 1
478 2630 1
1278 2199 1
2199 3481 1
46 2853 1
83 2385 1
1025 2385 1
1652 1958 1
81 2206 1
2206 3789 1
81 3789 1
2657 2772 1
373 1416 1
1530 2085 1
754 2650 1
661 2650 1
1523 3767 1
312 1523 1
373 2194 1
1416 2194 1
373 3761 1
1771 1940 1
89 438 1
911 2031 1
1304 2031 1
2031 2371 1
2031 2311 1
308 2681 1
1279 1766 1
343 1766 1
1279 3531 1
1279 1493 1
19 2772 1
19 2657 1
1771 2548 1
1940 2548 1
775 1771 1
1765 2121 1
2993 3316 1
2993 3756 1
577 2922 1
1368 2657 1
19 1368 1
1368 2772 1
870 2814 1
160 2814 1
2477 2814 1
2493 3045 1
833 3508 1
1269 1490 1
487 2714 1
1400 2681 1
2301 2681 1
308 1400 1
2497 2556 1
844 2885 1
1147 2176 1
2176 2481 1
2385 3199 1
1025 3199 1
83 3199 1
1903 2098 1
312 3199 1
1523 3199 1
3199 3767 1
312 1025 1
312 2385 1
83 312 1
1057 1062 1
3084 3805 1
1547 1756 1
2035 2951 1
2393 2671 1
373 3148 1
1416 3148 1
3148 3761 1
2194 3148 1
438 3154 1
89 3154 1
1453 3662 1
1765 3477 1
2121 3477 1
1765 2649 1
1304 3400 1
2371 3400 1
911 3400 1
2031 3400 1
2311 3400 1
1041 1764 1
1425 2951 1
1425 2035 1
2439 2548 1
1771 2439 1
1940 2439 1
775 2439 1
256 323 1
1211 3261 1
368 2510 1
46 3540 1
2853 3540 1
1041 3135 1
1764 3135 1
1764 3061 1
1041 3061 1
3061 3135 1
495 2013 1
94 1753 1
341 3045 1
341 2493 1
457 1541 1
2553 3756 1
3195 3756 1
467 3756 1
2553 2993 1
2553 3316 1
3297 3727 1
2082 3727 1
1647 3727 1
2624 3297 1
3 1461 1
3 1554 1
3 1059 1
3 1517 1
2650 2657 1
754 2657 1
661 2657 1
19 2650 1
2650 2772 1
1368 2650 1
1078 2275 1
135 2427 1
382 3174 1
1091 1950 1
3174 3299 1
382 3299 1
1912 2680 1
580 1061 1
2234 2473 1
2392 2451 1
2392 2924 1
2451 2924 1
303 2392 1
303 2451 1
303 2924 1
1481 1627 1
2292 3222 1
1402 3237 1
1441 3661 1
897 2427 1
135 897 1
1223 2460 1
2239 3037 1
2462 2678 1
703 1823 1
1896 1896 1
481 2830 1
878 2709 1
1830 3575 1
2225 2239 1
2225 3037 1
830 3371 1
697 1744 1
514 1824 1
769 2759 1
544 3269 1
1319 3611 1
1823 2024 1
703 2024 1
793 1896 1
793 2047 1
1896 2047 1
2018 3259 1
135 3504 1
897 3504 1
2427 3504 1
2239 3788 1
2225 3788 1
3037 3788 1
1195 1830 1
1195 3575 1
1135 1836 1
1977 2572 1
1091 2830 1
1950 2830 1
481 1091 1
1692 2070 1
226 2656 1
1662 3152 1
879 3308 1
2718 2889 1
226 898 1
898 2656 1
237 879 1
237 3308 1
115 520 1
2806 3734 1
2678 2830 1
2462 2830 1
481 2678 1
1091 2678 1
1950 2678 1
1020 1767 1
7 2058 1
453 1477 1
2234 2587 1
2473 2587 1
3191 3704 1
397 3380 1
519 1807 1
6 1207 1
824 2587 1
824 2473 1
824 2234 1
424 708 1
2868 3059 1
1833 2617 1
2869 3259 1
2018 2869 1
179 3724 1
865 1441 1
865 3661 1
1369 1965 1
1930 3565 1
1481 2283 1
1627 2283 1
1078 2799 1
2275 2799 1
2173 2267 1
697 3503 1
1744 3503 1
328 3308 1
237 328 1
328 879 1
890 1094 1
3605 3661 1
1441 3605 1
865 3605 1
349 3371 1
349 830 1
1329 2933 1
405 865 1
405 1441 1
405 3661 1
405 3605 1
2698 3068 1
2473 3453 1
824 3453 1
2234 3453 1
2587 3453 1
1078 2664 1
2275 2664 1
2664 2799 1
1061 3259 1
580 3259 1
1061 2018 1
1061 2869 1
2830 3108 1
481 3108 1
1091 3108 1
2462 3108 1
2678 3108 1
1950 3108 1
288 2494 1
3528 3757 1
523 708 1
424 523 1
2551 2869 1
2018 2551 1
2551 3259 1
1061 2551 1
519 2701 1
1807 2701 1
2417 3635 1
175 2362 1
446 2667 1
3037 3575 1
2225 3575 1
3575 3788 1
2239 3575 1
1830 3037 1
1195 3037 1
2119 2981 1
2799 3371 1
2664 3371 1
2275 3371 1
1078 3371 1
349 2799 1
830 2799 1
523 3010 1
424 3010 1
708 3010 1
1249 1928 1
554 1301 1
291 3598 1
3027 3574 1
544 1823 1
1823 3269 1
544 2024 1
544 703 1
1223 1286 1
1286 2460 1
824 3059 1
2473 3059 1
2234 3059 1
2587 3059 1
3059 3453 1
824 2868 1
1833 3080 1
2617 3080 1
3504 3695 1
897 3695 1
2427 3695 1
135 3695 1
2239 3047 1
2225 3047 1
3047 3788 1
3037 3047 1
3047 3575 1
1558 2970 1
2541 3560 1
166 499 1
2154 2842 1
568 1630 1
2517 2628 1
211 1114 1
273 1672 1
774 3206 1
774 2789 1
2789 3206 1
680 2921 1
1949 3307 1
2435 2694 1
1232 3077 1
961 3657 1
1158 2447 1
700 2588 1
166 1083 1
499 1083 1
350 3746 1
3369 3785 1
92 326 1
1460 2540 1
477 606 1
2783 3472 1
1346 1466 1
299 2900 1
1440 2582 1
2092 3029 1
529 1475 1
440 2546 1
1760 2354 1
1297 1711 1
365 2130 1
2857 3262 1
113 3110 1
526 1361 1
148 1316 1
299 596 1
596 2900 1
2901 3691 1
4 3479 1
1432 2397 1
359 384 1
670 1768 1
2921 3141 1
680 3141 1
606 1144 1
477 1144 1
515 2420 1
590 606 1
590 1144 1
477 590 1
742 2030 1
853 1658 1
2154 2783 1
2783 2842 1
2154 3472 1
2496 3115 1
731 2568 1
923 2549 1
2741 2964 1
1581 2588 1
700 1581 1
286 2549 1
286 923 1
578 2878 1
658 2901 1
658 3691 1
984 2536 1
1459 3175 1
430 1501 1
111 774 1
111 2789 1
111 3206 1
365 1772 1
1772 2130 1
790 923 1
790 2549 1
286 790 1
415 710 1
558 3141 1
558 680 1
558 2921 1
1740 3476 1
496 1047 1
535 2140 1
748 3716 1
1423 3405 1
654 1550 1
1310 2263 1
1111 2568 1
731 1111 1
2783 3277 1
3277 3472 1
2154 3277 1
2842 3277 1
750 1712 1
1426 1432 1
1426 2397 1
54 3002 1
535 3657 1
2140 3657 1
535 961 1
1572 3736 1
98 2549 1
98 923 1
98 790 1
98 286 1
239 3008 1
493 1855 1
1103 1826 1
1681 2140 1
1681 3657 1
535 1681 1
1726 3041 1
33 2251 1
1558 2496 1
2496 2970 1
1558 3115 1
27 1500 1
1439 3399 1
2934 3414 1
1459 1572 1
1572 3175 1
1459 3736 1
930 1158 1
930 2447 1
430 3821 1
1501 3821 1
1423 1489 1
1489 3405 1
286 732 1
98 732 1
732 923 1
732 2549 1
732 790 1
750 1996 1
1712 1996 1
2588 3472 1
700 3472 1
1581 3472 1
2154 2588 1
2588 3277 1
2588 2783 1
415 2741 1
710 2741 1
415 2964 1
2370 2842 1
2154 2370 1
2370 3277 1
2370 2783 1
1345 3476 1
1345 1740 1
3038 3584 1
2310 3095 1
451 1217 1
1501 2618 1
2618 3821 1
430 2618 1
477 2080 1
1144 2080 1
590 2080 1
606 2080 1
273 1361 1
1361 1672 1
273 526 1
680 2200 1
2200 2921 1
2200 3141 1
558 2200 1
596 2820 1
299 2820 1
2820 2900 1
27 1320 1
1320 1500 1
597 1321 1
750 1708 1
1708 1712 1
1708 1996 1
54 1558 1
1558 3002 1
54 2496 1
54 2970 1
54 3115 1
1321 1913 1
597 1913 1
1116 1931 1
1123 1507 1
1388 3021 1
1733 1999 1
866 3794 1
20 2449 1
3111 3790 1
1187 2449 1
20 1187 1
1388 3751 1
3021 3751 1
539 2132 1
90 2274 1
176 889 1
866 3447 1
3447 3794 1
1947 3636 1
1392 1564 1
2449 2925 1
1187 2925 1
20 2925 1
1683 2863 1
1947 1999 1
1999 3636 1
1733 1947 1
396 1709 1
243 2565 1
1457 3433 1
231 2302 1
51 681 1
460 1187 1
460 2449 1
20 460 1
460 2925 1
3433 3622 1
1457 3622 1
2236 3295 1
263 895 1
982 1999 1
982 1947 1
982 3636 1
982 1733 1
3266 3447 1
866 3266 1
3266 3794 1
460 3257 1
2449 3257 1
1187 3257 1
20 3257 1
2925 3257 1
1177 2562 1
2090 2326 1
60 3052 1
969 2583 1
1599 1599 1
1727 2337 1
1236 3737 1
1123 3822 1
1507 3822 1
1264 2555 1
808 1683 1
808 2863 1
101 1108 1
263 946 1
895 946 1
238 1911 1
2947 3177 1
1568 3266 1
866 1568 1
1568 3794 1
1568 3447 1
205 2091 1
1657 1733 1
1657 1947 1
982 1657 1
1657 1999 1
3021 3707 1
1388 3707 1
3707 3751 1
2559 3707 1
1388 2559 1
2559 3021 1
2559 3751 1
2320 3273 1
1895 2029 1
298 2787 1
1264 1856 1
1856 2555 1
1353 1870 1
2123 2386 1
1960 3356 1
447 2575 1
1895 1954 1
1954 2029 1
101 2939 1
1108 2939 1
1388 3187 1
3187 3707 1
3021 3187 1
2559 3187 1
3187 3751 1
2069 2992 1
2312 3822 1
1123 2312 1
1507 2312 1
1344 2323 1
200 351 1
1566 3690 1
2132 2372 1
539 2372 1
2662 3613 1
383 1582 1
1370 1465 1
626 3368 1
145 2236 1
145 3295 1
3169 3426 1
681 3653 1
51 3653 1
458 1422 1
2727 2787 1
298 2727 1
1334 1895 1
1334 1954 1
1334 2029 1
441 735 1
90 3229 1
2274 3229 1
346 2960 1
485 1334 1
485 1954 1
485 2029 1
485 1895 1
3022 3368 1
626 3022 1
1392 2813 1
1564 2813 1
2958 3454 1
3229 3534 1
90 3534 1
2274 3534 1
2096 2583 1
969 2096 1
1236 1273 1
1273 3737 1
486 2469 1
1392 3737 1
1564 3737 1
2813 3737 1
1273 1392 1
1236 1392 1
1895 3022 1
1954 3022 1
2029 3022 1
1334 3022 1
485 3022 1
1895 3368 1
626 1895 1
1566 2302 1
2302 3690 1
231 1566 1
396 2528 1
1709 2528 1
1353 2528 1
1870 2528 1
396 1353 1
1353 1709 1
3266 3780 1
1568 3780 1
866 3780 1
3780 3794 1
3447 3780 1
1507 3339 1
2312 3339 1
1123 3339 1
3339 3822 1
1388 1683 1
1683 3751 1
1683 3021 1
1683 3187 1
1683 3707 1
1683 2559 1
808 1388 1
1388 2863 1
1911 2320 1
238 2320 1
1911 3273 1
219 2998 1
1354 2029 1
1354 1954 1
485 1354 1
1354 1895 1
1354 3022 1
1334 1354 1
1616 2756 1
2043 2753 1
324 2433 1
857 3439 1
18 1412 1
997 2875 1
820 3523 1
1048 1671 1
668 712 1
2288 3194 1
566 2529 1
1544 3258 1
751 997 1
751 2875 1
355 3104 1
154 3573 1
2614 2637 1
510 3571 1
1844 3449 1
265 887 1
265 2045 1
887 2045 1
159 2293 1
1035 3241 1
557 3019 1
712 3645 1
668 3645 1
232 1218 1
1233 2419 1
1366 3361 1
484 1601 1
371 3571 1
371 510 1
1651 3577 1
418 2314 1
1573 2067 1
3104 3705 1
355 3705 1
276 324 1
276 2433 1
9 2918 1
3490 3705 1
3104 3490 1
355 3490 1
2156 3610 1
244 1145 1
21 1275 1
2197 3432 1
557 3009 1
3009 3019 1
1035 1677 1
1677 3241 1
3017 3290 1
2972 3754 1
629 1964 1
3526 3573 1
154 3526 1
1048 2436 1
1671 2436 1
2734 3287 1
1007 3361 1
1007 1366 1
1520 3287 1
1520 2734 1
557 2175 1
2175 3009 1
2175 3019 1
2639 3725 1
340 2529 1
340 566 1
2515 3522 1
557 3422 1
3009 3422 1
3019 3422 1
2175 3422 1
908 1113 1
3377 3577 1
1651 3377 1
1528 2778 1
2209 2282 1
369 1113 1
369 908 1
355 668 1
668 3104 1
668 3705 1
668 3490 1
355 712 1
355 3645 1
2359 2683 1
484 1687 1
1601 1687 1
1522 2948 1
2511 3446 1
1048 2336 1
2336 2436 1
1671 2336 1
1228 1300 1
1410 3127 1
506 1048 1
506 2336 1
506 2436 1
506 1671 1
1787 3377 1
1787 3577 1
1651 1787 1
1815 2001 1
1138 3778 1
2433 2459 1
276 2459 1
324 2459 1
340 1678 1
1678 2529 1
566 1678 1
1138 2818 1
2818 3778 1
1443 3526 1
154 1443 1
1443 3573 1
276 3009 1
2433 3009 1
2459 3009 1
324 3009 1
276 3019 1
276 557 1
276 3422 1
276 2175 1
49 827 1
2803 2983 1
418 3645 1
2314 3645 1
418 712 1
355 418 1
418 668 1
2756 3638 1
1616 3638 1
638 1331 1
908 1810 1
1113 1810 1
369 1810 1
1412 2766 1
18 2766 1
2436 2778 1
1048 2778 1
2336 2778 1
506 2778 1
1671 2778 1
1528 2436 1
857 2346 1
2346 3439 1
776 2247 1
868 2436 1
868 2336 1
868 1671 1
868 1528 1
868 1048 1
506 868 1
868 2778 1
1331 1710 1
638 1710 1
1099 2078 1
254 3521 1
803 3072 1
827 2950 1
49 2950 1
1600 3693 1
244 3300 1
1145 3300 1
2247 3138 1
776 3138 1
2197 2273 1
2273 3432 1
1600 3675 1
3675 3693 1
244 791 1
791 1145 1
791 3300 1
234 2918 1
9 234 1
2917 3468 1
154 1214 1
1214 1443 1
1214 3573 1
1214 3526 1
2862 2892 1
3168 3244 1
2233 3715 1
3396 3630 1
1651 3168 1
3168 3577 1
1787 3168 1
3168 3377 1
1651 3244 1
240 455 1
387 2845 1
318 1306 1
1915 2881 1
38 309 1
1208 1973 1
455 1983 1
240 1983 1
2395 2538 1
1978 3623 1
1923 3502 1
1245 2253 1
781 3128 1
1306 2761 1
318 2761 1
1570 1831 1
673 2054 1
498 1107 1
3264 3815 1
3067 3247 1
542 1752 1
2229 2538 1
2229 2395 1
410 2881 1
410 1915 1
1926 2845 1
387 1926 1
730 821 1
2382 2928 1
1956 2342 1
1074 1684 1
258 1890 1
1483 3818 1
1973 2959 1
1208 2959 1
781 3132 1
3128 3132 1
1386 1973 1
1208 1386 1
1386 2959 1
214 2364 1
641 3120 1
542 3198 1
1752 3198 1
110 2063 1
896 2867 1
2443 2538 1
2395 2443 1
2229 2443 1
347 3070 1
1470 2313 1
44 364 1
509 1714 1
1403 3132 1
1403 3128 1
781 1403 1
2164 3512 1
305 574 1
1140 2349 1
512 3740 1
2408 2538 1
2395 2408 1
2408 2443 1
2229 2408 1
2295 3124 1
1978 3335 1
3335 3623 1
330 3219 1
2222 2616 1
2253 2408 1
1245 2408 1
2253 2538 1
2253 2443 1
2229 2253 1
2253 2395 1
494 3357 1
364 1873 1
44 1873 1
212 716 1
1234 3755 1
532 2299 1
1396 1798 1
1074 1084 1
1084 1684 1
714 2005 1
1915 2576 1
2576 2881 1
410 2576 1
2538 3755 1
2443 3755 1
2408 3755 1
2253 3755 1
2229 3755 1
2395 3755 1
1234 2538 1
114 2845 1
114 387 1
114 1926 1
330 995 1
995 3219 1
1483 2682 1
2682 3818 1
93 3335 1
93 1978 1
93 3623 1
114 3681 1
387 3681 1
2845 3681 1
1926 3681 1
862 2750 1
1545 3773 1
38 1491 1
309 1491 1
1890 2586 1
258 2586 1
1551 3714 1
1468 3240 1
509 1285 1
1285 1714 1
2378 3485 1
2929 3498 1
3087 3128 1
1403 3087 1
3087 3132 1
781 3087 1
1963 2641 1
1569 2249 1
44 2056 1
1873 2056 1
364 2056 1
216 258 1
216 1890 1
216 2586 1
2056 2349 1
1873 2349 1
44 2349 1
364 2349 1
1140 2056 1
1414 2959 1
1208 1414 1
1386 1414 1
1414 1973 1
449 3411 1
862 1208 1
1208 2750 1
862 1414 1
862 1386 1
862 2959 1
862 1973 1
761 1229 1
1684 3647 1
1074 3647 1
1084 3647 1
277 2358 1
1714 2881 1
509 2881 1
1285 2881 1
1714 2576 1
410 1714 1
1714 1915 1
77 3248 1
871 3729 1
3376 3817 1
894 1396 1
894 1798 1
1750 3666 1
336 1229 1
336 761 1
114 837 1
837 3681 1
387 837 1
837 2845 1
837 1926 1
1107 1164 1
498 1164 1
2815 3331 1
258 2349 1
216 2349 1
1890 2349 1
2349 2586 1
258 2056 1
44 258 1
258 364 1
258 1873 1
258 1140 1
2099 2198 1
23 2042 1
1324 1666 1
2815 3158 1
3158 3331 1
1958 2009 -1
1652 2009 -1
920 2316 -1
2316 2600 -1
2316 2429 -1
2316 2877 -1
59 151 -1
2361 2517 -1
530 2517 -1
1307 2517 -1
2517 3663 -1
2361 2628 -1
433 2490 -1
2476 2490 -1
1861 2490 -1
14 433 -1
433 3334 -1
726 2095 -1
726 846 -1
662 2327 -1
2695 3502 -1
1923 2695 -1
1736 3331 -1
1736 3158 -1
1736 2815 -1
2396 3076 -1
1791 1869 -1
1791 2977 -1
1619 1848 -1
1848 1993 -1
1092 1848 -1
1848 2369 -1
1824 3641 -1
514 3641 -1
229 2391 -1
1700 2488 -1
1328 2488 -1
3027 3558 -1
3558 3574 -1
1669 2164 -1
1669 3512 -1
848 2068 -1
1467 2320 -1
1467 3273 -1
238 1467 -1
1467 1911 -1
3585 3771 -1
1007 1068 -1
1068 3361 -1
1068 1366 -1
327 977 -1
977 3525 -1
62 1554 -1
3 62 -1
62 1059 -1
62 1461 -1
62 1517 -1
589 1354 -1
589 1954 -1
485 589 -1
589 1895 -1
589 2029 -1
589 3022 -1
589 1334 -1
596 3509 -1
2820 3509 -1
299 3509 -1
2900 3509 -1
1657 3516 -1
1947 3516 -1
1733 3516 -1
982 3516 -1
1999 3516 -1
400 718 -1
1862 2996 -1
2443 2905 -1
2408 2905 -1
2538 2905 -1
2905 3755 -1
2253 2905 -1
2229 2905 -1
2395 2905 -1
2460 3166 -1
1286 3166 -1
1223 3166 -1
1056 3099 -1
444 3099 -1
316 3099 -1
3099 3550 -1
1511 3099 -1
1682 2377 -1
3555 3681 -1
465 3681 -1
787 3681 -1
2660 3681 -1
724 3681 -1
1574 3681 -1
114 3555 -1
387 3555 -1
2845 3555 -1
1926 3555 -1
837 3555 -1
1925 2174 -1
2174 3265 -1
125 2174 -1
1897 3198 -1
1752 1897 -1
542 1897 -1
2460 3179 -1
1286 3179 -1
1223 3179 -1
1544 1928 -1
1928 3258 -1
1249 1544 -1
457 1683 -1
1541 1683 -1
457 3751 -1
457 808 -1
457 1388 -1
457 3021 -1
457 2863 -1
457 3187 -1
457 3707 -1
457 2559 -1
3054 3562 -1
2770 3143 -1
262 2770 -1
2126 3448 -1
731 2333 -1
2333 2568 -1
1111 2333 -1
96 731 -1
731 1172 -1
428 657 -1
207 428 -1
1189 2290 -1
955 1901 -1
210 955 -1
414 955 -1
644 1573 -1
644 2067 -1
1194 2506 -1
1194 2899 -1
2555 2714 -1
1264 2714 -1
1856 2714 -1
487 2555 -1
1309 3728 -1
87 3064 -1
3075 3689 -1
3210 3689 -1
701 3689 -1
178 2112 -1
178 988 -1
178 2938 -1
178 2380 -1
2792 3448 -1
348 3448 -1
390 2556 -1
1769 2556 -1
699 2556 -1
1725 2556 -1
390 2497 -1
299 2562 -1
596 2562 -1
2562 2900 -1
2562 2820 -1
299 1177 -1
2217 3562 -1
3300 3677 -1
1145 3677 -1
244 3677 -1
791 3677 -1
1792 3236 -1
1113 3557 -1
369 3557 -1
1810 3557 -1
908 3557 -1
646 3314 -1
3538 3732 -1
1583 2921 -1
680 1583 -1
1583 2200 -1
1583 3141 -1
558 1583 -1
272 1573 -1
272 2067 -1
2133 2162 -1
1810 2150 -1
1113 2150 -1
908 2150 -1
369 2150 -1
2273 3406 -1
3406 3432 -1
2197 3406 -1
71 1523 -1
71 312 -1
71 3199 -1
71 3767 -1
1418 2911 -1
656 1825 -1
1089 3593 -1
1089 3713 -1
1089 1197 -1
466 1089 -1
1089 1877 -1
1089 2999 -1
1089 2072 -1
1011 2546 -1
440 1011 -1
793 3485 -1
1896 3485 -1
2047 3485 -1
793 2378 -1
2691 3708 -1
427 1426 -1
427 1432 -1
427 2397 -1
2787 2793 -1
298 2793 -1
2727 2793 -1
0 1297 -1
0 1711 -1
961 2456 -1
2456 3657 -1
535 2456 -1
961 1914 -1
243 2661 -1
2565 2661 -1
946 2481 -1
895 2481 -1
263 2481 -1
946 2176 -1
946 1147 -1
378 3416 -1
1275 1340 -1
21 1340 -1
2447 3151 -1
930 3151 -1
1158 3151 -1
1972 2447 -1
266 1858 -1
841 1858 -1
565 1858 -1
1858 3303 -1
1218 2008 -1
232 2008 -1
563 1218 -1
1118 1218 -1
946 1323 -1
895 1323 -1
263 1323 -1
307 2298 -1
417 2298 -1
2260 3252 -1
593 2979 -1
593 2634 -1
593 594 -1
2588 3731 -1
2154 3731 -1
1581 3731 -1
3277 3731 -1
3472 3731 -1
700 3731 -1
2783 3731 -1
2137 2588 -1
35 3563 -1
35 3011 -1
764 3757 -1
764 3528 -1
3404 3797 -1
1556 1607 -1
1556 2270 -1
1144 3806 -1
2080 3806 -1
590 3806 -1
477 3806 -1
606 3806 -1
2567 3167 -1
282 794 -1
1200 2229 -1
1200 2443 -1
1200 2408 -1
1200 2538 -1
1200 3755 -1
1200 2253 -1
1200 2395 -1
515 3311 -1
2420 3311 -1
2221 3096 -1
1795 2221 -1
2221 3766 -1
2127 2429 -1
920 2127 -1
2127 2600 -1
2127 2877 -1
1791 2578 -1
1791 3018 -1
1471 1791 -1
335 3769 -1
868 1027 -1
1027 2336 -1
1027 2436 -1
1027 1671 -1
1027 1048 -1
1027 1528 -1
506 1027 -1
1027 2778 -1
1516 2104 -1
7 2216 -1
2058 2216 -1
1999 2597 -1
1657 2597 -1
1947 2597 -1
2597 3636 -1
1733 2597 -1
982 2597 -1
1999 3043 -1
421 1999 -1
378 2925 -1
378 2449 -1
378 1187 -1
20 378 -1
378 460 -1
378 3257 -1
2388 2869 -1
2018 2388 -1
2388 3259 -1
1061 2388 -1
2388 2551 -1
2301 3461 -1
1400 3461 -1
2681 3461 -1
2224 2301 -1
2246 2301 -1
2040 3136 -1
1420 3136 -1
956 3136 -1
1749 2418 -1
2418 2478 -1
1303 3215 -1
545 2634 -1
545 594 -1
545 2979 -1
545 2502 -1
752 2686 -1
1576 2686 -1
1333 2686 -1
1557 2686 -1
1775 2686 -1
59 2799 -1
59 2275 -1
59 2664 -1
59 3371 -1
59 1078 -1
59 349 -1
59 830 -1
1451 2717 -1
2018 2860 -1
2860 3259 -1
2860 2869 -1
2551 2860 -1
1061 2860 -1
3132 3383 -1
3128 3383 -1
1403 3383 -1
781 3383 -1
3087 3383 -1
66 2765 -1
1138 2897 -1
2897 3778 -1
2818 2897 -1
1138 2262 -1
2269 3269 -1
544 2269 -1
1823 2269 -1
576 1070 -1
1087 2833 -1
2258 2833 -1
687 3239 -1
1411 2814 -1
160 1411 -1
1411 2477 -1
870 1411 -1
98 1266 -1
286 1266 -1
923 1266 -1
732 1266 -1
1266 2549 -1
790 1266 -1
1910 3043 -1
421 1910 -1
1910 2597 -1
358 1820 -1
1820 1907 -1
1795 3694 -1
3096 3694 -1
1946 3694 -1
3694 3766 -1
1294 3694 -1
3655 3694 -1
389 3668 -1
57 3743 -1
57 2722 -1
57 1860 -1
57 357 -1
57 907 -1
57 2544 -1
57 3621 -1
2380 3646 -1
2112 3646 -1
2938 3646 -1
988 3646 -1
1443 1444 -1
154 1444 -1
1444 3573 -1
1444 3526 -1
1214 1444 -1
236 1531 -1
236 840 -1
236 3450 -1
236 3747 -1
79 1086 -1
170 1448 -1
1448 3004 -1
2311 3153 -1
1304 3153 -1
3153 3400 -1
2371 3153 -1
2031 3153 -1
911 3153 -1
2114 2399 -1
300 2114 -1
127 1090 -1
127 780 -1
2704 3452 -1
608 2316 -1
1319 2737 -1
2737 3611 -1
2133 3475 -1
1767 2659 -1
1020 2659 -1
607 3377 -1
607 3168 -1
607 3577 -1
607 1651 -1
607 1787 -1
295 2665 -1
734 2286 -1
922 2286 -1
2171 2286 -1
490 2286 -1
3046 3135 -1
1041 3046 -1
1764 3046 -1
3046 3061 -1
830 3106 -1
3106 3371 -1
349 3106 -1
2799 3106 -1
889 3689 -1
176 3689 -1
3049 3060 -1
1131 2118 -1
591 3286 -1
846 3600 -1
2095 3600 -1
2314 2587 -1
418 2587 -1
2587 3645 -1
824 2314 -1
2314 2473 -1
2234 2314 -1
2314 3059 -1
2314 3453 -1
1867 2812 -1
1219 3299 -1
382 1219 -1
1219 3174 -1
292 375 -1
375 598 -1
375 903 -1
1273 1383 -1
1383 1392 -1
1383 3737 -1
1236 1383 -1
1523 3443 -1
312 3443 -1
3199 3443 -1
3443 3767 -1
1523 3552 -1
1523 3474 -1
1523 1846 -1
55 1523 -1
1117 1933 -1
1295 2845 -1
1295 3681 -1
114 1295 -1
387 1295 -1
837 1295 -1
1295 1926 -1
1575 2104 -1
1677 3509 -1
3241 3509 -1
1035 3509 -1
937 3487 -1
2023 2403 -1
794 2142 -1
2511 3045 -1
3045 3446 -1
2493 2511 -1
341 2511 -1
967 3487 -1
1717 3630 -1
122 3630 -1
3630 3804 -1
1559 3630 -1
1717 3396 -1
434 3420 -1
958 3041 -1
958 1726 -1
172 2299 -1
172 532 -1
2344 2655 -1
104 3657 -1
104 1681 -1
104 961 -1
104 2140 -1
104 535 -1
327 1412 -1
1412 3525 -1
18 327 -1
327 2766 -1
2778 3087 -1
2336 3087 -1
2436 3087 -1
1671 3087 -1
1048 3087 -1
1528 3087 -1
868 3087 -1
506 3087 -1
2778 3128 -1
1403 2778 -1
2778 3132 -1
781 2778 -1
307 2620 -1
417 2620 -1
307 1476 -1
307 3583 -1
2272 3524 -1
1849 2272 -1
1203 2272 -1
1302 2272 -1
349 1479 -1
1479 3371 -1
830 1479 -1
1479 2799 -1
1169 1456 -1
1853 2457 -1
3210 3780 -1
3075 3780 -1
701 3780 -1
1568 3210 -1
3210 3266 -1
3210 3794 -1
866 3210 -1
3210 3447 -1
918 3740 -1
512 918 -1
1709 3681 -1
2528 3681 -1
1353 3681 -1
396 3681 -1
114 1709 -1
387 1709 -1
1709 2845 -1
1709 1926 -1
837 1709 -1
38 1997 -1
1491 1997 -1
309 1997 -1
624 3511 -1
19 984 -1
984 1368 -1
984 2657 -1
984 2650 -1
984 2772 -1
19 2536 -1
1142 2845 -1
1142 3681 -1
114 1142 -1
387 1142 -1
837 1142 -1
1142 1926 -1
1677 3768 -1
3241 3768 -1
1035 3768 -1
35 3646 -1
3206 3229 -1
2789 3229 -1
774 3229 -1
111 3229 -1
90 3206 -1
2274 3206 -1
3206 3534 -1
1559 3281 -1
122 3281 -1
3281 3804 -1
1717 3281 -1
2480 2527 -1
994 3359 -1
2675 3359 -1
89 713 -1
713 3154 -1
438 713 -1
318 2523 -1
2523 2761 -1
1306 2523 -1
607 3044 -1
248 607 -1
629 1093 -1
1093 1964 -1
1105 3357 -1
494 1105 -1
663 3014 -1
122 850 -1
850 3804 -1
850 1717 -1
850 1559 -1
1464 2607 -1
3230 3595 -1
2663 3630 -1
2663 3396 -1
340 1183 -1
1183 2529 -1
1183 1678 -1
566 1183 -1
218 2875 -1
218 997 -1
218 751 -1
1072 1438 -1
1610 2419 -1
1233 1610 -1
94 1507 -1
1507 1753 -1
94 2312 -1
94 1123 -1
94 3339 -1
94 3822 -1
425 535 -1
535 1525 -1
425 1681 -1
425 3657 -1
425 2140 -1
425 961 -1
122 1979 -1
1979 3804 -1
1717 1979 -1
1559 1979 -1
111 119 -1
119 3206 -1
119 2789 -1
119 774 -1
352 2173 -1
2173 3494 -1
352 2267 -1
1485 3437 -1
514 1788 -1
1788 1824 -1
2417 2509 -1
2509 3635 -1
2605 2948 -1
1522 2605 -1
951 3280 -1
951 1635 -1
951 3238 -1
951 1097 -1
47 951 -1
625 951 -1
951 2071 -1
951 3103 -1
1023 3766 -1
1023 3096 -1
1023 1946 -1
1023 1795 -1
1023 1294 -1
1023 3655 -1
3394 3664 -1
878 2367 -1
2367 2709 -1
878 2406 -1
391 1653 -1
2757 3132 -1
2757 3128 -1
1403 2757 -1
781 2757 -1
2757 3087 -1
1244 2802 -1
2019 2802 -1
2308 2802 -1
1850 3575 -1
1830 1850 -1
1850 3047 -1
1195 1850 -1
1850 3788 -1
1850 2225 -1
1850 3037 -1
1850 2239 -1
1765 3595 -1
2121 3595 -1
3477 3595 -1
2649 3595 -1
834 1943 -1
737 1943 -1
1167 1683 -1
1167 3751 -1
808 1167 -1
1167 1388 -1
1167 3021 -1
1167 2863 -1
1167 3187 -1
1167 3707 -1
1167 2559 -1
712 1823 -1
418 1823 -1
355 1823 -1
668 1823 -1
1823 3645 -1
712 2024 -1
544 712 -1
712 3269 -1
703 712 -1
291 2046 -1
2046 3598 -1
129 291 -1
291 1314 -1
291 1482 -1
291 843 -1
291 524 -1
291 2254 -1
291 1239 -1
291 1242 -1
1065 3572 -1
465 1311 -1
1311 3555 -1
1311 2660 -1
1777 2026 -1
1777 3642 -1
769 1571 -1
1571 2759 -1
1459 1877 -1
1877 3736 -1
1572 1877 -1
1877 3175 -1
1459 3713 -1
1459 3593 -1
1197 1459 -1
466 1459 -1
1459 2999 -1
1459 2072 -1
2673 2757 -1
10 2658 -1
2443 3516 -1
2408 3516 -1
2538 3516 -1
3516 3755 -1
2253 3516 -1
2229 3516 -1
2395 3516 -1
127 2704 -1
1726 2039 -1
2039 3041 -1
343 3439 -1
1766 3439 -1
1279 3439 -1
343 857 -1
343 2346 -1
1749 2493 -1
2478 2493 -1
1749 3045 -1
341 1749 -1
659 3165 -1
3028 3199 -1
1025 3028 -1
1523 3028 -1
2385 3028 -1
83 3028 -1
3028 3767 -1
312 3028 -1
1760 3781 -1
2354 3781 -1
96 3507 -1
1172 3507 -1
2333 3507 -1
70 1400 -1
70 2681 -1
70 308 -1
70 2301 -1
222 3475 -1
777 1632 -1
400 1675 -1
370 1482 -1
370 1242 -1
370 1314 -1
370 524 -1
370 2254 -1
370 2046 -1
702 2287 -1
702 1363 -1
702 2598 -1
661 3590 -1
2657 3590 -1
754 3590 -1
2650 3590 -1
442 1752 -1
442 3198 -1
442 542 -1
1438 3756 -1
1438 2993 -1
1438 3195 -1
1438 3316 -1
467 1438 -1
1438 2553 -1
1061 2488 -1
2018 2488 -1
2488 3259 -1
580 2488 -1
2488 2869 -1
2488 2551 -1
1338 3402 -1
3402 3698 -1
1084 1933 -1
1074 1933 -1
1684 1933 -1
1933 3647 -1
3180 3731 -1
3608 3731 -1
2137 3180 -1
1299 2998 -1
219 1299 -1
2376 3074 -1
1014 2205 -1
943 1618 -1
603 3349 -1
3349 3532 -1
3349 3701 -1
603 3048 -1
82 1792 -1
1718 2343 -1
2343 3123 -1
1222 3367 -1
918 1940 -1
918 1771 -1
918 2548 -1
918 2439 -1
793 1644 -1
1644 1896 -1
1644 2047 -1
1680 2639 -1
1680 3725 -1
157 3332 -1
3040 3265 -1
2394 3265 -1
419 3265 -1
1730 3265 -1
1925 3040 -1
125 3040 -1
2666 3060 -1
2256 3060 -1
1193 3060 -1
2002 3060 -1
2779 3060 -1
21 1380 -1
1275 1380 -1
21 2012 -1
21 1180 -1
21 3319 -1
70 1648 -1
70 3213 -1
2113 3154 -1
89 2113 -1
438 2113 -1
1555 1946 -1
1555 1795 -1
1555 3766 -1
1294 1555 -1
1555 3655 -1
2210 3745 -1
1872 3303 -1
841 1872 -1
266 1872 -1
565 1872 -1
2385 2680 -1
312 2680 -1
1025 2680 -1
83 2680 -1
2680 3199 -1
1912 2385 -1
3442 3640 -1
2591 3379 -1
1224 1856 -1
1224 1264 -1
1224 2555 -1
2746 3701 -1
603 2746 -1
2746 3532 -1
4 2629 -1
2629 3479 -1
750 3507 -1
1712 3507 -1
1708 3507 -1
1996 3507 -1
1910 3162 -1
2207 3607 -1
3093 3607 -1
1710 2147 -1
1331 2147 -1
638 2147 -1
2178 2346 -1
857 2178 -1
2178 3439 -1
1267 2464 -1
1420 3555 -1
2040 3555 -1
956 3555 -1
465 1420 -1
787 1420 -1
1420 2660 -1
724 1420 -1
1420 1574 -1
795 3721 -1
2485 3259 -1
1037 3259 -1
2018 2485 -1
2485 2551 -1
580 2485 -1
2485 2869 -1
1061 2485 -1
2335 2440 -1
3011 3388 -1
3388 3563 -1
2693 3484 -1
20 3776 -1
2449 3776 -1
1187 3776 -1
460 3776 -1
2925 3776 -1
3257 3776 -1
2779 3439 -1
2256 3439 -1
1193 3439 -1
2002 3439 -1
2666 3439 -1
733 3439 -1
857 2779 -1
2346 2779 -1
329 1255 -1
329 2545 -1
329 1043 -1
329 2318 -1
1039 1107 -1
498 1039 -1
1039 1164 -1
2315 3107 -1
2411 3107 -1
1484 2315 -1
2291 2315 -1
636 2315 -1
1382 2315 -1
1168 1607 -1
1168 2270 -1
877 2946 -1
2499 2562 -1
1177 2499 -1
218 366 -1
822 1306 -1
822 2761 -1
318 822 -1
1231 2509 -1
2201 2509 -1
953 3001 -1
2030 3290 -1
742 3290 -1
2030 3017 -1
848 1574 -1
724 848 -1
787 848 -1
848 2660 -1
301 848 -1
848 3555 -1
2368 2830 -1
481 2368 -1
1091 2368 -1
2368 3108 -1
2368 2462 -1
2368 2678 -1
1950 2368 -1
212 506 -1
506 716 -1
212 2336 -1
212 2436 -1
212 1671 -1
212 1048 -1
212 868 -1
212 2778 -1
2475 3275 -1
1873 2116 -1
2056 2116 -1
44 2116 -1
258 2116 -1
364 2116 -1
2116 2349 -1
157 2286 -1
928 1896 -1
793 928 -1
928 2047 -1
923 1138 -1
790 1138 -1
98 1138 -1
732 1138 -1
1138 2549 -1
286 1138 -1
923 3778 -1
923 2818 -1
1337 2314 -1
418 1337 -1
1337 3645 -1
1870 2632 -1
2528 2632 -1
1353 2632 -1
2787 3519 -1
298 3519 -1
2727 3519 -1
1881 2787 -1
330 511 -1
511 3219 -1
511 995 -1
1370 2856 -1
1465 2856 -1
3454 3529 -1
2958 3529 -1
51 3525 -1
681 3525 -1
3525 3653 -1
51 327 -1
1799 3107 -1
1484 1799 -1
1799 2291 -1
636 1799 -1
1382 1799 -1
354 2736 -1
1844 3658 -1
3449 3658 -1
1969 2077 -1
2077 3272 -1
2077 3656 -1
2077 2703 -1
116 607 -1
2055 3504 -1
2055 3695 -1
897 2055 -1
2055 2427 -1
135 2055 -1
544 1650 -1
1650 2024 -1
703 1650 -1
1650 3269 -1
1650 1823 -1
2471 2825 -1
2471 2991 -1
921 3427 -1
2843 3253 -1
1290 1898 -1
41 1898 -1
726 2631 -1
2048 2771 -1
1512 2771 -1
158 2771 -1
2350 2771 -1
2552 2790 -1
543 2200 -1
543 680 -1
543 2921 -1
543 3141 -1
543 558 -1
2128 2327 -1
131 782 -1
434 1694 -1
949 1339 -1
449 2315 -1
2315 3411 -1
449 2411 -1
1449 1557 -1
1557 3292 -1
752 1449 -1
1449 1576 -1
1333 1449 -1
1449 3696 -1
1449 1775 -1
3341 3366 -1
475 1612 -1
496 3242 -1
1047 3242 -1
2498 2753 -1
2043 2498 -1
431 1447 -1
821 2059 -1
730 2059 -1
2967 3239 -1
311 2328 -1
2726 3080 -1
1833 2726 -1
2617 2726 -1
1781 2282 -1
1201 2282 -1
2282 2474 -1
1781 2209 -1
1990 3630 -1
1990 3396 -1
40 1636 -1
2985 3812 -1
2289 2985 -1
789 2985 -1
2472 3566 -1
396 2831 -1
2528 2831 -1
1353 2831 -1
1709 2831 -1
2697 3653 -1
1728 3653 -1
283 3653 -1
681 2697 -1
51 2697 -1
32 3032 -1
32 3409 -1
32 1335 -1
32 61 -1
32 1109 -1
434 2232 -1
3470 3566 -1
432 3743 -1
432 2722 -1
432 1860 -1
357 432 -1
432 907 -1
432 2544 -1
432 3621 -1
526 1844 -1
1361 1844 -1
273 1844 -1
526 3449 -1
2085 3615 -1
1530 3615 -1
2085 3305 -1
1000 1606 -1
2946 3393 -1
2262 3682 -1
2897 3682 -1
1080 2088 -1
167 1999 -1
167 1657 -1
167 1947 -1
167 3636 -1
167 1733 -1
167 982 -1
421 3456 -1
3043 3456 -1
2597 3456 -1
601 3660 -1
1260 2348 -1
1260 2081 -1
1638 3634 -1
1937 3634 -1
745 3634 -1
225 3634 -1
2268 3349 -1
2268 3048 -1
1083 2416 -1
499 2416 -1
166 2416 -1
1083 2700 -1
892 2634 -1
594 892 -1
892 2979 -1
892 2502 -1
1472 3662 -1
1453 1472 -1
1944 3782 -1
3389 3782 -1
736 3277 -1
736 2370 -1
736 2154 -1
736 3472 -1
736 2842 -1
736 2588 -1
736 2783 -1
1536 2561 -1
1688 3230 -1
1114 3255 -1
211 3255 -1
2407 3396 -1
2407 3630 -1
844 3342 -1
2885 3342 -1
1563 2354 -1
1563 1760 -1
2510 3077 -1
368 3077 -1
1232 2510 -1
91 758 -1
2063 2452 -1
110 2452 -1
3051 3162 -1
1479 2100 -1
10 2120 -1
1702 2815 -1
1702 3331 -1
1702 3158 -1
2106 2617 -1
2106 3080 -1
1833 2106 -1
102 3396 -1
102 3630 -1
2431 2561 -1
710 1986 -1
1986 2741 -1
415 1986 -1
1641 2981 -1
2277 2981 -1
1641 2119 -1
1281 2859 -1
1281 1527 -1
936 991 -1
2168 3400 -1
1304 2168 -1
2168 2311 -1
2168 2371 -1
2031 2168 -1
911 2168 -1
317 1656 -1
2205 2311 -1
1304 2205 -1
2205 3400 -1
2205 2371 -1
2031 2205 -1
911 2205 -1
2779 2857 -1
2256 2857 -1
1193 2857 -1
2002 2857 -1
2666 2857 -1
733 2857 -1
2779 3262 -1
1961 2386 -1
744 2386 -1
2386 3097 -1
2356 2386 -1
63 2386 -1
1961 2123 -1
196 2318 -1
196 2545 -1
196 1043 -1
196 1255 -1
425 2638 -1
1525 2638 -1
1840 3187 -1
1840 3751 -1
1388 1840 -1
1840 3021 -1
1683 1840 -1
1840 3707 -1
1840 2559 -1
317 1602 -1
317 2544 -1
317 2611 -1
250 317 -1
317 907 -1
317 818 -1
1824 3680 -1
514 3680 -1
2298 2426 -1
2487 3301 -1
1921 3800 -1
699 2548 -1
1769 2548 -1
1725 2548 -1
390 2548 -1
699 1771 -1
699 1940 -1
699 2439 -1
699 775 -1
1673 2465 -1
1746 1883 -1
844 2895 -1
2885 2895 -1
1571 3272 -1
1571 3656 -1
1571 1969 -1
1357 1571 -1
1486 1571 -1
1571 2703 -1
1594 1708 -1
1594 1712 -1
1594 1996 -1
750 1594 -1
332 2130 -1
332 1772 -1
332 365 -1
303 1151 -1
1151 2392 -1
1151 2451 -1
1151 2924 -1
2367 3021 -1
2406 3021 -1
2367 3751 -1
1388 2367 -1
2367 3187 -1
1683 2367 -1
2367 3707 -1
2367 2559 -1
787 3035 -1
2660 3035 -1
3035 3555 -1
724 3035 -1
301 3035 -1
1574 3035 -1
67 1066 -1
466 2751 -1
2751 3713 -1
2751 3593 -1
1197 2751 -1
1877 2751 -1
2751 2999 -1
2072 2751 -1
150 466 -1
2380 3664 -1
2112 3664 -1
2938 3664 -1
988 3664 -1
2467 3235 -1
1817 2108 -1
1447 3299 -1
382 1447 -1
1447 3174 -1
966 2992 -1
966 2069 -1
829 3480 -1
829 3007 -1
829 2279 -1
51 3508 -1
681 3508 -1
3508 3653 -1
51 833 -1
1204 1713 -1
516 1713 -1
1588 1713 -1
805 1400 -1
805 2681 -1
308 805 -1
805 2301 -1
973 2170 -1
973 2245 -1
973 3719 -1
1580 1984 -1
1103 2918 -1
1826 2918 -1
9 1103 -1
234 1103 -1
2951 3377 -1
1425 3377 -1
2035 3377 -1
2951 3168 -1
2951 3577 -1
1651 2951 -1
1787 2951 -1
3002 3076 -1
1558 3076 -1
54 3076 -1
1664 3709 -1
2167 3490 -1
2167 3104 -1
2167 3705 -1
355 2167 -1
668 2167 -1
168 1619 -1
168 1993 -1
168 1092 -1
168 2369 -1
636 988 -1
988 3107 -1
988 3483 -1
988 1484 -1
988 1382 -1
988 2291 -1
636 2112 -1
636 2938 -1
636 2380 -1
857 1636 -1
1636 2346 -1
1636 3439 -1
2205 2238 -1
758 2887 -1
1959 3406 -1
203 3406 -1
3365 3406 -1
1656 3520 -1
2142 2195 -1
2047 3249 -1
1896 3249 -1
793 3249 -1
1357 2047 -1
1486 2047 -1
1279 2587 -1
2587 3531 -1
1493 2587 -1
1766 2587 -1
343 2587 -1
824 1279 -1
1279 2473 -1
1279 2234 -1
1279 3059 -1
1279 3453 -1
2134 3089 -1
2134 3384 -1
2638 3462 -1
887 2764 -1
265 2764 -1
2045 2764 -1
2 2176 -1
2 2481 -1
2 1147 -1
3524 3608 -1
1849 3608 -1
1203 3608 -1
1302 3608 -1
3180 3524 -1
790 835 -1
98 835 -1
835 923 -1
732 835 -1
835 2549 -1
286 835 -1
2502 3161 -1
594 3161 -1
2634 3161 -1
2502 3320 -1
2502 3564 -1
1148 2094 -1
1148 1537 -1
81 2353 -1
2353 3789 -1
2206 2353 -1
81 3637 -1
1040 3453 -1
824 1040 -1
1040 2473 -1
1040 2234 -1
1040 2587 -1
1040 3059 -1
370 711 -1
3436 3805 -1
3084 3436 -1
2356 2723 -1
744 2723 -1
2723 3097 -1
1961 2723 -1
63 2723 -1
1708 2737 -1
1712 2737 -1
1996 2737 -1
750 2737 -1
2050 3689 -1
806 3689 -1
483 3623 -1
483 1978 -1
93 483 -1
483 3335 -1
2071 2922 -1
2922 3280 -1
1635 2922 -1
2922 3103 -1
577 2071 -1
683 3467 -1
683 3425 -1
683 2627 -1
620 683 -1
683 1552 -1
683 3633 -1
683 3034 -1
683 1276 -1
25 3688 -1
3147 3581 -1
562 804 -1
1288 2363 -1
3319 3631 -1
1380 3631 -1
1180 3631 -1
2012 3631 -1
2688 2989 -1
250 2104 -1
2104 2544 -1
2104 2611 -1
1602 2104 -1
907 2104 -1
818 2104 -1
476 3099 -1
1868 3099 -1
2654 3099 -1
1065 1946 -1
1065 1795 -1
1065 3766 -1
1065 1294 -1
1065 3655 -1
348 3062 -1
2792 3062 -1
2816 2821 -1
2031 2426 -1
1304 2426 -1
2311 2426 -1
2371 2426 -1
2426 3400 -1
911 2426 -1
555 1251 -1
555 2401 -1
555 854 -1
271 1766 -1
271 343 -1
271 3531 -1
271 1493 -1
271 1279 -1
910 3477 -1
910 2649 -1
910 1765 -1
910 2121 -1
2799 3515 -1
2275 3515 -1
2664 3515 -1
3371 3515 -1
1078 3515 -1
349 3515 -1
830 3515 -1
1651 1837 -1
1837 3168 -1
1837 3577 -1
1787 1837 -1
1837 3244 -1
1837 3377 -1
1651 3325 -1
2013 2087 -1
495 2087 -1
1109 2381 -1
2381 3032 -1
2381 3409 -1
61 2381 -1
1335 2381 -1
3123 3188 -1
1718 3188 -1
522 1034 -1
3207 3677 -1
1874 3677 -1
2893 3677 -1
1230 3677 -1
0 1649 -1
2518 3239 -1
3202 3476 -1
3476 3669 -1
1345 3202 -1
1740 3202 -1
398 3274 -1
1336 3274 -1
627 3274 -1
1170 3715 -1
1170 2233 -1
560 2662 -1
560 3613 -1
1412 1977 -1
18 1977 -1
1977 2766 -1
1412 2572 -1
1915 2633 -1
2576 2633 -1
2633 2881 -1
410 2633 -1
1714 2633 -1
2554 3472 -1
253 3472 -1
2554 2588 -1
2154 2554 -1
1581 2554 -1
2554 3277 -1
700 2554 -1
2554 2783 -1
1291 2741 -1
1291 2964 -1
710 1291 -1
415 1291 -1
1209 3407 -1
1712 1730 -1
1708 1730 -1
1730 1996 -1
750 1730 -1
1712 3040 -1
1712 2394 -1
419 1712 -1
571 3718 -1
315 1868 -1
315 476 -1
315 2654 -1
1926 2331 -1
2331 3681 -1
114 2331 -1
387 2331 -1
2331 2845 -1
837 2331 -1
1425 2566 -1
2035 2566 -1
2566 2951 -1
1425 3578 -1
118 1841 -1
1320 2624 -1
27 2624 -1
1500 2624 -1
1320 3297 -1
1320 3727 -1
3201 3634 -1
2721 3634 -1
829 3651 -1
829 3568 -1
829 3576 -1
829 2898 -1
2556 3413 -1
2497 3413 -1
867 2596 -1
867 1951 -1
1321 2800 -1
1913 2800 -1
597 2800 -1
1321 1496 -1
466 1919 -1
1919 3713 -1
1919 3593 -1
1197 1919 -1
1877 1919 -1
1919 2999 -1
1919 2072 -1
704 2295 -1
704 3124 -1
800 1156 -1
800 3712 -1
720 2587 -1
720 824 -1
720 2473 -1
720 2234 -1
720 3059 -1
720 3453 -1
2143 2426 -1
2426 3672 -1
2456 2748 -1
1914 2748 -1
1920 2456 -1
190 2456 -1
2792 3561 -1
348 3561 -1
993 2792 -1
1765 3100 -1
2121 3100 -1
3100 3477 -1
2649 3100 -1
1476 3014 -1
2620 3014 -1
3014 3583 -1
2801 3634 -1
1877 2661 -1
2661 3713 -1
2661 3593 -1
1197 2661 -1
466 2661 -1
2661 2999 -1
2072 2661 -1
1206 1776 -1
350 1364 -1
1364 3746 -1
2835 3815 -1
2835 3264 -1
1404 3023 -1
339 3726 -1
2254 2609 -1
1482 2609 -1
1314 2609 -1
524 2609 -1
1242 2609 -1
2046 2609 -1
56 2421 -1
1252 3032 -1
1252 3409 -1
1252 1335 -1
61 1252 -1
1109 1252 -1
1593 2021 -1
786 2195 -1
704 2849 -1
704 3200 -1
1751 1855 -1
1696 1855 -1
493 1751 -1
1138 3411 -1
3411 3778 -1
2818 3411 -1
449 1138 -1
2432 2640 -1
616 3568 -1
616 3576 -1
616 2898 -1
616 3651 -1
960 1018 -1
927 1837 -1
927 3325 -1
2721 3035 -1
3035 3201 -1
2586 3444 -1
216 3444 -1
1890 3444 -1
258 3444 -1
2349 3444 -1
1888 3375 -1
2874 3272 -1
2874 3656 -1
1969 2874 -1
1357 2874 -1
1486 2874 -1
2703 2874 -1
229 2996 -1
3180 3487 -1
3487 3608 -1
573 2412 -1
2412 2945 -1
2412 3619 -1
1927 2412 -1
1790 1798 -1
1396 1790 -1
894 1790 -1
1448 3043 -1
421 1448 -1
1448 2597 -1
2431 3588 -1
2482 3119 -1
1002 3152 -1
1002 1662 -1
336 725 -1
725 761 -1
725 1229 -1
1268 3428 -1
2014 3428 -1
512 3736 -1
3736 3740 -1
512 1459 -1
512 1572 -1
1 1943 -1
1867 2919 -1
3234 3269 -1
544 3234 -1
1823 3234 -1
284 3693 -1
284 1600 -1
284 3675 -1
891 1730 -1
891 3040 -1
891 2394 -1
419 891 -1
1960 3125 -1
3125 3356 -1
834 2788 -1
737 2788 -1
834 2384 -1
834 3569 -1
834 1106 -1
834 1243 -1
570 933 -1
1115 2340 -1
2893 2930 -1
1874 2930 -1
1230 2930 -1
2930 3207 -1
440 1172 -1
1172 2546 -1
96 440 -1
440 2333 -1
646 2140 -1
646 1681 -1
646 3657 -1
535 646 -1
646 2908 -1
646 2442 -1
646 1679 -1
1323 3181 -1
2347 2823 -1
760 2823 -1
2823 3612 -1
2823 2871 -1
1826 2183 -1
1103 2183 -1
262 1357 -1
1357 3143 -1
262 3272 -1
262 3249 -1
262 1486 -1
262 2703 -1
1169 2376 -1
32 419 -1
32 3040 -1
32 2394 -1
32 1730 -1
2411 3264 -1
2315 3264 -1
2411 3815 -1
1000 2343 -1
2009 3686 -1
1362 1782 -1
176 2370 -1
889 2370 -1
176 2842 -1
176 2783 -1
176 2154 -1
176 3277 -1
511 3177 -1
511 2947 -1
755 3750 -1
765 3750 -1
700 3260 -1
3260 3472 -1
2588 3260 -1
1581 3260 -1
1989 2468 -1
545 1380 -1
545 2012 -1
545 1180 -1
545 3319 -1
857 1662 -1
1662 2346 -1
1662 3439 -1
857 3152 -1
50 1316 -1
461 1316 -1
50 148 -1
3178 3183 -1
490 992 -1
922 992 -1
992 2171 -1
734 992 -1
1969 3623 -1
3272 3623 -1
3623 3656 -1
2703 3623 -1
1969 1978 -1
93 1969 -1
1969 3335 -1
2105 2840 -1
2424 3336 -1
2424 2848 -1
2101 3343 -1
363 701 -1
363 3210 -1
363 3075 -1
1948 3005 -1
410 2010 -1
2010 2576 -1
2010 2881 -1
1714 2010 -1
1915 2010 -1
2216 2565 -1
243 2216 -1
878 3393 -1
2709 3393 -1
1478 3213 -1
242 3213 -1
3213 3469 -1
1478 1648 -1
1390 2703 -1
1390 3272 -1
1390 1969 -1
1390 3656 -1
1357 1390 -1
1390 1486 -1
683 2872 -1
683 2278 -1
666 3261 -1
666 1211 -1
1499 1766 -1
343 1499 -1
1499 3531 -1
1493 1499 -1
1279 1499 -1
423 1001 -1
1531 3374 -1
840 3374 -1
3374 3450 -1
3374 3747 -1
950 1110 -1
1846 2377 -1
2377 3552 -1
2083 2377 -1
2377 3474 -1
2377 3443 -1
55 2377 -1
445 2377 -1
309 343 -1
343 1491 -1
38 343 -1
309 1766 -1
309 1279 -1
3029 3568 -1
2092 3568 -1
3029 3576 -1
2898 3029 -1
3029 3651 -1
