26 931 1
1849 2350 1
56 3171 1
841 2223 1
876 3367 1
609 3026 1
1431 2607 1
1192 2932 1
1037 2106 1
1066 1929 1
1203 2065 1
235 374 1
253 267 1
2048 3075 1
1718 3057 1
1127 1745 1
3034 3212 1
1096 3464 1
1045 1985 1
1080 2916 1
1080 2762 1
2762 2916 1
443 3559 1
0 2287 1
3367 3393 1
876 3393 1
1597 3363 1
1093 2291 1
1151 1485 1
1472 1761 1
2037 2291 1
1093 2037 1
847 3218 1
1045 1565 1
1565 1985 1
472 3428 1
1 3089 1
505 1153 1
861 3483 1
95 3285 1
407 981 1
642 1181 1
2331 2735 1
553 3677 1
2104 2916 1
1080 2104 1
2104 2762 1
2762 2985 1
1080 2985 1
2104 2985 1
2916 2985 1
1203 2979 1
2065 2979 1
620 2331 1
620 2735 1
2104 3303 1
1080 3303 1
2985 3303 1
2762 3303 1
2916 3303 1
1274 3456 1
965 1045 1
965 1985 1
965 1565 1
490 3488 1
2340 3107 1
701 3075 1
701 2048 1
679 2831 1
1715 2201 1
2020 3579 1
108 1431 1
108 2607 1
679 861 1
861 2831 1
679 3483 1
1597 2988 1
2988 3363 1
1648 2651 1
1151 2065 1
1485 2065 1
1151 1203 1
1151 2979 1
2609 2762 1
2609 2916 1
2609 3303 1
2609 2985 1
2104 2609 1
1080 2609 1
922 3227 1
826 3428 1
472 826 1
1363 1932 1
185 975 1
723 3538 1
872 2825 1
965 3456 1
1985 3456 1
1045 3456 1
1565 3456 1
965 1274 1
108 1322 1
1322 2607 1
1322 1431 1
841 2174 1
2174 2223 1
505 3363 1
1153 3363 1
505 2988 1
505 1597 1
576 2800 1
2707 3492 1
1809 2500 1
1907 3669 1
1648 3739 1
2651 3739 1
1624 2287 1
0 1624 1
1203 1837 1
1837 2065 1
1837 2979 1
1151 1837 1
1593 3393 1
876 1593 1
1593 3367 1
103 3488 1
103 490 1
1512 1593 1
1512 3393 1
876 1512 1
1512 3367 1
26 2652 1
931 2652 1
253 1203 1
267 1203 1
253 2979 1
253 1837 1
253 2065 1
253 1151 1
1274 3558 1
3456 3558 1
965 3558 1
1014 1758 1
108 2961 1
1322 2961 1
2607 2961 1
1431 2961 1
630 740 1
2122 2502 1
142 1156 1
1837 3352 1
2979 3352 1
2065 3352 1
1203 3352 1
253 3352 1
1151 3352 1
282 1668 1
62 1205 1
2291 3488 1
1093 3488 1
2037 3488 1
490 2291 1
103 2291 1
2672 3679 1
2974 3107 1
2340 2974 1
1485 2011 1
2011 2065 1
1151 2011 1
3171 3726 1
56 3726 1
3483 3579 1
861 3579 1
679 3579 1
2020 3483 1
3393 3580 1
1512 3580 1
1593 3580 1
876 3580 1
3367 3580 1
2223 3679 1
841 3679 1
2174 3679 1
2223 2672 1
656 3744 1
1685 2916 1
1685 3303 1
1685 2985 1
1685 2762 1
1685 2104 1
1685 2609 1
1080 1685 1
1054 2506 1
255 2973 1
1998 3032 1
412 552 1
733 1311 1
1222 2138 1
2388 2722 1
150 928 1
180 2877 1
287 348 1
998 2211 1
171 1204 1
840 3699 1
918 1389 1
353 677 1
2256 2779 1
1222 3496 1
2138 3496 1
208 3267 1
1998 2484 1
2484 3032 1
278 3267 1
208 278 1
2088 3406 1
1494 3385 1
250 3036 1
3409 3656 1
2066 3055 1
2060 2406 1
241 2237 1
1389 3699 1
918 3699 1
840 1389 1
1052 3601 1
864 2317 1
2600 2768 1
1389 3621 1
840 3621 1
3621 3699 1
918 3621 1
333 1860 1
601 2847 1
1748 2414 1
433 621 1
1793 2270 1
402 3217 1
2270 2864 1
1793 2864 1
2877 2898 1
180 2898 1
718 1323 1
388 3073 1
3509 3651 1
900 907 1
2064 2270 1
2064 2864 1
1793 2064 1
1591 3576 1
109 2899 1
783 1793 1
783 2864 1
783 2064 1
783 2270 1
1622 3401 1
3055 3747 1
2066 3747 1
1748 2654 1
2414 2654 1
1254 1957 1
1098 1104 1
204 2943 1
2722 3401 1
2388 3401 1
1622 2722 1
1813 2307 1
3386 3699 1
840 3386 1
1389 3386 1
918 3386 1
3386 3621 1
1494 3741 1
3385 3741 1
839 1626 1
1936 2406 1
1936 2060 1
1622 3407 1
3401 3407 1
2722 3407 1
1098 3747 1
1104 3747 1
1098 2066 1
1098 3055 1
1254 2124 1
1957 2124 1
1347 3243 1
692 840 1
692 3386 1
692 3699 1
692 1389 1
692 3621 1
552 2864 1
412 2864 1
552 1793 1
552 783 1
552 2064 1
552 2270 1
139 2703 1
2779 3543 1
2256 3543 1
329 2899 1
109 329 1
1478 2124 1
1478 1957 1
1254 1478 1
2211 3763 1
998 3763 1
491 3159 1
2277 2309 1
2566 2592 1
955 3543 1
955 2256 1
955 2779 1
208 2666 1
2666 3267 1
278 2666 1
1607 3243 1
1347 1607 1
2388 3386 1
3386 3401 1
2722 3386 1
2388 3621 1
840 2388 1
1389 2388 1
2388 3699 1
692 2388 1
918 2388 1
425 3101 1
2751 3427 1
762 3407 1
762 3401 1
762 2722 1
762 1622 1
42 1204 1
42 171 1
307 2976 1
284 2808 1
121 3073 1
121 388 1
52 2600 1
52 2768 1
527 1360 1
1267 2064 1
1267 1793 1
552 1267 1
783 1267 1
1267 2864 1
1267 2270 1
1898 2212 1
1704 3226 1
1389 1898 1
1898 3621 1
840 1898 1
1898 3699 1
692 1898 1
918 1898 1
1898 2388 1
1898 3386 1
1389 2212 1
1854 3619 1
2504 2608 1
1927 3372 1
1893 3385 1
1893 3741 1
1494 1893 1
1498 2476 1
1463 3267 1
208 1463 1
1463 2666 1
278 1463 1
1340 3387 1
2629 2877 1
2629 2898 1
180 2629 1
1487 2309 1
1487 2277 1
621 1200 1
433 1200 1
1375 2211 1
1375 3763 1
998 1375 1
2367 2483 1
208 3671 1
2666 3671 1
3267 3671 1
278 3671 1
1463 3671 1
1136 3265 1
3130 3701 1
2238 2507 1
2189 2210 1
1769 2834 1
3552 3652 1
1866 2531 1
194 210 1
886 3043 1
547 2471 1
1092 3232 1
1874 3016 1
316 547 1
316 2471 1
345 3151 1
1642 3591 1
3214 3552 1
3214 3652 1
5 705 1
1619 2262 1
183 1642 1
183 3591 1
1092 3471 1
3232 3471 1
55 3762 1
1899 1975 1
2463 3039 1
1482 2166 1
2049 2471 1
547 2049 1
316 2049 1
1669 3608 1
183 3016 1
1642 3016 1
3016 3591 1
183 1874 1
2161 2584 1
2177 3634 1
41 627 1
2733 2980 1
295 3649 1
471 3161 1
715 3268 1
2835 3698 1
2014 2230 1
1070 3652 1
1070 3552 1
1070 3214 1
1790 3016 1
1790 1874 1
1790 3591 1
1642 1790 1
183 1790 1
2186 2513 1
192 3320 1
104 2040 1
445 3043 1
445 886 1
881 3011 1
1846 2944 1
64 1642 1
64 3016 1
64 183 1
64 1790 1
64 3591 1
2492 3011 1
881 2492 1
1846 2117 1
2117 2944 1
631 3139 1
1511 3228 1
2262 3320 1
1619 3320 1
192 2262 1
1482 3713 1
2166 3713 1
140 3391 1
2049 3593 1
547 3593 1
316 3593 1
2471 3593 1
140 882 1
882 3391 1
2848 3256 1
1555 2076 1
1092 3544 1
3232 3544 1
3471 3544 1
1051 2345 1
479 3701 1
479 3130 1
3649 3701 1
295 3701 1
3130 3649 1
479 3649 1
1534 2834 1
1534 1769 1
66 1925 1
765 1716 1
1514 3667 1
421 3139 1
421 631 1
2272 2743 1
376 444 1
1327 2953 1
1043 2474 1
2914 3004 1
1713 2131 1
248 3097 1
414 2743 1
414 2272 1
2606 2745 1
345 2254 1
2254 3151 1
846 3292 1
547 2467 1
2467 3593 1
2049 2467 1
316 2467 1
2467 2471 1
1290 3764 1
2513 2927 1
2186 2927 1
140 445 1
445 882 1
445 3391 1
140 3043 1
140 886 1
843 2053 1
311 1043 1
311 2474 1
1975 3279 1
1899 3279 1
2252 3781 1
48 2658 1
1731 2272 1
414 1731 1
1731 2743 1
414 846 1
846 2272 1
846 1731 1
846 2743 1
414 3292 1
1314 3593 1
1314 2049 1
547 1314 1
1314 2471 1
1314 2467 1
316 1314 1
1424 2254 1
345 1424 1
1424 3151 1
1241 2822 1
603 1514 1
603 3667 1
885 1293 1
1702 2584 1
1702 2161 1
1246 2117 1
1246 2944 1
1246 1846 1
1391 2356 1
1215 1853 1
1336 3634 1
1336 2177 1
2189 3493 1
2210 3493 1
843 2117 1
2053 2117 1
843 2944 1
843 1246 1
843 1846 1
50 779 1
2161 2531 1
2531 2584 1
1702 2531 1
1866 2161 1
63 1716 1
63 765 1
1986 3391 1
882 1986 1
140 1986 1
445 1986 1
1314 1743 1
1743 2049 1
547 1743 1
1743 2471 1
1743 3593 1
1743 2467 1
316 1743 1
1371 1455 1
224 1730 1
530 2361 1
2726 3465 1
1183 2217 1
752 1503 1
1608 1625 1
806 1548 1
47 3182 1
2009 3276 1
1788 3480 1
2631 3655 1
1077 2264 1
82 3420 1
1251 3098 1
1707 2721 1
787 2150 1
2375 2854 1
2963 3142 1
2468 2489 1
757 3412 1
988 1639 1
2978 3495 1
1185 3304 1
586 1806 1
395 1503 1
395 752 1
3040 3419 1
2887 3529 1
1064 2902 1
1134 3383 1
1451 3091 1
1557 2660 1
59 1654 1
1088 2086 1
1730 3639 1
224 3639 1
220 1032 1
1773 2490 1
74 1090 1
671 1786 1
1540 1788 1
1540 3480 1
3049 3114 1
2143 3643 1
259 262 1
3018 3143 1
2620 3808 1
1307 2856 1
1333 1513 1
80 2107 1
97 3461 1
964 2246 1
671 2936 1
1786 2936 1
1050 1350 1
503 3234 1
757 2425 1
2425 3412 1
988 2915 1
1639 2915 1
2050 2788 1
1499 1939 1
2456 3719 1
1799 2377 1
792 2957 1
625 2817 1
366 2936 1
366 1786 1
366 671 1
598 1783 1
2817 3499 1
625 3499 1
1795 2631 1
1795 3655 1
2071 2394 1
301 2394 1
301 2071 1
1190 1251 1
1190 3098 1
1755 2245 1
1077 3215 1
2264 3215 1
1243 1540 1
1243 3480 1
1243 1788 1
1795 3766 1
3655 3766 1
2631 3766 1
80 3201 1
2107 3201 1
1333 2384 1
1513 2384 1
666 3766 1
666 2631 1
666 1795 1
666 3655 1
2456 2468 1
2468 3719 1
2456 2489 1
173 3655 1
173 666 1
173 1795 1
173 3766 1
173 2631 1
1050 3461 1
1350 3461 1
97 1050 1
1277 2338 1
262 1251 1
259 1251 1
262 3098 1
262 1190 1
132 3430 1
859 3499 1
859 2817 1
625 859 1
1737 3250 1
468 859 1
468 2817 1
468 3499 1
468 625 1
3182 3804 1
47 3804 1
1248 2271 1
259 3063 1
1251 3063 1
262 3063 1
640 1053 1
500 1454 1
584 3672 1
625 1938 1
1938 2817 1
859 1938 1
1938 3499 1
468 1938 1
640 3478 1
1053 3478 1
584 1639 1
1639 3672 1
584 2915 1
584 988 1
233 3250 1
233 1737 1
2360 3420 1
82 2360 1
1063 2690 1
569 3501 1
395 854 1
752 854 1
854 1503 1
582 1377 1
2224 3142 1
2224 2963 1
1328 3582 1
3211 3687 1
74 1277 1
1090 1277 1
74 2338 1
1737 3663 1
233 3663 1
3250 3663 1
2975 3276 1
2009 2975 1
2902 3040 1
1064 3040 1
2902 3419 1
132 806 1
806 3430 1
132 1548 1
1003 3304 1
1003 1185 1
724 1196 1
2675 2915 1
584 2675 1
988 2675 1
1639 2675 1
1506 3637 1
2661 3420 1
2360 2661 1
82 2661 1
3276 3708 1
2009 3708 1
2975 3708 1
1559 2631 1
1559 1795 1
1559 3655 1
173 1559 1
1559 3766 1
666 1559 1
978 1537 1
130 3696 1
1732 2499 1
1190 3480 1
3098 3480 1
1251 3480 1
262 3480 1
1190 1540 1
1190 1243 1
1190 1788 1
1958 3797 1
1343 1517 1
828 1728 1
1448 2235 1
1615 3796 1
819 2421 1
1038 1148 1
577 3761 1
437 2493 1
197 906 1
2872 3448 1
431 2235 1
431 1448 1
1133 2098 1
2510 3033 1
165 2649 1
875 2440 1
616 807 1
1453 3537 1
1523 3050 1
3674 3797 1
1958 3674 1
1554 2031 1
261 1148 1
261 1038 1
3348 3758 1
754 1493 1
657 2581 1
1211 1308 1
186 1376 1
3297 3400 1
835 1213 1
2687 3309 1
1221 2039 1
1148 2181 1
261 2181 1
1038 2181 1
283 3113 1
952 1903 1
3045 3752 1
186 2602 1
1376 2602 1
2657 3789 1
2558 2872 1
2558 3448 1
2311 2465 1
16 1804 1
2697 2757 1
1179 3761 1
577 1179 1
1940 2371 1
912 3252 1
2697 3197 1
2757 3197 1
312 3448 1
312 2872 1
312 2558 1
1304 3116 1
1025 2630 1
2296 2760 1
2301 3641 1
306 2148 1
2031 2194 1
1554 2194 1
2148 3288 1
306 3288 1
661 2278 1
958 2327 1
1756 2922 1
1041 2452 1
1811 2687 1
1811 3309 1
1416 2393 1
669 1670 1
2523 2681 1
583 2416 1
759 2558 1
759 2872 1
759 3448 1
312 759 1
283 1940 1
1940 3113 1
283 2371 1
1756 2548 1
2548 2922 1
1728 3113 1
828 3113 1
283 1728 1
1728 1940 1
856 3345 1
207 807 1
207 616 1
1764 3775 1
1628 1670 1
669 1628 1
1442 1903 1
952 1442 1
339 1976 1
102 1368 1
343 2693 1
2085 2266 1
16 3620 1
1804 3620 1
2421 3549 1
819 3549 1
2421 3200 1
819 3200 1
3200 3549 1
2439 2784 1
317 3531 1
83 2297 1
368 1280 1
1279 1735 1
1628 3200 1
669 3200 1
1670 3200 1
1628 3549 1
819 1628 1
1628 2421 1
1213 1213 1
1188 3603 1
2176 3061 1
1647 3658 1
2160 2874 1
81 1278 1
306 3297 1
3288 3297 1
2148 3297 1
306 3400 1
2134 3767 1
2695 3748 1
1038 2665 1
1148 2665 1
261 2665 1
2181 2665 1
39 46 1
83 1170 1
1170 2297 1
1613 2393 1
1416 1613 1
2385 3309 1
1811 2385 1
2385 2687 1
1059 2837 1
525 3400 1
525 3297 1
306 525 1
341 1456 1
168 1170 1
168 2297 1
83 168 1
2470 3116 1
1304 2470 1
1025 3061 1
2630 3061 1
1025 2176 1
2453 3197 1
2453 2697 1
2453 2757 1
3061 3441 1
2176 3441 1
1025 3441 1
2630 3441 1
373 2031 1
373 1554 1
373 2194 1
193 1041 1
193 2452 1
1615 1971 1
1971 3796 1
2665 3662 1
1148 3662 1
261 3662 1
1038 3662 1
2181 3662 1
1270 1407 1
339 2041 1
1976 2041 1
2465 3261 1
2311 3261 1
835 2073 1
1213 2073 1
3189 3397 1
2135 3448 1
2135 2872 1
312 2135 1
2135 2558 1
759 2135 1
1971 3758 1
3758 3796 1
1615 3758 1
1971 3348 1
2385 3531 1
1811 3531 1
3309 3531 1
2687 3531 1
317 2385 1
1078 2746 1
405 2058 1
1965 2587 1
691 1301 1
793 2587 1
793 1965 1
328 1061 1
2701 3163 1
481 2116 1
1223 1227 1
897 974 1
22 2755 1
986 2839 1
1100 1436 1
1556 2674 1
481 1744 1
1744 2116 1
1330 1965 1
793 1330 1
1330 2587 1
188 2561 1
2024 3784 1
1924 2460 1
879 3788 1
1265 2882 1
879 2451 1
2451 3788 1
198 1313 1
481 3259 1
1744 3259 1
2116 3259 1
405 2924 1
2058 2924 1
523 2365 1
1253 2505 1
1481 3380 1
2417 3611 1
2023 2047 1
1247 3125 1
2494 2710 1
1313 2617 1
198 2617 1
117 3190 1
344 3027 1
1634 3174 1
3293 3661 1
3236 3587 1
2946 3784 1
2024 2946 1
865 2599 1
655 802 1
2746 3308 1
1078 3308 1
2505 2829 1
1253 2829 1
1896 3581 1
691 2551 1
1301 2551 1
878 1441 1
1847 3190 1
117 1847 1
2805 3575 1
708 2330 1
6 2698 1
237 2599 1
237 865 1
688 1313 1
688 2617 1
198 688 1
2275 3125 1
1247 2275 1
2924 3010 1
2058 3010 1
405 3010 1
237 2335 1
865 2335 1
2335 2599 1
1023 1305 1
1149 2241 1
544 2241 1
544 1149 1
793 2879 1
1330 2879 1
2587 2879 1
1965 2879 1
1982 2561 1
188 1982 1
3788 3793 1
2451 3793 1
879 3793 1
1767 2241 1
544 1767 1
1149 1767 1
551 2505 1
551 1253 1
551 2829 1
2213 3629 1
556 2718 1
551 3757 1
2505 3757 1
1253 3757 1
2829 3757 1
1165 2451 1
1165 3793 1
1165 3788 1
879 1165 1
481 1299 1
1299 1744 1
1299 3259 1
1299 2116 1
768 3186 1
2678 2712 1
1167 1836 1
2926 3163 1
2701 2926 1
2183 2601 1
115 1744 1
115 1299 1
115 481 1
115 3259 1
115 2116 1
1313 1930 1
688 1930 1
1930 2617 1
198 1930 1
544 2139 1
2139 2241 1
1149 2139 1
1767 2139 1
218 2635 1
2587 2593 1
793 2593 1
1330 2593 1
1965 2593 1
2593 2879 1
974 2830 1
897 2830 1
793 2775 1
2593 2775 1
1965 2775 1
1330 2775 1
2587 2775 1
2775 2879 1
1094 1319 1
1902 3504 1
249 1034 1
1094 1428 1
1319 1428 1
514 1744 1
481 514 1
115 514 1
514 2116 1
514 1299 1
514 3259 1
2392 3423 1
2931 3724 1
2828 3236 1
2828 3587 1
488 3504 1
488 1902 1
1313 3235 1
688 3235 1
2617 3235 1
1930 3235 1
198 3235 1
370 1665 1
2373 3670 1
2473 3453 1
551 1072 1
1072 2505 1
1072 1253 1
1072 3757 1
1072 2829 1
313 2635 1
218 313 1
950 1313 1
950 3235 1
198 950 1
950 1930 1
688 950 1
950 2617 1
2460 2812 1
1924 2812 1
689 2828 1
689 3587 1
689 3236 1
1142 3581 1
1142 1896 1
1352 3041 1
684 3408 1
1791 1991 1
499 1706 1
2397 2741 1
1440 2519 1
658 2038 1
710 750 1
1111 2115 1
1217 2789 1
359 3289 1
45 2015 1
746 1432 1
2397 2786 1
2741 2786 1
568 3691 1
1316 1459 1
658 2030 1
2030 2038 1
991 2036 1
634 2486 1
3374 3820 1
2541 3472 1
717 1865 1
143 1393 1
350 1711 1
92 3102 1
54 2464 1
1760 3657 1
2582 3115 1
541 2694 1
2200 3399 1
273 1114 1
2357 3038 1
1519 2015 1
45 1519 1
146 3141 1
440 2389 1
334 2653 1
853 1760 1
853 3657 1
1125 1673 1
558 3239 1
1168 3374 1
1168 3820 1
1949 2200 1
1949 3399 1
1209 3597 1
1345 1519 1
45 1345 1
1345 2015 1
2092 2994 1
1439 1760 1
1439 3657 1
853 1439 1
1105 1521 1
2736 3691 1
568 2736 1
670 2447 1
867 3277 1
987 1158 1
359 1501 1
1501 3289 1
647 1439 1
647 1760 1
647 3657 1
647 853 1
2738 2741 1
2738 2786 1
2397 2738 1
264 1352 1
264 3041 1
811 2786 1
811 2738 1
811 2397 1
811 2741 1
493 3176 1
334 1760 1
1760 2653 1
334 647 1
334 3657 1
334 853 1
334 1439 1
731 1630 1
515 2851 1
1083 3262 1
211 2517 1
1047 2984 1
535 2923 1
365 1398 1
337 3146 1
211 1726 1
1726 2517 1
3002 3277 1
867 3002 1
2447 2838 1
670 2838 1
1419 3129 1
1694 2842 1
1430 1865 1
717 1430 1
941 2251 1
561 2363 1
2742 3753 1
2415 3374 1
1168 2415 1
2415 3820 1
658 710 1
710 2030 1
710 2038 1
658 750 1
3013 3514 1
2838 3369 1
670 3369 1
2447 3369 1
1125 1891 1
1673 1891 1
529 3597 1
529 1209 1
2446 2541 1
2446 3472 1
3486 3626 1
1492 2536 1
3253 3479 1
923 2919 1
1538 3141 1
146 1538 1
2448 3421 1
606 2092 1
606 2994 1
853 3553 1
1760 3553 1
647 3553 1
3553 3657 1
334 3553 1
1439 3553 1
1217 2061 1
2061 2789 1
350 3146 1
1711 3146 1
337 350 1
4 2370 1
286 1645 1
597 1845 1
1310 3697 1
921 3206 1
1681 3459 1
1760 2738 1
2738 3553 1
647 2738 1
2738 3657 1
334 2738 1
853 2738 1
2653 2738 1
1439 2738 1
1760 2786 1
811 1760 1
1760 2741 1
1760 2397 1
1538 3716 1
146 3716 1
3141 3716 1
1144 1883 1
2962 3459 1
1681 2962 1
817 3369 1
670 817 1
817 2838 1
817 2447 1
111 3716 1
111 1538 1
111 146 1
111 3141 1
3110 3408 1
684 3110 1
1550 2571 1
1558 2628 1
796 3787 1
58 2448 1
58 3421 1
654 1423 1
528 1673 1
528 1891 1
528 1125 1
1726 3369 1
211 3369 1
2517 3369 1
1726 2447 1
817 1726 1
670 1726 1
1726 2838 1
1818 3356 1
2386 3768 1
205 1354 1
76 3001 1
416 895 1
2123 3433 1
517 3311 1
1385 3730 1
396 3659 1
1123 2069 1
3140 3339 1
969 1509 1
70 441 1
17 635 1
17 626 1
626 635 1
2188 3717 1
869 1990 1
76 2454 1
2454 3001 1
1599 3790 1
3001 3053 1
76 3053 1
2454 3053 1
2752 3166 1
1887 1895 1
1474 3069 1
413 2567 1
3730 3737 1
1385 3737 1
808 3535 1
1408 1724 1
2883 3069 1
1474 2883 1
1465 2935 1
2537 2752 1
2537 3166 1
60 409 1
694 1895 1
694 1887 1
1895 3551 1
694 3551 1
1887 3551 1
2567 2794 1
413 2794 1
1273 2503 1
1797 3356 1
1797 1818 1
275 2626 1
1465 3622 1
2935 3622 1
1421 1568 1
1444 3022 1
2752 3535 1
2537 3535 1
3166 3535 1
808 2752 1
199 3368 1
351 2323 1
243 2302 1
145 1397 1
2454 2583 1
2583 3001 1
76 2583 1
2583 3053 1
403 3298 1
1509 2723 1
969 2723 1
626 2752 1
17 2752 1
635 2752 1
626 808 1
626 2537 1
626 3535 1
626 3166 1
2068 2366 1
3166 3281 1
2752 3281 1
2537 3281 1
626 3281 1
3281 3535 1
2769 2781 1
2537 3717 1
2752 3717 1
3535 3717 1
3281 3717 1
626 3717 1
3166 3717 1
2188 2537 1
2355 2790 1
413 2167 1
2167 2794 1
2167 2567 1
2727 3475 1
895 1259 1
416 1259 1
1596 3324 1
891 1566 1
2366 3535 1
2068 3535 1
2366 2752 1
2366 3717 1
808 2366 1
2366 2537 1
2366 3281 1
626 2366 1
2366 3166 1
1542 3660 1
1131 2091 1
351 2203 1
2203 2323 1
485 3660 1
485 1542 1
30 492 1
2646 2769 1
2646 2781 1
1954 3551 1
1887 1954 1
694 1954 1
1895 1954 1
696 3613 1
2132 2621 1
2323 3520 1
2203 3520 1
351 3520 1
231 572 1
1073 1392 1
10 564 1
880 1055 1
3392 3707 1
1166 1177 1
1055 1108 1
880 1108 1
2029 3551 1
1954 2029 1
1887 2029 1
694 2029 1
1895 2029 1
219 3659 1
219 396 1
1187 2555 1
1187 2205 1
2205 2555 1
1734 3111 1
1510 1988 1
90 2323 1
90 3520 1
90 2203 1
90 351 1
243 539 1
539 2302 1
605 2947 1
665 3324 1
665 1596 1
1019 3433 1
1019 2123 1
1838 2769 1
1838 2781 1
1838 2646 1
1421 3001 1
1568 3001 1
76 1421 1
1421 3053 1
1421 2454 1
1421 2583 1
1370 2782 1
3324 3822 1
665 3822 1
1596 3822 1
1351 1392 1
1073 1351 1
2659 3768 1
2386 2659 1
76 1055 1
1055 1421 1
1055 3053 1
1055 2454 1
1055 2583 1
1055 3001 1
76 880 1
76 1108 1
120 626 1
120 2752 1
120 3717 1
120 3281 1
120 808 1
120 2537 1
120 3535 1
17 120 1
120 2366 1
120 635 1
120 3166 1
485 2518 1
2518 3660 1
1542 2518 1
1908 2870 1
324 2459 1
1145 1678 1
917 2950 1
2432 3738 1
429 1980 1
29 3315 1
1710 2433 1
279 2022 1
196 418 1
944 1573 1
916 1792 1
932 2432 1
932 3738 1
1815 3003 1
566 3446 1
510 2771 1
1233 2043 1
887 2022 1
279 887 1
1904 3554 1
2125 2691 1
663 3774 1
1703 1810 1
1218 2288 1
2488 3577 1
908 3590 1
159 2753 1
2766 3221 1
371 2172 1
2633 3463 1
1271 3020 1
1522 2293 1
857 3361 1
1044 3664 1
1629 2432 1
1629 3738 1
932 1629 1
232 1945 1
3422 3754 1
3342 3523 1
427 1452 1
1450 1544 1
1789 3693 1
155 3290 1
2511 2778 1
1573 2803 1
944 2803 1
21 404 1
1945 3118 1
232 3118 1
340 2185 1
2917 2950 1
917 2917 1
1822 2683 1
2686 3745 1
1443 1741 1
279 3607 1
2022 3607 1
887 3607 1
371 426 1
426 2172 1
1288 1291 1
1967 3522 1
3745 3745 1
429 3571 1
1980 3571 1
1409 3104 1
1967 3149 1
3149 3522 1
324 2918 1
2459 2918 1
1967 2765 1
2765 3522 1
2765 3149 1
68 1121 1
1810 2948 1
1703 2948 1
533 3005 1
1812 2185 1
340 1812 1
3296 3554 1
1904 3296 1
613 1710 1
613 2433 1
1520 2432 1
1520 3738 1
932 1520 1
1520 1629 1
2156 3432 1
232 2633 1
1945 2633 1
2633 3118 1
232 3463 1
2419 3705 1
1687 2286 1
2288 3019 1
1218 3019 1
3149 3705 1
3522 3705 1
2765 3705 1
1967 3705 1
2419 3149 1
1355 3571 1
1355 1980 1
429 1355 1
484 2766 1
484 3221 1
3150 3463 1
232 3150 1
2633 3150 1
86 1271 1
86 3020 1
234 1601 1
1889 3284 1
1275 3522 1
1275 3705 1
1275 2765 1
1275 3149 1
1275 1967 1
595 3738 1
595 2432 1
595 1520 1
595 932 1
595 1629 1
1121 2875 1
68 2875 1
940 3523 1
940 3342 1
2078 2639 1
371 3446 1
426 3446 1
2172 3446 1
371 566 1
363 3554 1
363 1904 1
363 3296 1
566 3413 1
371 3413 1
3413 3446 1
29 2913 1
2913 3315 1
1138 2522 1
1515 1589 1
868 1834 1
404 3491 1
21 3491 1
1089 3778 1
533 1121 1
1121 3005 1
533 2875 1
68 533 1
827 936 1
1651 2067 1
1687 2129 1
2129 2286 1
1362 1822 1
1362 2683 1
196 1233 1
418 1233 1
196 2043 1
1964 3526 1
1331 3446 1
426 1331 1
371 1331 1
1331 3413 1
566 1331 1
1331 2172 1
1575 2282 1
1099 3774 1
663 1099 1
2067 3287 1
1651 3287 1
3020 3353 1
86 3353 1
1271 3353 1
1616 3786 1
629 791 1
379 3205 1
1173 3003 1
1173 1815 1
1214 3536 1
2950 3689 1
917 3689 1
2917 3689 1
18 2286 1
18 2129 1
18 1687 1
827 2303 1
936 2303 1
1915 3136 1
2995 3678 1
1533 3076 1
23 714 1
910 2299 1
1722 3416 1
989 3567 1
156 3431 1
821 2688 1
1469 2299 1
910 1469 1
114 1069 1
1022 1915 1
1022 3136 1
304 3147 1
305 3600 1
330 2535 1
1752 1798 1
673 1342 1
2198 3099 1
2689 3147 1
304 2689 1
1827 3370 1
2295 2815 1
1594 3815 1
338 2163 1
2240 2512 1
896 2560 1
600 1594 1
600 3815 1
1561 2342 1
439 1022 1
439 3136 1
439 1915 1
2866 3779 1
3087 3779 1
2866 3087 1
1956 2967 1
23 2521 1
714 2521 1
118 3666 1
1427 3264 1
1468 2313 1
336 3099 1
336 2198 1
910 989 1
989 2299 1
989 1469 1
910 3567 1
410 1863 1
410 1655 1
1655 1863 1
1403 2682 1
1107 2349 1
2299 2929 1
1469 2929 1
910 2929 1
989 2929 1
770 1666 1
995 1435 1
455 652 1
1235 3800 1
1405 3415 1
43 2063 1
498 2521 1
498 714 1
23 498 1
559 3817 1
2324 3599 1
36 2329 1
2329 3137 1
36 3137 1
509 3124 1
1923 3599 1
1923 2324 1
637 1303 1
77 1107 1
77 2349 1
2560 2815 1
896 2815 1
2295 2560 1
2284 3117 1
730 788 1
1915 3337 1
3136 3337 1
1022 3337 1
439 3337 1
1021 1339 1
837 2342 1
837 1561 1
274 2527 1
44 439 1
44 3136 1
44 3337 1
44 1915 1
44 1022 1
1235 3817 1
3800 3817 1
559 1235 1
2334 3666 1
118 2334 1
2767 2815 1
2560 2767 1
896 2767 1
2295 2767 1
212 622 1
1303 2767 1
637 2767 1
1303 2560 1
896 1303 1
1303 2295 1
1303 2815 1
2322 2966 1
110 2791 1
1684 3240 1
1445 3436 1
314 3067 1
494 2222 1
2101 2324 1
1923 2101 1
2101 3599 1
1835 3134 1
209 821 1
209 2688 1
137 1533 1
137 3076 1
1586 1722 1
1586 3416 1
3023 3518 1
2682 3799 1
1403 3799 1
1324 1325 1
1129 2995 1
1129 3678 1
624 1445 1
624 3436 1
34 761 1
87 1022 1
87 3136 1
87 3337 1
87 439 1
44 87 1
87 1915 1
1956 2576 1
2576 2967 1
2689 3124 1
304 3124 1
3124 3147 1
509 2689 1
1497 2322 1
1497 2966 1
182 1561 1
182 837 1
182 2342 1
137 2758 1
2758 3076 1
1533 2758 1
892 1632 1
2358 2890 1
3099 3240 1
336 3240 1
2198 3240 1
1684 3099 1
1497 3678 1
2322 3678 1
2966 3678 1
1129 1497 1
1497 2995 1
892 1533 1
1533 1632 1
137 892 1
892 3076 1
892 2758 1
1132 3203 1
439 1533 1
1533 3136 1
1533 3337 1
44 1533 1
87 1533 1
1533 1915 1
1022 1533 1
439 1632 1
439 3076 1
439 2758 1
137 439 1
439 892 1
2395 3714 1
2443 3650 1
1821 3219 1
730 1342 1
788 1342 1
673 730 1
1037 1783 -1
1783 2106 -1
598 1037 -1
212 2635 -1
622 2635 -1
212 313 -1
212 218 -1
2927 3341 -1
2513 3341 -1
2186 3341 -1
419 3698 -1
419 2835 -1
266 2959 -1
1783 1901 -1
598 1901 -1
86 2101 -1
2101 3353 -1
2101 3020 -1
1271 2101 -1
86 1923 -1
86 2324 -1
86 3599 -1
1373 3708 -1
1373 2009 -1
1373 3276 -1
1373 2975 -1
1573 2869 -1
944 2869 -1
2803 2869 -1
1024 1580 -1
2 1414 -1
976 2386 -1
976 3768 -1
976 2659 -1
129 851 -1
1211 1219 -1
1219 1308 -1
2873 3139 -1
421 2873 -1
631 2873 -1
2272 3042 -1
1731 3042 -1
846 3042 -1
414 3042 -1
2743 3042 -1
732 3208 -1
1553 3372 -1
1553 1927 -1
3103 3518 -1
3023 3103 -1
821 2235 -1
2235 2688 -1
209 2235 -1
821 1448 -1
431 821 -1
176 423 -1
2084 3260 -1
1076 3302 -1
24 2925 -1
2282 3711 -1
1575 3711 -1
1223 1657 -1
1227 1657 -1
1902 2659 -1
2659 3504 -1
488 2659 -1
1902 3768 -1
1902 2386 -1
329 2007 -1
2007 2899 -1
109 2007 -1
1278 3358 -1
81 3358 -1
2446 3167 -1
3167 3472 -1
2541 3167 -1
777 3454 -1
1915 3077 -1
3077 3136 -1
3077 3337 -1
439 3077 -1
44 3077 -1
87 3077 -1
1533 3077 -1
1022 3077 -1
329 3112 -1
2899 3112 -1
109 3112 -1
2133 3035 -1
646 1918 -1
3187 3209 -1
1577 3352 -1
1577 2979 -1
1577 1837 -1
1577 2065 -1
1203 1577 -1
253 1577 -1
1151 1577 -1
915 3028 -1
1066 1511 -1
1511 1929 -1
1066 3228 -1
1391 1847 -1
1847 2356 -1
117 1391 -1
1391 3190 -1
951 2066 -1
951 1098 -1
951 3747 -1
951 3055 -1
2966 3550 -1
1497 3550 -1
2322 3550 -1
3550 3678 -1
1137 2043 -1
1137 1233 -1
196 1137 -1
1033 3110 -1
1033 3408 -1
684 1033 -1
2280 2812 -1
1924 2280 -1
2280 2460 -1
283 712 -1
712 1728 -1
712 3113 -1
712 2371 -1
712 1940 -1
774 1762 -1
609 1810 -1
1810 3026 -1
609 2948 -1
609 1703 -1
2178 2375 -1
2178 2854 -1
275 3628 -1
2626 3628 -1
872 1688 -1
1688 2825 -1
1633 3622 -1
1465 1633 -1
1633 2935 -1
1583 2071 -1
1583 2394 -1
301 1583 -1
344 2552 -1
2552 3027 -1
1185 2592 -1
2592 3304 -1
1003 2592 -1
1185 2566 -1
556 2236 -1
2236 2718 -1
196 2128 -1
1233 2128 -1
418 2128 -1
2043 2128 -1
1512 2188 -1
1593 2188 -1
2188 3367 -1
876 2188 -1
2188 3580 -1
2188 3393 -1
1512 2537 -1
1512 3717 -1
1352 3694 -1
264 3694 -1
3041 3694 -1
852 1203 -1
852 2979 -1
267 852 -1
852 1837 -1
852 2065 -1
852 3352 -1
253 852 -1
852 1151 -1
586 2307 -1
1806 2307 -1
586 1813 -1
401 1710 -1
401 2433 -1
401 613 -1
398 1926 -1
52 894 -1
894 2600 -1
894 2768 -1
2532 2749 -1
670 776 -1
776 3369 -1
776 1726 -1
776 817 -1
776 2838 -1
776 2447 -1
1716 2180 -1
765 2180 -1
63 2180 -1
403 3223 -1
3223 3298 -1
271 2940 -1
3508 3560 -1
1682 1780 -1
1384 3737 -1
1384 1385 -1
1384 3730 -1
1037 3053 -1
2106 3053 -1
76 1037 -1
1037 1421 -1
1037 2454 -1
1037 2583 -1
1037 3001 -1
1037 1055 -1
271 1516 -1
632 777 -1
40 1776 -1
167 1458 -1
2973 3521 -1
255 3521 -1
1281 1545 -1
381 960 -1
1244 2323 -1
1244 3520 -1
90 1244 -1
1244 2203 -1
351 1244 -1
1789 3451 -1
3451 3693 -1
177 2118 -1
2496 2730 -1
692 1206 -1
1206 3621 -1
840 1206 -1
1206 1898 -1
1206 1389 -1
1206 3699 -1
1206 2388 -1
1206 3386 -1
602 791 -1
602 629 -1
578 1259 -1
416 578 -1
578 895 -1
2895 3616 -1
621 919 -1
919 1200 -1
433 919 -1
888 3429 -1
141 2041 -1
141 1976 -1
141 339 -1
679 2254 -1
2254 3483 -1
2254 3579 -1
861 2254 -1
2254 2831 -1
679 1424 -1
345 679 -1
679 3151 -1
575 3478 -1
575 640 -1
575 1053 -1
2050 3570 -1
2788 3570 -1
1027 2943 -1
204 1027 -1
683 1340 -1
683 3387 -1
2558 2680 -1
2680 2872 -1
2680 3448 -1
2135 2680 -1
759 2680 -1
312 2680 -1
1011 1492 -1
1011 2536 -1
1023 1422 -1
1305 1422 -1
2014 3114 -1
2230 3114 -1
2014 3049 -1
592 2419 -1
592 3705 -1
592 3149 -1
1763 3452 -1
630 2600 -1
740 2600 -1
630 2768 -1
52 630 -1
299 3565 -1
952 1781 -1
1442 1781 -1
1781 1903 -1
1884 3430 -1
132 1884 -1
806 1884 -1
977 3605 -1
1656 2848 -1
1656 3256 -1
2360 3330 -1
82 3330 -1
3330 3420 -1
2661 3330 -1
3066 3359 -1
639 1601 -1
234 639 -1
2337 2421 -1
2337 3200 -1
819 2337 -1
1628 2337 -1
2337 3549 -1
1288 2970 -1
1291 2970 -1
3162 3807 -1
751 3305 -1
2309 2788 -1
2277 2788 -1
1487 2788 -1
2050 2309 -1
2190 3364 -1
589 2611 -1
311 3305 -1
2474 3305 -1
1043 3305 -1
2446 2991 -1
2991 3472 -1
2541 2991 -1
120 2706 -1
2706 2752 -1
2706 3717 -1
17 2706 -1
808 2706 -1
2537 2706 -1
2706 3535 -1
2706 3281 -1
626 2706 -1
2706 3166 -1
635 2706 -1
2366 2706 -1
197 2359 -1
906 2359 -1
420 1385 -1
420 3737 -1
420 3730 -1
1343 2699 -1
1517 2699 -1
1047 2887 -1
2887 2984 -1
1047 3529 -1
2946 2965 -1
2965 3784 -1
2024 2965 -1
1401 3321 -1
1110 2911 -1
956 1042 -1
3251 3726 -1
56 3251 -1
3171 3251 -1
1715 2631 -1
2201 2631 -1
1715 1795 -1
1715 3655 -1
173 1715 -1
1715 3766 -1
1559 1715 -1
666 1715 -1
112 3659 -1
112 219 -1
112 396 -1
2802 3456 -1
1985 2802 -1
965 2802 -1
2802 3558 -1
1045 2802 -1
1274 2802 -1
1565 2802 -1
3010 3459 -1
2058 3459 -1
2924 3459 -1
405 3459 -1
1681 3010 -1
2962 3010 -1
1346 1763 -1
176 1859 -1
303 3146 -1
303 337 -1
303 350 -1
303 1711 -1
162 3586 -1
872 1308 -1
1308 2825 -1
872 1211 -1
33 55 -1
33 3762 -1
1271 2219 -1
2219 3353 -1
2219 3020 -1
86 2219 -1
124 2063 -1
43 124 -1
395 948 -1
752 948 -1
854 948 -1
948 1503 -1
529 2765 -1
1209 2765 -1
2765 3597 -1
529 3705 -1
529 3522 -1
529 1275 -1
529 3149 -1
529 1967 -1
498 2255 -1
2255 2521 -1
714 2255 -1
23 2255 -1
1322 3648 -1
2961 3648 -1
1431 3648 -1
108 3648 -1
2607 3648 -1
268 302 -1
1808 3593 -1
1808 2049 -1
1314 1808 -1
547 1808 -1
1808 2471 -1
1743 1808 -1
1808 2467 -1
316 1808 -1
837 2041 -1
1561 2041 -1
182 2041 -1
2041 2342 -1
837 1976 -1
339 837 -1
1796 2335 -1
865 1796 -1
237 1796 -1
1796 2599 -1
1964 3239 -1
3239 3526 -1
558 1964 -1
2039 2388 -1
1221 2388 -1
2039 2722 -1
2039 3621 -1
840 2039 -1
2039 3401 -1
1898 2039 -1
1389 2039 -1
2039 3699 -1
692 2039 -1
918 2039 -1
2039 3386 -1
1397 1747 -1
145 1747 -1
521 3659 -1
219 521 -1
396 521 -1
1184 2580 -1
1984 2991 -1
2520 3012 -1
224 1148 -1
1148 1730 -1
1148 3639 -1
224 2665 -1
224 3662 -1
224 261 -1
224 1038 -1
224 2181 -1
34 2617 -1
761 2617 -1
34 1313 -1
34 3235 -1
34 198 -1
34 1930 -1
34 688 -1
34 950 -1
3056 3176 -1
493 3056 -1
1270 2208 -1
1407 2208 -1
2071 3019 -1
2394 3019 -1
301 3019 -1
2071 2288 -1
1218 2071 -1
625 3703 -1
2817 3703 -1
859 3703 -1
3499 3703 -1
468 3703 -1
1938 3703 -1
2832 2900 -1
554 1704 -1
554 3226 -1
1216 1575 -1
1216 2282 -1
1170 3485 -1
168 3485 -1
2297 3485 -1
83 3485 -1
754 1750 -1
1493 1750 -1
558 1098 -1
1098 3239 -1
558 1104 -1
558 2066 -1
558 3747 -1
558 3055 -1
1705 3181 -1
3286 3442 -1
150 2068 -1
928 2068 -1
150 2366 -1
150 3535 -1
955 2677 -1
2256 2677 -1
2677 2779 -1
2677 3543 -1
791 2789 -1
629 2789 -1
791 1217 -1
791 2061 -1
162 1206 -1
2396 2659 -1
2396 3768 -1
2386 2396 -1
620 1144 -1
1144 2331 -1
1144 2735 -1
620 1883 -1
1693 2232 -1
3090 3397 -1
3090 3189 -1
320 358 -1
393 1926 -1
1136 3644 -1
3265 3644 -1
367 2648 -1
1986 3061 -1
882 3061 -1
140 3061 -1
445 3061 -1
3061 3391 -1
1986 2176 -1
1025 1986 -1
1986 2630 -1
1986 3441 -1
284 1964 -1
1964 2808 -1
284 3526 -1
1035 1625 -1
1035 1608 -1
2018 3081 -1
2057 2200 -1
1949 2057 -1
2057 3399 -1
666 2318 -1
1795 2318 -1
2318 3655 -1
2318 2631 -1
173 2318 -1
2318 3766 -1
1559 2318 -1
2455 3572 -1
1610 3221 -1
484 1610 -1
1610 2766 -1
3345 3569 -1
856 3569 -1
1331 1400 -1
1400 3446 -1
426 1400 -1
371 1400 -1
1400 3413 -1
566 1400 -1
1400 2172 -1
505 2483 -1
1153 2483 -1
2483 3363 -1
2483 2988 -1
1597 2483 -1
505 2367 -1
1127 3243 -1
1745 3243 -1
1127 1347 -1
1127 1607 -1
661 1720 -1
1720 2278 -1
1912 1990 -1
869 1912 -1
2163 2772 -1
338 2772 -1
520 1673 -1
520 528 -1
520 1891 -1
520 1125 -1
2537 2844 -1
2752 2844 -1
2844 3717 -1
2188 2844 -1
2844 3535 -1
2844 3281 -1
626 2844 -1
2366 2844 -1
120 2844 -1
2844 3166 -1
3068 3295 -1
2478 2676 -1
358 2259 -1
651 2853 -1
1157 1916 -1
1714 1825 -1
1939 3502 -1
1499 3502 -1
3083 3762 -1
55 3083 -1
1978 3713 -1
1482 1978 -1
1978 2166 -1
110 2211 -1
2211 2791 -1
110 3763 -1
110 998 -1
110 1375 -1
62 3315 -1
1205 3315 -1
62 2913 -1
29 62 -1
1902 3280 -1
3280 3504 -1
488 3280 -1
1159 3661 -1
1159 3293 -1
521 2234 -1
677 3580 -1
353 3580 -1
677 1512 -1
677 3393 -1
677 3367 -1
677 876 -1
677 1593 -1
360 1859 -1
1782 1893 -1
1782 3385 -1
1782 3741 -1
1494 1782 -1
2536 3127 -1
1492 3127 -1
1566 3282 -1
891 3282 -1
760 1039 -1
711 2924 -1
711 3010 -1
711 2058 -1
405 711 -1
471 3198 -1
3161 3198 -1
7 2408 -1
273 3130 -1
1114 3130 -1
273 3649 -1
273 3701 -1
273 479 -1
87 1535 -1
1535 3136 -1
1535 3337 -1
44 1535 -1
439 1535 -1
1535 1915 -1
1533 1535 -1
1022 1535 -1
934 3020 -1
934 3353 -1
86 934 -1
934 1271 -1
1028 1051 -1
1028 2345 -1
122 3668 -1
255 1869 -1
1869 2973 -1
3479 3698 -1
3253 3698 -1
2835 3479 -1
468 2503 -1
2503 2817 -1
1938 2503 -1
859 2503 -1
2503 3499 -1
625 2503 -1
468 1273 -1
541 2093 -1
2093 2694 -1
1415 2180 -1
612 2209 -1
1884 1991 -1
1791 1884 -1
250 2623 -1
2623 3036 -1
2323 3096 -1
3096 3520 -1
90 3096 -1
2203 3096 -1
351 3096 -1
491 3797 -1
3159 3797 -1
491 3674 -1
491 1958 -1
614 1810 -1
614 2948 -1
614 1703 -1
403 2828 -1
2828 3298 -1
403 689 -1
403 3587 -1
403 3236 -1
53 663 -1
53 1099 -1
53 3774 -1
1133 3663 -1
2098 3663 -1
1133 1737 -1
1133 3250 -1
233 1133 -1
2831 3066 -1
861 3066 -1
679 3066 -1
403 2983 -1
2983 3298 -1
801 2955 -1
593 1615 -1
593 1971 -1
593 3796 -1
593 3758 -1
1861 3662 -1
1861 2665 -1
1148 1861 -1
261 1861 -1
1038 1861 -1
1861 2181 -1
1334 2080 -1
448 2661 -1
448 2360 -1
82 448 -1
448 3420 -1
1292 3097 -1
248 1292 -1
1707 1838 -1
1838 2721 -1
1707 2769 -1
1707 2781 -1
1707 2646 -1
3384 3534 -1
2314 2797 -1
2575 2688 -1
209 2575 -1
821 2575 -1
1089 2905 -1
2905 3778 -1
1985 2822 -1
2822 3456 -1
965 2822 -1
1045 2822 -1
1565 2822 -1
1241 1985 -1
2717 3344 -1
403 2607 -1
2607 3298 -1
403 2961 -1
403 1322 -1
108 403 -1
403 1431 -1
2828 3538 -1
689 3538 -1
3538 3587 -1
3236 3538 -1
723 2828 -1
2113 2989 -1
2536 2668 -1
1492 2668 -1
217 1818 -1
217 3356 -1
217 1797 -1
2276 2435 -1
6 3541 -1
2698 3541 -1
705 2787 -1
5 2787 -1
869 3788 -1
1990 3788 -1
869 3793 -1
869 2451 -1
869 1165 -1
869 879 -1
817 2333 -1
2333 3369 -1
1726 2333 -1
2333 2838 -1
670 2333 -1
2333 2447 -1
229 2363 -1
229 561 -1
1310 3264 -1
3264 3697 -1
1310 1427 -1
2414 3632 -1
1748 3632 -1
2654 3632 -1
935 2719 -1
964 3086 -1
2246 3086 -1
2523 3550 -1
2681 3550 -1
1689 3271 -1
1907 1930 -1
1930 3669 -1
1313 1907 -1
1907 3235 -1
198 1907 -1
688 1907 -1
950 1907 -1
1907 2617 -1
1993 2082 -1
2943 3468 -1
204 3468 -1
823 3187 -1
2628 3059 -1
1558 3059 -1
472 1478 -1
826 1478 -1
1478 3428 -1
472 2124 -1
472 1957 -1
472 1254 -1
1114 1998 -1
273 1998 -1
1114 3032 -1
1114 2484 -1
439 3688 -1
3136 3688 -1
1632 3688 -1
3076 3688 -1
2758 3688 -1
3337 3688 -1
44 3688 -1
87 3688 -1
137 3688 -1
1915 3688 -1
892 3688 -1
1533 3688 -1
1022 3688 -1
2178 2985 -1
2178 2916 -1
2178 2609 -1
2178 2762 -1
2178 3303 -1
2104 2178 -1
1685 2178 -1
1080 2178 -1
507 3270 -1
1741 1835 -1
1443 1835 -1
1741 3134 -1
3378 3818 -1
1017 2171 -1
1775 2508 -1
1650 3040 -1
1064 1650 -1
1650 3419 -1
1650 2902 -1
898 1551 -1
1129 1709 -1
1497 1709 -1
1709 2995 -1
1709 3678 -1
2411 3159 -1
491 2411 -1
3226 3566 -1
1704 3566 -1
2624 3091 -1
1451 2624 -1
622 2975 -1
212 2975 -1
622 2009 -1
622 3276 -1
622 3708 -1
226 2231 -1
258 776 -1
569 750 -1
750 3501 -1
569 658 -1
569 710 -1
463 3026 -1
463 609 -1
2373 2438 -1
2438 3670 -1
2438 3697 -1
1310 2438 -1
2307 2330 -1
1813 2330 -1
708 2307 -1
1546 2114 -1
266 974 -1
266 897 -1
266 2830 -1
2948 3261 -1
1810 3261 -1
1703 3261 -1
2465 2948 -1
2311 2948 -1
240 3359 -1
1769 1801 -1
1801 2834 -1
1534 1801 -1
2720 3111 -1
1734 2720 -1
171 837 -1
42 837 -1
837 1204 -1
171 1561 -1
171 182 -1
171 2342 -1
1352 2136 -1
264 2136 -1
2136 3041 -1
22 359 -1
359 2755 -1
22 3289 -1
22 1501 -1
1116 2698 -1
6 1116 -1
65 2204 -1
1490 2350 -1
1490 1849 -1
160 1082 -1
2119 3294 -1
491 683 -1
683 3159 -1
1535 2700 -1
128 3552 -1
128 3652 -1
128 1070 -1
128 3214 -1
1593 1812 -1
1512 1812 -1
1812 3393 -1
876 1812 -1
1812 3580 -1
1812 3367 -1
1593 2185 -1
340 1593 -1
2718 3026 -1
556 3026 -1
609 2718 -1
2216 2362 -1
2001 3097 -1
248 2001 -1
216 1314 -1
216 2049 -1
216 547 -1
216 2471 -1
216 3593 -1
216 1743 -1
216 2467 -1
216 316 -1
1504 2009 -1
1504 3708 -1
1504 3276 -1
1504 2975 -1
3418 3646 -1
43 1305 -1
1305 2063 -1
43 1023 -1
2477 3245 -1
1570 1857 -1
262 1403 -1
259 1403 -1
1190 1403 -1
1251 1403 -1
1403 3063 -1
1403 3480 -1
1403 3098 -1
262 2682 -1
262 3799 -1
1731 2757 -1
2272 2757 -1
846 2757 -1
414 2757 -1
2743 2757 -1
1731 2697 -1
1731 3197 -1
1731 2453 -1
2579 3784 -1
2024 2579 -1
2579 2946 -1
165 2725 -1
2649 2725 -1
2047 2501 -1
2023 2501 -1
2605 3417 -1
1678 3757 -1
1145 3757 -1
1072 1678 -1
1678 2505 -1
1678 2829 -1
1253 1678 -1
551 1678 -1
338 2639 -1
2163 2639 -1
338 2078 -1
2071 3241 -1
2394 3241 -1
301 3241 -1
2239 2450 -1
96 1187 -1
96 2555 -1
96 2205 -1
1748 2084 -1
2084 2654 -1
2084 2414 -1
128 1708 -1
126 617 -1
2754 3249 -1
1245 1889 -1
1245 3284 -1
74 2560 -1
1090 2560 -1
2338 2560 -1
1277 2560 -1
74 896 -1
74 1303 -1
74 2295 -1
74 2767 -1
74 2815 -1
3505 3595 -1
1331 1646 -1
1646 3446 -1
426 1646 -1
371 1646 -1
1646 3413 -1
566 1646 -1
1646 2172 -1
881 1134 -1
1134 3011 -1
1134 2492 -1
881 3383 -1
1948 3798 -1
2483 2773 -1
2367 2773 -1
904 2309 -1
904 2277 -1
904 1487 -1
429 1454 -1
1355 1454 -1
1454 3571 -1
1454 1980 -1
429 500 -1
1390 3116 -1
1304 1390 -1
1390 2470 -1
615 2995 -1
615 1129 -1
615 3678 -1
615 1497 -1
2762 2903 -1
2903 2916 -1
2903 3303 -1
2903 2985 -1
2104 2903 -1
2609 2903 -1
1080 2903 -1
1685 2903 -1
1205 3050 -1
62 3050 -1
1205 1523 -1
804 1584 -1
2741 3488 -1
1760 3488 -1
2786 3488 -1
811 3488 -1
2397 3488 -1
2738 3488 -1
2037 2741 -1
490 2741 -1
2291 2741 -1
1093 2741 -1
103 2741 -1
791 971 -1
629 971 -1
551 1346 -1
1072 1346 -1
1346 2505 -1
1253 1346 -1
1346 3757 -1
1346 2829 -1
1175 2948 -1
1175 1810 -1
1175 1703 -1
788 2958 -1
730 2958 -1
1342 2958 -1
638 2398 -1
460 2774 -1
479 1087 -1
1087 3649 -1
1087 3130 -1
1087 3701 -1
45 1825 -1
1345 1825 -1
1519 1825 -1
1825 2015 -1
2811 3449 -1
3544 3798 -1
3232 3798 -1
1092 3798 -1
3471 3798 -1
150 1558 -1
928 1558 -1
150 2628 -1
874 1357 -1
705 3576 -1
5 3576 -1
705 1591 -1
1507 2458 -1
199 1200 -1
1200 3368 -1
199 433 -1
199 621 -1
1162 3723 -1
1733 2299 -1
1733 2929 -1
1469 1733 -1
910 1733 -1
989 1733 -1
500 672 -1
672 1454 -1
2624 3060 -1
1040 3798 -1
890 2835 -1
890 3698 -1
1854 1901 -1
1901 3619 -1
1324 3311 -1
1325 3311 -1
517 1324 -1
315 2881 -1
3267 3617 -1
208 3617 -1
2666 3617 -1
3617 3671 -1
278 3617 -1
1463 3617 -1
1798 3107 -1
1752 3107 -1
1798 2340 -1
1798 2974 -1
1305 1768 -1
1023 1768 -1
871 1729 -1
3379 3661 -1
3293 3379 -1
1547 3612 -1
985 2217 -1
985 1183 -1
539 3382 -1
243 3382 -1
2302 3382 -1
1870 3343 -1
103 1535 -1
1535 3488 -1
490 1535 -1
1535 2291 -1
1147 3035 -1
2199 3708 -1
2009 2199 -1
2199 3276 -1
2199 2975 -1
627 2159 -1
41 2159 -1
2442 3077 -1
434 3678 -1
434 1129 -1
434 2322 -1
434 2995 -1
434 2966 -1
434 1497 -1
2418 3634 -1
1336 2418 -1
2177 2418 -1
2343 3303 -1
2343 2916 -1
2343 2609 -1
2343 2985 -1
2343 2762 -1
1080 2343 -1
1685 2343 -1
2104 2343 -1
2387 3060 -1
2357 3040 -1
3038 3040 -1
1064 2357 -1
2357 3419 -1
2357 2902 -1
721 1174 -1
1487 2009 -1
2009 2309 -1
2009 2277 -1
1487 3708 -1
1487 3276 -1
1487 2975 -1
550 3730 -1
550 1385 -1
550 3737 -1
2370 3674 -1
4 3674 -1
2370 3797 -1
1958 2370 -1
440 1515 -1
1515 2389 -1
440 1589 -1
2517 3196 -1
3196 3369 -1
211 3196 -1
1726 3196 -1
288 1587 -1
2278 3371 -1
661 3371 -1
312 1096 -1
1096 3448 -1
1096 2872 -1
1096 2135 -1
1096 2558 -1
759 1096 -1
312 3464 -1
46 2269 -1
39 2269 -1
811 3589 -1
1760 3589 -1
2741 3589 -1
2786 3589 -1
2738 3589 -1
2397 3589 -1
1436 3192 -1
1100 3192 -1
369 441 -1
70 369 -1
26 3135 -1
931 3135 -1
2652 3135 -1
238 1384 -1
412 1727 -1
552 1727 -1
1727 2864 -1
3174 3202 -1
1634 3202 -1
871 1473 -1
806 1301 -1
132 1301 -1
1301 1548 -1
1301 3430 -1
691 806 -1
806 2551 -1
649 2880 -1
2788 3243 -1
2050 3243 -1
1347 2788 -1
1607 2788 -1
909 2987 -1
2857 3170 -1
172 759 -1
172 2872 -1
172 3448 -1
172 2135 -1
172 2558 -1
172 312 -1
465 1213 -1
465 2073 -1
465 835 -1
2402 3176 -1
493 2402 -1
2238 2392 -1
2392 2507 -1
2238 3423 -1
1341 2314 -1
1648 3402 -1
2651 3402 -1
3402 3739 -1
772 1343 -1
772 1517 -1
586 2901 -1
1806 2901 -1
1484 3476 -1
1295 3092 -1
860 3184 -1
1335 2565 -1
524 2282 -1
524 1575 -1
2097 2833 -1
1350 3070 -1
1050 3070 -1
3070 3461 -1
1007 1606 -1
281 2315 -1
993 2534 -1
41 3693 -1
627 3693 -1
41 1789 -1
1316 2056 -1
1459 2056 -1
939 2066 -1
939 1098 -1
939 3747 -1
939 3055 -1
1966 3461 -1
97 1966 -1
1050 1966 -1
1350 1966 -1
2145 2780 -1
406 2640 -1
817 2632 -1
2632 3369 -1
1726 2632 -1
2632 2838 -1
670 2632 -1
2447 2632 -1
1440 2959 -1
2519 2959 -1
2700 3383 -1
1134 2700 -1
331 2031 -1
331 1554 -1
331 2194 -1
331 373 -1
1113 2551 -1
691 1113 -1
1113 1301 -1
1971 2709 -1
2709 3348 -1
2709 3796 -1
2709 3758 -1
1615 2709 -1
3234 3505 -1
503 3505 -1
1701 2393 -1
1416 1701 -1
1613 1701 -1
567 3780 -1
2948 3097 -1
1810 3097 -1
1703 3097 -1
248 2948 -1
173 1204 -1
1204 1795 -1
1204 2631 -1
1204 3655 -1
1204 3766 -1
1204 1559 -1
666 1204 -1
42 173 -1
171 173 -1
153 3526 -1
153 1964 -1
1735 2956 -1
1279 2956 -1
1757 3714 -1
1757 2395 -1
738 1943 -1
2153 2791 -1
110 2153 -1
287 3795 -1
348 3795 -1
1516 2090 -1
2458 2911 -1
40 2427 -1
322 1276 -1
1532 1966 -1
2277 3246 -1
2309 3246 -1
1487 3246 -1
838 1113 -1
1897 2313 -1
1468 1897 -1
1147 1816 -1
910 3026 -1
2929 3026 -1
2299 3026 -1
3026 3567 -1
1469 3026 -1
989 3026 -1
609 910 -1
1718 3392 -1
3057 3392 -1
1718 3707 -1
427 2730 -1
1452 2730 -1
781 818 -1
2296 2623 -1
2623 2760 -1
1673 2018 -1
528 2018 -1
1891 2018 -1
1125 2018 -1
1757 2752 -1
1757 3717 -1
1757 3281 -1
808 1757 -1
1757 2537 -1
1757 3535 -1
17 1757 -1
626 1757 -1
1757 2366 -1
120 1757 -1
635 1757 -1
1757 3166 -1
122 1915 -1
122 3136 -1
122 3337 -1
122 439 -1
44 122 -1
87 122 -1
122 1533 -1
122 1022 -1
565 3005 -1
565 1121 -1
533 565 -1
1467 2663 -1
955 3435 -1
2256 3435 -1
2779 3435 -1
3435 3543 -1
1436 3740 -1
1100 3740 -1
264 631 -1
631 1352 -1
631 3041 -1
264 3139 -1
264 421 -1
924 1356 -1
3264 3689 -1
1427 3689 -1
917 3264 -1
2950 3264 -1
2917 3264 -1
1320 2265 -1
1215 1685 -1
1685 1853 -1
1215 2916 -1
1215 3303 -1
1215 2985 -1
1215 2762 -1
1215 2609 -1
1080 1215 -1
1215 2104 -1
648 3638 -1
1844 2198 -1
336 1844 -1
1844 3240 -1
1844 3099 -1
773 1091 -1
3244 3755 -1
2110 3024 -1
74 3469 -1
1090 3469 -1
2338 3469 -1
1277 3469 -1
1892 1967 -1
1892 3705 -1
1892 3522 -1
1275 1892 -1
1892 3149 -1
1892 2765 -1
611 2624 -1
98 174 -1
1642 1807 -1
1807 3016 -1
64 1807 -1
183 1807 -1
1790 1807 -1
1807 3591 -1
1976 2021 -1
2021 2041 -1
339 2021 -1
2979 3757 -1
1837 3757 -1
2065 3757 -1
1203 3757 -1
3352 3757 -1
253 3757 -1
1151 3757 -1
1072 2979 -1
2505 2979 -1
2829 2979 -1
1253 2979 -1
551 2979 -1
79 2486 -1
79 634 -1
1875 2235 -1
1448 1875 -1
431 1875 -1
86 2371 -1
2371 3353 -1
2371 3020 -1
1271 2371 -1
86 283 -1
86 1940 -1
1588 2145 -1
782 3598 -1
906 2774 -1
197 2774 -1
277 565 -1
66 3639 -1
1925 3639 -1
66 224 -1
66 1730 -1
599 1443 -1
599 1741 -1
248 573 -1
573 3097 -1
2082 3742 -1
660 683 -1
1937 2526 -1
309 1933 -1
561 2988 -1
2363 2988 -1
505 561 -1
561 3363 -1
561 1597 -1
202 1112 -1
2310 2977 -1
2027 2136 -1
538 3087 -1
538 2866 -1
538 3779 -1
1376 2659 -1
186 2659 -1
2602 2659 -1
1376 3768 -1
1376 2386 -1
299 2774 -1
711 3509 -1
711 3651 -1
445 2849 -1
1986 2849 -1
2849 3043 -1
140 2849 -1
882 2849 -1
886 2849 -1
2849 3391 -1
1303 1729 -1
1729 2560 -1
896 1729 -1
1729 2767 -1
1729 2295 -1
637 1729 -1
1729 2815 -1
768 3313 -1
3186 3313 -1
617 2035 -1
1103 3313 -1
938 2597 -1
488 1103 -1
1103 3504 -1
1103 1902 -1
271 1358 -1
643 2369 -1
464 3350 -1
514 3436 -1
481 3436 -1
115 3436 -1
2116 3436 -1
1744 3436 -1
1299 3436 -1
3259 3436 -1
514 624 -1
514 1445 -1
976 2419 -1
976 3705 -1
976 3149 -1
55 2225 -1
2225 3762 -1
2121 2675 -1
584 2121 -1
2121 2915 -1
988 2121 -1
1639 2121 -1
1164 2461 -1
559 2468 -1
2468 3817 -1
1235 2468 -1
559 2456 -1
559 2489 -1
559 3719 -1
2894 3647 -1
872 3506 -1
2825 3506 -1
231 1854 -1
572 1854 -1
231 3619 -1
2050 2869 -1
2788 2869 -1
1510 3272 -1
1988 3272 -1
1076 2193 -1
1518 3292 -1
414 1518 -1
846 1518 -1
2279 3139 -1
421 2279 -1
631 2279 -1
575 3522 -1
575 3705 -1
575 2765 -1
575 1275 -1
575 3149 -1
575 1967 -1
1238 2437 -1
155 661 -1
661 3290 -1
155 2278 -1
781 3684 -1
144 2983 -1
739 2685 -1
292 1081 -1
44 1974 -1
1974 3136 -1
1974 3337 -1
439 1974 -1
87 1974 -1
1915 1974 -1
1533 1974 -1
1022 1974 -1
2210 3683 -1
2189 3683 -1
3493 3683 -1
779 2670 -1
50 2670 -1
6 1872 -1
1872 2698 -1
817 2276 -1
2276 3369 -1
1726 2276 -1
2276 2838 -1
670 2276 -1
2276 2447 -1
2082 2488 -1
2082 3577 -1
137 2763 -1
892 2763 -1
2763 3076 -1
1533 2763 -1
2758 2763 -1
439 2763 -1
301 2313 -1
2313 2394 -1
2071 2313 -1
301 1468 -1
2509 2786 -1
1760 2509 -1
2509 2738 -1
811 2509 -1
2397 2509 -1
2509 2741 -1
1029 2922 -1
1029 2548 -1
1029 1756 -1
697 2961 -1
697 1322 -1
697 1431 -1
108 697 -1
697 2607 -1
772 2888 -1
129 3556 -1
1390 3033 -1
1390 2510 -1
42 1423 -1
171 1423 -1
1204 1423 -1
42 654 -1
1020 1871 -1
1588 1684 -1
1588 3240 -1
1588 3099 -1
923 2368 -1
2368 2919 -1
120 3506 -1
2752 3506 -1
3506 3717 -1
17 3506 -1
808 3506 -1
2537 3506 -1
3506 3535 -1
3281 3506 -1
626 3506 -1
3166 3506 -1
635 3506 -1
2366 3506 -1
3410 3536 -1
1214 3410 -1
2356 3055 -1
1391 3055 -1
2066 2356 -1
2356 3747 -1
1098 2356 -1
345 2157 -1
1424 2157 -1
2157 2254 -1
2157 3151 -1
3507 3715 -1
416 2535 -1
1259 2535 -1
895 2535 -1
330 416 -1
474 3485 -1
79 991 -1
79 2036 -1
828 3749 -1
1728 3749 -1
3113 3749 -1
116 2318 -1
1347 2887 -1
2887 3243 -1
1607 2887 -1
1347 3529 -1
94 813 -1
2641 3751 -1
197 663 -1
663 906 -1
197 1099 -1
197 3774 -1
625 2717 -1
2717 2817 -1
859 2717 -1
2717 3499 -1
468 2717 -1
1938 2717 -1
190 1606 -1
1135 3030 -1
52 2818 -1
2600 2818 -1
2768 2818 -1
1215 3778 -1
1853 3778 -1
1089 1215 -1
1328 1944 -1
1944 3582 -1
2394 3449 -1
301 3449 -1
2071 3449 -1
2767 3767 -1
2560 3767 -1
896 3767 -1
2295 3767 -1
1303 3767 -1
637 3767 -1
2815 3767 -1
2134 2767 -1
1284 3497 -1
174 2744 -1
1986 2069 -1
882 2069 -1
140 2069 -1
445 2069 -1
2069 3391 -1
1123 1986 -1
376 2328 -1
444 2328 -1
1861 2007 -1
637 1520 -1
1520 2767 -1
1303 1520 -1
637 2432 -1
637 3738 -1
595 637 -1
637 932 -1
637 1629 -1
144 1222 -1
144 3496 -1
144 2138 -1
450 2000 -1
783 1730 -1
1730 1793 -1
1730 2064 -1
552 1730 -1
1730 2864 -1
1267 1730 -1
1730 2270 -1
224 783 -1
783 3639 -1
617 2557 -1
678 1149 -1
544 678 -1
678 2241 -1
678 2139 -1
678 1767 -1
797 980 -1
296 2706 -1
298 691 -1
298 1301 -1
298 2551 -1
5 1711 -1
705 1711 -1
5 3146 -1
5 350 -1
817 3240 -1
3240 3369 -1
1726 3240 -1
2838 3240 -1
670 3240 -1
2447 3240 -1
336 817 -1
817 3099 -1
817 1684 -1
817 2198 -1
888 1055 -1
76 888 -1
888 1421 -1
888 3053 -1
880 888 -1
888 1108 -1
888 2454 -1
888 2583 -1
888 3001 -1
4 2983 -1
2370 2983 -1
1351 3203 -1
1392 3203 -1
1073 3203 -1
1132 1351 -1
724 2785 -1
1196 2785 -1
2917 3782 -1
3689 3782 -1
917 3782 -1
2950 3782 -1
803 3184 -1
57 220 -1
57 1032 -1
1766 2068 -1
1766 2366 -1
1766 3535 -1
1920 2444 -1
1337 2753 -1
159 1337 -1
2610 3090 -1
1164 2701 -1
1164 3163 -1
1164 2926 -1
814 3563 -1
944 3424 -1
2803 3424 -1
1573 3424 -1
1037 3480 -1
2106 3480 -1
1037 1251 -1
1037 1540 -1
262 1037 -1
1037 1190 -1
1037 3098 -1
1037 1243 -1
1037 1788 -1
1096 2664 -1
2664 3464 -1
1513 2803 -1
2384 2803 -1
1333 2803 -1
944 1513 -1
1513 1573 -1
1565 3150 -1
3150 3456 -1
1985 3150 -1
1045 3150 -1
965 3150 -1
232 1565 -1
1565 2633 -1
1565 3463 -1
735 1649 -1
654 886 -1
886 1423 -1
654 3043 -1
140 654 -1
445 654 -1
1911 2210 -1
1911 2189 -1
1911 3493 -1
644 1651 -1
644 2067 -1
644 3287 -1
1126 1779 -1
2027 3736 -1
2121 3639 -1
224 2121 -1
1730 2121 -1
1359 2702 -1
966 1791 -1
966 1991 -1
901 2167 -1
901 2794 -1
413 901 -1
901 2567 -1
142 326 -1
326 1156 -1
1510 1915 -1
1915 1988 -1
1510 3136 -1
1510 3337 -1
439 1510 -1
44 1510 -1
87 1510 -1
1510 1533 -1
1022 1510 -1
