2191 2706 1
1332 3580 1
2257 3360 1
3051 3467 1
2418 3367 1
282 3057 1
2533 2609 1
604 2891 1
352 1612 1
2104 3089 1
1182 2344 1
1205 3801 1
1597 2979 1
589 1205 1
589 3801 1
1759 2985 1
1029 3057 1
282 1029 1
1322 2055 1
937 1770 1
2190 2350 1
619 3058 1
1024 2502 1
2028 2580 1
782 1929 1
501 3580 1
501 1332 1
235 2331 1
2106 3744 1
2020 3547 1
443 3363 1
1 435 1
2642 2843 1
2097 3482 1
1045 2223 1
922 1488 1
1512 2500 1
1997 3213 1
2672 3393 1
1406 3210 1
269 1907 1
723 1922 1
407 1037 1
289 734 1
1406 1816 1
1816 3210 1
825 1076 1
1066 1182 1
1066 2344 1
1045 2331 1
2223 2331 1
235 1045 1
2340 2800 1
72 1488 1
72 922 1
834 1192 1
3085 3538 1
473 3254 1
3633 3702 1
609 3389 1
2642 3712 1
2843 3712 1
855 3155 1
1087 1944 1
1029 1151 1
1151 3057 1
282 1151 1
937 3322 1
1770 3322 1
1231 3210 1
1231 1816 1
1231 1406 1
31 3325 1
883 3759 1
1364 3333 1
1067 3085 1
1067 3538 1
743 1518 1
2850 3633 1
2850 3702 1
883 1205 1
1205 3759 1
883 3801 1
589 883 1
3107 3218 1
2418 3220 1
3220 3367 1
2196 3444 1
1552 2800 1
1552 2340 1
217 1951 1
1512 3677 1
2500 3677 1
1785 1997 1
1785 3213 1
3171 3809 1
3058 3677 1
619 3677 1
1512 3058 1
2500 3058 1
2609 3801 1
2533 3801 1
883 2609 1
1205 2609 1
589 2609 1
1776 3497 1
381 743 1
381 1518 1
473 2165 1
2165 3254 1
1382 3057 1
282 1382 1
1029 1382 1
1151 1382 1
267 3057 1
267 282 1
267 1029 1
267 1382 1
267 1151 1
1156 2724 1
126 3456 1
3595 3801 1
2533 3595 1
589 3595 1
2609 3595 1
883 3595 1
1205 3595 1
1127 1496 1
1181 1612 1
352 1181 1
1030 3438 1
1066 3482 1
2344 3482 1
1182 3482 1
1066 2097 1
1182 1182 1
740 2607 1
860 1593 1
855 2257 1
2257 3155 1
855 3360 1
108 3026 1
1192 2974 1
834 2974 1
1315 2055 1
1315 1322 1
723 3809 1
1922 3809 1
723 3171 1
2055 2580 1
1322 2580 1
1315 2580 1
2028 2055 1
2003 3631 1
1546 1997 1
1546 1785 1
1546 3213 1
2554 3669 1
2724 3034 1
1156 3034 1
141 3558 1
505 855 1
505 3360 1
505 2257 1
505 3155 1
31 3425 1
3325 3425 1
2627 3105 1
31 1406 1
1406 3425 1
1406 3325 1
31 3210 1
31 1231 1
31 1816 1
1985 2350 1
1985 2190 1
1151 3547 1
1029 3547 1
1382 3547 1
267 3547 1
3057 3547 1
282 3547 1
1151 2020 1
2104 2201 1
2201 3089 1
3202 3341 1
721 2344 1
721 1066 1
721 3482 1
721 1182 1
2554 3105 1
3105 3669 1
2554 2627 1
620 3807 1
2226 2735 1
2891 2985 1
604 2985 1
1759 2891 1
3759 3759 1
737 2539 1
3393 3580 1
2672 3580 1
1332 3393 1
501 3393 1
1484 3233 1
540 2502 1
540 1024 1
1266 3325 1
1266 3425 1
1266 1406 1
31 1266 1
883 1948 1
1948 3595 1
589 1948 1
1948 3759 1
1948 2609 1
1205 1948 1
1948 3801 1
3058 3467 1
1512 3467 1
619 3467 1
2500 3467 1
3467 3677 1
3051 3058 1
1932 2580 1
1322 1932 1
1315 1932 1
1932 2028 1
1932 2055 1
289 902 1
734 902 1
565 2287 1
1518 2598 1
381 2598 1
743 2598 1
2331 2843 1
235 2843 1
1045 2843 1
2223 2843 1
2331 3712 1
2331 2642 1
1485 3494 1
490 701 1
1562 2011 1
2118 3494 1
1485 2118 1
553 3160 1
1406 2502 1
2502 3425 1
2502 3210 1
1231 2502 1
1266 2502 1
1816 2502 1
2502 3325 1
31 2502 1
1024 1406 1
540 1406 1
126 1276 1
1276 3456 1
1864 3254 1
473 1864 1
1864 2165 1
734 3440 1
289 3440 1
902 3440 1
1864 3438 1
473 3438 1
2165 3438 1
3254 3438 1
1030 1864 1
31 2762 1
2762 3425 1
2502 2762 1
2762 3210 1
1231 2762 1
1266 2762 1
1816 2762 1
2762 3325 1
1406 2762 1
2932 3155 1
2257 2932 1
505 2932 1
855 2932 1
2011 3285 1
1562 3285 1
1546 2613 1
1785 2613 1
1997 2613 1
2613 3213 1
855 1715 1
1715 3360 1
1715 2257 1
1715 3155 1
1715 2932 1
505 1715 1
937 1363 1
1363 1770 1
1363 3322 1
594 2800 1
594 1552 1
594 2340 1
656 1045 1
656 2843 1
656 2331 1
235 656 1
656 2223 1
1080 2048 1
847 2257 1
847 3360 1
847 3155 1
847 2932 1
847 1715 1
847 855 1
505 847 1
185 3233 1
185 1484 1
2502 2940 1
1024 2940 1
2940 3425 1
2762 2940 1
2940 3210 1
1231 2940 1
1266 2940 1
1816 2940 1
540 2940 1
2940 3325 1
1406 2940 1
31 2940 1
2916 3456 1
1276 2916 1
126 2916 1
191 3803 1
505 1066 1
1066 3360 1
847 1066 1
1066 2257 1
1066 3155 1
1066 2932 1
1066 1715 1
855 1066 1
505 721 1
505 2344 1
505 2097 1
505 3482 1
505 1182 1
1024 3322 1
2940 3322 1
540 3322 1
1406 3322 1
2502 3322 1
937 1024 1
1024 1770 1
1024 1363 1
1356 2028 1
1356 1932 1
1356 2580 1
1356 2055 1
721 1809 1
1809 2344 1
1066 1809 1
505 1809 1
1809 3482 1
1182 1809 1
108 975 1
975 3026 1
56 1472 1
576 3524 1
473 3492 1
1864 3492 1
3438 3492 1
2165 3492 1
3254 3492 1
630 2988 1
1785 3322 1
1546 3322 1
2613 3322 1
1997 3322 1
3213 3322 1
1024 1785 1
1785 2502 1
937 1785 1
1770 1785 1
1363 1785 1
1406 1785 1
1785 2940 1
540 1785 1
1381 2973 1
78 516 1
2941 3351 1
2751 2976 1
2429 3578 1
78 3615 1
516 3615 1
1054 3699 1
573 2645 1
762 778 1
1661 2242 1
2307 3245 1
745 1137 1
107 3406 1
692 2137 1
2608 3362 1
2211 3556 1
1104 2564 1
1598 3226 1
727 1842 1
1068 3225 1
864 3407 1
241 628 1
2307 2589 1
2589 3245 1
686 1174 1
287 2629 1
2663 2945 1
1631 2081 1
1867 3747 1
1860 2877 1
225 1736 1
664 3028 1
1204 2124 1
1691 3543 1
190 2348 1
1607 1957 1
1174 2574 1
686 2574 1
692 2060 1
2060 2137 1
928 2124 1
928 1204 1
107 3723 1
3406 3723 1
284 3578 1
284 2429 1
2137 2367 1
2060 2367 1
692 2367 1
69 552 1
1598 2943 1
2943 3226 1
388 1646 1
2081 2388 1
1631 2388 1
1104 2673 1
2564 2673 1
121 3375 1
1526 2088 1
863 1607 1
863 1957 1
2564 3782 1
1104 3782 1
2673 3782 1
863 2663 1
1957 2663 1
1607 2663 1
863 2945 1
150 1531 1
3621 3723 1
107 3621 1
3406 3621 1
2722 3770 1
2455 3278 1
357 2044 1
3364 3709 1
2317 2333 1
3364 3576 1
3576 3709 1
329 816 1
816 2792 1
329 2792 1
1487 1691 1
1487 3543 1
190 733 1
733 2348 1
1311 2087 1
35 150 1
35 1531 1
2212 2484 1
42 3770 1
42 2722 1
2899 3747 1
1867 2899 1
483 2877 1
483 1860 1
1751 3616 1
664 2081 1
2081 3028 1
664 2388 1
664 1631 1
2064 3469 1
1225 2600 1
818 3616 1
818 1751 1
1198 3615 1
516 1198 1
78 1198 1
2429 3450 1
3450 3578 1
284 3450 1
417 2484 1
417 2212 1
307 3109 1
1463 3225 1
1068 1463 1
1494 3314 1
2785 3217 1
713 2779 1
1646 2367 1
388 2367 1
1646 2137 1
692 1646 1
1646 2060 1
11 3743 1
2237 2484 1
417 2237 1
2212 2237 1
1052 1357 1
150 2880 1
35 2880 1
1531 2880 1
967 1736 1
225 967 1
284 1401 1
1401 3578 1
1401 3450 1
1401 2429 1
1661 2768 1
2242 2768 1
718 1222 1
873 1261 1
814 1357 1
814 1052 1
2348 2792 1
733 2792 1
190 2792 1
816 2348 1
329 2348 1
863 3676 1
2945 3676 1
2663 3676 1
1957 3676 1
1607 3676 1
1118 3709 1
1118 3576 1
1118 3364 1
1486 1622 1
329 633 1
633 816 1
633 2792 1
633 2348 1
3036 3782 1
1104 3036 1
2673 3036 1
2564 3036 1
1261 1267 1
873 1267 1
2792 3810 1
329 3810 1
2348 3810 1
816 3810 1
633 3810 1
733 3810 1
190 3810 1
2184 2871 1
329 686 1
686 3810 1
686 2792 1
686 2348 1
686 816 1
633 686 1
329 2574 1
329 1174 1
1225 2184 1
2184 2600 1
1225 2871 1
1152 3032 1
2052 2476 1
2877 3372 1
483 3372 1
1860 3372 1
257 2162 1
3409 3578 1
1401 3409 1
3409 3450 1
284 3409 1
2429 3409 1
1893 3032 1
1152 1893 1
204 1204 1
204 928 1
204 2124 1
425 2976 1
425 2751 1
307 2483 1
2483 3109 1
2976 3782 1
425 3782 1
2751 3782 1
2564 2976 1
1104 2976 1
2673 2976 1
2976 3036 1
573 2333 1
2333 2645 1
573 2317 1
955 2592 1
483 2270 1
2270 3372 1
1860 2270 1
2270 2877 1
1261 3048 1
873 3048 1
1267 3048 1
818 2002 1
2002 3616 1
1751 2002 1
998 2138 1
357 563 1
563 2044 1
2987 3606 1
552 2751 1
69 2751 1
552 2976 1
425 552 1
552 3782 1
1998 3615 1
516 1998 1
1198 1998 1
78 1998 1
1015 2256 1
1122 1641 1
1936 2137 1
1936 2060 1
692 1936 1
1646 1936 1
1936 2367 1
1646 2231 1
388 2231 1
2060 2231 1
1936 2231 1
692 2231 1
2137 2231 1
2231 2367 1
1591 1860 1
483 1591 1
1591 3372 1
1591 2877 1
1591 2270 1
1691 3651 1
1487 3651 1
3543 3651 1
353 900 1
28 3217 1
28 2785 1
686 3372 1
3372 3810 1
2792 3372 1
329 3372 1
2348 3372 1
2574 3372 1
816 3372 1
1174 3372 1
633 3372 1
483 686 1
686 1860 1
686 1591 1
686 2877 1
686 2270 1
1478 1893 1
1478 3032 1
1152 1478 1
257 3066 1
2162 3066 1
643 1494 1
643 3314 1
2802 3025 1
1696 3278 1
1696 2455 1
1861 3782 1
1861 2976 1
1861 2564 1
552 1861 1
425 1861 1
1104 1861 1
1861 2673 1
1861 3036 1
1861 2751 1
287 1898 1
1898 2629 1
1861 2636 1
2636 2976 1
2564 2636 1
2636 3782 1
552 2636 1
425 2636 1
1104 2636 1
2636 2673 1
2636 3036 1
2636 2751 1
728 1704 1
745 1267 1
1137 1267 1
745 3048 1
745 873 1
745 1261 1
1254 2877 1
483 1254 1
1254 1860 1
1254 3372 1
686 1254 1
1254 1591 1
1254 2270 1
1013 1267 1
1013 3048 1
873 1013 1
1013 1261 1
1013 1137 1
745 1013 1
3032 3656 1
1152 3656 1
1893 3656 1
1478 3656 1
2704 3245 1
2307 2704 1
2589 2704 1
1052 1525 1
1357 1525 1
814 1525 1
476 2211 1
476 3556 1
2388 3028 1
1631 3028 1
1347 3496 1
3406 3741 1
107 3741 1
3723 3741 1
3621 3741 1
1381 2645 1
2645 2973 1
573 1381 1
1381 2333 1
2625 3272 1
52 3314 1
52 643 1
52 1494 1
873 1222 1
1222 3048 1
745 1222 1
1222 1261 1
1222 1267 1
1013 1222 1
718 873 1
979 1254 1
483 979 1
979 1860 1
979 3372 1
686 979 1
979 1591 1
979 2877 1
979 2270 1
452 2367 1
388 452 1
452 2060 1
452 1646 1
452 1936 1
452 692 1
452 2231 1
452 2137 1
208 2871 1
208 2184 1
208 1225 1
1137 3811 1
745 3811 1
1267 3811 1
1013 3811 1
63 3510 1
587 2046 1
1781 2345 1
63 2442 1
2442 3510 1
942 1633 1
704 3320 1
2189 2743 1
1619 1882 1
2980 2999 1
2369 3011 1
2285 3223 1
5 1002 1
1219 1479 1
1814 2793 1
627 2980 1
627 2999 1
174 1008 1
843 1268 1
320 3223 1
320 2285 1
1749 3039 1
715 1008 1
174 715 1
1986 3223 1
320 1986 1
1986 2285 1
744 1117 1
885 2053 1
3435 3563 1
704 884 1
884 3320 1
268 1535 1
392 1001 1
3268 3474 1
603 2298 1
2513 2859 1
1154 3628 1
2944 3365 1
1993 3592 1
1154 1642 1
1642 3628 1
345 939 1
268 1636 1
1535 1636 1
183 1535 1
183 1636 1
183 268 1
1633 3039 1
942 3039 1
1633 1749 1
2811 3054 1
129 1418 1
172 1464 1
1679 2927 1
144 2413 1
1092 1686 1
398 1482 1
822 2835 1
2210 3510 1
2210 2442 1
63 2210 1
3207 3692 1
1391 3145 1
744 1338 1
1117 1338 1
1219 3457 1
1479 3457 1
1420 3533 1
63 2584 1
2442 2584 1
2210 2584 1
2584 3510 1
5 3698 1
1002 3698 1
1754 3628 1
1154 1754 1
1642 1754 1
3130 3533 1
1420 3130 1
2254 2859 1
2254 2513 1
2944 3172 1
3172 3365 1
2319 3466 1
1986 3207 1
320 3207 1
2285 3207 1
3207 3223 1
1986 3692 1
1713 3720 1
2075 3624 1
695 1527 1
3054 3279 1
2811 3279 1
976 2193 1
1514 3443 1
1327 1866 1
3320 3652 1
704 3652 1
884 3652 1
1092 3713 1
1686 3713 1
611 3593 1
1746 2166 1
2356 3265 1
125 153 1
1314 1420 1
1314 3130 1
1314 3533 1
1642 2049 1
1154 2049 1
2049 3628 1
1754 2049 1
1246 3544 1
479 2318 1
3054 3692 1
2811 3692 1
3279 3692 1
1986 3054 1
3054 3207 1
1993 3471 1
3471 3592 1
1874 2745 1
2072 3434 1
846 2606 1
5 2793 1
1002 2793 1
2793 3698 1
5 1814 1
1001 2076 1
392 2076 1
1479 3698 1
3457 3698 1
1219 3698 1
5 1479 1
1479 2793 1
1002 1479 1
1731 2230 1
320 538 1
538 1986 1
538 3207 1
538 2285 1
538 3223 1
1159 1239 1
2117 3046 1
1686 3592 1
3592 3713 1
1092 3592 1
1686 1993 1
1686 3471 1
942 1686 1
1633 1686 1
1686 3039 1
942 3713 1
942 1092 1
942 3592 1
942 1993 1
942 3471 1
608 2131 1
3344 3404 1
1866 2379 1
1327 2379 1
538 1972 1
320 1972 1
1972 1986 1
1972 3207 1
1972 2285 1
1972 3223 1
1092 1876 1
1876 3592 1
1876 3713 1
942 1876 1
1686 1876 1
3056 3228 1
1326 1901 1
2161 2492 1
380 3079 1
25 466 1
2492 3466 1
2161 3466 1
2319 2492 1
2474 3624 1
2075 2474 1
5 2255 1
1479 2255 1
2255 2793 1
1002 2255 1
2255 3698 1
1814 2255 1
3323 3532 1
3320 3510 1
704 3510 1
3510 3652 1
884 3510 1
2210 3320 1
2442 3320 1
2584 3320 1
63 3320 1
1314 2570 1
2570 3130 1
1420 2570 1
2570 3533 1
2345 3762 1
1781 3762 1
3510 3617 1
704 3617 1
2210 3617 1
3617 3652 1
2442 3617 1
3320 3617 1
884 3617 1
2584 3617 1
63 3617 1
1241 1725 1
1215 3232 1
380 1986 1
1986 3079 1
320 380 1
380 3207 1
380 3692 1
380 2285 1
380 3054 1
380 1972 1
380 3223 1
380 538 1
822 1429 1
1429 2835 1
479 1338 1
1338 2318 1
479 744 1
479 1117 1
2597 3510 1
704 2597 1
2597 3617 1
2210 2597 1
2597 3652 1
2442 2597 1
2597 3320 1
884 2597 1
2584 2597 1
63 2597 1
2252 3563 1
2252 3435 1
1391 2407 1
2407 3145 1
1702 3771 1
398 2739 1
1482 2739 1
1882 3228 1
1619 3228 1
1882 3056 1
1117 1986 1
744 1986 1
1338 1986 1
479 1986 1
320 1117 1
1117 3207 1
1117 3079 1
1117 3692 1
1117 2285 1
1117 3054 1
1117 1972 1
1117 3223 1
538 1117 1
380 1117 1
479 2166 1
1986 2166 1
744 2166 1
2166 2318 1
1338 2166 1
1117 2166 1
479 1746 1
2072 3474 1
3434 3474 1
2072 3268 1
1314 1495 1
1495 3130 1
1495 2570 1
1420 1495 1
1495 3533 1
1404 2953 1
1004 3624 1
1004 2474 1
1004 2075 1
392 1814 1
1001 1814 1
1814 2076 1
5 392 1
392 2793 1
392 2255 1
248 1925 1
1043 2083 1
1201 3544 1
1201 1246 1
639 1043 1
639 2083 1
571 2531 1
1031 3323 1
1031 3532 1
886 3180 1
311 699 1
976 2369 1
2193 2369 1
976 3011 1
1437 2478 1
2221 3336 1
295 2072 1
295 3434 1
295 3268 1
295 3474 1
956 3532 1
956 3323 1
956 1031 1
1002 2513 1
5 2513 1
1479 2513 1
2513 2793 1
2255 2513 1
2513 3698 1
1002 2859 1
1002 2254 1
508 2545 1
466 1535 1
25 1535 1
466 1636 1
268 466 1
183 466 1
571 3533 1
2531 3533 1
571 1314 1
571 2570 1
571 1420 1
571 1495 1
571 3130 1
1139 3230 1
777 3292 1
50 466 1
50 1636 1
50 268 1
50 183 1
25 50 1
50 1535 1
885 2285 1
2053 2285 1
320 885 1
885 1986 1
885 3207 1
885 1972 1
885 3223 1
538 885 1
380 885 1
885 1117 1
962 1534 1
1636 3344 1
268 3344 1
50 3344 1
466 3344 1
183 3344 1
1535 3344 1
1636 3404 1
2075 2463 1
2463 3624 1
2463 2474 1
1004 2463 1
1268 1959 1
843 1959 1
444 524 1
822 2467 1
2467 2835 1
1429 2467 1
2057 2345 1
2057 3762 1
1781 2057 1
2835 3180 1
2467 3180 1
1429 3180 1
822 3180 1
886 2835 1
1455 3383 1
1832 3495 1
1698 3430 1
395 978 1
1775 1848 1
1077 2456 1
838 3096 1
2458 3319 1
1783 2468 1
640 1794 1
332 929 1
579 3672 1
792 1328 1
2377 2480 1
233 259 1
2661 3489 1
767 3708 1
1064 3596 1
322 2399 1
3184 3193 1
59 3098 1
899 3126 1
666 2858 1
3007 3687 1
1737 1799 1
1328 2294 1
792 2294 1
1243 1625 1
1438 2955 1
300 1732 1
832 1458 1
1088 3461 1
1394 3541 1
73 1077 1
73 2456 1
2458 3049 1
3049 3319 1
1032 3184 1
1032 3193 1
1707 2963 1
1032 1701 1
1701 3184 1
1701 3193 1
1476 3529 1
2026 3569 1
233 3412 1
259 3412 1
3015 3126 1
899 3015 1
1773 3539 1
1458 3489 1
832 3489 1
1458 2661 1
1639 2990 1
1557 2895 1
3201 3263 1
2975 3461 1
1088 2975 1
1307 1919 1
302 1053 1
1399 1454 1
71 133 1
378 480 1
1380 3569 1
1380 2026 1
468 2817 1
3015 3517 1
899 3517 1
3126 3517 1
792 3804 1
1328 3804 1
2294 3804 1
1009 2977 1
292 569 1
570 2978 1
14 332 1
14 929 1
534 625 1
993 1639 1
993 2990 1
687 854 1
14 3276 1
929 3276 1
332 3276 1
1251 3143 1
378 2217 1
480 2217 1
1328 3583 1
792 3583 1
3583 3804 1
2294 3583 1
1294 1371 1
133 3719 1
71 3719 1
2259 2661 1
2259 3489 1
1458 2259 1
2844 3572 1
133 2904 1
2904 3719 1
71 2904 1
97 285 1
2180 2215 1
2157 3495 1
1832 2157 1
1799 2425 1
1737 2425 1
366 2840 1
1248 2726 1
133 3024 1
2904 3024 1
3024 3719 1
71 3024 1
1349 2264 1
893 1372 1
903 1540 1
300 598 1
598 1732 1
230 3569 1
230 2026 1
230 1380 1
687 1786 1
854 1786 1
3501 3719 1
2904 3501 1
3024 3501 1
133 3501 1
71 3501 1
671 2279 1
82 3642 1
37 859 1
157 3098 1
59 157 1
1372 2490 1
893 2490 1
73 3184 1
2456 3184 1
1077 3184 1
73 1701 1
73 1032 1
73 3193 1
1574 2217 1
480 1574 1
378 1574 1
1664 2146 1
903 3255 1
1540 3255 1
1664 3419 1
2146 3419 1
262 1700 1
749 2009 1
2468 3419 1
1783 3419 1
1664 2468 1
2146 2468 1
1196 1664 1
1196 2146 1
1196 3419 1
1196 2468 1
1639 2788 1
993 2788 1
2788 2990 1
687 2990 1
1786 2990 1
854 2990 1
687 993 1
687 2788 1
687 1639 1
1296 3238 1
2909 3280 1
1938 2990 1
993 1938 1
1938 2788 1
1639 1938 1
687 1938 1
854 1938 1
1786 1938 1
73 1333 1
1333 1701 1
1032 1333 1
1333 3184 1
1077 1333 1
1333 2456 1
1333 3193 1
650 2180 1
650 2215 1
1307 2071 1
1919 2071 1
1063 2170 1
1294 2050 1
1371 2050 1
465 3215 1
786 3808 1
518 1349 1
518 2264 1
133 2909 1
2909 3719 1
71 2909 1
2909 3501 1
2909 3024 1
2904 2909 1
133 3280 1
767 1372 1
1372 3708 1
767 2490 1
767 893 1
1454 2338 1
1399 2338 1
14 2007 1
2007 3276 1
929 2007 1
332 2007 1
964 1859 1
2012 2990 1
993 2012 1
2012 2788 1
1639 2012 1
687 2012 1
1938 2012 1
854 2012 1
1786 2012 1
530 1333 1
530 1701 1
530 1032 1
73 530 1
530 3184 1
530 1077 1
530 2456 1
530 3193 1
37 2456 1
859 2456 1
37 73 1
37 3184 1
37 530 1
37 1077 1
37 1333 1
419 994 1
1576 2543 1
130 1843 1
1755 3766 1
2543 3639 1
1576 3639 1
436 1664 1
436 1196 1
436 2146 1
436 3419 1
436 2468 1
988 3334 1
2394 3184 1
1701 2394 1
1032 2394 1
73 2394 1
530 2394 1
1077 2394 1
2394 2456 1
2394 3193 1
37 2394 1
1333 2394 1
1664 2399 1
2146 2399 1
2399 2468 1
1196 2399 1
436 2399 1
2399 3419 1
322 1664 1
2401 3430 1
1698 2401 1
845 3539 1
845 1773 1
1317 2856 1
929 1609 1
1609 3276 1
332 1609 1
14 1609 1
1609 2007 1
1773 2938 1
2938 3539 1
845 2938 1
2904 3040 1
133 3040 1
71 3040 1
3040 3719 1
3040 3501 1
3024 3040 1
2909 3040 1
3182 3304 1
618 2086 1
2468 3529 1
1664 3529 1
2146 3529 1
1196 3529 1
436 3529 1
1783 3529 1
3419 3529 1
2399 3529 1
1476 2468 1
1196 1795 1
1664 1795 1
1795 2146 1
1795 2468 1
1795 3529 1
436 1795 1
1795 3419 1
1795 2399 1
2338 2749 1
1454 2749 1
1399 2749 1
1513 1788 1
534 3419 1
625 3419 1
534 1664 1
534 2146 1
534 1795 1
534 2468 1
534 3529 1
534 1196 1
436 534 1
534 1783 1
534 2399 1
2425 2963 1
1737 2963 1
1799 2963 1
1707 2425 1
2840 2977 1
366 2977 1
1009 2840 1
3546 3582 1
757 3783 1
2224 3215 1
465 2224 1
2144 2246 1
741 2077 1
500 1817 1
2077 3663 1
741 3663 1
1859 2819 1
964 2819 1
598 1788 1
1732 1788 1
300 1788 1
598 1513 1
2854 3142 1
1794 2876 1
640 2876 1
468 1296 1
1296 2817 1
468 3238 1
133 378 1
378 3040 1
378 3280 1
378 3719 1
71 378 1
378 3501 1
378 3024 1
378 2904 1
378 2909 1
133 480 1
133 1574 1
133 2217 1
1773 2401 1
2401 2938 1
2401 3539 1
845 2401 1
1698 1773 1
1773 3430 1
1914 3696 1
2271 3304 1
2271 3182 1
2631 3495 1
1832 2631 1
2157 2631 1
1005 1775 1
1005 1848 1
2977 3451 1
2840 3451 1
1009 3451 1
366 3451 1
1263 3238 1
1263 1296 1
468 1263 1
2264 3094 1
1349 3094 1
518 3094 1
1454 3696 1
2338 3696 1
2749 3696 1
1399 3696 1
1454 1914 1
1753 3540 1
525 1757 1
356 2416 1
160 1062 1
1771 2421 1
467 2453 1
57 1771 1
57 2421 1
2638 3620 1
2311 2501 1
577 888 1
1211 2453 1
467 1211 1
197 1216 1
1221 3148 1
3170 3545 1
685 1660 1
819 3798 1
904 3154 1
19 870 1
478 616 1
1170 2266 1
2082 2482 1
2280 2553 1
283 3170 1
283 3545 1
2624 3797 1
1448 1682 1
39 1012 1
1647 3093 1
2581 3165 1
386 2035 1
1059 2465 1
522 1753 1
522 3540 1
2261 3718 1
2697 3093 1
1647 2697 1
293 2497 1
795 1857 1
283 2266 1
2266 3545 1
2266 3170 1
283 1170 1
2700 3477 1
1175 2548 1
495 1038 1
952 1971 1
3 46 1
1456 2311 1
1456 2501 1
1554 3662 1
819 3796 1
3796 3798 1
261 341 1
2495 2952 1
1213 1541 1
1059 2013 1
2013 2465 1
1221 2176 1
2176 3148 1
1490 2872 1
549 3537 1
116 1764 1
3148 3179 1
2176 3179 1
1221 3179 1
577 856 1
856 888 1
875 1649 1
616 2135 1
478 2135 1
1304 2169 1
261 3116 1
341 3116 1
317 2248 1
2630 2649 1
1735 1811 1
293 3767 1
2497 3767 1
272 3812 1
1530 2199 1
2039 3761 1
2311 3199 1
1456 3199 1
2501 3199 1
2013 2951 1
2465 2951 1
1059 2951 1
1554 2497 1
2497 3662 1
293 1554 1
1554 3767 1
3199 3441 1
1456 3441 1
2501 3441 1
2311 3441 1
67 2439 1
1062 2814 1
160 2814 1
46 1553 1
3 1553 1
1407 2266 1
1407 3545 1
1170 1407 1
283 1407 1
1407 3170 1
1603 2903 1
1580 3718 1
1580 2261 1
341 1133 1
1133 3116 1
261 1133 1
1753 2952 1
522 2952 1
2952 3540 1
1753 2495 1
1971 2135 1
952 2135 1
616 1971 1
478 1971 1
2199 2278 1
1530 2278 1
738 3157 1
1461 2650 1
368 3346 1
3282 3309 1
186 3050 1
1942 3179 1
1942 2176 1
1942 3148 1
1221 1942 1
919 2423 1
2697 2986 1
2986 3093 1
1647 2986 1
151 2169 1
151 1304 1
3540 3813 1
2952 3813 1
1753 3813 1
522 3813 1
215 1289 1
1304 3473 1
2169 3473 1
151 3473 1
685 1862 1
1660 1862 1
319 3674 1
3197 3718 1
1580 3197 1
2261 3197 1
437 602 1
1517 3373 1
1216 3200 1
197 3200 1
2772 2853 1
1039 3418 1
2134 2327 1
319 3189 1
3189 3674 1
2199 3045 1
1530 3045 1
2278 3045 1
522 2035 1
2035 2952 1
1753 2035 1
2035 3540 1
2035 3813 1
386 522 1
356 1628 1
1628 2416 1
1958 3313 1
39 2160 1
1012 2160 1
2553 2986 1
2280 2986 1
2553 2697 1
2553 3093 1
1647 2553 1
431 1133 1
431 3116 1
341 431 1
261 431 1
1461 2772 1
2650 2772 1
1461 2853 1
614 2784 1
3531 3789 1
819 1547 1
1547 3796 1
1547 3798 1
1175 3093 1
2548 3093 1
1175 2697 1
1175 2986 1
1175 1647 1
1175 2553 1
1916 3527 1
2332 3397 1
1811 2610 1
1735 2610 1
81 1448 1
81 1682 1
904 1547 1
1547 3154 1
819 904 1
904 3796 1
904 3798 1
478 2495 1
616 2495 1
1971 2495 1
2135 2495 1
478 2952 1
478 1753 1
911 1765 1
386 1728 1
522 1728 1
1728 2035 1
1682 2952 1
1448 2952 1
81 2952 1
1682 3813 1
522 1682 1
1682 2035 1
1682 3540 1
1682 1753 1
478 1682 1
1682 2495 1
1038 2199 1
495 2199 1
1038 1530 1
1038 3045 1
1038 2278 1
1585 1804 1
2903 3508 1
1603 3508 1
1027 3309 1
1027 3282 1
844 1976 1
2649 3548 1
2630 3548 1
2423 3170 1
919 3170 1
2423 3545 1
2266 2423 1
283 2423 1
1407 2423 1
2248 3170 1
317 3170 1
919 2248 1
2248 2423 1
2248 3545 1
2248 2266 1
283 2248 1
1407 2248 1
888 3727 1
856 3727 1
577 3727 1
2134 3812 1
2327 3812 1
272 2134 1
2453 3507 1
467 3507 1
1211 3507 1
2301 3045 1
1530 2301 1
1038 2301 1
2278 2301 1
2199 2301 1
2194 2235 1
464 1216 1
464 3200 1
197 464 1
1337 1547 1
904 1337 1
1337 3154 1
819 1337 1
1337 3796 1
1337 3798 1
2416 3346 1
1628 3346 1
356 3346 1
368 2416 1
875 1337 1
1337 1649 1
875 904 1
875 1547 1
875 3154 1
819 875 1
875 3796 1
875 3798 1
16 2573 1
1942 3674 1
2176 3674 1
3179 3674 1
3148 3674 1
1221 3674 1
1942 3189 1
319 1942 1
94 1025 1
829 1811 1
829 2610 1
829 1735 1
270 3507 1
270 1211 1
270 467 1
270 2453 1
57 2181 1
1771 2181 1
2181 2421 1
3748 3765 1
1862 2073 1
1660 2073 1
685 2073 1
343 1547 1
343 904 1
343 875 1
343 3154 1
343 819 1
343 3796 1
343 3798 1
343 1337 1
2082 2235 1
2235 2482 1
2082 2194 1
906 3154 1
875 906 1
904 906 1
906 1547 1
343 906 1
906 1337 1
1337 2553 1
875 2553 1
904 2553 1
906 2553 1
1547 2553 1
1649 2553 1
2553 3154 1
819 2553 1
2553 3796 1
2553 3798 1
343 2553 1
1337 2280 1
1337 2697 1
1337 2986 1
1337 1647 1
1337 3093 1
1175 1337 1
386 2764 1
1728 2764 1
522 2764 1
2035 2764 1
19 1179 1
870 1179 1
100 1771 1
57 100 1
100 2421 1
100 2181 1
1027 2149 1
2149 3282 1
2149 3309 1
67 2134 1
2134 2439 1
67 272 1
67 3812 1
67 2327 1
81 1649 1
1448 1649 1
1649 2952 1
1649 1682 1
81 875 1
81 2553 1
81 1337 1
1490 2579 1
2579 2872 1
245 919 1
245 2248 1
245 3170 1
245 2423 1
1041 1337 1
875 1041 1
81 1041 1
904 1041 1
1041 2697 1
906 1041 1
1041 1547 1
1041 2986 1
1041 1649 1
1041 3154 1
819 1041 1
1041 3796 1
1041 3093 1
1041 3798 1
343 1041 1
1041 2553 1
1041 1647 1
1041 1175 1
1041 2280 1
328 1330 1
1061 1149 1
152 2239 1
106 1921 1
2178 2828 1
974 2018 1
957 1223 1
228 768 1
117 2669 1
1265 2116 1
1072 1207 1
482 1395 1
442 1034 1
2587 2708 1
1659 2709 1
1924 2759 1
1604 2417 1
313 1977 1
588 1226 1
405 1778 1
1833 2599 1
986 2806 1
313 488 1
488 1977 1
288 520 1
249 2445 1
115 536 1
226 551 1
2599 2946 1
1833 2946 1
3293 3587 1
957 1026 1
1026 1223 1
1824 2089 1
119 1034 1
119 442 1
1516 2058 1
2396 2462 1
291 3236 1
560 1723 1
2773 3670 1
1477 1921 1
106 1477 1
2882 3695 1
2267 2931 1
2755 2775 1
1329 3178 1
959 2494 1
2889 3565 1
1836 2460 1
556 2292 1
1060 3750 1
1265 1692 1
1692 2116 1
1100 3629 1
237 2868 1
2018 3174 1
974 3174 1
442 974 1
974 1034 1
119 974 1
442 2018 1
442 3174 1
2889 3299 1
3299 3565 1
691 2505 1
1100 2018 1
2018 3629 1
442 1100 1
1100 3174 1
974 1100 1
184 2330 1
739 2532 1
1924 2105 1
2105 2759 1
448 536 1
115 448 1
688 2139 1
2698 2773 1
2698 3670 1
1305 1982 1
703 2933 1
2601 3260 1
551 3125 1
226 3125 1
693 2718 1
1578 3027 1
313 3380 1
488 3380 1
1977 3380 1
1319 1532 1
115 1060 1
536 1060 1
448 1060 1
115 3750 1
1256 2632 1
1930 2335 1
2709 3163 1
1659 3163 1
1287 2701 1
797 2946 1
797 1833 1
797 2599 1
1309 2709 1
1309 3163 1
1309 1659 1
1072 3587 1
1207 3587 1
1072 3293 1
801 3350 1
325 1223 1
325 1026 1
325 957 1
520 3047 1
288 3047 1
3312 3784 1
2466 3235 1
474 2561 1
2241 2775 1
2241 2755 1
2234 2806 1
986 2234 1
2933 3611 1
703 3611 1
1061 2926 1
1149 2926 1
824 1091 1
830 1253 1
801 2873 1
2873 3350 1
1120 2775 1
1120 2241 1
1120 2755 1
405 2225 1
1778 2225 1
175 3186 1
830 3010 1
1253 3010 1
2674 2931 1
2267 2674 1
2383 2710 1
1723 1836 1
560 1836 1
1723 2460 1
805 2830 1
1379 2830 1
805 1379 1
2931 3661 1
2674 3661 1
2267 3661 1
2139 2283 1
688 2283 1
7 1634 1
1656 2330 1
184 1656 1
551 2759 1
226 2759 1
2759 3125 1
551 2105 1
551 1924 1
179 898 1
1330 3299 1
328 3299 1
1330 2889 1
1330 3565 1
1167 1227 1
361 1207 1
361 1072 1
361 3587 1
706 2525 1
313 945 1
488 945 1
945 1977 1
945 3380 1
453 2383 1
453 2710 1
2718 2869 1
693 2869 1
1034 3308 1
442 3308 1
974 3308 1
119 3308 1
288 2755 1
520 2755 1
2755 3047 1
288 1120 1
288 2241 1
288 2775 1
6 2755 1
6 1120 1
6 2241 1
6 3047 1
6 520 1
6 288 1
6 2775 1
1247 2674 1
1247 2931 1
1247 3661 1
1247 2267 1
2058 2664 1
1516 2664 1
1309 2178 1
1659 2178 1
2178 3163 1
2178 2709 1
1309 2828 1
1265 1373 1
1373 1692 1
1373 2116 1
1112 2373 1
805 2525 1
1379 2525 1
2525 2830 1
706 805 1
2250 2635 1
974 2494 1
2018 2494 1
2494 3174 1
2494 3308 1
1034 2494 1
1100 2494 1
119 2494 1
442 2494 1
959 974 1
3683 3695 1
2882 3683 1
805 3037 1
706 3037 1
1379 3037 1
2525 3037 1
2830 3037 1
1026 3581 1
957 3581 1
325 3581 1
1223 3581 1
2105 3235 1
551 3235 1
1924 3235 1
2759 3235 1
2105 2466 1
523 544 1
551 2799 1
226 2799 1
2799 3235 1
1924 2799 1
2759 2799 1
2799 3125 1
2105 2799 1
135 1253 1
135 3010 1
135 830 1
1481 3695 1
1481 2882 1
1481 3683 1
2062 2505 1
691 2062 1
2587 2701 1
2701 2708 1
1287 2587 1
2373 2587 1
1112 2587 1
2373 2708 1
2373 2701 1
1287 2373 1
175 3670 1
3186 3670 1
175 2698 1
175 2773 1
697 2667 1
1823 2926 1
1061 1823 1
1149 1823 1
6 2462 1
1120 2462 1
2241 2462 1
2462 2755 1
2462 3047 1
520 2462 1
288 2462 1
2462 2775 1
6 2396 1
1955 2062 1
1955 2505 1
691 1955 1
697 966 1
966 2667 1
2709 3629 1
3163 3629 1
1659 3629 1
1309 3629 1
2178 3629 1
2018 2709 1
1100 2709 1
288 2889 1
1120 2889 1
2241 2889 1
2755 2889 1
6 2889 1
2889 3047 1
520 2889 1
2775 2889 1
2462 2889 1
288 3299 1
288 3565 1
288 1330 1
1807 2759 1
226 1807 1
1807 3235 1
1807 1924 1
551 1807 1
1807 2799 1
1807 3125 1
1807 2105 1
739 2530 1
2530 2532 1
2047 2981 1
957 2812 1
1026 2812 1
2812 3581 1
325 2812 1
1223 2812 1
739 3788 1
2530 3788 1
2532 3788 1
424 2674 1
424 2931 1
424 3661 1
424 2267 1
424 1247 1
511 2812 1
511 1026 1
325 511 1
511 1223 1
511 3581 1
511 957 1
1982 2698 1
1305 2698 1
1982 2773 1
1982 3670 1
175 1982 1
2335 3704 1
1930 3704 1
474 1659 1
1659 2561 1
474 2178 1
474 3629 1
474 2709 1
474 3163 1
474 1309 1
1634 1928 1
7 1928 1
1226 2387 1
588 2387 1
291 2617 1
2617 3236 1
2116 2168 1
1265 2168 1
1692 2168 1
1373 2168 1
890 1950 1
179 2392 1
898 2392 1
1675 1982 1
1675 2698 1
175 1675 1
1675 2773 1
1675 3670 1
1305 1675 1
361 3661 1
1072 3661 1
3587 3661 1
1207 3661 1
361 424 1
361 2674 1
361 2931 1
361 2267 1
361 1247 1
162 1676 1
1367 1828 1
1538 2447 1
415 796 1
1423 2435 1
670 2912 1
796 1432 1
415 1432 1
2441 2643 1
555 3820 1
2622 3500 1
239 3716 1
731 2851 1
1577 3597 1
1560 3083 1
3013 3785 1
529 1791 1
299 1941 1
923 2740 1
3115 3505 1
146 2147 1
670 2310 1
2310 2912 1
747 3146 1
2130 3408 1
2568 2622 1
2568 3500 1
747 1430 1
1430 3146 1
541 1125 1
529 2114 1
1791 2114 1
1572 2021 1
2357 3038 1
92 3500 1
92 2568 1
92 2622 1
1310 3343 1
2628 3253 1
299 2798 1
1941 2798 1
2374 3038 1
2357 2374 1
930 2154 1
2855 3321 1
717 1819 1
430 654 1
558 3697 1
790 1729 1
700 921 1
1440 2855 1
1440 3321 1
2363 3146 1
747 2363 1
1430 2363 1
535 941 1
3511 3821 1
1473 3476 1
2942 3472 1
1419 2114 1
529 1419 1
1419 1791 1
1419 2934 1
529 2934 1
2114 2934 1
1791 2934 1
2374 3486 1
2357 3486 1
3038 3486 1
746 1158 1
1768 3472 1
1768 2942 1
877 1519 1
774 2851 1
731 774 1
334 2546 1
1475 1538 1
1475 2447 1
597 811 1
211 400 1
526 3553 1
2742 3597 1
1577 2742 1
4 2268 1
632 1162 1
1694 2130 1
1694 3408 1
710 1111 1
1432 1466 1
796 1466 1
415 1466 1
1209 2370 1
400 2251 1
211 2251 1
948 3083 1
948 1560 1
535 1489 1
941 1489 1
3041 3307 1
113 2546 1
113 334 1
384 2643 1
384 2441 1
166 2741 1
1439 3716 1
239 1439 1
3078 3787 1
27 1124 1
3399 3408 1
2130 3399 1
1694 3399 1
1085 2741 1
166 1085 1
796 3307 1
1432 3307 1
1466 3307 1
415 3307 1
796 3041 1
2514 3129 1
2114 2374 1
529 2374 1
1419 2374 1
2374 2934 1
1791 2374 1
2114 3038 1
2114 2357 1
2114 3486 1
2741 3399 1
1085 3399 1
166 3399 1
2741 3408 1
2130 2741 1
1694 2741 1
2374 3626 1
2114 3626 1
3038 3626 1
1419 3626 1
529 3626 1
2357 3626 1
2934 3626 1
3486 3626 1
1791 3626 1
1459 3030 1
2540 2789 1
33 148 1
359 1673 1
1645 2354 1
578 2251 1
400 578 1
211 578 1
632 984 1
984 1162 1
3146 3206 1
2363 3206 1
747 3206 1
1430 3206 1
1672 2855 1
1440 1672 1
1672 3321 1
2582 3289 1
1473 2115 1
2115 3476 1
1489 3270 1
941 3270 1
535 3270 1
1361 2447 1
1361 1538 1
1361 1475 1
923 3277 1
2740 3277 1
1892 2622 1
1892 2568 1
92 1892 1
1892 3500 1
1158 2310 1
746 2310 1
1158 2912 1
670 1158 1
568 2942 1
568 3472 1
568 1768 1
1398 2821 1
2496 3394 1
2618 2736 1
909 3008 1
774 3006 1
2851 3006 1
731 3006 1
585 796 1
585 3041 1
585 3307 1
585 1432 1
585 1466 1
415 585 1
921 3119 1
700 3119 1
33 1572 1
148 1572 1
33 2021 1
138 2017 1
632 1393 1
984 1393 1
1162 1393 1
961 2742 1
961 1577 1
961 3597 1
558 3553 1
3553 3697 1
526 558 1
1361 2015 1
1538 2015 1
1475 2015 1
2015 2447 1
3505 3553 1
3115 3553 1
3505 3697 1
558 3505 1
526 3505 1
2021 2036 1
33 2036 1
1572 2036 1
45 3277 1
45 923 1
45 2740 1
2541 3330 1
496 2568 1
92 496 1
496 3500 1
496 2622 1
496 1892 1
1577 2517 1
961 2517 1
2517 3597 1
2517 2742 1
926 3553 1
926 3505 1
926 3115 1
558 926 1
926 3697 1
526 926 1
2910 3691 1
1103 1146 1
3146 3697 1
2363 3697 1
747 3697 1
3206 3697 1
1430 3697 1
3146 3553 1
558 3146 1
3146 3505 1
926 3146 1
2092 2741 1
166 2092 1
2092 3399 1
2092 3408 1
2092 2130 1
1085 2092 1
1694 2092 1
1726 1918 1
1430 1473 1
1473 3206 1
1473 3146 1
747 1473 1
1473 3697 1
1473 2363 1
1430 2115 1
1430 3476 1
3289 3455 1
2582 3455 1
867 1581 1
1521 2851 1
731 1521 1
1521 3006 1
774 1521 1
750 2968 1
710 2910 1
1111 2910 1
710 3691 1
1114 2622 1
1114 1892 1
1114 2568 1
1114 3500 1
496 1114 1
92 1114 1
113 1673 1
1673 2546 1
334 1673 1
113 359 1
98 3013 1
98 3785 1
2838 3500 1
1892 2838 1
2568 2838 1
496 2838 1
1114 2838 1
92 2838 1
2622 2838 1
1941 3597 1
299 3597 1
2798 3597 1
961 1941 1
1577 1941 1
1941 2742 1
1941 2517 1
271 717 1
271 1819 1
299 1460 1
1460 1941 1
1460 2798 1
1460 3597 1
909 3115 1
3008 3115 1
909 3505 1
909 926 1
909 3553 1
1918 2519 1
1726 2519 1
794 2541 1
794 3330 1
987 3505 1
987 3553 1
987 3146 1
987 3115 1
909 987 1
526 987 1
987 3697 1
558 987 1
926 987 1
746 1432 1
1432 2310 1
1158 1432 1
585 746 1
746 3307 1
746 1466 1
746 796 1
415 746 1
440 2851 1
440 1521 1
440 731 1
440 3006 1
440 774 1
2447 3129 1
1361 3129 1
1538 3129 1
1475 3129 1
2015 3129 1
2447 2514 1
1345 3421 1
1883 2154 1
930 1883 1
3262 3321 1
1440 3262 1
1672 3262 1
2855 3262 1
1913 2200 1
1111 1284 1
1284 2910 1
710 1284 1
1581 1729 1
867 1729 1
790 1581 1
515 984 1
515 632 1
515 1393 1
515 1162 1
1440 2894 1
1672 2894 1
2894 3321 1
2894 3262 1
2855 2894 1
33 2015 1
1572 2015 1
2015 2036 1
148 2015 1
2015 2021 1
33 1538 1
33 1475 1
33 2447 1
33 1361 1
33 3129 1
486 3156 1
90 1510 1
539 3551 1
176 2069 1
949 3534 1
1784 1838 1
205 756 1
1258 2205 1
1947 3302 1
32 200 1
973 3112 1
2337 2575 1
1841 2727 1
2029 3454 1
681 2659 1
3311 3417 1
2091 2518 1
665 3730 1
1462 3166 1
2424 3410 1
120 199 1
977 1733 1
2960 3760 1
2328 2790 1
773 804 1
678 1055 1
1947 3777 1
3302 3777 1
2646 3295 1
662 1623 1
1344 1354 1
360 1709 1
1887 2583 1
1742 2096 1
120 2787 1
199 2787 1
1033 2074 1
539 1157 1
1157 3551 1
2205 3140 1
1258 3140 1
187 1999 1
1885 3402 1
539 1999 1
1157 1999 1
1999 3551 1
187 539 1
485 1073 1
2668 3111 1
17 2016 1
1960 3187 1
623 2565 1
880 2583 1
880 1887 1
2659 3273 1
681 3273 1
1596 2537 1
187 735 1
539 735 1
735 1999 1
969 1870 1
2016 3660 1
17 3660 1
605 2565 1
605 623 1
2323 2402 1
206 2998 1
1947 3069 1
3069 3777 1
3069 3302 1
251 3707 1
1990 3402 1
1885 1990 1
51 2813 1
1119 2182 1
1082 1931 1
1709 2323 1
360 2323 1
1709 2402 1
1186 2555 1
1408 1990 1
1408 3402 1
1408 1885 1
238 2833 1
32 2992 1
200 2992 1
2836 3653 1
2503 3021 1
297 3392 1
2424 3187 1
3187 3410 1
1960 2424 1
2731 3295 1
2646 2731 1
2958 3311 1
2958 3417 1
954 1947 1
954 3777 1
954 3069 1
954 3302 1
458 3022 1
3111 3751 1
2668 3751 1
1838 1999 1
1784 1999 1
187 1838 1
1157 1838 1
1838 3551 1
539 1838 1
735 1838 1
219 458 1
219 3022 1
1397 3368 1
492 2646 1
492 2731 1
492 3295 1
1818 2732 1
1462 3484 1
3166 3484 1
1502 3106 1
1385 1408 1
1385 3402 1
1385 1885 1
1385 1990 1
572 2069 1
176 572 1
880 2732 1
1887 2732 1
2583 2732 1
880 1818 1
346 1599 1
2068 2438 1
2260 3156 1
486 2260 1
422 626 1
2096 2813 1
1742 2813 1
51 2096 1
1567 2025 1
635 2668 1
635 3751 1
635 3111 1
2029 3659 1
3454 3659 1
176 1620 1
572 1620 1
1620 2069 1
1650 3794 1
1954 2626 1
690 1444 1
1733 1856 1
977 1856 1
206 3707 1
2998 3707 1
206 251 1
1509 2069 1
176 1509 1
1509 1620 1
572 1509 1
32 2769 1
200 2769 1
2769 2992 1
696 3562 1
187 1566 1
539 1566 1
1566 1838 1
735 1566 1
1566 1999 1
1887 2769 1
880 2769 1
2732 2769 1
2583 2769 1
32 1887 1
200 1887 1
1887 2992 1
2091 3790 1
2518 3790 1
1568 3794 1
1568 1650 1
1348 2646 1
1348 2731 1
492 1348 1
1348 3295 1
2326 3660 1
2016 2326 1
17 2326 1
101 1415 1
1620 2781 1
176 2781 1
572 2781 1
2069 2781 1
1509 2781 1
1999 2469 1
187 2469 1
1157 2469 1
1838 2469 1
2469 3551 1
1784 2469 1
539 2469 1
1566 2469 1
735 2469 1
1529 2626 1
1529 1954 1
2090 2312 1
1281 2731 1
1281 1348 1
492 1281 1
1281 2646 1
1281 3295 1
607 999 1
1354 3339 1
1344 3339 1
1010 3794 1
1010 1568 1
1010 1650 1
517 683 1
1010 1119 1
1119 1568 1
1119 3794 1
1119 1650 1
1010 2182 1
3069 3460 1
3460 3777 1
954 3460 1
1947 3460 1
3302 3460 1
17 690 1
690 2016 1
690 3660 1
690 2326 1
17 1444 1
298 2457 1
2935 3751 1
635 2935 1
2668 2935 1
2935 3111 1
1281 2562 1
1348 2562 1
2562 2731 1
492 2562 1
2562 2646 1
2562 3295 1
895 1885 1
895 1408 1
895 1385 1
895 3402 1
895 1990 1
3257 3417 1
2958 3257 1
3257 3311 1
447 3717 1
202 1073 1
202 485 1
2723 3106 1
1502 2723 1
507 3311 1
507 3417 1
507 2958 1
507 3257 1
187 2274 1
2274 2469 1
1838 2274 1
1999 2274 1
539 2274 1
1566 2274 1
735 2274 1
973 2723 1
2723 3112 1
973 3106 1
973 1502 1
764 2575 1
764 2337 1
1620 1657 1
1509 1657 1
176 1657 1
1657 2069 1
572 1657 1
1657 2781 1
1887 2386 1
32 2386 1
2386 2992 1
200 2386 1
2386 2732 1
880 2386 1
2386 2769 1
2386 2583 1
1733 2781 1
1856 2781 1
977 2781 1
1509 1733 1
176 1733 1
1620 1733 1
1733 2069 1
1657 1733 1
572 1733 1
869 3551 1
869 1157 1
869 2469 1
869 1838 1
869 1999 1
539 869 1
804 1116 1
773 1116 1
409 2715 1
2557 3187 1
1960 2557 1
2424 2557 1
2557 3410 1
635 3311 1
2935 3311 1
3111 3311 1
2668 3311 1
3311 3751 1
635 3257 1
507 635 1
635 2958 1
635 3417 1
2958 3302 1
507 3302 1
3302 3311 1
3257 3302 1
3302 3417 1
635 3302 1
2958 3777 1
2958 3460 1
954 2958 1
1947 2958 1
2958 3069 1
3728 3777 1
3460 3728 1
3302 3728 1
2958 3728 1
954 3728 1
1947 3728 1
3069 3728 1
2662 3659 1
2029 2662 1
2662 3454 1
3144 3156 1
2260 3144 1
486 3144 1
275 2366 1
662 3777 1
1623 3777 1
662 3460 1
662 3302 1
662 2958 1
662 3728 1
662 954 1
662 1947 1
662 3069 1
1990 2323 1
1408 2323 1
1385 2323 1
2323 3402 1
1885 2323 1
895 2323 1
1990 2402 1
360 1990 1
1709 1990 1
1911 2281 1
1650 1900 1
1568 1900 1
1900 3794 1
1010 1900 1
1119 1900 1
3653 3737 1
2836 3737 1
507 3737 1
3302 3737 1
2958 3737 1
3311 3737 1
3257 3737 1
3417 3737 1
635 3737 1
507 3653 1
507 2836 1
51 1818 1
1818 2096 1
1818 2813 1
51 880 1
51 2732 1
123 2182 1
123 1010 1
123 1119 1
298 2947 1
2457 2947 1
1121 3786 1
3221 3241 1
917 1792 1
2125 3607 1
2127 3009 1
813 3715 1
1099 1447 1
221 2522 1
533 613 1
2917 3522 1
712 3705 1
2563 3577 1
827 3515 1
1945 3554 1
2218 3019 1
1789 2228 1
849 1099 1
849 1447 1
429 1358 1
676 820 1
1410 1600 1
159 355 1
1872 3589 1
917 1980 1
1792 1980 1
2637 2686 1
2376 2972 1
836 850 1
2305 3754 1
2175 3168 1
49 3072 1
2756 2875 1
154 1262 1
663 1058 1
1677 3571 1
2067 2286 1
676 944 1
820 944 1
1150 1678 1
751 2522 1
221 751 1
1450 2637 1
1450 2686 1
1228 3138 1
1412 2524 1
1331 2971 1
2515 3715 1
813 2515 1
369 1214 1
484 3300 1
1678 3806 1
1150 3806 1
429 2110 1
1358 2110 1
1822 3705 1
712 1822 1
279 947 1
189 2110 1
189 429 1
189 1358 1
1677 3786 1
3571 3786 1
1121 1677 1
280 3221 1
280 3241 1
2314 2778 1
281 809 1
2129 3287 1
1703 3693 1
1362 2683 1
1411 2754 1
1447 1616 1
849 1616 1
1099 1616 1
1528 3377 1
809 2860 1
281 2860 1
997 2907 1
2753 3185 1
3127 3602 1
404 2950 1
88 712 1
88 3705 1
88 1822 1
1240 2886 1
2432 2637 1
1450 2432 1
2432 2686 1
791 1358 1
429 791 1
791 2110 1
189 791 1
668 3463 1
791 938 1
938 2110 1
429 938 1
938 1358 1
189 938 1
2001 2209 1
189 3778 1
938 3778 1
429 3778 1
1358 3778 1
791 3778 1
2110 3778 1
850 3326 1
836 3326 1
1214 3231 1
369 3231 1
2529 3149 1
2359 2950 1
404 2359 1
638 2778 1
638 2314 1
997 3607 1
2907 3607 1
997 2125 1
2078 2884 1
3127 3244 1
3244 3602 1
1815 2034 1
2699 3205 1
363 2884 1
363 2078 1
651 1300 1
3127 3150 1
3150 3602 1
3150 3244 1
613 3241 1
533 3241 1
280 613 1
613 3221 1
324 668 1
324 3463 1
1150 2734 1
2734 3806 1
1678 2734 1
1904 3468 1
820 1933 1
944 1933 1
676 1933 1
1539 1544 1
776 3153 1
1979 3590 1
1687 2110 1
1687 3778 1
938 1687 1
429 1687 1
1358 1687 1
791 1687 1
189 1687 1
1600 2524 1
1410 2524 1
1412 1600 1
18 827 1
18 3515 1
3590 3738 1
1979 3738 1
2156 2273 1
908 2913 1
265 280 1
265 3241 1
265 3221 1
265 613 1
244 3353 1
1908 2907 1
997 1908 1
1908 3607 1
566 3338 1
1687 3594 1
3594 3778 1
938 3594 1
429 3594 1
1358 3594 1
791 3594 1
189 3594 1
2110 3594 1
668 1600 1
324 1600 1
1600 3463 1
668 1410 1
668 2524 1
668 1412 1
1741 1904 1
1741 3468 1
1515 2948 1
502 3042 1
2314 3377 1
2778 3377 1
638 3377 1
1528 2314 1
1113 2637 1
1113 2432 1
1113 1450 1
1113 2686 1
1787 2950 1
404 1787 1
1787 2359 1
497 1089 1
232 3231 1
232 369 1
232 1214 1
2475 2862 1
1710 2172 1
254 1812 1
2892 3693 1
1703 2892 1
1081 3694 1
510 3149 1
510 2529 1
324 2754 1
1600 2754 1
668 2754 1
2754 3463 1
324 1411 1
68 1677 1
68 1121 1
68 3786 1
68 3571 1
3060 3446 1
21 1810 1
2127 2247 1
2247 3009 1
418 1240 1
418 2886 1
324 2432 1
1600 2432 1
2432 2754 1
1411 2432 1
2432 3463 1
668 2432 1
324 1450 1
324 2637 1
324 1113 1
324 2686 1
2067 2156 1
2156 2286 1
2067 2273 1
324 3490 1
1600 3490 1
2432 3490 1
2754 3490 1
1411 3490 1
3463 3490 1
1450 3490 1
2637 3490 1
1113 3490 1
668 3490 1
2686 3490 1
809 851 1
281 851 1
851 2860 1
1979 2875 1
2875 3738 1
2875 3590 1
1979 2756 1
1967 3594 1
1967 3778 1
938 1967 1
1687 1967 1
429 1967 1
1358 1967 1
791 1967 1
189 1967 1
1967 2110 1
1365 2218 1
1365 3019 1
49 3738 1
3072 3738 1
49 2875 1
49 1979 1
49 3590 1
155 2343 1
2633 3814 1
887 3554 1
887 1945 1
1703 2078 1
2078 2892 1
2078 3693 1
363 1703 1
1703 2884 1
947 2804 1
279 2804 1
1291 3675 1
1452 3150 1
1452 3602 1
1452 3244 1
1452 3127 1
3422 3602 1
1452 3422 1
3244 3422 1
3150 3422 1
3127 3422 1
510 3173 1
2529 3173 1
3149 3173 1
427 1366 1
363 3020 1
2884 3020 1
2078 3020 1
1703 3020 1
1980 2860 1
1792 2860 1
917 2860 1
809 1980 1
851 1980 1
281 1980 1
857 3648 1
2129 2269 1
2269 3287 1
1173 2156 1
1173 2273 1
1173 2067 1
1173 2286 1
2022 3104 1
85 947 1
85 2804 1
85 279 1
629 1447 1
629 1616 1
629 849 1
629 1099 1
1520 1822 1
712 1520 1
1520 3705 1
88 1520 1
484 1452 1
1452 3300 1
484 3244 1
484 3150 1
484 3602 1
484 3127 1
484 3422 1
938 1539 1
1539 3778 1
1539 3594 1
1539 1687 1
429 1539 1
1358 1539 1
1539 1967 1
791 1539 1
189 1539 1
1539 2110 1
938 1544 1
2419 2884 1
363 2419 1
2419 3020 1
2078 2419 1
1703 2419 1
155 932 1
932 2343 1
1629 2875 1
1629 2756 1
1629 3590 1
49 1629 1
1629 3738 1
1629 1979 1
2475 2637 1
2637 2862 1
2432 2475 1
2475 3490 1
324 2475 1
1450 2475 1
1113 2475 1
2475 2686 1
1908 2336 1
2336 2907 1
997 2336 1
2336 3607 1
2078 2093 1
2093 2884 1
1703 2093 1
2093 3020 1
363 2093 1
2093 2892 1
2093 3693 1
2093 2419 1
128 3705 1
128 712 1
88 128 1
128 1520 1
128 1822 1
1208 3092 1
858 1802 1
837 3081 1
1224 2099 1
1533 1779 1
1470 1594 1
1342 2576 1
3337 3714 1
449 1796 1
475 1403 1
1237 1722 1
2491 3512 1
118 1750 1
330 1470 1
330 1594 1
1796 1926 1
449 1926 1
156 3755 1
338 1545 1
1739 2329 1
354 1690 1
989 2102 1
216 2644 1
2321 2487 1
2535 3158 1
38 387 1
2253 3099 1
1533 2560 1
1779 2560 1
1017 1403 1
475 1017 1
387 3800 1
38 3800 1
1835 2164 1
114 318 1
2313 2845 1
118 3331 1
1750 3331 1
1561 3650 1
274 3779 1
277 3087 1
716 3379 1
391 896 1
512 2408 1
212 1386 1
905 3623 1
216 2605 1
2605 2644 1
1690 2767 1
354 2767 1
1739 3023 1
2329 3023 1
871 3076 1
114 2995 1
318 2995 1
1095 1684 1
532 3067 1
1666 2928 1
1164 3530 1
494 1926 1
449 494 1
494 1796 1
637 989 1
637 2102 1
649 2378 1
1046 3678 1
1129 2284 1
156 212 1
212 3755 1
156 1386 1
2487 3147 1
2321 3147 1
1324 3506 1
277 3436 1
3087 3436 1
2063 3331 1
1750 2063 1
118 2063 1
1470 1693 1
1594 1693 1
330 1693 1
40 3817 1
2063 3458 1
3331 3458 1
118 3458 1
1750 3458 1
2253 3147 1
3099 3147 1
2253 2321 1
2253 2487 1
212 1405 1
1386 1405 1
1405 3755 1
156 1405 1
1504 3599 1
1594 3081 1
330 3081 1
1693 3081 1
1470 3081 1
837 1594 1
209 2641 1
3240 3498 1
2321 3379 1
3147 3379 1
2253 3379 1
2487 3379 1
716 2321 1
1445 3779 1
274 1445 1
2163 2688 1
1469 2395 1
304 892 1
591 1779 1
591 2560 1
591 1533 1
498 1229 1
216 1414 1
1414 2644 1
1414 2605 1
1386 1435 1
156 1435 1
212 1435 1
1405 1435 1
1445 2767 1
274 2767 1
2767 3779 1
1445 1690 1
354 1445 1
456 3158 1
456 2535 1
1208 3248 1
3092 3248 1
1752 3208 1
1285 1396 1
593 2689 1
1235 3773 1
274 318 1
318 3779 1
318 1445 1
318 2767 1
114 274 1
274 2995 1
1342 3070 1
2576 3070 1
1021 3458 1
1021 3331 1
1021 1750 1
118 1021 1
1021 2063 1
475 1046 1
1017 1046 1
1046 1403 1
475 3678 1
1549 1890 1
1561 1752 1
1752 3650 1
1561 3208 1
454 3099 1
454 3147 1
454 2253 1
2527 3818 1
354 2084 1
1690 2084 1
1445 2084 1
2084 2767 1
1690 3714 1
354 3714 1
2084 3714 1
1445 3714 1
2767 3714 1
1690 3337 1
1750 3264 1
3264 3458 1
3264 3331 1
2063 3264 1
118 3264 1
1021 3264 1
761 2791 1
574 1417 1
2867 3198 1
2443 3729 1
1835 3815 1
2164 3815 1
2321 3136 1
3136 3147 1
716 3136 1
2253 3136 1
3136 3379 1
2487 3136 1
44 1808 1
338 2761 1
1545 2761 1
3188 3729 1
2443 3188 1
2042 2552 1
1667 2222 1
178 1468 1
1956 3650 1
1752 1956 1
1561 1956 1
675 1561 1
675 1752 1
675 3208 1
675 3650 1
675 1956 1
637 2995 1
989 2995 1
2102 2995 1
274 637 1
114 637 1
318 637 1
660 2841 1
212 1237 1
1237 1386 1
1237 3755 1
1237 1435 1
156 1237 1
1237 1405 1
212 1722 1
1208 2054 1
2054 3248 1
2054 3092 1
989 3134 1
2995 3134 1
637 3134 1
2102 3134 1
34 3567 1
1923 3120 1
1491 1533 1
1491 2560 1
1491 1779 1
591 1491 1
23 1561 1
23 3650 1
23 675 1
23 1956 1
23 3208 1
23 1752 1
624 3376 1
3219 3458 1
3219 3264 1
3219 3331 1
118 3219 1
2063 3219 1
1750 3219 1
1021 3219 1
1750 3600 1
3264 3600 1
3458 3600 1
3331 3600 1
2063 3600 1
3219 3600 1
118 3600 1
1021 3600 1
1693 3773 1
3081 3773 1
1594 3773 1
330 3773 1
1470 3773 1
1235 1693 1
3219 3512 1
3264 3512 1
3458 3512 1
3331 3512 1
118 3512 1
2063 3512 1
3512 3600 1
1750 3512 1
1021 3512 1
2491 3219 1
1129 2527 1
2284 2527 1
1129 3818 1
77 2744 1
1750 2382 1
2382 3264 1
2382 3458 1
2382 3331 1
2063 2382 1
2382 3600 1
2382 3219 1
118 2382 1
2382 3512 1
1021 2382 1
770 3332 1
3067 3216 1
532 3216 1
2099 3773 1
1224 3773 1
2099 3081 1
330 2099 1
1235 2099 1
1594 2099 1
1693 2099 1
1470 2099 1
1714 3416 1
2867 3735 1
3198 3735 1
1107 2324 1
1342 3740 1
2576 3740 1
3070 3740 1
1132 1943 1
581 2487 1
581 3136 1
581 3147 1
581 2253 1
581 2321 1
581 3379 1
1339 2538 1
2229 3070 1
2229 2576 1
2229 3740 1
1342 2229 1
3502 3502 1
1445 2450 1
354 2450 1
2450 3779 1
2084 2450 1
2450 3714 1
2450 2767 1
274 2450 1
1690 2450 1
318 2450 1
542 1739 1
542 2329 1
542 3023 1
201 2841 1
201 660 1
858 2334 1
1802 2334 1
40 1325 1
1325 3817 1
3070 3124 1
2576 3124 1
3124 3740 1
2229 3124 1
1342 3124 1
156 216 1
216 1386 1
216 3755 1
212 216 1
216 1237 1
216 1435 1
216 1405 1
156 1414 1
156 2605 1
156 2644 1
1071 1697 1
1497 2761 1
1497 1545 1
338 1497 1
1017 1095 1
1095 1403 1
1046 1095 1
475 1095 1
1017 1684 1
240 1545 1
240 2761 1
240 338 1
240 1497 1
410 2750 1
1378 1666 1
1378 2928 1
209 2521 1
2521 2641 1
1405 3714 1
1386 3714 1
3714 3755 1
212 3714 1
1237 3714 1
216 3714 1
1435 3714 1
156 3714 1
354 1405 1
1405 2084 1
1405 1445 1
1405 3337 1
1405 2767 1
1405 2450 1
1405 1690 1
1319 2778 -1
1532 2778 -1
1319 3377 -1
1319 2314 -1
638 1319 -1
2886 3625 -1
1240 3625 -1
418 3625 -1
588 1688 -1
1226 1688 -1
1688 2387 -1
1796 2264 -1
449 2264 -1
494 2264 -1
1926 2264 -1
1796 3094 -1
1349 1796 -1
518 1796 -1
1052 2563 -1
1357 2563 -1
814 2563 -1
1525 2563 -1
1052 3577 -1
645 714 -1
3447 3533 -1
1314 3447 -1
2531 3447 -1
2570 3447 -1
1420 3447 -1
1495 3447 -1
3130 3447 -1
571 3447 -1
1172 2766 -1
362 673 -1
3221 3411 -1
280 3411 -1
3241 3411 -1
613 3411 -1
265 3411 -1
241 2998 -1
628 2998 -1
241 3707 -1
206 241 -1
2112 2758 -1
130 3052 -1
1843 3052 -1
201 1942 -1
1942 2841 -1
660 1942 -1
201 2176 -1
201 1221 -1
201 3179 -1
201 3148 -1
201 3189 -1
201 3674 -1
201 319 -1
2604 2906 -1
2827 3567 -1
34 2827 -1
1206 2499 -1
2303 2973 -1
1381 2303 -1
2303 2645 -1
3267 3311 -1
3257 3267 -1
507 3267 -1
3267 3302 -1
3111 3267 -1
3267 3737 -1
3267 3751 -1
2668 3267 -1
2958 3267 -1
2935 3267 -1
3267 3417 -1
635 3267 -1
502 3802 -1
3042 3802 -1
3135 3505 -1
3135 3553 -1
3135 3146 -1
3115 3135 -1
909 3135 -1
526 3135 -1
3135 3697 -1
558 3135 -1
987 3135 -1
926 3135 -1
481 3127 -1
481 484 -1
481 3244 -1
481 1452 -1
481 3150 -1
481 3602 -1
481 3422 -1
717 2067 -1
1819 2067 -1
271 2067 -1
717 2273 -1
717 2156 -1
717 1173 -1
717 2286 -1
1830 2763 -1
300 3382 -1
1788 3382 -1
1732 3382 -1
598 3382 -1
801 1220 -1
1220 2873 -1
1220 3350 -1
846 1700 -1
1700 2606 -1
262 846 -1
1416 3542 -1
18 3625 -1
827 3625 -1
3515 3625 -1
548 3332 -1
548 770 -1
896 3718 -1
391 3718 -1
896 1580 -1
896 2261 -1
896 3197 -1
1796 2699 -1
449 2699 -1
494 2699 -1
1926 2699 -1
1796 3205 -1
730 1160 -1
410 3419 -1
2750 3419 -1
410 1664 -1
410 2146 -1
410 1795 -1
410 2468 -1
410 3529 -1
410 1196 -1
410 625 -1
410 436 -1
410 534 -1
410 1783 -1
410 2399 -1
349 3763 -1
2491 2884 -1
2884 3512 -1
2884 3219 -1
1703 2491 -1
363 2491 -1
2491 3020 -1
2093 2491 -1
2419 2491 -1
2078 2491 -1
177 385 -1
637 2150 -1
274 2150 -1
114 2150 -1
2150 2995 -1
2150 3134 -1
2102 2150 -1
989 2150 -1
318 2150 -1
1417 3674 -1
574 3674 -1
1417 2176 -1
1221 1417 -1
1417 3179 -1
1417 3148 -1
1417 3189 -1
1417 1942 -1
319 1417 -1
332 338 -1
338 1609 -1
338 929 -1
338 3276 -1
14 338 -1
338 2007 -1
240 332 -1
332 1545 -1
332 1497 -1
332 2761 -1
1090 2434 -1
110 1862 -1
110 2073 -1
110 1660 -1
110 685 -1
1964 2895 -1
1557 1964 -1
1998 2359 -1
516 2359 -1
78 2359 -1
1198 2359 -1
2359 3615 -1
1787 1998 -1
404 1998 -1
1998 2950 -1
677 857 -1
677 3648 -1
1211 2877 -1
2877 3507 -1
467 2877 -1
2453 2877 -1
270 2877 -1
483 1211 -1
1211 1860 -1
1211 1254 -1
1211 3372 -1
686 1211 -1
979 1211 -1
1211 1591 -1
1211 2270 -1
1660 2662 -1
2073 2662 -1
685 2662 -1
1862 2662 -1
1660 3659 -1
1660 2029 -1
1660 3454 -1
1729 2663 -1
867 2663 -1
1581 2663 -1
790 2663 -1
1729 2945 -1
1607 1729 -1
1729 3676 -1
1729 1957 -1
863 1729 -1
914 2042 -1
914 2552 -1
2483 3231 -1
307 3231 -1
3109 3231 -1
232 2483 -1
369 2483 -1
1214 2483 -1
2487 3648 -1
3136 3648 -1
581 3648 -1
3147 3648 -1
2253 3648 -1
2321 3648 -1
3379 3648 -1
857 2487 -1
645 3799 -1
556 1021 -1
1021 2292 -1
556 3264 -1
556 3458 -1
556 3331 -1
556 1750 -1
556 2382 -1
556 2063 -1
556 3600 -1
556 3219 -1
118 556 -1
556 3512 -1
1207 3800 -1
1072 3800 -1
361 3800 -1
3587 3800 -1
3661 3800 -1
387 1207 -1
38 1207 -1
327 2093 -1
327 2884 -1
327 1703 -1
327 3020 -1
327 363 -1
327 2892 -1
327 3693 -1
327 2419 -1
327 2078 -1
1378 1400 -1
1400 2928 -1
1400 1666 -1
556 2249 -1
2249 2292 -1
1751 3300 -1
3300 3616 -1
818 3300 -1
2002 3300 -1
1452 1751 -1
484 1751 -1
586 3121 -1
3378 3392 -1
297 3378 -1
3070 3196 -1
2576 3196 -1
3124 3196 -1
3196 3740 -1
2229 3196 -1
1342 3196 -1
339 365 -1
2499 3458 -1
2499 3264 -1
2499 3331 -1
118 2499 -1
2382 2499 -1
2063 2499 -1
2499 3600 -1
2499 3219 -1
1750 2499 -1
2499 3512 -1
1021 2499 -1
324 1115 -1
1115 1600 -1
1115 2432 -1
1115 2754 -1
1115 1411 -1
1115 3463 -1
1115 1450 -1
1115 2475 -1
1115 2637 -1
1115 3490 -1
1113 1115 -1
668 1115 -1
1115 2686 -1
34 2903 -1
2903 3567 -1
34 1603 -1
34 3508 -1
2815 3276 -1
1609 2815 -1
929 2815 -1
332 2815 -1
14 2815 -1
2007 2815 -1
46 3621 -1
1553 3621 -1
3 3621 -1
46 107 -1
46 3723 -1
46 3741 -1
46 3406 -1
1218 2279 -1
671 1218 -1
2688 3163 -1
2163 3163 -1
2178 2688 -1
2688 3629 -1
2688 2709 -1
474 2688 -1
1659 2688 -1
1309 2688 -1
338 899 -1
240 899 -1
899 1545 -1
899 1497 -1
899 2761 -1
338 3517 -1
338 3126 -1
338 3015 -1
1927 3231 -1
232 1927 -1
369 1927 -1
1214 1927 -1
596 2396 -1
6 596 -1
596 2462 -1
1174 3221 -1
329 3221 -1
3221 3372 -1
2574 3221 -1
686 3221 -1
280 1174 -1
1174 3241 -1
613 1174 -1
265 1174 -1
280 3668 -1
3241 3668 -1
265 3668 -1
3221 3668 -1
613 3668 -1
339 2251 -1
339 400 -1
339 578 -1
211 339 -1
180 1383 -1
1820 3052 -1
792 3755 -1
1328 3755 -1
3755 3804 -1
2294 3755 -1
3583 3755 -1
792 3714 -1
212 792 -1
792 1237 -1
216 792 -1
156 792 -1
792 1405 -1
2674 2969 -1
424 2969 -1
361 2969 -1
2969 3661 -1
2931 2969 -1
2267 2969 -1
1247 2969 -1
114 1354 -1
274 1354 -1
1354 2995 -1
637 1354 -1
318 1354 -1
114 1344 -1
114 3339 -1
1702 2476 -1
2476 3771 -1
1702 2052 -1
57 214 -1
214 1771 -1
100 214 -1
214 2421 -1
214 2181 -1
1405 2903 -1
2903 3714 -1
2084 2903 -1
1445 2903 -1
2903 3337 -1
1386 2903 -1
2903 3755 -1
354 2903 -1
2767 2903 -1
2450 2903 -1
212 2903 -1
1237 2903 -1
216 2903 -1
1690 2903 -1
1435 2903 -1
156 2903 -1
1405 1603 -1
1405 3508 -1
911 3567 -1
1765 3567 -1
34 911 -1
1110 1130 -1
621 3347 -1
1689 1829 -1
2071 2319 -1
1307 2319 -1
1919 2319 -1
2071 3466 -1
2071 2492 -1
1796 2892 -1
449 2892 -1
494 2892 -1
1926 2892 -1
1796 2093 -1
1796 3693 -1
1796 2078 -1
1703 1796 -1
2871 3297 -1
2184 3297 -1
1225 3297 -1
208 3297 -1
2373 3036 -1
1112 3036 -1
2587 3036 -1
2708 3036 -1
2701 3036 -1
1287 3036 -1
2373 2976 -1
2373 2564 -1
1861 2373 -1
2373 3782 -1
2373 2636 -1
1104 2373 -1
2373 2673 -1
47 2884 -1
47 1703 -1
47 363 -1
47 3020 -1
47 2093 -1
47 2419 -1
47 2078 -1
1821 2355 -1
344 1703 -1
344 2884 -1
344 3020 -1
344 363 -1
344 2892 -1
344 3693 -1
344 2093 -1
344 2419 -1
344 2078 -1
1506 3088 -1
1505 2231 -1
388 1505 -1
1505 2060 -1
1505 1646 -1
1505 1936 -1
692 1505 -1
1505 2137 -1
452 1505 -1
1505 2367 -1
293 353 -1
353 2497 -1
353 1554 -1
353 3767 -1
293 900 -1
1185 3121 -1
86 1854 -1
1206 3076 -1
871 1206 -1
2753 3696 -1
3185 3696 -1
1914 2753 -1
1399 2753 -1
2338 2753 -1
1454 2753 -1
2749 2753 -1
362 3799 -1
868 2949 -1
2584 3447 -1
3447 3617 -1
2210 3447 -1
2597 3447 -1
2442 3447 -1
3447 3510 -1
3320 3447 -1
63 3447 -1
2886 3216 -1
1240 3216 -1
418 3216 -1
2886 3067 -1
532 2886 -1
2837 2881 -1
1140 3694 -1
1081 1140 -1
1944 2910 -1
1087 2910 -1
1944 3691 -1
1284 1944 -1
710 1944 -1
1111 1944 -1
623 3719 -1
2565 3719 -1
605 3719 -1
623 3040 -1
133 623 -1
71 623 -1
623 3501 -1
623 3024 -1
623 2904 -1
378 623 -1
623 2909 -1
1362 3426 -1
2683 3426 -1
1254 1792 -1
483 1792 -1
1792 1860 -1
1792 3372 -1
686 1792 -1
979 1792 -1
1591 1792 -1
1792 2877 -1
1792 2270 -1
1254 2860 -1
1254 1980 -1
917 1254 -1
47 3088 -1
908 3033 -1
2913 3033 -1
1778 1827 -1
1827 2225 -1
405 1827 -1
653 3315 -1
86 425 -1
86 2976 -1
86 1861 -1
86 3782 -1
86 552 -1
86 2636 -1
86 2751 -1
447 3378 -1
3378 3717 -1
2861 3755 -1
2861 3714 -1
212 2861 -1
1237 2861 -1
216 2861 -1
156 2861 -1
1405 2861 -1
484 2157 -1
2157 3300 -1
2157 3244 -1
1452 2157 -1
2157 3150 -1
2157 3602 -1
2157 3127 -1
2157 3422 -1
484 1832 -1
484 2631 -1
484 3495 -1
1486 2288 -1
1622 2288 -1
1118 3715 -1
3576 3715 -1
3364 3715 -1
3709 3715 -1
1118 2515 -1
813 1118 -1
3060 3671 -1
3446 3671 -1
1414 2278 -1
216 2278 -1
156 2278 -1
2278 2644 -1
2278 2605 -1
1414 1530 -1
1414 2301 -1
1414 3045 -1
1038 1414 -1
1414 2199 -1
633 3457 -1
3457 3810 -1
2792 3457 -1
329 3457 -1
2348 3457 -1
686 3457 -1
816 3457 -1
3372 3457 -1
633 3698 -1
633 1219 -1
633 1479 -1
1383 2748 -1
919 1405 -1
1405 2248 -1
1405 3170 -1
245 1405 -1
1405 2423 -1
919 3714 -1
919 2084 -1
919 1445 -1
919 3337 -1
919 1386 -1
919 3755 -1
354 919 -1
919 2767 -1
919 2450 -1
212 919 -1
919 1237 -1
216 919 -1
919 1690 -1
919 1435 -1
156 919 -1
1586 3663 -1
1586 2077 -1
741 1586 -1
613 3124 -1
280 3124 -1
3124 3241 -1
265 3124 -1
533 3124 -1
3124 3221 -1
613 2576 -1
613 1342 -1
613 3740 -1
613 2229 -1
613 3070 -1
870 3175 -1
19 3175 -1
1179 3175 -1
24 886 -1
24 2835 -1
24 3180 -1
159 2842 -1
355 2842 -1
1328 3602 -1
792 3602 -1
3602 3804 -1
2294 3602 -1
3583 3602 -1
484 1328 -1
1328 3244 -1
1328 1452 -1
1328 3150 -1
1328 3127 -1
1328 3422 -1
616 1525 -1
1525 1971 -1
1525 2495 -1
478 1525 -1
1525 2135 -1
616 1052 -1
616 1357 -1
616 814 -1
2488 2876 -1
640 2488 -1
1794 2488 -1
1588 2359 -1
1588 1787 -1
404 1588 -1
1588 2950 -1
3042 3542 -1
502 3542 -1
818 1383 -1
1383 3616 -1
1383 2002 -1
1383 1751 -1
963 3025 -1
963 2802 -1
3300 3651 -1
1452 3651 -1
484 3651 -1
1691 3300 -1
3300 3543 -1
1487 3300 -1
1779 2543 -1
2543 2560 -1
1491 2543 -1
1533 2543 -1
591 2543 -1
1576 1779 -1
1779 3639 -1
936 3406 -1
107 936 -1
936 3723 -1
936 3621 -1
936 3741 -1
227 890 -1
227 1950 -1
1220 3799 -1
332 357 -1
357 1609 -1
357 929 -1
357 3276 -1
14 357 -1
357 2007 -1
332 563 -1
332 2044 -1
1764 3083 -1
116 3083 -1
1560 1764 -1
948 1764 -1
1707 2767 -1
2425 2767 -1
2767 2963 -1
354 1707 -1
1707 3779 -1
1707 2084 -1
1445 1707 -1
1707 3714 -1
1707 2450 -1
274 1707 -1
1690 1707 -1
1405 1707 -1
318 1707 -1
405 1570 -1
1570 2225 -1
1570 1778 -1
949 1893 -1
1893 3534 -1
949 3032 -1
949 1152 -1
949 3656 -1
949 1478 -1
329 1739 -1
1739 3810 -1
1739 2792 -1
1739 3372 -1
1739 2348 -1
686 1739 -1
816 1739 -1
1739 2574 -1
1174 1739 -1
633 1739 -1
329 2329 -1
329 542 -1
329 3023 -1
2525 3211 -1
706 3211 -1
1379 3211 -1
805 3211 -1
2830 3211 -1
3037 3211 -1
405 2716 -1
2225 2716 -1
1778 2716 -1
405 2586 -1
2225 2586 -1
1778 2586 -1
383 2779 -1
383 713 -1
2061 3135 -1
1820 2731 -1
1281 1820 -1
1820 2562 -1
1348 1820 -1
492 1820 -1
1820 2646 -1
1820 3295 -1
426 2564 -1
426 2976 -1
426 1861 -1
426 3782 -1
426 2636 -1
426 1104 -1
426 2673 -1
426 3036 -1
677 3778 -1
677 3594 -1
677 1539 -1
677 938 -1
677 1687 -1
429 677 -1
677 1358 -1
677 1967 -1
677 791 -1
189 677 -1
677 2110 -1
2205 3345 -1
1258 3345 -1
3140 3345 -1
1684 3451 -1
1017 3451 -1
1095 3451 -1
1684 2840 -1
1684 2977 -1
366 1684 -1
1009 1684 -1
1570 3642 -1
82 1570 -1
668 1310 -1
1310 1600 -1
1310 2432 -1
1310 1410 -1
324 1310 -1
1310 3463 -1
1310 2754 -1
1310 3490 -1
1310 1412 -1
1310 2524 -1
668 3343 -1
424 2595 -1
361 2595 -1
2595 3661 -1
2595 2674 -1
2595 2931 -1
2267 2595 -1
1247 2595 -1
1276 2679 -1
2679 3456 -1
2679 2916 -1
126 2679 -1
1978 3345 -1
1720 3353 -1
244 1720 -1
1434 3577 -1
1434 2563 -1
1446 2093 -1
1446 2884 -1
1446 1703 -1
1446 3020 -1
363 1446 -1
1446 2892 -1
1446 3693 -1
1446 2419 -1
1446 2078 -1
936 1748 -1
964 2632 -1
2632 2819 -1
1859 2632 -1
964 1256 -1
569 3127 -1
292 3127 -1
484 569 -1
569 3244 -1
569 1452 -1
569 3150 -1
569 3602 -1
569 3422 -1
1711 3032 -1
1152 1711 -1
1711 3656 -1
1711 1893 -1
1478 1711 -1
1490 2576 -1
2576 2872 -1
2576 2579 -1
1490 3124 -1
1490 3740 -1
1490 3070 -1
1342 1490 -1
1490 2229 -1
1262 2480 -1
154 2480 -1
1262 2377 -1
506 3434 -1
506 2072 -1
506 3474 -1
295 506 -1
600 3191 -1
190 3521 -1
2792 3521 -1
3521 3810 -1
2348 3521 -1
733 3521 -1
979 2995 -1
483 2995 -1
1860 2995 -1
1254 2995 -1
2995 3372 -1
686 2995 -1
1591 2995 -1
2877 2995 -1
2270 2995 -1
274 979 -1
637 979 -1
114 979 -1
979 3134 -1
979 2102 -1
979 989 -1
318 979 -1
1622 2221 -1
1486 2221 -1
1622 3336 -1
1123 2778 -1
1123 3377 -1
1123 2314 -1
638 1123 -1
3426 3548 -1
2649 3426 -1
2630 3426 -1
2102 3063 -1
2995 3063 -1
989 3063 -1
3063 3134 -1
637 3063 -1
899 2758 -1
2758 3517 -1
2758 3126 -1
2758 3015 -1
425 1792 -1
1792 2976 -1
1792 1861 -1
1792 3782 -1
552 1792 -1
1792 2636 -1
1792 2751 -1
425 2860 -1
425 1980 -1
425 917 -1
1494 3521 -1
3314 3521 -1
643 3521 -1
52 3521 -1
2377 3690 -1
2480 3690 -1
3699 3715 -1
1054 3715 -1
2515 3699 -1
813 3699 -1
1445 1490 -1
354 1490 -1
1490 3779 -1
1490 2084 -1
1490 3714 -1
1490 2450 -1
1490 2767 -1
274 1490 -1
1490 1690 -1
1405 1490 -1
318 1490 -1
1445 2872 -1
1445 2579 -1
2956 3340 -1
633 1505 -1
1505 3810 -1
1505 2792 -1
329 1505 -1
1505 2348 -1
686 1505 -1
816 1505 -1
1505 3372 -1
1195 3370 -1
3402 3685 -1
1408 3685 -1
1990 3685 -1
1385 3685 -1
2323 3685 -1
1885 3685 -1
895 3685 -1
2091 3518 -1
3518 3790 -1
2518 3518 -1
190 1409 -1
1409 2792 -1
1409 3810 -1
1409 2348 -1
733 1409 -1
1511 3048 -1
1222 1511 -1
873 1511 -1
1261 1511 -1
1267 1511 -1
1013 1511 -1
745 1511 -1
1139 3754 -1
3230 3754 -1
1139 2305 -1
86 3406 -1
86 107 -1
86 3723 -1
86 3621 -1
86 3741 -1
1259 2779 -1
713 1259 -1
3602 3771 -1
484 3771 -1
3244 3771 -1
1452 3771 -1
3150 3771 -1
3127 3771 -1
3422 3771 -1
1702 3602 -1
2423 2604 -1
2604 3170 -1
2248 2604 -1
245 2604 -1
919 2604 -1
2604 3545 -1
2266 2604 -1
283 2604 -1
1407 2604 -1
209 1942 -1
1942 2641 -1
1942 2521 -1
209 2176 -1
209 1221 -1
209 3179 -1
209 3148 -1
209 3189 -1
209 3674 -1
209 319 -1
730 3235 -1
730 2466 -1
730 1924 -1
730 2759 -1
551 730 -1
730 2799 -1
730 2105 -1
730 1807 -1
650 1450 -1
1450 2180 -1
1450 2215 -1
650 2432 -1
650 3490 -1
324 650 -1
650 2475 -1
650 2637 -1
650 1113 -1
650 2686 -1
355 1478 -1
159 1478 -1
355 3032 -1
355 1152 -1
355 3656 -1
355 1893 -1
2116 3554 -1
2168 3554 -1
1265 3554 -1
1692 3554 -1
1373 3554 -1
1945 2116 -1
887 2116 -1
1497 2892 -1
240 2892 -1
2761 2892 -1
338 2892 -1
1545 2892 -1
1497 2093 -1
1497 3693 -1
1497 2078 -1
1497 1703 -1
2409 3738 -1
2409 3072 -1
1979 2409 -1
2409 3590 -1
49 2409 -1
2409 2875 -1
1629 2409 -1
1119 3523 -1
1568 3523 -1
2182 3523 -1
1900 3523 -1
1650 3523 -1
1010 3523 -1
3523 3794 -1
123 3523 -1
201 2393 -1
2393 2841 -1
660 2393 -1
1801 1830 -1
1207 2521 -1
1072 2521 -1
361 2521 -1
2521 3587 -1
2521 3661 -1
209 1207 -1
1207 2641 -1
348 1046 -1
348 1017 -1
348 1095 -1
348 475 -1
348 3678 -1
348 1403 -1
530 3124 -1
1701 3124 -1
1032 3124 -1
73 3124 -1
3124 3184 -1
1077 3124 -1
2456 3124 -1
3124 3193 -1
2394 3124 -1
37 3124 -1
1333 3124 -1
530 2576 -1
530 1342 -1
530 3740 -1
530 2229 -1
530 3070 -1
2866 3066 -1
257 2866 -1
2162 2866 -1
967 2998 -1
1736 2998 -1
225 2998 -1
967 3707 -1
206 967 -1
645 2689 -1
593 645 -1
1012 1386 -1
1386 2160 -1
39 1386 -1
1012 3714 -1
212 1012 -1
1012 1237 -1
216 1012 -1
1012 1435 -1
156 1012 -1
1012 1405 -1
2066 3690 -1
150 3814 -1
2880 3814 -1
35 3814 -1
1531 3814 -1
150 2633 -1
19 2604 -1
1179 2604 -1
870 2604 -1
2509 2877 -1
483 2509 -1
1860 2509 -1
1254 2509 -1
2509 3372 -1
686 2509 -1
979 2509 -1
1591 2509 -1
2270 2509 -1
3378 3730 -1
665 3378 -1
1129 3419 -1
3419 3818 -1
2284 3419 -1
2527 3419 -1
1129 1664 -1
1129 2146 -1
1129 1795 -1
1129 2468 -1
1129 3529 -1
1129 1196 -1
625 1129 -1
436 1129 -1
534 1129 -1
1129 1783 -1
1129 2399 -1
28 949 -1
949 3217 -1
949 2785 -1
28 3534 -1
2303 2703 -1
3178 3799 -1
1329 3799 -1
3353 3668 -1
244 3668 -1
537 3603 -1
622 1394 -1
622 3541 -1
2885 2998 -1
2885 3707 -1
206 2885 -1
2228 2333 -1
1789 2333 -1
1381 2228 -1
2228 2317 -1
2228 2645 -1
573 2228 -1
2284 2983 -1
1129 2983 -1
2527 2983 -1
1729 1840 -1
867 1840 -1
1581 1840 -1
790 1840 -1
2467 3167 -1
2835 3167 -1
3167 3180 -1
1429 3167 -1
822 3167 -1
2639 3056 -1
1882 2639 -1
2639 3228 -1
1830 1843 -1
130 1830 -1
1226 3666 -1
2387 3666 -1
588 3666 -1
2067 2496 -1
2273 2496 -1
2156 2496 -1
1173 2496 -1
2286 2496 -1
2067 3394 -1
2965 3521 -1
838 1028 -1
1028 3096 -1
1586 3642 -1
82 1586 -1
1196 2164 -1
1664 2164 -1
2146 2164 -1
1795 2164 -1
2164 2468 -1
2164 3529 -1
436 2164 -1
534 2164 -1
2164 3419 -1
2164 2399 -1
1196 1835 -1
1196 3815 -1
356 1689 -1
1689 2416 -1
1689 3346 -1
1628 1689 -1
318 2778 -1
2778 3779 -1
1445 2778 -1
274 2778 -1
2450 2778 -1
2767 2778 -1
114 2778 -1
2778 2995 -1
637 2778 -1
318 3377 -1
318 2314 -1
318 638 -1
1646 3353 -1
388 3353 -1
2060 3353 -1
1936 3353 -1
692 3353 -1
2231 3353 -1
2137 3353 -1
452 3353 -1
2367 3353 -1
244 1646 -1
348 1739 -1
348 2329 -1
348 542 -1
348 3023 -1
357 1143 -1
563 1143 -1
1143 2044 -1
1467 3735 -1
1467 2867 -1
1467 3198 -1
1022 1195 -1
949 1940 -1
1940 3534 -1
1116 3331 -1
804 3331 -1
773 3331 -1
1116 3264 -1
1116 3458 -1
118 1116 -1
1116 2382 -1
1116 2063 -1
1116 3600 -1
1116 3219 -1
1116 1750 -1
1116 3512 -1
1021 1116 -1
1131 3542 -1
2124 2248 -1
928 2248 -1
204 2248 -1
1204 2248 -1
2124 3170 -1
919 2124 -1
245 2124 -1
2124 2423 -1
2124 3545 -1
2124 2266 -1
283 2124 -1
317 2124 -1
1407 2124 -1
2477 2831 -1
2066 2995 -1
274 2066 -1
637 2066 -1
114 2066 -1
2066 3134 -1
2066 2102 -1
989 2066 -1
318 2066 -1
1374 1862 -1
1374 2073 -1
1374 1660 -1
685 1374 -1
1600 3137 -1
2432 3137 -1
1410 3137 -1
324 3137 -1
3137 3463 -1
2524 3137 -1
2754 3137 -1
3137 3490 -1
1412 3137 -1
668 3137 -1
363 3603 -1
2884 3603 -1
1703 3603 -1
3020 3603 -1
2093 3603 -1
2419 3603 -1
2078 3603 -1
46 967 -1
967 1553 -1
3 967 -1
46 1736 -1
46 225 -1
185 1987 -1
1987 3233 -1
1484 1987 -1
958 2616 -1
1890 3190 -1
1549 3190 -1
645 1021 -1
645 3264 -1
645 3458 -1
645 3331 -1
645 1750 -1
645 2382 -1
645 2063 -1
645 3600 -1
645 3219 -1
118 645 -1
645 3512 -1
2870 3016 -1
86 2717 -1
214 2066 -1
367 405 -1
367 2225 -1
367 1778 -1
1317 3173 -1
2856 3173 -1
1317 2529 -1
1317 3149 -1
510 1317 -1
2525 3070 -1
706 3070 -1
1379 3070 -1
805 3070 -1
2830 3070 -1
3037 3070 -1
2525 2576 -1
2525 3124 -1
2525 3740 -1
2229 2525 -1
1342 2525 -1
1722 2467 -1
212 2467 -1
1237 2467 -1
1722 2835 -1
1722 3180 -1
1429 1722 -1
822 1722 -1
229 3025 -1
229 2802 -1
1104 3521 -1
2976 3521 -1
2564 3521 -1
1861 3521 -1
3521 3782 -1
2636 3521 -1
2673 3521 -1
3036 3521 -1
6 1827 -1
1120 1827 -1
1827 2241 -1
1827 2755 -1
1827 3047 -1
520 1827 -1
1827 2889 -1
288 1827 -1
1827 2775 -1
1827 2396 -1
1827 2462 -1
1807 3018 -1
226 3018 -1
3018 3235 -1
1924 3018 -1
551 3018 -1
2759 3018 -1
2799 3018 -1
3018 3125 -1
2105 3018 -1
803 832 -1
803 3489 -1
803 1458 -1
2420 3350 -1
801 2420 -1
2420 2873 -1
643 1535 -1
1535 3314 -1
52 1535 -1
1494 1535 -1
643 1636 -1
268 643 -1
50 643 -1
643 3344 -1
466 643 -1
183 643 -1
25 643 -1
227 978 -1
227 395 -1
1082 3378 -1
1931 3378 -1
258 3731 -1
444 648 -1
524 648 -1
387 3190 -1
3190 3800 -1
38 3190 -1
2383 3421 -1
453 3421 -1
2710 3421 -1
1345 2383 -1
348 354 -1
348 3714 -1
348 2084 -1
348 1445 -1
348 2767 -1
348 2450 -1
348 1690 -1
348 1405 -1
159 2296 -1
355 2296 -1
1229 2680 -1
498 2680 -1
1216 2877 -1
2877 3200 -1
464 2877 -1
197 2877 -1
483 1216 -1
1216 1860 -1
1216 1254 -1
1216 3372 -1
686 1216 -1
979 1216 -1
1216 1591 -1
1216 2270 -1
3216 3340 -1
3067 3340 -1
532 3340 -1
1762 2665 -1
1479 3680 -1
3457 3680 -1
1219 3680 -1
5 3680 -1
2793 3680 -1
1002 3680 -1
2255 3680 -1
2513 3680 -1
3680 3698 -1
1955 2641 -1
2505 2641 -1
691 2641 -1
2062 2641 -1
209 1955 -1
1955 2521 -1
34 3116 -1
3116 3567 -1
34 1133 -1
34 431 -1
34 261 -1
34 341 -1
3 209 -1
209 1553 -1
46 209 -1
3 2641 -1
3 2521 -1
716 793 -1
793 3136 -1
793 2321 -1
793 3379 -1
1602 3253 -1
1602 2628 -1
1752 2859 -1
2859 3650 -1
675 2859 -1
1956 2859 -1
2859 3208 -1
23 2859 -1
1561 2859 -1
1752 2513 -1
1002 1752 -1
1752 2254 -1
660 3694 -1
2841 3694 -1
201 3694 -1
660 1081 -1
1729 2636 -1
867 2636 -1
1581 2636 -1
790 2636 -1
1729 2976 -1
1729 2564 -1
1729 1861 -1
1729 3782 -1
552 1729 -1
425 1729 -1
1104 1729 -1
1729 2673 -1
1729 3036 -1
1729 2751 -1
1621 3033 -1
2904 3735 -1
3040 3735 -1
133 3735 -1
71 3735 -1
3719 3735 -1
3501 3735 -1
3024 3735 -1
378 3735 -1
2909 3735 -1
2867 2904 -1
2904 3198 -1
1798 1914 -1
1798 3696 -1
1454 1798 -1
1958 3779 -1
3313 3779 -1
1958 2450 -1
274 1958 -1
1445 1958 -1
318 1958 -1
1958 2767 -1
1146 2173 -1
1103 2173 -1
2239 3799 -1
152 3799 -1
375 3676 -1
375 2945 -1
375 1607 -1
375 2663 -1
375 1957 -1
375 863 -1
787 3216 -1
787 3067 -1
532 787 -1
265 2957 -1
280 2957 -1
2957 3241 -1
2957 3221 -1
613 2957 -1
259 1071 -1
233 1071 -1
1071 3412 -1
259 1697 -1
1879 3235 -1
1879 2466 -1
1879 1924 -1
1879 2759 -1
551 1879 -1
1879 2799 -1
1879 2105 -1
1807 1879 -1
114 3589 -1
274 3589 -1
2995 3589 -1
637 3589 -1
318 3589 -1
114 1872 -1
1040 3191 -1
9 1124 -1
9 27 -1
2273 2643 -1
2067 2643 -1
2156 2643 -1
1173 2643 -1
384 2273 -1
2273 2441 -1
1120 3334 -1
288 3334 -1
2241 3334 -1
2755 3334 -1
6 3334 -1
2889 3334 -1
2775 3334 -1
2462 3334 -1
988 1120 -1
2446 3135 -1
44 53 -1
53 1808 -1
1188 1708 -1
2576 3447 -1
3124 3447 -1
3447 3740 -1
3070 3447 -1
1342 3447 -1
2229 3447 -1
39 3681 -1
2160 3681 -1
1012 3681 -1
1366 2665 -1
427 2665 -1
1261 2359 -1
1222 2359 -1
2359 3048 -1
873 2359 -1
1267 2359 -1
1013 2359 -1
745 2359 -1
1261 1787 -1
404 1261 -1
1261 2950 -1
2108 2394 -1
1701 2108 -1
1032 2108 -1
73 2108 -1
2108 3184 -1
530 2108 -1
1077 2108 -1
2108 2456 -1
2108 3193 -1
1333 2108 -1
37 2108 -1
833 1673 -1
113 833 -1
833 2546 -1
334 833 -1
359 833 -1
635 1609 -1
1609 3302 -1
1609 3111 -1
1609 3737 -1
1609 3751 -1
1609 2668 -1
1609 2958 -1
1609 3311 -1
1609 2935 -1
1609 3257 -1
507 1609 -1
1609 3417 -1
332 635 -1
635 929 -1
635 3276 -1
14 635 -1
635 2007 -1
405 910 -1
910 2225 -1
910 1778 -1
1168 3595 -1
1168 2533 -1
589 1168 -1
1168 2609 -1
883 1168 -1
1168 1205 -1
1168 3801 -1
1168 1948 -1
905 3708 -1
3623 3708 -1
905 1372 -1
767 905 -1
2535 3269 -1
456 3269 -1
3158 3269 -1
93 914 -1
2684 2886 -1
1240 2684 -1
418 2684 -1
1958 3773 -1
3313 3773 -1
1958 2099 -1
1224 1958 -1
1958 3081 -1
330 1958 -1
1235 1958 -1
1594 1958 -1
1693 1958 -1
1470 1958 -1
16 2042 -1
2042 2573 -1
16 2552 -1
269 2332 -1
1907 2332 -1
269 3397 -1
2776 3693 -1
2776 2892 -1
2093 2776 -1
2078 2776 -1
1703 2776 -1
833 1630 -1
39 2056 -1
2056 2160 -1
1012 2056 -1
2886 2887 -1
1240 2887 -1
418 2887 -1
409 3719 -1
2715 3719 -1
409 3040 -1
133 409 -1
71 409 -1
409 3501 -1
409 3024 -1
409 2904 -1
378 409 -1
409 2909 -1
449 2127 -1
1796 2127 -1
494 2127 -1
1926 2127 -1
449 3009 -1
449 2247 -1
2219 2910 -1
2219 3691 -1
1284 2219 -1
710 2219 -1
1111 2219 -1
3207 3427 -1
320 3427 -1
1986 3427 -1
3427 3692 -1
2285 3427 -1
3054 3427 -1
1972 3427 -1
885 3427 -1
3223 3427 -1
538 3427 -1
380 3427 -1
1117 3427 -1
849 1098 -1
1098 1616 -1
1098 1099 -1
629 1098 -1
1098 1447 -1
348 1684 -1
4 185 -1
185 2268 -1
4 3233 -1
4 1484 -1
1417 3786 -1
574 3786 -1
1121 1417 -1
1417 3571 -1
68 1417 -1
1417 1677 -1
2731 2779 -1
1281 2779 -1
2562 2779 -1
1348 2779 -1
492 2779 -1
2646 2779 -1
2779 3295 -1
713 2731 -1
1123 3523 -1
1710 1813 -1
1813 2172 -1
1046 3419 -1
1017 3419 -1
1095 3419 -1
475 3419 -1
3419 3678 -1
1403 3419 -1
1046 1664 -1
1046 2146 -1
1046 1795 -1
1046 2468 -1
1046 3529 -1
1046 1196 -1
625 1046 -1
436 1046 -1
534 1046 -1
1046 1783 -1
1046 2399 -1
861 2332 -1
861 3397 -1
36 1368 -1
1382 2332 -1
1029 2332 -1
267 2332 -1
2332 3057 -1
282 2332 -1
2332 3547 -1
1151 2332 -1
1382 3397 -1
957 3337 -1
1026 3337 -1
325 3337 -1
1223 3337 -1
2812 3337 -1
3337 3581 -1
511 3337 -1
957 3714 -1
957 1690 -1
957 1405 -1
1773 3690 -1
2401 3690 -1
1698 3690 -1
3430 3690 -1
845 3690 -1
3539 3690 -1
2938 3690 -1
622 1207 -1
622 1072 -1
361 622 -1
622 3587 -1
622 3661 -1
1389 3814 -1
1389 2633 -1
1016 2338 -1
1016 3696 -1
1016 2749 -1
1016 1454 -1
1016 1399 -1
449 2876 -1
1796 2876 -1
494 2876 -1
1926 2876 -1
449 640 -1
449 1794 -1
778 1780 -1
762 1780 -1
749 2129 -1
2009 2129 -1
749 2269 -1
749 3287 -1
1174 3306 -1
329 3306 -1
3306 3372 -1
2574 3306 -1
686 3306 -1
2335 2884 -1
2884 3704 -1
1930 2884 -1
1703 2335 -1
363 2335 -1
2335 3020 -1
2093 2335 -1
2335 2419 -1
2078 2335 -1
1958 1963 -1
1963 3313 -1
1862 2616 -1
2073 2616 -1
1660 2616 -1
685 2616 -1
643 2492 -1
2492 3314 -1
52 2492 -1
1494 2492 -1
643 2161 -1
643 3466 -1
643 2319 -1
244 724 -1
724 3353 -1
1551 2530 -1
1551 3788 -1
739 1551 -1
1551 2532 -1
375 1751 -1
375 3616 -1
375 818 -1
375 2002 -1
2364 3625 -1
259 3121 -1
233 3121 -1
3121 3412 -1
180 3554 -1
180 1945 -1
180 887 -1
1453 2750 -1
410 1453 -1
2406 2885 -1
1329 1703 -1
1703 3178 -1
1329 2884 -1
1329 3020 -1
363 1329 -1
1329 2892 -1
1329 3693 -1
1329 2093 -1
1329 2419 -1
1329 2078 -1
1760 1764 -1
116 1760 -1
1052 2766 -1
1357 2766 -1
814 2766 -1
1525 2766 -1
1942 2881 -1
2176 2881 -1
1221 2881 -1
2881 3179 -1
2881 3148 -1
2881 3189 -1
2881 3674 -1
319 2881 -1
1303 2781 -1
1303 1856 -1
1303 1509 -1
176 1303 -1
977 1303 -1
1303 1620 -1
1303 2069 -1
1303 1657 -1
572 1303 -1
1303 1733 -1
1425 2640 -1
2156 2536 -1
2273 2536 -1
2067 2536 -1
1173 2536 -1
2286 2536 -1
1678 2887 -1
2887 3806 -1
1150 2887 -1
2734 2887 -1
3066 3340 -1
257 3340 -1
2162 3340 -1
150 1443 -1
1443 2880 -1
35 1443 -1
1443 1531 -1
2752 3332 -1
770 2752 -1
2832 3025 -1
2802 2832 -1
2512 2884 -1
1703 2512 -1
363 2512 -1
2512 3020 -1
2093 2512 -1
2419 2512 -1
2078 2512 -1
1705 2480 -1
1705 2377 -1
204 868 -1
868 928 -1
868 2124 -1
868 1204 -1
304 2375 -1
892 2375 -1
302 3306 -1
1053 3306 -1
1736 2614 -1
225 2614 -1
967 2614 -1
1119 1710 -1
1568 1710 -1
1710 2182 -1
1710 1900 -1
1650 1710 -1
1010 1710 -1
1710 3794 -1
123 1710 -1
1119 2172 -1
1146 3350 -1
1103 3350 -1
801 1146 -1
1146 2873 -1
602 1884 -1
437 1884 -1
2876 2918 -1
640 2918 -1
1794 2918 -1
588 3211 -1
1226 3211 -1
2387 3211 -1
1566 2576 -1
2274 2576 -1
187 2576 -1
2469 2576 -1
1838 2576 -1
1999 2576 -1
539 2576 -1
735 2576 -1
1566 3124 -1
1566 3740 -1
1566 3070 -1
1342 1566 -1
1566 2229 -1
3 1468 -1
1468 1553 -1
46 1468 -1
3 178 -1
1677 2824 -1
1121 2824 -1
2824 3786 -1
2824 3571 -1
68 2824 -1
3315 3665 -1
362 2956 -1
2382 2981 -1
2981 3264 -1
2981 3458 -1
2981 3331 -1
118 2981 -1
2063 2981 -1
2981 3600 -1
2981 3219 -1
1750 2981 -1
2981 3512 -1
1021 2981 -1
2047 2382 -1
598 3121 -1
1732 3121 -1
300 3121 -1
1788 3121 -1
1513 3121 -1
559 2918 -1
21 2888 -1
1810 2888 -1
522 3253 -1
1728 3253 -1
386 3253 -1
3253 3813 -1
2952 3253 -1
2764 3253 -1
1682 3253 -1
2035 3253 -1
3253 3540 -1
1753 3253 -1
522 2628 -1
280 1748 -1
1748 3241 -1
265 1748 -1
1748 3221 -1
613 1748 -1
2818 3409 -1
1401 2818 -1
2818 3578 -1
284 2818 -1
2818 3450 -1
2429 2818 -1
3042 3676 -1
502 3676 -1
2945 3042 -1
1607 3042 -1
2663 3042 -1
1957 3042 -1
863 3042 -1
2680 2886 -1
1240 2680 -1
418 2680 -1
1022 2525 -1
706 1022 -1
1022 1379 -1
805 1022 -1
1022 2830 -1
1022 3037 -1
37 2667 -1
73 2667 -1
2667 3184 -1
530 2667 -1
1077 2667 -1
2456 2667 -1
2394 2667 -1
859 2667 -1
1333 2667 -1
37 697 -1
37 966 -1
1690 1820 -1
354 1820 -1
1820 2084 -1
1445 1820 -1
1820 3337 -1
1820 3714 -1
1820 2767 -1
1820 2450 -1
1405 1820 -1
641 3186 -1
641 3670 -1
175 641 -1
1494 1789 -1
1789 3314 -1
643 1789 -1
52 1789 -1
1494 2228 -1
121 251 -1
251 3375 -1
121 3707 -1
121 206 -1
2990 3735 -1
993 3735 -1
2788 3735 -1
1639 3735 -1
687 3735 -1
1938 3735 -1
854 3735 -1
1786 3735 -1
2012 3735 -1
2867 2990 -1
2990 3198 -1
1229 2250 -1
498 2250 -1
1229 2635 -1
1330 3490 -1
328 3490 -1
2889 3490 -1
3299 3490 -1
3490 3565 -1
288 3490 -1
1330 1600 -1
1330 2432 -1
1330 2754 -1
1330 1411 -1
324 1330 -1
1330 3463 -1
1330 1450 -1
1330 2475 -1
1330 2637 -1
1113 1330 -1
668 1330 -1
1330 2686 -1
1405 1940 -1
1940 3714 -1
1940 2084 -1
1445 1940 -1
1940 3337 -1
1386 1940 -1
1940 3755 -1
354 1940 -1
1940 2767 -1
1940 2450 -1
212 1940 -1
1237 1940 -1
216 1940 -1
1690 1940 -1
1435 1940 -1
156 1940 -1
734 3228 -1
3228 3440 -1
289 3228 -1
902 3228 -1
734 3056 -1
734 1882 -1
734 1619 -1
801 1021 -1
1021 2873 -1
1021 3350 -1
801 3264 -1
801 3458 -1
801 3331 -1
801 1750 -1
801 2382 -1
801 2063 -1
801 3600 -1
801 3219 -1
118 801 -1
801 3512 -1
968 3690 -1
1283 1780 -1
51 1983 -1
1983 2096 -1
880 1983 -1
1818 1983 -1
1983 2732 -1
1983 2813 -1
360 3378 -1
2323 3378 -1
1709 3378 -1
1990 3378 -1
1872 3609 -1
3589 3609 -1
3225 3258 -1
1068 3258 -1
1463 3258 -1
300 3153 -1
1788 3153 -1
1732 3153 -1
598 3153 -1
300 776 -1
3 2997 -1
1553 2997 -1
46 2997 -1
251 1013 -1
1013 3707 -1
206 1013 -1
251 3811 -1
251 1222 -1
251 3048 -1
251 873 -1
251 1261 -1
251 1137 -1
251 1267 -1
251 745 -1
3117 3679 -1
1450 2403 -1
2403 2432 -1
2403 3490 -1
324 2403 -1
2403 2475 -1
2403 2637 -1
1113 2403 -1
2403 2686 -1
686 1729 -1
1729 3810 -1
483 1729 -1
1729 1860 -1
1254 1729 -1
1729 2792 -1
329 1729 -1
1591 1729 -1
1729 2348 -1
1729 2574 -1
816 1729 -1
979 1729 -1
1174 1729 -1
1729 3372 -1
633 1729 -1
1729 2877 -1
1729 2270 -1
686 867 -1
686 1581 -1
686 790 -1
1178 3070 -1
1178 2576 -1
1178 3124 -1
1178 3740 -1
1178 2229 -1
1178 1342 -1
604 2911 -1
2911 2985 -1
2891 2911 -1
1414 2385 -1
216 2385 -1
156 2385 -1
2385 2644 -1
2385 2605 -1
1953 3567 -1
34 1953 -1
1026 2404 -1
325 2404 -1
1223 2404 -1
957 2404 -1
2404 2812 -1
2404 3581 -1
511 2404 -1
1365 1446 -1
1446 2218 -1
1446 3019 -1
2349 2886 -1
1240 2349 -1
418 2349 -1
2641 2852 -1
209 2852 -1
2521 2852 -1
2995 3025 -1
274 3025 -1
637 3025 -1
114 3025 -1
3025 3134 -1
2102 3025 -1
989 3025 -1
318 3025 -1
2802 2995 -1
633 2743 -1
2743 3810 -1
2743 2792 -1
329 2743 -1
2348 2743 -1
686 2743 -1
816 2743 -1
2743 3372 -1
633 2189 -1
625 3735 -1
3419 3735 -1
534 3735 -1
625 2867 -1
625 3198 -1
2576 3426 -1
3124 3426 -1
3426 3740 -1
3070 3426 -1
1342 3426 -1
2229 3426 -1
1660 2863 -1
2073 2863 -1
685 2863 -1
1862 2863 -1
110 869 -1
110 2469 -1
110 1838 -1
110 1999 -1
110 3551 -1
110 539 -1
110 1157 -1
643 1511 -1
1511 3314 -1
52 1511 -1
1494 1511 -1
180 1298 -1
648 3207 -1
320 648 -1
648 1986 -1
648 3692 -1
648 2285 -1
648 3054 -1
648 1972 -1
648 885 -1
648 3223 -1
538 648 -1
380 648 -1
648 1117 -1
1410 3532 -1
1600 3532 -1
668 3532 -1
2524 3532 -1
1410 3323 -1
956 1410 -1
1031 1410 -1
236 1437 -1
236 2478 -1
1418 2401 -1
129 2401 -1
1418 1698 -1
1418 3430 -1
1418 1773 -1
845 1418 -1
1418 3539 -1
1418 2938 -1
1849 2332 -1
1849 3397 -1
787 1074 -1
182 2219 -1
3101 3334 -1
988 3101 -1
2003 3666 -1
3631 3666 -1
1210 2791 -1
761 1210 -1
532 2896 -1
2896 3216 -1
2896 3067 -1
920 949 -1
920 3534 -1
1021 3186 -1
3186 3264 -1
3186 3458 -1
3186 3331 -1
1750 3186 -1
2382 3186 -1
2063 3186 -1
3186 3600 -1
3186 3219 -1
118 3186 -1
3186 3512 -1
1021 3670 -1
175 1021 -1
787 3164 -1
2524 2542 -1
1600 2542 -1
668 2542 -1
1410 2542 -1
1412 2542 -1
318 2094 -1
2094 3779 -1
1445 2094 -1
274 2094 -1
2094 2450 -1
2094 2767 -1
114 2094 -1
2094 2995 -1
637 2094 -1
1908 2630 -1
2336 2630 -1
2630 2907 -1
997 2630 -1
2630 3607 -1
1908 2649 -1
1908 3548 -1
1792 2483 -1
2483 2860 -1
1980 2483 -1
917 2483 -1
307 1792 -1
1792 3109 -1
1378 1614 -1
1614 2928 -1
1614 1666 -1
648 2131 -1
608 648 -1
1218 2434 -1
2403 2526 -1
87 3774 -1
2241 3799 -1
1120 3799 -1
288 3799 -1
2755 3799 -1
6 3799 -1
2889 3799 -1
2775 3799 -1
2462 3799 -1
2489 3235 -1
2466 2489 -1
1924 2489 -1
2489 2759 -1
551 2489 -1
2489 2799 -1
2105 2489 -1
1807 2489 -1
1830 2661 -1
1830 3489 -1
1458 1830 -1
1830 2259 -1
616 1526 -1
1526 1971 -1
1526 2495 -1
478 1526 -1
1526 2135 -1
616 2088 -1
1226 2682 -1
2387 2682 -1
588 2682 -1
118 914 -1
914 3264 -1
914 3458 -1
914 3331 -1
914 2382 -1
914 2063 -1
914 3600 -1
914 3219 -1
914 1750 -1
914 3512 -1
914 1021 -1
964 2462 -1
2462 2819 -1
1859 2462 -1
964 1120 -1
964 2241 -1
964 2755 -1
6 964 -1
964 3047 -1
520 964 -1
964 2889 -1
288 964 -1
964 2775 -1
964 2396 -1
2376 2442 -1
2442 2972 -1
2376 3617 -1
2210 2376 -1
2376 2597 -1
2376 3320 -1
2376 3510 -1
2376 2584 -1
63 2376 -1
2250 3800 -1
2635 3800 -1
387 2250 -1
38 2250 -1
520 716 -1
288 716 -1
716 2755 -1
6 716 -1
716 3047 -1
716 2889 -1
716 2462 -1
520 3136 -1
520 2321 -1
520 3379 -1
556 905 -1
905 2292 -1
556 3623 -1
2381 2616 -1
730 1202 -1
1453 3518 -1
1131 1479 -1
1131 3457 -1
1131 1219 -1
5 1131 -1
1131 2793 -1
1002 1131 -1
1131 2255 -1
1131 2513 -1
1131 3698 -1
2818 3665 -1
2208 2779 -1
713 2208 -1
1446 2624 -1
1446 3797 -1
1178 2313 -1
1178 2845 -1
857 2002 -1
2002 3648 -1
857 3616 -1
818 857 -1
857 1751 -1
2524 2963 -1
1600 2963 -1
668 2963 -1
1410 2963 -1
1412 2963 -1
1799 2524 -1
2425 2524 -1
1707 2524 -1
1737 2524 -1
86 1109 -1
314 3025 -1
314 2802 -1
46 212 -1
212 1553 -1
3 212 -1
46 3714 -1
46 1386 -1
46 3755 -1
46 1237 -1
46 216 -1
46 1722 -1
46 1435 -1
46 156 -1
46 1405 -1
2624 3542 -1
3542 3797 -1
471 601 -1
353 2108 -1
900 2108 -1
719 3076 -1
719 871 -1
39 43 -1
43 2160 -1
43 1012 -1
360 3719 -1
2323 3719 -1
1709 3719 -1
1990 3719 -1
360 3040 -1
133 360 -1
71 360 -1
360 3501 -1
360 3024 -1
360 2904 -1
360 378 -1
360 2909 -1
833 2821 -1
833 1398 -1
1494 1677 -1
1677 3314 -1
643 1677 -1
52 1677 -1
1121 1494 -1
1494 3786 -1
1494 3571 -1
68 1494 -1
1220 3755 -1
1220 3714 -1
212 1220 -1
1220 1237 -1
216 1220 -1
156 1220 -1
1220 1405 -1
348 2966 -1
3546 3690 -1
3582 3690 -1
2511 2703 -1
1486 1677 -1
1622 1677 -1
1121 1486 -1
1486 3786 -1
1486 3571 -1
68 1486 -1
502 3142 -1
3042 3142 -1
502 2854 -1
2484 3231 -1
417 3231 -1
2212 3231 -1
2237 3231 -1
232 2484 -1
369 2484 -1
1214 2484 -1
2401 3039 -1
1698 3039 -1
3039 3430 -1
1773 3039 -1
845 3039 -1
3039 3539 -1
2938 3039 -1
1686 2401 -1
1633 2401 -1
1749 2401 -1
942 2401 -1
2525 2689 -1
706 2689 -1
1379 2689 -1
805 2689 -1
2689 2830 -1
2689 3037 -1
593 2525 -1
116 1414 -1
1414 1764 -1
116 216 -1
116 156 -1
116 2644 -1
116 2605 -1
1689 1804 -1
1585 1689 -1
868 2347 -1
1490 2063 -1
2063 2872 -1
2063 2579 -1
1490 3264 -1
1490 3458 -1
1490 3331 -1
1490 1750 -1
1490 2382 -1
1490 3600 -1
1490 3219 -1
118 1490 -1
1490 3512 -1
1021 1490 -1
801 2535 -1
2535 2873 -1
2535 3350 -1
456 801 -1
801 3158 -1
2358 2561 -1
474 2358 -1
1659 2358 -1
880 3518 -1
2732 3518 -1
2769 3518 -1
2386 3518 -1
51 3518 -1
2583 3518 -1
1818 3518 -1
1887 3518 -1
1202 2909 -1
1202 3040 -1
1202 3024 -1
133 1202 -1
71 1202 -1
1202 3719 -1
1202 3501 -1
1202 3280 -1
1202 2904 -1
378 1202 -1
462 2156 -1
462 2273 -1
462 2067 -1
462 1173 -1
462 2286 -1
2480 2525 -1
2377 2525 -1
706 2480 -1
1379 2480 -1
805 2480 -1
2480 2830 -1
2480 3037 -1
216 225 -1
225 3714 -1
225 1414 -1
225 1386 -1
225 3755 -1
225 2605 -1
225 2644 -1
225 1237 -1
212 225 -1
225 1435 -1
156 225 -1
225 1405 -1
216 1736 -1
216 967 -1
321 2360 -1
191 2332 -1
2332 3803 -1
191 3397 -1
57 1963 -1
1771 1963 -1
100 1963 -1
1963 2421 -1
1963 2181 -1
1702 2785 -1
2785 3771 -1
1702 3217 -1
28 1702 -1
2156 2409 -1
2273 2409 -1
2067 2409 -1
1173 2409 -1
2286 2409 -1
32 2640 -1
200 2640 -1
2640 2992 -1
2386 2640 -1
1887 2640 -1
2640 2769 -1
1010 1416 -1
1416 1568 -1
1416 2182 -1
1416 1900 -1
1416 1650 -1
1416 3794 -1
123 1416 -1
1119 1416 -1
2526 3066 -1
257 2526 -1
2162 2526 -1
2360 3048 -1
1222 2360 -1
873 2360 -1
1261 2360 -1
1267 2360 -1
1013 2360 -1
745 2360 -1
293 896 -1
896 2497 -1
896 1554 -1
896 3767 -1
293 391 -1
1989 2981 -1
1989 2047 -1
868 2792 -1
868 3810 -1
329 868 -1
868 2348 -1
686 868 -1
816 868 -1
868 3372 -1
633 868 -1
733 868 -1
190 868 -1
247 1796 -1
247 449 -1
247 494 -1
247 1926 -1
2401 3020 -1
1698 3020 -1
3020 3430 -1
1773 3020 -1
845 3020 -1
3020 3539 -1
2938 3020 -1
2401 2884 -1
1703 2401 -1
363 2401 -1
2093 2401 -1
2401 2419 -1
2078 2401 -1
87 2776 -1
3306 3501 -1
3040 3306 -1
133 3306 -1
71 3306 -1
3306 3719 -1
3024 3306 -1
2904 3306 -1
378 3306 -1
2909 3306 -1
1747 3353 -1
244 1747 -1
2465 2604 -1
1059 2604 -1
2013 2604 -1
2604 2951 -1
3305 3590 -1
2875 3305 -1
3305 3738 -1
1979 3305 -1
1629 3305 -1
49 3305 -1
2094 2756 -1
2094 2875 -1
1979 2094 -1
1629 2094 -1
1689 2693 -1
978 2433 -1
395 2433 -1
682 3332 -1
682 770 -1
1403 1862 -1
1017 1862 -1
475 1862 -1
1046 1862 -1
1095 1862 -1
1403 2073 -1
1403 1660 -1
685 1403 -1
93 3345 -1
1751 3577 -1
3577 3616 -1
818 3577 -1
2002 3577 -1
1751 2563 -1
1650 3533 -1
1568 3533 -1
3533 3794 -1
1900 3533 -1
1010 3533 -1
1119 3533 -1
1314 1650 -1
1650 2531 -1
1650 2570 -1
1420 1650 -1
1495 1650 -1
1650 3130 -1
571 1650 -1
46 760 -1
760 1553 -1
3 760 -1
2876 3104 -1
640 3104 -1
1794 3104 -1
2022 2876 -1
1298 3668 -1
327 3042 -1
327 502 -1
110 3674 -1
110 2176 -1
110 1221 -1
110 3179 -1
110 3148 -1
110 3189 -1
110 1942 -1
110 319 -1
677 1792 -1
677 2860 -1
677 1980 -1
677 917 -1
209 949 -1
949 2641 -1
949 2521 -1
209 3534 -1
600 645 -1
212 2396 -1
2396 3714 -1
1386 2396 -1
2396 3755 -1
1237 2396 -1
216 2396 -1
1722 2396 -1
1435 2396 -1
156 2396 -1
1405 2396 -1
6 212 -1
212 2462 -1
46 96 -1
96 1553 -1
3 96 -1
651 1098 -1
1098 1300 -1
716 3495 -1
3136 3495 -1
2321 3495 -1
3379 3495 -1
716 1832 -1
716 2157 -1
716 2631 -1
2383 2571 -1
453 2571 -1
2571 2710 -1
668 3198 -1
1600 3198 -1
2432 3198 -1
1410 3198 -1
324 3198 -1
3198 3463 -1
2754 3198 -1
3198 3490 -1
1412 3198 -1
2524 3198 -1
668 2867 -1
668 3735 -1
244 1003 -1
1003 3353 -1
832 2917 -1
2917 3489 -1
1458 2917 -1
832 3522 -1
16 93 -1
93 2573 -1
3437 3705 -1
712 3437 -1
88 3437 -1
128 3437 -1
1520 3437 -1
1822 3437 -1
1068 2359 -1
2359 3225 -1
1463 2359 -1
1068 1787 -1
404 1068 -1
1068 2950 -1
2067 2919 -1
2273 2919 -1
2156 2919 -1
1173 2919 -1
2286 2919 -1
1206 2404 -1
130 3295 -1
1843 3295 -1
130 1281 -1
130 2562 -1
130 1348 -1
130 2731 -1
130 492 -1
130 2646 -1
2205 2381 -1
1258 2381 -1
2381 3140 -1
1796 1945 -1
449 1945 -1
494 1945 -1
1926 1945 -1
1796 3554 -1
887 1796 -1
639 2231 -1
2083 2231 -1
1043 2231 -1
388 639 -1
639 2060 -1
639 1646 -1
639 1936 -1
639 692 -1
639 2137 -1
452 639 -1
639 2367 -1
185 526 -1
526 3233 -1
526 1484 -1
185 3553 -1
185 987 -1
185 926 -1
185 558 -1
185 3505 -1
375 1272 -1
2221 2973 -1
2973 3336 -1
1381 2221 -1
2221 2645 -1
1486 1729 -1
1622 1729 -1
867 1486 -1
1486 1581 -1
790 1486 -1
977 3685 -1
1856 3685 -1
1733 3685 -1
2781 3685 -1
2054 3772 -1
1208 3772 -1
3248 3772 -1
3092 3772 -1
1747 2359 -1
1747 1787 -1
404 1747 -1
1747 2950 -1
604 887 -1
887 2985 -1
887 2891 -1
604 1945 -1
604 3554 -1
1017 3178 -1
1403 3178 -1
1684 3178 -1
1046 3178 -1
475 3178 -1
1095 3178 -1
1017 1329 -1
18 1796 -1
827 1796 -1
1796 3515 -1
18 449 -1
18 494 -1
18 1926 -1
2931 3647 -1
424 3647 -1
361 3647 -1
3647 3661 -1
2674 3647 -1
2267 3647 -1
1247 3647 -1
1926 3419 -1
449 3419 -1
1796 3419 -1
494 3419 -1
1664 1926 -1
1926 2146 -1
1795 1926 -1
1926 2468 -1
1926 3529 -1
1196 1926 -1
625 1926 -1
436 1926 -1
534 1926 -1
1783 1926 -1
1926 2399 -1
3036 3334 -1
2976 3334 -1
2564 3334 -1
1861 3334 -1
3334 3782 -1
2636 3334 -1
1104 3334 -1
2673 3334 -1
988 3036 -1
19 1396 -1
1179 1396 -1
870 1396 -1
19 1285 -1
155 664 -1
664 932 -1
664 2343 -1
155 2388 -1
155 2081 -1
155 3028 -1
155 1631 -1
1247 2921 -1
424 2921 -1
361 2921 -1
2921 3661 -1
2674 2921 -1
2921 2931 -1
2267 2921 -1
1798 3489 -1
832 1798 -1
1458 1798 -1
1798 2259 -1
1798 2661 -1
212 990 -1
990 3714 -1
990 1386 -1
990 3755 -1
990 1237 -1
216 990 -1
990 1722 -1
990 1435 -1
156 990 -1
990 1405 -1
309 3025 -1
309 2802 -1
325 3606 -1
1026 3606 -1
1223 3606 -1
957 3606 -1
2812 3606 -1
3581 3606 -1
511 3606 -1
325 2987 -1
955 3172 -1
2592 3172 -1
955 2944 -1
955 3365 -1
3 3023 -1
1553 3023 -1
46 3023 -1
3 2329 -1
3 1739 -1
3 542 -1
1711 3763 -1
524 2231 -1
444 2231 -1
388 524 -1
524 2060 -1
524 1646 -1
524 1936 -1
524 692 -1
524 2137 -1
452 524 -1
524 2367 -1
2537 3378 -1
1596 3378 -1
1722 1906 -1
212 1906 -1
1237 1906 -1
868 3305 -1
2094 2102 -1
989 2094 -1
2094 3134 -1
995 1394 -1
995 3541 -1
1660 3585 -1
2073 3585 -1
685 3585 -1
1862 3585 -1
258 998 -1
258 2138 -1
46 251 -1
251 1553 -1
3 251 -1
46 3707 -1
46 206 -1
887 1080 -1
1080 1945 -1
1080 3554 -1
887 2048 -1
2378 2561 -1
649 2561 -1
474 2378 -1
1659 2378 -1
588 3275 -1
1226 3275 -1
2387 3275 -1
29 1339 -1
29 2538 -1
645 3211 -1
1660 3060 -1
2073 3060 -1
685 3060 -1
1862 3060 -1
1660 3446 -1
941 2067 -1
1489 2067 -1
2067 3270 -1
535 2067 -1
941 2273 -1
941 2156 -1
941 1173 -1
941 2286 -1
52 949 -1
949 3314 -1
643 949 -1
949 1494 -1
52 3534 -1
681 3518 -1
3273 3518 -1
2659 3518 -1
503 2108 -1
1350 1412 -1
1350 1600 -1
668 1350 -1
1350 2524 -1
868 1261 -1
868 1222 -1
868 3048 -1
868 873 -1
868 1267 -1
868 1013 -1
745 868 -1
3397 3534 -1
2332 3534 -1
949 3397 -1
2928 3774 -1
1666 3774 -1
1378 3774 -1
1262 3070 -1
154 3070 -1
1262 2576 -1
1262 3124 -1
1262 3740 -1
1262 2229 -1
1262 1342 -1
1043 2099 -1
2083 2099 -1
639 2099 -1
1043 1224 -1
1043 3081 -1
330 1043 -1
1043 1693 -1
1043 1235 -1
1043 1594 -1
1043 3773 -1
1043 1470 -1
204 3774 -1
928 3774 -1
2124 3774 -1
1204 3774 -1
2496 3338 -1
3338 3394 -1
566 2496 -1
1108 1445 -1
354 1108 -1
1108 3779 -1
1108 2084 -1
1108 3714 -1
1108 2450 -1
1108 2767 -1
274 1108 -1
1108 1690 -1
1108 1405 -1
318 1108 -1
1792 3278 -1
2860 3278 -1
1980 3278 -1
917 3278 -1
1696 1792 -1
1792 2455 -1
2442 3427 -1
3427 3617 -1
2210 3427 -1
2597 3427 -1
3320 3427 -1
3427 3510 -1
2584 3427 -1
63 3427 -1
1010 2862 -1
1568 2862 -1
2182 2862 -1
1900 2862 -1
1650 2862 -1
2862 3794 -1
123 2862 -1
1119 2862 -1
1010 2475 -1
1010 2637 -1
379 1720 -1
2366 3685 -1
275 3685 -1
1479 1623 -1
1623 3457 -1
1219 1623 -1
5 1623 -1
1623 2793 -1
1002 1623 -1
1623 2255 -1
1623 2513 -1
1623 3698 -1
1479 3777 -1
662 1479 -1
2571 3157 -1
738 2571 -1
1277 3228 -1
1277 3056 -1
1277 1882 -1
1277 1619 -1
995 1372 -1
995 2490 -1
995 3708 -1
893 995 -1
767 995 -1
1123 2576 -1
1123 3124 -1
1123 3740 -1
1123 3070 -1
1123 1342 -1
1123 2229 -1
2476 3701 -1
2052 3701 -1
913 2998 -1
913 3707 -1
206 913 -1
2665 3060 -1
2665 3446 -1
1950 3117 -1
890 3117 -1
1450 1938 -1
1938 2432 -1
1938 3490 -1
324 1938 -1
1938 2475 -1
1938 2637 -1
1113 1938 -1
1938 2686 -1
993 1450 -1
1450 2788 -1
1450 1639 -1
1450 2990 -1
687 1450 -1
854 1450 -1
1450 1786 -1
1450 2012 -1
556 3817 -1
2292 3817 -1
40 556 -1
556 1325 -1
178 1202 -1
1202 1468 -1
870 2383 -1
19 2383 -1
1179 2383 -1
453 870 -1
870 2710 -1
1973 3052 -1
2688 2892 -1
2163 2892 -1
2093 2688 -1
2688 3693 -1
2078 2688 -1
1703 2688 -1
50 628 -1
628 1636 -1
268 628 -1
628 3344 -1
466 628 -1
183 628 -1
25 628 -1
628 1535 -1
50 241 -1
949 2060 -1
2060 3534 -1
452 949 -1
949 1646 -1
949 1936 -1
692 949 -1
949 2231 -1
949 2137 -1
949 2367 -1
591 3091 -1
2560 3091 -1
1779 3091 -1
1533 3091 -1
1491 3091 -1
2367 3590 -1
388 3590 -1
2060 3590 -1
1646 3590 -1
1936 3590 -1
692 3590 -1
2231 3590 -1
2137 3590 -1
452 3590 -1
2367 2875 -1
2367 3738 -1
1979 2367 -1
1629 2367 -1
49 2367 -1
788 2726 -1
788 1248 -1
1808 1841 -1
44 1841 -1
1808 2727 -1
790 2273 -1
1729 2273 -1
1581 2273 -1
790 2067 -1
790 2156 -1
790 1173 -1
2396 3381 -1
6 3381 -1
2462 3381 -1
2731 3719 -1
1281 3719 -1
2562 3719 -1
1348 3719 -1
492 3719 -1
2646 3719 -1
3295 3719 -1
2731 3040 -1
133 2731 -1
71 2731 -1
2731 3501 -1
2731 3024 -1
2731 2904 -1
378 2731 -1
2731 2909 -1
641 3178 -1
641 1329 -1
1414 1649 -1
216 1649 -1
156 1649 -1
1649 2644 -1
1649 2605 -1
1041 1414 -1
81 1414 -1
1414 1448 -1
875 1414 -1
1414 2952 -1
1414 1682 -1
1414 2553 -1
1337 1414 -1
121 2885 -1
2885 3375 -1
236 2401 -1
236 1698 -1
236 3430 -1
236 1773 -1
236 845 -1
236 3539 -1
236 2938 -1
75 1376 -1
287 849 -1
849 1898 -1
849 2629 -1
287 1616 -1
287 1099 -1
287 629 -1
287 1447 -1
456 3645 -1
3158 3645 -1
2535 3645 -1
49 2335 -1
2335 3072 -1
1979 2335 -1
2335 3590 -1
2335 3738 -1
2335 2875 -1
1629 2335 -1
49 3704 -1
49 1930 -1
878 2902 -1
363 3542 -1
2884 3542 -1
1703 3542 -1
3020 3542 -1
2093 3542 -1
2419 3542 -1
2078 3542 -1
1575 2876 -1
640 1575 -1
1575 1794 -1
1414 3727 -1
216 3727 -1
156 3727 -1
2644 3727 -1
2605 3727 -1
888 1414 -1
856 1414 -1
577 1414 -1
470 3019 -1
470 2218 -1
470 1365 -1
1796 3645 -1
449 3645 -1
494 3645 -1
1926 3645 -1
886 2242 -1
2242 2835 -1
2242 3180 -1
886 2768 -1
886 1661 -1
16 3774 -1
2573 3774 -1
1598 1792 -1
1792 3226 -1
1792 2943 -1
1598 2860 -1
1598 1980 -1
917 1598 -1
2186 3427 -1
715 2761 -1
1008 2761 -1
174 2761 -1
240 715 -1
715 1545 -1
338 715 -1
715 1497 -1
2179 2237 -1
417 2179 -1
2179 2212 -1
2179 2484 -1
583 2751 -1
583 2976 -1
583 1861 -1
583 3782 -1
552 583 -1
425 583 -1
583 2636 -1
69 583 -1
107 2995 -1
2995 3723 -1
2995 3621 -1
2995 3406 -1
2995 3741 -1
107 274 -1
107 637 -1
107 114 -1
107 3134 -1
107 2102 -1
107 989 -1
107 318 -1
2167 2881 -1
1989 3295 -1
1281 1989 -1
1989 2562 -1
1348 1989 -1
1989 2731 -1
492 1989 -1
1989 2646 -1
28 2885 -1
2885 3217 -1
2785 2885 -1
19 1943 -1
1179 1943 -1
870 1943 -1
19 1132 -1
348 1688 -1
2563 2973 -1
2973 3577 -1
1381 2563 -1
2563 2645 -1
1854 3231 -1
232 1854 -1
369 1854 -1
1214 1854 -1
3055 3164 -1
833 3399 -1
166 833 -1
833 2092 -1
833 3408 -1
833 2130 -1
833 2741 -1
833 1085 -1
833 1694 -1
2434 3209 -1
1425 2576 -1
1425 3124 -1
1425 3740 -1
1425 3070 -1
1342 1425 -1
1425 2229 -1
859 1137 -1
1137 2456 -1
37 1137 -1
745 859 -1
859 1267 -1
859 1013 -1
859 3811 -1
2127 2876 -1
2876 3009 -1
2247 2876 -1
640 2127 -1
1794 2127 -1
342 3067 -1
342 3216 -1
342 532 -1
2676 2965 -1
2384 2818 -1
3542 3594 -1
3542 3778 -1
1539 3542 -1
938 3542 -1
1687 3542 -1
429 3542 -1
1358 3542 -1
1967 3542 -1
791 3542 -1
189 3542 -1
2110 3542 -1
1486 3577 -1
1622 3577 -1
1486 2563 -1
1416 1446 -1
16 2066 -1
2066 2573 -1
586 3127 -1
484 586 -1
586 3244 -1
586 1452 -1
586 3150 -1
586 3602 -1
586 3422 -1
363 1416 -1
1416 2884 -1
1416 1703 -1
1416 3020 -1
1416 2093 -1
1416 2419 -1
1416 2078 -1
617 624 -1
617 3376 -1
503 950 -1
1263 2791 -1
1296 2791 -1
468 2791 -1
2791 3238 -1
761 1263 -1
336 1122 -1
336 1641 -1
854 3701 -1
1786 3701 -1
2012 3701 -1
1938 3701 -1
2990 3701 -1
687 3701 -1
3392 3518 -1
297 3518 -1
2959 2983 -1
2761 3304 -1
240 3304 -1
1545 3304 -1
338 3304 -1
1497 3304 -1
2761 3182 -1
2271 2761 -1
1253 1470 -1
1470 3010 -1
830 1470 -1
135 1470 -1
1253 3081 -1
330 1253 -1
1253 1693 -1
1253 2099 -1
1253 1594 -1
1253 3773 -1
357 3334 -1
563 3334 -1
2044 3334 -1
357 988 -1
729 3340 -1
2175 3376 -1
3168 3376 -1
624 2175 -1
1046 1207 -1
1017 1207 -1
1095 1207 -1
475 1207 -1
1207 3678 -1
1207 1403 -1
1046 1072 -1
361 1046 -1
1046 3587 -1
1046 3661 -1
1017 2250 -1
1403 2250 -1
1684 2250 -1
1046 2250 -1
475 2250 -1
1095 2250 -1
1017 2635 -1
1425 1446 -1
1089 2401 -1
497 2401 -1
1089 1698 -1
1089 3430 -1
1089 1773 -1
845 1089 -1
1089 3539 -1
1089 2938 -1
858 3497 -1
1802 3497 -1
2334 3497 -1
858 1776 -1
201 949 -1
949 2841 -1
660 949 -1
201 3534 -1
47 2684 -1
1046 3451 -1
475 3451 -1
3451 3678 -1
1403 3451 -1
1046 2840 -1
1046 2977 -1
366 1046 -1
1009 1046 -1
1708 3749 -1
868 3656 -1
868 3032 -1
868 1152 -1
868 1893 -1
868 1478 -1
155 2477 -1
932 2477 -1
2343 2477 -1
1317 3044 -1
2856 3044 -1
177 3489 -1
177 832 -1
177 1458 -1
177 2259 -1
177 2661 -1
1168 3559 -1
2117 2401 -1
2401 3046 -1
1698 2117 -1
2117 3430 -1
1773 2117 -1
845 2117 -1
2117 3539 -1
2117 2938 -1
2732 3533 -1
880 3533 -1
2769 3533 -1
2386 3533 -1
51 3533 -1
2583 3533 -1
1818 3533 -1
1887 3533 -1
1314 2732 -1
2531 2732 -1
2570 2732 -1
1420 2732 -1
1495 2732 -1
2732 3130 -1
571 2732 -1
342 2099 -1
342 1224 -1
342 3081 -1
330 342 -1
342 1693 -1
342 1235 -1
342 1594 -1
342 3773 -1
342 1470 -1
375 1998 -1
375 516 -1
78 375 -1
375 1198 -1
375 3615 -1
871 3186 -1
3076 3186 -1
871 3670 -1
175 871 -1
190 3526 -1
2792 3526 -1
3526 3810 -1
2348 3526 -1
733 3526 -1
1343 1689 -1
244 1032 -1
1032 3353 -1
244 1701 -1
73 244 -1
244 3184 -1
244 530 -1
244 1333 -1
244 3193 -1
244 2394 -1
3198 3205 -1
2867 3205 -1
3205 3735 -1
2699 3198 -1
1131 2584 -1
1131 3617 -1
1131 2210 -1
1131 2597 -1
1131 2442 -1
1131 3510 -1
1131 3320 -1
63 1131 -1
136 474 -1
136 2561 -1
136 2178 -1
136 3163 -1
136 3629 -1
136 2709 -1
136 1659 -1
136 1309 -1
1729 3032 -1
867 3032 -1
1581 3032 -1
790 3032 -1
1152 1729 -1
1729 3656 -1
1729 1893 -1
1478 1729 -1
375 2748 -1
46 208 -1
208 1553 -1
3 208 -1
46 2184 -1
46 1225 -1
46 2871 -1
319 2604 -1
2604 3674 -1
2604 3189 -1
1942 2604 -1
2332 2961 -1
2961 3397 -1
1261 1792 -1
1222 1792 -1
1792 3048 -1
873 1792 -1
1267 1792 -1
1013 1792 -1
745 1792 -1
1261 2860 -1
1261 1980 -1
917 1261 -1
336 3226 -1
336 1598 -1
336 2943 -1
871 3190 -1
3076 3190 -1
338 366 -1
240 366 -1
366 1545 -1
366 1497 -1
366 2761 -1
338 2840 -1
338 2977 -1
338 3451 -1
3127 3182 -1
484 3182 -1
3182 3244 -1
1452 3182 -1
3150 3182 -1
3182 3602 -1
3182 3422 -1
3127 3304 -1
2271 3127 -1
1617 3302 -1
1617 3777 -1
507 1617 -1
1617 3460 -1
1617 3728 -1
1617 3737 -1
1617 2958 -1
1617 3311 -1
635 1617 -1
662 1617 -1
1617 3417 -1
1617 3257 -1
954 1617 -1
1617 1947 -1
1617 3069 -1
1724 1973 -1
859 2348 -1
2348 2456 -1
37 2348 -1
859 3810 -1
859 2792 -1
329 859 -1
859 3372 -1
686 859 -1
816 859 -1
633 859 -1
733 859 -1
190 859 -1
