490 3547 1
1156 2201 1
3160 3202 1
1758 3519 1
489 2598 1
1605 3425 1
3303 3444 1
1715 2405 1
1363 3456 1
620 1093 1
1045 2728 1
1496 2580 1
1929 2598 1
489 1929 1
3425 3807 1
1605 3807 1
269 1037 1
1637 3233 1
2850 3803 1
1030 1341 1
1274 1944 1
423 1169 1
1805 2707 1
191 3105 1
2979 3538 1
2226 3483 1
861 2730 1
1322 3089 1
1096 3558 1
902 1584 1
1565 3360 1
489 2634 1
1929 2634 1
2598 2634 1
540 2932 1
679 3579 1
1674 2613 1
2340 3212 1
8 2201 1
8 1156 1
2037 3464 1
1562 2612 1
2652 3286 1
2730 3210 1
861 3210 1
1970 2331 1
1096 2136 1
2136 3558 1
1611 2843 1
377 3123 1
2019 2171 1
2257 3807 1
2257 3425 1
1605 2257 1
1182 3014 1
235 423 1
235 1169 1
124 1637 1
124 3233 1
2097 3026 1
902 1565 1
1565 1584 1
902 3360 1
126 1774 1
1363 3792 1
3456 3792 1
1014 1929 1
489 1014 1
1014 2634 1
1014 2598 1
2055 2055 1
1922 2850 1
1922 3803 1
235 2979 1
1169 2979 1
423 2979 1
235 3538 1
1315 2728 1
1045 1315 1
2171 3440 1
2019 3440 1
443 3702 1
3026 3160 1
2097 3160 1
3026 3202 1
1322 2340 1
2340 3089 1
1322 3212 1
1363 3303 1
3303 3456 1
3303 3792 1
1363 3444 1
1685 3057 1
1364 3341 1
1484 1637 1
1484 3233 1
124 1484 1
1590 3328 1
2106 2940 1
636 1169 1
235 636 1
636 2979 1
423 636 1
1590 1985 1
1985 3328 1
0 3633 1
1127 1951 1
553 3807 1
553 3425 1
553 1605 1
553 2257 1
1584 2648 1
1565 2648 1
902 2648 1
8 2580 1
2201 2580 1
1156 2580 1
8 1496 1
565 3275 1
1024 1674 1
1024 2613 1
1364 1624 1
1624 3341 1
1181 2598 1
489 1181 1
1181 2634 1
1014 1181 1
1181 1929 1
1907 2810 1
2191 2932 1
540 2191 1
592 1332 1
2485 3328 1
1985 2485 1
1590 2485 1
2405 3085 1
1715 3085 1
965 3107 1
876 2308 1
1356 3107 1
965 1356 1
1715 2308 1
2308 2405 1
2308 3085 1
876 1715 1
1512 1546 1
141 1076 1
1387 1624 1
1364 1387 1
1387 3341 1
1496 2826 1
8 2826 1
2580 2826 1
1761 2612 1
1562 1761 1
2730 3341 1
3210 3341 1
861 3341 1
1387 2730 1
1364 2730 1
1624 2730 1
1363 3483 1
3456 3483 1
3483 3792 1
3444 3483 1
3303 3483 1
1363 2226 1
540 1341 1
1341 2932 1
1341 2191 1
540 1030 1
8 925 1
925 1156 1
925 2826 1
925 2580 1
925 1496 1
925 2201 1
1809 3558 1
1096 1809 1
1809 2136 1
423 443 1
443 1169 1
235 443 1
443 636 1
443 2979 1
423 3702 1
883 3051 1
489 2048 1
2048 2598 1
1929 2048 1
2048 2634 1
1014 2048 1
1181 2048 1
721 2145 1
2097 3074 1
3074 3160 1
3026 3074 1
2826 3057 1
1496 3057 1
8 3057 1
2580 3057 1
925 3057 1
1685 2826 1
1597 3492 1
56 2979 1
56 423 1
56 235 1
56 1169 1
56 3538 1
56 443 1
56 636 1
743 1176 1
1 3677 1
1295 3254 1
358 1770 1
358 2003 1
1770 2003 1
489 1952 1
1952 2048 1
1952 2598 1
1929 1952 1
1952 2634 1
1014 1952 1
1181 1952 1
1922 3579 1
2850 3579 1
3579 3803 1
679 1922 1
253 2613 1
253 1024 1
253 1674 1
812 1761 1
812 1562 1
812 2612 1
1562 2596 1
1761 2596 1
2596 2612 1
812 2596 1
381 472 1
925 1562 1
1156 1562 1
8 1562 1
1562 2826 1
1562 3057 1
1562 2580 1
1496 1562 1
1562 2201 1
925 1761 1
812 925 1
925 2612 1
925 2596 1
1431 3057 1
8 1431 1
1431 2826 1
1431 2580 1
1431 1685 1
1431 1496 1
1431 1562 1
925 1431 1
1512 1689 1
1546 1689 1
1024 2988 1
1674 2988 1
2613 2988 1
253 2988 1
1758 3328 1
3328 3519 1
1758 1985 1
1758 2485 1
1590 1758 1
2195 3524 1
2627 3014 1
1182 2627 1
56 2422 1
2422 2979 1
423 2422 1
235 2422 1
1169 2422 1
2422 3538 1
443 2422 1
636 2422 1
1861 2796 1
3133 3601 1
873 1282 1
762 2352 1
2138 2663 1
362 2060 1
728 2237 1
516 527 1
2347 3351 1
3036 3167 1
1626 3387 1
180 255 1
476 2941 1
2785 3469 1
11 664 1
1661 1998 1
2162 2663 1
2138 2162 1
573 2516 1
2002 2060 1
362 2002 1
778 1225 1
2187 3226 1
1137 2608 1
979 2976 1
1480 3327 1
1704 2945 1
1957 2808 1
2542 3387 1
1626 2542 1
543 1118 1
2506 3782 1
814 1191 1
1525 2270 1
550 2052 1
483 491 1
2666 3409 1
69 1250 1
452 1267 1
1075 1480 1
1075 3327 1
69 3601 1
1250 3601 1
69 3133 1
1389 2645 1
463 3349 1
402 1641 1
1595 2636 1
686 1626 1
686 3387 1
686 2542 1
11 3066 1
664 3066 1
543 2692 1
1118 2692 1
1283 2124 1
1013 1748 1
2476 2663 1
2138 2476 1
2162 2476 1
1588 3509 1
2785 2920 1
2920 3469 1
816 1193 1
3294 3401 1
1622 2237 1
728 1622 1
1137 2625 1
2608 2625 1
1793 2577 1
633 3109 1
2484 3225 1
1193 3770 1
816 3770 1
190 928 1
1595 2625 1
2625 2636 1
1595 2608 1
1137 1595 1
1813 1992 1
816 3671 1
1193 3671 1
3671 3770 1
1917 2717 1
2124 2317 1
1283 2317 1
463 907 1
907 3349 1
1272 3722 1
918 2976 1
918 979 1
1323 2270 1
1323 1525 1
873 3731 1
1282 3731 1
1075 3656 1
1480 3656 1
3327 3656 1
863 3066 1
664 863 1
11 863 1
2307 2566 1
762 1075 1
1075 2352 1
762 1480 1
762 3656 1
762 3327 1
1335 2066 1
109 3429 1
2126 2663 1
2126 2138 1
2126 2476 1
2126 2162 1
1283 1360 1
1360 2124 1
1360 2317 1
1054 2600 1
1498 2333 1
204 2256 1
96 3364 1
1357 1641 1
402 1357 1
3406 3651 1
1013 3025 1
1748 3025 1
52 2008 1
24 2476 1
24 2138 1
24 2162 1
24 2126 1
24 2663 1
433 3407 1
2484 3364 1
3225 3364 1
96 2484 1
250 900 1
920 2574 1
1526 1936 1
1118 2406 1
2406 2692 1
543 2406 1
3665 3810 1
979 1204 1
1204 2976 1
918 1204 1
2212 2965 1
1261 1868 1
3601 3682 1
1250 3682 1
3133 3682 1
69 3682 1
713 2625 1
713 2608 1
713 1137 1
713 1595 1
713 2636 1
527 1118 1
516 1118 1
527 2692 1
527 2406 1
527 543 1
814 3226 1
1191 3226 1
814 2187 1
2008 2663 1
52 2663 1
2008 2476 1
2008 2126 1
2008 2162 1
24 2008 1
2008 2138 1
2348 3025 1
1748 2348 1
1013 2348 1
2211 3709 1
814 2945 1
2945 3226 1
2187 2945 1
1191 2945 1
814 1704 1
599 2367 1
2212 3278 1
2965 3278 1
2802 3245 1
1122 2636 1
1122 2625 1
1122 1595 1
713 1122 1
979 1875 1
1875 2976 1
1204 1875 1
918 1875 1
278 1193 1
278 816 1
278 3770 1
278 3671 1
2717 3294 1
1917 3294 1
2717 3401 1
2965 3305 1
2212 3305 1
3278 3305 1
149 1137 1
149 2608 1
149 2625 1
149 1595 1
149 713 1
1747 2751 1
2388 2611 1
713 3071 1
2625 3071 1
1122 3071 1
2636 3071 1
2608 3071 1
1137 3071 1
149 3071 1
1595 3071 1
402 643 1
643 1641 1
643 1357 1
2079 2212 1
2079 3305 1
2079 2965 1
2079 3278 1
69 3429 1
3429 3601 1
1250 3429 1
3429 3682 1
3133 3429 1
69 109 1
599 653 1
653 2367 1
287 2429 1
491 2779 1
483 2779 1
3314 3741 1
109 3496 1
3429 3496 1
69 3496 1
452 3305 1
1267 3305 1
452 3278 1
452 2965 1
452 2212 1
452 2079 1
601 3615 1
733 1375 1
955 990 1
924 2592 1
1598 3032 1
385 1174 1
385 1434 1
1174 1434 1
2187 2564 1
2564 2945 1
2564 3226 1
814 2564 1
2060 3406 1
362 3406 1
2002 3406 1
2060 3651 1
1893 3749 1
402 3159 1
1641 3159 1
643 3159 1
1357 3159 1
412 3665 1
412 3810 1
728 1357 1
1357 2237 1
1357 1622 1
643 728 1
728 1641 1
402 728 1
728 3159 1
190 362 1
362 928 1
190 2002 1
190 2060 1
190 3406 1
1261 1747 1
1747 1868 1
1261 2751 1
463 1696 1
907 1696 1
1696 3349 1
1340 1957 1
1340 2808 1
1222 2367 1
653 1222 1
599 1222 1
2238 2793 1
66 3320 1
3268 3608 1
1001 2719 1
1136 1535 1
1968 3544 1
99 1449 1
41 2835 1
210 2315 1
1619 1866 1
461 1110 1
695 1201 1
48 2739 1
709 2478 1
2531 2615 1
970 2437 1
129 1449 1
99 129 1
390 1754 1
311 1006 1
1769 3265 1
939 3609 1
1886 3344 1
1906 2083 1
104 3795 1
1219 1619 1
1219 1866 1
771 1241 1
170 2345 1
1636 3279 1
1314 1975 1
1391 1814 1
1390 3516 1
1876 2846 1
2739 3145 1
48 3145 1
1763 2702 1
172 2117 1
5 2379 1
2379 2413 1
5 2413 1
1008 2944 1
1679 2161 1
183 311 1
183 1006 1
744 1986 1
1004 1899 1
5 140 1
140 2379 1
140 2413 1
390 772 1
772 1754 1
64 1619 1
64 1866 1
64 1219 1
2478 3223 1
709 3223 1
1968 3139 1
3139 3544 1
2999 3139 1
1968 2999 1
2999 3544 1
2262 3592 1
3011 3532 1
125 1877 1
976 3031 1
3031 3640 1
976 3640 1
765 1874 1
194 3533 1
1290 1972 1
479 2442 1
3232 3435 1
765 1527 1
1527 1874 1
2046 3471 1
639 3292 1
380 466 1
886 1031 1
709 1968 1
1968 2478 1
1968 3223 1
709 3139 1
709 2999 1
709 3544 1
810 1092 1
153 2193 1
1686 2658 1
2745 3365 1
1587 2319 1
1314 1479 1
1479 1975 1
547 1901 1
2615 2822 1
2531 2822 1
951 1968 1
951 3139 1
709 951 1
951 2999 1
951 2478 1
951 3223 1
951 3544 1
1959 3533 1
194 1959 1
1846 3617 1
461 587 1
587 1110 1
784 3624 1
3054 3256 1
784 2444 1
2444 3624 1
939 1636 1
1636 3609 1
939 3279 1
2345 3214 1
170 3214 1
1092 1713 1
810 1713 1
1230 2315 1
210 1230 1
125 3398 1
1877 3398 1
2507 2897 1
246 2230 1
1993 2479 1
885 3207 1
983 3151 1
1743 3742 1
772 1866 1
1754 1866 1
390 1866 1
64 772 1
772 1219 1
772 1619 1
784 1420 1
1420 3624 1
1420 2444 1
1853 3493 1
2186 2356 1
611 886 1
611 1031 1
192 2822 1
192 2531 1
192 2615 1
140 1563 1
1563 2379 1
5 1563 1
1563 2413 1
1505 1975 1
1314 1505 1
1479 1505 1
962 2407 1
3004 3552 1
1479 2597 1
1505 2597 1
1314 2597 1
1975 2597 1
504 3064 1
1268 2980 1
644 3493 1
644 1853 1
315 631 1
315 695 1
631 695 1
315 1201 1
461 1716 1
587 1716 1
1110 1716 1
1391 2298 1
1814 2298 1
1239 2230 1
246 1239 1
1242 1336 1
50 736 1
3344 3762 1
1886 3762 1
1136 2474 1
1535 2474 1
704 1327 1
587 3552 1
1716 3552 1
461 3552 1
1110 3552 1
587 3004 1
3079 3151 1
983 3079 1
1909 2155 1
1679 2897 1
2161 2897 1
1679 2507 1
66 345 1
345 3320 1
939 3344 1
3344 3609 1
1636 3344 1
3279 3344 1
939 3762 1
939 1886 1
1246 1906 1
1246 2083 1
885 2478 1
2478 3207 1
709 885 1
885 3223 1
885 1968 1
885 951 1
1731 3265 1
1731 1769 1
1136 1853 1
1853 2474 1
1535 1853 1
644 1136 1
1136 3493 1
408 2513 1
771 2369 1
1241 2369 1
129 345 1
345 1449 1
99 345 1
129 3320 1
66 129 1
970 3043 1
2437 3043 1
2471 3044 1
983 1043 1
1043 3079 1
1043 3151 1
882 2210 1
2345 3516 1
170 3516 1
3214 3516 1
1390 2345 1
1239 1716 1
246 1716 1
1716 2230 1
1239 3552 1
1110 1239 1
587 1239 1
461 1239 1
882 3720 1
2210 3720 1
2835 2953 1
41 2953 1
2834 3609 1
2834 3344 1
939 2834 1
1636 2834 1
2711 3320 1
345 2711 1
66 2711 1
129 2711 1
64 2369 1
1866 2369 1
1619 2369 1
772 2369 1
1219 2369 1
64 771 1
64 1241 1
268 2407 1
268 962 1
1876 2014 1
2014 2846 1
174 2083 1
174 1906 1
174 1246 1
99 2059 1
1449 2059 1
345 2059 1
129 2059 1
192 1642 1
1642 2531 1
1642 2822 1
1642 2615 1
695 1959 1
1201 1959 1
315 1959 1
631 1959 1
194 695 1
695 3533 1
1993 3609 1
2479 3609 1
1636 1993 1
939 1993 1
1993 3344 1
1993 2834 1
1458 2817 1
1879 3366 1
2246 3276 1
173 2861 1
1574 2170 1
719 854 1
579 3766 1
322 2264 1
1296 3103 1
1962 2817 1
1458 1962 1
394 411 1
82 2957 1
988 3143 1
2279 3255 1
586 3000 1
1296 3420 1
3103 3420 1
2112 3816 1
832 3126 1
132 2353 1
1248 3276 1
1248 2246 1
838 3182 1
14 3700 1
2107 3007 1
3193 3637 1
724 2144 1
1143 2144 1
724 1143 1
1817 3700 1
14 1817 1
1783 2338 1
2271 3643 1
1782 2170 1
1574 1782 1
1576 3582 1
724 2456 1
2144 2456 1
1143 2456 1
2489 2963 1
1328 2157 1
1160 2380 1
230 2245 1
233 2854 1
301 3802 1
994 2170 1
994 1782 1
994 1574 1
59 988 1
59 3143 1
534 1717 1
262 2938 1
395 2394 1
625 719 1
625 854 1
2817 2978 1
1458 2978 1
1962 2978 1
2394 3572 1
395 3572 1
259 579 1
259 3766 1
1371 1454 1
1161 1384 1
230 3569 1
2245 3569 1
285 2157 1
285 1328 1
470 1732 1
2425 2861 1
173 2425 1
2404 2876 1
300 671 1
1210 2904 1
2009 2660 1
2915 3196 1
2215 2480 1
465 2409 1
2456 2844 1
2144 2844 1
724 2844 1
1143 2844 1
671 968 1
300 968 1
1799 2431 1
132 1506 1
1506 2353 1
2499 3525 1
71 2978 1
71 2817 1
71 1458 1
71 1962 1
1783 3546 1
2338 3546 1
1377 2375 1
2077 2861 1
2077 2425 1
173 2077 1
378 2480 1
378 2215 1
2086 3687 1
2157 3366 1
1328 3366 1
285 3366 1
1879 2157 1
2113 2361 1
1476 2377 1
2404 3783 1
2876 3783 1
322 1869 1
1869 2264 1
133 2661 1
625 3094 1
854 3094 1
719 3094 1
1513 2012 1
1635 3340 1
1161 3539 1
1384 3539 1
14 724 1
724 1817 1
724 3700 1
14 2144 1
14 1143 1
14 2456 1
14 2844 1
82 2360 1
2360 2957 1
838 1476 1
1476 3182 1
838 2377 1
2721 3201 1
1294 2425 1
1294 2077 1
1294 2861 1
173 1294 1
534 3643 1
1717 3643 1
534 2271 1
1090 1438 1
806 893 1
59 2690 1
988 2690 1
2690 3143 1
2279 2854 1
2854 3255 1
233 2279 1
1537 2050 1
787 1372 1
1559 2394 1
395 1559 1
1559 3572 1
2661 2685 1
133 2685 1
1263 3184 1
133 3280 1
2661 3280 1
2685 3280 1
2620 3583 1
3255 3546 1
2854 3546 1
2279 3546 1
2338 3255 1
1783 3255 1
1210 1817 1
1817 2904 1
724 1210 1
1210 3700 1
14 1210 1
725 3211 1
2403 3215 1
1455 2490 1
462 1888 1
1438 3319 1
1090 3319 1
530 1780 1
468 3499 1
586 625 1
625 3000 1
586 3094 1
586 854 1
586 719 1
3091 3196 1
2915 3091 1
130 470 1
130 1732 1
893 3478 1
806 3478 1
122 854 1
122 625 1
122 586 1
122 3094 1
122 719 1
285 3637 1
1328 3637 1
2157 3637 1
3366 3637 1
285 3193 1
157 3696 1
1090 2338 1
1438 2338 1
2338 3319 1
1090 1783 1
1090 3255 1
1090 3546 1
2384 2458 1
1243 2819 1
1499 3015 1
259 582 1
579 582 1
582 3766 1
1455 3572 1
2490 3572 1
1455 2394 1
395 1455 1
1455 1559 1
2107 2631 1
2631 3007 1
780 3687 1
780 2086 1
2620 2817 1
2817 3583 1
2620 2978 1
71 2620 1
1962 2620 1
1458 2620 1
671 2578 1
968 2578 1
300 2578 1
2071 2294 1
2660 3334 1
2009 3334 1
2431 3000 1
1799 3000 1
625 2431 1
586 2431 1
1859 2480 1
378 1859 1
1859 2215 1
3024 3049 1
929 1307 1
1183 2107 1
1183 2631 1
1183 3007 1
1160 3804 1
2380 3804 1
2384 3572 1
2458 3572 1
395 2384 1
1455 2384 1
1559 2384 1
2384 2394 1
2384 2490 1
1700 2051 1
1077 2380 1
1077 1160 1
1077 3804 1
617 1005 1
724 3541 1
2144 3541 1
14 3541 1
3541 3700 1
1143 3541 1
2456 3541 1
1817 3541 1
1210 3541 1
2844 3541 1
1869 2245 1
2245 2264 1
322 2245 1
1869 3569 1
230 1869 1
1719 2180 1
503 899 1
787 3461 1
1372 3461 1
1371 1476 1
1454 1476 1
1371 2377 1
1371 3182 1
838 1371 1
899 988 1
503 988 1
899 2690 1
59 899 1
899 3143 1
1786 2861 1
1786 2425 1
173 1786 1
1294 1786 1
1786 2077 1
160 985 1
2548 3189 1
1057 1971 1
669 2135 1
2176 3448 1
1213 2041 1
312 1554 1
197 3448 1
197 2176 1
1216 3662 1
1213 3242 1
2041 3242 1
1649 3685 1
657 1735 1
134 1942 1
1269 2006 1
1971 3685 1
1057 3685 1
1649 1971 1
1916 2700 1
215 2581 1
283 1764 1
308 2393 1
1012 1337 1
754 2073 1
1337 2594 1
1012 2594 1
1585 2700 1
1585 1916 1
911 1547 1
312 952 1
952 1554 1
522 3789 1
1343 2573 1
775 2296 1
1585 3685 1
1916 3685 1
2700 3685 1
1057 1585 1
1585 1649 1
1585 1971 1
256 2650 1
2261 3154 1
738 1453 1
795 3062 1
1407 1580 1
856 2649 1
94 1368 1
2381 2610 1
1025 1614 1
293 789 1
1027 3658 1
669 3397 1
2135 3397 1
669 2714 1
2714 3397 1
2135 2714 1
2470 2523 1
2280 2671 1
2149 2677 1
1179 2393 1
308 1179 1
906 1811 1
1257 2581 1
215 1257 1
2160 3297 1
1062 2041 1
1062 3242 1
1062 1213 1
2556 3170 1
457 3242 1
457 2041 1
457 1213 1
457 1062 1
1216 3441 1
3441 3662 1
2687 3658 1
1027 2687 1
985 1530 1
160 1530 1
1079 1279 1
1179 1647 1
1647 2393 1
308 1647 1
2121 2280 1
2121 2671 1
1461 3685 1
1057 1461 1
1461 1585 1
1461 2700 1
1461 1649 1
1461 1971 1
1461 1916 1
583 3527 1
160 2986 1
985 2986 1
1530 2986 1
1517 3641 1
661 3148 1
2035 2905 1
356 1012 1
356 1337 1
356 2594 1
807 807 1
2290 2453 1
912 2207 1
83 308 1
83 2393 1
83 1179 1
83 1647 1
1523 3061 1
272 2986 1
160 272 1
272 985 1
272 1530 1
759 1670 1
215 2035 1
1257 2035 1
2035 2581 1
215 2905 1
583 904 1
904 3527 1
1453 2493 1
738 2493 1
1971 2695 1
1057 2695 1
2695 3685 1
1585 2695 1
1461 2695 1
1649 2695 1
272 3189 1
160 3189 1
985 3189 1
2986 3189 1
1530 3189 1
272 2548 1
2853 3148 1
661 2853 1
2013 2278 1
2548 3148 1
272 3148 1
3148 3189 1
661 2548 1
2548 2853 1
3252 3313 1
457 2482 1
2041 2482 1
2482 3242 1
1213 2482 1
1062 2482 1
1343 3165 1
2573 3165 1
1647 1652 1
1652 2393 1
83 1652 1
1179 1652 1
308 1652 1
1958 2381 1
1958 2610 1
1453 2235 1
738 2235 1
2235 2493 1
906 2031 1
1811 2031 1
270 3507 1
874 1211 1
89 2261 1
89 3154 1
270 906 1
906 3507 1
270 1811 1
270 2031 1
1041 1147 1
2296 3084 1
775 3084 1
438 2477 1
996 2276 1
829 3805 1
2261 2681 1
89 2681 1
2681 3154 1
856 2440 1
2440 2649 1
134 3761 1
1942 3761 1
2134 2276 1
996 2134 1
2206 2553 1
438 1766 1
1766 2477 1
2497 3050 1
3288 3477 1
738 1148 1
1148 2235 1
1148 1453 1
1148 2493 1
583 2714 1
904 2714 1
2714 3527 1
583 3397 1
583 2135 1
583 669 1
2082 2416 1
2440 3718 1
856 3718 1
2649 3718 1
81 906 1
81 1811 1
81 3507 1
81 270 1
81 2031 1
829 3813 1
3805 3813 1
1966 2465 1
2266 2624 1
1148 2764 1
738 2764 1
2235 2764 1
1453 2764 1
2493 2764 1
57 94 1
57 1368 1
1756 2757 1
245 2556 1
245 3170 1
3313 3805 1
3252 3805 1
829 3313 1
3313 3813 1
2630 3224 1
469 1670 1
469 759 1
952 2638 1
312 2638 1
1554 2638 1
875 2594 1
875 1337 1
875 1012 1
356 875 1
2199 3135 1
1753 3549 1
261 1862 1
1530 3674 1
160 3674 1
2986 3674 1
272 3674 1
3189 3674 1
985 3674 1
46 2801 1
1027 2261 1
2261 3658 1
2261 2687 1
1027 3154 1
1027 2681 1
89 1027 1
2481 3789 1
522 2481 1
1680 2207 1
912 1680 1
1425 1862 1
261 1425 1
147 2510 1
1804 2371 1
1368 3242 1
57 3242 1
94 3242 1
1062 1368 1
457 1368 1
1368 2482 1
1368 2041 1
1213 1368 1
1278 1343 1
1278 2573 1
1278 3165 1
1493 3348 1
1057 2579 1
2579 3685 1
2579 2695 1
1585 2579 1
1461 2579 1
1971 2579 1
2248 2801 1
46 2248 1
1613 1811 1
81 1613 1
906 1613 1
270 1613 1
1613 2031 1
888 952 1
312 888 1
888 1554 1
888 2638 1
2712 2775 1
1026 3565 1
551 1833 1
580 703 1
1120 2712 1
1120 2775 1
228 288 1
488 1912 1
1286 1955 1
2383 3661 1
1167 3163 1
2178 2417 1
1692 2119 1
2712 2931 1
1120 2931 1
2775 2931 1
697 3125 1
115 249 1
1329 2473 1
3355 3565 1
1026 3355 1
1247 1313 1
2335 2981 1
2139 2275 1
2062 2632 1
1149 1847 1
2292 3269 1
2773 3191 1
13 3190 1
1955 3629 1
1286 3629 1
453 2889 1
397 399 1
1287 1974 1
706 3566 1
1604 3178 1
1165 2777 1
1662 3380 1
519 3299 1
290 2806 1
544 2774 1
1091 1665 1
1287 2852 1
1974 2852 1
536 2868 1
2070 2669 1
1206 3757 1
303 399 1
303 397 1
2128 2718 1
361 935 1
218 1023 1
520 554 1
878 2494 1
2593 2873 1
1149 2462 1
1847 2462 1
935 2709 1
361 2709 1
2250 3222 1
7 1441 1
3625 3670 1
131 3236 1
2852 3125 1
1974 3125 1
1287 3125 1
697 2852 1
3251 3437 1
2888 3575 1
2362 2709 1
361 2362 1
935 2362 1
1950 2089 1
446 3528 1
2775 3629 1
2712 3629 1
1120 3629 1
2931 3629 1
1955 2775 1
1286 2775 1
511 2473 1
511 1329 1
1165 3222 1
2777 3222 1
1165 2250 1
2587 3683 1
1036 3452 1
1955 2879 1
2879 3629 1
1286 2879 1
2775 2879 1
1226 2755 1
3528 3788 1
446 3788 1
588 3635 1
1436 1744 1
361 3503 1
2362 3503 1
2709 3503 1
935 3503 1
2047 2365 1
2387 2812 1
1120 1934 1
1934 2712 1
1934 2931 1
1934 3629 1
1934 2775 1
2023 2387 1
2023 2812 1
260 1305 1
691 3695 1
703 3604 1
580 3604 1
1120 1830 1
1830 3629 1
1830 1934 1
1830 2931 1
1830 2775 1
1830 2712 1
117 2462 1
117 1149 1
117 1847 1
2775 2889 1
1120 2889 1
1955 2889 1
1830 2889 1
1286 2889 1
2889 3629 1
1934 2889 1
2889 2931 1
2712 2889 1
2879 2889 1
453 2775 1
1402 3236 1
131 1402 1
446 3661 1
3528 3661 1
3661 3788 1
446 2383 1
1120 1778 1
1778 1830 1
1778 2889 1
1778 3629 1
1778 1934 1
1778 2931 1
1778 2775 1
1778 2712 1
2551 2830 1
708 1807 1
1223 2373 1
1656 3299 1
519 1656 1
1206 1253 1
1253 3757 1
1930 2451 1
179 1723 1
1329 2239 1
2239 2473 1
511 2239 1
580 2882 1
2882 3604 1
703 2882 1
1167 3059 1
3059 3163 1
260 2667 1
1305 2667 1
119 303 1
119 397 1
119 399 1
2267 3611 1
865 3380 1
865 1662 1
1061 1299 1
2000 2460 1
2362 2601 1
361 2601 1
2601 3503 1
2601 2709 1
935 2601 1
2241 2852 1
697 2241 1
2241 3125 1
1974 2241 1
1287 2241 1
1965 3293 1
959 3452 1
959 1036 1
448 1977 1
349 3695 1
349 691 1
349 1060 1
691 1060 1
1060 3695 1
6 986 1
2000 2924 1
2460 2924 1
3090 3504 1
1692 2674 1
2119 2674 1
2119 3355 1
2674 3355 1
1692 3355 1
1026 2119 1
2119 3565 1
1227 1665 1
1091 1227 1
1807 1902 1
708 1902 1
448 693 1
693 1977 1
2678 2879 1
1955 2678 1
1286 2678 1
2678 2889 1
2678 3629 1
2678 2775 1
1202 2755 1
1202 1226 1
2669 3611 1
2070 3611 1
2267 2669 1
2387 3706 1
2812 3706 1
2023 3706 1
957 2709 1
935 957 1
361 957 1
957 3503 1
957 2601 1
957 2362 1
2047 2839 1
2365 2839 1
260 2709 1
1305 2709 1
2667 2709 1
260 935 1
260 361 1
260 3503 1
260 2601 1
260 2362 1
260 957 1
1556 3371 1
1313 3174 1
1247 3174 1
481 1665 1
481 1091 1
481 1227 1
1621 3706 1
1621 2387 1
1621 2812 1
1621 2023 1
2119 3350 1
1026 3350 1
3350 3565 1
2674 3350 1
3350 3355 1
1692 3350 1
769 3037 1
739 1744 1
739 1436 1
768 3670 1
768 3625 1
1441 2275 1
7 2275 1
1441 2139 1
482 1379 1
2879 3380 1
1955 3380 1
1286 3380 1
2889 3380 1
3380 3629 1
2678 3380 1
2775 3380 1
865 2879 1
1662 2879 1
2178 2805 1
2417 2805 1
1142 2018 1
950 3163 1
950 3059 1
950 1167 1
334 499 1
440 2921 1
1699 3369 1
710 2415 1
1419 3317 1
1361 1550 1
2154 3131 1
1439 3321 1
1768 2590 1
3013 3102 1
1158 2736 1
1423 3030 1
2130 3394 1
2798 3405 1
2514 3119 1
493 1047 1
1699 1913 1
1913 3369 1
1460 3343 1
2147 2618 1
138 1209 1
299 1162 1
984 2130 1
984 3394 1
1791 2517 1
477 1772 1
2517 2851 1
1791 2851 1
2519 2923 1
647 1158 1
647 2736 1
252 1996 1
299 2426 1
1162 2426 1
1560 2546 1
1519 3459 1
817 1144 1
1440 3657 1
684 3253 1
555 1694 1
2984 3459 1
1519 2984 1
1791 2310 1
2310 2851 1
2310 2517 1
3013 3381 1
3102 3381 1
634 2111 1
585 670 1
2919 3691 1
1536 2910 1
731 2130 1
731 984 1
731 3394 1
1320 2038 1
971 2878 1
273 1440 1
273 3657 1
1577 2536 1
1708 3077 1
746 3176 1
1209 1345 1
138 1345 1
2590 3459 1
1768 3459 1
2590 2984 1
1519 2590 1
796 2374 1
555 1310 1
1310 1694 1
1572 2821 1
680 1232 1
1367 2878 1
971 1367 1
590 3013 1
590 3381 1
590 3102 1
1658 2374 1
796 1658 1
2251 3343 1
1460 2251 1
337 3358 1
1310 2851 1
555 2851 1
1694 2851 1
1310 2310 1
1310 1791 1
1310 2517 1
146 2092 1
350 634 1
350 2111 1
27 1345 1
27 1209 1
27 138 1
1658 2821 1
796 2821 1
2374 2821 1
1572 1658 1
3253 3732 1
684 3732 1
211 867 1
477 3514 1
1772 3514 1
1459 3008 1
58 941 1
2783 3029 1
499 2694 1
334 2694 1
2820 3703 1
1475 2571 1
748 2964 1
796 3131 1
1658 3131 1
2821 3131 1
2374 3131 1
796 2154 1
811 2851 1
811 2310 1
555 811 1
811 1310 1
811 1791 1
811 1694 1
811 2517 1
1550 2151 1
1361 2151 1
2092 3115 1
146 3115 1
1146 1320 1
1146 2038 1
1536 2590 1
2590 2910 1
1536 3459 1
1536 1768 1
1519 1536 1
1536 2984 1
1114 3405 1
1114 2798 1
326 2200 1
138 987 1
987 1209 1
27 987 1
987 1345 1
3175 3181 1
92 1828 1
2426 2653 1
1162 2653 1
299 2653 1
1439 3253 1
3253 3321 1
1439 3732 1
684 1439 1
654 2783 1
654 3029 1
647 1892 1
1892 2736 1
1158 1892 1
1892 2921 1
2736 2921 1
1158 2921 1
647 2921 1
440 1892 1
3239 3787 1
2496 2514 1
2496 3119 1
3317 3394 1
1419 3394 1
984 3317 1
2130 3317 1
731 3317 1
350 1708 1
634 1708 1
1708 2111 1
350 3077 1
790 3077 1
790 1708 1
350 790 1
2354 3369 1
1913 2354 1
1699 2354 1
252 1439 1
1439 1996 1
252 684 1
252 3732 1
252 3253 1
252 3321 1
555 1439 1
811 1439 1
1439 2851 1
1310 1439 1
1439 1694 1
555 1996 1
555 684 1
555 3732 1
555 3253 1
555 3321 1
252 555 1
800 1891 1
1146 2736 1
1320 2736 1
2038 2736 1
1146 1892 1
1146 1158 1
647 1146 1
1146 2921 1
1105 3703 1
1105 2820 1
1673 1791 1
1673 2851 1
1673 2310 1
811 1673 1
1673 2517 1
1310 1673 1
742 2740 1
286 1572 1
286 1658 1
286 2821 1
3408 3472 1
561 2111 1
561 634 1
561 1708 1
350 561 1
1918 2742 1
166 1711 1
2741 2900 1
146 596 1
596 3115 1
596 2092 1
1209 2582 1
1345 2582 1
138 2582 1
27 2582 1
987 2582 1
2111 2540 1
561 2540 1
634 2540 1
1708 2540 1
350 2540 1
359 1676 1
239 3505 1
2036 2514 1
2036 2496 1
2036 3119 1
930 1672 1
1217 2448 1
252 440 1
440 1996 1
440 555 1
440 684 1
440 3732 1
440 3253 1
440 3321 1
440 1439 1
252 1892 1
252 2921 1
1681 3405 1
1114 1681 1
1681 2798 1
526 1706 1
590 2140 1
2140 3013 1
2140 3102 1
2140 3381 1
658 2942 1
1538 3500 1
1672 3657 1
930 3657 1
1440 1672 1
273 1672 1
585 1681 1
670 1681 1
585 1114 1
585 3405 1
585 2798 1
632 3078 1
286 2517 1
1658 2517 1
1572 2517 1
2517 2821 1
286 2851 1
286 2310 1
286 1673 1
286 811 1
286 1310 1
286 1791 1
1166 1841 1
2727 3257 1
199 3035 1
1187 1259 1
973 3794 1
1421 2863 1
1444 3052 1
202 3053 1
2555 3535 1
623 2958 1
2203 2366 1
2074 2091 1
866 927 1
969 1010 1
2004 2836 1
2337 3281 1
206 3717 1
51 1171 1
275 1502 1
915 1187 1
915 1259 1
297 1856 1
646 2016 1
623 3144 1
2958 3144 1
2281 3295 1
2132 2833 1
360 3728 1
485 1566 1
2472 3035 1
199 2472 1
1385 2954 1
51 1542 1
1171 1542 1
513 3768 1
773 1397 1
915 1010 1
1010 1187 1
1010 1259 1
915 969 1
1258 3053 1
202 1258 1
842 3390 1
2960 3192 1
2998 3069 1
30 3311 1
1582 2424 1
949 2182 1
90 1653 1
1887 1894 1
458 1838 1
460 982 1
1508 3751 1
3339 3780 1
447 999 1
1444 2386 1
2386 3052 1
2731 3426 1
2153 3392 1
351 1422 1
2865 2947 1
1953 2260 1
1727 2449 1
2954 3454 1
1385 3454 1
75 2960 1
75 3192 1
51 3122 1
1171 3122 1
1542 3122 1
1620 2781 1
1073 2208 1
1073 3707 1
2208 3707 1
915 1947 1
969 1947 1
1010 1947 1
1187 1947 1
1259 1947 1
1187 1474 1
1010 1474 1
1259 1474 1
915 1474 1
1474 1947 1
30 3065 1
3065 3311 1
1566 1871 1
485 1871 1
2132 2312 1
2312 2833 1
2 889 1
1803 2727 1
1803 3257 1
243 3266 1
1171 2410 1
2410 3122 1
51 2410 1
1542 2410 1
1568 3417 1
413 682 1
977 3790 1
2583 2723 1
1567 3690 1
949 1273 1
1273 2182 1
3022 3426 1
2731 3022 1
3266 3794 1
243 3794 1
973 3266 1
1444 1784 1
1784 2386 1
1784 3052 1
298 3390 1
298 842 1
1784 3562 1
3052 3562 1
2386 3562 1
1444 3562 1
665 2029 1
145 1186 1
1318 1709 1
1988 2016 1
646 1988 1
726 2555 1
726 3535 1
2557 3392 1
2153 2557 1
238 3613 1
973 3339 1
3339 3794 1
3266 3339 1
973 3780 1
2998 3760 1
3069 3760 1
572 1954 1
51 1082 1
1082 3122 1
1082 1171 1
1082 2410 1
1082 1542 1
206 1508 1
1508 3717 1
206 3751 1
2555 3053 1
726 3053 1
3053 3535 1
202 2555 1
1258 2555 1
1850 2787 1
2090 2562 1
1187 2323 1
1474 2323 1
1259 2323 1
1010 2323 1
1947 2323 1
915 2323 1
3112 3660 1
1385 2096 1
2096 2954 1
2096 3454 1
2731 3266 1
3266 3426 1
3022 3266 1
2731 3339 1
973 2731 1
2731 3794 1
243 2731 1
251 808 1
507 2555 1
507 1258 1
507 3053 1
507 3535 1
507 726 1
202 507 1
1385 1733 1
1733 2096 1
1733 2954 1
1733 3454 1
3187 3229 1
187 646 1
187 2016 1
187 1988 1
1838 1999 1
458 1999 1
992 2208 1
992 1073 1
992 3707 1
949 1566 1
1273 1566 1
1566 2182 1
485 949 1
949 1871 1
409 548 1
3356 3777 1
2312 2555 1
2555 2833 1
2132 2555 1
1258 2312 1
2312 3053 1
2312 3535 1
726 2312 1
507 2312 1
202 2312 1
2621 2958 1
2621 3144 1
623 2621 1
1724 3760 1
1724 3069 1
1724 2998 1
678 3187 1
678 3229 1
1508 3426 1
3426 3717 1
206 3426 1
3426 3751 1
1508 3266 1
1508 2731 1
1508 3022 1
120 2274 1
2935 3484 1
3520 3707 1
2208 3520 1
1073 3520 1
992 3520 1
763 3484 1
763 2935 1
486 2454 1
1033 3022 1
1033 3426 1
1033 2731 1
1033 1508 1
1033 3266 1
231 2472 1
231 3035 1
199 231 1
101 1960 1
263 2954 1
263 2096 1
263 1385 1
263 1733 1
263 3454 1
2668 2935 1
763 2668 1
2668 3484 1
735 1421 1
735 2863 1
90 3460 1
1653 3460 1
32 1870 1
1954 2583 1
572 2583 1
1954 2723 1
447 3790 1
999 3790 1
447 977 1
1312 1542 1
1171 1312 1
1312 2410 1
1312 3122 1
51 1312 1
1082 1312 1
3144 3454 1
2621 3454 1
2958 3454 1
623 3454 1
1733 3144 1
263 3144 1
1385 3144 1
2954 3144 1
2096 3144 1
773 1568 1
1397 1568 1
773 3417 1
1474 2302 1
1187 2302 1
1259 2302 1
1010 2302 1
2302 2323 1
1947 2302 1
915 2302 1
635 1653 1
90 635 1
635 3460 1
635 2662 1
90 2662 1
2662 3460 1
1653 2662 1
949 2366 1
485 2366 1
2182 2366 1
1871 2366 1
1566 2366 1
1273 2366 1
949 2203 1
3149 3246 1
1904 3522 1
1173 3042 1
850 1741 1
506 1663 1
940 3185 1
3118 3778 1
85 3153 1
196 429 1
1908 2639 1
712 2269 1
244 1121 1
676 3338 1
533 2127 1
128 1889 1
562 629 1
428 2282 1
3342 3515 1
2093 2803 1
426 2686 1
663 751 1
1365 1539 1
1214 2633 1
369 2172 1
2918 3725 1
813 1467 1
1365 2550 1
1539 2550 1
3019 3491 1
221 3774 1
1710 2305 1
1412 1629 1
1741 2419 1
850 2419 1
105 1858 1
1173 2756 1
2756 3042 1
1651 3602 1
668 3246 1
668 3149 1
803 3306 1
1233 2067 1
1945 3382 1
562 3554 1
629 3554 1
355 809 1
276 2614 1
1271 3396 1
2713 3638 1
136 3463 1
1081 3150 1
2522 3689 1
2185 3715 1
2804 3072 1
1447 2045 1
1910 3003 1
426 2228 1
2228 2686 1
751 2125 1
663 2125 1
2765 3377 1
562 1155 1
1155 3554 1
629 1155 1
1355 3342 1
1355 3515 1
1762 3590 1
232 3570 1
1150 2683 1
1081 1571 1
1571 3150 1
86 418 1
1240 3738 1
1651 2459 1
2459 3602 1
1904 3382 1
3382 3522 1
1904 1945 1
1762 3689 1
3590 3689 1
1762 2522 1
1049 3715 1
1049 2185 1
227 2948 1
557 3439 1
2633 2803 1
1214 2803 1
2093 2633 1
86 3003 1
418 3003 1
86 1910 1
49 3522 1
49 1904 1
49 3382 1
2734 3019 1
2734 3491 1
1275 2216 1
340 3017 1
510 674 1
809 2269 1
355 2269 1
712 809 1
668 1452 1
1452 3149 1
1452 3246 1
2185 2218 1
1049 2218 1
2218 3715 1
674 712 1
510 712 1
674 809 1
674 2269 1
404 2918 1
404 3725 1
1844 3630 1
502 3244 1
369 429 1
429 2172 1
196 369 1
1044 1411 1
663 2766 1
2125 2766 1
751 2766 1
1355 1573 1
1573 3515 1
1573 3342 1
2078 3468 1
613 3754 1
2807 3806 1
2765 2896 1
2896 3377 1
2244 2911 1
2043 3005 1
1058 3446 1
2699 2892 1
2220 3589 1
2683 3244 1
1150 3244 1
502 2683 1
85 335 1
335 3153 1
418 3306 1
3003 3306 1
86 3306 1
418 803 1
2778 3523 1
2045 2314 1
1447 2314 1
3377 3705 1
2896 3705 1
2765 3705 1
938 3290 1
1355 3017 1
3017 3515 1
1573 3017 1
3017 3342 1
340 1355 1
1173 2043 1
2043 3042 1
2043 2756 1
1173 3005 1
1981 3570 1
232 1981 1
379 1044 1
379 1411 1
154 533 1
154 2127 1
85 2911 1
2911 3153 1
335 2911 1
85 2244 1
2754 3185 1
940 2754 1
1573 2754 1
2754 3017 1
1355 2754 1
2754 3515 1
2754 3342 1
940 1573 1
1573 3185 1
629 932 1
562 932 1
932 1155 1
932 3554 1
1155 3536 1
562 3536 1
932 3536 1
3536 3554 1
629 3536 1
418 3326 1
803 3326 1
3306 3326 1
3003 3326 1
86 3326 1
29 2917 1
1410 2220 1
1410 3589 1
668 3244 1
1452 3244 1
3149 3244 1
3244 3246 1
502 668 1
668 2683 1
668 1150 1
1589 2753 1
1663 3526 1
506 3526 1
196 3296 1
369 3296 1
429 3296 1
3060 3231 1
1007 3104 1
1411 3338 1
379 3338 1
1044 3338 1
676 1411 1
1452 3515 1
3244 3515 1
668 3515 1
3149 3515 1
3246 3515 1
1452 2754 1
1452 1573 1
1452 3017 1
1355 1452 1
1452 3342 1
1573 2419 1
2419 2754 1
1452 2419 1
2419 3017 1
1355 2419 1
940 2419 1
2419 3342 1
2419 3185 1
2419 3515 1
1573 1741 1
850 1573 1
751 3675 1
2125 3675 1
2766 3675 1
663 3675 1
668 936 1
936 3515 1
936 1452 1
936 3244 1
936 3149 1
936 3246 1
502 936 1
936 2683 1
936 1150 1
2305 3684 1
1710 3684 1
2766 3571 1
3571 3675 1
751 3571 1
2125 3571 1
663 3571 1
676 3377 1
3338 3377 1
1411 3377 1
676 2765 1
676 2896 1
676 3705 1
2034 3121 1
420 2522 1
420 3689 1
420 1762 1
1233 3060 1
2067 3060 1
1233 3231 1
1677 1967 1
545 3630 1
545 1844 1
947 1383 1
3377 3806 1
1411 3806 1
676 3806 1
3338 3806 1
2765 3806 1
2896 3806 1
3705 3806 1
2807 3377 1
254 1121 1
244 254 1
1504 2841 1
2364 2890 1
1069 3647 1
1018 1303 1
354 2644 1
1234 3134 1
1164 1779 1
1561 1606 1
277 675 1
494 2815 1
1224 1798 1
182 3137 1
1943 2890 1
1943 2364 1
178 624 1
781 3354 1
1667 3681 1
1594 3198 1
1445 3147 1
2443 3379 1
1128 3117 1
277 1132 1
675 1132 1
1983 2099 1
2321 2832 1
1989 3458 1
258 318 1
1040 1084 1
214 214 1
2324 3067 1
475 1107 1
1427 2334 1
1504 2395 1
2395 2841 1
1863 3498 1
2063 2222 1
3158 3354 1
781 3158 1
1184 3132 1
3120 3411 1
3370 3735 1
277 2832 1
675 2832 1
1132 2832 1
277 2321 1
112 2640 1
532 2682 1
1545 1697 1
347 2163 1
1229 3506 1
1229 1417 1
1417 3506 1
2324 3370 1
3067 3370 1
2324 3735 1
1071 1084 1
1040 1071 1
2890 3128 1
2364 3128 1
1943 3128 1
1722 1851 1
1470 2005 1
1569 3599 1
3599 3740 1
1569 3740 1
716 953 1
858 1414 1
2576 2595 1
387 475 1
387 1107 1
304 1164 1
304 1779 1
1827 1973 1
2997 3337 1
455 3099 1
905 2512 1
1403 2538 1
858 3070 1
1414 3070 1
1667 1983 1
1983 3681 1
1667 2099 1
1690 3623 1
892 1570 1
77 1491 1
2313 2358 1
182 1835 1
1835 3137 1
112 2815 1
2640 2815 1
112 494 1
591 1017 1
1285 2956 1
714 1561 1
714 1606 1
953 2969 1
716 2969 1
1446 1722 1
1446 1851 1
995 2313 1
995 2358 1
852 1752 1
1827 2364 1
1973 2364 1
1827 3128 1
1827 2890 1
1827 1943 1
1405 1973 1
1405 1827 1
1405 2364 1
1688 3335 1
2744 3198 1
1594 2744 1
12 871 1
455 3415 1
3099 3415 1
1504 2997 1
2841 2997 1
2395 2997 1
1504 3337 1
2527 2890 1
2527 3128 1
1827 2527 1
2364 2527 1
1943 2527 1
274 3147 1
274 1445 1
3354 3818 1
781 3818 1
3158 3818 1
2358 2641 1
2313 2641 1
995 2641 1
2498 3132 1
1184 2498 1
3458 3512 1
1989 3512 1
1435 2027 1
641 1989 1
641 3512 1
641 3458 1
1132 1470 1
1470 2832 1
675 1470 1
277 1470 1
1132 2005 1
40 1851 1
40 1722 1
40 1446 1
449 2815 1
112 449 1
449 2640 1
449 494 1
1956 2349 1
1417 3623 1
3506 3623 1
1229 3623 1
1417 1690 1
114 1396 1
593 858 1
593 3070 1
593 1414 1
1533 3773 1
1739 3158 1
1739 3818 1
1739 3354 1
781 1739 1
2969 3128 1
953 3128 1
716 3128 1
1827 2969 1
2890 2969 1
1943 2969 1
2364 2969 1
2527 2969 1
2164 3817 1
2229 3498 1
1863 2229 1
2099 2443 1
1667 2443 1
1983 2443 1
2099 3379 1
2595 3147 1
2576 3147 1
274 2595 1
1445 2595 1
1229 1427 1
1417 1427 1
1427 3506 1
1427 3623 1
1229 2334 1
624 858 1
178 858 1
593 624 1
624 3070 1
624 1414 1
110 1632 1
1403 1798 1
1798 2538 1
1224 1403 1
637 2358 1
637 2313 1
637 995 1
637 2641 1
182 318 1
318 3137 1
318 1835 1
182 258 1
3120 3164 1
3164 3411 1
675 837 1
837 2832 1
837 1132 1
277 837 1
837 1470 1
1714 3147 1
1714 2576 1
274 1714 1
1714 2595 1
1445 1714 1
2585 3137 1
1835 2585 1
318 2585 1
182 2585 1
2339 3208 1
2841 3436 1
1504 3436 1
2395 3436 1
2997 3436 1
309 1973 1
309 1827 1
309 2364 1
309 1405 1
1594 1684 1
1684 2744 1
1684 3198 1
1469 2300 1
892 1470 1
1470 1570 1
675 892 1
837 892 1
892 1132 1
892 2832 1
892 2005 1
277 892 1
1164 1688 1
304 1688 1
1688 1779 1
1164 3335 1
1545 1750 1
1697 1750 1
475 1684 1
1107 1684 1
387 1684 1
475 2744 1
475 1594 1
475 3198 1
1690 3070 1
1417 3070 1
3070 3623 1
1414 1690 1
624 1690 1
593 1690 1
858 1690 1
1545 3442 1
1697 3442 1
1750 3442 1
112 1069 1
1069 2640 1
449 1069 1
494 1069 1
1069 2815 1
112 3647 1
761 3502 1
2682 2866 1
532 2866 1
1963 3120 1
1963 3411 1
1963 3164 1
1798 2324 1
1224 2324 1
2324 2538 1
1403 2324 1
1798 3370 1
1798 3735 1
1798 3067 1
635 3796 -1
90 3796 -1
3460 3796 -1
1653 3796 -1
2662 3796 -1
2635 3093 -1
149 1708 -1
1708 2625 -1
713 1708 -1
1708 2608 -1
1137 1708 -1
1595 1708 -1
1708 3071 -1
149 3077 -1
149 2540 -1
149 561 -1
149 790 -1
149 634 -1
149 350 -1
149 2111 -1
449 1805 -1
112 1805 -1
1805 2640 -1
1069 1805 -1
494 1805 -1
1805 2815 -1
449 2707 -1
1350 3427 -1
2707 2794 -1
1805 2794 -1
386 3647 -1
112 386 -1
386 1069 -1
423 2999 -1
2979 2999 -1
2422 2999 -1
235 2999 -1
1169 2999 -1
2999 3702 -1
56 2999 -1
443 2999 -1
636 2999 -1
423 1968 -1
423 3544 -1
423 3139 -1
423 709 -1
423 951 -1
1945 2794 -1
1904 2794 -1
2794 3382 -1
99 441 -1
441 1449 -1
441 2059 -1
345 441 -1
129 441 -1
421 1440 -1
421 1672 -1
421 3657 -1
273 421 -1
1258 3681 -1
2312 3681 -1
202 3681 -1
2555 3681 -1
3053 3681 -1
507 3681 -1
1258 1667 -1
1258 1983 -1
579 727 -1
259 727 -1
582 727 -1
727 3766 -1
1151 2004 -1
1151 2836 -1
275 1066 -1
1066 1502 -1
762 832 -1
832 2352 -1
832 1480 -1
832 1075 -1
832 3656 -1
832 3327 -1
762 3126 -1
587 1864 -1
1864 3552 -1
461 1864 -1
1716 1864 -1
1110 1864 -1
1239 1864 -1
1864 3004 -1
403 1970 -1
403 2331 -1
2047 2366 -1
2365 2366 -1
2366 2839 -1
485 2047 -1
2047 2182 -1
1871 2047 -1
949 2047 -1
1273 2047 -1
2047 2203 -1
1566 2047 -1
1097 2527 -1
1097 1827 -1
1097 2890 -1
1097 1943 -1
1097 3128 -1
1097 2969 -1
1097 2364 -1
139 1699 -1
139 3369 -1
139 2354 -1
139 1913 -1
728 1571 -1
643 1571 -1
1571 1641 -1
1357 1571 -1
402 1571 -1
1571 1622 -1
1571 3159 -1
1571 2237 -1
728 1081 -1
728 3150 -1
625 3308 -1
854 3308 -1
586 3308 -1
719 3308 -1
3094 3308 -1
3000 3308 -1
122 3308 -1
2431 3308 -1
1537 3479 -1
2050 3479 -1
437 3073 -1
1841 2930 -1
1166 2930 -1
2587 2928 -1
2928 3683 -1
265 2256 -1
204 265 -1
2853 3794 -1
2548 3794 -1
3148 3794 -1
661 3794 -1
2853 3339 -1
2853 3266 -1
243 2853 -1
2731 2853 -1
973 2853 -1
1023 3046 -1
218 3046 -1
2096 2507 -1
1733 2507 -1
263 2507 -1
2507 3144 -1
1385 2507 -1
2507 2954 -1
2507 3454 -1
2096 2897 -1
1679 2096 -1
1746 2679 -1
921 2388 -1
921 2611 -1
1205 2253 -1
1681 3328 -1
585 3328 -1
1114 3328 -1
3328 3405 -1
2798 3328 -1
670 3328 -1
1681 1758 -1
1681 1985 -1
1681 2485 -1
1590 1681 -1
1681 3519 -1
2608 3207 -1
2625 3207 -1
713 3207 -1
1137 3207 -1
149 3207 -1
1595 3207 -1
3071 3207 -1
885 2608 -1
2478 2608 -1
2341 2374 -1
1658 2341 -1
2341 3131 -1
796 2341 -1
2341 2821 -1
395 2119 -1
2119 2384 -1
2119 2394 -1
1455 2119 -1
2119 3572 -1
1559 2119 -1
395 1026 -1
395 3565 -1
395 2674 -1
395 3350 -1
395 3355 -1
395 1692 -1
688 1037 -1
269 688 -1
521 545 -1
521 1844 -1
521 3630 -1
109 3425 -1
3425 3496 -1
3425 3429 -1
69 3425 -1
109 2257 -1
109 553 -1
109 1605 -1
109 3807 -1
1920 1990 -1
3556 3706 -1
2387 3556 -1
2812 3556 -1
1621 3556 -1
2023 3556 -1
543 1559 -1
1559 2692 -1
1559 2406 -1
1118 1559 -1
527 1559 -1
543 2384 -1
543 2394 -1
395 543 -1
543 3572 -1
543 1455 -1
1644 2824 -1
240 1365 -1
240 1539 -1
240 2550 -1
1178 3506 -1
1178 1417 -1
1178 1427 -1
1178 1229 -1
1178 3623 -1
2502 3656 -1
1480 2502 -1
762 2502 -1
1075 2502 -1
2502 3327 -1
1729 2611 -1
1729 2388 -1
1154 2672 -1
1194 1965 -1
1194 3293 -1
512 3705 -1
512 2896 -1
512 3377 -1
512 676 -1
512 2765 -1
512 3806 -1
132 2924 -1
2353 2924 -1
1506 2924 -1
132 2000 -1
132 2460 -1
1407 2476 -1
1580 2476 -1
1407 2663 -1
1407 2126 -1
1407 2008 -1
1407 2162 -1
24 1407 -1
1407 2138 -1
788 3513 -1
211 690 -1
690 867 -1
785 1325 -1
451 3192 -1
451 2960 -1
75 451 -1
1896 3405 -1
1681 1896 -1
1114 1896 -1
1896 2798 -1
585 1896 -1
3464 3485 -1
2037 3485 -1
2127 3442 -1
154 3442 -1
533 3442 -1
1545 2127 -1
1750 2127 -1
1697 2127 -1
2619 3502 -1
761 2619 -1
160 1886 -1
1886 2986 -1
272 1886 -1
1886 3189 -1
985 1886 -1
1530 1886 -1
1886 3674 -1
160 3344 -1
160 3762 -1
160 939 -1
106 2280 -1
106 2121 -1
106 2671 -1
329 3610 -1
636 1845 -1
1845 2979 -1
423 1845 -1
235 1845 -1
1169 1845 -1
1845 2422 -1
56 1845 -1
443 1845 -1
1137 2764 -1
2625 2764 -1
713 2764 -1
2608 2764 -1
149 2764 -1
1595 2764 -1
2764 3071 -1
738 1137 -1
1137 2235 -1
1137 1148 -1
1137 1453 -1
1137 2493 -1
3313 3652 -1
3652 3813 -1
3252 3652 -1
3652 3805 -1
829 3652 -1
186 2174 -1
114 3192 -1
1396 3192 -1
114 2960 -1
75 114 -1
855 3626 -1
2389 3811 -1
65 3091 -1
65 2915 -1
65 3196 -1
322 3348 -1
2264 3348 -1
1869 3348 -1
2245 3348 -1
322 1493 -1
904 1663 -1
1663 2714 -1
1663 3527 -1
583 1663 -1
506 904 -1
904 3526 -1
1802 3533 -1
194 1802 -1
695 1802 -1
1802 1959 -1
2255 2564 -1
2255 2945 -1
2255 3226 -1
2187 2255 -1
814 2255 -1
144 2514 -1
144 2496 -1
144 2036 -1
144 3119 -1
1310 3053 -1
2851 3053 -1
2310 3053 -1
811 3053 -1
555 3053 -1
286 3053 -1
2517 3053 -1
1673 3053 -1
1439 3053 -1
1694 3053 -1
1791 3053 -1
507 1310 -1
1310 2312 -1
202 1310 -1
1310 3535 -1
726 1310 -1
1310 2555 -1
1258 1310 -1
2314 3346 -1
2045 3346 -1
1447 3346 -1
218 1235 -1
1023 1235 -1
734 2153 -1
734 3392 -1
734 2557 -1
909 2852 -1
697 909 -1
909 2241 -1
909 3125 -1
909 1974 -1
909 1287 -1
2795 3267 -1
1024 2415 -1
1674 2415 -1
2415 2988 -1
2415 2613 -1
253 2415 -1
710 1024 -1
1179 2389 -1
2389 2393 -1
83 2389 -1
308 2389 -1
1652 2389 -1
1647 2389 -1
830 2815 -1
112 830 -1
830 2640 -1
830 1069 -1
494 830 -1
449 830 -1
1289 2653 -1
1289 2426 -1
299 1289 -1
1162 1289 -1
1456 2511 -1
421 2138 -1
421 2663 -1
421 2476 -1
421 2126 -1
421 2008 -1
421 2162 -1
24 421 -1
1684 3202 -1
387 3202 -1
1107 3202 -1
2744 3202 -1
1594 3202 -1
475 3202 -1
3198 3202 -1
1684 3160 -1
1684 3026 -1
1157 2526 -1
1354 1718 -1
1033 1290 -1
1290 3426 -1
1290 2731 -1
1290 1508 -1
1290 3266 -1
1290 3022 -1
1033 1972 -1
1035 1222 -1
599 1035 -1
653 1035 -1
1035 2367 -1
681 2671 -1
681 2280 -1
681 2121 -1
404 3004 -1
3004 3725 -1
2918 3004 -1
404 3552 -1
404 587 -1
632 1478 -1
1478 3078 -1
1250 2230 -1
2230 3601 -1
2230 3682 -1
69 2230 -1
2230 3429 -1
1250 1716 -1
246 1250 -1
1239 1250 -1
1551 2632 -1
1551 2062 -1
1063 1289 -1
2153 2971 -1
2971 3392 -1
2557 2971 -1
2723 3604 -1
1954 3604 -1
2583 3604 -1
2723 2882 -1
580 2723 -1
703 2723 -1
629 3180 -1
3180 3536 -1
562 3180 -1
1155 3180 -1
932 3180 -1
3180 3554 -1
900 1124 -1
250 1124 -1
350 3535 -1
3077 3535 -1
2540 3535 -1
1708 3535 -1
561 3535 -1
790 3535 -1
634 3535 -1
2111 3535 -1
350 2312 -1
350 2555 -1
350 3053 -1
350 726 -1
350 507 -1
219 1595 -1
219 2625 -1
219 1122 -1
219 713 -1
219 2636 -1
219 2608 -1
219 1137 -1
149 219 -1
219 3071 -1
255 842 -1
180 842 -1
255 298 -1
255 3390 -1
2132 3271 -1
2312 3271 -1
2833 3271 -1
2555 3271 -1
1022 1754 -1
1022 1866 -1
772 1022 -1
390 1022 -1
836 2817 -1
836 2978 -1
71 836 -1
836 1962 -1
836 1458 -1
836 2620 -1
836 3583 -1
3002 3809 -1
796 3135 -1
1658 3135 -1
3131 3135 -1
2154 3135 -1
2821 3135 -1
2374 3135 -1
796 2199 -1
1049 2165 -1
2165 2185 -1
2165 2218 -1
2165 3715 -1
215 1758 -1
1257 1758 -1
1758 2035 -1
1758 2581 -1
1758 2905 -1
215 3328 -1
215 1985 -1
215 2485 -1
215 1590 -1
215 3519 -1
2326 2638 -1
952 2326 -1
312 2326 -1
1554 2326 -1
888 2326 -1
1651 2861 -1
2861 3602 -1
2459 2861 -1
1651 2425 -1
1651 1786 -1
173 1651 -1
1294 1651 -1
1651 2077 -1
112 3778 -1
449 3778 -1
1069 3778 -1
494 3778 -1
2640 3778 -1
2815 3778 -1
3647 3778 -1
112 3118 -1
3258 3732 -1
555 3258 -1
684 3258 -1
3253 3258 -1
440 3258 -1
252 3258 -1
1439 3258 -1
1060 3498 -1
691 3498 -1
349 3498 -1
3498 3695 -1
1060 2229 -1
1060 1863 -1
2821 2824 -1
1572 2824 -1
2374 2824 -1
2517 2824 -1
1658 2824 -1
2824 3131 -1
796 2824 -1
286 2824 -1
3107 3248 -1
1356 3248 -1
965 3248 -1
553 1895 -1
1895 3425 -1
1895 2257 -1
1605 1895 -1
1895 3807 -1
925 3552 -1
1761 3552 -1
1156 3552 -1
8 3552 -1
2826 3552 -1
812 3552 -1
2596 3552 -1
2612 3552 -1
3057 3552 -1
2580 3552 -1
1431 3552 -1
1496 3552 -1
2201 3552 -1
1562 3552 -1
587 925 -1
461 925 -1
925 1716 -1
925 1110 -1
925 1239 -1
925 3004 -1
1473 1675 -1
1429 2159 -1
1309 2509 -1
221 2050 -1
2050 3774 -1
221 1537 -1
801 2620 -1
801 2817 -1
801 2978 -1
71 801 -1
801 1962 -1
801 1458 -1
801 3583 -1
1256 3680 -1
43 2261 -1
43 1027 -1
43 3658 -1
43 3154 -1
43 2681 -1
43 89 -1
43 2687 -1
708 3656 -1
1902 3656 -1
1807 3656 -1
708 1480 -1
708 762 -1
708 1075 -1
708 3327 -1
2229 2710 -1
2710 3498 -1
1863 2710 -1
1636 3263 -1
1993 3263 -1
939 3263 -1
3263 3279 -1
3263 3344 -1
2834 3263 -1
3263 3609 -1
456 2118 -1
485 3649 -1
2366 3649 -1
949 3649 -1
1566 3649 -1
1871 3649 -1
1657 2139 -1
1441 1657 -1
1657 2275 -1
562 666 -1
666 3536 -1
666 3554 -1
666 1155 -1
666 932 -1
629 666 -1
2004 3644 -1
2836 3644 -1
788 2376 -1
1262 2846 -1
1262 1876 -1
1262 2014 -1
1824 3560 -1
256 3382 -1
2650 3382 -1
256 1904 -1
256 1945 -1
256 3522 -1
49 256 -1
1416 3713 -1
2107 3116 -1
2631 3116 -1
1183 3116 -1
3007 3116 -1
1289 2325 -1
1688 2475 -1
304 2475 -1
1779 2475 -1
1164 2475 -1
2475 3335 -1
998 2346 -1
1315 2416 -1
2416 2728 -1
1045 2416 -1
1315 2082 -1
526 653 -1
653 1706 -1
526 2367 -1
526 1222 -1
526 599 -1
2100 2513 -1
408 2100 -1
2522 2545 -1
2545 3689 -1
1762 2545 -1
420 2545 -1
349 3323 -1
691 3323 -1
1060 3323 -1
3323 3695 -1
1395 2101 -1
507 2293 -1
2293 2312 -1
202 2293 -1
2293 3053 -1
2293 3535 -1
726 2293 -1
2293 2555 -1
1258 2293 -1
807 3365 -1
807 2745 -1
1192 2589 -1
1189 3664 -1
670 2645 -1
585 2645 -1
1681 2645 -1
670 1389 -1
107 3438 -1
937 1540 -1
2218 2553 -1
2185 2553 -1
2553 3715 -1
1049 2553 -1
2206 2218 -1
73 3067 -1
73 3370 -1
73 2324 -1
73 1798 -1
1055 3663 -1
1160 2801 -1
2801 3804 -1
2380 2801 -1
1077 2801 -1
1160 2248 -1
46 1160 -1
381 2818 -1
472 2818 -1
212 1172 -1
293 2414 -1
789 2414 -1
1290 2352 -1
1972 2352 -1
762 1290 -1
1075 1290 -1
1439 3775 -1
811 3775 -1
1996 3775 -1
555 3775 -1
684 3775 -1
440 3775 -1
2851 3775 -1
3732 3775 -1
3253 3775 -1
1694 3775 -1
3321 3775 -1
252 3775 -1
1310 3775 -1
1997 3490 -1
1147 1724 -1
1041 1724 -1
1147 3760 -1
1147 3069 -1
1147 2998 -1
171 1236 -1
1033 1396 -1
1396 3426 -1
1396 2731 -1
1396 1508 -1
1396 3266 -1
1396 3022 -1
114 1033 -1
623 1877 -1
1877 3144 -1
1877 3454 -1
1877 2621 -1
1877 2958 -1
125 623 -1
623 3398 -1
1189 1747 -1
1189 1868 -1
1189 1261 -1
1189 2751 -1
898 2404 -1
898 2876 -1
898 3783 -1
1266 2758 -1
557 1675 -1
1675 3439 -1
888 2938 -1
952 2938 -1
312 2938 -1
1554 2938 -1
2638 2938 -1
262 888 -1
729 2040 -1
1378 3813 -1
1378 3313 -1
829 1378 -1
1378 3805 -1
2620 3744 -1
2817 3744 -1
2978 3744 -1
71 3744 -1
1962 3744 -1
1458 3744 -1
3583 3744 -1
2054 3251 -1
2054 3437 -1
1178 2995 -1
459 2718 -1
459 2128 -1
1423 3567 -1
3030 3567 -1
1469 1833 -1
1833 2300 -1
551 1469 -1
1980 2711 -1
1980 3320 -1
345 1980 -1
66 1980 -1
129 1980 -1
79 1861 -1
79 2796 -1
1020 3610 -1
1537 3574 -1
2050 3574 -1
1062 2252 -1
457 2252 -1
2252 3242 -1
2252 2482 -1
1368 2252 -1
2041 2252 -1
1213 2252 -1
1409 2427 -1
2699 2839 -1
2839 2892 -1
2365 2699 -1
2047 2699 -1
2016 3662 -1
187 3662 -1
1988 3662 -1
646 3662 -1
1216 2016 -1
2016 3441 -1
2074 3416 -1
2091 3416 -1
2346 3387 -1
1626 2346 -1
686 2346 -1
2346 2542 -1
287 3223 -1
2429 3223 -1
287 1968 -1
287 885 -1
287 709 -1
287 2478 -1
287 951 -1
1783 2225 -1
2225 2338 -1
1090 2225 -1
2225 3546 -1
2225 3255 -1
2006 3552 -1
1269 3552 -1
587 2006 -1
461 2006 -1
1716 2006 -1
1110 2006 -1
1239 2006 -1
2006 3004 -1
1917 1926 -1
1926 2717 -1
1926 3294 -1
98 171 -1
190 2197 -1
928 2197 -1
362 2197 -1
2060 2197 -1
2002 2197 -1
2197 3406 -1
1754 3531 -1
1866 3531 -1
772 3531 -1
390 3531 -1
51 2164 -1
1312 2164 -1
1542 2164 -1
2164 2410 -1
2164 3122 -1
1171 2164 -1
1082 2164 -1
51 3817 -1
1398 1804 -1
1398 2371 -1
670 1798 -1
585 1798 -1
1681 1798 -1
670 3067 -1
670 1224 -1
670 2538 -1
670 2324 -1
670 3735 -1
670 1403 -1
670 3370 -1
587 2994 -1
2994 3552 -1
461 2994 -1
1716 2994 -1
1110 2994 -1
1239 2994 -1
2994 3004 -1
38 85 -1
38 3153 -1
38 2911 -1
38 2244 -1
38 335 -1
2169 3500 -1
1538 2169 -1
341 3029 -1
341 654 -1
341 2783 -1
102 1708 -1
102 3077 -1
102 2540 -1
102 561 -1
102 790 -1
102 634 -1
102 350 -1
102 2111 -1
301 2291 -1
2291 3802 -1
741 2821 -1
741 1572 -1
741 2374 -1
741 2517 -1
741 1658 -1
741 3131 -1
741 796 -1
286 741 -1
1509 2801 -1
1509 2248 -1
46 1509 -1
540 977 -1
977 2932 -1
977 1341 -1
977 1030 -1
977 2191 -1
540 3790 -1
447 540 -1
2818 3780 -1
2818 3339 -1
973 2818 -1
1521 2190 -1
3311 3408 -1
3065 3408 -1
30 3408 -1
3311 3472 -1
368 3484 -1
368 763 -1
368 2668 -1
368 2935 -1
693 3700 -1
448 3700 -1
1977 3700 -1
693 1817 -1
693 1210 -1
693 724 -1
693 3541 -1
14 693 -1
815 3595 -1
260 1098 -1
935 1098 -1
361 1098 -1
1098 2667 -1
1098 3503 -1
1098 2709 -1
1098 2601 -1
1098 1305 -1
1098 2362 -1
957 1098 -1
137 1173 -1
137 3042 -1
137 2043 -1
137 2756 -1
137 3005 -1
2537 3115 -1
596 2537 -1
146 2537 -1
2092 2537 -1
1216 3490 -1
3441 3490 -1
3490 3662 -1
772 3407 -1
64 3407 -1
2369 3407 -1
1219 3407 -1
390 3407 -1
1866 3407 -1
1619 3407 -1
1754 3407 -1
433 772 -1
2706 2815 -1
112 2706 -1
2640 2706 -1
1069 2706 -1
494 2706 -1
449 2706 -1
557 2987 -1
2987 3439 -1
1138 2566 -1
1138 2307 -1
688 1523 -1
688 3061 -1
1491 3171 -1
77 3171 -1
1296 1607 -1
1607 3420 -1
1607 3103 -1
1658 3522 -1
1572 3522 -1
2821 3522 -1
2374 3522 -1
2517 3522 -1
3131 3522 -1
796 3522 -1
286 3522 -1
1658 1904 -1
49 1658 -1
1658 3382 -1
735 1081 -1
1081 1421 -1
1081 2863 -1
735 1571 -1
735 3150 -1
1304 3728 -1
360 1304 -1
2598 3781 -1
2048 3781 -1
1952 3781 -1
489 3781 -1
2634 3781 -1
1014 3781 -1
1929 3781 -1
1181 3781 -1
1044 2040 -1
379 2040 -1
2040 3338 -1
1411 2040 -1
1557 3386 -1
1592 3164 -1
1592 3120 -1
1592 3411 -1
1592 1963 -1
3146 3546 -1
2338 3146 -1
2854 3146 -1
2279 3146 -1
1783 3146 -1
1090 3146 -1
3146 3255 -1
158 697 -1
158 2241 -1
158 2852 -1
158 3125 -1
2797 3247 -1
489 1206 -1
1206 2048 -1
1206 1952 -1
1206 2598 -1
1206 1929 -1
1206 2634 -1
1014 1206 -1
1181 1206 -1
489 3757 -1
489 1253 -1
1478 2057 -1
1207 2351 -1
1120 3579 -1
1830 3579 -1
2889 3579 -1
3579 3629 -1
1934 3579 -1
1778 3579 -1
2931 3579 -1
2775 3579 -1
2712 3579 -1
1120 1922 -1
1120 3803 -1
1120 2850 -1
679 1120 -1
247 333 -1
995 3110 -1
2313 3110 -1
637 3110 -1
2358 3110 -1
2641 3110 -1
1019 3319 -1
1019 1090 -1
1019 2338 -1
1019 1438 -1
562 1917 -1
1917 3536 -1
1917 3554 -1
1155 1917 -1
932 1917 -1
629 1917 -1
562 2717 -1
562 3294 -1
1501 2737 -1
3523 3663 -1
2778 3663 -1
823 1966 -1
823 2465 -1
984 2630 -1
2130 2630 -1
731 2630 -1
2630 3394 -1
2630 3317 -1
984 3224 -1
2529 3480 -1
2737 3611 -1
2267 2737 -1
2669 2737 -1
2070 2737 -1
3422 3764 -1
1654 3404 -1
824 3289 -1
2741 2772 -1
2772 2900 -1
1935 3060 -1
1233 1935 -1
1935 2067 -1
1935 3231 -1
1050 1189 -1
231 3114 -1
2472 3114 -1
3035 3114 -1
199 3114 -1
2991 3509 -1
1588 2991 -1
849 3365 -1
849 2745 -1
1061 1512 -1
1299 1512 -1
1061 1689 -1
1061 1546 -1
2526 3223 -1
1968 2526 -1
885 2526 -1
709 2526 -1
2478 2526 -1
951 2526 -1
1573 2429 -1
2429 2754 -1
1452 2429 -1
2429 3017 -1
1355 2429 -1
940 2429 -1
1741 2429 -1
2429 3342 -1
2429 3185 -1
850 2429 -1
2419 2429 -1
2429 3515 -1
287 1573 -1
694 701 -1
156 3143 -1
156 2690 -1
59 156 -1
156 988 -1
156 899 -1
3613 3655 -1
238 3655 -1
565 2005 -1
2005 3275 -1
565 892 -1
565 1132 -1
565 1470 -1
2097 3066 -1
3066 3160 -1
3026 3066 -1
3066 3074 -1
664 2097 -1
11 2097 -1
863 2097 -1
934 1849 -1
277 3014 -1
675 3014 -1
837 3014 -1
1132 3014 -1
2832 3014 -1
2321 3014 -1
892 3014 -1
1470 3014 -1
277 2627 -1
277 1182 -1
3187 3420 -1
3229 3420 -1
678 3420 -1
1296 3187 -1
3103 3187 -1
1540 2825 -1
487 1690 -1
487 1414 -1
487 3623 -1
487 1417 -1
487 624 -1
487 593 -1
487 858 -1
487 3070 -1
840 3560 -1
575 1152 -1
1493 1917 -1
1917 3348 -1
1493 2717 -1
1493 3294 -1
1694 2627 -1
2627 2851 -1
555 2627 -1
1439 2627 -1
1310 2627 -1
811 2627 -1
1182 1694 -1
1694 3014 -1
1291 2386 -1
1291 1784 -1
1291 3052 -1
1291 3562 -1
1291 1444 -1
633 2851 -1
2851 3109 -1
633 811 -1
633 2310 -1
633 1673 -1
555 633 -1
286 633 -1
633 1439 -1
633 1310 -1
633 1791 -1
633 1694 -1
633 2517 -1
759 1074 -1
469 1074 -1
1074 1670 -1
3313 3388 -1
3388 3813 -1
3252 3388 -1
3388 3805 -1
829 3388 -1
1092 3372 -1
1713 3372 -1
810 3372 -1
2384 3500 -1
395 3500 -1
1455 3500 -1
3500 3572 -1
1559 3500 -1
2458 3500 -1
2394 3500 -1
2490 3500 -1
1538 2384 -1
416 2660 -1
416 2009 -1
416 3334 -1
1024 1094 -1
1094 1674 -1
1094 2988 -1
1094 2613 -1
253 1094 -1
2355 3631 -1
2788 3084 -1
2296 2788 -1
775 2788 -1
2770 3494 -1
627 1705 -1
550 2826 -1
2052 2826 -1
8 550 -1
550 3057 -1
550 2580 -1
550 1685 -1
550 1431 -1
550 1496 -1
550 1562 -1
550 925 -1
3648 3753 -1
867 1730 -1
211 1730 -1
3044 3243 -1
2471 3243 -1
2451 2476 -1
1930 2476 -1
2451 2663 -1
2126 2451 -1
2008 2451 -1
2162 2451 -1
24 2451 -1
2138 2451 -1
150 1344 -1
38 2979 -1
38 423 -1
38 235 -1
38 1169 -1
38 3538 -1
38 2422 -1
38 56 -1
38 443 -1
38 636 -1
22 1989 -1
22 3512 -1
22 641 -1
22 3458 -1
169 704 -1
169 1327 -1
915 1708 -1
1474 1708 -1
1187 1708 -1
969 1708 -1
1259 1708 -1
1010 1708 -1
1708 2323 -1
1708 1947 -1
1708 2302 -1
915 3077 -1
915 2540 -1
561 915 -1
790 915 -1
634 915 -1
350 915 -1
915 2111 -1
1414 1816 -1
624 1816 -1
593 1816 -1
858 1816 -1
1690 1816 -1
1816 3070 -1
1407 2584 -1
1580 2584 -1
1581 2110 -1
368 3215 -1
368 2403 -1
1219 2304 -1
64 2304 -1
2304 2369 -1
1866 2304 -1
1619 2304 -1
772 2304 -1
1563 3338 -1
2379 3338 -1
140 3338 -1
5 3338 -1
2413 3338 -1
1411 1563 -1
676 1563 -1
1563 3377 -1
1044 1563 -1
379 1563 -1
1563 3806 -1
211 3585 -1
867 3585 -1
459 3818 -1
459 3354 -1
459 1739 -1
459 781 -1
459 3158 -1
2204 2638 -1
952 2204 -1
312 2204 -1
1554 2204 -1
888 2204 -1
897 903 -1
1826 3125 -1
697 1826 -1
1826 2241 -1
1826 2852 -1
1826 1974 -1
1287 1826 -1
2924 3097 -1
2000 3097 -1
2460 3097 -1
1335 2944 -1
2066 2944 -1
1008 1335 -1
1061 1230 -1
1230 1299 -1
210 1061 -1
1061 2315 -1
2893 3598 -1
290 2082 -1
2082 2806 -1
290 2416 -1
1876 3266 -1
2014 3266 -1
2846 3266 -1
1876 3426 -1
1876 2731 -1
1508 1876 -1
1033 1876 -1
1876 3339 -1
973 1876 -1
1876 3022 -1
1876 3794 -1
243 1876 -1
302 2168 -1
450 3008 -1
450 1459 -1
1204 2012 -1
2012 2976 -1
1875 2012 -1
979 2012 -1
918 2012 -1
1204 1513 -1
3564 3718 -1
2440 3564 -1
856 3564 -1
2649 3564 -1
2110 2150 -1
302 2212 -1
302 3305 -1
302 452 -1
302 2965 -1
302 3278 -1
302 2079 -1
1627 3401 -1
1627 2717 -1
1627 3294 -1
481 817 -1
817 1665 -1
817 1091 -1
817 1227 -1
481 1144 -1
2641 2775 -1
2313 2775 -1
995 2775 -1
637 2775 -1
2358 2775 -1
1120 2641 -1
1955 2641 -1
1830 2641 -1
1286 2641 -1
2641 2889 -1
453 2641 -1
2641 3629 -1
1934 2641 -1
1778 2641 -1
2641 2931 -1
2641 3380 -1
2641 2678 -1
2641 2712 -1
2641 2879 -1
192 3496 -1
1642 3496 -1
2531 3496 -1
2822 3496 -1
2615 3496 -1
109 192 -1
69 192 -1
192 3429 -1
79 3690 -1
79 1567 -1
1836 3214 -1
1836 2345 -1
170 1836 -1
1836 3516 -1
1 1408 -1
1408 3677 -1
894 1212 -1
1244 2538 -1
1244 1403 -1
1244 2324 -1
1244 1798 -1
469 792 -1
792 1670 -1
759 792 -1
1932 3654 -1
1265 3600 -1
1297 3448 -1
1297 2176 -1
197 1297 -1
299 978 -1
978 1162 -1
978 2426 -1
978 2653 -1
1435 3434 -1
2027 3434 -1
178 1458 -1
624 1458 -1
858 1458 -1
178 2817 -1
178 1962 -1
178 2620 -1
178 2978 -1
71 178 -1
276 1209 -1
1209 2614 -1
276 1345 -1
138 276 -1
27 276 -1
276 2582 -1
276 987 -1
645 3279 -1
645 3344 -1
645 939 -1
645 1636 -1
1908 2684 -1
2639 2684 -1
1253 3171 -1
3171 3757 -1
1206 3171 -1
2829 3447 -1
3147 3392 -1
2576 3392 -1
274 3392 -1
2595 3392 -1
1445 3392 -1
1714 3392 -1
2153 3147 -1
2557 3147 -1
1817 3483 -1
14 3483 -1
724 3483 -1
3483 3541 -1
2904 3483 -1
3483 3700 -1
1210 3483 -1
1817 3456 -1
1817 3303 -1
1817 3792 -1
1817 2226 -1
1363 1817 -1
1817 3444 -1
17 2233 -1
1733 3385 -1
263 3385 -1
3144 3385 -1
1385 3385 -1
2954 3385 -1
2096 3385 -1
3385 3454 -1
2297 3708 -1
2085 3598 -1
318 3536 -1
3137 3536 -1
258 3536 -1
1835 3536 -1
182 3536 -1
2585 3536 -1
318 562 -1
318 1155 -1
318 932 -1
318 3554 -1
318 629 -1
651 1574 -1
651 2170 -1
651 994 -1
651 1782 -1
1504 2195 -1
2195 2841 -1
2195 2395 -1
2195 3436 -1
2195 2997 -1
2195 3337 -1
1504 3524 -1
2136 3603 -1
1096 3603 -1
1809 3603 -1
3558 3603 -1
747 3325 -1
419 2080 -1
705 2323 -1
705 1474 -1
705 1187 -1
705 1259 -1
705 1010 -1
705 915 -1
705 1947 -1
705 2302 -1
281 2808 -1
281 1340 -1
281 1957 -1
3186 3192 -1
2960 3186 -1
75 3186 -1
905 2567 -1
2512 2567 -1
777 1580 -1
777 1407 -1
1461 3627 -1
1057 3627 -1
3627 3685 -1
1585 3627 -1
2695 3627 -1
2700 3627 -1
2579 3627 -1
1649 3627 -1
1971 3627 -1
1916 3627 -1
2248 3187 -1
2801 3187 -1
46 3187 -1
2248 3229 -1
678 2248 -1
211 1778 -1
867 1778 -1
211 1120 -1
211 1830 -1
211 2889 -1
211 3629 -1
211 1934 -1
211 2931 -1
211 2775 -1
211 2712 -1
7 2333 -1
1441 2333 -1
2275 2333 -1
7 1498 -1
534 1766 -1
1766 3643 -1
1717 1766 -1
1766 2271 -1
534 2477 -1
438 534 -1
3104 3334 -1
1007 3334 -1
2009 3104 -1
2660 3104 -1
2646 2671 -1
2280 2646 -1
2121 2646 -1
545 2651 -1
1844 2651 -1
2651 3630 -1
1115 3194 -1
513 816 -1
816 3768 -1
513 1193 -1
513 3770 -1
278 513 -1
513 3671 -1
1815 2721 -1
1815 3201 -1
2065 3667 -1
1762 2430 -1
2430 3689 -1
2430 2522 -1
420 2430 -1
2430 3590 -1
1157 2999 -1
1157 1968 -1
1157 3544 -1
1157 3139 -1
709 1157 -1
951 1157 -1
983 1121 -1
1043 1121 -1
1121 3079 -1
1121 3151 -1
244 983 -1
254 983 -1
3431 3819 -1
832 2142 -1
2142 3126 -1
1866 2137 -1
64 2137 -1
2137 2369 -1
1219 2137 -1
772 2137 -1
390 2137 -1
1619 2137 -1
1754 2137 -1
1690 3418 -1
1414 3418 -1
3418 3623 -1
1417 3418 -1
624 3418 -1
593 3418 -1
858 3418 -1
3070 3418 -1
1286 1398 -1
1398 1955 -1
1398 2889 -1
1398 3629 -1
1398 3380 -1
1398 2678 -1
1398 2775 -1
1398 2879 -1
2134 3596 -1
996 3596 -1
2276 3596 -1
1159 3433 -1
381 484 -1
472 484 -1
44 3345 -1
54 3147 -1
54 2576 -1
54 274 -1
54 2595 -1
54 1445 -1
54 1714 -1
390 3716 -1
1754 3716 -1
772 3716 -1
1866 3716 -1
806 3161 -1
893 3161 -1
3161 3478 -1
1411 1432 -1
676 1432 -1
1432 3338 -1
1432 3377 -1
1044 1432 -1
379 1432 -1
1432 3806 -1
2664 3689 -1
2522 2664 -1
420 2664 -1
1762 2664 -1
2664 3590 -1
471 1089 -1
5 1561 -1
1561 1563 -1
1561 2379 -1
140 1561 -1
1561 2413 -1
5 714 -1
5 1606 -1
1052 3304 -1
1741 1811 -1
850 1811 -1
1811 2419 -1
1573 1811 -1
81 1741 -1
906 1741 -1
1613 1741 -1
270 1741 -1
1741 2031 -1
903 965 -1
903 3107 -1
903 1356 -1
892 3047 -1
1570 3047 -1
675 3047 -1
837 3047 -1
1132 3047 -1
2832 3047 -1
2005 3047 -1
1470 3047 -1
277 3047 -1
751 2929 -1
2929 3675 -1
2929 3571 -1
2125 2929 -1
2766 2929 -1
663 2929 -1
1621 3458 -1
3458 3706 -1
2387 3458 -1
2812 3458 -1
2023 3458 -1
1621 3512 -1
641 1621 -1
1621 1989 -1
1568 2165 -1
2165 3417 -1
773 2165 -1
1397 2165 -1
2512 3020 -1
905 3020 -1
1481 2900 -1
1481 2741 -1
269 852 -1
852 1037 -1
269 1752 -1
452 3584 -1
2212 3584 -1
3305 3584 -1
3278 3584 -1
1267 3584 -1
2965 3584 -1
2079 3584 -1
917 1818 -1
1235 1955 -1
1235 1286 -1
1235 2889 -1
1235 3629 -1
1235 3380 -1
1235 2678 -1
1235 2775 -1
1235 2879 -1
2238 2683 -1
2683 2793 -1
936 2238 -1
668 2238 -1
2238 3244 -1
502 2238 -1
1150 2238 -1
312 3570 -1
952 3570 -1
888 3570 -1
1554 3570 -1
2638 3570 -1
232 312 -1
312 1981 -1
472 3096 -1
381 3096 -1
3598 3759 -1
411 1621 -1
394 1621 -1
411 3706 -1
411 2387 -1
411 2812 -1
411 2023 -1
297 3097 -1
1856 3097 -1
333 3228 -1
267 2199 -1
267 3135 -1
242 2552 -1
507 2764 -1
2312 2764 -1
202 2764 -1
2764 3053 -1
2764 3535 -1
726 2764 -1
2555 2764 -1
1258 2764 -1
507 738 -1
507 2235 -1
507 1148 -1
507 1453 -1
507 2493 -1
1397 2346 -1
1568 2346 -1
773 2346 -1
323 3755 -1
17 3369 -1
17 1913 -1
17 2354 -1
17 1699 -1
1870 2435 -1
32 2435 -1
752 3045 -1
941 3493 -1
58 3493 -1
941 1136 -1
644 941 -1
941 1853 -1
452 2354 -1
2212 2354 -1
2354 3305 -1
2354 3278 -1
1267 2354 -1
2354 2965 -1
2079 2354 -1
452 3369 -1
452 1699 -1
452 1913 -1
522 3420 -1
2481 3420 -1
3420 3789 -1
522 1296 -1
522 3103 -1
1788 1929 -1
1788 2048 -1
1788 1952 -1
1788 2598 -1
489 1788 -1
1788 2634 -1
1014 1788 -1
1181 1788 -1
807 2867 -1
1144 3163 -1
817 3163 -1
1144 3059 -1
950 1144 -1
1144 1167 -1
288 2679 -1
228 2679 -1
1907 2507 -1
2507 2810 -1
1907 2897 -1
1679 1907 -1
2710 3221 -1
1241 2700 -1
64 2700 -1
2369 2700 -1
771 2700 -1
1241 1585 -1
1241 1916 -1
1241 3685 -1
1241 1461 -1
597 2209 -1
2745 3168 -1
3168 3365 -1
1364 3542 -1
1624 3542 -1
2730 3542 -1
1387 3542 -1
3341 3542 -1
1134 2953 -1
41 1134 -1
1134 2835 -1
449 1995 -1
112 1995 -1
1995 2640 -1
1069 1995 -1
494 1995 -1
1995 2815 -1
134 509 -1
509 3761 -1
509 1942 -1
138 925 -1
925 1209 -1
27 925 -1
925 2582 -1
925 987 -1
925 1345 -1
138 1761 -1
138 1156 -1
8 138 -1
138 2826 -1
138 812 -1
138 2596 -1
138 2612 -1
138 3057 -1
138 2580 -1
138 1431 -1
138 1496 -1
138 2201 -1
138 1562 -1
966 2972 -1
157 165 -1
165 3696 -1
3362 3404 -1
622 1836 -1
819 2394 -1
819 2384 -1
395 819 -1
819 3572 -1
819 1455 -1
819 1559 -1
1525 3505 -1
1323 3505 -1
2270 3505 -1
239 1525 -1
1820 3581 -1
1607 3691 -1
1607 2919 -1
187 2175 -1
2016 2175 -1
1988 2175 -1
646 2175 -1
355 1681 -1
809 1681 -1
1681 2269 -1
355 585 -1
355 1114 -1
355 3405 -1
355 2798 -1
355 670 -1
3241 3643 -1
1717 3241 -1
534 3241 -1
2271 3241 -1
3165 3664 -1
2573 3664 -1
1278 3664 -1
1343 3664 -1
335 1698 -1
1698 3153 -1
85 1698 -1
1698 2911 -1
1730 2350 -1
783 3187 -1
783 3229 -1
678 783 -1
2610 3385 -1
2381 3385 -1
1958 3385 -1
752 2185 -1
752 1049 -1
752 2218 -1
752 3715 -1
859 3025 -1
859 2348 -1
859 1748 -1
859 1013 -1
326 2526 -1
2200 2526 -1
2541 2771 -1
1031 3747 -1
611 3747 -1
886 3747 -1
78 1582 -1
78 2424 -1
8 2266 -1
1156 2266 -1
2266 2826 -1
2266 3057 -1
2266 2580 -1
1431 2266 -1
1496 2266 -1
2201 2266 -1
1562 2266 -1
925 2266 -1
8 2624 -1
1675 3159 -1
728 1675 -1
1641 1675 -1
402 1675 -1
643 1675 -1
1357 1675 -1
17 1535 -1
17 1136 -1
17 2474 -1
17 1853 -1
725 2436 -1
2436 3211 -1
1557 3353 -1
2621 2804 -1
2804 3144 -1
2804 3454 -1
2804 2958 -1
623 2804 -1
2621 3072 -1
781 1440 -1
1440 3354 -1
1440 1739 -1
1440 3818 -1
1440 3158 -1
781 1672 -1
781 3657 -1
273 781 -1
23 1458 -1
23 2817 -1
23 1962 -1
23 2620 -1
23 2978 -1
23 71 -1
1846 2258 -1
2258 3617 -1
657 1440 -1
1440 1735 -1
657 1672 -1
657 3657 -1
273 657 -1
1798 3095 -1
3067 3095 -1
1224 3095 -1
2538 3095 -1
2324 3095 -1
3095 3735 -1
1403 3095 -1
3095 3370 -1
1208 3024 -1
1208 3049 -1
1486 1933 -1
2579 3700 -1
1057 3700 -1
3685 3700 -1
2695 3700 -1
1585 3700 -1
1971 3700 -1
1461 3700 -1
1817 2579 -1
1210 2579 -1
724 2579 -1
2579 3541 -1
14 2579 -1
868 1109 -1
2203 3401 -1
949 3401 -1
2366 3401 -1
2203 2717 -1
2203 3294 -1
296 1401 -1
1508 2933 -1
2933 3266 -1
2933 3717 -1
2933 3751 -1
1033 2933 -1
2731 2933 -1
2933 3426 -1
206 2933 -1
2933 3022 -1
2312 3102 -1
507 3102 -1
1258 3102 -1
3053 3102 -1
3102 3535 -1
2833 3102 -1
2132 3102 -1
726 3102 -1
2555 3102 -1
202 3102 -1
2140 2312 -1
2312 3013 -1
590 2312 -1
2312 3381 -1
614 1383 -1
614 947 -1
881 2465 -1
881 1966 -1
596 2463 -1
146 2463 -1
2463 3115 -1
2092 2463 -1
1052 3442 -1
1052 1545 -1
1052 1750 -1
1052 1697 -1
2379 3132 -1
1563 3132 -1
140 3132 -1
5 3132 -1
2413 3132 -1
1184 2379 -1
2379 2498 -1
659 1211 -1
659 874 -1
1620 1859 -1
1859 2781 -1
1620 2480 -1
378 1620 -1
1620 2215 -1
1235 2871 -1
237 2723 -1
237 1954 -1
237 2583 -1
1124 2945 -1
1124 2564 -1
1124 1191 -1
1124 1704 -1
1124 2187 -1
814 1124 -1
1124 3226 -1
1103 3541 -1
1103 2144 -1
1103 1817 -1
14 1103 -1
1103 3700 -1
1103 1143 -1
1103 2456 -1
724 1103 -1
1103 1210 -1
1103 2844 -1
114 2801 -1
1396 2801 -1
114 2248 -1
46 114 -1
2299 3275 -1
565 2299 -1
1748 2730 -1
2730 3025 -1
2348 2730 -1
1013 2730 -1
1748 3210 -1
1387 1748 -1
1748 3341 -1
1364 1748 -1
1624 1748 -1
861 1748 -1
641 2736 -1
2736 3512 -1
2736 3458 -1
1989 2736 -1
641 1892 -1
641 1158 -1
641 647 -1
641 1320 -1
641 2921 -1
641 2038 -1
641 1146 -1
1916 3258 -1
1585 3258 -1
2700 3258 -1
3258 3685 -1
1461 3258 -1
2704 3563 -1
1403 1479 -1
1224 1479 -1
1479 2538 -1
1479 2324 -1
1479 1798 -1
1403 1505 -1
1314 1403 -1
1403 2597 -1
1403 1975 -1
2172 3819 -1
369 3819 -1
429 3819 -1
1359 2208 -1
992 1359 -1
1073 1359 -1
1359 3707 -1
1359 3520 -1
1192 3241 -1
2704 3781 -1
1807 2886 -1
708 2886 -1
1902 2886 -1
11 93 -1
93 664 -1
93 3066 -1
93 863 -1
468 3003 -1
3003 3499 -1
468 3306 -1
418 468 -1
86 468 -1
468 1910 -1
468 3326 -1
418 1231 -1
803 1231 -1
1231 3306 -1
1231 3003 -1
1231 3326 -1
86 1231 -1
2432 3641 -1
1517 2432 -1
1543 2580 -1
1156 1543 -1
8 1543 -1
1543 2826 -1
1543 3057 -1
1431 1543 -1
1496 1543 -1
1543 2201 -1
1543 1562 -1
925 1543 -1
1497 3470 -1
469 820 -1
820 1670 -1
759 820 -1
466 3509 -1
380 3509 -1
466 1588 -1
1537 2114 -1
2050 2114 -1
259 1641 -1
579 1641 -1
582 1641 -1
1641 3766 -1
259 728 -1
259 402 -1
259 643 -1
259 1357 -1
259 3159 -1
148 894 -1
2118 3674 -1
160 2118 -1
2118 2986 -1
272 2118 -1
2118 3189 -1
985 2118 -1
1530 2118 -1
2522 3089 -1
3089 3689 -1
1762 3089 -1
420 3089 -1
1322 2522 -1
2340 2522 -1
2618 2977 -1
2147 2977 -1
72 2159 -1
468 1425 -1
1425 3499 -1
261 468 -1
468 1862 -1
930 2509 -1
1672 2509 -1
2509 3657 -1
2840 2886 -1
900 1581 -1
250 1581 -1
1407 3159 -1
1580 3159 -1
728 1407 -1
1407 1641 -1
402 1407 -1
643 1407 -1
1357 1407 -1
165 2001 -1
3555 3578 -1
264 771 -1
64 264 -1
264 1241 -1
264 2369 -1
1628 3202 -1
1628 3160 -1
1628 3026 -1
2064 3310 -1
1301 1628 -1
840 3118 -1
840 3778 -1
1454 2237 -1
1371 2237 -1
1476 2237 -1
728 1454 -1
1357 1454 -1
1454 1622 -1
989 2846 -1
989 1876 -1
989 2014 -1
2709 3796 -1
260 3796 -1
935 3796 -1
361 3796 -1
2667 3796 -1
3503 3796 -1
2601 3796 -1
1305 3796 -1
2362 3796 -1
957 3796 -1
2245 3631 -1
2264 3631 -1
3569 3631 -1
322 3631 -1
1869 3631 -1
230 3631 -1
946 1563 -1
946 2379 -1
140 946 -1
5 946 -1
946 2413 -1
470 982 -1
130 982 -1
982 1732 -1
460 470 -1
2854 3537 -1
233 3537 -1
3537 3546 -1
3255 3537 -1
2279 3537 -1
324 3741 -1
324 3314 -1
2517 3776 -1
2851 3776 -1
1572 3776 -1
2821 3776 -1
2310 3776 -1
1673 3776 -1
811 3776 -1
286 3776 -1
1658 3776 -1
1310 3776 -1
1791 3776 -1
9 962 -1
9 268 -1
9 2407 -1
1624 2657 -1
2657 2730 -1
1387 2657 -1
1364 2657 -1
2657 3341 -1
2188 2955 -1
687 2417 -1
687 2178 -1
687 2805 -1
1625 1684 -1
387 1625 -1
1107 1625 -1
1625 2744 -1
1594 1625 -1
475 1625 -1
1625 3198 -1
563 3052 -1
563 1784 -1
563 2386 -1
563 1444 -1
563 3562 -1
649 1987 -1
1067 3183 -1
981 2218 -1
981 2185 -1
981 3715 -1
981 1049 -1
2721 3505 -1
3201 3505 -1
239 2721 -1
2131 2397 -1
118 3432 -1
1427 3708 -1
1417 3708 -1
3506 3708 -1
1229 3708 -1
2334 3708 -1
3623 3708 -1
1210 2182 -1
14 2182 -1
2182 3700 -1
724 2182 -1
2182 3541 -1
2182 2904 -1
1817 2182 -1
1210 1273 -1
1210 2366 -1
949 1210 -1
1210 1566 -1
1552 2483 -1
148 1207 -1
2359 3608 -1
2359 3268 -1
599 3783 -1
653 3783 -1
1222 3783 -1
2367 3783 -1
599 2876 -1
599 2404 -1
1421 3721 -1
735 3721 -1
2863 3721 -1
1579 1939 -1
1897 3148 -1
272 1897 -1
1897 3189 -1
1897 2548 -1
661 1897 -1
1897 2853 -1
2479 2869 -1
1993 2869 -1
2869 3609 -1
2540 2680 -1
561 2680 -1
634 2680 -1
1708 2680 -1
350 2680 -1
2111 2680 -1
3195 3489 -1
2716 2931 -1
1120 2716 -1
1830 2716 -1
2716 2889 -1
2716 3629 -1
1934 2716 -1
1778 2716 -1
2716 2775 -1
2712 2716 -1
1003 2547 -1
3354 3472 -1
3472 3818 -1
1739 3472 -1
781 3472 -1
3158 3472 -1
3354 3408 -1
540 3381 -1
2932 3381 -1
1341 3381 -1
1030 3381 -1
2191 3381 -1
540 2140 -1
540 590 -1
540 3013 -1
540 3102 -1
684 2236 -1
555 2236 -1
2236 3732 -1
2236 3253 -1
440 2236 -1
252 2236 -1
1439 2236 -1
596 3351 -1
146 3351 -1
3115 3351 -1
2092 3351 -1
596 2347 -1
2187 3061 -1
2945 3061 -1
3061 3226 -1
2564 3061 -1
814 3061 -1
1523 2187 -1
974 1828 -1
92 974 -1
1621 3762 -1
3706 3762 -1
2387 3762 -1
2812 3762 -1
2023 3762 -1
1621 3344 -1
939 1621 -1
1621 1886 -1
48 614 -1
614 3145 -1
614 2739 -1
3103 3442 -1
1296 3442 -1
3420 3442 -1
1545 3103 -1
1750 3103 -1
1697 3103 -1
2496 3355 -1
2514 3355 -1
2036 3355 -1
3119 3355 -1
1026 2496 -1
2119 2496 -1
2496 3565 -1
2496 2674 -1
2496 3350 -1
1692 2496 -1
22 1809 -1
22 1096 -1
22 2136 -1
22 3558 -1
1165 2663 -1
2663 2777 -1
2250 2663 -1
2663 3222 -1
1165 2476 -1
1165 2126 -1
1165 2008 -1
1165 2162 -1
52 1165 -1
24 1165 -1
1165 2138 -1
1359 1905 -1
26 2653 -1
26 2426 -1
26 299 -1
26 1162 -1
1067 3551 -1
3045 3522 -1
1904 3045 -1
49 3045 -1
3045 3382 -1
731 3420 -1
984 3420 -1
2130 3420 -1
3394 3420 -1
3317 3420 -1
731 1296 -1
731 3103 -1
2753 2916 -1
1589 2916 -1
914 1636 -1
914 1993 -1
914 939 -1
914 3279 -1
914 3344 -1
914 2834 -1
914 3609 -1
1580 3307 -1
1407 3307 -1
72 1160 -1
72 3804 -1
72 2380 -1
72 1077 -1
2652 3247 -1
3247 3286 -1
1225 2271 -1
778 2271 -1
1225 3643 -1
534 1225 -1
2742 2958 -1
1918 2958 -1
2742 3144 -1
2621 2742 -1
2742 3454 -1
623 2742 -1
246 2684 -1
1716 2684 -1
2230 2684 -1
1239 2684 -1
795 889 -1
889 3062 -1
2 795 -1
1404 2737 -1
1673 2204 -1
2204 2851 -1
2204 2310 -1
811 2204 -1
286 2204 -1
2204 2517 -1
1310 2204 -1
1791 2204 -1
1420 3358 -1
784 3358 -1
3358 3624 -1
2444 3358 -1
337 1420 -1
619 1022 -1
781 1862 -1
1862 3354 -1
1739 1862 -1
1862 3818 -1
1862 3158 -1
781 1425 -1
261 781 -1
206 3081 -1
3081 3426 -1
1508 3081 -1
3081 3717 -1
3081 3751 -1
908 1852 -1
2953 3611 -1
41 3611 -1
2835 3611 -1
2267 2953 -1
2669 2953 -1
2070 2953 -1
2141 3186 -1
221 300 -1
300 3774 -1
221 968 -1
221 2578 -1
221 671 -1
1911 3409 -1
1911 2666 -1
844 2221 -1
480 1342 -1
1493 2991 -1
2991 3348 -1
2175 3131 -1
2154 2175 -1
796 2175 -1
1658 2175 -1
2175 2374 -1
2175 2821 -1
1396 3769 -1
114 3769 -1
566 2074 -1
566 2091 -1
716 3508 -1
3128 3508 -1
953 3508 -1
2969 3508 -1
1175 1534 -1
460 2506 -1
982 2506 -1
460 3782 -1
65 2650 -1
65 256 -1
1699 3123 -1
3123 3369 -1
2354 3123 -1
1913 3123 -1
377 1699 -1
684 3046 -1
555 3046 -1
3046 3732 -1
3046 3253 -1
440 3046 -1
252 3046 -1
1439 3046 -1
407 1847 -1
407 1149 -1
407 2462 -1
117 407 -1
1793 3730 -1
2577 3730 -1
1336 1841 -1
1242 1841 -1
1166 1336 -1
2310 2815 -1
2815 2851 -1
1673 2815 -1
811 2815 -1
286 2815 -1
2517 2815 -1
1310 2815 -1
1791 2815 -1
112 2310 -1
2310 2640 -1
1069 2310 -1
494 2310 -1
449 2310 -1
66 1131 -1
1131 3320 -1
345 1131 -1
1131 2711 -1
129 1131 -1
2368 2562 -1
2090 2368 -1
2444 2760 -1
784 2760 -1
2760 3624 -1
1420 2760 -1
2546 2692 -1
1560 2692 -1
527 2546 -1
2406 2546 -1
1118 2546 -1
543 2546 -1
1118 2526 -1
516 2526 -1
527 2526 -1
2526 2692 -1
2406 2526 -1
543 2526 -1
639 2316 -1
2316 3292 -1
1688 1762 -1
304 1762 -1
1762 1779 -1
1164 1762 -1
1762 3335 -1
1688 3689 -1
1688 2522 -1
420 1688 -1
1688 3590 -1
1070 2520 -1
971 2895 -1
2878 2895 -1
1367 2895 -1
787 3367 -1
1372 3367 -1
3367 3461 -1
1119 2120 -1
1307 2342 -1
929 2342 -1
1016 3176 -1
746 1016 -1
1365 3355 -1
1539 3355 -1
2550 3355 -1
1026 1365 -1
1365 2119 -1
1365 3565 -1
1365 2674 -1
1365 3350 -1
1365 1692 -1
1235 2251 -1
1235 1460 -1
1235 3343 -1
1572 3048 -1
1658 3048 -1
2821 3048 -1
286 3048 -1
2517 3048 -1
932 2645 -1
2645 3536 -1
2645 3554 -1
562 2645 -1
1155 2645 -1
629 2645 -1
932 1389 -1
1112 1736 -1
551 3407 -1
1833 3407 -1
433 551 -1
1278 2252 -1
2252 2573 -1
2252 3165 -1
1343 2252 -1
225 3705 -1
225 2896 -1
225 3377 -1
225 676 -1
225 2765 -1
225 3806 -1
872 1108 -1
534 2614 -1
2614 3643 -1
1717 2614 -1
2271 2614 -1
276 534 -1
889 1445 -1
2 1445 -1
889 2595 -1
274 889 -1
889 3147 -1
889 1714 -1
1016 1818 -1
2448 3412 -1
1217 3412 -1
219 332 -1
2312 2401 -1
507 2401 -1
1258 2401 -1
2401 3053 -1
2401 3535 -1
2401 2833 -1
2132 2401 -1
726 2401 -1
2401 2555 -1
202 2401 -1
240 1087 -1
2548 3678 -1
272 3678 -1
2853 3678 -1
3148 3678 -1
3189 3678 -1
661 3678 -1
2082 2124 -1
2124 2416 -1
1360 2082 -1
1283 2082 -1
2082 2317 -1
499 1227 -1
1227 2694 -1
334 1227 -1
499 1665 -1
499 1091 -1
481 499 -1
2889 3309 -1
1120 3309 -1
1955 3309 -1
453 3309 -1
1286 3309 -1
3309 3629 -1
1934 3309 -1
1778 3309 -1
1830 3309 -1
3309 3380 -1
2678 3309 -1
2775 3309 -1
2712 3309 -1
2931 3309 -1
2879 3309 -1
2775 3815 -1
1120 3815 -1
1955 3815 -1
1830 3815 -1
1286 3815 -1
2889 3815 -1
453 3815 -1
3629 3815 -1
1934 3815 -1
1778 3815 -1
2931 3815 -1
3380 3815 -1
2678 3815 -1
2712 3815 -1
2879 3815 -1
1174 3173 -1
385 3173 -1
1434 3173 -1
506 821 -1
821 3526 -1
821 1663 -1
174 896 -1
896 1906 -1
896 2083 -1
896 1246 -1
736 2847 -1
50 2847 -1
935 1401 -1
260 1401 -1
361 1401 -1
1401 3503 -1
1401 2709 -1
1401 2601 -1
1401 2362 -1
957 1401 -1
2118 2156 -1
2250 2960 -1
1165 2960 -1
2960 3222 -1
2250 3192 -1
75 2250 -1
