95 1485 1
490 3212 1
1431 1485 1
95 1431 1
3074 3524 1
902 2065 1
2020 2979 1
722 2539 1
937 1785 1
124 2195 1
553 2418 1
374 1648 1
0 8 1
217 1758 1
62 2843 1
15 2502 1
1276 1485 1
1276 1431 1
95 1276 1
3160 3456 1
2003 2174 1
3438 3494 1
576 1156 1
722 1648 1
1648 2539 1
374 722 1
2257 2325 1
1951 2325 1
1951 2257 1
1611 2048 1
423 3155 1
855 1922 1
2762 3721 1
1169 1738 1
636 2596 1
2613 3286 1
1805 1932 1
95 872 1
872 1276 1
872 1485 1
872 1431 1
2028 3744 1
861 2331 1
855 3100 1
1922 3100 1
2019 2257 1
2019 2325 1
1951 2019 1
1295 1997 1
1496 2065 1
902 1496 1
352 2988 1
26 3803 1
855 1590 1
1590 1922 1
1590 3100 1
540 925 1
1805 1881 1
1881 1932 1
289 630 1
1181 1590 1
1181 1922 1
1181 3100 1
855 1181 1
656 3739 1
604 3759 1
435 3438 1
435 3494 1
1192 1274 1
2368 3444 1
26 191 1
191 3803 1
2104 2405 1
1127 1472 1
1080 1315 1
1065 2627 1
3444 3679 1
2368 3679 1
1932 2165 1
1881 2165 1
1805 2165 1
1484 3014 1
0 1593 1
8 1593 1
2196 3322 1
2196 2306 1
2306 3322 1
501 1770 1
103 352 1
103 2988 1
937 3212 1
1785 3212 1
490 937 1
2707 3014 1
1484 2707 1
737 1176 1
2598 2607 1
1153 2843 1
62 1153 1
1030 3803 1
26 1030 1
191 1030 1
1597 3483 1
1685 1745 1
3633 3673 1
1485 3803 1
872 3803 1
1431 3803 1
1276 3803 1
95 3803 1
1030 1485 1
26 1485 1
191 1485 1
2191 2534 1
1805 2891 1
1881 2891 1
1932 2891 1
2165 2891 1
1045 3482 1
1922 2331 1
2331 3100 1
1181 2331 1
1590 2331 1
855 2331 1
861 1922 1
2065 2190 1
1496 2190 1
902 2190 1
553 3074 1
2418 3074 1
553 3524 1
812 2097 1
1302 1668 1
2706 2728 1
374 2974 1
1648 2974 1
722 2974 1
2223 3595 1
195 1761 1
1738 1759 1
1169 1759 1
1153 1948 1
1948 2843 1
62 1948 1
1610 3057 1
0 267 1
8 267 1
267 1593 1
740 1849 1
289 2344 1
630 2344 1
26 253 1
253 3803 1
253 1485 1
253 1030 1
191 253 1
1203 2850 1
223 3160 1
223 3456 1
1689 2580 1
1203 2344 1
2344 2850 1
289 1203 1
630 1203 1
834 1805 1
834 1881 1
834 2891 1
834 1932 1
834 2165 1
185 2826 1
981 1809 1
1695 3333 1
158 1382 1
3360 3488 1
381 3538 1
8 2642 1
0 2642 1
1593 2642 1
267 2642 1
1905 3494 1
435 1905 1
1905 3438 1
553 2226 1
2226 2418 1
2226 3524 1
2226 3074 1
2257 3105 1
2019 3105 1
2325 3105 1
1951 3105 1
1360 2949 1
1969 2673 1
1360 3278 1
2949 3278 1
1937 3743 1
1793 2060 1
920 2987 1
2307 2871 1
1311 1323 1
362 1525 1
2400 3159 1
2414 2564 1
648 1104 1
52 1311 1
52 1323 1
3225 3723 1
402 2625 1
664 2704 1
208 2880 1
552 2504 1
818 3071 1
463 1631 1
1720 3606 1
3509 3606 1
1720 3509 1
762 1054 1
204 516 1
1068 3699 1
918 1875 1
357 2949 1
357 1360 1
357 3278 1
799 3406 1
918 3509 1
1875 3509 1
918 1720 1
918 3606 1
1191 2516 1
924 3351 1
2792 3606 1
1720 2792 1
2792 3509 1
918 2792 1
2079 2126 1
2414 3811 1
2564 3811 1
1413 1992 1
1842 2704 1
664 1842 1
3245 3364 1
2504 3406 1
552 3406 1
799 2504 1
818 2406 1
2406 3071 1
425 573 1
818 1311 1
1311 2406 1
1311 3071 1
818 1323 1
52 818 1
628 3327 1
563 3028 1
1130 2611 1
2265 3217 1
417 2064 1
150 3386 1
1498 1591 1
692 1130 1
692 2611 1
91 2589 1
1068 3028 1
3028 3699 1
563 1068 1
1884 2352 1
321 3409 1
1267 2629 1
1152 2052 1
1704 2137 1
567 3055 1
778 1347 1
2088 2476 1
1861 2898 1
2483 3578 1
452 2920 1
599 2429 1
2158 3225 1
2158 3723 1
760 3101 1
417 2808 1
2064 2808 1
1641 2600 1
990 1068 1
563 990 1
990 3699 1
990 3028 1
52 2871 1
818 2871 1
1323 2871 1
1311 2871 1
52 2307 1
42 610 1
1118 1842 1
1118 2704 1
664 1118 1
1054 3225 1
762 3225 1
1054 3723 1
1054 2158 1
2124 2899 1
2120 3225 1
762 2120 1
2120 3723 1
1054 2120 1
2120 2158 1
1347 1704 1
778 1704 1
1347 2137 1
1498 1920 1
1591 1920 1
1591 3568 1
1920 3568 1
1498 3568 1
412 864 1
601 3349 1
718 3249 1
78 3225 1
78 2120 1
78 3723 1
78 2158 1
78 762 1
78 1054 1
527 2666 1
2663 3364 1
2663 3245 1
1751 3543 1
1340 3401 1
171 3770 1
1401 3427 1
2877 3243 1
1622 2406 1
818 1622 1
1311 1622 1
1622 3071 1
924 2126 1
2126 3351 1
924 2079 1
362 1389 1
1389 1525 1
1861 2277 1
2277 2898 1
1225 2666 1
527 1225 1
278 3749 1
979 2943 1
2347 3568 1
1920 2347 1
1498 2347 1
1591 2347 1
2629 2636 1
1267 2636 1
1748 2704 1
664 1748 1
1748 1842 1
1118 1748 1
353 863 1
433 3351 1
433 924 1
433 2126 1
402 2159 1
2159 2625 1
864 2864 1
412 2864 1
1222 2792 1
1222 1720 1
1222 3509 1
1222 3606 1
918 1222 1
2506 2871 1
2307 2506 1
1323 2506 1
818 2506 1
52 2506 1
1311 2506 1
2159 2973 1
2625 2973 1
402 2973 1
1646 2941 1
463 1122 1
1122 1631 1
287 491 1
171 3364 1
3364 3770 1
171 3245 1
171 2663 1
1136 2166 1
55 3533 1
715 2166 1
715 1136 1
1853 2319 1
2254 3652 1
884 1230 1
2059 2739 1
1404 3347 1
1404 1961 1
1961 3347 1
380 3592 1
960 3591 1
1230 2822 1
884 2822 1
1043 1051 1
471 3516 1
843 2189 1
1031 1846 1
1482 2705 1
164 2285 1
575 3640 1
2492 2745 1
1002 1201 1
2057 3649 1
164 295 1
295 2285 1
1070 1482 1
1070 2705 1
970 2584 1
822 1592 1
2615 3634 1
1043 2492 1
1051 2492 1
1043 2745 1
2131 2569 1
1002 2254 1
1201 2254 1
1002 3652 1
99 3046 1
2442 3031 1
1479 1731 1
1420 3510 1
1505 3434 1
246 3634 1
246 2615 1
2272 2893 1
170 3279 1
1874 2719 1
2897 3628 1
1619 2252 1
1986 3207 1
1876 2379 1
2179 3011 1
5 2083 1
744 1505 1
744 3434 1
1424 3493 1
2980 3172 1
547 942 1
2221 2411 1
976 1002 1
976 1201 1
976 3652 1
976 2254 1
939 1514 1
104 1563 1
1968 3544 1
1633 1993 1
1201 3713 1
976 3713 1
1002 3713 1
2254 3713 1
174 3151 1
125 3279 1
125 170 1
1909 3795 1
3434 3795 1
744 3795 1
1505 3795 1
1909 3434 1
1252 1909 1
1252 3434 1
1252 3795 1
960 2179 1
2179 3591 1
960 3011 1
66 3347 1
66 1961 1
66 1404 1
1592 2584 1
822 2584 1
970 1592 1
1534 3443 1
1268 2040 1
164 1404 1
1404 2285 1
295 1404 1
66 164 1
164 1961 1
164 3347 1
1001 3359 1
942 2471 1
547 2471 1
1327 3698 1
390 1230 1
390 884 1
390 2822 1
704 3628 1
704 2897 1
84 2238 1
2743 3617 1
398 1886 1
631 1154 1
466 3004 1
203 3162 1
1669 3044 1
2141 2221 1
2141 2411 1
970 2545 1
2545 2584 1
1592 2545 1
393 1008 1
608 1814 1
524 3064 1
1527 2848 1
1968 3097 1
3097 3544 1
210 3667 1
1906 2046 1
1293 1429 1
2944 3443 1
1534 2944 1
1159 2059 1
1159 2739 1
1006 1154 1
631 1006 1
1534 2238 1
2238 2944 1
2238 3443 1
84 1534 1
538 3701 1
699 3097 1
699 1968 1
699 3544 1
398 1314 1
1314 1886 1
1159 2927 1
2059 2927 1
2739 2927 1
1906 3592 1
2046 3592 1
380 1906 1
421 2944 1
421 3443 1
421 2238 1
421 1534 1
3031 3471 1
2442 3471 1
1743 3344 1
2597 2655 1
104 765 1
765 1563 1
1993 3139 1
1633 3139 1
248 3592 1
248 1906 1
248 380 1
248 2046 1
2478 3742 1
1846 3742 1
1031 3742 1
1846 2478 1
611 2745 1
611 1043 1
611 2492 1
163 2046 1
163 3592 1
163 248 1
163 1906 1
246 390 1
390 3634 1
390 2615 1
246 2822 1
246 1230 1
246 884 1
1592 3151 1
2584 3151 1
2545 3151 1
970 3151 1
822 3151 1
174 1592 1
1499 2007 1
719 1294 1
1938 3783 1
767 893 1
224 2380 1
2685 2819 1
929 1946 1
1609 2404 1
71 2975 1
395 1451 1
1296 1654 1
2909 3766 1
1576 3663 1
2887 3529 1
1333 2468 1
1654 2819 1
1296 2819 1
1654 2685 1
2051 3643 1
1243 3201 1
1618 1635 1
327 1574 1
262 1438 1
1919 3215 1
570 3094 1
1063 1540 1
640 2215 1
122 3700 1
1888 2375 1
1399 2721 1
1248 1919 1
1248 3215 1
2858 3719 1
1134 1248 1
1134 3215 1
1134 1919 1
1380 3098 1
80 3478 1
132 2977 1
570 1433 1
1433 3094 1
1788 2631 1
332 2204 1
534 1540 1
534 1063 1
1064 1962 1
1773 2887 1
1773 3529 1
2217 2975 1
71 2217 1
247 2217 1
71 247 1
247 2975 1
757 1476 1
832 3583 1
2963 3366 1
617 1700 1
2520 2876 1
832 1848 1
1848 3583 1
1050 1372 1
292 322 1
14 2458 1
3263 3643 1
2051 3263 1
1185 3420 1
838 2170 1
725 2294 1
666 3201 1
666 1243 1
2721 2854 1
1399 2854 1
584 1799 1
2380 3103 1
224 3103 1
1773 3501 1
3501 3529 1
2887 3501 1
1134 3816 1
1248 3816 1
1919 3816 1
3215 3816 1
1005 3445 1
1438 1608 1
262 1608 1
3430 3655 1
1454 1946 1
929 1454 1
1032 3319 1
3480 3719 1
2858 3480 1
2259 3096 1
1755 2975 1
1755 2217 1
247 1755 1
71 1755 1
598 2012 1
1394 1471 1
838 1919 1
1919 2170 1
838 1248 1
838 3816 1
838 1134 1
838 3215 1
1248 1371 1
838 1371 1
1371 3816 1
1134 1371 1
1371 3215 1
1371 1919 1
1664 2660 1
666 2876 1
2876 3201 1
1243 2876 1
666 2520 1
650 3319 1
650 1032 1
1399 1914 1
1914 2721 1
1914 2854 1
845 3499 1
71 3596 1
2217 3596 1
247 3596 1
1755 3596 1
2975 3596 1
1009 3238 1
122 1097 1
1097 3700 1
1794 2377 1
300 1050 1
300 1372 1
1832 3569 1
173 1454 1
173 929 1
173 1946 1
1455 1794 1
1455 2377 1
342 2431 1
1783 2143 1
1476 2113 1
757 2113 1
97 480 1
37 1609 1
37 2404 1
82 1618 1
82 1635 1
2071 2763 1
1005 1371 1
1371 3445 1
1005 1248 1
838 1005 1
1005 3816 1
1005 1134 1
1005 3215 1
1005 1919 1
2361 3378 1
503 2215 1
503 640 1
1557 3583 1
832 1557 1
1557 1848 1
468 569 1
470 1618 1
82 470 1
470 1635 1
292 2499 1
322 2499 1
1399 3250 1
2721 3250 1
1914 3250 1
2854 3250 1
1090 3643 1
1090 2051 1
1090 3263 1
1939 2399 1
465 2468 1
465 1333 1
2146 2543 1
2204 2360 1
332 2360 1
854 3642 1
59 462 1
1609 3541 1
2404 3541 1
37 3541 1
342 1701 1
1701 2431 1
2458 2856 1
14 2856 1
71 3642 1
2217 3642 1
3596 3642 1
247 3642 1
1755 3642 1
2975 3642 1
71 854 1
1940 2181 1
147 2176 1
3507 3685 1
2371 3775 1
341 1940 1
341 2181 1
1976 2630 1
147 2681 1
2176 2681 1
1079 3165 1
127 3313 1
356 904 1
1670 3674 1
738 914 1
1376 3135 1
2121 2693 1
2301 3674 1
1670 2301 1
754 1862 1
525 3345 1
197 2922 1
83 2085 1
1270 3418 1
1490 2619 1
2814 3537 1
431 2421 1
1257 2006 1
469 2194 1
1652 1757 1
2121 3527 1
2693 3527 1
356 3775 1
904 3775 1
356 2371 1
437 577 1
1179 3481 1
193 3348 1
386 2006 1
386 1257 1
833 2695 1
2624 3758 1
985 2687 1
912 1517 1
2477 3758 1
2477 2624 1
1027 3154 1
3761 3813 1
1175 3252 1
2098 3620 1
464 1649 1
127 1148 1
1148 3313 1
317 1179 1
317 3481 1
1490 2041 1
2041 2619 1
2013 3084 1
386 2657 1
1257 2657 1
2006 2657 1
1175 1279 1
1279 3252 1
2579 2671 1
1147 1942 1
1966 3797 1
2579 3548 1
2671 3548 1
789 2098 1
789 3620 1
323 1765 1
256 1603 1
1257 2440 1
2440 2657 1
386 2440 1
2006 2440 1
952 2039 1
2951 3297 1
1308 2695 1
833 1308 1
1025 2290 1
1652 3418 1
1757 3418 1
1270 1652 1
1541 3548 1
1541 2579 1
1541 2671 1
2553 3477 1
389 1916 1
1940 2610 1
2181 2610 1
341 2610 1
3 952 1
3 2039 1
775 2602 1
67 870 1
2248 2301 1
2248 3674 1
1670 2248 1
19 1179 1
19 3481 1
19 317 1
2509 2624 1
2477 2509 1
2509 3758 1
2121 2290 1
2290 2693 1
2290 3527 1
1025 2121 1
368 2176 1
368 2681 1
147 368 1
2681 2986 1
2176 2986 1
368 2986 1
147 2986 1
478 2327 1
2509 2827 1
2624 2827 1
2477 2827 1
2827 3758 1
147 1615 1
1615 2176 1
1615 2681 1
1615 2986 1
368 1615 1
1547 3282 1
1343 2772 1
19 3154 1
3154 3481 1
1179 3154 1
317 3154 1
19 1027 1
1280 2872 1
2729 3148 1
19 1682 1
1027 1682 1
1682 3154 1
1682 3481 1
1179 1682 1
317 1682 1
996 2885 1
1613 2160 1
339 1966 1
339 3797 1
919 2849 1
1062 1765 1
323 1062 1
1553 2181 1
1553 2610 1
1553 1940 1
341 1553 1
616 1493 1
94 1766 1
1647 2440 1
1257 1647 1
386 1647 1
1647 2006 1
1647 2657 1
3113 3179 1
16 1407 1
2121 3441 1
1025 3441 1
2290 3441 1
2693 3441 1
3441 3527 1
875 1966 1
339 875 1
875 3797 1
2903 3813 1
2903 3761 1
2371 3224 1
356 3224 1
3224 3775 1
1680 3527 1
1680 2121 1
1680 2290 1
1680 2693 1
1680 3441 1
874 2327 1
478 874 1
1523 3261 1
2148 3527 1
2148 2693 1
2121 2148 1
1680 2148 1
2148 3441 1
2148 2290 1
1133 3527 1
1133 2148 1
1133 2693 1
1133 2121 1
1133 1680 1
1133 3441 1
1133 2290 1
119 3371 1
966 2759 1
3068 3587 1
1249 3010 1
291 2829 1
1149 3503 1
1202 2239 1
1253 2684 1
288 959 1
1167 2330 1
3090 3452 1
1036 2829 1
291 1036 1
1955 1965 1
249 260 1
739 2139 1
1902 3251 1
1060 3581 1
688 3191 1
2759 3355 1
966 3355 1
2530 3125 1
3125 3222 1
2530 3222 1
897 2525 1
551 3236 1
1836 3784 1
2335 2632 1
1142 3235 1
1578 2632 1
1578 2335 1
179 729 1
580 2684 1
580 1253 1
361 2755 1
2392 2664 1
3260 3308 1
2473 3784 1
1836 2473 1
175 2623 1
2664 3611 1
2392 3611 1
1950 2460 1
879 3452 1
879 3090 1
106 935 1
1556 1995 1
544 2572 1
22 3437 1
1287 2473 1
1287 3784 1
1287 1836 1
935 2365 1
106 2365 1
560 2445 1
2250 2572 1
544 2250 1
3152 3574 1
482 1847 1
2799 3178 1
544 2047 1
2047 2250 1
2047 2572 1
1226 3452 1
1226 3090 1
879 1226 1
1020 2869 1
2924 3308 1
2924 3260 1
1026 1249 1
1026 3010 1
303 1226 1
303 3090 1
303 3452 1
303 879 1
2933 3566 1
959 1659 1
288 1659 1
2777 3027 1
1286 1833 1
328 3661 1
2283 2473 1
2283 3784 1
1836 2283 1
1287 2283 1
1301 3125 1
1301 2530 1
1301 3222 1
1202 3380 1
2239 3380 1
1665 3504 1
2669 3271 1
1163 2882 1
1402 2708 1
1974 2239 1
1202 1974 1
1974 3380 1
957 3259 1
1896 1934 1
898 2868 1
2024 2283 1
2024 3784 1
2024 2473 1
1836 2024 1
1287 2024 1
1265 3125 1
1265 2530 1
1265 1301 1
1265 3222 1
769 2829 1
291 769 1
769 1036 1
401 1026 1
401 1249 1
401 3010 1
288 3452 1
1659 3452 1
959 3452 1
288 879 1
288 1226 1
288 303 1
288 3090 1
3125 3190 1
1265 3190 1
2530 3190 1
1301 3190 1
3190 3222 1
13 3186 1
672 1165 1
2173 3080 1
1149 3605 1
3503 3605 1
2000 3611 1
2000 2664 1
2000 2392 1
655 2656 1
1020 2183 1
2183 2869 1
328 1265 1
1265 3661 1
328 2530 1
328 3222 1
328 3125 1
328 3190 1
328 1301 1
830 2427 1
2982 3611 1
2664 2982 1
2392 2982 1
2000 2982 1
3178 3251 1
2799 3251 1
1902 3178 1
691 3504 1
691 1665 1
2183 2924 1
1020 2924 1
2869 2924 1
2183 3260 1
2183 3308 1
1436 3308 1
1436 2924 1
1436 3260 1
1436 2183 1
897 1149 1
1149 2525 1
897 3605 1
897 3503 1
1167 2505 1
2330 2505 1
291 2373 1
769 2373 1
1036 2373 1
2373 2829 1
2128 2656 1
655 2128 1
117 1830 1
218 2417 1
453 3605 1
453 897 1
453 1149 1
453 3503 1
328 1100 1
1100 2530 1
1100 3222 1
1100 3661 1
1100 1265 1
1100 3125 1
1100 3190 1
1100 1301 1
400 440 1
541 1459 1
930 2912 1
1359 1473 1
2080 3654 1
4 3381 1
971 3041 1
148 2540 1
296 684 1
1577 1891 1
3083 3626 1
2643 3343 1
529 984 1
930 3511 1
2912 3511 1
58 1550 1
1310 2115 1
585 3514 1
585 711 1
711 3514 1
440 3317 1
400 3317 1
659 1297 1
800 2738 1
1473 3560 1
1359 3560 1
2415 3697 1
1935 3584 1
1398 3472 1
493 3077 1
54 2546 1
2921 3597 1
535 2430 1
326 558 1
2519 3038 1
909 1681 1
365 528 1
2363 3560 1
1473 2363 1
1359 2363 1
334 1630 1
384 493 1
384 3077 1
526 2448 1
2374 2789 1
213 2628 1
794 2496 1
1359 1560 1
1560 3560 1
1473 1560 1
1560 2363 1
2415 2894 1
2894 3697 1
578 1913 1
1726 1913 1
578 1726 1
1426 3408 1
2036 3716 1
440 2912 1
400 2912 1
2912 3317 1
440 930 1
440 3511 1
1158 2643 1
1158 3343 1
54 477 1
477 2546 1
742 1891 1
742 1577 1
2447 2857 1
1630 3500 1
334 3500 1
1475 2420 1
2030 2798 1
1475 2738 1
2420 2738 1
800 1475 1
634 1168 1
451 3462 1
2251 2571 1
2232 2590 1
113 1419 1
877 2968 1
4 113 1
113 3381 1
4 1419 1
555 1883 1
774 971 1
774 3041 1
1419 3301 1
113 3301 1
4 3301 1
867 1897 1
1676 2430 1
535 1676 1
1426 3462 1
3408 3462 1
451 1426 1
2643 2789 1
1158 2789 1
2789 3343 1
2374 2643 1
359 1367 1
54 2842 1
2546 2842 1
477 2842 1
921 2486 1
286 3644 1
1941 2397 1
634 3654 1
1168 3654 1
634 2080 1
350 535 1
350 1676 1
350 2430 1
717 1162 1
746 2643 1
746 2374 1
746 2789 1
746 1158 1
746 3343 1
211 568 1
1398 2464 1
2464 3472 1
526 2435 1
2435 2448 1
535 867 1
867 1676 1
350 867 1
867 2430 1
535 1897 1
766 800 1
766 2738 1
766 1475 1
1367 2114 1
359 2114 1
597 1419 1
113 597 1
4 597 1
597 3301 1
1209 1558 1
2519 2568 1
2568 3038 1
634 1124 1
1124 1168 1
1124 2080 1
1124 3654 1
2354 2741 1
1284 2910 1
1297 2994 1
659 2994 1
2910 3820 1
1284 3820 1
632 1852 1
1419 2588 1
113 2588 1
4 2588 1
2588 3301 1
597 2588 1
2878 3369 1
1111 1941 1
1111 2397 1
3175 3657 1
138 211 1
138 568 1
1114 2838 1
2354 2536 1
2536 2741 1
1880 3597 1
1880 2921 1
2568 3330 1
3038 3330 1
2519 3330 1
1560 3732 1
3560 3732 1
1473 3732 1
2363 3732 1
1359 3732 1
400 3206 1
440 3206 1
2912 3206 1
3206 3317 1
430 1158 1
430 746 1
430 2643 1
430 2789 1
430 3343 1
2115 3330 1
1310 3330 1
2115 2568 1
2115 3038 1
2115 2519 1
2182 2557 1
866 3402 1
297 1281 1
1900 2274 1
696 1510 1
298 3302 1
667 2205 1
1990 3707 1
1818 2833 1
1123 1408 1
1108 1567 1
2992 3106 1
3166 3402 1
866 3166 1
3273 3410 1
682 1582 1
690 3140 1
880 1870 1
2205 3768 1
667 3768 1
954 1334 1
331 1194 1
2386 2723 1
2833 3520 1
1818 3520 1
409 1838 1
1258 2386 1
1258 2723 1
2312 3177 1
1354 3356 1
101 726 1
2096 2109 1
1157 3680 1
681 2737 1
145 2326 1
880 2947 1
1870 2947 1
298 3680 1
3302 3680 1
298 1157 1
447 3475 1
1507 3454 1
773 2167 1
1108 3392 1
1567 3392 1
1650 3052 1
2715 3690 1
763 2769 1
10 2647 1
2337 3760 1
2323 2727 1
458 756 1
2337 3737 1
3737 3760 1
2575 3717 1
1392 2503 1
51 3822 1
1055 2646 1
623 1733 1
383 1988 1
764 2109 1
764 2096 1
667 3707 1
3707 3768 1
2205 3707 1
667 1990 1
866 1082 1
1082 3402 1
1082 3166 1
161 2208 1
607 3169 1
90 2647 1
10 90 1
1803 2069 1
1931 3192 1
1157 2947 1
2947 3680 1
298 2947 1
880 1157 1
1157 1870 1
694 2304 1
1273 2109 1
1273 2096 1
764 1273 1
251 3298 1
1733 3291 1
623 3291 1
682 1960 1
1582 1960 1
2621 2626 1
1119 1444 1
1259 2787 1
2797 3777 1
2323 3585 1
2727 3585 1
161 1870 1
1870 2208 1
161 880 1
161 2947 1
161 1157 1
2091 2337 1
2091 3760 1
2091 3737 1
927 2153 1
2402 2992 1
2402 3106 1
1444 1784 1
1119 1784 1
915 2328 1
1583 2302 1
1119 1683 1
1683 1784 1
1444 1683 1
626 3065 1
1415 3140 1
690 1415 1
297 1123 1
1123 1281 1
297 1408 1
2503 3122 1
1392 3122 1
1119 2790 1
1784 2790 1
1683 2790 1
1444 2790 1
1462 2100 1
17 2790 1
17 1784 1
17 1683 1
17 1444 1
17 1119 1
946 2626 1
946 2621 1
880 3035 1
161 3035 1
2947 3035 1
1157 3035 1
1870 3035 1
2939 3339 1
999 2659 1
2323 3169 1
3169 3585 1
2727 3169 1
607 2323 1
537 2565 1
1524 2326 1
145 1524 1
460 3484 1
231 934 1
1954 2109 1
1954 2096 1
1273 1954 1
764 1954 1
1733 3069 1
3069 3291 1
623 3069 1
667 2731 1
2731 3768 1
2731 3707 1
2205 2731 1
1990 2731 1
2302 2438 1
1583 2438 1
2312 3273 1
3177 3273 1
2312 3410 1
219 2091 1
219 3760 1
219 2337 1
219 3737 1
331 915 1
915 1194 1
331 2328 1
2935 3686 1
773 2472 1
2167 2472 1
331 2555 1
2328 2555 1
1194 2555 1
915 2555 1
1508 1653 1
403 1727 1
1388 2281 1
1273 1894 1
1894 2096 1
1894 1954 1
764 1894 1
1894 2109 1
635 3169 1
635 3585 1
635 2323 1
635 2727 1
607 635 1
2110 2637 1
1058 2911 1
3468 3523 1
2142 2699 1
2343 3422 1
2639 3138 1
2043 3694 1
1810 3338 1
1411 2896 1
1331 2756 1
418 1945 1
668 2172 1
803 3490 1
2713 3607 1
917 3382 1
809 3449 1
363 2185 1
3526 3675 1
2804 3648 1
2288 3326 1
1331 1410 1
1410 2756 1
1450 2892 1
2216 2614 1
1214 2175 1
1967 3290 1
2269 3204 1
2142 3241 1
2699 3241 1
502 940 1
2043 2860 1
2860 3694 1
1910 2734 1
2436 2913 1
2515 3432 1
1589 3610 1
663 668 1
663 2172 1
638 1671 1
629 3432 1
629 2515 1
254 562 1
3422 3522 1
2343 3522 1
916 1573 1
2754 2948 1
2305 3570 1
545 2686 1
2110 2305 1
2305 2637 1
2110 3570 1
944 3231 1
1844 1981 1
1844 2197 1
1981 2197 1
533 3003 1
674 2359 1
1979 3127 1
227 2522 1
1049 1979 1
1049 3127 1
851 3536 1
1789 3526 1
1789 3675 1
510 2524 1
1792 2515 1
1792 3432 1
629 1792 1
2803 3284 1
136 1889 1
947 2269 1
947 3204 1
1409 3610 1
1409 1589 1
379 3042 1
29 820 1
1298 3388 1
234 2376 1
21 2515 1
21 3432 1
21 1792 1
21 629 1
776 1271 1
1058 2870 1
2870 2911 1
1539 3774 1
2475 3491 1
154 663 1
154 2172 1
154 668 1
827 1447 1
1450 2376 1
2376 2892 1
234 1450 1
1099 3526 1
1099 3675 1
1099 1789 1
189 2639 1
189 3138 1
86 629 1
86 3432 1
86 1792 1
86 2515 1
21 86 1
2419 3231 1
944 2419 1
254 803 1
562 803 1
254 3490 1
2343 2948 1
2948 3522 1
2948 3422 1
2343 2754 1
1011 2078 1
2683 2699 1
2683 3241 1
2142 2683 1
944 1298 1
1298 2419 1
1298 3231 1
944 3388 1
2765 3168 1
2220 2875 1
265 1443 1
674 1815 1
1815 2359 1
128 1904 1
3446 3814 1
1528 2950 1
1671 1810 1
638 1810 1
1671 3338 1
1822 3017 1
88 1275 1
49 2918 1
1967 3042 1
3042 3290 1
379 1967 1
2676 2917 1
820 1365 1
29 1365 1
2288 3648 1
3326 3648 1
2288 2804 1
674 3315 1
1815 3315 1
2359 3315 1
3231 3573 1
944 3573 1
1298 3573 1
2419 3573 1
86 3463 1
1792 3463 1
3432 3463 1
2515 3463 1
629 3463 1
21 3463 1
21 3153 1
1792 3153 1
3153 3463 1
3153 3432 1
2515 3153 1
629 3153 1
86 3153 1
1214 3754 1
2175 3754 1
2886 2950 1
1528 2886 1
1058 2972 1
2870 2972 1
2911 2972 1
1450 3388 1
2376 3388 1
234 3388 1
2892 3388 1
944 1450 1
1298 1450 1
1007 1825 1
2412 3246 1
1889 3470 1
136 3470 1
595 668 1
154 595 1
595 2172 1
595 663 1
2305 3645 1
3570 3645 1
2637 3645 1
2110 3645 1
3087 3735 1
177 2284 1
1643 3436 1
178 581 1
43 2716 1
2604 3164 1
1579 2222 1
372 1260 1
330 3081 1
118 3506 1
364 2042 1
1779 3124 1
314 330 1
314 3081 1
637 1435 1
1989 2249 1
509 2816 1
454 2679 1
304 1208 1
1107 2229 1
43 1342 1
1342 2716 1
831 1644 1
1690 3779 1
1491 2102 1
1184 1235 1
309 2959 1
455 3733 1
1164 2099 1
871 2716 1
43 871 1
871 1342 1
3124 3198 1
1779 3198 1
781 2644 1
1697 3357 1
1237 1779 1
1237 3124 1
1237 3198 1
3542 3755 1
1549 2845 1
581 2222 1
178 2222 1
581 1579 1
1956 2063 1
1551 3666 1
40 3136 1
1693 2382 1
1021 2108 1
1445 3431 1
475 2222 1
178 475 1
475 1579 1
475 581 1
1890 3416 1
1403 3735 1
1403 3087 1
1234 2956 1
714 2450 1
2815 3800 1
1189 3331 1
2408 2791 1
1189 1640 1
1640 3331 1
1643 2339 1
2339 3436 1
3487 3650 1
40 2832 1
2832 3136 1
1140 3332 1
1028 1533 1
1643 1983 1
1983 2339 1
1983 3436 1
23 1235 1
23 1184 1
1260 1926 1
372 1926 1
347 2321 1
1561 3117 1
1018 1405 1
1224 2716 1
43 1224 1
1224 1342 1
871 1224 1
821 2054 1
1714 2042 1
364 1714 1
624 2313 1
943 1644 1
831 943 1
3436 3542 1
2339 3542 1
1643 3542 1
1983 3542 1
3436 3755 1
862 943 1
862 1644 1
831 862 1
93 591 1
2101 3567 1
391 1863 1
1017 3600 1
910 3128 1
38 2027 1
2928 3134 1
1697 1943 1
1943 3357 1
277 3485 1
277 494 1
494 3485 1
821 1863 1
1863 2054 1
391 821 1
1164 3818 1
2099 3818 1
2324 3088 1
675 1821 1
2616 3136 1
40 2616 1
2616 2832 1
214 2689 1
3134 3498 1
2928 3498 1
1028 1915 1
1533 1915 1
2329 3599 1
2321 2841 1
347 2841 1
1851 2349 1
182 896 1
23 1435 1
1184 1435 1
1235 1435 1
23 637 1
304 2969 1
1208 2969 1
892 3120 1
512 1129 1
3120 3600 1
892 3600 1
1017 3120 1
1069 2689 1
214 1069 1
831 1632 1
1632 1644 1
862 1632 1
943 1632 1
1016 1046 1
2815 3817 1
3800 3817 1
201 387 1
871 1417 1
1224 1417 1
43 1417 1
1417 2716 1
1342 1417 1
1427 2967 1
1497 1606 1
1084 2526 1
673 1644 1
673 1632 1
673 943 1
673 862 1
673 831 1
714 1046 1
1046 2450 1
714 1016 1
892 1403 1
1403 3120 1
1403 3600 1
892 3087 1
892 3735 1
1570 3502 1
34 896 1
34 182 1
2689 2881 1
1069 2881 1
214 2881 1
498 649 1
641 2959 1
309 641 1
305 2725 1
1435 2063 1
1184 2063 1
1235 2063 1
637 2063 1
23 2063 1
1435 1956 1
512 1504 1
1129 1504 1
970 3427 -1
2584 3427 -1
1592 3427 -1
3151 3427 -1
2545 3427 -1
970 1401 -1
2818 3305 -1
209 949 -1
1172 3300 -1
327 1318 -1
1318 1574 -1
1368 2402 -1
1368 2992 -1
1368 3106 -1
1303 1344 -1
315 2401 -1
1132 2918 -1
49 1132 -1
520 716 -1
259 1629 -1
1810 2703 -1
2703 3338 -1
638 2703 -1
1671 2703 -1
600 3211 -1
44 1958 -1
2971 3421 -1
2494 3340 -1
177 362 -1
362 2284 -1
177 1525 -1
177 1389 -1
86 2380 -1
1792 2380 -1
2380 3463 -1
2380 3432 -1
2380 3153 -1
2380 2515 -1
629 2380 -1
21 2380 -1
86 224 -1
86 3103 -1
2526 3066 -1
1084 3066 -1
897 1681 -1
453 1681 -1
1681 3503 -1
1681 3605 -1
1681 2525 -1
1149 1681 -1
897 909 -1
1173 1998 -1
1146 3350 -1
1516 2398 -1
1123 1362 -1
1362 1408 -1
297 1362 -1
1281 1362 -1
258 2808 -1
258 2064 -1
258 417 -1
1339 2884 -1
2489 3235 -1
1142 2489 -1
1517 1689 -1
912 1689 -1
1517 2580 -1
887 3729 -1
1780 3427 -1
1401 1780 -1
2071 3004 -1
2763 3004 -1
466 2071 -1
643 1961 -1
164 643 -1
66 643 -1
643 3347 -1
643 1404 -1
2303 2703 -1
610 1534 -1
42 1534 -1
610 2944 -1
610 3443 -1
84 610 -1
421 610 -1
610 2238 -1
1830 2817 -1
117 2817 -1
1115 3591 -1
960 1115 -1
1115 2179 -1
1262 2876 -1
1262 2520 -1
1262 3201 -1
666 1262 -1
1243 1262 -1
1378 1614 -1
6 305 -1
6 2725 -1
674 2441 -1
1815 2441 -1
2441 3315 -1
2359 2441 -1
154 1198 -1
668 1198 -1
595 1198 -1
1198 2172 -1
663 1198 -1
653 1792 -1
653 3463 -1
653 3432 -1
653 3153 -1
653 2515 -1
629 653 -1
86 653 -1
21 653 -1
318 2778 -1
1796 1967 -1
1796 3290 -1
379 1796 -1
1796 3042 -1
425 1275 -1
573 1275 -1
88 425 -1
2273 3654 -1
2080 2273 -1
1168 2273 -1
634 2273 -1
1124 2273 -1
908 3314 -1
251 278 -1
278 3298 -1
251 3749 -1
776 2380 -1
1271 2380 -1
224 776 -1
776 3103 -1
1173 1860 -1
1334 1491 -1
954 1491 -1
1334 2102 -1
2332 2609 -1
344 1703 -1
369 425 -1
369 573 -1
1283 3590 -1
340 1494 -1
1978 2638 -1
1165 2404 -1
672 2404 -1
1165 1609 -1
37 1165 -1
1165 3541 -1
484 3182 -1
1494 2633 -1
2564 3590 -1
3590 3811 -1
2414 3590 -1
2077 2084 -1
2239 3184 -1
1202 3184 -1
3184 3380 -1
1974 3184 -1
1178 3070 -1
2899 3474 -1
2124 3474 -1
276 2876 -1
276 2520 -1
276 3201 -1
276 666 -1
276 1243 -1
3340 3695 -1
621 3474 -1
1174 2359 -1
674 1174 -1
1174 3315 -1
1174 1815 -1
1771 2396 -1
2398 3496 -1
445 601 -1
445 3349 -1
1206 3799 -1
1146 2971 -1
1858 3729 -1
378 2120 -1
378 3723 -1
78 378 -1
378 2158 -1
378 3225 -1
378 762 -1
378 1054 -1
1396 2903 -1
1396 3761 -1
1396 3813 -1
481 716 -1
2535 3274 -1
506 1495 -1
2110 2665 -1
2305 2665 -1
2665 3570 -1
2637 2665 -1
2665 3645 -1
1810 2748 -1
2748 3338 -1
638 2748 -1
1671 2748 -1
322 338 -1
338 2499 -1
292 338 -1
1362 3542 -1
1362 2339 -1
1362 3755 -1
1362 3436 -1
1362 1643 -1
1362 1983 -1
366 2758 -1
2313 2525 -1
624 2525 -1
897 2313 -1
1149 2313 -1
645 995 -1
2040 2247 -1
1268 2247 -1
728 2998 -1
648 3474 -1
1104 3474 -1
1927 3300 -1
682 3332 -1
1960 3332 -1
1582 3332 -1
682 1140 -1
468 3055 -1
569 3055 -1
468 567 -1
849 3651 -1
799 1383 -1
1383 2504 -1
1383 3406 -1
3163 3817 -1
3163 3800 -1
2815 3163 -1
2641 2882 -1
1163 2641 -1
484 2409 -1
53 2881 -1
53 2689 -1
53 1069 -1
53 214 -1
93 911 -1
591 911 -1
1570 3642 -1
3502 3642 -1
71 1570 -1
1570 2217 -1
1570 3596 -1
854 1570 -1
247 1570 -1
1570 1755 -1
1570 2975 -1
1601 3203 -1
2667 3340 -1
2009 3735 -1
1403 2009 -1
892 2009 -1
2009 3087 -1
1494 3594 -1
233 2917 -1
233 2676 -1
2716 3068 -1
1224 3068 -1
1417 3068 -1
43 3068 -1
1342 3068 -1
871 3068 -1
2716 3587 -1
426 1261 -1
349 3763 -1
2624 3542 -1
2827 3542 -1
2477 3542 -1
3542 3758 -1
2509 3542 -1
2339 2624 -1
2624 3755 -1
2624 3436 -1
1643 2624 -1
1983 2624 -1
857 1720 -1
857 2792 -1
857 1222 -1
857 3509 -1
857 3606 -1
857 918 -1
1689 3789 -1
2580 3789 -1
190 1810 -1
190 3338 -1
190 638 -1
190 1671 -1
2282 2408 -1
2282 2791 -1
46 258 -1
1226 2450 -1
288 2450 -1
2450 3090 -1
303 2450 -1
2450 3452 -1
879 2450 -1
714 1226 -1
1046 1226 -1
958 2205 -1
958 3768 -1
958 3707 -1
667 958 -1
958 2731 -1
897 2414 -1
453 2414 -1
2414 3503 -1
2414 3605 -1
2414 2525 -1
1149 2414 -1
897 3811 -1
897 2564 -1
615 1525 -1
362 615 -1
615 1389 -1
19 258 -1
258 1027 -1
258 1682 -1
258 3154 -1
258 3481 -1
258 1179 -1
258 317 -1
114 2610 -1
114 1553 -1
114 1940 -1
114 2181 -1
114 341 -1
259 3088 -1
259 2324 -1
21 2969 -1
1792 2969 -1
2969 3463 -1
2969 3432 -1
2969 3153 -1
2515 2969 -1
629 2969 -1
86 2969 -1
21 304 -1
21 1208 -1
2106 2332 -1
643 886 -1
19 2054 -1
1027 2054 -1
1682 2054 -1
2054 3154 -1
2054 3481 -1
1179 2054 -1
317 2054 -1
19 821 -1
19 1863 -1
506 3434 -1
506 744 -1
506 1505 -1
506 3795 -1
506 1252 -1
506 1909 -1
857 2564 -1
857 3811 -1
857 2414 -1
130 3822 -1
51 130 -1
2899 3347 -1
2124 3347 -1
1961 2899 -1
66 2899 -1
164 2899 -1
1404 2899 -1
2689 3178 -1
2881 3178 -1
1069 3178 -1
214 3178 -1
2689 3251 -1
1902 2689 -1
2689 2799 -1
3533 3686 -1
55 3686 -1
2935 3533 -1
787 1247 -1
2077 3678 -1
2367 3590 -1
1551 2530 -1
2530 3666 -1
1551 3222 -1
328 1551 -1
1100 1551 -1
1265 1551 -1
1551 3125 -1
1551 3190 -1
1301 1551 -1
2761 3304 -1
1285 3645 -1
1285 2305 -1
1285 3570 -1
1285 2637 -1
1285 2110 -1
24 3474 -1
3066 3208 -1
837 2892 -1
837 2376 -1
837 1450 -1
837 3388 -1
57 1374 -1
2442 3427 -1
3427 3471 -1
3031 3427 -1
1401 2442 -1
1638 3353 -1
348 1739 -1
676 2484 -1
1161 1178 -1
878 3705 -1
39 1641 -1
39 2600 -1
634 2067 -1
1168 2067 -1
2067 2080 -1
1124 2067 -1
2067 3654 -1
86 2965 -1
1792 2965 -1
2965 3463 -1
2965 3432 -1
2965 3153 -1
2515 2965 -1
629 2965 -1
21 2965 -1
1875 3179 -1
3179 3509 -1
918 3179 -1
1875 3113 -1
846 1700 -1
617 846 -1
1173 1747 -1
833 3307 -1
1308 3307 -1
2695 3307 -1
625 3055 -1
567 625 -1
849 3741 -1
1822 3364 -1
3017 3364 -1
1822 3770 -1
171 1822 -1
1822 3245 -1
1822 2663 -1
485 1303 -1
502 3182 -1
940 3182 -1
1262 3465 -1
617 3055 -1
1700 3055 -1
567 617 -1
322 1722 -1
1722 2499 -1
292 1722 -1
1218 3376 -1
1386 1580 -1
364 2796 -1
2042 2796 -1
1714 2796 -1
324 2624 -1
324 2827 -1
324 2477 -1
324 3758 -1
324 2509 -1
1422 1660 -1
600 3419 -1
2784 2842 -1
2546 2784 -1
477 2784 -1
54 2784 -1
1330 1909 -1
1330 3434 -1
1330 3795 -1
1252 1330 -1
1476 1830 -1
1830 2113 -1
757 1830 -1
117 1476 -1
2225 2956 -1
1234 2225 -1
1621 3033 -1
57 201 -1
57 387 -1
2885 2998 -1
996 2998 -1
641 3186 -1
309 3186 -1
2959 3186 -1
13 641 -1
524 3427 -1
3064 3427 -1
524 1401 -1
831 1664 -1
1632 1664 -1
673 1664 -1
1644 1664 -1
862 1664 -1
943 1664 -1
831 2660 -1
118 360 -1
360 3506 -1
1958 2398 -1
39 216 -1
1751 2766 -1
2766 3543 -1
3306 3421 -1
339 1913 -1
875 1913 -1
1913 3797 -1
1913 1966 -1
339 578 -1
339 1726 -1
539 1303 -1
293 908 -1
2084 2731 -1
2084 3768 -1
2084 3707 -1
667 2084 -1
2084 2205 -1
1990 2084 -1
1285 2142 -1
1285 3241 -1
1285 2683 -1
1285 2699 -1
1350 3019 -1
622 1207 -1
190 940 -1
190 502 -1
586 2185 -1
363 586 -1
1116 3533 -1
55 1116 -1
86 2483 -1
1792 2483 -1
2483 3463 -1
2483 3432 -1
2483 3153 -1
2483 2515 -1
629 2483 -1
21 2483 -1
86 3578 -1
130 3295 -1
2434 3209 -1
1703 2775 -1
3088 3478 -1
2324 3478 -1
80 3088 -1
1043 1130 -1
611 1130 -1
1130 2745 -1
1051 1130 -1
1130 2492 -1
1043 2611 -1
692 1043 -1
586 3127 -1
586 1049 -1
586 1979 -1
19 3337 -1
1027 3337 -1
1682 3337 -1
3154 3337 -1
3337 3481 -1
1179 3337 -1
317 3337 -1
371 1131 -1
1298 3046 -1
1450 3046 -1
944 3046 -1
2419 3046 -1
3046 3573 -1
3046 3388 -1
3046 3231 -1
99 1298 -1
318 3447 -1
1104 2563 -1
648 2563 -1
788 2726 -1
9 2441 -1
148 2067 -1
2067 2540 -1
362 3334 -1
1525 3334 -1
1389 3334 -1
405 1325 -1
361 1347 -1
1347 2755 -1
361 1704 -1
361 2137 -1
361 778 -1
3 1943 -1
952 1943 -1
1943 2039 -1
3 1697 -1
3 3357 -1
3076 3430 -1
3076 3655 -1
2014 3319 -1
1032 2014 -1
650 2014 -1
690 3332 -1
3140 3332 -1
1415 3332 -1
690 1140 -1
47 1223 -1
2910 3174 -1
3174 3820 -1
1284 3174 -1
2827 3534 -1
2624 3534 -1
2509 3534 -1
3534 3758 -1
2477 3534 -1
503 972 -1
640 972 -1
972 2215 -1
439 2150 -1
1791 2332 -1
47 2911 -1
47 1058 -1
47 2972 -1
47 2870 -1
259 593 -1
47 1796 -1
1950 2969 -1
2460 2969 -1
304 1950 -1
1208 1950 -1
1773 3690 -1
3529 3690 -1
3501 3690 -1
2887 3690 -1
1773 2715 -1
2273 2934 -1
2688 2892 -1
2376 2688 -1
1450 2688 -1
2688 3388 -1
1204 2501 -1
3353 3406 -1
2504 3353 -1
552 3353 -1
799 3353 -1
321 354 -1
354 3409 -1
2576 3603 -1
853 3097 -1
853 1968 -1
853 3544 -1
699 853 -1
2184 2373 -1
769 2184 -1
291 2184 -1
1036 2184 -1
2184 2829 -1
46 2920 -1
46 452 -1
47 2491 -1
329 3354 -1
3629 3799 -1
880 1983 -1
161 1983 -1
1983 2947 -1
1157 1983 -1
1870 1983 -1
1983 3035 -1
880 2339 -1
880 1643 -1
880 3436 -1
880 3542 -1
2295 2680 -1
833 2232 -1
1308 2232 -1
2232 2695 -1
833 2590 -1
1139 3754 -1
1139 1214 -1
1139 2175 -1
318 1411 -1
318 2896 -1
1226 2679 -1
288 2679 -1
2679 3090 -1
303 2679 -1
2679 3452 -1
879 2679 -1
454 1226 -1
1646 3353 -1
2941 3353 -1
227 2427 -1
2427 2522 -1
227 830 -1
880 3332 -1
161 3332 -1
2947 3332 -1
1157 3332 -1
1870 3332 -1
3035 3332 -1
880 1140 -1
2126 3297 -1
433 3297 -1
3297 3351 -1
924 3297 -1
2079 3297 -1
2126 2951 -1
651 1109 -1
899 2102 -1
899 1491 -1
1875 2523 -1
2523 3509 -1
918 2523 -1
2892 3203 -1
2376 3203 -1
1450 3203 -1
3203 3388 -1
1366 2665 -1
224 3127 -1
2380 3127 -1
3103 3127 -1
224 1049 -1
224 1979 -1
85 1009 -1
85 3238 -1
1681 1764 -1
909 1764 -1
1052 2766 -1
537 3603 -1
2565 3603 -1
280 1748 -1
280 2704 -1
280 664 -1
280 1842 -1
280 1118 -1
1350 1395 -1
339 2036 -1
875 2036 -1
2036 3797 -1
1966 2036 -1
339 3716 -1
936 1969 -1
936 2673 -1
1617 1728 -1
1792 3665 -1
3463 3665 -1
3432 3665 -1
3153 3665 -1
2515 3665 -1
629 3665 -1
86 3665 -1
21 3665 -1
1383 3267 -1
159 2296 -1
363 1425 -1
1425 2185 -1
2882 2969 -1
1163 2969 -1
304 2882 -1
1208 2882 -1
943 2077 -1
1632 2077 -1
673 2077 -1
1644 2077 -1
862 2077 -1
831 2077 -1
1048 2409 -1
1711 2635 -1
1722 3228 -1
357 1143 -1
1143 1360 -1
1143 2949 -1
1143 3278 -1
2274 2584 -1
1900 2584 -1
1592 2274 -1
2274 2545 -1
970 2274 -1
822 2274 -1
2274 3151 -1
484 2157 -1
1588 3300 -1
1807 2112 -1
617 624 -1
624 1700 -1
617 2313 -1
18 3623 -1
2381 2616 -1
2381 3136 -1
40 2381 -1
2381 2832 -1
150 3296 -1
3296 3386 -1
837 3611 -1
837 2664 -1
837 2392 -1
837 2000 -1
837 2982 -1
334 1764 -1
1764 3500 -1
1630 1764 -1
2423 2881 -1
2423 2689 -1
1069 2423 -1
214 2423 -1
1646 1822 -1
1822 2941 -1
1646 3017 -1
949 3615 -1
2272 3388 -1
2893 3388 -1
2272 2376 -1
1450 2272 -1
2272 2892 -1
944 2272 -1
1298 2272 -1
234 2272 -1
556 2959 -1
556 641 -1
309 556 -1
1797 3676 -1
336 2751 -1
1490 3331 -1
2041 3331 -1
2619 3331 -1
1490 1640 -1
1189 1490 -1
1028 1195 -1
1195 1915 -1
1195 1533 -1
1434 3577 -1
787 1184 -1
787 2063 -1
787 1235 -1
787 1435 -1
23 787 -1
645 3211 -1
616 2516 -1
1493 2516 -1
616 1191 -1
1687 1767 -1
1696 3783 -1
1696 1938 -1
86 2717 -1
1792 2717 -1
2717 3463 -1
2717 3432 -1
2717 3153 -1
2515 2717 -1
629 2717 -1
21 2717 -1
405 894 -1
639 2237 -1
754 1910 -1
1862 1910 -1
754 2734 -1
1452 1686 -1
1229 2250 -1
544 1229 -1
1229 2572 -1
1229 2047 -1
833 2354 -1
1308 2354 -1
2354 2695 -1
833 2536 -1
833 2741 -1
3297 3772 -1
2951 3772 -1
3198 3688 -1
1779 3688 -1
3124 3688 -1
1237 3688 -1
849 2367 -1
1908 2630 -1
1908 1976 -1
2220 2409 -1
2409 2875 -1
406 3117 -1
406 1561 -1
2434 3276 -1
37 2667 -1
1609 2667 -1
2404 2667 -1
2667 3541 -1
39 1435 -1
39 1184 -1
39 1956 -1
39 2063 -1
39 1235 -1
23 39 -1
39 637 -1
375 2748 -1
150 3814 -1
3386 3814 -1
150 3446 -1
964 3437 -1
22 964 -1
2273 2643 -1
2273 2789 -1
2273 2374 -1
746 2273 -1
430 2273 -1
2273 3343 -1
1158 2273 -1
287 849 -1
491 849 -1
583 762 -1
583 2120 -1
583 3225 -1
78 583 -1
583 1054 -1
1978 2188 -1
1792 2277 -1
2277 3463 -1
2277 3432 -1
2277 3153 -1
2277 2515 -1
629 2277 -1
86 2277 -1
21 2277 -1
1792 2898 -1
1792 1861 -1
1412 2040 -1
1268 1412 -1
4 185 -1
185 3301 -1
185 1419 -1
113 185 -1
185 3381 -1
185 2588 -1
185 597 -1
4 2826 -1
1696 2077 -1
857 1898 -1
1080 2886 -1
1315 2886 -1
1080 1528 -1
1080 2950 -1
1955 2744 -1
1965 2744 -1
75 1376 -1
75 3135 -1
3191 3800 -1
688 3800 -1
3191 3817 -1
2815 3191 -1
919 1405 -1
1405 2849 -1
919 1018 -1
1003 3735 -1
1003 1403 -1
892 1003 -1
1003 3087 -1
905 3708 -1
947 3682 -1
3204 3682 -1
2269 3682 -1
1445 2583 -1
2583 3431 -1
1207 3376 -1
821 2896 -1
391 2896 -1
2054 2896 -1
1863 2896 -1
821 1411 -1
2034 2895 -1
2002 3353 -1
1469 2355 -1
1104 2676 -1
648 2676 -1
1104 2917 -1
155 2654 -1
46 251 -1
46 3298 -1
1960 1978 -1
682 1978 -1
1582 1978 -1
941 2067 -1
289 3655 -1
2344 3655 -1
1203 3655 -1
630 3655 -1
289 3430 -1
3025 3714 -1
1667 2981 -1
1131 1479 -1
1131 1731 -1
19 34 -1
34 1027 -1
34 1682 -1
34 3154 -1
34 3481 -1
34 1179 -1
34 317 -1
19 896 -1
19 182 -1
1396 1800 -1
1483 3686 -1
1483 2935 -1
2832 2981 -1
40 2981 -1
2981 3136 -1
2616 2981 -1
37 3437 -1
1609 3437 -1
2404 3437 -1
3437 3541 -1
22 37 -1
2779 3053 -1
1796 2218 -1
1483 3426 -1
254 2957 -1
562 2957 -1
803 2957 -1
2957 3490 -1
649 1106 -1
498 1106 -1
506 1672 -1
1591 3300 -1
1920 3300 -1
3300 3568 -1
1498 3300 -1
2347 3300 -1
544 2300 -1
2250 2300 -1
2300 2572 -1
2047 2300 -1
868 1861 -1
868 2898 -1
868 2277 -1
2624 3523 -1
2827 3523 -1
2477 3523 -1
3523 3758 -1
2509 3523 -1
2624 3468 -1
372 1901 -1
1260 1901 -1
1901 1926 -1
1350 3515 -1
586 3121 -1
849 3743 -1
849 1937 -1
3478 3799 -1
80 3799 -1
613 3124 -1
613 1779 -1
613 1237 -1
613 3198 -1
1158 3350 -1
746 3350 -1
2643 3350 -1
2789 3350 -1
430 3350 -1
3343 3350 -1
3009 3771 -1
2911 3625 -1
1058 3625 -1
2972 3625 -1
2870 3625 -1
681 1978 -1
1978 2737 -1
2546 3097 -1
2842 3097 -1
477 3097 -1
54 3097 -1
1968 2546 -1
2546 3544 -1
699 2546 -1
833 1673 -1
1308 1673 -1
1673 2695 -1
1328 3602 -1
327 3042 -1
1574 3042 -1
327 3290 -1
327 379 -1
327 1967 -1
1792 2973 -1
2973 3463 -1
2973 3432 -1
2973 3153 -1
2515 2973 -1
629 2973 -1
86 2973 -1
21 2973 -1
1792 2625 -1
402 1792 -1
1792 2159 -1
2917 3688 -1
2676 3688 -1
336 2120 -1
336 3723 -1
78 336 -1
336 2158 -1
336 3225 -1
336 762 -1
336 1054 -1
921 2067 -1
2067 2486 -1
838 2535 -1
1248 2535 -1
2535 3816 -1
1005 2535 -1
1134 2535 -1
2535 3215 -1
2170 2535 -1
1371 2535 -1
1919 2535 -1
3573 3735 -1
944 3735 -1
1298 3735 -1
2419 3735 -1
3231 3735 -1
1403 3573 -1
892 3573 -1
3087 3573 -1
1714 2859 -1
2042 2859 -1
364 2859 -1
378 2108 -1
378 1021 -1
871 1906 -1
1224 1906 -1
1417 1906 -1
43 1906 -1
1906 2716 -1
1342 1906 -1
871 3592 -1
248 871 -1
163 871 -1
380 871 -1
871 2046 -1
588 622 -1
1958 2841 -1
1958 2321 -1
347 1958 -1
1445 2619 -1
2619 3431 -1
1445 2041 -1
1445 1490 -1
1796 2983 -1
645 1890 -1
645 3416 -1
1123 2624 -1
1408 2624 -1
297 2624 -1
1281 2624 -1
1123 2827 -1
1123 2477 -1
1123 3758 -1
1123 2509 -1
641 3190 -1
309 3190 -1
2959 3190 -1
641 2530 -1
328 641 -1
641 1100 -1
641 1265 -1
641 3125 -1
641 3222 -1
641 1301 -1
1333 3173 -1
465 3173 -1
2468 3173 -1
857 1531 -1
139 857 -1
3554 3668 -1
1479 2646 -1
1731 2646 -1
1055 1479 -1
1330 3490 -1
803 1330 -1
254 1330 -1
325 1381 -1
3135 3505 -1
1376 3505 -1
1115 2094 -1
702 1708 -1
2876 3570 -1
2520 3570 -1
3201 3570 -1
666 3570 -1
1243 3570 -1
2305 2876 -1
2876 3645 -1
2110 2876 -1
2233 3010 -1
1249 2233 -1
1026 2233 -1
401 2233 -1
846 2071 -1
846 2763 -1
3016 3686 -1
2935 3016 -1
87 2281 -1
87 1388 -1
2401 2639 -1
2401 3138 -1
189 2401 -1
1739 3066 -1
1040 2250 -1
544 1040 -1
1040 2572 -1
1040 2047 -1
1137 3231 -1
944 1137 -1
1137 1298 -1
1137 2419 -1
1137 3573 -1
300 3382 -1
1050 3382 -1
1372 3382 -1
300 917 -1
2866 3066 -1
1861 3590 -1
2898 3590 -1
2277 3590 -1
53 1396 -1
244 1032 -1
244 650 -1
244 3319 -1
293 333 -1
3331 3433 -1
1640 3433 -1
1189 3433 -1
616 2871 -1
1493 2871 -1
616 2307 -1
616 2506 -1
616 1323 -1
616 818 -1
52 616 -1
616 1311 -1
676 2347 -1
676 3568 -1
676 1920 -1
676 1498 -1
676 1591 -1
114 3298 -1
114 251 -1
2384 3228 -1
498 3648 -1
649 3648 -1
498 2288 -1
498 2804 -1
498 3326 -1
1383 1860 -1
2264 2491 -1
502 1946 -1
940 1946 -1
502 929 -1
173 502 -1
502 1454 -1
2300 2532 -1
378 1807 -1
1434 1729 -1
39 3773 -1
2483 3590 -1
3578 3590 -1
633 2474 -1
569 3127 -1
468 3127 -1
569 1049 -1
569 1979 -1
1452 2980 -1
1452 3172 -1
2100 3719 -1
1462 3719 -1
2100 3480 -1
2100 2858 -1
322 330 -1
330 2499 -1
292 330 -1
322 3081 -1
314 322 -1
281 2040 -1
281 1268 -1
2560 3645 -1
2305 2560 -1
2560 3570 -1
2560 2637 -1
2110 2560 -1
887 1080 -1
887 1315 -1
1670 3534 -1
2248 3534 -1
3534 3674 -1
2301 3534 -1
1165 1678 -1
672 1678 -1
1267 3590 -1
2636 3590 -1
2629 3590 -1
155 1148 -1
155 3313 -1
127 155 -1
375 3267 -1
1965 2969 -1
1955 2969 -1
304 1965 -1
1208 1965 -1
1734 3331 -1
1640 1734 -1
1189 1734 -1
2981 3310 -1
625 3735 -1
625 1403 -1
625 892 -1
625 3087 -1
2408 2981 -1
2791 2981 -1
1702 2976 -1
1779 3683 -1
3124 3683 -1
1237 3683 -1
3198 3683 -1
1729 1853 -1
1729 2319 -1
840 2563 -1
1089 2401 -1
1262 2434 -1
1796 3645 -1
1796 2305 -1
1796 3570 -1
1796 2637 -1
1796 2110 -1
616 863 -1
863 1493 -1
353 616 -1
86 3406 -1
1792 3406 -1
3406 3463 -1
3406 3432 -1
3153 3406 -1
2515 3406 -1
629 3406 -1
21 3406 -1
86 2504 -1
86 552 -1
86 799 -1
1226 1714 -1
288 1714 -1
1714 3090 -1
303 1714 -1
1714 3452 -1
879 1714 -1
1226 2042 -1
364 1226 -1
52 949 -1
949 2307 -1
949 2506 -1
949 1323 -1
818 949 -1
949 2871 -1
949 1311 -1
3055 3184 -1
567 3184 -1
2583 2640 -1
405 3655 -1
405 3430 -1
425 1792 -1
573 1792 -1
425 3463 -1
425 3432 -1
425 3153 -1
425 2515 -1
425 629 -1
86 425 -1
21 425 -1
641 3419 -1
309 3419 -1
2959 3419 -1
16 212 -1
212 1407 -1
964 3632 -1
369 2333 -1
530 3124 -1
530 1779 -1
530 1237 -1
530 3198 -1
216 3612 -1
462 2639 -1
59 2639 -1
462 3138 -1
189 462 -1
868 3469 -1
2378 2561 -1
1149 3421 -1
897 3421 -1
2525 3421 -1
453 3421 -1
3421 3605 -1
3421 3503 -1
1022 2480 -1
3221 3729 -1
792 3755 -1
792 3436 -1
792 3542 -1
908 3278 -1
908 1360 -1
908 2949 -1
357 908 -1
2518 2957 -1
620 2332 -1
405 2364 -1
383 2779 -1
1988 2779 -1
159 2082 -1
3164 3191 -1
2604 3191 -1
688 3164 -1
177 3340 -1
2284 3340 -1
1470 3783 -1
1470 1938 -1
2401 3020 -1
313 1452 -1
1622 2221 -1
818 2221 -1
2221 3071 -1
2221 2406 -1
1311 2221 -1
1622 2411 -1
1622 2141 -1
2641 2812 -1
2404 3109 -1
1609 3109 -1
37 3109 -1
3109 3541 -1
857 2973 -1
857 2625 -1
402 857 -1
857 2159 -1
1756 2383 -1
3109 3474 -1
180 1298 -1
180 1450 -1
180 944 -1
180 2419 -1
180 3573 -1
180 3388 -1
180 3231 -1
1781 3009 -1
2063 2094 -1
1184 2094 -1
1956 2094 -1
1235 2094 -1
23 2094 -1
1435 2094 -1
637 2094 -1
973 3603 -1
1906 2767 -1
2767 3592 -1
248 2767 -1
163 2767 -1
380 2767 -1
2046 2767 -1
2876 3449 -1
2520 3449 -1
3201 3449 -1
666 3449 -1
1243 3449 -1
809 2876 -1
22 1973 -1
1973 3437 -1
972 3337 -1
3347 3427 -1
1961 3427 -1
66 3427 -1
164 3427 -1
1404 3427 -1
1401 3347 -1
2205 2650 -1
2650 3768 -1
2650 3707 -1
667 2650 -1
2650 2731 -1
1189 1253 -1
1253 1640 -1
1253 3331 -1
580 1189 -1
1189 2684 -1
1487 1789 -1
1099 1487 -1
1487 3675 -1
1487 3526 -1
251 552 -1
552 3298 -1
251 2504 -1
251 3406 -1
139 2228 -1
3010 3374 -1
1249 3374 -1
1026 3374 -1
401 3374 -1
1418 1893 -1
2680 2910 -1
2680 3820 -1
1284 2680 -1
1123 1365 -1
1365 1408 -1
297 1365 -1
1281 1365 -1
820 1123 -1
29 1123 -1
911 2616 -1
911 3136 -1
40 911 -1
911 2832 -1
2373 3048 -1
769 3048 -1
291 3048 -1
1036 3048 -1
2829 3048 -1
1383 3668 -1
1173 2497 -1
1090 3070 -1
2051 3070 -1
3070 3643 -1
3070 3263 -1
1807 2763 -1
1807 2071 -1
2499 3164 -1
322 3164 -1
292 3164 -1
2499 2604 -1
1983 2870 -1
2339 2870 -1
1643 2870 -1
2870 3436 -1
2870 3542 -1
1058 1983 -1
1983 2972 -1
1983 2911 -1
34 2385 -1
896 2385 -1
182 2385 -1
150 917 -1
917 3386 -1
150 3382 -1
2779 3659 -1
648 2179 -1
1104 2179 -1
648 960 -1
648 3011 -1
648 3591 -1
155 2495 -1
36 1960 -1
36 682 -1
36 1582 -1
2094 2102 -1
1491 2094 -1
857 2002 -1
2234 2243 -1
2744 2882 -1
1163 2744 -1
185 2900 -1
2826 2900 -1
1207 2295 -1
2899 3172 -1
2124 3172 -1
2899 2980 -1
1328 3536 -1
851 1328 -1
1272 2766 -1
1729 1936 -1
1412 3771 -1
3300 3651 -1
648 2131 -1
1104 2131 -1
648 2569 -1
426 1607 -1
247 3442 -1
71 3442 -1
2217 3442 -1
3442 3596 -1
3442 3642 -1
1755 3442 -1
2975 3442 -1
2274 2576 -1
1900 2576 -1
425 857 -1
573 857 -1
2524 2542 -1
510 2542 -1
1046 3190 -1
1016 3190 -1
714 3190 -1
2450 3190 -1
1046 2530 -1
328 1046 -1
1046 1100 -1
1046 1265 -1
1046 3125 -1
1046 3222 -1
1046 1301 -1
2779 2813 -1
996 1414 -1
1414 2885 -1
2364 2721 -1
1914 2364 -1
2364 3250 -1
2364 2854 -1
1399 2364 -1
1119 2633 -1
1784 2633 -1
17 2633 -1
1683 2633 -1
1444 2633 -1
2633 2790 -1
1785 2282 -1
937 2282 -1
2282 3212 -1
1174 3221 -1
2969 3503 -1
304 3503 -1
1208 3503 -1
897 2969 -1
453 2969 -1
1149 2969 -1
2969 3605 -1
3337 3661 -1
328 3337 -1
1265 3337 -1
1100 3337 -1
1282 2248 -1
1282 3674 -1
1282 2301 -1
1282 1670 -1
114 1910 -1
114 2734 -1
1488 2282 -1
353 3701 -1
863 3701 -1
353 538 -1
1211 2877 -1
1211 3243 -1
612 1505 -1
612 744 -1
612 3434 -1
612 3795 -1
1666 3025 -1
1856 3332 -1
1140 1856 -1
85 2425 -1
353 2373 -1
863 2373 -1
353 769 -1
291 353 -1
353 1036 -1
353 2829 -1
1118 3072 -1
2704 3072 -1
664 3072 -1
1842 3072 -1
1748 3072 -1
3340 3629 -1
1797 3568 -1
1797 1920 -1
1498 1797 -1
1797 2347 -1
1591 1797 -1
2525 3708 -1
897 3708 -1
1149 3708 -1
47 3503 -1
47 897 -1
47 453 -1
47 1149 -1
47 3605 -1
158 2886 -1
1382 2886 -1
158 1528 -1
158 2950 -1
2973 3258 -1
2625 3258 -1
402 3258 -1
2159 3258 -1
3049 3690 -1
2715 3049 -1
1796 2907 -1
1052 1792 -1
1052 3463 -1
1052 3432 -1
1052 3153 -1
1052 2515 -1
629 1052 -1
86 1052 -1
21 1052 -1
1409 2333 -1
2333 3610 -1
1589 2333 -1
2409 2639 -1
2409 3138 -1
189 2409 -1
3097 3135 -1
1968 3135 -1
3135 3544 -1
699 3135 -1
1376 3097 -1
1131 1446 -1
299 833 -1
299 1308 -1
299 2695 -1
641 2525 -1
309 2525 -1
2525 2959 -1
641 897 -1
641 1149 -1
241 615 -1
1202 2404 -1
2404 3380 -1
1974 2404 -1
2239 2404 -1
1202 1609 -1
37 1202 -1
1202 3541 -1
1262 2480 -1
428 2963 -1
428 3366 -1
2303 3226 -1
542 1601 -1
405 896 -1
34 405 -1
182 405 -1
405 2027 -1
38 405 -1
2779 3295 -1
3332 3717 -1
1140 3717 -1
2575 3332 -1
1940 2604 -1
1553 2604 -1
2604 2610 -1
2181 2604 -1
341 2604 -1
1940 3164 -1
1090 2434 -1
2051 2434 -1
2434 3643 -1
2434 3263 -1
405 1569 -1
1409 3226 -1
3226 3610 -1
1589 3226 -1
112 351 -1
1168 3595 -1
634 3595 -1
1124 3595 -1
3595 3654 -1
1168 2223 -1
185 1519 -1
1519 2826 -1
1217 3135 -1
1217 1376 -1
221 2409 -1
86 1588 -1
1588 1792 -1
1588 3463 -1
1588 3432 -1
1588 3153 -1
1588 2515 -1
629 1588 -1
21 1588 -1
1140 2918 -1
2918 3332 -1
49 1140 -1
364 783 -1
783 2042 -1
783 1714 -1
2918 3137 -1
49 3137 -1
1445 3686 -1
3431 3686 -1
1445 2935 -1
110 3302 -1
110 3680 -1
110 298 -1
1172 1792 -1
1172 3463 -1
1172 3432 -1
1172 3153 -1
1172 2515 -1
629 1172 -1
86 1172 -1
21 1172 -1
2776 3331 -1
1640 2776 -1
1189 2776 -1
868 3709 -1
622 2480 -1
1046 2480 -1
1016 2480 -1
714 2480 -1
2450 2480 -1
424 2969 -1
304 424 -1
424 1208 -1
1711 3601 -1
964 2505 -1
964 2330 -1
964 1167 -1
1689 3224 -1
2580 3224 -1
1689 2371 -1
356 1689 -1
1689 3775 -1
1303 3693 -1
1607 2359 -1
674 1607 -1
1607 3315 -1
1607 1815 -1
1283 1780 -1
2535 3269 -1
2225 2910 -1
2225 3820 -1
1284 2225 -1
325 2414 -1
325 3811 -1
325 2564 -1
2246 3127 -1
1049 2246 -1
1979 2246 -1
185 2934 -1
2826 2934 -1
524 648 -1
648 3064 -1
524 1104 -1
1643 1958 -1
1958 2339 -1
1958 3436 -1
1958 3542 -1
1958 1983 -1
139 280 -1
1860 2461 -1
1303 3589 -1
645 1040 -1
1081 1893 -1
1546 2332 -1
6 1827 -1
2753 3696 -1
1114 2139 -1
2139 2838 -1
739 1114 -1
100 1689 -1
100 2580 -1
353 3590 -1
863 3590 -1
502 3480 -1
940 3480 -1
502 2858 -1
502 3719 -1
1810 1898 -1
1898 3338 -1
638 1898 -1
1671 1898 -1
1858 2358 -1
1301 3334 -1
2530 3334 -1
3222 3334 -1
328 3334 -1
1100 3334 -1
1265 3334 -1
3125 3334 -1
3190 3334 -1
1486 1711 -1
2640 2756 -1
1410 2640 -1
1331 2640 -1
322 3067 -1
2499 3067 -1
292 3067 -1
1898 3241 -1
1898 2683 -1
1898 2699 -1
1898 2142 -1
645 714 -1
645 1016 -1
645 2450 -1
645 1046 -1
287 1792 -1
491 1792 -1
287 3463 -1
287 3432 -1
287 3153 -1
287 2515 -1
287 629 -1
86 287 -1
21 287 -1
3244 3544 -1
1968 3244 -1
3097 3244 -1
699 3244 -1
1123 3548 -1
1408 3548 -1
297 3548 -1
1281 3548 -1
1123 2579 -1
1123 1541 -1
1123 2671 -1
860 1722 -1
