2136 3438 1
1488 2916 1
1488 3089 1
2916 3089 1
2648 2735 1
2728 3444 1
1932 3155 1
377 619 1
1932 2020 1
2020 3155 1
108 1922 1
1695 2097 1
141 1472 1
26 1905 1
1816 2652 1
489 701 1
1066 3171 1
1042 3558 1
406 3776 1
2037 3464 1
2762 3286 1
1849 3202 1
1156 3367 1
1584 1695 1
1584 2097 1
374 1341 1
740 2607 1
861 1496 1
841 2190 1
1182 2019 1
1611 3367 1
1156 1611 1
1952 3034 1
1 3809 1
1864 3352 1
490 3085 1
1127 3333 1
1776 3712 1
1042 3393 1
3393 3558 1
743 3438 1
743 2136 1
406 1093 1
1093 3776 1
1496 2258 1
861 2258 1
1776 2405 1
2405 3712 1
975 2940 1
435 3702 1
1738 2539 1
1096 2196 1
1738 3389 1
2539 3389 1
723 3467 1
1102 3494 1
701 1758 1
489 1758 1
489 3058 1
701 3058 1
1758 3058 1
72 2850 1
1648 1905 1
26 1648 1
1837 3464 1
1837 2037 1
26 1488 1
1488 1648 1
1488 1905 1
26 3089 1
26 2916 1
3275 3318 1
1738 2196 1
2196 2539 1
2196 3389 1
1096 1738 1
1951 3631 1
1488 2612 1
2612 2916 1
1905 2612 1
1648 2612 1
2612 3089 1
26 2612 1
1518 2020 1
1518 3155 1
1518 1932 1
103 2627 1
1076 3325 1
31 2533 1
630 1905 1
630 1648 1
630 1488 1
26 630 1
630 2612 1
2730 2825 1
2612 3367 1
1648 3367 1
2916 3367 1
3089 3367 1
1488 3367 1
1905 3367 1
630 3367 1
26 3367 1
1156 2612 1
1611 2612 1
62 1153 1
1907 2306 1
423 3105 1
1907 2106 1
2106 2306 1
2728 3212 1
3212 3444 1
407 473 1
2258 3580 1
1496 3580 1
861 3580 1
937 3679 1
737 2850 1
72 737 1
1244 2728 1
1244 3212 1
1244 3444 1
630 2502 1
1488 2502 1
2502 3367 1
1648 2502 1
1905 2502 1
2502 2612 1
26 2502 1
1970 3171 1
1066 1970 1
1809 2730 1
1809 2825 1
1295 3034 1
1295 1952 1
443 3254 1
1014 1776 1
1014 3712 1
1014 2405 1
3014 3075 1
435 2940 1
2940 3702 1
435 975 1
289 3322 1
1648 2707 1
2502 2707 1
2707 3367 1
1488 2707 1
1905 2707 1
2612 2707 1
630 2707 1
26 2707 1
62 3014 1
1153 3014 1
62 3075 1
609 2735 1
609 2648 1
2965 3217 1
2704 2941 1
2516 3543 1
563 1225 1
1222 2212 1
433 1813 1
1015 2192 1
913 2871 1
920 955 1
348 1595 1
204 2211 1
653 1098 1
190 459 1
1267 2237 1
1130 2351 1
733 3025 1
550 920 1
550 955 1
2347 3747 1
955 1311 1
920 1311 1
550 1311 1
180 718 1
2066 3576 1
628 1130 1
628 2351 1
2064 2126 1
900 2941 1
900 2704 1
434 2717 1
1893 2307 1
107 139 1
1641 3406 1
434 928 1
928 2717 1
241 1068 1
762 2126 1
762 2064 1
1957 2455 1
1013 3616 1
357 2920 1
2785 3327 1
2802 3349 1
1487 3699 1
2645 3071 1
2544 2785 1
2544 3327 1
1152 2608 1
91 1704 1
1199 3036 1
2877 3073 1
1526 2722 1
1015 3055 1
2192 3055 1
907 2949 1
1137 3032 1
612 2564 1
2945 3811 1
2785 2941 1
2544 2941 1
2941 3327 1
2704 2785 1
900 2785 1
433 3612 1
1813 3612 1
573 3427 1
1898 2504 1
3028 3071 1
2645 3028 1
814 3133 1
1052 3811 1
1052 2945 1
863 2079 1
1842 3362 1
2645 2673 1
2673 3028 1
2673 3071 1
149 1884 1
241 2748 1
1068 2748 1
900 1389 1
1389 2704 1
1389 2785 1
1389 2941 1
69 284 1
900 928 1
928 2704 1
928 2785 1
928 2941 1
928 1389 1
434 900 1
900 2717 1
250 2277 1
1696 1998 1
1075 3133 1
814 1075 1
2577 2943 1
1736 2367 1
3386 3676 1
840 1893 1
840 2307 1
1854 3619 1
907 1174 1
1174 2949 1
1898 1927 1
1927 2504 1
1861 3362 1
1842 1861 1
599 873 1
733 1282 1
1282 3025 1
2717 3036 1
928 3036 1
434 3036 1
900 3036 1
1199 2717 1
1992 3109 1
1480 1860 1
816 2965 1
816 3217 1
402 3601 1
107 2333 1
139 2333 1
3556 3676 1
3386 3556 1
1323 2589 1
225 1602 1
1936 2748 1
241 1936 1
1068 1936 1
1357 2060 1
979 1998 1
979 1696 1
321 1751 1
599 3743 1
873 3743 1
353 2066 1
353 3576 1
621 1261 1
2987 3159 1
2138 3556 1
2138 3386 1
2138 3676 1
1122 2079 1
863 1122 1
1884 3763 1
149 3763 1
1641 2544 1
2544 3406 1
1641 2785 1
1641 2941 1
1641 3327 1
955 3314 1
920 3314 1
550 3314 1
1311 3314 1
913 3071 1
2871 3071 1
913 2673 1
913 3028 1
913 2645 1
1283 3723 1
1347 2414 1
1424 3207 1
639 1619 1
2040 3228 1
744 1246 1
1886 2315 1
48 1592 1
390 2953 1
84 970 1
5 2702 1
295 2040 1
295 3228 1
1899 3771 1
771 3336 1
2745 3510 1
316 1886 1
316 2315 1
2072 3698 1
1051 2927 1
248 2569 1
504 2285 1
1252 2655 1
2298 3130 1
901 2893 1
2254 2747 1
2437 2507 1
183 3617 1
163 2733 1
170 2793 1
50 1846 1
2076 2507 1
2076 2437 1
1514 2745 1
1514 3510 1
1961 3593 1
66 2255 1
1619 1790 1
639 1790 1
2834 3493 1
1482 2379 1
1642 3043 1
884 1239 1
962 1418 1
1839 2075 1
822 1110 1
408 1464 1
2569 3698 1
248 3698 1
2072 2569 1
164 2155 1
976 2059 1
55 1743 1
784 2057 1
3771 3781 1
1899 3781 1
5 2719 1
2702 2719 1
1505 1633 1
1268 3230 1
1482 3592 1
2379 3592 1
2179 3320 1
1255 1993 1
2345 2733 1
163 2345 1
736 1846 1
50 736 1
66 3434 1
2255 3434 1
705 2075 1
705 1839 1
55 1056 1
1056 1743 1
2795 3046 1
1866 3593 1
1866 1961 1
2927 3265 1
1051 3265 1
1555 2702 1
5 1555 1
1555 2719 1
248 575 1
575 2569 1
575 3698 1
1866 1925 1
1925 3593 1
1925 1961 1
2463 2848 1
1846 2795 1
736 2795 1
50 2795 1
1846 3046 1
1534 3471 1
942 3533 1
942 1293 1
1293 3533 1
547 1051 1
547 3265 1
547 2927 1
99 1241 1
1239 3617 1
884 3617 1
183 1239 1
3145 3593 1
1961 3145 1
1866 3145 1
1925 3145 1
1882 3609 1
25 3214 1
1404 3592 1
1404 1482 1
1404 2379 1
547 3359 1
3265 3359 1
1051 3359 1
2927 3359 1
822 3228 1
1110 3228 1
822 2040 1
295 822 1
2463 3056 1
2848 3056 1
3046 3593 1
2795 3593 1
1846 3593 1
1925 3046 1
1961 3046 1
1866 3046 1
3046 3145 1
1669 2254 1
1669 2747 1
1743 2193 1
1056 2193 1
55 2193 1
2606 3139 1
3544 3692 1
2131 2597 1
715 1874 1
174 1514 1
174 2745 1
174 3510 1
1239 1268 1
1268 3617 1
884 1268 1
183 1268 1
1239 3230 1
882 1429 1
1255 2835 1
1993 2835 1
547 1336 1
1336 3359 1
1336 3265 1
1051 1336 1
1336 2927 1
715 1906 1
1874 1906 1
104 1636 1
3031 3320 1
2179 3031 1
1877 2944 1
1888 3663 1
1730 2403 1
1053 1719 1
1719 3804 1
1053 3804 1
1384 3018 1
79 3098 1
2077 2377 1
993 2930 1
1143 3583 1
582 1639 1
97 1350 1
262 3614 1
1160 1698 1
411 3378 1
1625 3250 1
130 3143 1
1635 2685 1
1377 2112 1
838 2468 1
757 3238 1
757 1077 1
1077 3238 1
1879 3583 1
1143 1879 1
1063 1238 1
47 1097 1
1574 3419 1
1701 1788 1
724 1063 1
724 1238 1
1377 2157 1
2112 2157 1
468 2404 1
2144 3103 1
832 2214 1
2915 3719 1
37 2990 1
2468 3091 1
838 3091 1
845 3024 1
1438 2215 1
2675 3276 1
37 220 1
220 2990 1
994 3546 1
719 1160 1
719 1698 1
181 2012 1
2361 2490 1
579 757 1
579 1077 1
579 3238 1
301 3215 1
503 3517 1
757 1050 1
579 1050 1
1050 1077 1
1050 3238 1
2380 3430 1
1914 3517 1
503 1914 1
2361 2957 1
2490 2957 1
968 2955 1
133 1063 1
133 724 1
133 1238 1
2404 2957 1
468 2957 1
2361 2404 1
2404 2490 1
285 1574 1
285 3419 1
1914 3383 1
3383 3517 1
503 3383 1
1962 2204 1
1618 3366 1
1210 3211 1
2009 2456 1
1707 1806 1
259 3655 1
671 1399 1
1106 1263 1
1377 3663 1
2112 3663 1
2157 3663 1
1377 1888 1
3687 3688 1
1962 2144 1
2144 2204 1
1962 3103 1
97 3642 1
1350 3642 1
2720 2854 1
859 1548 1
157 3461 1
1707 2377 1
1806 2377 1
1707 2077 1
582 3766 1
1639 3766 1
650 3561 1
130 2107 1
2107 3143 1
1701 1946 1
1788 1946 1
1180 2578 1
2009 3451 1
2456 3451 1
1730 1782 1
1782 2403 1
893 2107 1
130 893 1
893 3143 1
1795 3495 1
786 1946 1
786 1788 1
786 1701 1
468 3465 1
2404 3465 1
2957 3465 1
292 1499 1
2425 2895 1
1161 2936 1
292 2361 1
1499 2361 1
292 2490 1
292 2404 1
292 2957 1
1451 3304 1
530 3572 1
122 332 1
1183 3583 1
1183 1879 1
1143 1183 1
1050 3063 1
579 3063 1
757 3063 1
3063 3238 1
1077 3063 1
465 3546 1
465 994 1
1210 1773 1
1773 3211 1
3304 3517 1
1451 3517 1
1914 3304 1
3304 3383 1
503 3304 1
366 530 1
366 3572 1
302 1097 1
47 302 1
1806 2012 1
2012 2377 1
1707 2012 1
181 1806 1
436 598 1
1377 3478 1
2112 3478 1
1888 3478 1
2157 3478 1
3478 3663 1
2497 3507 1
985 2199 1
293 2439 1
807 1553 1
308 2391 1
661 1971 1
1916 2134 1
775 1170 1
1764 2905 1
1000 2837 1
19 2495 1
1213 2470 1
1179 2579 1
602 3761 1
469 2665 1
1148 1942 1
1811 2657 1
844 2149 1
2031 2207 1
478 2289 1
789 1133 1
2470 2681 1
1213 2681 1
2073 2610 1
160 1400 1
1829 2202 1
1376 2199 1
985 1376 1
1211 2657 1
1211 1811 1
1278 3548 1
165 437 1
1735 3508 1
2169 3685 1
1304 2671 1
919 1000 1
919 2837 1
341 2393 1
151 1916 1
151 2134 1
1461 1490 1
833 2548 1
2152 3316 1
2169 3540 1
3540 3685 1
1547 2624 1
2558 3165 1
368 1585 1
2199 2266 1
1376 2266 1
985 2266 1
958 3348 1
1025 1940 1
356 2149 1
356 844 1
127 3767 1
2501 3348 1
958 2501 1
343 1039 1
2453 3813 1
583 2194 1
657 1041 1
577 1660 1
245 2650 1
431 874 1
3197 3812 1
2714 3775 1
583 1660 1
1660 2194 1
577 583 1
1279 2497 1
1279 3507 1
2311 3313 1
339 2035 1
1493 1857 1
1257 3548 1
1257 1278 1
2041 2296 1
431 1304 1
874 1304 1
431 2671 1
197 2266 1
197 1376 1
197 985 1
197 2199 1
888 3252 1
2465 2952 1
317 1057 1
1038 1614 1
168 2558 1
168 3165 1
754 2714 1
754 3775 1
1278 1279 1
1257 1279 1
1279 3548 1
1278 2497 1
1278 3507 1
272 2261 1
306 549 1
261 1735 1
261 3508 1
386 1442 1
1660 2301 1
577 2301 1
2194 2301 1
583 2301 1
2677 3748 1
2381 2952 1
2381 2465 1
168 2872 1
2872 3165 1
2558 2872 1
81 3346 1
256 3481 1
53 134 1
1188 2697 1
2278 3761 1
602 2278 1
2452 2523 1
1456 2482 1
795 1614 1
795 1038 1
2248 2280 1
3061 3473 1
2439 2776 1
293 2776 1
317 758 1
758 1057 1
81 1041 1
1041 3346 1
81 657 1
3157 3748 1
2677 3157 1
1041 3084 1
657 3084 1
3084 3346 1
81 3084 1
1147 2381 1
1147 2952 1
1147 2465 1
1493 1765 1
1765 1857 1
356 2509 1
844 2509 1
2149 2509 1
3242 3316 1
2152 3242 1
1416 1753 1
116 1038 1
116 795 1
116 1614 1
685 819 1
464 3148 1
1368 3727 1
2327 3061 1
2327 3473 1
2393 3813 1
341 3813 1
2393 2453 1
912 3050 1
2148 3200 1
1020 2852 1
397 3757 1
6 785 1
3661 3788 1
249 313 1
1135 2664 1
1767 2982 1
1091 2869 1
117 2383 1
1665 1955 1
551 1247 1
1078 3629 1
2183 2805 1
785 972 1
6 972 1
805 2387 1
974 3186 1
175 3452 1
2712 3566 1
1807 3581 1
1202 2829 1
188 3734 1
1120 1167 1
228 514 1
152 2591 1
1023 2632 1
1604 2396 1
2168 2572 1
2460 3793 1
879 1256 1
2674 3308 1
554 1223 1
106 2462 1
1721 3724 1
2292 3565 1
424 3670 1
249 3788 1
313 3788 1
249 3661 1
544 2292 1
544 3565 1
3163 3724 1
1721 3163 1
986 2525 1
688 2466 1
119 3635 1
361 2632 1
361 1023 1
218 1634 1
446 830 1
2680 3452 1
175 2680 1
1830 3704 1
950 1329 1
1921 2774 1
2119 3452 1
2119 2680 1
175 2119 1
1319 1778 1
878 1223 1
554 878 1
580 3750 1
175 3661 1
2680 3661 1
3452 3661 1
2119 3661 1
175 3788 1
175 249 1
1265 1767 1
1265 2982 1
2183 2712 1
2712 2805 1
2183 3566 1
890 2869 1
890 1091 1
693 3632 1
1955 2773 1
1665 2773 1
382 2996 1
1692 2473 1
1800 2635 1
1247 3750 1
551 3750 1
580 1247 1
3528 3757 1
397 3528 1
2718 3222 1
1402 2708 1
1178 2829 1
1178 1202 1
2906 3299 1
2116 3581 1
1807 2116 1
1036 2451 1
2023 2023 1
1265 3236 1
2982 3236 1
1767 3236 1
588 2532 1
2335 3587 1
1142 2926 1
1061 3350 1
2799 3190 1
401 2931 1
2267 3646 1
2532 3566 1
588 3566 1
2532 2712 1
2183 2532 1
1299 1481 1
405 1163 1
2635 3152 1
1800 3152 1
1305 1767 1
1265 1305 1
1305 3236 1
1305 2982 1
1965 3251 1
1301 1723 1
1532 3605 1
865 2494 1
7 2396 1
7 1604 1
1286 1934 1
349 3625 1
972 2669 1
785 2669 1
6 2669 1
474 2427 1
691 729 1
179 3611 1
2466 3566 1
688 3566 1
2466 2532 1
2183 2466 1
588 2466 1
2466 2712 1
291 3611 1
179 291 1
2267 3629 1
3629 3646 1
1078 2267 1
2806 3629 1
2267 2806 1
2806 3646 1
1078 2806 1
1265 1659 1
1305 1659 1
1659 3236 1
1659 2982 1
1659 1767 1
2473 3125 1
1692 3125 1
697 2587 1
1921 2698 1
2698 2774 1
1091 3453 1
890 3453 1
2869 3453 1
2546 3029 1
717 3505 1
811 3013 1
555 2923 1
1712 2447 1
239 3301 1
796 3472 1
1083 3821 1
568 2030 1
2030 2251 1
568 2251 1
2643 3753 1
1760 1826 1
2546 2736 1
2736 3029 1
877 1880 1
2514 3176 1
1460 2363 1
499 2061 1
811 2851 1
2851 3013 1
2464 2910 1
1828 2519 1
148 1577 1
2968 3083 1
1855 3369 1
747 1466 1
3553 3654 1
1645 3697 1
1699 2263 1
1111 1949 1
2740 3654 1
2740 3553 1
746 3746 1
1473 2900 1
143 350 1
2517 3321 1
746 1489 1
1489 3746 1
2363 3038 1
1460 3038 1
2268 2316 1
296 1941 1
1047 1316 1
211 3597 1
3006 3129 1
1819 3102 1
700 3505 1
700 717 1
1699 2021 1
2021 2263 1
113 2514 1
113 3176 1
3289 3317 1
634 2738 1
1209 2618 1
1996 3408 1
670 2694 1
1673 2742 1
2517 3657 1
3321 3657 1
359 3703 1
1217 3627 1
2857 3560 1
748 3584 1
2130 3513 1
561 2820 1
2263 2842 1
1699 2842 1
2021 2842 1
1558 3077 1
2842 3358 1
1699 3358 1
2021 3358 1
2263 3358 1
941 3115 1
1144 2643 1
1144 3753 1
2942 3654 1
2942 3553 1
2740 2942 1
252 451 1
1550 2919 1
3405 3421 1
1712 2590 1
2447 2590 1
1891 2878 1
2984 3110 1
451 3505 1
252 3505 1
451 700 1
451 717 1
430 1913 1
1111 2397 1
1949 2397 1
3110 3289 1
2984 3289 1
3110 3317 1
1658 3006 1
1658 3129 1
1105 1209 1
1105 2618 1
1935 2541 1
1935 2514 1
2514 2541 1
1935 3176 1
113 1935 1
1432 1572 1
3330 3459 1
58 585 1
853 2420 1
670 3394 1
2694 3394 1
991 3029 1
991 2736 1
991 2546 1
1439 1852 1
3479 3787 1
2354 2934 1
3627 3657 1
1217 3657 1
3321 3627 1
2517 3627 1
1426 2919 1
1426 1550 1
1538 2243 1
984 3472 1
796 984 1
1760 1935 1
1826 1935 1
1760 3176 1
1760 2541 1
113 1760 1
1760 2514 1
926 1892 1
1430 3206 1
499 1521 1
1521 2061 1
732 817 1
33 2653 1
658 2038 1
239 1913 1
1913 3301 1
239 430 1
1987 2251 1
568 1987 1
1987 2030 1
111 3627 1
111 1217 1
111 3321 1
111 2517 1
111 3657 1
1991 3462 1
558 1459 1
823 2486 1
2786 3030 1
1083 1144 1
1144 3821 1
1083 3753 1
1083 2643 1
447 2472 1
2781 2883 1
763 1116 1
298 3012 1
1510 3475 1
982 2326 1
351 1212 1
756 2998 1
331 3390 1
973 2341 1
1507 1709 1
933 2781 1
933 2883 1
2208 2958 1
1465 2547 1
507 1194 1
1116 1583 1
763 1583 1
3022 3454 1
351 3273 1
1212 3273 1
199 3447 1
1370 3768 1
1351 1870 1
413 1529 1
1281 3760 1
1510 1524 1
1524 3475 1
1777 2004 1
1194 1733 1
507 1733 1
2410 2960 1
298 298 1
1465 2626 1
2547 2626 1
2304 2715 1
3586 3686 1
199 2454 1
2454 3447 1
3390 3780 1
331 3780 1
2752 3794 1
946 2863 1
1082 2355 1
2167 3106 1
869 1508 1
187 1777 1
187 2004 1
199 3065 1
2454 3065 1
3065 3447 1
808 3187 1
977 1650 1
973 2547 1
2341 2547 1
973 1465 1
973 2626 1
626 2281 1
1510 1803 1
1803 3475 1
1524 1803 1
1131 1353 1
891 2402 1
2737 2935 1
2167 3187 1
3106 3187 1
808 2167 1
1123 2863 1
946 1123 1
992 1803 1
992 3475 1
992 1524 1
992 1510 1
1650 2833 1
977 2833 1
2091 2304 1
2091 2715 1
735 804 1
1157 1157 1
10 3562 1
605 3535 1
1510 1931 1
1803 1931 1
992 1931 1
1931 3475 1
1524 1931 1
804 2208 1
735 2208 1
804 2958 1
537 2472 1
447 537 1
539 2323 1
1171 2100 1
607 3229 1
866 3433 1
1108 1599 1
1650 3187 1
977 3187 1
2833 3187 1
1650 3106 1
808 1650 1
1650 2167 1
1508 2208 1
869 2208 1
804 1508 1
1508 2958 1
735 1508 1
808 2090 1
1650 2090 1
2090 3187 1
2090 2167 1
763 2188 1
1116 2188 1
1583 2188 1
30 1123 1
30 946 1
30 2863 1
10 3737 1
3562 3737 1
263 753 1
1507 2320 1
1709 2320 1
1019 3585 1
1415 1510 1
992 1415 1
1415 1931 1
1415 1803 1
1415 3475 1
1415 1524 1
60 1108 1
60 1599 1
460 2646 1
2935 3760 1
2737 3760 1
1281 2935 1
310 1838 1
76 3183 1
1119 3686 1
1119 3586 1
946 3520 1
1123 3520 1
30 3520 1
2863 3520 1
90 3659 1
1186 3535 1
605 1186 1
1115 2557 1
413 1683 1
1529 1683 1
537 2337 1
2337 2472 1
447 2337 1
2583 2659 1
396 1895 1
243 3291 1
1954 3229 1
607 1954 1
2960 3356 1
2410 3356 1
842 2925 1
416 2260 1
1650 2797 1
2797 3106 1
2797 2833 1
808 2797 1
2090 2797 1
977 2797 1
2797 3187 1
2167 2797 1
234 3594 1
2078 2436 1
2022 2860 1
2022 2892 1
2860 2892 1
1651 2244 1
2461 3814 1
1049 2807 1
1271 3296 1
887 1979 1
2983 3693 1
827 1452 1
371 887 1
371 1979 1
1822 3738 1
2756 3521 1
355 3382 1
2303 2412 1
2432 3287 1
1663 1858 1
1081 2461 1
1081 3814 1
2314 2754 1
2022 2233 1
2233 2892 1
2233 2860 1
2303 2948 1
2412 2948 1
3009 3590 1
1589 3694 1
404 3361 1
887 3645 1
371 3645 1
1979 3645 1
1834 2433 1
484 1145 1
484 1044 1
1044 1145 1
1412 1810 1
1844 3439 1
1792 3645 1
371 1792 1
1792 1979 1
887 1792 1
1600 3571 1
1815 2078 1
1815 2436 1
936 1412 1
936 1810 1
3536 3602 1
791 1616 1
279 2244 1
279 1651 1
908 2233 1
908 2860 1
908 2892 1
908 2022 1
379 917 1
776 3521 1
776 2756 1
1964 3003 1
2034 3173 1
155 227 1
1331 3664 1
1411 3470 1
2045 3521 1
776 2045 1
2045 2756 1
1058 1300 1
3005 3694 1
1589 3005 1
1872 2247 1
18 1522 1
2433 2896 1
1834 2896 1
502 2983 1
502 3693 1
712 3104 1
1035 3121 1
629 2550 1
2197 3468 1
2233 2286 1
2286 2860 1
908 2286 1
2286 2892 1
2022 2286 1
1086 1589 1
1086 3005 1
1086 3694 1
1629 1981 1
1081 3745 1
2461 3745 1
3745 3814 1
1872 3684 1
2247 3684 1
651 3361 1
404 651 1
566 3590 1
566 3009 1
1058 2359 1
1300 2359 1
189 2433 1
189 2896 1
189 1834 1
484 1651 1
1145 1651 1
1044 1651 1
484 2244 1
279 484 1
751 3149 1
2875 3715 1
3194 3221 1
851 3705 1
3205 3284 1
2209 2433 1
2209 2896 1
1834 2209 1
189 2209 1
776 3353 1
3353 3521 1
2756 3353 1
2045 3353 1
1677 3589 1
2870 3778 1
404 1858 1
1858 3361 1
651 1858 1
404 1663 1
189 3491 1
2896 3491 1
2433 3491 1
1834 3491 1
2209 3491 1
154 2756 1
154 776 1
154 3521 1
154 2045 1
154 3353 1
2911 3150 1
1589 3664 1
1086 3664 1
3005 3664 1
3664 3694 1
1331 1589 1
236 557 1
1687 3020 1
9 2875 1
9 3715 1
1410 3432 1
938 2918 1
917 2220 1
379 2220 1
497 663 1
1173 2753 1
3150 3607 1
2911 3607 1
980 2034 1
980 3173 1
1520 3338 1
761 1827 1
305 3678 1
3331 3458 1
2198 3331 1
2198 3458 1
1324 1714 1
781 1570 1
114 1325 1
44 1229 1
995 1569 1
12 716 1
2585 2969 1
862 3335 1
3240 3506 1
38 3817 1
532 1796 1
2063 2300 1
821 1074 1
1071 3081 1
2300 3076 1
2063 3076 1
1069 1878 1
1956 2716 1
2832 3076 1
2300 2832 1
2063 2832 1
12 3542 1
716 3542 1
1594 3650 1
3087 3158 1
546 600 1
110 1796 1
110 532 1
1693 2321 1
330 622 1
1022 2845 1
3128 3623 1
367 1468 1
1684 2688 1
2995 3332 1
1235 3124 1
1427 1878 1
1069 1427 1
943 3208 1
622 637 1
330 637 1
12 2322 1
716 2322 1
2322 3542 1
714 831 1
652 3332 1
652 2995 1
1184 3502 1
1040 1184 1
1040 3502 1
1890 2240 1
2321 2358 1
1693 2358 1
574 2512 1
1435 1504 1
156 1342 1
1445 3678 1
305 1445 1
2682 3755 1
305 2641 1
1445 2641 1
2641 3678 1
1285 2791 1
454 1435 1
454 1504 1
546 2688 1
600 2688 1
546 1684 1
309 2997 1
1129 3099 1
44 1129 1
1129 1229 1
44 3099 1
2108 3530 1
2408 2956 1
1561 2682 1
1561 3755 1
1551 1632 1
2322 3779 1
716 3779 1
12 3779 1
3542 3779 1
2538 2616 1
542 1396 1
2679 3087 1
2679 3158 1
2249 3542 1
716 2249 1
2249 2322 1
2249 3779 1
12 2249 1
1594 2512 1
2512 3650 1
574 1594 1
2761 3416 1
1074 1835 1
821 1835 1
177 3678 1
177 305 1
177 1445 1
177 2641 1
1028 1878 1
1028 1427 1
1028 1069 1
498 2084 1
44 660 1
660 1129 1
660 3099 1
660 1229 1
110 2054 1
532 2054 1
1796 2054 1
114 2560 1
1325 2560 1
871 1405 1
347 3740 1
624 3442 1
581 3800 1
2063 3188 1
2832 3188 1
3076 3188 1
2300 3188 1
1722 2966 1
2099 3310 1
1551 1989 1
1632 1989 1
1802 3088 1
637 3818 1
330 3818 1
622 3818 1
1973 3567 1
905 2084 1
498 905 1
1018 2560 1
114 1018 1
1018 1325 1
182 1983 1
730 2222 1
1586 1915 1
118 1796 1
118 532 1
118 2054 1
110 118 1
3512 3599 1
330 574 1
574 3818 1
574 637 1
574 622 1
330 2512 1
330 1594 1
1234 3124 1
1234 1235 1
229 1141 1
2959 3370 1
559 1561 1
559 2682 1
559 3755 1
1560 1942 1
1942 1942 1
1560 1560 1
1148 1560 1
2009 3354 1
2456 3354 1
3354 3354 1
3354 3451 1
2009 2009 1
1336 3189 1
3189 3265 1
547 3189 1
2927 3189 1
3189 3189 1
1051 3189 1
3189 3359 1
1336 1336 1
1862 3768 1
3768 3768 1
1370 1862 1
1862 1862 1
2213 3113 1
3113 3113 1
2213 2213 1
1779 2726 1
2726 2726 1
1779 1779 1
2288 3431 1
3431 3431 1
2288 2288 1
196 210 1
210 210 1
196 196 1
1074 1387 1
1387 1387 1
1387 1835 1
821 1387 1
1074 1074 1
412 2769 1
2769 2769 1
412 412 1
519 3383 1
3383 3383 1
519 519 1
519 3304 1
503 519 1
519 1914 1
519 3517 1
767 2889 1
2889 2889 1
767 767 1
331 1659 1
1659 1659 1
1659 3780 1
1659 3390 1
331 3236 1
331 2982 1
331 1767 1
331 331 1
331 1265 1
331 1305 1
3539 3575 1
3575 3575 1
3539 3539 1
228 928 1
928 928 1
514 928 1
228 2785 1
228 900 1
228 1389 1
228 2941 1
228 2704 1
228 434 1
228 228 1
228 3036 1
228 2717 1
802 3441 1
3441 3441 1
802 802 1
228 673 1
673 928 1
673 2785 1
514 673 1
673 900 1
673 673 1
673 1389 1
673 2717 1
673 2704 1
434 673 1
673 3036 1
673 2941 1
38 2943 1
2943 3817 1
2943 2943 1
38 2577 1
38 38 1
189 482 1
482 2433 1
482 482 1
482 3491 1
482 2209 1
482 1834 1
482 2896 1
189 189 1
748 3640 1
3584 3640 1
3640 3640 1
748 748 1
44 3617 1
1129 3617 1
3099 3617 1
660 3617 1
1229 3617 1
3617 3617 1
44 183 1
44 44 1
44 1268 1
44 1239 1
44 884 1
570 2242 1
2242 2242 1
570 570 1
2288 2414 1
2414 2414 1
2414 3431 1
1347 2288 1
669 3753 1
3753 3753 1
669 1144 1
669 1083 1
669 2643 1
669 669 1
176 1383 1
1383 1383 1
176 176 1
476 1686 1
1686 1686 1
476 476 1
680 2487 1
2487 2487 1
680 680 1
590 2759 1
2759 2759 1
590 590 1
984 3765 1
3472 3765 1
796 3765 1
3765 3765 1
984 984 1
137 1284 1
1284 1284 1
137 137 1
1172 2469 1
2469 2469 1
1172 1172 1
342 3685 1
3685 3685 1
342 2169 1
342 3540 1
342 342 1
2812 2876 1
2876 2876 1
2812 2812 1
370 662 1
662 662 1
370 370 1
808 2949 1
2949 2949 1
2090 2949 1
2797 2949 1
1650 2949 1
2949 3187 1
2167 2949 1
808 808 1
808 907 1
808 1174 1
1120 3106 1
3106 3106 1
1167 3106 1
1120 1120 1
1120 2797 1
1120 1650 1
1120 3187 1
1120 2167 1
503 2982 1
2982 2982 1
519 2982 1
2982 3304 1
2982 3383 1
1914 2982 1
2982 3517 1
503 3236 1
503 1767 1
331 503 1
503 1265 1
503 503 1
503 1305 1
503 1659 1
1441 2524 1
2524 2524 1
1441 1441 1
333 1947 1
1947 1947 1
333 333 1
1871 2192 1
2192 2192 1
1871 1871 1
1871 3055 1
1015 1871 1
96 3044 1
3044 3044 1
96 96 1
763 3437 1
2188 3437 1
1116 3437 1
3437 3437 1
1583 3437 1
763 763 1
2674 3406 1
3308 3406 1
3406 3406 1
2544 2674 1
1641 2674 1
2674 2674 1
1511 3366 1
3366 3366 1
1511 1618 1
1511 1511 1
1086 3378 1
3378 3664 1
3378 3378 1
1589 3378 1
3378 3694 1
3005 3378 1
411 1086 1
1086 1086 1
976 1610 1
1610 1610 1
1610 2059 1
976 976 1
2301 3791 1
577 3791 1
2194 3791 1
3791 3791 1
1660 3791 1
583 3791 1
2301 2301 1
2597 3159 1
2131 3159 1
3159 3159 1
2597 2987 1
2597 2597 1
1145 1649 1
1044 1649 1
1649 1651 1
484 1649 1
1649 1649 1
1145 1145 1
754 1392 1
1392 1392 1
1392 2714 1
1392 3775 1
754 754 1
1886 2269 1
2269 2315 1
316 2269 1
2269 2269 1
1886 1886 1
843 2089 1
2089 2089 1
843 843 1
2325 2452 1
2452 2452 1
2325 2523 1
2325 2325 1
2133 3520 1
3520 3520 1
1123 2133 1
2133 2863 1
946 2133 1
2133 2133 1
30 2133 1
3653 3810 1
3810 3810 1
3653 3653 1
856 1882 1
1882 1882 1
856 856 1
856 3609 1
861 1914 1
1496 1914 1
1914 2258 1
1914 3580 1
1914 1914 1
861 2982 1
519 861 1
861 3304 1
503 861 1
861 861 1
861 3383 1
861 3517 1
2851 3439 1
811 3439 1
3013 3439 1
3439 3439 1
2851 2851 1
1844 2851 1
291 1271 1
1271 3611 1
179 1271 1
1271 1271 1
291 3296 1
291 291 1
495 901 1
901 901 1
495 2893 1
495 495 1
788 2288 1
788 1347 1
788 788 1
788 2414 1
788 3431 1
1411 3425 1
3425 3425 1
3425 3470 1
1411 1411 1
2423 3114 1
3114 3114 1
2423 2423 1
682 3011 1
3011 3011 1
682 682 1
1161 1850 1
1850 2936 1
1850 1850 1
1161 1161 1
1974 3147 1
3147 3147 1
1974 1974 1
888 915 1
915 915 1
915 3252 1
888 888 1
2 2122 1
2122 2122 1
2 2 1
960 1345 1
1345 1345 1
960 960 1
2447 2896 1
1712 2896 1
2896 2896 1
2590 2896 1
2433 2447 1
482 2447 1
2447 3491 1
2209 2447 1
1834 2447 1
2447 2447 1
189 2447 1
128 326 1
326 326 1
128 128 1
2548 2888 1
2888 2888 1
833 2888 1
2548 2548 1
2144 2540 1
2540 2540 1
1962 2540 1
2204 2540 1
2540 3103 1
2144 2144 1
439 1467 1
1467 1467 1
439 439 1
129 3343 1
3343 3343 1
129 129 1
1592 1606 1
48 1606 1
1606 1606 1
1592 1592 1
998 3458 1
3458 3458 1
998 3331 1
998 998 1
998 2198 1
460 832 1
832 832 1
832 2646 1
460 460 1
460 2214 1
2648 3056 1
3056 3056 1
609 3056 1
2735 3056 1
2648 2848 1
2648 2648 1
2463 2648 1
615 2778 1
2778 2778 1
615 615 1
2166 3786 1
3786 3786 1
2166 2166 1
2200 3800 1
3800 3800 1
2200 2200 1
581 2200 1
1783 2765 1
2765 2765 1
1783 1783 1
406 3777 1
3776 3777 1
3777 3777 1
1093 3777 1
406 406 1
209 609 1
609 609 1
209 2648 1
209 3056 1
209 209 1
209 2735 1
1665 2965 1
1955 2965 1
2773 2965 1
2965 2965 1
1665 1665 1
816 1665 1
1665 3217 1
1759 2111 1
2111 2111 1
1759 1759 1
2269 2276 1
2276 2276 1
2276 2315 1
316 2276 1
1886 2276 1
392 2005 1
2005 2005 1
392 392 1
404 1062 1
1062 3361 1
1062 1858 1
651 1062 1
1062 1062 1
1062 1663 1
404 404 1
1615 3152 1
3152 3152 1
1615 1800 1
1615 2635 1
1615 1615 1
2324 3471 1
3471 3471 1
2324 2324 1
1534 2324 1
2111 2981 1
2981 2981 1
1759 2981 1
719 2270 1
1160 2270 1
1698 2270 1
2270 2270 1
719 719 1
2579 3726 1
1179 3726 1
3726 3726 1
2579 2579 1
1837 3175 1
3175 3464 1
2037 3175 1
3175 3175 1
1837 1837 1
523 1258 1
1258 1258 1
523 523 1
84 1820 1
970 1820 1
1820 1820 1
84 84 1
444 1500 1
1500 1500 1
444 444 1
2941 3013 1
928 3013 1
2785 3013 1
900 3013 1
3013 3013 1
673 3013 1
1641 3013 1
1389 3013 1
2704 3013 1
2544 3013 1
228 3013 1
3013 3327 1
2851 2941 1
811 2941 1
2941 3439 1
2941 2941 1
2762 3674 1
3674 3674 1
3286 3674 1
2762 2762 1
1643 2976 1
2976 2976 1
1643 1643 1
1884 3542 1
3542 3763 1
149 3542 1
3542 3542 1
1884 3779 1
12 1884 1
716 1884 1
1884 2322 1
1884 2249 1
1884 1884 1
501 1111 1
1111 1111 1
501 501 1
501 1949 1
501 2397 1
2507 2652 1
2652 2652 1
2076 2652 1
2437 2652 1
1816 2507 1
2507 2507 1
1655 2098 1
2098 2098 1
1655 1655 1
87 115 1
115 115 1
87 87 1
1085 1169 1
1169 1169 1
1085 1085 1
137 627 1
627 627 1
627 1284 1
466 1991 1
1991 1991 1
466 466 1
466 3462 1
495 1045 1
1045 1045 1
901 1045 1
1045 2893 1
618 2414 1
618 1347 1
618 3431 1
618 618 1
618 2288 1
618 788 1
2126 3215 1
2064 3215 1
762 3215 1
3215 3215 1
301 2126 1
2126 2126 1
999 2624 -1
999 1547 -1
2751 3311 -1
362 3340 -1
859 3019 -1
1548 3019 -1
3271 3817 -1
38 3271 -1
1901 1905 -1
1488 1901 -1
1901 2502 -1
1901 3367 -1
1648 1901 -1
1901 2707 -1
1901 2612 -1
630 1901 -1
26 1901 -1
46 3407 -1
677 3738 -1
677 1822 -1
1705 3186 -1
974 1705 -1
868 3709 -1
1140 3694 -1
1140 3664 -1
1140 1589 -1
1086 1140 -1
1140 3005 -1
295 2384 -1
2040 2384 -1
2384 3228 -1
822 2384 -1
1956 3112 -1
2716 3112 -1
1425 1446 -1
1729 2663 -1
1324 1334 -1
1334 1714 -1
336 378 -1
2667 2969 -1
2585 2667 -1
2429 2818 -1
1259 3719 -1
1259 2915 -1
2563 3542 -1
716 2563 -1
2322 2563 -1
2563 3779 -1
12 2563 -1
2249 2563 -1
637 2239 -1
330 2239 -1
574 2239 -1
2239 3818 -1
622 2239 -1
18 3623 -1
1522 3623 -1
18 3128 -1
1104 3526 -1
364 1122 -1
364 863 -1
364 2079 -1
1764 3083 -1
2905 3083 -1
1764 2968 -1
2499 3164 -1
2409 2639 -1
1137 3590 -1
3032 3590 -1
1137 3009 -1
566 1137 -1
214 552 -1
2924 3647 -1
1725 3296 -1
1271 1725 -1
1052 2359 -1
2359 2945 -1
2359 3811 -1
1052 1058 -1
1052 1300 -1
491 1712 -1
491 2590 -1
491 2447 -1
1317 3044 -1
868 2347 -1
868 3747 -1
329 3416 -1
329 2761 -1
851 2380 -1
2380 3705 -1
851 3430 -1
868 3395 -1
344 1383 -1
801 1021 -1
114 3589 -1
2560 3589 -1
1018 3589 -1
1325 3589 -1
114 1677 -1
311 791 -1
311 1616 -1
2487 3648 -1
333 2108 -1
333 3530 -1
660 1202 -1
1129 1202 -1
1202 3099 -1
44 1202 -1
1202 1229 -1
660 1178 -1
660 2829 -1
610 2238 -1
1245 2250 -1
227 2409 -1
155 2409 -1
2682 2859 -1
1561 2859 -1
2859 3755 -1
559 2859 -1
725 1262 -1
593 2532 -1
593 2712 -1
593 2466 -1
588 593 -1
593 3566 -1
593 2183 -1
2434 3465 -1
2404 2434 -1
468 2434 -1
2434 2957 -1
227 890 -1
155 890 -1
227 1091 -1
227 2869 -1
227 3453 -1
2899 3172 -1
6 2644 -1
785 2644 -1
972 2644 -1
2644 2669 -1
2040 3602 -1
3228 3602 -1
822 3602 -1
295 3602 -1
2040 3536 -1
2926 2969 -1
1142 2969 -1
2585 2926 -1
869 2094 -1
2094 2208 -1
1508 2094 -1
3337 3661 -1
2119 3337 -1
3337 3788 -1
175 3337 -1
2680 3337 -1
249 3337 -1
3337 3452 -1
3109 3172 -1
1992 3172 -1
1113 2963 -1
1956 2167 -1
2167 2716 -1
1956 3106 -1
808 1956 -1
1956 2090 -1
1956 2797 -1
1650 1956 -1
1956 3187 -1
1254 1792 -1
1254 1979 -1
371 1254 -1
1254 3645 -1
887 1254 -1
1483 3424 -1
752 2175 -1
2489 3442 -1
624 2489 -1
2192 2995 -1
2995 3055 -1
1015 2995 -1
652 2192 -1
2192 3332 -1
621 2379 -1
1261 2379 -1
621 3592 -1
621 1482 -1
621 1404 -1
46 2998 -1
46 756 -1
504 633 -1
633 2285 -1
2841 3611 -1
291 2841 -1
179 2841 -1
613 1796 -1
118 613 -1
532 613 -1
613 2054 -1
110 613 -1
1261 3754 -1
621 3754 -1
1703 3757 -1
1703 3528 -1
397 1703 -1
19 258 -1
258 2495 -1
1739 2480 -1
801 1714 -1
801 1324 -1
348 905 -1
905 1595 -1
348 498 -1
348 2084 -1
1025 1689 -1
1689 1940 -1
3099 3430 -1
1129 3430 -1
660 3430 -1
44 3430 -1
2380 3099 -1
939 2231 -1
47 1195 -1
1097 1195 -1
302 1195 -1
2776 3693 -1
293 3693 -1
2439 3693 -1
502 2776 -1
2776 2983 -1
1137 3715 -1
3032 3715 -1
9 1137 -1
1137 2875 -1
1622 3577 -1
139 280 -1
107 280 -1
280 2333 -1
1506 3088 -1
1506 1802 -1
1217 3135 -1
3135 3657 -1
3135 3627 -1
111 3135 -1
1494 1710 -1
1546 2332 -1
1101 3221 -1
1101 3194 -1
2163 2888 -1
175 378 -1
378 2119 -1
378 3788 -1
378 3661 -1
378 2680 -1
249 378 -1
378 3452 -1
2761 2859 -1
2859 3416 -1
2364 2721 -1
1350 3019 -1
97 3019 -1
3019 3642 -1
3048 3340 -1
1338 3602 -1
1338 3536 -1
364 385 -1
1720 3353 -1
776 1720 -1
1720 3521 -1
154 1720 -1
1720 2756 -1
1720 2045 -1
2333 2359 -1
107 2359 -1
139 2359 -1
1058 2333 -1
1300 2333 -1
357 3049 -1
2920 3049 -1
509 3142 -1
1491 3693 -1
502 1491 -1
1491 2983 -1
1954 2619 -1
2619 3229 -1
607 2619 -1
676 2367 -1
676 1736 -1
1807 2817 -1
2116 2817 -1
2817 3581 -1
2462 3334 -1
106 3334 -1
2063 2094 -1
2094 2832 -1
2094 3076 -1
2094 2300 -1
2094 3188 -1
2179 3427 -1
3320 3427 -1
3031 3427 -1
573 2179 -1
628 2238 -1
1130 2238 -1
2238 2351 -1
2789 3135 -1
2398 3372 -1
887 1075 -1
371 1075 -1
1075 1792 -1
1075 1979 -1
1075 3645 -1
887 3133 -1
814 887 -1
949 1893 -1
840 949 -1
949 2307 -1
1488 3666 -1
2916 3666 -1
2502 3666 -1
1905 3666 -1
3367 3666 -1
1648 3666 -1
3089 3666 -1
2707 3666 -1
2612 3666 -1
630 3666 -1
26 3666 -1
1452 2409 -1
827 2409 -1
1792 3665 -1
1979 3665 -1
371 3665 -1
3645 3665 -1
887 3665 -1
918 949 -1
1206 2490 -1
1206 2361 -1
1206 2404 -1
1206 2957 -1
292 1206 -1
258 998 -1
39 240 -1
155 1898 -1
227 1898 -1
155 2504 -1
155 1927 -1
1490 2750 -1
1461 2750 -1
1792 2973 -1
1979 2973 -1
371 2973 -1
2973 3645 -1
887 2973 -1
1303 1344 -1
1958 2725 -1
47 3503 -1
1097 3503 -1
302 3503 -1
201 1800 -1
201 3152 -1
201 2635 -1
1416 1904 -1
1753 1904 -1
1463 1711 -1
1831 2981 -1
724 2175 -1
133 2175 -1
1238 2175 -1
1063 2175 -1
622 3186 -1
3186 3818 -1
330 3186 -1
637 3186 -1
574 3186 -1
622 974 -1
610 1511 -1
219 3603 -1
1843 2408 -1
1843 2956 -1
364 3007 -1
1362 3542 -1
716 1362 -1
1362 2322 -1
1362 3779 -1
12 1362 -1
1362 2249 -1
347 1843 -1
1843 3740 -1
2680 3264 -1
2119 3264 -1
3264 3452 -1
3264 3661 -1
175 3264 -1
868 2564 -1
612 868 -1
93 914 -1
1396 1958 -1
542 1958 -1
2955 3648 -1
968 3648 -1
3055 3799 -1
2192 3799 -1
1015 3799 -1
387 2239 -1
3167 3799 -1
970 1222 -1
84 1222 -1
970 2212 -1
1958 3600 -1
1293 1722 -1
1722 3533 -1
942 1722 -1
1293 2966 -1
86 1588 -1
1022 3186 -1
2845 3186 -1
974 1022 -1
2676 2965 -1
816 2676 -1
2676 3217 -1
1515 1646 -1
1705 1932 -1
1705 3155 -1
1705 2020 -1
1518 1705 -1
99 643 -1
643 1241 -1
643 3214 -1
25 643 -1
269 2332 -1
1146 1678 -1
2537 3378 -1
411 2537 -1
1942 2881 -1
1148 2881 -1
1226 2491 -1
379 2333 -1
2220 2333 -1
917 2333 -1
107 379 -1
139 379 -1
2490 3799 -1
2361 3799 -1
2404 3799 -1
2957 3799 -1
292 3799 -1
1786 2099 -1
1786 3310 -1
1261 3470 -1
621 3470 -1
1261 1411 -1
259 3088 -1
3088 3655 -1
259 1802 -1
484 3182 -1
279 3182 -1
1145 3182 -1
1651 3182 -1
1044 3182 -1
2244 3182 -1
3437 3729 -1
2896 3137 -1
2433 3137 -1
1834 3137 -1
3137 3491 -1
189 3137 -1
2209 3137 -1
1470 2561 -1
1052 2228 -1
2228 2945 -1
2228 3811 -1
2071 3004 -1
185 1439 -1
185 1852 -1
204 2818 -1
2211 2818 -1
1689 2693 -1
1016 2175 -1
532 2896 -1
118 2896 -1
1796 2896 -1
2054 2896 -1
110 2896 -1
532 2433 -1
532 1834 -1
532 3491 -1
189 532 -1
532 2209 -1
304 2859 -1
1469 2355 -1
1082 1469 -1
318 371 -1
318 1792 -1
318 1979 -1
318 3645 -1
318 887 -1
2067 3381 -1
2490 3755 -1
2361 3755 -1
2404 3755 -1
2957 3755 -1
292 3755 -1
1561 2490 -1
2490 2682 -1
559 2490 -1
2489 3458 -1
2489 3331 -1
2198 2489 -1
1939 2034 -1
980 1939 -1
1939 3173 -1
47 2911 -1
1097 2911 -1
302 2911 -1
47 3150 -1
47 3607 -1
2886 2910 -1
2464 2886 -1
1446 1818 -1
1453 3518 -1
854 3701 -1
1822 1978 -1
1978 3738 -1
556 3485 -1
3225 3231 -1
677 1792 -1
677 1979 -1
371 677 -1
677 3645 -1
677 887 -1
1798 2856 -1
1158 3350 -1
1061 1158 -1
405 1325 -1
1163 1325 -1
405 2560 -1
114 405 -1
405 1018 -1
1172 1792 -1
1172 1979 -1
371 1172 -1
1172 3645 -1
887 1172 -1
621 939 -1
939 1261 -1
1516 2027 -1
2616 2827 -1
2538 2827 -1
503 1165 -1
1165 3304 -1
1165 1914 -1
1165 3517 -1
1165 3383 -1
1445 2619 -1
305 2619 -1
177 2619 -1
2619 3678 -1
2619 2641 -1
1779 2530 -1
1570 3642 -1
781 3642 -1
97 1570 -1
1350 1570 -1
2107 2758 -1
130 2758 -1
893 2758 -1
2758 3143 -1
645 2689 -1
2400 2998 -1
756 2400 -1
180 1810 -1
718 1810 -1
180 936 -1
180 1412 -1
50 2231 -1
736 2231 -1
2231 2795 -1
1846 2231 -1
457 3779 -1
12 457 -1
457 2322 -1
457 716 -1
457 3542 -1
457 2249 -1
1483 3686 -1
1483 3586 -1
1119 1483 -1
444 601 -1
1396 1580 -1
542 1580 -1
792 3755 -1
792 1561 -1
792 2682 -1
559 792 -1
318 2563 -1
991 3350 -1
2736 3350 -1
2546 3350 -1
3029 3350 -1
991 1061 -1
1452 3701 -1
827 3701 -1
730 3235 -1
2222 3235 -1
1490 2605 -1
1461 2605 -1
1276 2332 -1
586 2373 -1
1710 2662 -1
833 2821 -1
2548 2821 -1
3306 3501 -1
2409 3684 -1
1872 2409 -1
2247 2409 -1
1516 2969 -1
1516 2585 -1
3164 3178 -1
227 2427 -1
155 2427 -1
227 474 -1
363 2576 -1
2067 2373 -1
1234 2338 -1
1235 2338 -1
2338 3124 -1
2751 3590 -1
2751 3009 -1
566 2751 -1
2206 3008 -1
1601 3203 -1
180 375 -1
375 718 -1
363 2610 -1
363 2073 -1
719 2450 -1
1160 2450 -1
1698 2450 -1
668 3729 -1
590 3338 -1
590 1520 -1
2058 2641 -1
305 2058 -1
1445 2058 -1
2058 3678 -1
177 2058 -1
1526 2248 -1
2248 2722 -1
1526 2280 -1
897 1681 -1
1296 3714 -1
610 1534 -1
610 3471 -1
1650 2584 -1
2584 3106 -1
2584 2833 -1
808 2584 -1
2090 2584 -1
2584 2797 -1
977 2584 -1
2584 3187 -1
2167 2584 -1
38 457 -1
457 3817 -1
2446 3135 -1
185 2441 -1
337 339 -1
337 2035 -1
2373 2394 -1
2077 2832 -1
2377 2832 -1
1707 2832 -1
2077 2300 -1
2077 3076 -1
2077 3188 -1
2063 2077 -1
1684 1707 -1
1707 2688 -1
546 1707 -1
1684 2377 -1
1684 2012 -1
1684 2077 -1
1684 1806 -1
939 955 -1
920 939 -1
939 3314 -1
550 939 -1
939 1311 -1
2881 3400 -1
801 3211 -1
801 1210 -1
801 1773 -1
615 1526 -1
615 2722 -1
18 1796 -1
1522 1796 -1
18 118 -1
18 532 -1
18 2054 -1
18 110 -1
47 3452 -1
1097 3452 -1
302 3452 -1
47 2680 -1
47 2119 -1
47 3661 -1
47 175 -1
212 1800 -1
212 3152 -1
212 2635 -1
2896 3117 -1
2433 3117 -1
1834 3117 -1
3117 3491 -1
189 3117 -1
2209 3117 -1
37 3755 -1
220 3755 -1
2990 3755 -1
37 1561 -1
37 2682 -1
37 559 -1
2364 3319 -1
280 3406 -1
280 2544 -1
280 1641 -1
668 3117 -1
613 1074 -1
613 1835 -1
613 821 -1
1693 2480 -1
2321 2480 -1
2358 2480 -1
19 2054 -1
2054 2495 -1
19 1796 -1
19 532 -1
19 118 -1
19 110 -1
2443 2918 -1
938 2443 -1
311 893 -1
130 311 -1
311 2107 -1
311 3143 -1
2108 3167 -1
3167 3530 -1
1372 1684 -1
1372 2688 -1
546 1372 -1
385 2108 -1
385 3530 -1
1862 2604 -1
910 1977 -1
1958 2398 -1
616 863 -1
616 1122 -1
616 2079 -1
1202 2909 -1
1178 2909 -1
2829 2909 -1
439 3182 -1
470 3019 -1
1188 3811 -1
2697 3811 -1
1188 2945 -1
1052 1188 -1
6 3599 -1
785 3599 -1
972 3599 -1
2669 3599 -1
6 3512 -1
972 3337 -1
785 3337 -1
2669 3337 -1
6 3337 -1
1111 1247 -1
1247 1949 -1
1247 2397 -1
580 1111 -1
1111 3750 -1
551 1111 -1
801 905 -1
498 801 -1
801 2084 -1
1314 3589 -1
1314 1677 -1
321 1739 -1
1739 1751 -1
1781 2957 -1
292 1781 -1
1781 2404 -1
468 1781 -1
1781 3465 -1
1781 2361 -1
1781 2490 -1
334 1764 -1
334 2905 -1
314 760 -1
2941 2995 -1
928 2995 -1
2785 2995 -1
900 2995 -1
1641 2995 -1
1389 2995 -1
2704 2995 -1
2544 2995 -1
2995 3327 -1
652 2941 -1
2941 3332 -1
2234 3799 -1
2434 3419 -1
285 2434 -1
1574 2434 -1
1773 3016 -1
1210 3016 -1
3016 3211 -1
1272 2676 -1
1055 3332 -1
1055 2995 -1
652 1055 -1
112 1862 -1
1452 1702 -1
827 1702 -1
1595 1780 -1
348 1780 -1
2250 2295 -1
201 949 -1
36 1954 -1
36 3229 -1
36 607 -1
1420 2401 -1
863 3179 -1
1122 3179 -1
2079 3179 -1
715 2767 -1
1874 2767 -1
1906 2767 -1
2284 2876 -1
1507 2290 -1
2290 2320 -1
1709 2290 -1
387 2525 -1
387 986 -1
1751 2766 -1
321 2766 -1
2129 2564 -1
612 2129 -1
622 1178 -1
1178 3818 -1
330 1178 -1
637 1178 -1
574 1178 -1
622 1202 -1
622 2829 -1
621 3474 -1
1261 3474 -1
1540 3799 -1
336 1595 -1
336 348 -1
700 2383 -1
2383 3505 -1
451 2383 -1
717 2383 -1
117 700 -1
601 2131 -1
601 2597 -1
1086 3412 -1
3412 3664 -1
1589 3412 -1
3412 3694 -1
3005 3412 -1
38 39 -1
39 3817 -1
1702 3245 -1
3451 3458 -1
2456 3458 -1
2009 3458 -1
3331 3451 -1
2198 3451 -1
2779 3065 -1
2779 3447 -1
2454 2779 -1
199 2779 -1
914 936 -1
914 1810 -1
914 1412 -1
324 1330 -1
511 1210 -1
511 3211 -1
511 1773 -1
456 1247 -1
456 580 -1
456 3750 -1
456 551 -1
287 849 -1
648 1555 -1
5 648 -1
648 2702 -1
648 2719 -1
347 357 -1
357 3740 -1
347 2920 -1
648 3336 -1
648 771 -1
2570 3602 -1
2570 3536 -1
2886 3216 -1
1810 3406 -1
936 3406 -1
1412 3406 -1
1810 2544 -1
1641 1810 -1
3541 3602 -1
3536 3541 -1
1277 2761 -1
1277 3416 -1
849 2367 -1
849 1736 -1
2546 3097 -1
2736 3097 -1
3029 3097 -1
991 3097 -1
1490 3518 -1
1461 3518 -1
1282 2248 -1
2248 3025 -1
733 2248 -1
1282 2280 -1
717 2067 -1
2067 3505 -1
451 2067 -1
700 2067 -1
1778 2995 -1
1319 2995 -1
652 1778 -1
1778 3332 -1
833 1673 -1
1673 2548 -1
833 2742 -1
964 1578 -1
601 1505 -1
601 1633 -1
46 967 -1
1792 3278 -1
1979 3278 -1
371 3278 -1
3278 3645 -1
887 3278 -1
3148 3253 -1
464 3253 -1
1172 2676 -1
556 2689 -1
1090 2434 -1
1195 2512 -1
1195 1594 -1
330 1195 -1
1195 3650 -1
574 1195 -1
3688 3701 -1
3687 3701 -1
1218 2434 -1
3066 3208 -1
943 3066 -1
2404 2494 -1
292 2494 -1
2494 3465 -1
2494 2957 -1
468 2494 -1
2361 2494 -1
2490 2494 -1
865 2404 -1
2100 3719 -1
1171 3719 -1
2100 2915 -1
1262 3465 -1
1262 2404 -1
468 1262 -1
1262 2957 -1
730 2726 -1
2222 2726 -1
2563 3046 -1
1925 2563 -1
2563 3593 -1
1866 2563 -1
2563 2795 -1
2563 3145 -1
1846 2563 -1
1961 2563 -1
2216 2876 -1
1330 2766 -1
327 3554 -1
3244 3544 -1
3244 3692 -1
1040 2225 -1
1184 2225 -1
2225 3502 -1
1210 3099 -1
3099 3211 -1
1773 3099 -1
1129 1210 -1
660 1210 -1
44 1210 -1
2378 3452 -1
2378 2680 -1
2119 2378 -1
2378 3661 -1
175 2378 -1
502 3480 -1
3480 3693 -1
2983 3480 -1
3385 3674 -1
964 1665 -1
964 1955 -1
964 2773 -1
1107 2000 -1
37 1178 -1
220 1178 -1
1178 2990 -1
37 1202 -1
37 2829 -1
371 1123 -1
1123 1792 -1
1123 1979 -1
1123 3645 -1
887 1123 -1
371 3520 -1
371 946 -1
30 371 -1
371 2863 -1
2483 3231 -1
357 1739 -1
1739 2920 -1
21 1339 -1
1414 1614 -1
795 1414 -1
116 1414 -1
1038 1414 -1
705 1086 -1
1086 2075 -1
1086 1839 -1
705 3664 -1
705 1589 -1
705 3694 -1
705 3005 -1
1452 1716 -1
827 1716 -1
212 3772 -1
1639 3076 -1
3076 3766 -1
582 3076 -1
1639 2832 -1
1639 3188 -1
1639 2300 -1
1639 2063 -1
2827 3567 -1
1973 2827 -1
2012 3735 -1
2377 3735 -1
1707 3735 -1
181 3735 -1
1806 3735 -1
1414 3084 -1
1041 1414 -1
1414 3346 -1
81 1414 -1
657 1414 -1
34 57 -1
212 2388 -1
1722 2467 -1
2467 2966 -1
613 2321 -1
613 1693 -1
613 2358 -1
556 2959 -1
556 3370 -1
3297 3407 -1
91 3315 -1
1704 3315 -1
375 1860 -1
375 1480 -1
2228 2333 -1
107 2228 -1
139 2228 -1
2476 3701 -1
633 2131 -1
633 2597 -1
977 3685 -1
2833 3685 -1
1650 3685 -1
3187 3685 -1
2797 3685 -1
977 2169 -1
977 3540 -1
1798 2861 -1
410 1143 -1
410 1879 -1
410 1183 -1
410 3583 -1
258 2808 -1
1533 2896 -1
1533 2433 -1
1533 1834 -1
1533 3491 -1
189 1533 -1
1533 2209 -1
1247 3124 -1
580 3124 -1
3124 3750 -1
551 3124 -1
1234 1247 -1
1235 1247 -1
39 43 -1
46 1884 -1
46 3763 -1
46 149 -1
628 3214 -1
1130 3214 -1
2351 3214 -1
25 628 -1
339 3330 -1
2035 3330 -1
339 3459 -1
212 733 -1
212 3025 -1
212 1282 -1
2045 2409 -1
776 2409 -1
2409 3521 -1
154 2409 -1
2409 2756 -1
2409 3353 -1
1350 1410 -1
97 1410 -1
1410 3642 -1
1350 3432 -1
1220 1798 -1
2514 2898 -1
2898 3176 -1
113 2898 -1
1760 2898 -1
2541 2898 -1
1935 2898 -1
1598 3300 -1
3055 3340 -1
2192 3340 -1
1015 3340 -1
16 3774 -1
1502 3685 -1
1502 2169 -1
1502 3540 -1
369 2333 -1
107 369 -1
139 369 -1
2990 3735 -1
220 3735 -1
37 3735 -1
211 3135 -1
3135 3597 -1
1566 3603 -1
600 3419 -1
2688 3419 -1
546 3419 -1
285 600 -1
600 1574 -1
2526 3055 -1
2192 2526 -1
1015 2526 -1
681 3518 -1
964 2462 -1
106 964 -1
929 2373 -1
677 1173 -1
677 2753 -1
405 2364 -1
1163 2364 -1
2778 3542 -1
716 2778 -1
2322 2778 -1
2778 3779 -1
12 2778 -1
2249 2778 -1
424 2300 -1
2300 3670 -1
424 2832 -1
424 3188 -1
424 3076 -1
424 2063 -1
1104 1298 -1
2998 3615 -1
756 3615 -1
1350 1412 -1
97 1412 -1
1412 3642 -1
936 1350 -1
1350 1810 -1
182 3186 -1
1983 3186 -1
182 974 -1
177 3066 -1
305 3066 -1
1445 3066 -1
3066 3678 -1
2641 3066 -1
1705 3211 -1
1210 1705 -1
1705 1773 -1
1225 3258 -1
563 3258 -1
1638 2303 -1
1638 2948 -1
1638 2412 -1
185 673 -1
2110 2665 -1
469 2110 -1
1588 1792 -1
1588 1979 -1
371 1588 -1
1588 3645 -1
887 1588 -1
2231 2238 -1
3055 3304 -1
2192 3304 -1
1015 3304 -1
1914 3055 -1
1451 3055 -1
503 3055 -1
3055 3517 -1
3055 3383 -1
1234 3163 -1
1235 3163 -1
3124 3163 -1
1234 1721 -1
1234 3724 -1
1722 2375 -1
2375 2966 -1
2576 3426 -1
1729 1927 -1
1729 2504 -1
1729 1898 -1
1904 2665 -1
469 1904 -1
1319 1710 -1
1710 1778 -1
2408 2981 -1
2956 2981 -1
178 1202 -1
178 1178 -1
178 2829 -1
801 3234 -1
2294 3376 -1
2466 3340 -1
2532 3340 -1
2183 3340 -1
588 3340 -1
3340 3566 -1
688 3340 -1
2712 3340 -1
57 314 -1
148 2067 -1
1577 2067 -1
39 309 -1
39 2997 -1
1339 2911 -1
1339 3150 -1
1339 3607 -1
3174 3800 -1
581 3174 -1
1681 2635 -1
1681 1800 -1
1681 3152 -1
153 2384 -1
1890 3191 -1
2240 3191 -1
2483 3300 -1
3 2056 -1
716 1299 -1
1299 2249 -1
1299 2322 -1
1299 3779 -1
12 1299 -1
1299 3542 -1
716 1481 -1
379 1720 -1
1720 2220 -1
917 1720 -1
6 3714 -1
785 3714 -1
972 3714 -1
2669 3714 -1
185 526 -1
375 2973 -1
2884 3503 -1
2131 2237 -1
2237 2597 -1
1267 2131 -1
251 1691 -1
2434 3209 -1
724 2436 -1
133 2436 -1
1238 2436 -1
1063 2436 -1
724 2078 -1
724 1815 -1
2511 2703 -1
973 3603 -1
1465 3603 -1
2626 3603 -1
2547 3603 -1
2341 3603 -1
622 2480 -1
2480 3818 -1
330 2480 -1
637 2480 -1
574 2480 -1
897 1711 -1
3 77 -1
405 896 -1
896 1163 -1
1300 2463 -1
1058 2463 -1
2359 2463 -1
1300 2848 -1
1300 3056 -1
963 3025 -1
963 1282 -1
733 963 -1
405 546 -1
546 1163 -1
405 600 -1
405 2688 -1
405 1684 -1
2726 3442 -1
624 2726 -1
180 3231 -1
718 3231 -1
857 1898 -1
857 2504 -1
857 1927 -1
833 1519 -1
1519 2548 -1
3 3600 -1
1378 1614 -1
795 1378 -1
116 1378 -1
1038 1378 -1
431 1689 -1
1304 1689 -1
874 1689 -1
1689 2671 -1
65 3379 -1
781 2273 -1
1570 2273 -1
1639 1750 -1
1750 3766 -1
582 1750 -1
1450 1938 -1
1108 3331 -1
60 3331 -1
1599 3331 -1
1108 3458 -1
1108 2198 -1
1843 2758 -1
3135 3505 -1
252 3135 -1
451 3135 -1
700 3135 -1
717 3135 -1
293 333 -1
333 2776 -1
333 2439 -1
1796 2218 -1
118 2218 -1
532 2218 -1
2054 2218 -1
110 2218 -1
2886 3210 -1
850 2581 -1
1621 2641 -1
305 1621 -1
1445 1621 -1
1621 3678 -1
177 1621 -1
616 2880 -1
1925 3167 -1
3167 3593 -1
1866 3167 -1
3046 3167 -1
3145 3167 -1
1961 3167 -1
588 2480 -1
2466 2480 -1
2480 2532 -1
2480 3566 -1
318 1119 -1
318 3586 -1
318 3686 -1
1172 2766 -1
2272 3388 -1
696 1491 -1
964 3437 -1
2308 3587 -1
2308 2335 -1
371 3548 -1
1792 3548 -1
1979 3548 -1
3548 3645 -1
887 3548 -1
371 1257 -1
371 1278 -1
371 1279 -1
1405 1614 -1
871 1614 -1
795 1405 -1
116 1405 -1
1038 1405 -1
2619 2939 -1
1416 2110 -1
1753 2110 -1
110 3774 -1
532 3774 -1
1796 3774 -1
118 3774 -1
2054 3774 -1
1319 3042 -1
1778 3042 -1
600 1207 -1
1207 2688 -1
546 1207 -1
2349 3625 -1
349 2349 -1
1253 3729 -1
375 3267 -1
1796 2043 -1
118 2043 -1
532 2043 -1
2043 2054 -1
110 2043 -1
2737 3533 -1
3533 3760 -1
2935 3533 -1
1293 2737 -1
942 2737 -1
803 1022 -1
803 2845 -1
1427 1453 -1
1028 1453 -1
1069 1453 -1
1453 1878 -1
39 979 -1
39 1696 -1
39 1998 -1
1389 1789 -1
1789 2704 -1
1789 2785 -1
928 1789 -1
900 1789 -1
1789 2941 -1
1820 3052 -1
139 3300 -1
107 3300 -1
2333 3300 -1
516 1702 -1
2219 2956 -1
2219 2408 -1
3567 3685 -1
1973 3685 -1
2169 3567 -1
3540 3567 -1
3164 3182 -1
2973 3258 -1
53 1414 -1
134 1414 -1
149 1725 -1
1725 3763 -1
1725 1884 -1
1383 2542 -1
673 2250 -1
1508 1660 -1
1660 2208 -1
804 1660 -1
869 1660 -1
1660 2958 -1
735 1660 -1
577 1508 -1
1508 2194 -1
1508 2301 -1
583 1508 -1
1405 1942 -1
871 1942 -1
1148 1405 -1
1204 2501 -1
1204 3348 -1
958 1204 -1
3097 3486 -1
3533 3686 -1
1293 3686 -1
942 3686 -1
3533 3586 -1
1119 3533 -1
405 894 -1
894 1163 -1
949 3615 -1
943 2077 -1
2077 3208 -1
943 2377 -1
943 1707 -1
42 886 -1
1021 2480 -1
2032 3135 -1
2882 3599 -1
2882 3512 -1
1417 3774 -1
2983 3733 -1
3693 3733 -1
502 3733 -1
107 2995 -1
139 2995 -1
2333 2995 -1
107 652 -1
107 3332 -1
1586 3642 -1
1915 3642 -1
97 1586 -1
1350 1586 -1
332 347 -1
122 347 -1
332 3740 -1
2630 3060 -1
601 3172 -1
849 1172 -1
2394 3701 -1
1303 3535 -1
1186 1303 -1
605 1303 -1
2373 2404 -1
292 2373 -1
2373 3465 -1
2373 2957 -1
468 2373 -1
2361 2373 -1
2373 2490 -1
1122 2071 -1
863 2071 -1
2071 2079 -1
1862 2616 -1
1862 2538 -1
2359 3656 -1
1058 3656 -1
1300 3656 -1
849 3225 -1
1195 3733 -1
2640 2756 -1
776 2640 -1
2640 3521 -1
154 2640 -1
2045 2640 -1
2640 3353 -1
1132 2918 -1
938 1132 -1
330 2094 -1
2094 3818 -1
622 2094 -1
2094 2512 -1
1594 2094 -1
637 2094 -1
574 2094 -1
1407 2205 -1
3190 3815 -1
2799 3815 -1
1159 2384 -1
1207 3799 -1
1617 3302 -1
365 1764 -1
365 2905 -1
2434 2480 -1
405 2682 -1
1163 2682 -1
405 1561 -1
405 3755 -1
405 559 -1
1016 3250 -1
1016 1625 -1
610 2157 -1
610 2112 -1
610 1377 -1
610 3478 -1
610 3663 -1
1195 3370 -1
1195 2959 -1
586 3127 -1
53 3337 -1
134 3337 -1
556 637 -1
330 556 -1
556 574 -1
556 3818 -1
556 622 -1
2525 3211 -1
986 3211 -1
1210 2525 -1
1773 2525 -1
676 2484 -1
185 647 -1
2396 2420 -1
1604 2420 -1
7 2420 -1
853 2396 -1
346 2794 -1
2095 2298 -1
2095 3130 -1
381 3712 -1
381 1776 -1
381 2405 -1
381 1014 -1
595 3449 -1
228 2473 -1
928 2473 -1
2473 2785 -1
514 2473 -1
900 2473 -1
673 2473 -1
1389 2473 -1
2473 2717 -1
2473 2704 -1
434 2473 -1
2473 3036 -1
2473 2941 -1
228 1692 -1
228 3125 -1
372 3818 -1
330 372 -1
372 574 -1
372 637 -1
372 622 -1
1080 3254 -1
443 1080 -1
141 2648 -1
1472 2648 -1
141 609 -1
141 2735 -1
1127 1932 -1
1932 3333 -1
1127 3155 -1
1127 2020 -1
1127 1518 -1
2127 2343 -1
2735 3558 -1
2648 3558 -1
609 3558 -1
3056 3558 -1
209 3558 -1
2735 3393 -1
1042 2735 -1
302 2409 -1
1097 2409 -1
47 2409 -1
297 2998 -1
297 756 -1
