1518 3057 1
2405 3254 1
269 423 1
3160 3438 1
656 1127 1
3212 3677 1
381 2325 1
1758 3034 1
1718 3791 1
108 289 1
861 1759 1
592 1030 1
95 553 1
1356 2724 1
3034 3428 1
1758 3428 1
1322 1970 1
2648 3075 1
2118 3218 1
1205 1952 1
679 1266 1
1745 2405 1
1745 3254 1
15 3202 1
1944 2097 1
358 1205 1
358 1952 1
185 656 1
185 1127 1
472 860 1
2106 3318 1
2033 3618 1
2580 3212 1
2580 3677 1
253 1685 1
158 2257 1
2728 3803 1
872 3726 1
2539 3669 1
1322 3123 1
1970 3123 1
1584 2223 1
740 1181 1
1030 2826 1
592 2826 1
56 3580 1
1951 2932 1
531 1156 1
883 2554 1
3467 3547 1
1127 3286 1
656 3286 1
185 3286 1
142 3467 1
142 3547 1
589 2850 1
1905 2422 1
834 2937 1
636 3363 1
2118 3384 1
3218 3384 1
501 3213 1
1948 3633 1
965 3026 1
3160 3202 1
3202 3438 1
15 3160 1
3393 3580 1
56 3393 1
2145 2226 1
1302 1785 1
1431 3497 1
1864 3171 1
3085 3673 1
1562 3254 1
1562 1745 1
1562 2405 1
740 3212 1
1181 3212 1
740 2580 1
740 3677 1
1382 2291 1
1302 1837 1
1785 1837 1
2988 2988 1
1387 1518 1
1387 3057 1
1182 1738 1
1093 1624 1
1067 1431 1
1067 3497 1
619 1849 1
902 3160 1
902 3202 1
902 3438 1
15 902 1
841 1929 1
3057 3058 1
1387 3058 1
1518 3058 1
630 3220 1
126 377 1
423 472 1
269 472 1
423 860 1
2055 2932 1
1951 2055 1
473 3100 1
158 3363 1
2257 3363 1
158 636 1
1624 3107 1
1093 3107 1
1030 2422 1
592 2422 1
2422 2826 1
1030 1905 1
1127 1484 1
656 1484 1
185 1484 1
1484 3286 1
3014 3389 1
2037 2613 1
1087 2728 1
1087 3803 1
2916 3579 1
266 1244 1
1045 1584 1
1045 2223 1
861 2405 1
1759 2405 1
861 1745 1
861 1562 1
861 3254 1
1718 2340 1
2340 3791 1
1029 2136 1
2706 3218 1
2706 3384 1
2118 2706 1
266 883 1
883 1244 1
266 2554 1
860 2762 1
472 2762 1
423 2762 1
124 1932 1
1761 1929 1
841 1761 1
2502 3210 1
1689 3105 1
1776 3633 1
1776 1948 1
141 501 1
141 3213 1
103 3105 1
103 1689 1
158 2730 1
2257 2730 1
2730 3363 1
636 2730 1
2165 2344 1
2989 3218 1
2989 3384 1
2706 2989 1
2118 2989 1
1042 1151 1
937 3026 1
937 965 1
565 2500 1
195 3425 1
8 2340 1
8 1718 1
8 3791 1
3107 3807 1
1624 3807 1
1093 3807 1
1597 2598 1
981 3456 1
2344 3494 1
2165 3494 1
1080 2891 1
142 619 1
619 3467 1
619 3547 1
142 1849 1
2003 2340 1
8 2003 1
1718 2003 1
2003 3791 1
740 2368 1
2368 2580 1
2368 3212 1
1181 2368 1
2368 3677 1
841 861 1
861 1929 1
861 1761 1
841 2405 1
841 1745 1
841 3254 1
841 1562 1
841 1759 1
1738 3160 1
1182 3160 1
1738 3202 1
902 1738 1
1738 3438 1
15 1738 1
374 841 1
374 1761 1
374 2405 1
374 1929 1
374 1745 1
374 3254 1
374 1562 1
374 861 1
374 1759 1
407 2642 1
2055 3285 1
2932 3285 1
1951 3285 1
1488 3759 1
1685 1970 1
253 1970 1
1322 1685 1
1685 3123 1
253 3739 1
1970 3739 1
1685 3739 1
423 3440 1
472 3440 1
2762 3440 1
860 3440 1
269 3440 1
191 2171 1
2648 3218 1
3075 3218 1
2118 2648 1
2648 2989 1
2648 2706 1
2648 3384 1
1624 3669 1
3107 3669 1
1093 3669 1
3669 3807 1
1624 2539 1
3494 3744 1
2344 3744 1
2165 3744 1
56 1096 1
1096 3393 1
1096 3580 1
489 1512 1
2539 3034 1
1624 3034 1
3034 3669 1
2539 3428 1
1758 2539 1
223 2642 1
223 407 1
2554 2843 1
266 2843 1
883 2843 1
126 3034 1
377 3034 1
126 1758 1
126 3428 1
126 2539 1
126 3669 1
126 1624 1
1745 2136 1
2136 2405 1
841 2136 1
374 2136 1
1562 2136 1
861 2136 1
2136 3254 1
1029 1745 1
1127 2226 1
656 2226 1
185 2226 1
1484 2226 1
2226 3286 1
1127 2145 1
2333 3665 1
1867 2717 1
1860 2184 1
1381 2333 1
1381 3665 1
1272 1898 1
2184 3606 1
1860 3606 1
1463 1607 1
3606 3651 1
2184 3651 1
1860 3651 1
425 1638 1
1998 3682 1
2162 3036 1
2126 2600 1
329 2663 1
2965 3615 1
149 329 1
149 2663 1
1200 1868 1
1130 3731 1
1267 3278 1
1626 2242 1
2159 2899 1
2611 3267 1
1480 1691 1
920 2231 1
2079 3699 1
1626 2184 1
2184 2242 1
1626 3651 1
1626 1860 1
1626 3606 1
287 3576 1
633 3656 1
353 3772 1
1122 1813 1
799 3741 1
2920 3364 1
1638 3619 1
425 3619 1
686 2231 1
686 920 1
2802 3606 1
2184 2802 1
1626 2802 1
2802 3651 1
1860 2802 1
2429 3364 1
2429 2920 1
1401 3364 1
1401 2920 1
1401 2429 1
402 713 1
2124 3249 1
1487 3616 1
1172 1526 1
1015 2138 1
333 1137 1
1494 2703 1
3217 3327 1
1992 2663 1
329 1992 1
149 1992 1
2256 2504 1
242 3101 1
2079 3556 1
3556 3699 1
417 1137 1
333 417 1
2120 3272 1
1992 3568 1
329 3568 1
149 3568 1
2663 3568 1
621 2088 1
2880 2987 1
3133 3668 1
840 2692 1
2666 2824 1
463 1381 1
463 3665 1
463 2333 1
225 839 1
1531 2779 1
2317 2880 1
2317 2987 1
601 2566 1
1357 3351 1
2516 3364 1
2516 2920 1
1401 2516 1
2429 2516 1
61 1646 1
1200 1641 1
1641 1868 1
1222 2796 1
425 3272 1
3272 3619 1
1638 3272 1
425 2120 1
204 818 1
2064 2138 1
1015 2064 1
3407 3723 1
1602 2158 1
3245 3651 1
1860 3245 1
2184 3245 1
2802 3245 1
3245 3606 1
1626 3245 1
425 816 1
816 3272 1
816 2120 1
816 3619 1
816 1638 1
69 434 1
307 2768 1
550 2060 1
2159 3509 1
2899 3509 1
1696 2347 1
612 1254 1
799 2137 1
2137 3741 1
1199 1813 1
1122 1199 1
967 1283 1
3245 3619 1
3619 3651 1
1860 3619 1
2184 3619 1
2802 3619 1
3606 3619 1
1626 3619 1
1638 3245 1
3245 3272 1
425 3245 1
816 3245 1
567 1054 1
2455 3249 1
2124 2455 1
417 1720 1
1137 1720 1
333 1720 1
3351 3469 1
1357 3469 1
1225 3385 1
1920 3243 1
2483 3243 1
1920 2483 1
1401 3450 1
2920 3450 1
2516 3450 1
3364 3450 1
2429 3450 1
149 3606 1
1992 3606 1
329 3606 1
3568 3606 1
2663 3606 1
149 3651 1
149 1860 1
149 2184 1
149 3245 1
149 2802 1
149 3619 1
149 1626 1
362 648 1
321 2703 1
321 1494 1
139 1793 1
2124 3810 1
3249 3810 1
2455 3810 1
1626 2673 1
2242 2673 1
2673 3651 1
1860 2673 1
2184 2673 1
2673 3245 1
2673 2802 1
2673 3619 1
149 2673 1
2673 3606 1
2476 2673 1
2242 2476 1
2476 3651 1
1860 2476 1
2184 2476 1
2476 3245 1
2476 2802 1
2476 3619 1
149 2476 1
2476 3606 1
1626 2476 1
11 1381 1
11 3665 1
11 2333 1
11 463 1
1360 1646 1
61 1360 1
150 3217 1
150 3327 1
3036 3073 1
2162 3073 1
2348 2625 1
2088 2877 1
621 2877 1
653 3032 1
2126 3305 1
2600 3305 1
840 3682 1
2692 3682 1
840 1998 1
2629 3656 1
633 2629 1
612 648 1
648 1254 1
362 612 1
2126 3496 1
2600 3496 1
3305 3496 1
1272 2645 1
1898 2645 1
2124 2949 1
2949 3249 1
2949 3810 1
2455 2949 1
778 1054 1
567 778 1
573 1747 1
1747 2636 1
573 2636 1
3656 3710 1
633 3710 1
2629 3710 1
2081 2159 1
2081 2899 1
2081 3509 1
284 2265 1
1152 2126 1
1152 2600 1
1152 3305 1
1152 3496 1
2504 3676 1
2256 3676 1
760 3048 1
225 1375 1
839 1375 1
686 2880 1
920 2880 1
2231 2880 1
686 2987 1
686 2317 1
412 3133 1
412 3668 1
434 718 1
69 718 1
1389 2348 1
1389 2625 1
1868 2256 1
1200 2256 1
1641 2256 1
1868 2504 1
1868 3676 1
425 918 1
918 3619 1
918 1638 1
918 3272 1
918 3245 1
816 918 1
918 2120 1
543 2367 1
139 3763 1
1793 3763 1
425 2484 1
2484 3619 1
1638 2484 1
2484 3272 1
2484 3245 1
816 2484 1
2120 2484 1
918 2484 1
3709 3722 1
967 1222 1
1222 1283 1
967 2796 1
2864 2973 1
2075 3162 1
736 2356 1
380 631 1
1839 3552 1
2285 3474 1
846 2095 1
3044 3533 1
398 2075 1
398 3162 1
2705 2793 1
3130 3207 1
587 3279 1
1975 3268 1
3359 3764 1
408 3628 1
1327 2705 1
1327 2793 1
976 2811 1
1534 2057 1
444 466 1
777 3398 1
398 2319 1
2319 3162 1
2075 2319 1
1001 1839 1
1001 3552 1
603 1495 1
398 3054 1
3054 3162 1
2075 3054 1
2319 3054 1
1563 2285 1
1563 3474 1
174 2076 1
2076 3011 1
174 3011 1
2210 2859 1
1008 2437 1
1464 3046 1
164 2492 1
843 2953 1
2369 2478 1
1338 3563 1
2444 3711 1
466 3435 1
444 3435 1
705 3762 1
2835 3151 1
466 939 1
939 3435 1
444 939 1
1154 1336 1
210 2155 1
939 3044 1
466 3044 1
3044 3435 1
444 3044 1
939 3533 1
2189 2795 1
50 3474 1
50 1563 1
50 2285 1
140 755 1
881 1754 1
1290 2166 1
755 1731 1
140 1731 1
2914 3701 1
2513 3079 1
203 2437 1
203 1008 1
2411 2507 1
2908 3771 1
524 1725 1
1769 1925 1
376 695 1
2254 2795 1
2189 2254 1
2658 3256 1
777 1001 1
1001 3398 1
777 3552 1
777 1839 1
1959 2846 1
380 1763 1
631 1763 1
41 1031 1
1056 3039 1
174 1327 1
1327 3011 1
1327 2076 1
174 2705 1
174 2793 1
183 3698 1
587 3228 1
3228 3279 1
1877 3701 1
1877 2914 1
1197 1901 1
55 2953 1
55 843 1
983 1219 1
571 2252 1
210 3435 1
2155 3435 1
210 939 1
210 3044 1
210 466 1
210 444 1
1429 3130 1
1429 3207 1
885 3180 1
2221 3435 1
939 2221 1
2221 3044 1
2155 2221 1
210 2221 1
466 2221 1
444 2221 1
1906 3742 1
2507 3359 1
2411 3359 1
2507 3764 1
810 3617 1
50 1511 1
1511 3474 1
1511 1563 1
1511 2285 1
1268 2569 1
1056 1246 1
1246 3039 1
1043 1527 1
1056 2711 1
1246 2711 1
2711 3039 1
376 885 1
695 885 1
376 3180 1
1633 3628 1
408 1633 1
884 3011 1
884 2076 1
174 884 1
884 1327 1
5 3031 1
55 3004 1
2953 3004 1
843 3004 1
2508 3474 1
50 2508 1
1563 2508 1
2285 2508 1
1511 2508 1
2131 2658 1
2131 3256 1
1418 1535 1
2166 3347 1
1290 3347 1
315 1006 1
2210 2407 1
2407 2859 1
2238 3172 1
2437 3223 1
1008 3223 1
203 3223 1
699 3043 1
316 2999 1
2437 3043 1
1008 3043 1
203 3043 1
3043 3223 1
699 2437 1
376 2569 1
2569 3180 1
885 2569 1
695 2569 1
376 1268 1
2606 2811 1
976 2606 1
2927 3795 1
63 3265 1
1117 1293 1
64 316 1
64 2999 1
1959 3016 1
2846 3016 1
316 3608 1
64 3608 1
2999 3608 1
2076 2747 1
2747 3011 1
884 2747 1
174 2747 1
1327 2747 1
1464 2076 1
2076 3046 1
1464 3011 1
174 1464 1
1327 1464 1
884 1464 1
1464 2747 1
1159 2584 1
1846 3180 1
376 1846 1
1846 2569 1
885 1846 1
644 2747 1
644 3011 1
174 644 1
644 1327 1
644 884 1
644 1464 1
644 2076 1
1592 3207 1
1592 3130 1
1429 1592 1
815 1814 1
2177 3692 1
970 3434 1
815 3617 1
1814 3617 1
810 815 1
471 1901 1
471 1197 1
461 3532 1
547 1326 1
1555 2479 1
3044 3256 1
939 3256 1
3256 3435 1
466 3256 1
3256 3533 1
2221 3256 1
210 3256 1
444 3256 1
2658 3044 1
2131 3044 1
2345 3592 1
55 3139 1
2953 3139 1
843 3139 1
3004 3139 1
444 3320 1
939 3320 1
3044 3320 1
3320 3435 1
466 3320 1
2221 3320 1
210 3320 1
3256 3320 1
1429 3510 1
1592 3510 1
3130 3510 1
3207 3510 1
1746 1968 1
639 744 1
1669 3609 1
3279 3762 1
587 3762 1
3228 3762 1
705 3279 1
1906 2835 1
2835 3742 1
1906 3151 1
125 1535 1
125 1418 1
1326 3031 1
547 3031 1
5 1326 1
1886 3145 1
1961 2053 1
1909 3172 1
1909 2238 1
194 3223 1
194 1008 1
194 203 1
194 2437 1
194 3043 1
2467 3564 1
345 1743 1
627 1110 1
1725 2846 1
524 2846 1
1725 3016 1
1725 1959 1
1698 2170 1
3000 3319 1
3280 3816 1
1294 3334 1
893 2670 1
262 3215 1
300 1307 1
1003 2489 1
1220 3274 1
1755 2086 1
640 2353 1
1134 3783 1
394 1848 1
666 2978 1
2840 3501 1
465 2399 1
749 2259 1
130 1433 1
82 1190 1
2520 3274 1
1220 2520 1
1557 2007 1
59 2112 1
285 1719 1
903 3403 1
366 598 1
518 2690 1
1190 2631 1
82 2631 1
1161 1180 1
2520 2690 1
2690 3274 1
1220 2690 1
518 2520 1
1063 2077 1
2217 2631 1
82 2217 1
1190 2217 1
1888 3274 1
1888 2520 1
1888 2690 1
1220 1888 1
1372 2403 1
97 2012 1
1143 2854 1
2353 3489 1
640 3489 1
1438 1701 1
1238 2660 1
2721 3366 1
3211 3451 1
2170 2204 1
1698 2204 1
1775 2858 1
1939 3015 1
122 3103 1
122 2763 1
2763 3103 1
285 3201 1
1719 3201 1
2360 2955 1
80 899 1
500 3412 1
2051 2819 1
1455 3489 1
640 1455 1
1455 2353 1
2977 3461 1
1451 1548 1
2578 2720 1
2876 3182 1
327 2620 1
3501 3672 1
2840 3672 1
3583 3696 1
322 2489 1
322 1003 1
233 3687 1
157 1372 1
157 2403 1
3478 3569 1
1451 3672 1
1548 3672 1
1451 2840 1
1451 3501 1
247 687 1
859 3461 1
859 2977 1
465 1795 1
1795 2399 1
725 3366 1
725 2721 1
1698 2279 1
2170 2279 1
2204 2279 1
2620 2817 1
327 2817 1
2050 3687 1
233 2050 1
1003 3182 1
2489 3182 1
322 3182 1
1003 2876 1
584 2887 1
1248 1394 1
2214 3663 1
1471 3489 1
640 1471 1
1471 2353 1
1455 1471 1
480 1730 1
419 1372 1
419 2403 1
157 419 1
37 1635 1
586 899 1
80 586 1
993 2224 1
1190 3098 1
2217 3098 1
82 3098 1
2631 3098 1
224 3596 1
2955 3238 1
2360 3238 1
767 2425 1
2904 3445 1
687 1349 1
247 1349 1
1574 2690 1
1574 1888 1
1220 1574 1
518 1574 1
1574 3274 1
1574 2520 1
1817 3430 1
133 3018 1
3234 3478 1
3234 3569 1
1394 2499 1
1248 2499 1
2112 3274 1
59 3274 1
1888 2112 1
2112 2690 1
1220 2112 1
1574 2112 1
2112 2520 1
133 724 1
724 3018 1
1296 2909 1
2904 3015 1
3015 3445 1
1939 2904 1
1399 1795 1
465 1399 1
1399 2399 1
301 1032 1
480 1843 1
1730 1843 1
3495 3583 1
3495 3696 1
2844 3639 1
1732 3412 1
500 1732 1
1333 1701 1
1333 1438 1
342 1609 1
1032 1609 1
301 1609 1
342 1032 1
2819 2990 1
2051 2990 1
1625 2259 1
749 1625 1
569 1843 1
480 569 1
569 1730 1
1832 2876 1
1003 1832 1
1832 3182 1
725 2930 1
2721 2930 1
2930 3366 1
1755 3024 1
2086 3024 1
465 3663 1
1399 3663 1
1795 3663 1
2399 3663 1
465 2214 1
2721 3480 1
2930 3480 1
725 3480 1
3366 3480 1
1848 1946 1
394 1946 1
1180 3000 1
1161 3000 1
1180 3319 1
2844 3143 1
3143 3639 1
2456 3366 1
2456 3480 1
2456 2721 1
2456 2930 1
725 2456 1
1183 2489 1
322 1183 1
1003 1183 1
1183 3182 1
366 1248 1
598 1248 1
366 1394 1
366 2499 1
3525 3655 1
1780 2489 1
322 1780 1
1003 1780 1
1780 3182 1
1183 1780 1
1349 2895 1
247 2895 1
687 2895 1
1879 3696 1
1879 3495 1
1879 3583 1
1384 2246 1
2490 2763 1
122 2490 1
2490 3103 1
97 181 1
181 2012 1
122 3430 1
2490 3430 1
2763 3430 1
3103 3430 1
122 1817 1
224 3687 1
3596 3687 1
224 233 1
224 2050 1
233 2631 1
224 2631 1
2050 2631 1
2631 3687 1
233 1190 1
233 2217 1
82 233 1
233 3098 1
2490 3250 1
122 3250 1
2763 3250 1
3250 3430 1
3103 3250 1
82 2094 1
1190 2094 1
2094 2631 1
2094 2217 1
233 2094 1
2094 3098 1
1005 2819 1
1005 2051 1
1005 2990 1
2904 3094 1
1939 3094 1
3094 3445 1
3015 3094 1
2204 3000 1
2170 3000 1
1698 3000 1
2279 3000 1
1161 2204 1
1180 2204 1
2204 3319 1
1196 1574 1
1196 1888 1
1196 2112 1
1196 2690 1
1196 1220 1
518 1196 1
1196 3274 1
1196 2520 1
1755 3687 1
3024 3687 1
2086 3687 1
224 1755 1
1755 2050 1
1755 2631 1
233 1755 1
1755 3596 1
759 2381 1
3 2951 1
1188 2630 1
81 1580 1
256 2482 1
2630 3797 1
1188 3797 1
3473 3527 1
2581 2693 1
2006 2134 1
1000 1682 1
1442 1764 1
46 478 1
186 1221 1
317 3135 1
1771 2289 1
911 1269 1
657 2558 1
469 1304 1
2073 2098 1
952 1448 1
1416 1490 1
215 2814 1
958 2035 1
2764 3548 1
1012 3727 1
389 2649 1
2041 2729 1
1660 1765 1
2581 3813 1
2693 3813 1
616 3758 1
1613 3397 1
1308 3805 1
1211 2481 1
758 919 1
2874 3775 1
151 2581 1
151 2693 1
151 3813 1
317 2160 1
2160 3135 1
2311 2951 1
3 2311 1
197 1756 1
323 1025 1
116 1270 1
1279 3819 1
83 1660 1
83 1765 1
874 2610 1
1670 3819 1
1279 1670 1
2332 2548 1
1337 3441 1
3116 3789 1
386 1179 1
1615 3727 1
1012 1615 1
1012 2160 1
1615 2160 1
2160 3727 1
317 1012 1
1012 3135 1
1580 3033 1
81 3033 1
1289 2776 1
2465 3658 1
833 906 1
3531 3641 1
2266 3620 1
3481 3603 1
81 3549 1
3033 3549 1
1580 3549 1
83 3093 1
1660 3093 1
1765 3093 1
464 3179 1
1547 3603 1
1547 3481 1
1829 2235 1
389 602 1
602 2649 1
2523 2581 1
151 2523 1
2523 2693 1
2523 3813 1
1188 2772 1
2772 3797 1
2630 2772 1
835 3197 1
2041 2827 1
2729 2827 1
2558 3345 1
657 3345 1
1442 3761 1
1764 3761 1
431 2764 1
431 3548 1
167 2665 1
437 3189 1
1216 1971 1
657 2510 1
2510 3345 1
2510 2558 1
341 438 1
1270 3545 1
116 3545 1
3 1615 1
1615 2311 1
1615 2951 1
3 3727 1
3 2160 1
3 1012 1
996 1079 1
1728 2697 1
457 2421 1
807 2073 1
807 2098 1
2482 2649 1
256 2649 1
602 2482 1
389 2482 1
2235 2523 1
1829 2523 1
2235 2693 1
2235 3813 1
2235 2581 1
151 2235 1
833 2493 1
906 2493 1
669 795 1
1811 3252 1
165 319 1
1541 3769 1
911 2548 1
1269 2548 1
911 2332 1
2152 3481 1
1547 2152 1
2152 3603 1
1221 2638 1
186 2638 1
478 1652 1
46 1652 1
2013 3197 1
835 2013 1
2301 3473 1
2301 3527 1
1278 2194 1
2556 3345 1
657 2556 1
2510 2556 1
2556 2558 1
2649 3477 1
256 3477 1
602 3477 1
389 3477 1
2482 3477 1
1257 2421 1
457 1257 1
2371 2602 1
661 2135 1
2509 2695 1
919 2548 1
758 2548 1
919 2332 1
919 1269 1
911 919 1
3 2452 1
2311 2452 1
2452 2951 1
1615 2452 1
2160 2452 1
1012 2452 1
2452 3727 1
835 1728 1
1728 3197 1
1728 2013 1
835 2697 1
2289 2497 1
1771 2497 1
469 1753 1
1304 1753 1
165 958 1
319 958 1
165 2035 1
828 1753 1
828 1304 1
469 828 1
1765 2630 1
83 2630 1
1660 2630 1
2630 3093 1
1188 1765 1
1765 2772 1
1765 3797 1
165 1280 1
1280 2035 1
958 1280 1
319 1280 1
549 1857 1
1585 3448 1
160 1304 1
160 1753 1
160 828 1
160 469 1
1289 3165 1
2776 3165 1
1971 2385 1
1216 2385 1
261 2202 1
1175 1603 1
657 2297 1
2297 3345 1
2297 2556 1
2297 2510 1
2297 2558 1
2416 2470 1
870 3242 1
100 2465 1
100 3658 1
3 2579 1
2311 2579 1
2579 2951 1
1615 2579 1
2160 2579 1
1012 2579 1
2452 2579 1
2579 3727 1
167 2523 1
2523 2665 1
167 2693 1
167 3813 1
167 2581 1
151 167 1
167 2235 1
167 1829 1
1647 3197 1
1647 1728 1
835 1647 1
1647 2013 1
1765 2695 1
1188 2695 1
2630 2695 1
83 2695 1
2695 2772 1
2695 3093 1
1660 2695 1
2695 3797 1
1765 2509 1
2780 3448 1
1585 2780 1
906 2481 1
833 2481 1
2481 2493 1
906 1211 1
1280 2558 1
2035 2558 1
165 2558 1
958 2558 1
319 2558 1
1280 3345 1
1280 2510 1
657 1280 1
1280 2297 1
1280 2556 1
94 1682 1
94 1000 1
874 2493 1
2493 2610 1
833 874 1
874 906 1
874 2481 1
2039 2558 1
1280 2039 1
165 2039 1
2039 3345 1
2039 2510 1
657 2039 1
2035 2039 1
2039 2297 1
2039 2556 1
958 2039 1
319 2039 1
323 356 1
356 1025 1
614 1270 1
614 3545 1
116 614 1
580 1149 1
2530 2888 1
865 1516 1
879 1299 1
7 1165 1
1202 1227 1
344 3163 1
1995 3423 1
119 2561 1
1556 2292 1
689 1094 1
2635 2701 1
237 3027 1
424 1824 1
2505 2667 1
2058 2933 1
1847 2551 1
1060 1604 1
544 2473 1
1256 1902 1
442 2105 1
2812 3704 1
945 966 1
2830 3635 1
152 1477 1
1094 2494 1
689 2494 1
2070 2178 1
729 3235 1
935 2982 1
1223 3683 1
2010 2759 1
1778 2168 1
1833 2873 1
1026 1135 1
2010 2632 1
2632 2759 1
2427 3090 1
645 1436 1
2869 3355 1
2105 2664 1
442 2664 1
3598 3611 1
117 2330 1
228 1836 1
382 1896 1
2591 3293 1
1578 2601 1
22 184 1
1195 1395 1
303 2024 1
1928 2982 1
935 1928 1
1823 3453 1
1149 2684 1
580 2684 1
1395 2445 1
1195 2445 1
1072 1965 1
697 2889 1
785 2525 1
1112 3236 1
106 2712 1
1930 2445 1
1395 1930 1
1195 1930 1
474 1977 1
1578 3604 1
2601 3604 1
802 2234 1
2669 2839 1
1313 3605 1
1313 2680 1
2680 3605 1
580 2494 1
2494 2684 1
1149 2494 1
580 689 1
580 1094 1
1934 2806 1
2710 3293 1
2591 2710 1
974 2755 1
424 453 1
453 1824 1
424 2718 1
1824 2718 1
453 2718 1
1223 1847 1
1847 3683 1
1223 2551 1
290 1830 1
802 1627 1
1627 2234 1
290 2718 1
1830 2718 1
290 424 1
290 1824 1
290 453 1
1249 2283 1
2000 3704 1
2000 2812 1
446 3632 1
424 2710 1
1824 2710 1
290 2710 1
453 2710 1
2710 2718 1
424 3293 1
424 2591 1
2062 2868 1
2460 2632 1
2010 2460 1
2460 2759 1
3222 3704 1
2000 3222 1
2812 3222 1
481 3587 1
1265 2213 1
1100 2882 1
1149 1627 1
1627 2684 1
580 1627 1
1627 2494 1
802 1149 1
1149 2234 1
1112 2830 1
2830 3236 1
1112 3635 1
2234 2680 1
802 2680 1
1627 2680 1
1149 2680 1
1313 2234 1
2234 3605 1
179 2830 1
179 1112 1
179 3635 1
179 3236 1
1402 2601 1
1402 1578 1
1402 3604 1
344 1692 1
1692 3163 1
3174 3222 1
3174 3704 1
2000 3174 1
2812 3174 1
3068 3293 1
424 3068 1
2710 3068 1
2591 3068 1
3271 3380 1
672 1135 1
672 1026 1
878 3706 1
2428 2830 1
1112 2428 1
2428 3635 1
2428 3236 1
179 2428 1
405 793 1
3186 3788 1
2698 3259 1
897 2417 1
2530 3574 1
2888 3574 1
1965 3037 1
1072 3037 1
1020 3059 1
554 2058 1
554 2933 1
520 1135 1
520 672 1
520 1026 1
957 3784 1
1226 2830 1
1226 3236 1
179 1226 1
1226 3635 1
1112 1226 1
1226 2428 1
523 544 1
523 2473 1
1665 2058 1
554 1665 1
1665 2933 1
1207 2427 1
1207 3090 1
2664 3598 1
2105 3598 1
442 3598 1
2664 3611 1
2701 2882 1
2635 2882 1
1100 2701 1
588 1256 1
588 1902 1
2234 2239 1
1313 2239 1
802 2239 1
2239 3605 1
2239 2680 1
1627 2239 1
1149 2239 1
2561 2777 1
119 2777 1
2873 3453 1
1833 3453 1
1823 2873 1
179 2572 1
2572 3236 1
1226 2572 1
2572 2830 1
2572 3635 1
1112 2572 1
2428 2572 1
1023 1402 1
1023 2601 1
1023 1578 1
1023 3604 1
237 1226 1
1226 3027 1
237 3236 1
179 237 1
237 2572 1
237 2830 1
237 3635 1
237 1112 1
237 2428 1
1078 2225 1
1126 1627 1
802 1126 1
580 1126 1
1126 2680 1
1126 2234 1
1126 2684 1
1126 1149 1
1126 2494 1
1126 2239 1
448 2219 1
1723 3683 1
1723 1847 1
1223 1723 1
1373 2708 1
2234 3504 1
1313 3504 1
802 3504 1
1126 3504 1
3504 3605 1
2680 3504 1
1627 3504 1
1149 3504 1
2239 3504 1
3191 3269 1
131 2674 1
972 1934 1
972 2806 1
446 1665 1
1665 3632 1
446 2058 1
446 554 1
446 2933 1
739 1977 1
474 739 1
1286 3269 1
1286 3191 1
2773 3178 1
65 2674 1
65 131 1
401 3661 1
536 3235 1
536 729 1
1313 2882 1
2882 3504 1
2882 3605 1
2680 2882 1
2234 2882 1
2239 2882 1
1313 2635 1
1100 1313 1
1313 2701 1
1083 2151 1
271 3626 1
909 2628 1
1310 1475 1
2900 3175 1
909 3703 1
2628 3703 1
1475 2200 1
1310 2200 1
823 3374 1
350 541 1
1672 2783 1
213 271 1
213 3626 1
2389 3394 1
384 2857 1
1560 2061 1
1712 2857 1
384 1712 1
717 926 1
271 568 1
568 3626 1
213 568 1
596 632 1
2447 2783 1
1672 2447 1
2448 3115 1
239 2151 1
239 1083 1
493 1426 1
1740 3505 1
430 2397 1
1439 2363 1
45 3321 1
684 1146 1
1310 1935 1
1935 2200 1
1475 1935 1
796 3514 1
1996 3317 1
1361 3077 1
430 2154 1
2154 2397 1
286 3181 1
658 2363 1
658 1439 1
143 2934 1
499 535 1
867 921 1
1124 2984 1
1105 2783 1
1105 1672 1
1105 2447 1
1740 2397 1
2397 3505 1
1740 2154 1
430 1740 1
811 3820 1
2130 3462 1
961 3584 1
515 794 1
365 2038 1
1466 1826 1
1897 3343 1
654 2842 1
1352 2568 1
440 3787 1
2448 3716 1
3115 3716 1
415 1768 1
647 3421 1
658 3369 1
2363 3369 1
1439 3369 1
790 1367 1
1361 2994 1
2994 3077 1
1146 3321 1
684 3321 1
45 1146 1
1658 2912 1
1316 3030 1
1111 1708 1
1991 2154 1
1740 1991 1
1991 2397 1
430 1991 1
670 800 1
568 1521 1
1521 3626 1
213 1521 1
271 1521 1
2426 2736 1
2842 3821 1
654 3821 1
1466 3597 1
1826 3597 1
1162 1694 1
747 2232 1
2115 3181 1
286 2115 1
33 654 1
33 2842 1
33 3821 1
680 2546 1
941 1726 1
585 2420 1
2857 3041 1
384 3041 1
1712 3041 1
867 2021 1
921 2021 1
647 1729 1
1729 3421 1
1111 1768 1
1708 1768 1
415 1111 1
1819 2628 1
909 1819 1
1819 3703 1
451 3597 1
451 1466 1
451 1826 1
798 1935 1
798 2200 1
798 1475 1
798 1310 1
2447 3006 1
1672 3006 1
1105 3006 1
2783 3006 1
3270 3644 1
54 731 1
1681 2878 1
654 3078 1
33 3078 1
2842 3078 1
3078 3821 1
1699 1935 1
1699 2200 1
1475 1699 1
798 1699 1
1310 1699 1
1232 3013 1
711 1124 1
711 2984 1
529 3584 1
529 961 1
923 3239 1
213 299 1
299 568 1
299 1521 1
299 3626 1
271 299 1
2590 3381 1
1346 3505 1
1346 1740 1
1346 2397 1
2900 3657 1
3175 3657 1
1321 2919 1
1500 3500 1
1232 2115 1
2115 3013 1
1232 3181 1
286 1232 1
526 2114 1
299 3560 1
3560 3626 1
271 3560 1
1521 3560 1
213 3560 1
568 3560 1
1935 2030 1
1699 2030 1
1475 2030 1
1310 2030 1
2030 2200 1
798 2030 1
2546 2900 1
680 2900 1
2546 3657 1
2546 3175 1
1760 2742 1
1883 3736 1
658 1577 1
1577 3369 1
1577 2363 1
1439 1577 1
877 3206 1
2316 3008 1
98 2151 1
98 1083 1
98 239 1
790 1419 1
1367 1419 1
113 909 1
113 1819 1
113 2628 1
113 3703 1
848 3321 1
848 1146 1
684 848 1
45 848 1
4 2842 1
4 33 1
4 3078 1
4 3821 1
4 654 1
1440 1712 1
384 1440 1
1440 2857 1
1440 3041 1
555 1558 1
1158 2017 1
2130 3006 1
3006 3462 1
1672 2130 1
2130 2447 1
1105 2130 1
2130 2783 1
2653 2878 1
1681 2653 1
659 3560 1
659 3626 1
299 659 1
271 659 1
659 1521 1
213 659 1
568 659 1
798 3002 1
1475 3002 1
2030 3002 1
1935 3002 1
1699 3002 1
2200 3002 1
1310 3002 1
2618 2994 1
1361 2618 1
2618 3077 1
296 337 1
4 252 1
33 252 1
252 3078 1
252 3821 1
252 654 1
252 2842 1
596 790 1
632 790 1
596 1419 1
596 1367 1
2111 2541 1
1398 1826 1
1398 1466 1
451 1398 1
1398 3597 1
529 2878 1
2878 3584 1
961 2878 1
529 1681 1
529 2653 1
2200 2653 1
1699 2653 1
2030 2653 1
1935 2653 1
1475 2653 1
1310 2653 1
2653 3002 1
798 2653 1
529 2200 1
1681 2200 1
2200 2878 1
717 3262 1
926 3262 1
1111 2232 1
1768 2232 1
1708 2232 1
415 2232 1
747 1111 1
45 3277 1
848 3277 1
3277 3321 1
1146 3277 1
458 1259 1
409 720 1
3257 3356 1
101 3562 1
1507 3447 1
1841 2236 1
2203 3551 1
517 1510 1
2312 2865 1
1073 1370 1
1856 2074 1
681 3022 1
1650 3588 1
1082 2410 1
3144 3417 1
331 2337 1
310 1388 1
1502 2668 1
2662 3535 1
1994 2402 1
949 1733 1
2402 3106 1
1994 3106 1
1408 1994 1
1408 2402 1
1408 3106 1
1194 3166 1
2715 3022 1
681 2715 1
1994 3311 1
1408 3311 1
2402 3311 1
3106 3311 1
973 3022 1
681 973 1
973 2715 1
486 1947 1
75 1507 1
75 3447 1
2323 2328 1
17 297 1
635 1818 1
1582 3311 1
1408 1582 1
1582 1994 1
1582 3106 1
1582 2402 1
1887 3551 1
1887 2203 1
1073 2626 1
1370 2626 1
2074 2737 1
1856 2737 1
231 3822 1
2833 3298 1
1733 3426 1
949 3426 1
1507 2559 1
75 2559 1
2559 3447 1
623 683 1
2562 3653 1
3324 3402 1
665 3392 1
346 1856 1
346 2737 1
346 2074 1
331 507 1
507 2337 1
1507 1838 1
75 1838 1
1838 2559 1
1838 3447 1
1157 3447 1
75 1157 1
1157 1507 1
1157 1838 1
1157 2559 1
2557 3659 1
1397 3424 1
1733 2326 1
2326 3426 1
949 2326 1
808 2449 1
949 1850 1
1850 3426 1
1733 1850 1
1850 2326 1
681 3562 1
2715 3562 1
973 3562 1
3022 3562 1
101 681 1
999 1388 1
310 999 1
351 1911 1
1157 3140 1
1507 3140 1
75 3140 1
1838 3140 1
3140 3447 1
2559 3140 1
1841 2770 1
2236 2770 1
1474 2583 1
1596 1734 1
2182 3295 1
3065 3368 1
773 3187 1
3390 3707 1
20 1734 1
20 1596 1
517 1348 1
1348 1510 1
2731 2935 1
934 3156 1
773 3069 1
3069 3187 1
808 2366 1
2366 2449 1
30 3780 1
1990 2182 1
1990 3295 1
90 1236 1
1259 2646 1
458 2646 1
2 75 1
2 1507 1
2 3140 1
2 1157 1
2 1838 1
2 3447 1
2 2559 1
298 969 1
75 205 1
2 205 1
205 1507 1
205 3140 1
205 1157 1
205 1838 1
205 3447 1
205 2559 1
458 2188 1
1259 2188 1
2188 2646 1
206 3298 1
206 2833 1
75 3156 1
2 3156 1
1507 3156 1
3140 3156 1
1157 3156 1
205 3156 1
1838 3156 1
3156 3447 1
2559 3156 1
75 934 1
360 3622 1
1415 3021 1
1370 2647 1
1073 2647 1
2626 2647 1
880 2998 1
422 2029 1
176 294 1
1887 2770 1
2203 2770 1
2770 3551 1
1841 1887 1
1887 2236 1
2188 3144 1
458 3144 1
1259 3144 1
2646 3144 1
2188 3417 1
866 3053 1
1385 3760 1
2182 2366 1
1990 2366 1
2366 3295 1
808 2182 1
2182 2449 1
564 1623 1
1385 3390 1
3390 3760 1
1385 3707 1
842 1999 1
2469 2621 1
1953 3192 1
161 2559 1
2 161 1
161 1507 1
161 3140 1
161 1157 1
75 161 1
161 205 1
161 1838 1
161 3156 1
161 3447 1
1116 1960 1
360 665 1
665 3622 1
360 3392 1
756 3291 1
2782 3140 1
161 2782 1
2 2782 1
1507 2782 1
1157 2782 1
75 2782 1
205 2782 1
1838 2782 1
2782 3156 1
2782 3447 1
2559 2782 1
2188 3751 1
3144 3751 1
458 3751 1
1259 3751 1
2646 3751 1
3417 3751 1
1177 1871 1
735 2167 1
1502 1727 1
1727 2668 1
460 1236 1
90 460 1
2188 2621 1
2621 3751 1
2621 3144 1
458 2621 1
1259 2621 1
2621 2646 1
2621 3417 1
2188 2469 1
485 946 1
2547 2737 1
1856 2547 1
2074 2547 1
346 2547 1
101 294 1
294 681 1
294 3562 1
101 176 1
20 1422 1
1422 1596 1
1422 1734 1
3086 3281 1
949 2208 1
2208 3426 1
1850 2208 1
1733 2208 1
2208 2326 1
447 2737 1
447 1856 1
447 2074 1
447 2547 1
346 447 1
206 564 1
564 2833 1
564 3298 1
206 1623 1
3069 3417 1
3187 3417 1
773 3417 1
3069 3751 1
3069 3144 1
2188 3069 1
2621 3069 1
2559 3562 1
161 3562 1
2 3562 1
1507 3562 1
3140 3562 1
1157 3562 1
75 3562 1
205 3562 1
1838 3562 1
3156 3562 1
3447 3562 1
2782 3562 1
101 2559 1
294 2559 1
681 2559 1
973 2559 1
2559 3022 1
2559 2715 1
1900 2794 1
2454 3777 1
176 1392 1
101 1392 1
294 1392 1
820 3684 1
3072 3338 1
3432 3577 1
1271 2376 1
2172 3205 1
1362 3258 1
668 1443 1
227 1810 1
868 1089 1
1412 1908 1
1362 3645 1
3258 3645 1
3342 3570 1
1447 2359 1
545 751 1
1358 2305 1
1271 1663 1
1663 2376 1
936 2753 1
1300 3778 1
2209 3577 1
2209 3432 1
1288 2637 1
1601 1967 1
281 3244 1
668 2244 1
1443 2244 1
2110 2216 1
379 2093 1
3287 3589 1
916 1058 1
221 3715 1
2233 3774 1
857 2804 1
791 3446 1
1291 3168 1
997 3570 1
997 3342 1
1044 1214 1
85 2907 1
1288 1703 1
1703 2637 1
340 3554 1
1291 1981 1
1981 3168 1
1703 3468 1
1288 3468 1
2637 3468 1
2756 2917 1
1411 1601 1
1411 1967 1
827 2529 1
3060 3523 1
189 1412 1
189 1908 1
3284 3570 1
997 3284 1
3284 3342 1
1155 1787 1
676 2288 1
2343 2713 1
868 2699 1
1089 2699 1
1515 2001 1
1275 2459 1
1981 2917 1
2917 3168 1
1291 2917 1
1981 2756 1
418 1741 1
2766 3754 1
2563 3571 1
276 1081 1
369 2233 1
369 3774 1
887 3009 1
369 2286 1
2233 2286 1
2286 3774 1
1822 3602 1
221 3648 1
3648 3715 1
1933 2686 1
128 3009 1
128 887 1
369 1410 1
1410 2233 1
1410 2286 1
1410 3774 1
2766 3168 1
3168 3754 1
1291 2766 1
1981 2766 1
2766 2917 1
2303 2412 1
836 1058 1
836 916 1
279 3019 1
668 2209 1
1443 2209 1
2209 2244 1
668 3432 1
668 3577 1
2488 2639 1
1145 3449 1
1910 3306 1
1520 1789 1
1365 3413 1
712 1121 1
29 1528 1
1365 2803 1
2803 3413 1
1447 3205 1
2359 3205 1
1447 2172 1
3675 3689 1
997 2303 1
2303 3570 1
2303 3284 1
2303 3342 1
997 2412 1
276 1121 1
1081 1121 1
276 712 1
3329 3536 1
3570 3638 1
3284 3638 1
997 3638 1
3342 3638 1
2303 3638 1
791 2305 1
2305 3446 1
791 1358 1
236 335 1
169 2633 1
2228 3329 1
2228 3536 1
1228 3725 1
1575 2753 1
936 1575 1
1300 3694 1
3694 3778 1
1150 2614 1
613 2875 1
1443 3675 1
2244 3675 1
668 3675 1
2209 3675 1
1443 3689 1
355 944 1
1331 2432 1
2045 2686 1
1933 2045 1
3149 3353 1
1447 2515 1
2172 2515 1
2515 3205 1
2359 2515 1
2133 2197 1
3353 3689 1
3149 3689 1
3353 3675 1
1443 3353 1
189 851 1
851 1908 1
851 1412 1
484 3153 1
155 236 1
155 335 1
3153 3490 1
484 3490 1
1443 3361 1
2209 3361 1
2244 3361 1
3361 3689 1
3353 3361 1
3361 3675 1
668 3361 1
2983 3017 1
128 791 1
791 3009 1
791 887 1
128 2305 1
128 1358 1
128 3446 1
3422 3607 1
1452 3526 1
2971 3806 1
809 1086 1
1292 1979 1
2550 3353 1
2550 3361 1
1443 2550 1
2550 3689 1
2550 3149 1
2550 3675 1
1933 3554 1
2045 3554 1
2686 3554 1
340 1933 1
2614 3138 1
1150 3138 1
1150 2305 1
2305 3138 1
2305 2614 1
128 1150 1
1150 1358 1
1150 3446 1
791 1150 1
2862 3490 1
2862 3153 1
484 2862 1
1678 3602 1
1678 1822 1
68 1298 1
849 3258 1
849 1362 1
849 3645 1
820 849 1
849 3684 1
820 3258 1
820 1362 1
820 3645 1
813 1044 1
813 1214 1
340 2892 1
2892 3554 1
1933 2892 1
813 3296 1
1044 3296 1
1214 3296 1
484 1544 1
1544 3153 1
1544 3490 1
1544 2862 1
2436 3664 1
1044 1825 1
1825 3296 1
813 1825 1
1214 1825 1
2185 2683 1
1910 3413 1
3306 3413 1
1910 2803 1
1365 1910 1
2156 2244 1
2156 2209 1
1443 2156 1
2156 3361 1
2156 3675 1
668 2156 1
2218 3594 1
3571 3684 1
2563 3684 1
849 3571 1
820 3571 1
1412 1575 1
851 1575 1
1575 1908 1
189 1575 1
1412 2753 1
936 1412 1
1362 1710 1
849 1710 1
1710 3258 1
820 1710 1
1710 3645 1
418 2637 1
1741 2637 1
418 1288 1
418 3468 1
418 1703 1
484 2110 1
1544 2110 1
2110 3153 1
2110 3490 1
2110 2862 1
484 2216 1
3221 3693 1
1600 3284 1
997 1600 1
1600 3342 1
1600 3570 1
1600 3638 1
1600 2303 1
892 1497 1
675 3755 1
1140 3264 1
1435 2679 1
3216 3815 1
3088 3506 1
2349 2959 1
963 1021 1
3124 3755 1
675 3124 1
2163 2560 1
182 896 1
156 2056 1
871 1491 1
2526 3487 1
532 2487 1
1386 1690 1
2101 2604 1
781 862 1
574 2321 1
1374 1378 1
1469 2491 1
1643 2322 1
2084 2163 1
2084 2560 1
201 3331 1
43 1325 1
761 3331 1
201 761 1
1491 2099 1
871 2099 1
36 509 1
871 2527 1
2099 2527 1
1491 2527 1
137 963 1
137 1021 1
1164 2616 1
2108 2521 1
2688 2791 1
995 1873 1
1021 2527 1
137 2527 1
963 2527 1
871 1021 1
1021 1491 1
1021 2099 1
2791 3800 1
2688 3800 1
304 2997 1
354 3147 1
1446 1956 1
1851 2995 1
675 2758 1
2758 3755 1
2758 3124 1
1224 1739 1
837 3264 1
837 1140 1
1208 2881 1
1989 2744 1
1445 2767 1
1549 2538 1
1468 1667 1
896 3678 1
182 3678 1
892 1140 1
1140 1497 1
892 3264 1
837 892 1
781 2605 1
862 2605 1
1022 1594 1
852 3411 1
1666 2042 1
449 1586 1
1224 1427 1
1427 1739 1
1606 3666 1
391 1808 1
1821 2364 1
1237 1569 1
182 3411 1
896 3411 1
3411 3678 1
182 852 1
1640 2867 1
673 2395 1
2222 3647 1
963 1873 1
137 1873 1
1021 1873 1
1873 2527 1
963 995 1
1046 2576 1
212 1342 1
2595 3411 1
896 2595 1
852 2595 1
2595 3678 1
182 2595 1
1594 1835 1
1022 1835 1
201 3650 1
761 3650 1
3331 3650 1
1561 2750 1
624 2966 1
770 1414 1
963 2969 1
995 2969 1
137 2969 1
1873 2969 1
1021 2969 1
2527 2969 1
2056 3137 1
156 3137 1
652 1324 1
1028 2688 1
1028 3800 1
1028 2791 1
894 2682 1
858 3354 1
1084 3099 1
1469 1890 1
1890 2491 1
1890 3188 1
2491 3188 1
1469 3188 1
1796 2845 1
229 3070 1
1184 3818 1
591 660 1
2313 2364 1
1821 2313 1
896 3335 1
2595 3335 1
3335 3411 1
3335 3678 1
182 3335 1
761 1579 1
201 1579 1
1579 3650 1
1579 3331 1
1873 2967 1
995 2967 1
137 2967 1
963 2967 1
2967 2969 1
1021 2967 1
2527 2967 1
258 1579 1
258 761 1
258 3650 1
258 3331 1
201 258 1
309 1260 1
1586 2538 1
449 2538 1
1549 1586 1
2604 3310 1
2101 3310 1
637 3137 1
637 2056 1
156 637 1
1469 3117 1
1890 3117 1
2491 3117 1
3117 3188 1
1237 1260 1
1260 1569 1
309 1237 1
3198 3487 1
2526 3198 1
336 1342 1
212 336 1
314 1022 1
314 1594 1
314 1835 1
862 943 1
781 943 1
943 2605 1
1491 3198 1
2099 3198 1
1021 3198 1
2527 3198 1
871 3198 1
1491 3487 1
1491 2526 1
34 1403 1
1632 2956 1
652 3502 1
1324 3502 1
1069 1821 1
1069 2313 1
1069 2364 1
1873 3729 1
995 3729 1
137 3729 1
963 3729 1
2967 3729 1
2969 3729 1
1021 3729 1
2527 3729 1
995 2959 1
963 2959 1
1873 2959 1
2959 3729 1
2959 2967 1
2959 2969 1
995 2349 1
1224 3092 1
1739 3092 1
1427 3092 1
989 1021 1
963 989 1
871 989 1
137 989 1
989 1491 1
989 1873 1
989 2099 1
989 2967 1
989 3729 1
989 2969 1
989 3198 1
989 2527 1
367 1643 1
367 2322 1
1978 3485 1
1739 3198 1
1224 3198 1
1427 3198 1
3092 3198 1
871 1739 1
1491 1739 1
989 1739 1
1739 2099 1
1739 3487 1
1021 1739 1
1739 2526 1
1739 2527 1
1325 2890 1
43 2890 1
240 2334 1
1128 1374 1
1128 1378 1
1184 1802 1
1802 3818 1
1643 2585 1
2322 2585 1
367 2585 1
2845 3773 1
1796 3773 1
1722 1798 1
1705 3436 1
178 2364 1
178 2313 1
178 1821 1
178 1069 1
38 3147 1
38 354 1
1714 2816 1
559 2253 1
1655 3817 1
2867 3729 1
1640 3729 1
995 2867 1
137 2867 1
989 2867 1
2867 2959 1
1873 2867 1
963 2867 1
2867 2967 1
2867 2969 1
1021 2867 1
2527 2867 1
2725 2866 1
454 3735 1
2056 3023 1
3023 3137 1
156 3023 1
637 3023 1
2054 2758 1
675 2054 1
2054 3124 1
2054 3755 1
1661 2995 -1
1661 1851 -1
1701 2731 -1
1333 2731 -1
1438 2731 -1
1701 2935 -1
2038 3135 -1
365 3135 -1
2038 2160 -1
1012 2038 -1
317 2038 -1
978 1467 -1
996 1414 -1
1079 1414 -1
770 996 -1
896 1301 -1
1301 2595 -1
1301 3411 -1
1301 3678 -1
182 1301 -1
1301 3335 -1
1350 3602 -1
1350 1678 -1
1350 1822 -1
3231 3302 -1
593 1220 -1
593 1888 -1
593 2112 -1
593 2690 -1
593 1574 -1
593 3274 -1
593 1196 -1
593 2520 -1
457 2604 -1
1257 2604 -1
2421 2604 -1
457 2101 -1
457 3310 -1
29 3625 -1
1528 3625 -1
1104 3526 -1
1104 1452 -1
563 1708 -1
563 1768 -1
563 2232 -1
563 1111 -1
3060 3542 -1
3523 3542 -1
910 1253 -1
1202 2909 -1
1227 2909 -1
1202 1296 -1
2373 2394 -1
1429 2401 -1
1592 2401 -1
2401 3130 -1
2401 3510 -1
2401 3207 -1
633 2179 -1
2179 3656 -1
2179 2629 -1
2179 3710 -1
355 1840 -1
944 1840 -1
1207 3733 -1
3090 3733 -1
2427 3733 -1
39 2841 -1
1303 3535 -1
1303 2662 -1
1040 1106 -1
357 3067 -1
1040 3190 -1
1445 2093 -1
2093 2767 -1
379 1445 -1
2272 3754 -1
2272 3168 -1
2272 2766 -1
2945 3296 -1
1825 2945 -1
1044 2945 -1
813 2945 -1
1214 2945 -1
47 2983 -1
47 3017 -1
267 2332 -1
267 919 -1
267 2548 -1
267 911 -1
908 1493 -1
2108 3055 -1
2521 3055 -1
2859 2966 -1
2210 2966 -1
2407 2966 -1
624 2859 -1
1751 3577 -1
1751 3432 -1
1751 2209 -1
668 1751 -1
57 1374 -1
57 1128 -1
57 1378 -1
16 947 -1
868 3469 -1
1089 3469 -1
2699 3469 -1
868 1357 -1
868 3351 -1
155 677 -1
236 677 -1
335 677 -1
3148 3703 -1
113 3148 -1
1819 3148 -1
2628 3148 -1
909 3148 -1
880 3332 -1
2998 3332 -1
279 2380 -1
2380 3019 -1
1178 3070 -1
229 1178 -1
232 1333 -1
232 1701 -1
232 1438 -1
601 3474 -1
2566 3474 -1
50 601 -1
601 1563 -1
601 2508 -1
601 2285 -1
601 1511 -1
929 1686 -1
1184 1300 -1
1300 3818 -1
1300 1802 -1
1184 3778 -1
1184 3694 -1
28 2998 -1
28 880 -1
854 2014 -1
1184 3066 -1
3066 3818 -1
1802 3066 -1
849 3741 -1
3684 3741 -1
1710 3741 -1
1362 3741 -1
3571 3741 -1
820 3741 -1
3258 3741 -1
3645 3741 -1
849 2137 -1
799 849 -1
2203 3603 -1
2770 3603 -1
1887 3603 -1
3551 3603 -1
2152 2203 -1
2203 3481 -1
1547 2203 -1
2854 2983 -1
1143 2983 -1
2854 3017 -1
3252 3534 -1
1811 3534 -1
506 3493 -1
349 1703 -1
349 1288 -1
349 418 -1
349 3468 -1
349 2637 -1
2748 3554 -1
2748 2892 -1
340 2748 -1
1933 2748 -1
2686 2748 -1
2045 2748 -1
3190 3799 -1
714 2525 -1
714 785 -1
846 2071 -1
2071 2095 -1
2633 2824 -1
169 2824 -1
2633 2666 -1
2248 2589 -1
39 240 -1
39 2334 -1
410 1206 -1
1956 3112 -1
1446 3112 -1
1483 3426 -1
1483 2208 -1
1483 1850 -1
1483 1733 -1
1483 2326 -1
949 1483 -1
3554 3668 -1
2892 3668 -1
340 3668 -1
1933 3668 -1
2686 3668 -1
2045 3668 -1
412 3554 -1
3133 3554 -1
1598 3590 -1
1153 2332 -1
919 1153 -1
1153 2548 -1
911 1153 -1
149 1725 -1
1725 3651 -1
1725 1860 -1
1725 2663 -1
1725 1992 -1
329 1725 -1
1725 2476 -1
1725 3245 -1
1725 3568 -1
1725 2184 -1
1725 2802 -1
1725 3619 -1
1725 3606 -1
1725 2673 -1
1626 1725 -1
149 3016 -1
149 524 -1
149 2846 -1
149 1959 -1
3402 3685 -1
3324 3685 -1
755 757 -1
757 1731 -1
140 757 -1
899 2102 -1
80 2102 -1
586 2102 -1
621 2379 -1
2088 2379 -1
2379 2877 -1
1405 3116 -1
1405 3789 -1
1416 2110 -1
1490 2110 -1
1416 3490 -1
484 1416 -1
1416 3153 -1
1416 2216 -1
1416 2862 -1
1416 1544 -1
470 2156 -1
470 2209 -1
470 1443 -1
470 2244 -1
470 3361 -1
470 3675 -1
470 668 -1
2494 3340 -1
580 3340 -1
1126 3340 -1
1094 3340 -1
689 3340 -1
1627 3340 -1
2684 3340 -1
1149 3340 -1
3354 3611 -1
858 3611 -1
2664 3354 -1
3354 3598 -1
1646 3231 -1
1360 3231 -1
61 3231 -1
387 2250 -1
772 1450 -1
838 1339 -1
801 3379 -1
484 3182 -1
3182 3490 -1
1544 3182 -1
2862 3182 -1
3153 3182 -1
2216 3182 -1
2110 3182 -1
322 484 -1
484 1832 -1
484 1003 -1
484 1780 -1
484 2489 -1
484 2876 -1
484 1183 -1
2831 3326 -1
1923 2680 -1
1313 1923 -1
802 1923 -1
1126 1923 -1
1923 2882 -1
1923 3504 -1
1923 3605 -1
1923 2234 -1
1627 1923 -1
1149 1923 -1
1923 2239 -1
2404 3109 -1
70 87 -1
36 1453 -1
509 1453 -1
1779 3452 -1
1378 2870 -1
1128 2870 -1
1374 2870 -1
846 1722 -1
1722 2095 -1
846 1798 -1
913 949 -1
913 2208 -1
913 3426 -1
913 1850 -1
913 1733 -1
913 2326 -1
3174 3800 -1
3704 3800 -1
2000 3800 -1
2812 3800 -1
3222 3800 -1
2688 3174 -1
1028 3174 -1
2791 3174 -1
868 2352 -1
1089 2352 -1
2352 2699 -1
633 3079 -1
3079 3656 -1
2629 3079 -1
3079 3710 -1
633 2513 -1
2151 3097 -1
98 3097 -1
1083 3097 -1
239 3097 -1
1588 2359 -1
1588 2515 -1
1588 3205 -1
1447 1588 -1
149 1711 -1
1711 3651 -1
1711 1860 -1
1711 2663 -1
1711 1992 -1
329 1711 -1
1711 2476 -1
1711 3245 -1
1711 3568 -1
1711 2184 -1
1711 2802 -1
1711 3619 -1
1711 3606 -1
1711 2673 -1
1626 1711 -1
887 1080 -1
128 1080 -1
1080 3009 -1
791 1080 -1
887 2891 -1
2499 3164 -1
1248 3164 -1
1394 3164 -1
366 3164 -1
3055 3094 -1
2904 3055 -1
1939 3055 -1
3055 3445 -1
3015 3055 -1
2446 3135 -1
2160 2446 -1
1012 2446 -1
317 2446 -1
1195 3733 -1
1930 3733 -1
1395 3733 -1
2445 3733 -1
159 2784 -1
150 3594 -1
3217 3594 -1
3327 3594 -1
150 2218 -1
405 3666 -1
793 3666 -1
405 1606 -1
1467 3561 -1
719 2526 -1
719 1739 -1
719 1491 -1
719 3198 -1
719 3487 -1
330 3063 -1
46 3621 -1
1652 3621 -1
478 3621 -1
1294 2959 -1
2959 3334 -1
1294 2867 -1
995 1294 -1
1294 3729 -1
1294 2349 -1
1294 1873 -1
963 1294 -1
1294 2967 -1
1294 2969 -1
1226 2349 -1
2349 3236 -1
179 2349 -1
2349 2572 -1
237 2349 -1
2349 2830 -1
2349 3635 -1
1112 2349 -1
2349 2428 -1
2349 3027 -1
995 1226 -1
1226 2959 -1
2525 3733 -1
785 3733 -1
1178 2450 -1
405 2716 -1
793 2716 -1
177 362 -1
177 648 -1
177 612 -1
1123 3523 -1
1123 3060 -1
1450 2117 -1
1482 1687 -1
602 3615 -1
2649 3615 -1
2482 3615 -1
389 3615 -1
3477 3615 -1
602 2965 -1
1145 2380 -1
2380 3449 -1
1796 3645 -1
2845 3645 -1
3645 3773 -1
849 1796 -1
1362 1796 -1
820 1796 -1
1796 3258 -1
1710 1796 -1
424 2300 -1
1824 2300 -1
290 2300 -1
453 2300 -1
2300 2710 -1
2300 3068 -1
2300 3293 -1
2300 2718 -1
2300 2591 -1
1722 2467 -1
1798 2467 -1
1722 3564 -1
1040 3178 -1
1040 2773 -1
2918 3137 -1
2056 2918 -1
156 2918 -1
637 2918 -1
2918 3023 -1
86 190 -1
1261 3072 -1
1261 3338 -1
1314 2142 -1
2400 2998 -1
880 2400 -1
1021 2239 -1
2239 2867 -1
963 2239 -1
871 2239 -1
137 2239 -1
1739 2239 -1
1491 2239 -1
1873 2239 -1
2099 2239 -1
2239 2967 -1
2239 3729 -1
2239 2969 -1
989 2239 -1
2239 3198 -1
2239 2527 -1
1021 1313 -1
802 1021 -1
1021 1126 -1
1021 2882 -1
1021 3504 -1
1021 3605 -1
1021 2680 -1
1021 2234 -1
1021 1627 -1
1021 1149 -1
2778 3548 -1
2764 2778 -1
431 2778 -1
2157 2373 -1
919 2616 -1
2332 2616 -1
2548 2616 -1
1269 2616 -1
758 2616 -1
911 2616 -1
919 1164 -1
591 3091 -1
660 3091 -1
3135 3505 -1
2160 3505 -1
1012 3505 -1
317 3505 -1
1346 3135 -1
1740 3135 -1
2397 3135 -1
1711 1764 -1
1711 3761 -1
1442 1711 -1
1875 3179 -1
464 1875 -1
362 673 -1
648 673 -1
612 673 -1
362 2395 -1
2969 3611 -1
963 3611 -1
3611 3729 -1
137 3611 -1
989 3611 -1
2959 3611 -1
1873 3611 -1
995 3611 -1
2967 3611 -1
2867 3611 -1
1021 3611 -1
2527 3611 -1
2664 2969 -1
2969 3598 -1
1570 3642 -1
923 2067 -1
2067 3239 -1
177 321 -1
177 1494 -1
177 2703 -1
2831 3705 -1
2524 2542 -1
329 1739 -1
1739 1992 -1
1739 3568 -1
149 1739 -1
1739 3606 -1
1739 2663 -1
329 2099 -1
329 871 -1
329 1224 -1
329 1427 -1
329 1021 -1
329 1491 -1
329 3092 -1
329 2526 -1
329 2527 -1
329 989 -1
329 3198 -1
329 3487 -1
1253 2358 -1
1486 1677 -1
677 3738 -1
628 3172 -1
628 1909 -1
628 2238 -1
2295 2680 -1
1313 2295 -1
802 2295 -1
1126 2295 -1
2295 2882 -1
2295 3504 -1
2295 3605 -1
2234 2295 -1
1627 2295 -1
1149 2295 -1
2239 2295 -1
2108 3048 -1
2521 3048 -1
760 2108 -1
633 3398 -1
3398 3656 -1
2629 3398 -1
3398 3710 -1
633 777 -1
633 1001 -1
1120 2404 -1
1355 2957 -1
241 949 -1
241 2208 -1
241 3426 -1
241 1850 -1
241 1733 -1
241 2326 -1
2911 3503 -1
1132 1223 -1
1132 3683 -1
1132 1723 -1
1132 2551 -1
1132 1847 -1
1901 1905 -1
1197 1905 -1
471 1905 -1
1030 1901 -1
1901 2422 -1
1810 3668 -1
227 3668 -1
412 1810 -1
1810 3133 -1
2842 3745 -1
33 3745 -1
4 3745 -1
3078 3745 -1
3745 3821 -1
654 3745 -1
252 3745 -1
719 3458 -1
1516 2688 -1
865 2688 -1
1516 3800 -1
1028 1516 -1
1516 2791 -1
1476 1830 -1
290 1476 -1
1476 2718 -1
1629 2409 -1
1478 1729 -1
1478 3421 -1
647 1478 -1
439 2680 -1
439 1313 -1
439 802 -1
439 1126 -1
439 2882 -1
439 3504 -1
439 3605 -1
439 2234 -1
439 1627 -1
439 1149 -1
439 2239 -1
2818 3401 -1
2382 2981 -1
2332 3559 -1
919 3559 -1
2548 3559 -1
911 3559 -1
2359 3747 -1
2515 3747 -1
3205 3747 -1
1447 3747 -1
1303 1370 -1
1073 1303 -1
1303 2626 -1
1303 2647 -1
2105 2633 -1
2633 2664 -1
442 2633 -1
2633 3598 -1
169 2105 -1
1025 1689 -1
323 1689 -1
356 1689 -1
1025 3105 -1
103 1025 -1
144 3570 -1
144 1600 -1
144 997 -1
144 3342 -1
144 3284 -1
144 3638 -1
144 2303 -1
1115 3044 -1
1115 2658 -1
939 1115 -1
1115 3435 -1
466 1115 -1
1115 3533 -1
1115 2221 -1
210 1115 -1
1115 2131 -1
1115 3256 -1
444 1115 -1
1115 3320 -1
518 831 -1
831 2520 -1
831 2690 -1
831 1196 -1
831 1574 -1
2623 3114 -1
776 2380 -1
1159 2384 -1
2384 2584 -1
2240 3178 -1
2240 2773 -1
1697 2543 -1
2273 2630 -1
1188 2273 -1
1765 2273 -1
2273 2695 -1
83 2273 -1
2273 2772 -1
2273 3797 -1
1660 2273 -1
2273 3093 -1
2462 3334 -1
1294 2462 -1
1690 1869 -1
1386 1869 -1
1207 2313 -1
2313 3090 -1
2313 2427 -1
178 1207 -1
1207 2364 -1
1207 1821 -1
1069 1207 -1
3221 3411 -1
3411 3693 -1
896 3221 -1
2595 3221 -1
3221 3335 -1
852 3221 -1
182 3221 -1
3221 3678 -1
633 1716 -1
1716 3656 -1
1716 2629 -1
1716 3710 -1
2322 2892 -1
2585 2892 -1
1643 2892 -1
367 2892 -1
2322 3554 -1
340 2322 -1
1933 2322 -1
622 3211 -1
622 3451 -1
371 1330 -1
2281 3331 -1
201 2281 -1
2281 3650 -1
1579 2281 -1
258 2281 -1
761 2281 -1
2792 2818 -1
676 1927 -1
1927 2288 -1
2462 3337 -1
63 1722 -1
1722 3265 -1
63 1798 -1
1729 3606 -1
3421 3606 -1
647 3606 -1
1729 3651 -1
1729 1860 -1
1729 2663 -1
1729 2184 -1
329 1729 -1
1729 2476 -1
1729 3245 -1
1729 3568 -1
1729 1992 -1
1729 2802 -1
1729 3619 -1
149 1729 -1
1729 2673 -1
1626 1729 -1
371 1115 -1
3258 3668 -1
849 3668 -1
1362 3668 -1
820 3668 -1
3645 3668 -1
1710 3668 -1
412 3258 -1
3133 3258 -1
963 2077 -1
995 2077 -1
2077 3729 -1
137 2077 -1
989 2077 -1
2077 2959 -1
1873 2077 -1
2077 2867 -1
2077 2967 -1
2077 2969 -1
1021 2077 -1
2077 2527 -1
963 1063 -1
302 3306 -1
302 3413 -1
302 1910 -1
1724 2616 -1
1164 1724 -1
2862 3542 -1
1544 3542 -1
3153 3542 -1
3490 3542 -1
484 3542 -1
2110 3542 -1
28 2885 -1
2876 3204 -1
1832 3204 -1
1003 3204 -1
3182 3204 -1
3542 3814 -1
1111 2139 -1
1768 2139 -1
2139 2232 -1
747 2139 -1
1708 2139 -1
415 2139 -1
1457 1660 -1
83 1457 -1
1457 2695 -1
1457 1765 -1
1457 2630 -1
1457 3093 -1
1003 1450 -1
322 1450 -1
1450 1832 -1
1450 3182 -1
1450 1780 -1
1450 2489 -1
1450 2876 -1
1183 1450 -1
3094 3167 -1
2904 3167 -1
1939 3167 -1
3167 3445 -1
3015 3167 -1
331 3378 -1
2337 3378 -1
507 3378 -1
1702 2785 -1
673 2525 -1
2395 2525 -1
673 785 -1
19 34 -1
19 1403 -1
110 1012 -1
3 110 -1
110 1615 -1
110 2160 -1
110 2579 -1
110 2452 -1
110 3727 -1
110 317 -1
110 3135 -1
1872 3609 -1
1669 1872 -1
87 1453 -1
1711 3364 -1
1711 2920 -1
1401 1711 -1
1711 3450 -1
1711 2516 -1
1711 2429 -1
9 1168 -1
1517 1689 -1
1517 3105 -1
103 1517 -1
556 2791 -1
556 2688 -1
556 3800 -1
556 1028 -1
46 760 -1
760 1652 -1
478 760 -1
46 3048 -1
2892 3203 -1
3203 3554 -1
340 3203 -1
1933 3203 -1
1333 1825 -1
1701 1825 -1
1438 1825 -1
1333 3296 -1
1044 1333 -1
813 1333 -1
1214 1333 -1
387 2525 -1
387 785 -1
2378 3452 -1
1446 2624 -1
1956 2624 -1
3755 3816 -1
675 3816 -1
3124 3816 -1
2054 3816 -1
2758 3816 -1
3280 3755 -1
1956 3052 -1
1446 3052 -1
2358 2561 -1
2358 2777 -1
119 2358 -1
1173 3226 -1
2396 2420 -1
585 2396 -1
857 3278 -1
2804 3278 -1
857 1267 -1
375 3311 -1
375 1408 -1
375 1994 -1
375 3106 -1
375 2402 -1
375 1582 -1
2654 3554 -1
2654 2892 -1
340 2654 -1
1933 2654 -1
2654 2686 -1
2045 2654 -1
2009 3735 -1
454 2009 -1
136 1725 -1
136 3016 -1
136 524 -1
136 2846 -1
136 1959 -1
1813 2766 -1
1122 2766 -1
1199 2766 -1
1813 3168 -1
1813 3754 -1
1291 1813 -1
1813 1981 -1
1813 2917 -1
2099 2796 -1
871 2796 -1
1739 2796 -1
1021 2796 -1
1491 2796 -1
989 2796 -1
2796 3198 -1
2527 2796 -1
1222 2099 -1
967 2099 -1
1638 3353 -1
3353 3619 -1
3272 3353 -1
425 3353 -1
3245 3353 -1
816 3353 -1
2484 3353 -1
918 3353 -1
1638 3361 -1
1443 1638 -1
1638 3689 -1
1638 3149 -1
1638 2550 -1
1638 3675 -1
1541 1689 -1
1689 3769 -1
1541 3105 -1
103 1541 -1
2409 2433 -1
110 3774 -1
110 2233 -1
110 1410 -1
110 2286 -1
110 369 -1
348 2543 -1
2184 2373 -1
2242 2373 -1
2373 3651 -1
1860 2373 -1
2373 2476 -1
2373 3245 -1
2373 2673 -1
2373 2802 -1
2373 3619 -1
149 2373 -1
2373 3606 -1
1626 2373 -1
583 762 -1
93 1012 -1
3 93 -1
93 1615 -1
93 2160 -1
93 2579 -1
93 2452 -1
93 3727 -1
93 317 -1
93 3135 -1
2766 3226 -1
3168 3226 -1
3226 3754 -1
1291 3226 -1
1981 3226 -1
2917 3226 -1
148 2067 -1
610 886 -1
2032 3135 -1
2032 2160 -1
1012 2032 -1
317 2032 -1
628 3214 -1
47 3503 -1
858 3452 -1
3354 3452 -1
1640 1958 -1
1958 3729 -1
1958 2867 -1
1046 2525 -1
2525 2576 -1
785 1046 -1
1378 2649 -1
1128 2649 -1
1374 2649 -1
256 1378 -1
602 1378 -1
1378 3477 -1
389 1378 -1
1378 2482 -1
964 1265 -1
964 2213 -1
3191 3800 -1
3269 3800 -1
1286 3800 -1
2688 3191 -1
1028 3191 -1
2791 3191 -1
204 868 -1
818 868 -1
204 1089 -1
204 2699 -1
1908 2630 -1
851 2630 -1
1412 2630 -1
189 2630 -1
1575 2630 -1
1188 1908 -1
1765 1908 -1
1908 2695 -1
83 1908 -1
1908 2772 -1
1908 3797 -1
1660 1908 -1
1908 3093 -1
1725 1789 -1
1789 3016 -1
524 1789 -1
1789 2846 -1
1789 1959 -1
1520 1725 -1
336 1122 -1
212 1122 -1
1122 1342 -1
336 1813 -1
336 1199 -1
484 586 -1
586 3490 -1
586 1544 -1
586 2862 -1
586 3153 -1
586 2216 -1
586 2110 -1
80 484 -1
484 899 -1
1807 3018 -1
724 1807 -1
133 1807 -1
295 2870 -1
2990 3088 -1
2051 3088 -1
2819 3088 -1
1005 3088 -1
2990 3506 -1
1998 2282 -1
840 2282 -1
2282 3682 -1
2904 3799 -1
1939 3799 -1
3445 3799 -1
3094 3799 -1
3015 3799 -1
136 2784 -1
651 3421 -1
651 1729 -1
647 651 -1
251 602 -1
251 2649 -1
251 2482 -1
251 389 -1
251 3477 -1
1016 2338 -1
1330 2270 -1
24 3474 -1
24 50 -1
24 1563 -1
24 2508 -1
24 2285 -1
24 1511 -1
1288 1317 -1
418 1317 -1
1317 3468 -1
1317 2637 -1
1317 1703 -1
132 1467 -1
212 2920 -1
336 2920 -1
1342 2920 -1
212 1401 -1
212 3450 -1
212 3364 -1
212 2429 -1
212 2516 -1
1657 2584 -1
1159 1657 -1
949 2673 -1
2208 2673 -1
2673 3426 -1
1850 2673 -1
1733 2673 -1
2326 2673 -1
949 2242 -1
949 3651 -1
949 1860 -1
949 2184 -1
949 2476 -1
949 3245 -1
949 2802 -1
949 3619 -1
149 949 -1
949 3606 -1
949 1626 -1
2536 3135 -1
2160 2536 -1
1012 2536 -1
317 2536 -1
1686 3009 -1
128 1686 -1
791 1686 -1
887 1686 -1
1807 2840 -1
1807 3672 -1
1451 1807 -1
1807 3501 -1
878 1145 -1
1145 3706 -1
878 3449 -1
32 1469 -1
32 1890 -1
32 2491 -1
32 3188 -1
32 3117 -1
1416 1904 -1
1490 1904 -1
201 985 -1
761 985 -1
985 3650 -1
985 3331 -1
258 985 -1
985 1579 -1
1798 3489 -1
1722 3489 -1
640 1798 -1
1798 2353 -1
1471 1798 -1
1455 1798 -1
3247 3419 -1
908 3278 -1
908 1267 -1
1414 3674 -1
770 3674 -1
209 1958 -1
506 3182 -1
322 506 -1
506 1832 -1
506 1003 -1
506 1780 -1
506 2489 -1
506 2876 -1
506 1183 -1
840 2563 -1
2563 3682 -1
2563 2692 -1
1998 2563 -1
840 3571 -1
840 3684 -1
1173 1898 -1
1173 1272 -1
1173 2645 -1
790 2273 -1
632 2273 -1
1419 2273 -1
596 2273 -1
1367 2273 -1
2959 3269 -1
2867 3269 -1
995 3269 -1
3269 3729 -1
2349 3269 -1
1873 3269 -1
963 3269 -1
2967 3269 -1
2969 3269 -1
1286 2959 -1
2959 3191 -1
2237 2238 -1
2237 3172 -1
1909 2237 -1
260 3337 -1
2376 2442 -1
1663 2442 -1
1271 2442 -1
1649 2616 -1
1164 1649 -1
1711 2414 -1
19 240 -1
19 2334 -1
37 2667 -1
1635 2667 -1
37 2505 -1
2512 2884 -1
1137 3607 -1
1720 3607 -1
417 3607 -1
333 3607 -1
1137 3422 -1
2351 3590 -1
2215 3127 -1
3084 3534 -1
1703 3757 -1
1288 3757 -1
418 3757 -1
3468 3757 -1
2637 3757 -1
123 2576 -1
123 1046 -1
1792 3225 -1
1184 3430 -1
3430 3818 -1
1802 3430 -1
1184 2763 -1
1184 3250 -1
1184 1817 -1
122 1184 -1
1184 2490 -1
1184 3103 -1
640 3799 -1
2353 3799 -1
1455 3799 -1
1471 3799 -1
3489 3799 -1
2403 3164 -1
419 3164 -1
1372 3164 -1
157 3164 -1
372 2467 -1
372 3564 -1
2982 3545 -1
1928 3545 -1
935 3545 -1
116 2982 -1
614 2982 -1
1270 2982 -1
339 359 -1
1869 3379 -1
324 1131 -1
339 2251 -1
362 1046 -1
648 1046 -1
612 1046 -1
362 2576 -1
468 3735 -1
454 468 -1
3175 3338 -1
3338 3657 -1
2546 3338 -1
2900 3338 -1
3072 3175 -1
354 385 -1
385 3147 -1
38 385 -1
2876 3705 -1
1832 3705 -1
1003 3705 -1
3182 3705 -1
2876 3104 -1
1832 3104 -1
1003 3104 -1
3104 3182 -1
1942 2054 -1
675 1942 -1
1942 3124 -1
1942 3755 -1
1942 2758 -1
949 2544 -1
2208 2544 -1
2544 3426 -1
1850 2544 -1
1733 2544 -1
2326 2544 -1
2157 2365 -1
29 47 -1
47 1528 -1
1618 2917 -1
1618 3168 -1
1291 1618 -1
1618 2756 -1
1618 1981 -1
1618 2766 -1
2042 3774 -1
1666 3774 -1
2042 2233 -1
1410 2042 -1
2042 2286 -1
369 2042 -1
857 1261 -1
1261 2804 -1
1830 3018 -1
290 3018 -1
2718 3018 -1
724 1830 -1
133 1830 -1
251 893 -1
251 2670 -1
585 2436 -1
2420 2436 -1
585 3664 -1
610 1511 -1
50 610 -1
610 1563 -1
610 2508 -1
610 3474 -1
610 2285 -1
1157 1362 -1
161 1362 -1
2 1362 -1
1362 1507 -1
1362 3140 -1
1362 3562 -1
75 1362 -1
205 1362 -1
1362 1838 -1
1362 3156 -1
1362 3447 -1
1362 2782 -1
1362 2559 -1
849 1157 -1
1157 3258 -1
820 1157 -1
1157 3645 -1
1157 1710 -1
1862 2616 -1
1164 1862 -1
2665 3060 -1
2523 3060 -1
167 3060 -1
2665 3523 -1
2249 3276 -1
426 1261 -1
342 3067 -1
1032 3067 -1
1609 3067 -1
2896 3117 -1
1890 2896 -1
2491 2896 -1
2896 3188 -1
1469 2896 -1
478 1414 -1
1414 1652 -1
46 1414 -1
478 770 -1
524 1452 -1
1452 1725 -1
1452 2846 -1
524 3526 -1
2094 2758 -1
1190 2758 -1
2631 2758 -1
2217 2758 -1
82 2758 -1
233 2758 -1
2758 3098 -1
675 2094 -1
2094 3124 -1
2094 3755 -1
2054 2094 -1
6 1808 -1
6 391 -1
849 1172 -1
1172 3684 -1
1172 1710 -1
1172 1362 -1
1172 3571 -1
820 1172 -1
1172 3258 -1
1172 3645 -1
849 1526 -1
2000 3337 -1
3337 3704 -1
2812 3337 -1
3174 3337 -1
3222 3337 -1
12 39 -1
93 3534 -1
182 3340 -1
896 3340 -1
2595 3340 -1
3335 3340 -1
3340 3411 -1
852 3340 -1
3340 3678 -1
2641 2812 -1
2641 3704 -1
2000 2641 -1
2641 3174 -1
2641 3222 -1
1771 2383 -1
2289 2383 -1
2383 2497 -1
3 314 -1
314 2311 -1
314 2951 -1
314 1615 -1
314 2160 -1
314 2579 -1
314 1012 -1
314 2452 -1
314 3727 -1
3 1594 -1
3 1835 -1
3 1022 -1
3221 3729 -1
3693 3729 -1
2867 3221 -1
995 3221 -1
1640 3221 -1
137 3221 -1
989 3221 -1
2959 3221 -1
1873 3221 -1
963 3221 -1
2967 3221 -1
2969 3221 -1
1021 3221 -1
2527 3221 -1
1796 2907 -1
2845 2907 -1
2907 3773 -1
85 1796 -1
1493 2604 -1
1493 2101 -1
1493 3310 -1
857 3226 -1
2804 3226 -1
542 2896 -1
1830 2661 -1
290 2661 -1
2661 2718 -1
254 2957 -1
604 887 -1
128 604 -1
604 3009 -1
604 791 -1
2443 2918 -1
1904 3548 -1
1904 2764 -1
431 1904 -1
854 3701 -1
854 2914 -1
854 1877 -1
1452 1716 -1
1716 3526 -1
2465 3337 -1
3337 3658 -1
100 3337 -1
833 3078 -1
2481 3078 -1
906 3078 -1
874 3078 -1
2493 3078 -1
33 833 -1
4 833 -1
833 3821 -1
654 833 -1
833 2842 -1
252 833 -1
2617 2633 -1
169 2617 -1
1807 2779 -1
1531 1807 -1
588 2651 -1
1256 2651 -1
1902 2651 -1
1940 2616 -1
1164 1940 -1
2071 2319 -1
2071 3162 -1
2071 2075 -1
2071 3054 -1
398 2071 -1
1183 2373 -1
2373 2489 -1
322 2373 -1
1003 2373 -1
1780 2373 -1
2373 3182 -1
840 3296 -1
3296 3682 -1
2692 3296 -1
1998 3296 -1
840 1825 -1
840 1044 -1
813 840 -1
840 1214 -1
1229 2680 -1
1229 1313 -1
802 1229 -1
1126 1229 -1
1229 2882 -1
1229 3504 -1
1229 3605 -1
1229 2234 -1
1229 1627 -1
1149 1229 -1
1229 2239 -1
424 2969 -1
1824 2969 -1
290 2969 -1
453 2969 -1
2710 2969 -1
2969 3068 -1
2969 3293 -1
2718 2969 -1
2591 2969 -1
424 963 -1
424 3729 -1
137 424 -1
424 989 -1
424 2959 -1
424 1873 -1
424 995 -1
424 2967 -1
424 2867 -1
424 1021 -1
424 2527 -1
613 3498 -1
2875 3498 -1
2131 2237 -1
2237 3256 -1
2237 2658 -1
2237 3044 -1
86 1598 -1
648 3207 -1
362 3207 -1
612 3207 -1
1254 3207 -1
648 1592 -1
648 3130 -1
648 1429 -1
648 3510 -1
1317 3536 -1
1317 3329 -1
1317 2228 -1
471 612 -1
612 1901 -1
612 1197 -1
471 648 -1
362 471 -1
471 1254 -1
2270 2803 -1
1365 2270 -1
1910 2270 -1
2270 3413 -1
159 2764 -1
159 3548 -1
159 431 -1
1771 2396 -1
2289 2396 -1
2396 2497 -1
468 1798 -1
468 1722 -1
1810 2703 -1
227 2703 -1
321 1810 -1
1494 1810 -1
1453 1983 -1
2624 2862 -1
1544 2624 -1
2624 3153 -1
2624 3490 -1
484 2624 -1
2110 2624 -1
1858 3337 -1
387 2239 -1
387 1313 -1
387 802 -1
387 1126 -1
387 2882 -1
387 3504 -1
387 3605 -1
387 2680 -1
387 2234 -1
387 1627 -1
387 1149 -1
2639 3056 -1
2488 3056 -1
2234 2243 -1
1313 2243 -1
802 2243 -1
1126 2243 -1
2243 2882 -1
2243 3504 -1
2243 3605 -1
2243 2680 -1
1627 2243 -1
1149 2243 -1
2239 2243 -1
1418 1531 -1
125 1531 -1
1531 1535 -1
1418 2779 -1
1180 3755 -1
3000 3755 -1
1161 3755 -1
2204 3755 -1
3319 3755 -1
675 1180 -1
1180 3124 -1
1180 2054 -1
1180 2758 -1
3070 3186 -1
229 3186 -1
3070 3788 -1
2751 3590 -1
621 3474 -1
2088 3474 -1
2877 3474 -1
50 621 -1
621 1563 -1
621 2508 -1
621 2285 -1
621 1511 -1
601 2141 -1
2141 2566 -1
1622 2221 -1
939 1622 -1
1622 3435 -1
1622 3044 -1
1622 2155 -1
466 1622 -1
1622 3320 -1
210 1622 -1
1622 3256 -1
444 1622 -1
155 664 -1
236 664 -1
335 664 -1
438 1414 -1
341 1414 -1
438 770 -1
1760 1764 -1
1764 2742 -1
1760 3761 -1
1442 1760 -1
274 348 -1
502 2215 -1
2665 2875 -1
2523 2875 -1
167 2875 -1
613 2665 -1
3326 3376 -1
1044 1893 -1
1893 3296 -1
1825 1893 -1
813 1893 -1
1214 1893 -1
1724 1973 -1
2071 3004 -1
2071 2953 -1
2071 3139 -1
843 2071 -1
55 2071 -1
211 3135 -1
211 2160 -1
211 1012 -1
211 317 -1
2375 2761 -1
3167 3799 -1
2366 3685 -1
808 3685 -1
2449 3685 -1
1990 3685 -1
2182 3685 -1
3295 3685 -1
1778 3783 -1
2168 3783 -1
1134 1778 -1
1742 3674 -1
622 2436 -1
622 3664 -1
1818 3542 -1
635 3542 -1
2077 3052 -1
1063 3052 -1
1303 1724 -1
1983 2870 -1
1491 3693 -1
871 3693 -1
1739 3693 -1
989 3693 -1
2099 3693 -1
2526 3693 -1
2527 3693 -1
1021 3693 -1
3198 3693 -1
3487 3693 -1
1491 3221 -1
139 2359 -1
1793 2359 -1
2359 3763 -1
139 2515 -1
139 3205 -1
139 1447 -1
1705 2480 -1
2480 3436 -1
1445 2776 -1
2767 2776 -1
1289 1445 -1
1445 3165 -1
1958 3600 -1
1140 3694 -1
3264 3694 -1
1497 3694 -1
892 3694 -1
837 3694 -1
1140 3778 -1
1140 1300 -1
2274 2584 -1
1159 2274 -1
36 2852 -1
509 2852 -1
2404 3101 -1
242 2404 -1
532 1601 -1
1601 2487 -1
532 1411 -1
532 1967 -1
1784 3518 -1
1123 2665 -1
1123 2523 -1
167 1123 -1
859 1830 -1
1830 2977 -1
1830 3461 -1
290 859 -1
859 2718 -1
2776 2778 -1
1289 2778 -1
2778 3165 -1
2564 3590 -1
1261 3470 -1
2349 2886 -1
995 2886 -1
2886 2959 -1
209 949 -1
209 2208 -1
209 3426 -1
209 1850 -1
209 1733 -1
209 2326 -1
978 2433 -1
57 209 -1
10 3603 -1
10 2152 -1
10 3481 -1
10 1547 -1
1131 3042 -1
1282 2248 -1
1389 1789 -1
1789 2625 -1
1789 2348 -1
1389 1520 -1
1178 2490 -1
122 1178 -1
1178 2763 -1
1178 3250 -1
1178 3430 -1
1178 3103 -1
641 3191 -1
641 3269 -1
641 1286 -1
2250 2956 -1
1632 2250 -1
2896 3137 -1
2056 2896 -1
156 2896 -1
637 2896 -1
2896 3023 -1
293 964 -1
2881 2903 -1
1208 2903 -1
676 3665 -1
2288 3665 -1
11 676 -1
463 676 -1
676 2333 -1
676 1381 -1
1963 2423 -1
190 3521 -1
941 2067 -1
1726 2067 -1
38 57 -1
57 354 -1
57 3147 -1
3097 3317 -1
1996 3097 -1
375 1283 -1
375 1222 -1
375 967 -1
2332 2609 -1
919 2609 -1
2548 2609 -1
911 2609 -1
265 2957 -1
1479 2503 -1
362 3800 -1
648 3800 -1
612 3800 -1
362 2688 -1
362 1028 -1
362 2791 -1
2409 3121 -1
964 3437 -1
1450 1938 -1
348 862 -1
348 943 -1
348 781 -1
348 2605 -1
1333 3602 -1
1701 3602 -1
1438 3602 -1
1333 1678 -1
1333 1822 -1
1446 2093 -1
1956 2093 -1
379 1446 -1
868 3395 -1
1089 3395 -1
2699 3395 -1
3203 3645 -1
849 3203 -1
1362 3203 -1
820 3203 -1
3203 3258 -1
1710 3203 -1
3278 3311 -1
1267 3311 -1
1408 3278 -1
1994 3278 -1
3106 3278 -1
2402 3278 -1
1582 3278 -1
641 645 -1
641 1436 -1
344 1703 -1
1703 3163 -1
1692 1703 -1
344 1288 -1
344 418 -1
344 3468 -1
344 2637 -1
676 2976 -1
2288 2976 -1
648 2131 -1
362 2131 -1
612 2131 -1
1254 2131 -1
648 3256 -1
648 2658 -1
648 3044 -1
1446 3426 -1
1956 3426 -1
1446 2208 -1
1446 1850 -1
1446 1733 -1
1446 2326 -1
949 1446 -1
240 1942 -1
1942 2334 -1
241 2248 -1
1617 1728 -1
1617 2697 -1
835 1617 -1
1617 3197 -1
1617 1647 -1
1617 2013 -1
966 2969 -1
945 2969 -1
963 966 -1
966 3729 -1
137 966 -1
966 989 -1
966 2959 -1
966 1873 -1
966 995 -1
966 2967 -1
966 2867 -1
966 1021 -1
966 2527 -1
1650 3332 -1
3332 3588 -1
1927 3300 -1
2237 3336 -1
363 2624 -1
1445 2624 -1
2624 2767 -1
1198 1792 -1
3048 3094 -1
760 3094 -1
2904 3048 -1
1939 3048 -1
3048 3445 -1
3015 3048 -1
369 1137 -1
1137 2233 -1
1137 1410 -1
1137 2286 -1
1137 3774 -1
369 1720 -1
369 417 -1
333 369 -1
857 2973 -1
2804 2973 -1
857 2864 -1
311 893 -1
311 2670 -1
2222 2859 -1
2859 3647 -1
2210 2222 -1
2222 2407 -1
336 2348 -1
212 2348 -1
1342 2348 -1
336 2625 -1
336 1389 -1
2864 3300 -1
2973 3300 -1
696 2576 -1
696 1046 -1
2845 3625 -1
1796 3625 -1
3625 3773 -1
2546 3097 -1
680 3097 -1
3097 3657 -1
2900 3097 -1
3097 3175 -1
1210 3099 -1
1084 1210 -1
1807 3517 -1
39 2604 -1
39 2101 -1
39 3310 -1
1827 2981 -1
3433 3542 -1
1792 3278 -1
1267 1792 -1
2423 2604 -1
2101 2423 -1
2423 3310 -1
318 1383 -1
2483 3300 -1
1920 3300 -1
3243 3300 -1
506 1154 -1
506 1336 -1
46 913 -1
913 1652 -1
478 913 -1
1702 3245 -1
1702 3651 -1
1702 1860 -1
918 1702 -1
1638 1702 -1
1702 2673 -1
1702 2184 -1
425 1702 -1
1702 2476 -1
816 1702 -1
1702 3272 -1
1702 2802 -1
1702 3619 -1
1702 2484 -1
149 1702 -1
1702 3606 -1
1626 1702 -1
259 624 -1
259 2966 -1
7 2108 -1
1165 2108 -1
7 2521 -1
1132 2859 -1
1132 2210 -1
1132 2407 -1
1955 2969 -1
963 1955 -1
1955 3729 -1
137 1955 -1
989 1955 -1
1955 2959 -1
1873 1955 -1
995 1955 -1
1955 2967 -1
1955 2867 -1
1021 1955 -1
1955 2527 -1
2563 2973 -1
2973 3571 -1
2973 3684 -1
2563 2864 -1
347 3036 -1
347 3073 -1
347 2162 -1
2228 3671 -1
3536 3671 -1
3329 3671 -1
1262 2434 -1
2604 2906 -1
2101 2906 -1
2906 3310 -1
214 2066 -1
1267 2359 -1
2359 3278 -1
1267 2515 -1
1267 3205 -1
1267 1447 -1
175 2758 -1
175 675 -1
175 3124 -1
175 3755 -1
175 2054 -1
151 1689 -1
1689 2523 -1
1689 3813 -1
167 1689 -1
1689 2581 -1
1689 2235 -1
1689 2693 -1
151 3105 -1
103 151 -1
1174 2359 -1
1174 2515 -1
1174 3205 -1
1174 1447 -1
2175 3376 -1
1104 2676 -1
332 357 -1
1798 1919 -1
1722 1919 -1
964 3315 -1
318 2778 -1
3 2604 -1
2311 2604 -1
2604 2951 -1
1615 2604 -1
2160 2604 -1
2579 2604 -1
1012 2604 -1
2452 2604 -1
2604 3727 -1
3 2101 -1
3 3310 -1
2361 2373 -1
1145 2876 -1
2876 3449 -1
1145 1832 -1
1003 1145 -1
1145 3182 -1
1654 3817 -1
1654 1655 -1
342 2099 -1
1032 2099 -1
1609 2099 -1
342 871 -1
342 1739 -1
342 1021 -1
342 1491 -1
342 989 -1
342 3198 -1
342 2527 -1
2404 3048 -1
760 2404 -1
1445 3536 -1
2767 3536 -1
1445 3329 -1
1445 2228 -1
1666 3025 -1
2042 3025 -1
42 1534 -1
42 2057 -1
850 2296 -1
405 894 -1
793 894 -1
405 2682 -1
583 2348 -1
583 2625 -1
583 1389 -1
1810 3225 -1
227 3225 -1
1206 2490 -1
122 1206 -1
1206 2763 -1
1206 3250 -1
1206 3430 -1
1206 3103 -1
1792 2367 -1
543 1792 -1
16 1973 -1
621 3172 -1
2088 3172 -1
2877 3172 -1
621 1909 -1
621 2238 -1
612 2179 -1
648 2179 -1
362 2179 -1
1254 2179 -1
857 1638 -1
1638 2804 -1
857 3619 -1
857 3272 -1
425 857 -1
857 3245 -1
816 857 -1
857 2484 -1
857 918 -1
1146 3350 -1
848 3350 -1
3321 3350 -1
684 3350 -1
45 3350 -1
3277 3350 -1
86 1109 -1
16 2066 -1
868 1261 -1
1089 1261 -1
1261 2699 -1
241 616 -1
241 3758 -1
2401 2639 -1
2401 2488 -1
2429 2995 -1
2920 2995 -1
1401 2995 -1
2995 3450 -1
2995 3364 -1
2516 2995 -1
1851 2429 -1
1262 1893 -1
388 1729 -1
388 3421 -1
388 647 -1
2976 3017 -1
2976 2983 -1
749 2129 -1
1625 2129 -1
2129 2259 -1
833 3462 -1
2481 3462 -1
906 3462 -1
874 3462 -1
2493 3462 -1
833 2130 -1
833 3006 -1
364 385 -1
526 3338 -1
2114 3338 -1
526 3072 -1
219 1416 -1
219 1490 -1
240 1958 -1
1958 2334 -1
2273 3654 -1
46 3772 -1
1652 3772 -1
478 3772 -1
46 353 -1
1660 2662 -1
83 2662 -1
2662 2695 -1
1765 2662 -1
2630 2662 -1
2662 3093 -1
1660 3535 -1
964 3222 -1
964 3704 -1
964 2000 -1
964 2812 -1
964 3174 -1
639 648 -1
648 744 -1
362 639 -1
612 639 -1
639 1254 -1
639 2237 -1
744 2237 -1
93 3786 -1
182 3174 -1
896 3174 -1
2595 3174 -1
3174 3335 -1
3174 3411 -1
852 3174 -1
3174 3678 -1
182 3704 -1
182 2000 -1
182 2812 -1
182 3222 -1
2684 2886 -1
1126 2886 -1
1627 2886 -1
580 2886 -1
1149 2886 -1
2494 2886 -1
534 1262 -1
251 1696 -1
251 2347 -1
859 3715 -1
2977 3715 -1
3461 3715 -1
859 3648 -1
221 859 -1
387 556 -1
2052 2054 -1
675 2052 -1
2052 3124 -1
2052 3755 -1
2052 2758 -1
212 3731 -1
336 3731 -1
1342 3731 -1
212 1130 -1
1191 1708 -1
1191 1768 -1
1191 2232 -1
1111 1191 -1
405 1570 -1
793 1570 -1
617 3735 -1
454 617 -1
439 1106 -1
322 2108 -1
2108 2489 -1
1003 2108 -1
1780 2108 -1
2108 3182 -1
1183 2108 -1
322 2521 -1
1689 3767 -1
3105 3767 -1
103 3767 -1
212 2278 -1
336 2278 -1
1342 2278 -1
1204 2998 -1
880 1204 -1
1033 1978 -1
1033 3485 -1
484 2157 -1
2157 3490 -1
1544 2157 -1
2157 2862 -1
2157 3153 -1
2157 2216 -1
2110 2157 -1
1063 3458 -1
2077 3458 -1
3490 3671 -1
1544 3671 -1
3153 3671 -1
484 3671 -1
2110 3671 -1
2862 3671 -1
1810 2654 -1
227 2654 -1
837 1516 -1
1516 3264 -1
892 1516 -1
1140 1516 -1
837 865 -1
1452 3064 -1
3064 3526 -1
1303 1334 -1
663 3729 -1
663 2867 -1
663 995 -1
663 1640 -1
137 663 -1
663 989 -1
663 2959 -1
663 1873 -1
663 963 -1
663 2967 -1
663 2969 -1
663 1021 -1
663 2527 -1
293 896 -1
293 2595 -1
293 3411 -1
293 3678 -1
182 293 -1
293 3335 -1
1452 3054 -1
3054 3526 -1
1452 3162 -1
1452 2075 -1
398 1452 -1
1452 2319 -1
1303 2205 -1
1678 3421 -1
3421 3602 -1
1822 3421 -1
1678 1729 -1
647 1678 -1
1446 1818 -1
1818 1956 -1
635 1446 -1
1425 1445 -1
1425 2767 -1
1822 1978 -1
1978 3602 -1
1678 1978 -1
1822 3485 -1
1450 1458 -1
833 1284 -1
1284 2481 -1
906 1284 -1
874 1284 -1
1284 2493 -1
2234 2240 -1
1313 2240 -1
802 2240 -1
1126 2240 -1
2240 2882 -1
2240 3504 -1
2240 3605 -1
2240 2680 -1
1627 2240 -1
1149 2240 -1
2239 2240 -1
1195 3370 -1
1930 3370 -1
1395 3370 -1
2445 3370 -1
1220 3799 -1
1888 3799 -1
2112 3799 -1
2690 3799 -1
1574 3799 -1
3274 3799 -1
1196 3799 -1
2520 3799 -1
2216 2876 -1
2110 2876 -1
1832 2216 -1
1003 2216 -1
349 1381 -1
349 3665 -1
11 349 -1
349 2333 -1
349 463 -1
1329 1687 -1
1708 1937 -1
1768 1937 -1
1937 2232 -1
1111 1937 -1
1601 3203 -1
1411 3203 -1
1967 3203 -1
3 3023 -1
2311 3023 -1
2951 3023 -1
1615 3023 -1
2160 3023 -1
2579 3023 -1
1012 3023 -1
2452 3023 -1
3023 3727 -1
3 2056 -1
3 3137 -1
3 156 -1
3 637 -1
2294 3070 -1
229 2294 -1
2420 3350 -1
585 3350 -1
1168 3595 -1
2129 2564 -1
2184 2404 -1
2242 2404 -1
2404 3651 -1
1860 2404 -1
2404 2476 -1
2404 3245 -1
2404 2673 -1
2404 2802 -1
2404 3619 -1
149 2404 -1
2404 3606 -1
1626 2404 -1
2225 2240 -1
1078 2240 -1
1084 1639 -1
1639 3099 -1
2219 2956 -1
448 2956 -1
1632 2219 -1
2589 2998 -1
880 2589 -1
4 185 -1
33 185 -1
185 3078 -1
185 3821 -1
185 654 -1
185 2842 -1
185 252 -1
4 656 -1
4 2226 -1
4 1484 -1
4 3286 -1
4 1127 -1
1460 2387 -1
622 3419 -1
1739 2480 -1
2099 2480 -1
871 2480 -1
1224 2480 -1
1427 2480 -1
1021 2480 -1
1491 2480 -1
2480 3092 -1
2480 2526 -1
2480 2527 -1
989 2480 -1
2480 3198 -1
2480 3487 -1
1495 3009 -1
603 3009 -1
128 1495 -1
791 1495 -1
887 1495 -1
96 3297 -1
1681 1764 -1
1764 2200 -1
529 1764 -1
1764 2653 -1
1764 2878 -1
1681 3761 -1
1442 1681 -1
304 2859 -1
2859 2997 -1
304 2210 -1
304 2407 -1
1161 3799 -1
3000 3799 -1
2204 3799 -1
1180 3799 -1
1317 2597 -1
2303 3225 -1
1600 3225 -1
997 3225 -1
2412 3225 -1
3225 3342 -1
3225 3570 -1
3225 3284 -1
3225 3638 -1
3433 3523 -1
3060 3433 -1
1172 2766 -1
1526 2766 -1
1172 3168 -1
1172 3754 -1
1172 1291 -1
1172 1981 -1
1172 2917 -1
2576 2624 -1
1046 2624 -1
375 3267 -1
375 2611 -1
1139 3388 -1
1497 2726 -1
1140 2726 -1
892 2726 -1
329 2398 -1
1992 2398 -1
2398 3568 -1
149 2398 -1
2398 3606 -1
2398 2663 -1
1689 2393 -1
2393 3105 -1
103 2393 -1
1888 3164 -1
2112 3164 -1
2690 3164 -1
1220 3164 -1
1574 3164 -1
3164 3274 -1
1196 3164 -1
2520 3164 -1
645 2480 -1
1436 2480 -1
353 3590 -1
3590 3772 -1
347 1843 -1
347 480 -1
347 569 -1
347 1730 -1
332 347 -1
1084 1600 -1
1600 3099 -1
997 1084 -1
1084 3342 -1
1084 3570 -1
1084 3284 -1
1084 3638 -1
1084 2303 -1
1137 1240 -1
1240 1720 -1
417 1240 -1
333 1240 -1
1494 3521 -1
321 3521 -1
2703 3521 -1
355 1813 -1
944 1813 -1
355 1122 -1
355 1199 -1
3231 3665 -1
11 3231 -1
463 3231 -1
2333 3231 -1
1381 3231 -1
2682 2859 -1
894 2859 -1
2210 2682 -1
2407 2682 -1
502 1185 -1
1651 2409 -1
1710 2824 -1
849 2824 -1
1362 2824 -1
820 2824 -1
2824 3258 -1
2824 3645 -1
1710 2666 -1
50 2231 -1
2231 3474 -1
1563 2231 -1
2231 2508 -1
2231 2285 -1
1511 2231 -1
50 920 -1
50 2880 -1
50 686 -1
1417 3774 -1
1417 2233 -1
1410 1417 -1
1417 2286 -1
369 1417 -1
2563 3542 -1
3542 3571 -1
3542 3684 -1
180 1383 -1
2665 2778 -1
2523 2778 -1
167 2778 -1
1689 2121 -1
2121 3105 -1
103 2121 -1
1328 1355 -1
289 2721 -1
108 2721 -1
289 3480 -1
289 2456 -1
289 2930 -1
289 725 -1
289 3366 -1
363 2665 -1
363 2523 -1
167 363 -1
149 1677 -1
1677 3651 -1
1677 1860 -1
1677 2663 -1
1677 1992 -1
329 1677 -1
1677 2476 -1
1677 3245 -1
1677 3568 -1
1677 2184 -1
1677 2802 -1
1677 3619 -1
1677 3606 -1
1677 2673 -1
1626 1677 -1
47 49 -1
2396 3175 -1
2396 3657 -1
2396 2546 -1
2396 2900 -1
719 1074 -1
39 229 -1
39 3070 -1
1434 1729 -1
1434 3421 -1
647 1434 -1
241 602 -1
241 2649 -1
241 2482 -1
241 389 -1
241 3477 -1
1161 1178 -1
1178 3000 -1
1178 2204 -1
1178 1180 -1
212 251 -1
251 336 -1
251 1342 -1
1226 3666 -1
3236 3666 -1
179 3666 -1
2572 3666 -1
237 3666 -1
2830 3666 -1
3635 3666 -1
1112 3666 -1
2428 3666 -1
3027 3666 -1
1226 1606 -1
1207 2240 -1
2240 3090 -1
2240 2427 -1
185 660 -1
656 660 -1
660 2226 -1
660 1484 -1
660 3286 -1
660 1127 -1
185 591 -1
977 3685 -1
1366 2665 -1
1366 2523 -1
167 1366 -1
1022 3186 -1
1594 3186 -1
1835 3186 -1
314 3186 -1
1022 3788 -1
2488 2876 -1
2639 2876 -1
1832 2488 -1
1003 2488 -1
2488 3182 -1
1422 1660 -1
1596 1660 -1
20 1660 -1
1660 1734 -1
83 1422 -1
1422 2695 -1
1422 1765 -1
1422 2630 -1
1422 3093 -1
1748 3353 -1
1748 3361 -1
1443 1748 -1
1748 3689 -1
1748 3149 -1
1748 2550 -1
1748 3675 -1
2373 3036 -1
2373 3073 -1
2162 2373 -1
1452 3243 -1
3243 3526 -1
1452 1920 -1
1452 2483 -1
616 3615 -1
3615 3758 -1
616 2965 -1
1307 3735 -1
300 3735 -1
454 1307 -1
524 648 -1
648 1725 -1
648 2846 -1
362 524 -1
524 612 -1
524 1254 -1
799 2099 -1
2099 2137 -1
2099 3741 -1
799 871 -1
799 1739 -1
799 1021 -1
799 1491 -1
799 989 -1
799 3198 -1
799 2527 -1
387 2480 -1
336 1054 -1
212 1054 -1
1054 1342 -1
336 778 -1
336 567 -1
1319 3542 -1
964 1165 -1
7 964 -1
2688 2886 -1
2886 3800 -1
1028 2886 -1
2791 2886 -1
2234 3164 -1
1313 3164 -1
802 3164 -1
1126 3164 -1
2882 3164 -1
3164 3504 -1
3164 3605 -1
2680 3164 -1
1627 3164 -1
1149 3164 -1
2239 3164 -1
295 3690 -1
318 1131 -1
2511 2831 -1
1943 1958 -1
1571 1796 -1
1571 2845 -1
1571 3773 -1
1445 3424 -1
2767 3424 -1
1397 1445 -1
1342 3642 -1
336 3642 -1
212 3642 -1
3306 3501 -1
3413 3501 -1
1910 3501 -1
2840 3306 -1
3306 3672 -1
1451 3306 -1
2904 3338 -1
1939 3338 -1
3338 3445 -1
3094 3338 -1
3015 3338 -1
2904 3072 -1
686 1729 -1
920 1729 -1
1729 2880 -1
1729 2987 -1
1729 2317 -1
1729 2231 -1
686 3421 -1
647 686 -1
1849 2332 -1
619 2332 -1
142 2332 -1
919 1849 -1
1849 2548 -1
911 1849 -1
69 2995 -1
434 2995 -1
718 2995 -1
69 1851 -1
905 2375 -1
325 3019 -1
279 325 -1
155 2477 -1
236 2477 -1
335 2477 -1
2480 3326 -1
2394 3036 -1
2394 3073 -1
2162 2394 -1
1414 3774 -1
770 3774 -1
1414 2233 -1
1410 1414 -1
1414 2286 -1
369 1414 -1
622 1207 -1
622 3090 -1
622 2427 -1
618 624 -1
618 2966 -1
1022 1893 -1
1594 1893 -1
1835 1893 -1
314 1893 -1
278 2995 -1
278 1851 -1
1445 3447 -1
2767 3447 -1
161 1445 -1
2 1445 -1
1445 1507 -1
1445 3140 -1
1157 1445 -1
1445 3562 -1
75 1445 -1
205 1445 -1
1445 1838 -1
1445 3156 -1
1445 2782 -1
1445 2559 -1
2116 3042 -1
1183 1798 -1
1798 2489 -1
322 1798 -1
1003 1798 -1
1780 1798 -1
1798 3182 -1
1183 1722 -1
846 1700 -1
1700 2095 -1
36 1960 -1
509 1960 -1
36 1116 -1
908 2792 -1
1736 3571 -1
849 1736 -1
1736 2563 -1
1736 3684 -1
820 1736 -1
3225 3300 -1
613 2560 -1
2560 2875 -1
613 2163 -1
613 2084 -1
177 385 -1
1118 3715 -1
1118 3648 -1
221 1118 -1
274 3025 -1
1314 2401 -1
1810 1998 -1
227 1998 -1
840 1810 -1
1810 3682 -1
1764 3038 -1
3038 3761 -1
1442 3038 -1
1254 3315 -1
648 3315 -1
612 3315 -1
2514 3135 -1
2160 2514 -1
1012 2514 -1
317 2514 -1
