679 2728 1
1512 1597 1
126 141 1
1610 3026 1
158 472 1
1176 2165 1
269 3171 1
1205 2730 1
2340 2405 1
26 1637 1
1562 1816 1
1512 2735 1
1597 2735 1
3440 3679 1
701 2850 1
609 3034 1
2291 3559 1
289 576 1
1024 3254 1
1624 1837 1
540 2104 1
2171 2810 1
2028 3803 1
472 3341 1
158 3341 1
630 3202 1
253 1929 1
2201 2810 1
2171 2201 1
1087 2961 1
1030 2613 1
1322 3809 1
253 3014 1
1929 3014 1
782 1922 1
472 1382 1
1382 3341 1
158 1382 1
3341 3712 1
472 3712 1
1382 3712 1
158 3712 1
594 825 1
505 3677 1
825 2627 1
594 2627 1
406 3218 1
1668 2028 1
1668 3803 1
158 2136 1
472 2136 1
2136 3712 1
2136 3341 1
1382 2136 1
1322 1776 1
1776 3809 1
1512 2843 1
1597 2843 1
2735 2843 1
553 1745 1
679 3739 1
2728 3739 1
223 2843 1
223 1512 1
223 1597 1
223 2735 1
1 2223 1
594 2554 1
825 2554 1
2554 2627 1
1096 3580 1
2979 3218 1
406 2979 1
609 1611 1
1611 3034 1
31 3633 1
1922 2979 1
782 2979 1
1922 3218 1
406 1922 1
1182 2350 1
1776 3456 1
3456 3809 1
1322 3456 1
3105 3721 1
521 1076 1
1611 2405 1
609 2405 1
2405 3034 1
1611 2340 1
3233 3425 1
95 3467 1
2011 3744 1
2502 3464 1
2033 3759 1
3467 3494 1
95 3494 1
2331 3058 1
3218 3595 1
1922 3595 1
2979 3595 1
406 3595 1
1932 3341 1
1932 3712 1
1382 1932 1
1932 2136 1
472 1932 1
158 1932 1
95 1624 1
1624 3467 1
1624 3494 1
95 1837 1
1406 1849 1
217 2028 1
217 3803 1
217 1668 1
902 3547 1
1322 1948 1
1776 1948 1
1948 3809 1
1948 3456 1
2306 3633 1
31 2306 1
1 1785 1
1785 2223 1
1276 3673 1
1067 1881 1
191 2843 1
191 1512 1
191 223 1
191 1597 1
191 2735 1
2651 3367 1
1153 3171 1
269 1153 1
1590 1944 1
2048 2598 1
1045 3105 1
1045 3721 1
1590 3220 1
1944 3220 1
2534 3633 1
2306 2534 1
31 2534 1
473 2065 1
1322 2422 1
1776 2422 1
2422 3809 1
2422 3456 1
1948 2422 1
3107 3467 1
1624 3107 1
3107 3494 1
95 3107 1
1648 3497 1
576 3497 1
289 3497 1
576 1648 1
2613 2728 1
1030 2728 1
2613 3739 1
679 2613 1
981 3801 1
2502 2988 1
2988 3464 1
540 553 1
553 2104 1
540 1745 1
1610 1905 1
1905 3026 1
26 1096 1
1096 1637 1
26 3580 1
1 2974 1
1785 2974 1
2223 2974 1
1364 2648 1
1080 3341 1
1080 3712 1
1080 1382 1
1080 1932 1
1080 2136 1
472 1080 1
158 1080 1
2730 3318 1
1205 3318 1
604 1156 1
195 2097 1
2081 3671 1
459 1075 1
255 2880 1
2242 2943 1
653 1595 1
2704 3770 1
1340 3055 1
2629 3167 1
208 2877 1
1389 2542 1
3101 3133 1
433 1531 1
762 2864 1
552 692 1
278 2088 1
1413 3305 1
52 2388 1
190 864 1
109 3743 1
3226 3616 1
1335 1622 1
677 1793 1
1920 2645 1
1631 3621 1
1720 2008 1
1478 2564 1
150 2673 1
35 2212 1
702 3576 1
612 2187 1
1193 3327 1
2943 3133 1
2242 3133 1
2943 3101 1
1969 2802 1
190 1075 1
864 1075 1
190 459 1
816 3386 1
357 1595 1
357 653 1
863 3749 1
255 357 1
357 2880 1
255 1595 1
255 653 1
1054 3723 1
550 1434 1
733 1478 1
733 2564 1
1068 1531 1
433 1068 1
139 1054 1
139 3723 1
491 2414 1
1595 2973 1
255 2973 1
653 2973 1
357 2973 1
1401 2704 1
1401 3770 1
362 814 1
2880 3612 1
357 3612 1
255 3612 1
628 2877 1
208 628 1
967 3429 1
1498 3747 1
139 1920 1
1920 3723 1
1054 1920 1
139 2645 1
713 2516 1
1204 1588 1
1174 3305 1
1174 1413 1
648 3372 1
1109 3709 1
357 2352 1
2352 2880 1
653 2352 1
1595 2352 1
2352 3612 1
2352 2973 1
255 2352 1
913 3243 1
1957 3621 1
1631 1957 1
2159 3351 1
1282 2087 1
2187 3375 1
612 3375 1
599 718 1
621 839 1
348 643 1
1191 2388 1
52 1191 1
1204 2060 1
1588 2060 1
692 3364 1
552 3364 1
1646 2636 1
2367 3386 1
816 2367 1
2899 3217 1
907 1198 1
1013 3723 1
1013 1920 1
139 1013 1
1013 1054 1
1622 1840 1
1335 1840 1
873 3386 1
816 873 1
873 2367 1
2414 3665 1
491 3665 1
2270 3619 1
109 3101 1
3101 3743 1
109 3133 1
109 2943 1
287 3810 1
287 1494 1
1494 3810 1
2231 3071 1
733 3699 1
2564 3699 1
1478 3699 1
599 1283 1
718 1283 1
3621 3749 1
1957 3749 1
1631 3749 1
863 3621 1
2625 3243 1
913 2625 1
121 3226 1
121 3616 1
2242 2703 1
2703 3133 1
2703 2943 1
990 2066 1
1691 2965 1
1868 2592 1
2211 2483 1
171 2159 1
171 3351 1
1193 1357 1
1357 3327 1
1413 1607 1
1607 3305 1
1174 1607 1
2808 3612 1
2808 2880 1
2352 2808 1
357 2808 1
255 2808 1
552 2611 1
2611 3364 1
692 2611 1
11 2542 1
11 1389 1
3278 3429 1
967 3278 1
329 733 1
329 3699 1
329 2564 1
329 1478 1
1917 3073 1
3375 3699 1
2187 3699 1
612 3699 1
2564 3375 1
1478 3375 1
329 3375 1
733 3375 1
2406 3606 1
1631 3811 1
3749 3811 1
3621 3811 1
1957 3811 1
321 2722 1
491 2949 1
2949 3665 1
2414 2949 1
2506 2600 1
2138 3427 1
2307 2768 1
702 816 1
816 3576 1
702 873 1
702 3386 1
702 2367 1
784 3046 1
2442 3652 1
1242 1781 1
1479 1563 1
1839 3532 1
2059 2908 1
99 1505 1
1839 2083 1
2083 3532 1
1592 1853 1
956 1743 1
1790 3130 1
1201 2254 1
1449 3593 1
771 1006 1
2745 2747 1
1846 2569 1
2177 3336 1
755 983 1
153 2733 1
1437 1882 1
1404 2478 1
3320 3608 1
1246 1326 1
1874 1961 1
246 3268 1
164 3552 1
1464 1814 1
210 1314 1
1814 2479 1
1464 2479 1
1763 1975 1
183 466 1
901 3634 1
3232 3359 1
376 3457 1
2254 2584 1
1201 2584 1
3457 3466 1
376 3466 1
2597 3391 1
1092 1959 1
172 3564 1
1877 2053 1
3404 3720 1
1197 2835 1
1679 2059 1
1679 2908 1
1534 3608 1
1534 3320 1
1909 2141 1
64 2075 1
715 3064 1
55 1877 1
55 2053 1
644 2095 1
2507 3617 1
1743 3435 1
956 3435 1
1418 2318 1
316 3762 1
1716 2508 1
603 2193 1
320 1749 1
1769 2999 1
2255 2437 1
1464 1535 1
1535 1814 1
1535 2479 1
320 1139 1
1139 1749 1
2075 2908 1
64 2908 1
2059 2075 1
1679 2075 1
246 1464 1
1464 3268 1
246 1535 1
246 1814 1
246 2479 1
1008 1159 1
461 1555 1
1139 2186 1
320 2186 1
1749 2186 1
1418 2053 1
2053 2318 1
1418 1877 1
55 1418 1
1731 3713 1
1241 1479 1
1241 1563 1
104 627 1
886 1246 1
886 1326 1
822 3608 1
822 3320 1
822 1534 1
2059 2345 1
2075 2345 1
2345 2908 1
1679 2345 1
1056 2835 1
1056 1197 1
2980 3628 1
48 1424 1
1230 1686 1
471 2254 1
471 2584 1
471 1201 1
2545 3443 1
3232 3533 1
3359 3533 1
699 2531 1
295 3151 1
1159 3151 1
1008 3151 1
295 1159 1
2437 3713 1
2255 3713 1
1731 2437 1
1001 3474 1
1117 3434 1
125 3634 1
125 901 1
1846 3667 1
2569 3667 1
885 1505 1
99 885 1
1925 2221 1
380 2083 1
380 3532 1
380 1839 1
172 715 1
715 3564 1
172 3064 1
2166 3634 1
901 2166 1
125 2166 1
2272 3347 1
3011 3592 1
66 699 1
66 2531 1
172 246 1
246 3064 1
246 715 1
246 3564 1
172 3268 1
172 2479 1
172 1814 1
172 1464 1
172 1535 1
631 3742 1
1110 3624 1
461 1437 1
1437 1555 1
461 1882 1
508 1252 1
644 3667 1
2095 3667 1
644 2569 1
644 1846 1
886 2262 1
1326 2262 1
1246 2262 1
2298 2822 1
1239 1563 1
1239 1241 1
1239 1479 1
84 1839 1
84 380 1
84 2083 1
84 3532 1
2719 3471 1
392 1437 1
392 1882 1
392 1555 1
392 461 1
2711 3593 1
1449 2711 1
2095 2897 1
2897 3667 1
644 2897 1
1702 2655 1
2411 2437 1
2411 3713 1
1731 2411 1
2255 2411 1
2478 2702 1
1404 2702 1
2490 2856 1
1005 2938 1
725 1296 1
854 1180 1
1817 3276 1
2458 3541 1
1032 3018 1
462 1438 1
899 2520 1
1053 1737 1
1451 2720 1
465 617 1
157 2051 1
617 2094 1
465 2094 1
2840 2856 1
2490 2840 1
832 1783 1
530 1939 1
181 3276 1
181 1817 1
1307 3461 1
1664 1730 1
436 1786 1
832 1050 1
1050 1783 1
1183 3334 1
1160 2144 1
1328 3283 1
1317 2214 1
1196 3546 1
1143 1471 1
1090 3766 1
1799 3015 1
1380 3546 1
1196 1380 1
500 1795 1
500 3696 1
1795 3696 1
832 2749 1
1050 2749 1
1783 2749 1
419 3238 1
233 1377 1
1349 3196 1
173 1499 1
342 2721 1
1537 3499 1
586 3445 1
1433 2480 1
2204 3708 1
1196 3478 1
3478 3546 1
1380 3478 1
2631 2840 1
2631 2856 1
2490 2631 1
1608 1618 1
1050 2026 1
832 2026 1
2026 2749 1
1783 2026 1
1180 1394 1
854 1394 1
2279 2726 1
292 3501 1
1795 3000 1
3000 3696 1
500 3000 1
687 2399 1
71 1032 1
71 3018 1
988 3094 1
71 2009 1
1032 2009 1
2009 3018 1
366 2895 1
569 3040 1
2094 2384 1
617 2384 1
465 2384 1
2409 3015 1
1799 2409 1
2661 3255 1
2077 3334 1
1183 2077 1
2384 3234 1
617 3234 1
2094 3234 1
465 3234 1
1639 2955 1
465 3569 1
2384 3569 1
617 3569 1
3234 3569 1
2094 3569 1
1869 3525 1
582 1698 1
2264 2399 1
687 2264 1
3143 3802 1
2685 3024 1
1161 1317 1
1161 2214 1
832 929 1
929 2026 1
929 1050 1
929 2749 1
929 1783 1
327 3569 1
327 3234 1
327 617 1
327 2094 1
327 2384 1
327 465 1
741 2909 1
395 1625 1
929 3451 1
832 3451 1
2026 3451 1
1783 3451 1
1050 3451 1
2749 3451 1
1782 2456 1
3142 3383 1
752 2788 1
832 832 1
1190 2259 1
1786 1879 1
436 1879 1
1707 2840 1
1707 2856 1
1707 2490 1
1707 2631 1
2578 3802 1
2578 3143 1
2361 3802 1
2361 2578 1
2361 3143 1
470 2012 1
1009 1786 1
436 1009 1
1009 1879 1
419 1251 1
1251 3238 1
1160 3096 1
2144 3096 1
173 300 1
300 1499 1
534 3182 1
2930 3517 1
285 3049 1
1210 2661 1
1210 3255 1
230 838 1
301 749 1
3283 3461 1
1328 3461 1
1307 3283 1
618 1053 1
618 1737 1
964 1879 1
964 1009 1
964 1786 1
436 964 1
534 3539 1
3182 3539 1
1050 3403 1
832 3403 1
929 3403 1
2026 3403 1
1783 3403 1
3403 3451 1
2749 3403 1
1737 2858 1
618 2858 1
1053 2858 1
2086 2977 1
3196 3596 1
1349 3596 1
1248 2631 1
1248 2840 1
1248 2856 1
1248 2490 1
1248 1707 1
82 2425 1
584 3209 1
468 3209 1
468 584 1
838 1032 1
230 1032 1
838 2009 1
838 3018 1
71 838 1
1942 2510 1
2951 3418 1
89 2581 1
356 1289 1
3116 3282 1
996 2481 1
116 2610 1
2039 2135 1
2296 3045 1
2297 3157 1
906 1407 1
549 3154 1
1448 2872 1
306 3813 1
495 1079 1
308 3548 1
615 3767 1
1059 1728 1
3309 3527 1
870 1765 1
2371 3674 1
789 3658 1
3309 3805 1
3527 3805 1
2581 3179 1
89 3179 1
3189 3789 1
2837 3346 1
19 2134 1
2206 2332 1
833 2465 1
2261 3507 1
100 661 1
160 1179 1
2149 3531 1
1211 3309 1
1211 3805 1
1211 3527 1
339 2013 1
19 57 1
57 2134 1
1543 2776 1
2082 2470 1
870 3045 1
1765 3045 1
870 2296 1
1425 1628 1
1188 1553 1
134 2510 1
134 1942 1
245 3309 1
245 1211 1
245 3805 1
245 3527 1
2610 3373 1
116 3373 1
657 2757 1
3082 3261 1
215 3789 1
215 3189 1
2207 3154 1
549 2207 1
2098 2452 1
874 2006 1
2922 3200 1
870 1456 1
1456 2296 1
1456 1765 1
1456 3045 1
1804 2149 1
1804 3531 1
919 3373 1
919 2610 1
116 919 1
1680 3685 1
996 1857 1
1857 2481 1
464 2261 1
464 3507 1
308 2227 1
2227 3548 1
53 2149 1
53 3531 1
53 1804 1
1147 3756 1
2581 3767 1
89 3767 1
3179 3767 1
615 2581 1
2885 3199 1
256 1764 1
469 1857 1
469 2481 1
469 996 1
615 2687 1
2581 2687 1
2687 3767 1
2853 2885 1
2853 3199 1
1041 3761 1
1057 1211 1
245 1057 1
1057 3527 1
1057 3309 1
1057 3805 1
685 3154 1
549 685 1
685 2207 1
308 1179 1
1179 2227 1
1179 3548 1
160 308 1
1000 3242 1
39 1613 1
193 2465 1
193 833 1
3157 3157 1
775 2814 1
874 2481 1
2006 2481 1
874 1857 1
874 996 1
469 874 1
614 1257 1
1728 2986 1
1059 2986 1
1133 2602 1
2657 3197 1
341 3242 1
341 1000 1
16 1976 1
1857 3812 1
2481 3812 1
874 3812 1
996 3812 1
469 3812 1
819 3798 1
57 168 1
19 168 1
168 2134 1
293 2780 1
1213 1942 1
134 1213 1
1213 2510 1
1628 2006 1
1425 2006 1
1628 2481 1
874 1628 1
906 2764 1
1407 2764 1
467 2073 1
464 2073 1
2073 3507 1
2073 2261 1
464 467 1
1490 3170 1
912 3116 1
912 3282 1
2082 2207 1
2207 2470 1
2082 3154 1
549 2082 1
685 2082 1
2439 2493 1
3761 3798 1
1041 3798 1
819 3761 1
1059 3261 1
1728 3261 1
2986 3261 1
1059 3082 1
2276 3812 1
1857 2276 1
874 2276 1
2276 2481 1
469 2276 1
996 2276 1
2152 2453 1
1257 1670 1
614 1670 1
81 1660 1
549 3758 1
3154 3758 1
2082 3758 1
685 3758 1
2207 3758 1
1764 3620 1
256 3620 1
3148 3545 1
2784 2986 1
1728 2784 1
1059 2784 1
2784 3261 1
1662 3037 1
785 2530 1
1924 3190 1
424 1313 1
237 544 1
1249 3750 1
1100 2532 1
1135 3503 1
523 1227 1
448 1934 1
1767 2070 1
399 2708 1
1078 3611 1
2219 3236 1
424 3757 1
1313 3757 1
935 1226 1
3646 3757 1
424 3646 1
1313 3646 1
1833 2392 1
1149 3355 1
691 3629 1
768 2239 1
890 1621 1
697 2275 1
2058 2250 1
1621 3090 1
890 3090 1
2219 3452 1
3236 3452 1
1120 1167 1
691 3788 1
3629 3788 1
1034 1516 1
1226 2128 1
935 2128 1
453 1778 1
879 1149 1
879 3355 1
588 2105 1
3037 3605 1
1662 3605 1
1995 2926 1
1020 2805 1
1982 2183 1
688 2829 1
303 3504 1
2799 3574 1
1094 1436 1
1223 2365 1
3611 3793 1
1078 3793 1
959 2805 1
959 1020 1
65 1995 1
65 2926 1
708 3503 1
708 1135 1
328 1634 1
2829 3574 1
688 3574 1
2799 2829 1
349 830 1
1830 1965 1
198 554 1
1950 2292 1
290 2225 1
361 1253 1
2058 2283 1
2250 2283 1
453 2267 1
1778 2267 1
135 1247 1
824 824 1
1928 2250 1
1928 2058 1
1928 2283 1
2139 2383 1
1202 2396 1
1928 2680 1
2250 2680 1
2283 2680 1
2058 2680 1
179 313 1
974 3235 1
175 2667 1
1256 2460 1
382 520 1
1286 2466 1
950 3453 1
2362 2427 1
184 3635 1
945 3222 1
1604 2888 1
2777 3251 1
554 2674 1
198 2674 1
580 2656 1
2275 2427 1
697 2427 1
2275 2362 1
1928 2924 1
2680 2924 1
2250 2924 1
2283 2924 1
2058 2924 1
13 249 1
2680 2926 1
1928 2926 1
2250 2926 1
2283 2926 1
2924 2926 1
2058 2926 1
65 2680 1
1995 2680 1
2365 3355 1
1223 3355 1
1149 2365 1
879 2365 1
482 3528 1
1120 2684 1
1167 2684 1
824 1265 1
1206 1604 1
1206 2888 1
288 3236 1
288 2219 1
288 3452 1
1253 3371 1
361 3371 1
2667 3355 1
175 3355 1
1223 2667 1
1149 2667 1
879 2667 1
2365 2667 1
3222 3566 1
945 3566 1
397 1934 1
397 448 1
7 1955 1
249 1286 1
13 1286 1
249 2466 1
237 1207 1
544 1207 1
865 2116 1
1379 1767 1
1379 2070 1
739 2530 1
739 785 1
1516 3152 1
1034 3152 1
1167 1313 1
1120 1313 1
1313 2684 1
424 1167 1
1167 3757 1
1167 3646 1
1847 3683 1
442 1060 1
448 2889 1
397 2889 1
1934 2889 1
184 397 1
397 3635 1
184 448 1
184 2889 1
184 1934 1
739 1286 1
785 1286 1
1286 2530 1
739 2466 1
13 739 1
249 739 1
1656 2023 1
1120 2387 1
1313 2387 1
2387 2684 1
1167 2387 1
2599 3299 1
1532 3125 1
1721 2362 1
1721 2427 1
1721 2275 1
966 1207 1
544 966 1
237 966 1
45 3110 1
143 2921 1
748 2738 1
2942 3381 1
54 2838 1
1676 2015 1
1681 2962 1
941 3343 1
2546 2962 1
1681 2546 1
1672 1826 1
2653 3626 1
1105 1393 1
2263 3736 1
515 811 1
1162 2017 1
1114 3597 1
1162 2838 1
2017 2838 1
54 1162 1
2357 3119 1
578 1699 1
113 923 1
138 1500 1
2032 3462 1
659 3455 1
1430 1658 1
1681 2232 1
2232 2962 1
2232 2546 1
1146 2901 1
1310 1996 1
597 1949 1
334 1892 1
477 3486 1
930 2519 1
1459 3459 1
1419 2446 1
948 1475 1
670 1144 1
732 1558 1
239 2030 1
3399 3821 1
296 732 1
296 1558 1
334 528 1
528 1892 1
2842 3131 1
111 271 1
1398 3078 1
987 3008 1
555 2030 1
239 555 1
326 1681 1
326 2232 1
326 2962 1
326 2546 1
496 742 1
1550 3095 1
1103 3030 1
2738 2878 1
748 2878 1
984 3511 1
717 2130 1
1158 2919 1
748 2038 1
2038 2738 1
2038 2878 1
941 2268 1
2268 3343 1
337 2540 1
365 3657 1
2910 3736 1
2263 2910 1
1581 1918 1
2900 3301 1
1168 2080 1
2316 3002 1
597 2736 1
1949 2736 1
750 3181 1
590 1941 1
961 2363 1
526 670 1
526 1144 1
2268 2582 1
941 2582 1
2582 3343 1
1996 2582 1
1310 2582 1
1996 2268 1
941 1996 1
1996 3343 1
1492 3181 1
750 1492 1
535 2934 1
1941 2842 1
590 2842 1
1941 3131 1
555 1492 1
1492 2030 1
239 1492 1
555 3181 1
555 750 1
561 1297 1
1536 2496 1
1146 1996 1
1996 2901 1
941 1146 1
1146 3343 1
1146 2582 1
1146 2268 1
1146 1310 1
1694 2628 1
1768 2740 1
647 3321 1
1423 2901 1
1146 1423 1
1423 1996 1
515 1772 1
811 1772 1
299 2310 1
750 2820 1
555 2820 1
1492 2820 1
2820 3181 1
2151 3753 1
654 1144 1
526 654 1
654 670 1
1501 3358 1
596 746 1
365 1310 1
1310 3657 1
365 1146 1
365 1996 1
365 2582 1
606 3584 1
286 3511 1
286 984 1
926 3405 1
1460 2964 1
961 1645 1
1645 2363 1
2921 3511 1
143 3511 1
984 2921 1
286 2921 1
148 1393 1
148 1105 1
148 1996 1
1393 1996 1
1105 1996 1
148 941 1
148 3343 1
148 2901 1
148 2582 1
148 365 1
148 1146 1
148 1423 1
148 2268 1
148 1310 1
1941 2030 1
2030 2842 1
2030 3131 1
590 2030 1
555 1941 1
239 1941 1
1492 1941 1
817 2268 1
817 1996 1
817 941 1
817 3343 1
148 817 1
817 2582 1
817 1146 1
817 2015 1
1996 2015 1
941 2015 1
2015 3343 1
148 2015 1
2015 2582 1
1146 2015 1
2015 2268 1
817 1676 1
1144 3691 1
526 3691 1
670 3691 1
654 3691 1
3022 3636 1
17 1988 1
3144 3281 1
51 623 1
331 3585 1
2208 3022 1
2208 3636 1
1596 2647 1
678 1567 1
243 2100 1
297 3717 1
101 3484 1
231 3177 1
1887 3390 1
726 3053 1
238 548 1
548 2782 1
238 2782 1
999 2100 1
243 999 1
1444 3717 1
297 1444 1
2833 3433 1
1273 2925 1
3052 3086 1
2992 3780 1
2567 3298 1
2424 3686 1
161 2004 1
1931 1954 1
1259 1709 1
2528 3324 1
1312 3417 1
219 3001 1
219 3730 1
3001 3730 1
60 187 1
2328 3410 1
804 1123 1
70 3140 1
513 1542 1
101 982 1
982 3484 1
735 1524 1
1818 3111 1
90 3534 1
2302 3166 1
1212 1818 1
1212 3111 1
1988 2153 1
17 2153 1
485 626 1
605 1334 1
2958 3760 1
251 2320 1
2302 2794 1
2794 3166 1
51 3790 1
623 3790 1
298 3122 1
1073 3295 1
294 3417 1
294 1312 1
2647 3122 1
1596 3122 1
298 2647 1
977 3291 1
2555 2770 1
422 1444 1
297 422 1
422 3717 1
187 3737 1
60 3737 1
2559 2659 1
3302 3339 1
720 2123 1
20 1509 1
1408 2732 1
635 3169 1
416 1683 1
1894 2528 1
1894 3324 1
665 1777 1
773 2833 1
773 3433 1
310 2960 1
1119 2454 1
10 396 1
2562 3535 1
275 2188 1
933 2518 1
662 2537 1
842 1082 1
1885 2790 1
1502 2947 1
539 3302 1
539 3339 1
2004 2320 1
161 2320 1
251 2004 1
60 2100 1
2100 3737 1
187 2100 1
60 243 1
60 999 1
1073 1388 1
1388 3295 1
1457 2727 1
294 1683 1
1312 1683 1
1683 3417 1
294 416 1
485 3737 1
626 3737 1
485 2100 1
187 485 1
60 485 1
1171 1186 1
1947 2454 1
1119 1947 1
808 3339 1
539 808 1
808 3302 1
735 3053 1
1524 3053 1
726 735 1
607 1258 1
1351 1734 1
458 2727 1
458 1457 1
895 927 1
1115 2454 1
1115 1947 1
1115 1119 1
294 1797 1
1312 1797 1
1797 3417 1
1683 1797 1
416 1797 1
623 3144 1
51 3144 1
3144 3790 1
623 3281 1
1010 1353 1
413 3686 1
413 2424 1
2565 3777 1
1568 2386 1
2537 3187 1
662 3187 1
2668 2992 1
2668 3780 1
1131 1653 1
891 1273 1
891 2925 1
263 808 1
263 539 1
263 3339 1
263 3302 1
2029 2312 1
3052 3402 1
3086 3402 1
572 3229 1
238 2958 1
548 2958 1
2782 2958 1
238 3760 1
682 1947 1
682 1115 1
682 2454 1
682 1119 1
2208 2770 1
2770 3636 1
2770 3022 1
2208 2555 1
1116 2326 1
773 2188 1
2188 2833 1
2188 3433 1
275 773 1
1777 2787 1
665 2787 1
665 2939 1
1777 2939 1
2787 2939 1
1990 3760 1
238 1990 1
1990 2958 1
1524 1818 1
1818 3053 1
735 1818 1
1212 1524 1
1524 3111 1
2807 3413 1
1910 2875 1
3521 3684 1
997 2875 1
997 1910 1
1787 3138 1
9 3523 1
9 3638 1
3523 3638 1
2172 2614 1
1410 3705 1
1872 3571 1
2515 3715 1
276 2359 1
1383 2488 1
426 1362 1
1292 2488 1
1292 1383 1
363 936 1
3296 3754 1
849 3570 1
1544 2001 1
2034 3521 1
2034 3684 1
2524 3774 1
1291 3353 1
136 1789 1
88 1810 1
2185 3536 1
280 1520 1
651 932 1
1933 2093 1
1173 3396 1
2282 2907 1
595 2691 1
2376 3017 1
363 3490 1
936 3490 1
3258 3814 1
1629 3221 1
1571 2983 1
940 3577 1
2273 3258 1
2273 3814 1
1671 2691 1
595 1671 1
2110 2563 1
1703 3490 1
936 1703 1
363 1703 1
196 917 1
2771 3607 1
189 868 1
428 3221 1
428 1629 1
236 533 1
2336 3554 1
1762 2461 1
1651 3231 1
2269 2971 1
545 2303 1
379 2983 1
379 1571 1
244 2022 1
2614 2756 1
2172 2756 1
1528 2522 1
1331 2233 1
2734 3315 1
557 2110 1
557 2563 1
1872 2515 1
2515 3571 1
1872 3715 1
1601 2127 1
2818 3342 1
3153 3594 1
1825 2172 1
1825 2756 1
1825 2614 1
827 2686 1
908 3638 1
9 908 1
908 3523 1
908 2172 1
9 2172 1
2172 3523 1
2172 3638 1
908 1825 1
908 2756 1
908 2614 1
85 1383 1
85 2488 1
85 1292 1
1214 3185 1
1411 3536 1
1411 2185 1
1121 3296 1
1121 3754 1
21 154 1
279 1362 1
279 426 1
2043 3577 1
940 2043 1
502 562 1
418 1663 1
1288 1815 1
1979 2359 1
276 1979 1
1049 3738 1
1089 1571 1
379 1089 1
1089 2983 1
651 2884 1
932 2884 1
2233 3306 1
1331 3306 1
280 1889 1
1520 1889 1
1844 3287 1
86 1233 1
2734 3329 1
3315 3329 1
2336 2892 1
2892 3554 1
1573 2216 1
1910 2886 1
2875 2886 1
997 2886 1
2461 3463 1
1762 3463 1
2754 2860 1
86 196 1
196 1233 1
86 917 1
2892 3121 1
2336 3121 1
3121 3554 1
1822 2432 1
938 1300 1
3554 3693 1
2336 3693 1
3121 3693 1
2892 3693 1
2950 3577 1
2043 2950 1
940 2950 1
2918 3204 1
3470 3610 1
868 2433 1
189 2433 1
791 2524 1
791 3774 1
3422 3526 1
1291 3246 1
3246 3353 1
1522 2432 1
1522 1822 1
3121 3778 1
2336 3778 1
3554 3778 1
2892 3778 1
3693 3778 1
68 2804 1
2043 3287 1
3287 3577 1
940 3287 1
2950 3287 1
1844 2043 1
420 1150 1
276 3241 1
1979 3241 1
2359 3241 1
3284 3630 1
1964 2683 1
159 947 1
1687 3573 1
2475 3042 1
1450 3515 1
1411 2228 1
2228 3536 1
2185 2228 1
1292 2376 1
2376 2488 1
85 2376 1
1383 2376 1
1292 3017 1
2524 3246 1
3246 3774 1
791 3246 1
2524 3353 1
1291 2524 1
2604 2716 1
2284 3755 1
641 1561 1
2761 3647 1
336 1943 1
455 2767 1
336 2758 1
1943 2758 1
410 2063 1
3600 3773 1
23 2552 1
852 3124 1
1684 3755 1
1684 2284 1
2198 2198 1
1141 2198 1
137 1128 1
649 1551 1
3023 3600 1
3023 3773 1
624 1021 1
2408 2716 1
2408 2604 1
3216 3502 1
43 3647 1
43 2761 1
593 1405 1
1586 2349 1
1405 3216 1
593 3216 1
1405 3502 1
637 1808 1
2487 2688 1
788 2997 1
305 1074 1
240 3023 1
240 3600 1
240 3773 1
212 2682 1
177 367 1
1074 1140 1
305 1140 1
761 2725 1
1497 1739 1
1374 2358 1
201 1549 1
258 1705 1
831 1208 1
532 2450 1
3023 3099 1
3099 3600 1
240 3099 1
3099 3773 1
3067 3681 1
1028 2682 1
212 1028 1
1606 3512 1
2845 3379 1
1403 1943 1
336 1403 1
1403 2758 1
304 3600 1
240 304 1
304 3099 1
304 3773 1
304 3023 1
788 3248 1
2997 3248 1
788 2689 1
2689 3248 1
2689 2997 1
182 1644 1
1666 2688 1
1666 2487 1
509 3733 1
1491 2866 1
38 1325 1
1445 2382 1
581 1325 1
38 581 1
1132 1643 1
1469 2750 1
494 3779 1
559 2334 1
821 852 1
821 3124 1
2164 3498 1
1504 2586 1
1545 1873 1
1107 1943 1
336 1107 1
1107 1403 1
1107 2758 1
858 1561 1
641 858 1
707 1983 1
3357 3678 1
831 1545 1
1208 1545 1
831 1873 1
1561 2063 1
641 2063 1
858 2063 1
410 1561 1
1435 3647 1
1435 2761 1
43 1435 1
309 1229 1
3518 3740 1
338 3158 1
23 3208 1
2552 3208 1
1021 1046 1
624 1046 1
456 1545 1
456 1208 1
456 1873 1
456 831 1
1827 2616 1
2689 3076 1
3076 3248 1
788 3076 1
2997 3076 1
330 1074 1
305 330 1
330 1140 1
1017 1684 1
1017 3755 1
1017 2284 1
1016 1237 1
600 3158 1
338 600 1
3081 3357 1
3081 3678 1
347 1644 1
182 347 1
2358 2688 1
1374 2688 1
1666 2358 1
2358 2487 1
2005 2284 1
1017 2005 1
2005 3755 1
1684 2005 1
2832 2995 1
34 2321 1
456 3335 1
1208 3335 1
1545 3335 1
831 3335 1
1873 3335 1
2725 3070 1
761 3070 1
2358 3733 1
2688 3733 1
1666 3733 1
1374 3733 1
2487 3733 1
509 2358 1
432 2641 1
591 3188 1
1643 2295 1
1132 2295 1
1084 3087 1
1324 2640 1
3124 3128 1
852 3128 1
821 3128 1
1750 2767 1
455 1750 1
1973 3198 1
641 3740 1
1561 3740 1
858 3740 1
2063 3740 1
641 3518 1
1028 3678 1
2682 3678 1
212 3678 1
1028 3081 1
1028 3357 1
1234 3120 1
2641 2679 1
432 2679 1
1779 3800 1
118 1963 1
1545 2027 1
2027 3335 1
456 2027 1
1873 2027 1
1208 2027 1
831 2027 1
907 1359 -1
1198 1359 -1
368 384 -1
1173 3224 -1
3224 3396 -1
2793 2905 -1
1598 1701 -1
843 3400 -1
410 645 -1
645 1561 -1
645 2063 -1
165 2844 -1
464 3063 -1
2073 3063 -1
3063 3507 -1
2261 3063 -1
467 3063 -1
370 1748 -1
1956 2912 -1
1940 2451 -1
458 2425 -1
1457 2425 -1
2425 2727 -1
82 458 -1
664 3261 -1
664 1728 -1
664 2784 -1
664 3082 -1
664 1059 -1
664 2986 -1
1696 2652 -1
250 1394 -1
250 1180 -1
250 854 -1
3571 3791 -1
1872 3791 -1
2515 3791 -1
2250 3179 -1
1928 3179 -1
2058 3179 -1
2283 3179 -1
2924 3179 -1
2926 3179 -1
2680 3179 -1
89 2250 -1
2250 2581 -1
2250 3767 -1
3479 3616 -1
121 3479 -1
3226 3479 -1
249 3552 -1
2466 3552 -1
739 3552 -1
13 3552 -1
1286 3552 -1
164 249 -1
2535 3398 -1
146 3504 -1
146 303 -1
458 748 -1
748 1457 -1
748 2727 -1
458 2738 -1
458 2038 -1
458 2878 -1
367 2784 -1
177 2784 -1
367 1728 -1
367 2986 -1
367 1059 -1
367 3261 -1
1968 2229 -1
98 782 -1
98 1922 -1
98 2979 -1
528 3139 -1
1892 3139 -1
334 3139 -1
254 3013 -1
854 3012 -1
1394 3012 -1
1180 3012 -1
1029 2182 -1
1206 2968 -1
2888 2968 -1
1604 2968 -1
406 3664 -1
3595 3664 -1
3218 3664 -1
2979 3664 -1
1922 3664 -1
1286 3432 -1
2530 3432 -1
739 3432 -1
2466 3432 -1
13 3432 -1
785 3432 -1
249 3432 -1
1523 2680 -1
65 1523 -1
1523 1995 -1
1523 1928 -1
1523 2250 -1
1523 2283 -1
1523 2924 -1
1523 2926 -1
1523 2058 -1
322 2799 -1
322 2829 -1
322 3574 -1
272 1285 -1
58 2990 -1
1815 3322 -1
1288 3322 -1
533 965 -1
236 965 -1
462 1095 -1
1095 1438 -1
2905 2990 -1
1268 1724 -1
1222 2599 -1
1222 3299 -1
1138 2816 -1
1571 3763 -1
1089 3763 -1
379 3763 -1
2983 3763 -1
585 2697 -1
1451 2042 -1
2042 2720 -1
390 2243 -1
17 3507 -1
2153 3507 -1
1988 3507 -1
17 464 -1
17 2073 -1
17 2261 -1
1033 3738 -1
1033 1049 -1
3118 3660 -1
2516 3428 -1
713 3428 -1
3007 3367 -1
2651 3007 -1
350 799 -1
919 2591 -1
2591 2610 -1
116 2591 -1
2591 3373 -1
1780 2993 -1
1772 3815 -1
811 3815 -1
515 3815 -1
590 1594 -1
1594 2842 -1
1594 1941 -1
1594 2030 -1
2575 2734 -1
2575 3329 -1
2575 3315 -1
647 2218 -1
2218 3321 -1
48 2762 -1
1424 2762 -1
668 2717 -1
184 458 -1
448 458 -1
458 2889 -1
458 3635 -1
397 458 -1
458 1934 -1
184 1457 -1
184 2727 -1
245 2875 -1
1057 2875 -1
1211 2875 -1
2875 3309 -1
2875 3527 -1
2875 3805 -1
245 2886 -1
245 997 -1
245 1910 -1
1041 3432 -1
3432 3761 -1
3432 3798 -1
780 2866 -1
780 1491 -1
849 1551 -1
1551 3570 -1
649 849 -1
1046 3771 -1
624 3771 -1
1021 3771 -1
1259 3648 -1
1709 3648 -1
1281 1558 -1
296 1281 -1
732 1281 -1
721 1904 -1
344 3345 -1
1226 3817 -1
2128 3817 -1
935 3817 -1
1900 3240 -1
1286 2315 -1
2315 2530 -1
739 2315 -1
2315 2466 -1
13 2315 -1
785 2315 -1
249 2315 -1
2445 2683 -1
1964 2445 -1
1528 3351 -1
2522 3351 -1
171 1528 -1
1528 2159 -1
1590 2427 -1
1944 2427 -1
2427 3220 -1
697 1590 -1
1590 2362 -1
1590 2275 -1
1590 1721 -1
666 2852 -1
1760 2104 -1
553 1760 -1
540 1760 -1
9 92 -1
92 2172 -1
92 3523 -1
92 908 -1
92 3638 -1
144 257 -1
1805 3196 -1
1805 3596 -1
1349 1805 -1
22 2575 -1
464 1335 -1
1335 2073 -1
1335 3507 -1
1335 2261 -1
467 1335 -1
464 1840 -1
464 1622 -1
724 3508 -1
1137 2678 -1
2012 2284 -1
470 2284 -1
1017 2012 -1
2012 3755 -1
1684 2012 -1
2005 2012 -1
2232 2714 -1
1681 2714 -1
2714 2962 -1
2546 2714 -1
326 2714 -1
2654 3388 -1
45 3205 -1
3110 3205 -1
1162 3448 -1
2017 3448 -1
54 3448 -1
2838 3448 -1
2106 3568 -1
1285 3430 -1
170 232 -1
1279 2467 -1
190 1275 -1
864 1275 -1
1075 1275 -1
459 1275 -1
869 2702 -1
869 1404 -1
869 2478 -1
108 2888 -1
108 1604 -1
108 1206 -1
34 1510 -1
1510 2321 -1
953 3305 -1
953 1413 -1
953 1174 -1
953 1607 -1
3154 3480 -1
685 3480 -1
2082 3480 -1
549 3480 -1
3480 3758 -1
2207 3480 -1
3011 3136 -1
3136 3592 -1
3416 3587 -1
1605 2498 -1
2315 3789 -1
2315 3189 -1
215 2315 -1
967 3695 -1
3429 3695 -1
3278 3695 -1
649 1400 -1
1400 1551 -1
1652 3376 -1
1166 2622 -1
1574 3261 -1
1574 1728 -1
1574 2784 -1
1574 3082 -1
1059 1574 -1
1574 2986 -1
658 3256 -1
532 735 -1
735 2450 -1
532 1818 -1
532 1524 -1
532 3053 -1
532 726 -1
1065 1818 -1
1065 1524 -1
735 1065 -1
1065 1212 -1
1065 3053 -1
1065 3111 -1
151 1075 -1
151 864 -1
151 459 -1
151 190 -1
1863 1977 -1
695 2175 -1
2083 2296 -1
84 2296 -1
380 2296 -1
2296 3532 -1
1839 2296 -1
1456 2083 -1
2083 3045 -1
870 2083 -1
456 2390 -1
2390 3335 -1
1545 2390 -1
2027 2390 -1
1873 2390 -1
1208 2390 -1
831 2390 -1
670 1182 -1
1144 1182 -1
1182 3691 -1
654 1182 -1
526 1182 -1
670 2350 -1
62 2900 -1
62 3301 -1
23 3551 -1
2552 3551 -1
3208 3551 -1
2054 2649 -1
2040 3377 -1
1278 1689 -1
1195 1958 -1
432 1147 -1
1147 2641 -1
1147 2679 -1
432 3756 -1
1740 2231 -1
1740 3071 -1
715 1062 -1
1062 3064 -1
1062 3564 -1
172 1062 -1
246 1062 -1
1530 3500 -1
2007 2983 -1
379 2007 -1
1089 2007 -1
1571 2007 -1
108 711 -1
920 1605 -1
1798 2320 -1
161 1798 -1
251 1798 -1
1798 2004 -1
2332 3254 -1
2206 3254 -1
1024 2332 -1
84 3239 -1
3239 3532 -1
2083 3239 -1
380 3239 -1
1839 3239 -1
2655 3125 -1
1702 3125 -1
1532 2655 -1
1874 3123 -1
1961 3123 -1
2465 3647 -1
833 3647 -1
193 3647 -1
2465 2761 -1
43 2465 -1
1435 2465 -1
1463 1839 -1
84 1463 -1
380 1463 -1
1463 2083 -1
1463 3532 -1
2163 3441 -1
3025 3309 -1
245 3025 -1
1057 3025 -1
1211 3025 -1
3025 3805 -1
3025 3527 -1
297 1485 -1
1444 1485 -1
1485 3717 -1
422 1485 -1
140 3364 -1
140 552 -1
140 2611 -1
140 692 -1
2208 2488 -1
2488 2770 -1
2488 2555 -1
2488 3636 -1
2488 3022 -1
2208 2376 -1
1292 2208 -1
85 2208 -1
1383 2208 -1
2711 2824 -1
2824 3593 -1
1449 2824 -1
408 1800 -1
758 2736 -1
597 758 -1
758 1949 -1
1506 3303 -1
57 2122 -1
168 2122 -1
19 2122 -1
2122 2134 -1
95 1792 -1
1624 1792 -1
1792 3107 -1
1792 3467 -1
1792 1837 -1
1792 3494 -1
1570 2328 -1
1570 3410 -1
2024 2619 -1
1185 2843 -1
1185 1512 -1
191 1185 -1
223 1185 -1
1185 1597 -1
1185 2735 -1
2294 3056 -1
1638 2272 -1
1638 3347 -1
2313 3584 -1
606 2313 -1
3108 3384 -1
2661 3198 -1
1210 3198 -1
3198 3255 -1
1973 2661 -1
461 1328 -1
392 1328 -1
1328 1882 -1
1328 1555 -1
1328 1437 -1
461 3283 -1
461 3461 -1
2040 2316 -1
2040 3002 -1
2843 3466 -1
1512 3466 -1
191 3466 -1
223 3466 -1
1597 3466 -1
2735 3466 -1
376 2843 -1
2843 3457 -1
1869 3516 -1
3516 3525 -1
873 925 -1
816 925 -1
925 3386 -1
702 925 -1
925 2367 -1
651 2007 -1
2007 2884 -1
932 2007 -1
1855 3566 -1
945 1855 -1
1855 3222 -1
338 2707 -1
600 2707 -1
2707 3158 -1
1570 2074 -1
173 821 -1
821 1499 -1
300 821 -1
173 3128 -1
173 3124 -1
173 852 -1
1307 3148 -1
3148 3283 -1
3148 3461 -1
1307 3545 -1
2528 3265 -1
3265 3324 -1
1894 3265 -1
2735 3629 -1
1512 3629 -1
191 3629 -1
2843 3629 -1
1597 3629 -1
223 3629 -1
691 2735 -1
2735 3788 -1
2369 2665 -1
298 2093 -1
2093 3122 -1
2093 2647 -1
298 1933 -1
1029 1119 -1
1029 1115 -1
1029 1947 -1
682 1029 -1
1029 2454 -1
755 1335 -1
983 1335 -1
755 1840 -1
755 1622 -1
1715 2801 -1
960 1766 -1
979 3063 -1
1793 1818 -1
677 1818 -1
1524 1793 -1
735 1793 -1
1212 1793 -1
1793 3053 -1
1793 3111 -1
3448 3792 -1
1186 2613 -1
1171 2613 -1
1186 2728 -1
1186 3739 -1
1030 1186 -1
679 1186 -1
886 1530 -1
1530 2262 -1
1326 1530 -1
1246 1530 -1
1360 2510 -1
134 1360 -1
1360 1942 -1
1213 1360 -1
766 2695 -1
1365 3362 -1
1120 2637 -1
1313 2637 -1
2387 2637 -1
2637 2684 -1
1167 2637 -1
176 2161 -1
918 2741 -1
70 3817 -1
3140 3817 -1
985 2527 -1
92 616 -1
2404 3508 -1
468 559 -1
559 584 -1
559 3209 -1
468 2334 -1
2722 3663 -1
321 3663 -1
51 725 -1
725 3144 -1
725 3790 -1
623 725 -1
51 1296 -1
2695 3588 -1
1322 3697 -1
1776 3697 -1
3697 3809 -1
3456 3697 -1
1948 3697 -1
2422 3697 -1
885 3045 -1
1505 3045 -1
99 3045 -1
885 2296 -1
885 1456 -1
885 1765 -1
870 885 -1
639 1323 -1
3203 3793 -1
3203 3611 -1
1078 3203 -1
8 1038 -1
1221 3660 -1
1430 1452 -1
1452 1658 -1
714 1106 -1
3225 3768 -1
1386 3399 -1
1386 3821 -1
1637 3805 -1
1096 3805 -1
26 3805 -1
245 1637 -1
1057 1637 -1
1211 1637 -1
1637 3309 -1
1637 3527 -1
1211 3211 -1
245 3211 -1
1057 3211 -1
3211 3527 -1
3211 3309 -1
3211 3805 -1
199 975 -1
2312 3789 -1
2029 3789 -1
2312 3189 -1
215 2312 -1
2785 3315 -1
2785 3329 -1
2734 2785 -1
16 2192 -1
1976 2192 -1
994 2693 -1
21 471 -1
154 471 -1
21 2584 -1
21 1201 -1
21 2254 -1
821 3404 -1
3128 3404 -1
3124 3404 -1
852 3404 -1
821 3720 -1
2671 3143 -1
2361 2671 -1
2671 3802 -1
2578 2671 -1
3273 3634 -1
901 3273 -1
2166 3273 -1
125 3273 -1
825 1927 -1
594 1927 -1
1927 2627 -1
1927 2554 -1
1825 2547 -1
2547 2756 -1
908 2547 -1
2172 2547 -1
2547 2614 -1
1765 3174 -1
1456 3174 -1
3045 3174 -1
870 3174 -1
1591 2025 -1
529 2071 -1
2276 3780 -1
1857 3780 -1
996 3780 -1
874 3780 -1
2481 3780 -1
469 3780 -1
3780 3812 -1
2276 2992 -1
2276 2668 -1
883 3561 -1
241 2155 -1
2194 3602 -1
307 418 -1
307 1663 -1
2265 3284 -1
2265 3630 -1
1324 2940 -1
2640 2940 -1
560 617 -1
560 3234 -1
327 560 -1
560 2094 -1
560 2384 -1
465 560 -1
560 3569 -1
455 2492 -1
1750 2492 -1
2492 2767 -1
3393 3447 -1
1523 1880 -1
21 3130 -1
154 3130 -1
21 1790 -1
1609 2841 -1
1227 1360 -1
523 1360 -1
119 2925 -1
119 1273 -1
119 891 -1
757 3792 -1
1729 2673 -1
150 1729 -1
2045 3354 -1
2251 3710 -1
2777 3386 -1
3251 3386 -1
816 2777 -1
873 2777 -1
702 2777 -1
2367 2777 -1
954 1218 -1
755 3125 -1
983 3125 -1
755 1532 -1
727 2820 -1
555 727 -1
727 1492 -1
727 3181 -1
727 750 -1
912 3023 -1
3023 3282 -1
3023 3116 -1
912 3600 -1
240 912 -1
912 3099 -1
912 3773 -1
304 912 -1
734 1712 -1
2232 2880 -1
1681 2880 -1
2880 2962 -1
2546 2880 -1
326 2880 -1
2232 2352 -1
2232 2808 -1
2232 3612 -1
357 2232 -1
255 2232 -1
1242 1265 -1
1265 1781 -1
824 1242 -1
1763 3025 -1
1975 3025 -1
448 1177 -1
184 1177 -1
1177 2889 -1
397 1177 -1
1177 1934 -1
836 1590 -1
836 1944 -1
836 3220 -1
2084 3660 -1
1541 2401 -1
1609 3702 -1
1099 2539 -1
737 3133 -1
737 2242 -1
737 2703 -1
109 737 -1
737 3101 -1
737 2943 -1
664 2356 -1
2833 2845 -1
2845 3433 -1
2188 2845 -1
773 2845 -1
2833 3379 -1
3524 3753 -1
2151 3524 -1
2028 3548 -1
217 3548 -1
3548 3803 -1
1668 3548 -1
2028 2227 -1
308 2028 -1
1179 2028 -1
1243 1932 -1
1243 3712 -1
1243 1382 -1
1243 3341 -1
472 1243 -1
1080 1243 -1
1243 2136 -1
158 1243 -1
2295 2314 -1
1643 2314 -1
1132 2314 -1
458 580 -1
580 1457 -1
580 2727 -1
458 2656 -1
1993 2253 -1
3048 3628 -1
2980 3048 -1
526 3713 -1
1144 3713 -1
3691 3713 -1
654 3713 -1
670 3713 -1
526 2411 -1
526 1731 -1
526 2437 -1
526 2255 -1
1665 2871 -1
836 1836 -1
1235 3659 -1
458 906 -1
906 1457 -1
906 2727 -1
458 2764 -1
458 1407 -1
679 3207 -1
2728 3207 -1
3207 3739 -1
2613 3207 -1
889 2200 -1
1033 3648 -1
673 760 -1
1824 2458 -1
1824 3541 -1
2319 3712 -1
1382 2319 -1
1932 2319 -1
2319 3341 -1
2136 2319 -1
1080 2319 -1
472 2319 -1
158 2319 -1
987 3720 -1
3008 3720 -1
987 3404 -1
227 2720 -1
227 1451 -1
256 2143 -1
2143 3620 -1
1764 2143 -1
920 2436 -1
1295 1345 -1
1122 1474 -1
3136 3375 -1
2564 3136 -1
1478 3136 -1
329 3136 -1
2187 3136 -1
3136 3699 -1
612 3136 -1
733 3136 -1
2960 3226 -1
310 3226 -1
2960 3616 -1
121 2960 -1
2416 3733 -1
2416 2688 -1
1666 2416 -1
2358 2416 -1
2416 2487 -1
509 2416 -1
1374 2416 -1
2248 3642 -1
1935 2436 -1
3415 3695 -1
113 1065 -1
923 1065 -1
173 3671 -1
1499 3671 -1
300 3671 -1
173 2081 -1
999 1488 -1
60 1488 -1
243 1488 -1
1488 2100 -1
767 3749 -1
767 1957 -1
767 1631 -1
767 3811 -1
767 3621 -1
767 863 -1
593 1677 -1
1677 3216 -1
1405 1677 -1
2163 3274 -1
1987 2687 -1
1987 3767 -1
1987 2581 -1
615 1987 -1
2330 3345 -1
1213 2143 -1
2143 2510 -1
134 2143 -1
1942 2143 -1
1716 3394 -1
2508 3394 -1
1014 3501 -1
292 1014 -1
11 403 -1
403 1389 -1
403 2542 -1
1987 2879 -1
1357 3092 -1
1193 3092 -1
3092 3327 -1
2031 3343 -1
1996 2031 -1
941 2031 -1
817 2031 -1
148 2031 -1
2031 2582 -1
1146 2031 -1
2031 2268 -1
2015 2031 -1
1182 3441 -1
2350 3441 -1
2775 3204 -1
2775 2918 -1
363 1408 -1
936 1408 -1
1408 3490 -1
1408 1703 -1
363 2732 -1
136 2854 -1
1789 2854 -1
711 2366 -1
1829 2359 -1
1829 3241 -1
1829 1979 -1
276 1829 -1
6 3033 -1
761 3464 -1
2725 3464 -1
3070 3464 -1
761 2988 -1
761 2502 -1
3315 3537 -1
3329 3537 -1
2734 3537 -1
439 1131 -1
439 1653 -1
584 950 -1
950 3209 -1
468 950 -1
584 3453 -1
1245 2017 -1
1162 1245 -1
1245 2838 -1
605 930 -1
930 1334 -1
605 2519 -1
3008 3817 -1
987 3817 -1
1819 2659 -1
1819 2559 -1
345 3494 -1
345 1624 -1
345 3107 -1
345 3467 -1
95 345 -1
2924 3215 -1
1928 3215 -1
2250 3215 -1
2283 3215 -1
2926 3215 -1
2680 3215 -1
2058 3215 -1
353 436 -1
353 1009 -1
353 1786 -1
353 964 -1
353 1879 -1
206 1814 -1
206 1464 -1
206 1535 -1
172 206 -1
206 246 -1
206 2479 -1
716 1765 -1
716 1456 -1
716 3045 -1
716 870 -1
240 877 -1
877 3600 -1
304 877 -1
877 3099 -1
877 3773 -1
877 3023 -1
346 3018 -1
346 1032 -1
346 2009 -1
346 838 -1
71 346 -1
2935 3615 -1
1530 2864 -1
762 1530 -1
880 1066 -1
2392 3239 -1
1833 3239 -1
84 1939 -1
1939 3532 -1
1939 2083 -1
380 1939 -1
1839 1939 -1
84 530 -1
2275 3679 -1
697 3679 -1
2362 3679 -1
2427 3679 -1
1721 3679 -1
2275 3440 -1
2598 2849 -1
2048 2849 -1
2068 2268 -1
1996 2068 -1
941 2068 -1
2068 3343 -1
817 2068 -1
148 2068 -1
2068 2582 -1
1146 2068 -1
2015 2068 -1
394 826 -1
3031 3686 -1
2424 3031 -1
413 3031 -1
1171 3189 -1
1186 3189 -1
1171 3789 -1
215 1171 -1
2183 2930 -1
1982 2930 -1
2183 3517 -1
275 3186 -1
2188 3186 -1
773 3186 -1
2389 2772 -1
66 3687 -1
699 3687 -1
2531 3687 -1
1443 2257 -1
772 3438 -1
508 1700 -1
1252 1700 -1
115 1394 -1
115 1180 -1
115 854 -1
202 1398 -1
202 3078 -1
968 2530 -1
785 968 -1
739 968 -1
968 1286 -1
1410 2833 -1
2833 3705 -1
1410 3433 -1
1410 2188 -1
773 1410 -1
771 3477 -1
1006 3477 -1
1457 3363 -1
458 3363 -1
2727 3363 -1
942 1361 -1
1742 2491 -1
2757 3408 -1
657 3408 -1
402 2925 -1
402 1273 -1
402 891 -1
2643 3725 -1
545 2019 -1
2019 2303 -1
2683 3362 -1
1964 3362 -1
686 1241 -1
686 1563 -1
686 1239 -1
686 1479 -1
2202 2876 -1
1724 2687 -1
1724 3767 -1
1724 2581 -1
615 1724 -1
3276 3559 -1
1817 3559 -1
181 3559 -1
2291 3276 -1
424 1653 -1
1313 1653 -1
1653 3757 -1
1653 3646 -1
1167 1653 -1
424 1131 -1
644 2195 -1
2195 2569 -1
2195 3667 -1
2195 2897 -1
1846 2195 -1
2095 2195 -1
945 2988 -1
2988 3566 -1
2988 3222 -1
945 3464 -1
945 2502 -1
266 985 -1
955 3486 -1
477 955 -1
34 1583 -1
1583 2321 -1
1614 3701 -1
2992 3781 -1
2668 3781 -1
3780 3781 -1
911 2151 -1
911 3753 -1
1062 1399 -1
1571 2204 -1
1089 2204 -1
379 2204 -1
2204 2983 -1
1571 3708 -1
3755 3783 -1
1684 3783 -1
2284 3783 -1
2005 3783 -1
1017 3783 -1
1590 2214 -1
1944 2214 -1
2214 3220 -1
1161 1590 -1
1317 1590 -1
1343 2124 -1
222 2285 -1
863 2020 -1
2020 3749 -1
2020 3621 -1
898 1147 -1
898 3756 -1
1251 3469 -1
419 3469 -1
3238 3469 -1
711 1100 -1
711 2532 -1
282 2274 -1
1250 2856 -1
1250 2840 -1
1248 1250 -1
1250 2490 -1
1250 1707 -1
1250 2631 -1
599 1527 -1
1283 1527 -1
718 1527 -1
2927 3125 -1
1532 2927 -1
2058 3745 -1
1928 3745 -1
2250 3745 -1
2283 3745 -1
2924 3745 -1
2926 3745 -1
2680 3745 -1
2267 2520 -1
1778 2520 -1
453 2520 -1
899 2267 -1
2740 3046 -1
1768 3046 -1
784 2740 -1
542 2648 -1
542 1364 -1
453 2224 -1
1778 2224 -1
2224 2267 -1
1976 3738 -1
16 3738 -1
1049 1976 -1
2105 2327 -1
588 2327 -1
460 3786 -1
273 1213 -1
273 2510 -1
134 273 -1
273 1942 -1
647 3164 -1
3164 3321 -1
121 870 -1
870 3616 -1
870 3226 -1
121 2296 -1
121 1456 -1
121 1765 -1
121 3045 -1
30 737 -1
505 846 -1
846 3677 -1
1122 1185 -1
1934 2758 -1
448 2758 -1
2758 2889 -1
184 2758 -1
397 2758 -1
336 1934 -1
1107 1934 -1
1403 1934 -1
1934 1943 -1
2351 2572 -1
1782 1798 -1
1798 2456 -1
2225 3610 -1
290 3610 -1
2225 3470 -1
33 1172 -1
764 1539 -1
1779 3368 -1
3368 3800 -1
1645 3461 -1
961 3461 -1
2363 3461 -1
1328 1645 -1
1307 1645 -1
1645 3283 -1
1480 1768 -1
1480 2740 -1
939 1523 -1
1396 3717 -1
297 1396 -1
1396 1444 -1
422 1396 -1
1656 3580 -1
2023 3580 -1
1096 1656 -1
26 1656 -1
1104 2660 -1
2670 3311 -1
368 625 -1
2012 3811 -1
470 3811 -1
1957 2012 -1
2012 3621 -1
2012 3749 -1
1631 2012 -1
70 985 -1
985 3140 -1
1914 2739 -1
199 1501 -1
199 3358 -1
2656 3765 -1
580 3765 -1
77 3393 -1
770 2857 -1
1830 2957 -1
1965 2957 -1
426 2268 -1
1362 2268 -1
279 2268 -1
426 1996 -1
426 941 -1
426 3343 -1
426 817 -1
148 426 -1
426 2582 -1
426 1146 -1
426 2015 -1
1958 3686 -1
1958 2424 -1
413 1958 -1
513 896 -1
896 1542 -1
30 3237 -1
673 3420 -1
1659 3278 -1
1659 3429 -1
967 1659 -1
1625 3101 -1
395 3101 -1
1625 3743 -1
109 1625 -1
1625 3133 -1
1625 2943 -1
1455 2951 -1
1455 3418 -1
801 2467 -1
1955 3311 -1
7 3311 -1
1905 3767 -1
1610 3767 -1
3026 3767 -1
89 1905 -1
1905 2687 -1
1905 3179 -1
1905 2581 -1
615 1905 -1
518 2944 -1
1751 2442 -1
1751 3652 -1
801 2393 -1
958 1458 -1
36 2217 -1
90 929 -1
929 3534 -1
90 832 -1
90 2026 -1
90 3403 -1
90 1783 -1
90 1050 -1
90 3451 -1
90 2749 -1
1342 3141 -1
603 3200 -1
2193 3200 -1
603 2922 -1
1724 2083 -1
84 1724 -1
380 1724 -1
1724 3532 -1
1724 1839 -1
300 3269 -1
1499 3269 -1
173 3269 -1
1242 3480 -1
1781 3480 -1
229 677 -1
229 1793 -1
1153 2918 -1
2918 3171 -1
269 2918 -1
1153 3204 -1
1937 1972 -1
340 2569 -1
340 3667 -1
340 644 -1
340 1846 -1
2140 3742 -1
631 2140 -1
242 1112 -1
270 3092 -1
259 2632 -1
1567 2207 -1
678 2207 -1
1567 2082 -1
549 1567 -1
1567 2470 -1
685 1567 -1
1567 3758 -1
1567 3154 -1
921 1301 -1
429 3497 -1
429 1648 -1
429 576 -1
289 429 -1
1152 3235 -1
974 1152 -1
194 1822 -1
194 2432 -1
194 1522 -1
116 498 -1
498 2610 -1
498 3373 -1
498 919 -1
1842 2430 -1
503 2262 -1
503 1246 -1
503 1326 -1
503 886 -1
436 2514 -1
1009 2514 -1
1786 2514 -1
964 2514 -1
1879 2514 -1
1115 2405 -1
682 2405 -1
1947 2405 -1
2405 2454 -1
1119 2405 -1
609 1115 -1
1115 3034 -1
1115 1611 -1
1115 2340 -1
2678 2843 -1
1512 2678 -1
191 2678 -1
223 2678 -1
1597 2678 -1
2678 2735 -1
2715 3381 -1
2715 2942 -1
1282 2072 -1
2072 2087 -1
11 3813 -1
1389 3813 -1
2542 3813 -1
11 306 -1
2394 3400 -1
934 2268 -1
934 1996 -1
934 941 -1
934 3343 -1
817 934 -1
148 934 -1
934 2582 -1
934 1146 -1
934 2015 -1
2917 3007 -1
1189 3805 -1
245 1189 -1
1057 1189 -1
1189 1211 -1
1189 3309 -1
1189 3527 -1
777 2901 -1
148 777 -1
777 1146 -1
777 1996 -1
777 1423 -1
642 1734 -1
642 1351 -1
2261 3598 -1
464 3598 -1
2073 3598 -1
3507 3598 -1
2290 3307 -1
1103 2543 -1
2543 3030 -1
1601 3021 -1
2127 3021 -1
2366 2991 -1
1645 3088 -1
961 3088 -1
2363 3088 -1
1278 3585 -1
331 1278 -1
64 430 -1
430 2075 -1
430 2908 -1
914 1201 -1
914 2584 -1
914 2254 -1
471 914 -1
1264 3352 -1
1635 2297 -1
1635 3157 -1
2017 2039 -1
1162 2039 -1
2039 2838 -1
2017 2135 -1
619 1942 -1
134 619 -1
619 2510 -1
619 1213 -1
723 3445 -1
586 723 -1
483 2825 -1
1680 2168 -1
2168 3685 -1
173 283 -1
283 1499 -1
283 300 -1
605 906 -1
906 1334 -1
605 2764 -1
605 1407 -1
2 194 -1
2680 3368 -1
65 3368 -1
1995 3368 -1
1928 3368 -1
2250 3368 -1
2283 3368 -1
2924 3368 -1
2926 3368 -1
2058 3368 -1
1504 1737 -1
1737 2586 -1
618 1504 -1
1504 2858 -1
1053 1504 -1
1273 1553 -1
891 1553 -1
1553 2925 -1
1188 1273 -1
1343 2992 -1
1343 2668 -1
1343 3780 -1
3025 3672 -1
569 2284 -1
2284 3040 -1
569 1017 -1
569 3755 -1
569 1684 -1
569 2005 -1
273 407 -1
445 943 -1
295 2168 -1
1159 2168 -1
2168 3151 -1
141 3526 -1
126 3526 -1
141 3422 -1
1432 3432 -1
624 2125 -1
1021 2125 -1
1046 2125 -1
1280 1610 -1
1280 1905 -1
1280 3026 -1
2688 3538 -1
3538 3733 -1
1666 3538 -1
1374 3538 -1
2358 3538 -1
2487 3538 -1
561 2493 -1
1297 2493 -1
561 2439 -1
1137 1948 -1
1137 1776 -1
1137 3809 -1
1137 1322 -1
1137 2422 -1
1137 3456 -1
151 576 -1
151 1648 -1
151 289 -1
151 3497 -1
188 841 -1
2126 3753 -1
2126 2151 -1
1057 3673 -1
3309 3673 -1
3673 3805 -1
1211 3673 -1
245 3673 -1
3527 3673 -1
1057 1276 -1
71 558 -1
558 1032 -1
558 2009 -1
558 3018 -1
558 838 -1
2817 3368 -1
1542 2354 -1
513 2354 -1
663 2533 -1
418 3670 -1
1663 3670 -1
886 1940 -1
1940 2262 -1
1326 1940 -1
1246 1940 -1
354 1941 -1
354 555 -1
354 2030 -1
239 354 -1
354 1492 -1
354 590 -1
354 2842 -1
354 3131 -1
2090 3582 -1
2037 3077 -1
342 2216 -1
2216 2721 -1
342 1573 -1
437 3562 -1
2818 3756 -1
3342 3756 -1
1147 2818 -1
1522 3141 -1
2432 3141 -1
1822 3141 -1
270 2165 -1
270 1176 -1
64 2248 -1
2075 2248 -1
2248 2908 -1
283 3053 -1
283 1818 -1
283 1524 -1
283 726 -1
283 735 -1
93 3139 -1
357 2624 -1
2624 2880 -1
653 2624 -1
2352 2624 -1
2624 2808 -1
1595 2624 -1
2624 3612 -1
2624 2973 -1
255 2624 -1
3318 3460 -1
2730 3460 -1
1205 3460 -1
58 217 -1
58 1668 -1
58 3803 -1
58 2028 -1
155 2826 -1
1303 3783 -1
312 2797 -1
468 992 -1
584 992 -1
992 3209 -1
868 2259 -1
2259 2433 -1
189 2259 -1
868 1190 -1
1447 1645 -1
961 1447 -1
1447 2363 -1
407 1760 -1
365 399 -1
399 3657 -1
399 1996 -1
148 399 -1
399 2582 -1
399 1146 -1
399 1310 -1
365 2708 -1
2114 2723 -1
1150 3033 -1
420 3033 -1
50 1214 -1
50 3185 -1
991 1907 -1
1843 3380 -1
557 3609 -1
2563 3609 -1
2110 3609 -1
1557 1796 -1
2276 2831 -1
1857 2831 -1
996 2831 -1
874 2831 -1
2481 2831 -1
469 2831 -1
2831 3812 -1
1498 2966 -1
2966 3747 -1
1668 3710 -1
217 3710 -1
3710 3803 -1
2028 3710 -1
10 2286 -1
396 2286 -1
3016 3135 -1
413 631 -1
631 2424 -1
631 3686 -1
413 3742 -1
165 3253 -1
1402 2968 -1
2175 2313 -1
1658 2406 -1
1430 2406 -1
1658 3606 -1
1129 2236 -1
1517 2852 -1
1039 3122 -1
298 1039 -1
1039 1596 -1
1039 2647 -1
846 3433 -1
846 2833 -1
846 2188 -1
773 846 -1
305 1991 -1
1074 1991 -1
1140 1991 -1
330 1991 -1
1410 2709 -1
2709 3705 -1
1736 3629 -1
691 1736 -1
1736 3788 -1
2844 3141 -1
100 1058 -1
661 1058 -1
1848 2921 -1
984 1848 -1
1848 3511 -1
286 1848 -1
143 1848 -1
1019 3198 -1
1019 1973 -1
1350 3684 -1
1350 3521 -1
1350 2034 -1
1328 3217 -1
3217 3283 -1
3217 3461 -1
1328 2899 -1
306 717 -1
717 3813 -1
306 2130 -1
35 3729 -1
2212 3729 -1
1752 2455 -1
574 3439 -1
2594 3777 -1
2565 2594 -1
2648 3533 -1
1364 3533 -1
2648 3232 -1
2648 3359 -1
1789 3077 -1
136 3077 -1
2423 3107 -1
1624 2423 -1
2423 3467 -1
2423 3494 -1
95 2423 -1
2232 3567 -1
1681 3567 -1
2962 3567 -1
2546 3567 -1
326 3567 -1
989 1868 -1
989 2592 -1
8 3773 -1
8 3600 -1
8 240 -1
8 3099 -1
8 304 -1
8 3023 -1
2398 3510 -1
2070 2100 -1
1379 2100 -1
1767 2100 -1
485 2070 -1
999 2070 -1
243 2070 -1
2070 3737 -1
187 2070 -1
60 2070 -1
2860 3301 -1
2754 3301 -1
2860 2900 -1
732 2191 -1
296 2191 -1
1558 2191 -1
800 1376 -1
2461 3451 -1
1762 3451 -1
3451 3463 -1
832 2461 -1
929 2461 -1
2026 2461 -1
2461 3403 -1
1783 2461 -1
1050 2461 -1
2461 2749 -1
485 2535 -1
2535 3737 -1
626 2535 -1
187 2535 -1
2100 2535 -1
60 2535 -1
245 3223 -1
1057 3223 -1
1211 3223 -1
3223 3309 -1
3223 3527 -1
3223 3805 -1
2204 3611 -1
3611 3708 -1
2204 3793 -1
1078 2204 -1
2734 3115 -1
3115 3329 -1
3115 3315 -1
1328 1696 -1
1696 3283 -1
1696 3461 -1
1761 2429 -1
2248 2979 -1
2248 3595 -1
2248 3218 -1
782 2248 -1
1922 2248 -1
406 2248 -1
1890 2090 -1
423 3491 -1
1974 3789 -1
1974 3189 -1
215 1974 -1
23 2556 -1
2552 2556 -1
2556 3208 -1
165 2444 -1
1263 3422 -1
1263 3526 -1
1425 3710 -1
1628 3710 -1
2006 3710 -1
329 338 -1
338 3699 -1
338 2564 -1
338 733 -1
338 1478 -1
338 3375 -1
329 600 -1
329 3158 -1
549 1794 -1
1794 3154 -1
1794 2082 -1
685 1794 -1
1794 3758 -1
1794 2207 -1
3604 3781 -1
1691 2682 -1
2682 2965 -1
1028 1691 -1
212 1691 -1
1691 3678 -1
727 1141 -1
727 2198 -1
527 3776 -1
416 2589 -1
1683 2589 -1
1797 2589 -1
294 2589 -1
153 2043 -1
2043 2733 -1
153 3577 -1
153 940 -1
153 1844 -1
153 2950 -1
153 3287 -1
1787 2323 -1
2323 3138 -1
1281 1680 -1
1281 3685 -1
1746 1983 -1
707 1746 -1
360 2419 -1
436 2846 -1
1009 2846 -1
1786 2846 -1
964 2846 -1
1879 2846 -1
1204 2694 -1
2060 2694 -1
1588 2694 -1
689 1787 -1
689 3138 -1
602 3049 -1
285 602 -1
274 720 -1
274 2123 -1
123 376 -1
123 3457 -1
123 3466 -1
140 2007 -1
511 789 -1
511 3658 -1
524 2211 -1
524 2483 -1
474 2334 -1
474 559 -1
1976 2964 -1
16 2964 -1
1460 1976 -1
1010 3453 -1
1353 3453 -1
950 1010 -1
403 1181 -1
1035 1881 -1
1035 1067 -1
115 2915 -1
1548 1858 -1
914 1323 -1
2458 3396 -1
3396 3541 -1
1173 2458 -1
392 514 -1
514 1882 -1
514 1555 -1
514 1437 -1
461 514 -1
1323 2440 -1
2514 3241 -1
1979 2514 -1
276 2514 -1
2359 2514 -1
516 2065 -1
473 516 -1
212 3174 -1
2682 3174 -1
1028 3174 -1
3174 3678 -1
1629 2574 -1
428 2574 -1
2574 3221 -1
3194 3243 -1
913 3194 -1
2625 3194 -1
1240 3389 -1
1062 3023 -1
1062 3600 -1
240 1062 -1
1062 3099 -1
1062 3773 -1
304 1062 -1
2704 2729 -1
1401 2729 -1
2729 3770 -1
