2190 2596 1
1356 2405 1
3275 3744 1
1932 3384 1
2368 2652 1
1151 1905 1
1029 3275 1
1029 3744 1
1014 2097 1
855 2065 1
1045 3547 1
2800 3547 1
1045 2800 1
876 1837 1
450 1192 1
2596 3438 1
2190 3438 1
472 1668 1
1605 3444 1
1181 1341 1
185 1341 1
185 1181 1
737 1648 1
860 902 1
592 1985 1
31 1029 1
31 3744 1
31 3275 1
834 1485 1
3034 3803 1
267 2258 1
2122 3559 1
1029 2174 1
2174 3744 1
2174 3275 1
31 2174 1
2065 3488 1
855 3488 1
423 490 1
1042 3367 1
656 1102 1
1485 2989 1
834 2989 1
3464 3791 1
1014 2831 1
2097 2831 1
2961 3524 1
282 2539 1
1076 3034 1
1076 3803 1
1203 1805 1
490 3483 1
423 3483 1
1014 1905 1
1905 2097 1
1905 2831 1
1014 1151 1
2932 2932 1
1715 1985 1
592 1715 1
847 3220 1
377 2831 1
377 2097 1
377 1014 1
377 1905 1
103 861 1
253 3057 1
642 2195 1
2191 3318 1
1244 2707 1
223 3809 1
2065 3456 1
3456 3488 1
855 3456 1
592 1387 1
1387 1985 1
1387 1715 1
3089 3202 1
1695 2735 1
609 3803 1
609 3034 1
609 1076 1
679 2257 1
3389 3679 1
1948 3254 1
3393 3803 1
609 3393 1
3034 3393 1
1076 3393 1
2554 3014 1
1029 3325 1
3325 3744 1
3275 3325 1
2174 3325 1
31 3325 1
698 931 1
609 2195 1
2195 3393 1
2195 3034 1
2195 3803 1
1076 2195 1
609 642 1
26 2843 1
1605 2171 1
2171 3444 1
883 3557 1
141 3547 1
141 2800 1
141 1045 1
1431 1605 1
1431 2171 1
1431 3444 1
377 2634 1
2097 2634 1
1905 2634 1
1014 2634 1
2634 2831 1
2390 2843 1
26 2390 1
282 922 1
922 2539 1
2308 3202 1
2308 3089 1
217 3303 1
1985 2502 1
592 2502 1
1387 2502 1
1715 2502 1
3075 3107 1
1332 3428 1
902 2612 1
860 2612 1
1030 2500 1
1605 2706 1
2171 2706 1
2706 3444 1
1431 2706 1
576 1685 1
1648 1668 1
737 1668 1
472 1648 1
1674 2226 1
472 1907 1
1648 1907 1
1668 1907 1
3579 3759 1
922 2003 1
282 2003 1
2003 2539 1
1024 2344 1
108 490 1
108 3483 1
108 423 1
1181 1809 1
185 1809 1
1341 1809 1
2011 2823 1
642 2019 1
609 2019 1
2019 2195 1
1932 2368 1
2368 3384 1
1932 2652 1
1562 2350 1
1816 2190 1
1816 2596 1
1816 3438 1
1612 3538 1
3254 3519 1
1948 3519 1
2136 2800 1
2136 3547 1
1045 2136 1
141 2136 1
2627 3631 1
1093 3524 1
1093 2961 1
902 3558 1
2612 3558 1
860 3558 1
1496 2019 1
609 1496 1
642 1496 1
1496 2195 1
1266 2634 1
1266 2097 1
1266 2831 1
1266 1905 1
1014 1266 1
377 1266 1
2483 2973 1
1261 2277 1
1104 1109 1
2347 3025 1
653 3025 1
653 2347 1
1283 2348 1
96 2429 1
1840 2484 1
2987 3385 1
35 3429 1
180 1588 1
2544 3385 1
2544 2987 1
799 3770 1
2592 2808 1
610 718 1
2002 2847 1
2748 3055 1
208 1588 1
180 208 1
3407 3665 1
2945 3710 1
778 2367 1
278 2564 1
2506 3272 1
840 1861 1
2965 3272 1
2506 2965 1
814 873 1
412 3028 1
2158 3294 1
1200 3763 1
1323 2237 1
839 1357 1
1054 3743 1
1691 2629 1
2455 3409 1
1751 2654 1
1272 1747 1
2192 2406 1
2608 3364 1
1282 2066 1
3101 3621 1
121 2864 1
1335 3217 1
434 3407 1
434 3665 1
550 2162 1
1736 3073 1
1478 2270 1
3409 3709 1
2455 3709 1
348 1591 1
1661 2256 1
648 3278 1
42 3676 1
255 1868 1
242 1200 1
242 3763 1
329 573 1
107 2592 1
107 2808 1
1054 3576 1
3576 3743 1
2137 2212 1
121 3612 1
2864 3612 1
307 3036 1
1254 1381 1
329 1254 1
573 1254 1
329 1381 1
78 2044 1
1104 2824 1
1109 2824 1
52 333 1
1526 2256 1
1526 1661 1
1015 1526 1
1015 2256 1
1015 1661 1
2162 2666 1
550 2666 1
2704 3133 1
69 563 1
2088 2785 1
840 2629 1
1861 2629 1
840 1691 1
255 1898 1
1868 1898 1
873 2943 1
814 2943 1
567 1936 1
2351 3651 1
1098 2388 1
1137 2159 1
190 840 1
190 1691 1
190 1861 1
190 2629 1
610 3386 1
718 3386 1
204 2277 1
204 1261 1
476 2351 1
476 3651 1
1842 2476 1
3372 3601 1
900 2064 1
2162 3395 1
2666 3395 1
550 3395 1
2242 2779 1
1172 3294 1
1172 2158 1
1311 3601 1
1311 3372 1
1631 1696 1
388 1104 1
388 2824 1
388 1109 1
677 1646 1
2768 3351 1
664 3621 1
664 3101 1
1015 3429 1
2256 3429 1
1661 3429 1
1526 3429 1
35 1015 1
1340 1595 1
601 1360 1
3272 3615 1
2506 3615 1
2965 3615 1
402 1898 1
402 1868 1
255 402 1
69 2159 1
563 2159 1
69 1137 1
1661 1691 1
1691 2256 1
1691 3429 1
1526 1691 1
1015 1691 1
840 1661 1
190 1661 1
1661 2629 1
1638 2414 1
1052 2899 1
2504 3217 1
1335 2504 1
2414 3294 1
1638 3294 1
1172 2414 1
2158 2414 1
11 1498 1
1591 2008 1
348 2008 1
643 2138 1
42 3401 1
3401 3676 1
1434 2722 1
204 1401 1
1401 2277 1
1261 1401 1
1957 3245 1
96 3066 1
2429 3066 1
527 3429 1
35 527 1
527 2256 1
527 1526 1
527 1015 1
527 1691 1
527 1661 1
1696 3249 1
1631 3249 1
2242 2592 1
2592 2779 1
2242 2808 1
107 2242 1
42 2949 1
2949 3401 1
2949 3676 1
2277 2600 1
1401 2600 1
204 2600 1
1261 2600 1
1198 1434 1
1198 2722 1
784 1514 1
2413 2474 1
2545 3004 1
2908 3698 1
1993 2193 1
1268 2230 1
1555 3532 1
41 2859 1
194 1008 1
393 3544 1
3043 3139 1
1716 2053 1
1239 1713 1
2474 2944 1
2413 2944 1
163 1230 1
784 3279 1
1514 3279 1
1882 3064 1
822 1814 1
2186 3592 1
2272 3457 1
1070 3564 1
1255 2285 1
48 1986 1
1959 2835 1
2083 3232 1
408 2014 1
772 1669 1
1901 2057 1
3435 3552 1
153 1636 1
3064 3434 1
1882 3434 1
66 3046 1
744 2356 1
843 1986 1
48 843 1
882 1136 1
129 295 1
2255 2739 1
144 3544 1
144 393 1
1511 2076 1
939 2319 1
104 2046 1
1636 2999 1
153 2999 1
1002 3443 1
2908 3781 1
3698 3781 1
755 2318 1
2040 2254 1
192 345 1
1242 2252 1
1846 3713 1
408 1686 1
1686 2014 1
771 2444 1
163 2655 1
1230 2655 1
311 1051 1
1215 2040 1
1215 2254 1
822 2953 1
1814 2953 1
99 2095 1
392 2272 1
392 3457 1
1535 2407 1
704 3323 1
1242 2953 1
2252 2953 1
1242 1814 1
822 1242 1
1215 1636 1
1636 2040 1
1636 2254 1
153 1215 1
1215 2999 1
1899 2545 1
1899 3004 1
2479 3563 1
699 1391 1
587 3563 1
587 2479 1
1909 3552 1
1909 3435 1
547 3762 1
55 1418 1
1972 2252 1
1972 2953 1
1242 1972 1
1781 3097 1
445 1293 1
2474 2897 1
2897 2944 1
2413 2897 1
2315 2369 1
210 1839 1
390 3434 1
390 3064 1
390 1882 1
1906 3764 1
699 1866 1
1391 1866 1
2369 2407 1
2315 2407 1
1535 2369 1
2177 3624 1
2513 2658 1
699 2210 1
1866 2210 1
1391 2210 1
744 1901 1
1901 2356 1
744 2057 1
466 1404 1
444 627 1
1592 2255 1
1592 2739 1
55 1464 1
1418 1464 1
268 2733 1
1769 2846 1
170 777 1
644 2743 1
1754 3762 1
547 1754 1
203 2166 1
376 2095 1
99 376 1
1051 1527 1
311 1527 1
1001 2315 1
1001 2369 1
1001 2407 1
1636 3391 1
2254 3391 1
2999 3391 1
2040 3391 1
153 3391 1
1215 3391 1
960 2980 1
163 846 1
846 1230 1
846 2655 1
2508 2513 1
2508 2658 1
398 2072 1
144 1239 1
1239 3544 1
393 1239 1
144 1713 1
84 1790 1
575 3230 1
772 2508 1
1669 2508 1
772 2513 1
772 2658 1
3139 3232 1
3043 3232 1
2083 3139 1
393 1326 1
1326 3544 1
144 1326 1
1239 1326 1
2179 2999 1
153 2179 1
2179 3391 1
1636 2179 1
1215 2179 1
1043 3359 1
3207 3320 1
705 1418 1
705 1464 1
55 705 1
1790 2570 1
84 2570 1
2356 2545 1
744 2545 1
1901 2545 1
1899 2356 1
2356 3004 1
392 2747 1
2272 2747 1
2747 3457 1
575 1874 1
1874 3230 1
806 1799 1
1773 2431 1
3114 3126 1
2938 3561 1
1009 2377 1
640 2361 1
1296 3184 1
3461 3546 1
1090 3802 1
462 3196 1
462 3696 1
3196 3696 1
1097 2259 1
503 650 1
292 3091 1
2902 2977 1
3238 3319 1
534 2071 1
2143 3334 1
903 3015 1
650 1794 1
503 1794 1
752 2520 1
1794 3015 1
650 3015 1
503 3015 1
903 1794 1
1009 1380 1
1380 2377 1
757 3708 1
1664 3569 1
79 1251 1
569 903 1
569 1794 1
569 3015 1
1775 3143 1
2012 3561 1
2012 2938 1
993 2143 1
993 3334 1
157 1548 1
988 1377 1
2399 3276 1
233 618 1
2094 2170 1
233 2012 1
618 2012 1
233 3561 1
233 2938 1
247 3193 1
2259 3561 1
1097 3561 1
233 2259 1
2259 2938 1
2012 2259 1
994 1625 1
181 2007 1
640 1296 1
1296 2361 1
640 3184 1
2403 3495 1
806 2094 1
1799 2094 1
806 2170 1
97 2215 1
1608 1775 1
1608 3143 1
3114 3461 1
3126 3461 1
3114 3546 1
1939 3304 1
1317 3263 1
97 1625 1
1625 2215 1
97 994 1
1296 2844 1
2844 3184 1
640 2844 1
2361 2844 1
259 1377 1
259 988 1
37 719 1
2840 3569 1
1664 2840 1
1328 2146 1
1559 2978 1
1820 3049 1
1003 1251 1
79 1003 1
411 3420 1
1277 2675 1
2726 3184 1
1296 2726 1
640 2726 1
2726 2844 1
757 1919 1
1919 3708 1
640 3583 1
3184 3583 1
2726 3583 1
1296 3583 1
2361 3583 1
2844 3583 1
2009 3478 1
3096 3672 1
569 2264 1
1794 2264 1
2264 3015 1
903 2264 1
1548 2279 1
157 2279 1
1820 3808 1
3049 3808 1
2051 2726 1
640 2051 1
1296 2051 1
2051 3184 1
2051 2844 1
2051 3583 1
47 1939 1
47 3304 1
1946 3018 1
757 1806 1
1806 3708 1
1806 1919 1
582 2112 1
1433 3276 1
1433 2399 1
292 2279 1
2279 3091 1
292 1548 1
157 292 1
79 2990 1
1251 2990 1
1003 2990 1
1210 2543 1
1801 2904 1
1608 2338 1
2338 3143 1
1775 2338 1
582 1786 1
1786 2112 1
1848 2294 1
518 2543 1
518 1210 1
780 786 1
2143 3700 1
993 3700 1
3334 3700 1
893 1755 1
1063 3263 1
1063 1317 1
2895 3517 1
725 806 1
725 2170 1
725 2094 1
725 1799 1
2936 3643 1
1243 3114 1
1243 3546 1
1243 3461 1
1243 3126 1
978 2661 1
3419 3495 1
2403 3419 1
2157 3193 1
247 2157 1
2975 3193 1
2157 2975 1
247 2975 1
2399 2876 1
1433 2876 1
2876 3276 1
1454 2144 1
14 1263 1
3040 3094 1
71 2578 1
1063 2543 1
1317 2543 1
2543 3263 1
1063 1210 1
518 1063 1
1210 1350 1
1063 1350 1
518 1350 1
1350 2543 1
640 1817 1
1817 3184 1
1817 2051 1
1817 2726 1
1296 1817 1
1817 2361 1
1817 2844 1
1817 3583 1
373 2986 1
1000 3813 1
127 870 1
312 1269 1
1765 3165 1
1039 3548 1
193 3769 1
245 2423 1
2149 3113 1
1553 2311 1
89 308 1
1680 2280 1
2579 3373 1
602 3769 1
193 602 1
2296 2327 1
2649 3527 1
685 3819 1
1148 1682 1
1811 2477 1
67 3481 1
215 1580 1
1764 3224 1
914 3473 1
469 3373 1
469 2579 1
754 2391 1
2470 2814 1
1804 2385 1
1461 2423 1
245 1461 1
1728 3805 1
193 2922 1
2922 3769 1
602 2922 1
116 2922 1
116 193 1
116 602 1
116 3769 1
1603 3758 1
3658 3789 1
615 2697 1
2278 2986 1
373 2278 1
1337 1461 1
245 1337 1
1337 2423 1
2371 2657 1
256 356 1
2227 3045 1
1811 3154 1
2477 3154 1
116 856 1
193 856 1
856 2922 1
602 856 1
856 3769 1
2697 3797 1
615 3797 1
67 1442 1
1442 3481 1
438 1547 1
1652 2671 1
2423 2885 1
1337 2885 1
245 2885 1
1461 2885 1
1647 2332 1
888 2573 1
1039 2714 1
2714 3548 1
134 912 1
3288 3796 1
438 2073 1
1547 2073 1
464 2760 1
339 754 1
339 2391 1
1771 3199 1
1179 2523 1
167 2630 1
1416 1553 1
1416 2311 1
2280 3641 1
1680 3641 1
844 1188 1
293 1175 1
2470 2801 1
2801 2814 1
2951 3116 1
919 2266 1
1039 2202 1
2202 2714 1
2202 3548 1
1308 2729 1
2134 3282 1
2638 2780 1
1756 2780 1
1756 2638 1
1670 2006 1
906 1670 1
906 2006 1
100 904 1
2922 3812 1
193 3812 1
116 3812 1
856 3812 1
3769 3812 1
602 3812 1
1903 3813 1
1000 1903 1
3082 3662 1
1216 2194 1
308 1175 1
89 1175 1
293 308 1
738 1649 1
2006 2470 1
906 2470 1
1670 2470 1
2006 2801 1
2006 2814 1
2784 3050 1
2393 3718 1
3197 3441 1
2421 2853 1
775 2700 1
2149 3297 1
3113 3297 1
127 1453 1
870 1453 1
1647 2149 1
2149 2332 1
1647 3113 1
1647 3297 1
1057 3157 1
57 3418 1
1175 1903 1
89 1903 1
308 1903 1
293 1903 1
1000 1175 1
1175 3813 1
2301 3418 1
57 2301 1
2556 2630 1
167 2556 1
2391 3797 1
754 3797 1
339 3797 1
2391 2697 1
615 2391 1
829 2729 1
829 1308 1
669 2206 1
2495 3473 1
914 2495 1
2548 3309 1
2772 2993 1
1343 2509 1
2993 3345 1
2772 3345 1
1670 2278 1
906 2278 1
2278 2470 1
2006 2278 1
1670 2986 1
373 1670 1
1766 2391 1
615 1766 1
1766 2697 1
754 1766 1
339 1766 1
1766 3797 1
1304 3418 1
57 1304 1
1304 2301 1
437 2619 1
2266 2905 1
919 2905 1
1343 3620 1
2509 3620 1
759 914 1
759 3473 1
759 2495 1
828 1304 1
57 828 1
828 3418 1
828 2301 1
844 3540 1
1188 3540 1
437 2013 1
2013 2619 1
1249 2250 1
523 974 1
1767 2392 1
344 3598 1
481 2664 1
693 1481 1
2089 2852 1
442 3437 1
768 2829 1
3566 3724 1
135 2428 1
117 1036 1
2283 3575 1
2709 2931 1
1167 1656 1
1249 3437 1
2250 3437 1
442 1249 1
703 1800 1
1313 3259 1
1023 2219 1
1379 2250 1
1249 1379 1
1379 3437 1
1126 2926 1
1662 2712 1
1319 1330 1
865 2635 1
1253 2839 1
2805 3575 1
2283 2805 1
1020 2799 1
2674 3251 1
303 1744 1
1207 3587 1
2018 3235 1
1226 2178 1
511 2869 1
1207 1604 1
1604 3587 1
2806 3750 1
1912 2684 1
1299 3235 1
1299 2018 1
974 1253 1
523 1253 1
974 2839 1
523 1847 1
1253 1847 1
974 1847 1
198 986 1
2678 3299 1
1142 2773 1
1149 2674 1
1149 3251 1
1319 3587 1
1330 3587 1
1319 1604 1
1207 1319 1
1100 2701 1
2010 3293 1
897 3575 1
897 2283 1
897 2805 1
2773 3575 1
1142 3575 1
897 2773 1
2283 2773 1
2773 2805 1
1112 2708 1
1149 2241 1
2241 2674 1
2241 3251 1
739 1744 1
303 739 1
693 2445 1
1481 2445 1
1402 3625 1
2532 3784 1
1319 2773 1
1330 2773 1
2773 3587 1
1604 2773 1
1207 2773 1
897 1319 1
1319 2283 1
1319 2805 1
1142 1319 1
1319 3575 1
2888 2924 1
1078 2710 1
1721 2635 1
865 1721 1
2839 2882 1
1253 2882 1
974 2882 1
424 2460 1
1395 3080 1
184 2669 1
974 1516 1
1516 2882 1
1253 1516 1
523 1516 1
1516 2839 1
1516 1847 1
1329 2445 1
1329 1481 1
693 1329 1
3152 3312 1
1126 2530 1
2530 2926 1
3566 3757 1
3724 3757 1
2981 3186 1
1078 2396 1
2396 2710 1
349 2462 1
1912 2283 1
2283 2684 1
897 1912 1
1319 1912 1
1912 2773 1
1912 3575 1
1912 2805 1
2946 3251 1
2241 2946 1
2674 2946 1
1149 2946 1
1477 3793 1
511 2362 1
2362 2869 1
3108 3293 1
2010 3108 1
424 2617 1
2460 2617 1
1556 2888 1
1556 2924 1
1402 1441 1
1441 3625 1
689 3724 1
689 3757 1
689 3566 1
797 2698 1
2128 2183 1
2445 3251 1
1481 3251 1
693 3251 1
1329 3251 1
2241 2445 1
2445 2946 1
2445 2674 1
1149 2445 1
1167 2678 1
1656 2678 1
1167 3299 1
1481 3661 1
1329 3661 1
3251 3661 1
693 3661 1
2445 3661 1
769 3237 1
313 2593 1
959 3566 1
689 959 1
959 3724 1
959 3757 1
249 424 1
249 2617 1
249 2460 1
2183 2684 1
2128 2684 1
1912 2183 1
2183 2283 1
878 2684 1
878 1912 1
878 2128 1
878 2283 1
878 2183 1
65 2460 1
65 424 1
65 2617 1
65 249 1
1256 1924 1
1309 2591 1
2593 3125 1
313 3125 1
2882 3308 1
1516 3308 1
1253 3308 1
974 3308 1
2839 3308 1
971 1729 1
1706 2517 1
1729 3405 1
971 3405 1
515 3399 1
1536 2130 1
747 2017 1
800 1209 1
1083 2653 1
2878 3041 1
2821 3560 1
541 2140 1
1345 1772 1
1426 2446 1
1430 2130 1
1430 1536 1
1367 3381 1
400 1440 1
590 2389 1
400 1560 1
1440 1560 1
2447 3626 1
930 2921 1
3399 3697 1
515 3697 1
148 2426 1
326 1316 1
54 2855 1
146 2964 1
2519 3476 1
1630 2878 1
1630 3041 1
2446 3077 1
1426 3077 1
2894 3013 1
747 2536 1
2017 2536 1
1726 3514 1
286 2200 1
1321 3181 1
499 1852 1
1359 3584 1
440 877 1
350 2923 1
1124 3511 1
680 1897 1
440 3486 1
877 3486 1
750 1699 1
2032 2901 1
162 252 1
2994 3002 1
2435 3732 1
451 1439 1
2798 3462 1
384 2263 1
732 3307 1
334 2243 1
337 558 1
711 1083 1
711 2653 1
2115 3736 1
1146 3505 1
1419 1918 1
710 2232 1
451 596 1
596 1439 1
1144 3206 1
27 670 1
3102 3394 1
659 2017 1
659 2536 1
659 747 1
774 2590 1
1694 2243 1
334 1694 1
1459 2486 1
568 1168 1
926 1791 1
2370 3301 1
92 2517 1
92 1706 1
337 2842 1
558 2842 1
296 2111 1
2789 3038 1
848 3513 1
3821 3821 1
2546 3399 1
2546 3697 1
515 2546 1
930 1519 1
1519 2921 1
742 2962 1
2032 2912 1
2901 2912 1
877 1432 1
440 1432 1
1432 3486 1
2519 3394 1
3394 3476 1
2519 3102 1
1658 3405 1
1658 1729 1
971 1658 1
1232 3369 1
1085 2694 1
3030 3654 1
493 1473 1
558 2740 1
337 2740 1
2740 2842 1
1676 2316 1
1913 1949 1
848 2448 1
2448 3513 1
146 350 1
350 2964 1
146 2923 1
54 2374 1
2374 2855 1
853 2789 1
853 3038 1
867 1581 1
1538 1826 1
2541 3597 1
113 1996 1
111 440 1
111 1432 1
111 877 1
111 3486 1
3030 3584 1
3584 3654 1
1359 3030 1
440 3408 1
1432 3408 1
877 3408 1
3408 3486 1
111 3408 1
166 853 1
166 2789 1
166 3038 1
326 2622 1
1316 2622 1
326 1630 1
1316 1630 1
1630 2622 1
326 3041 1
326 2878 1
264 1572 1
596 2435 1
451 2435 1
1439 2435 1
596 3732 1
98 3654 1
98 3584 1
98 3030 1
746 3008 1
45 3002 1
45 2994 1
334 3029 1
2243 3029 1
1694 3029 1
1426 2263 1
2263 3077 1
2263 2446 1
384 1426 1
2571 3584 1
98 2571 1
2571 3654 1
2571 3030 1
1359 2571 1
921 1125 1
3405 3732 1
1729 3732 1
1658 3732 1
971 3732 1
2435 3405 1
596 3405 1
33 3013 1
33 2894 1
493 1550 1
1473 1550 1
1103 2622 1
1103 1316 1
1103 1630 1
326 1103 1
2857 2970 1
763 764 1
251 2016 1
1385 2153 1
3454 3794 1
1657 3298 1
2100 2998 1
1582 3156 1
933 3368 1
2069 3402 1
447 2836 1
1353 1582 1
1353 3156 1
1988 3021 1
1312 1568 1
1960 3021 1
1960 1988 1
294 1900 1
2794 3106 1
310 3021 1
310 1960 1
310 1988 1
76 1742 1
2454 3302 1
773 891 1
3001 3266 1
1508 2958 1
753 1082 1
1529 2528 1
1856 2865 1
537 866 1
2203 3144 1
90 3659 1
2518 2626 1
2727 3717 1
492 3780 1
1177 1620 1
2372 3680 1
383 3192 1
310 3166 1
1960 3166 1
1988 3166 1
3021 3166 1
206 310 1
206 1960 1
206 1988 1
206 3021 1
206 3166 1
2323 2723 1
243 3410 1
1724 3291 1
492 3551 1
3551 3780 1
2203 3659 1
3144 3659 1
90 2203 1
1727 3392 1
1351 3156 1
1351 1353 1
1351 1582 1
2 1524 1
889 2182 1
1421 2939 1
187 564 1
70 441 1
2621 3281 1
1194 3302 1
1194 2454 1
238 927 1
1502 1709 1
416 1683 1
2769 3298 1
1657 2769 1
2 1566 1
1524 1566 1
275 1388 1
2090 3707 1
3273 3298 1
1657 3273 1
2769 3273 1
1953 2998 1
1953 2100 1
460 2410 1
2132 3586 1
243 667 1
667 3410 1
572 2091 1
1502 1803 1
1709 1803 1
2992 3728 1
1474 1510 1
441 973 1
70 973 1
206 1370 1
1370 1988 1
1370 1960 1
1370 3021 1
310 1370 1
1370 3166 1
2732 3680 1
2372 2732 1
1818 1960 1
1818 1988 1
1818 3021 1
206 1818 1
310 1818 1
1370 1818 1
1818 3166 1
1422 2954 1
1653 1841 1
2469 3069 1
517 1116 1
977 2337 1
2449 2621 1
2449 3281 1
70 70 1
2883 3454 1
2883 3794 1
383 1385 1
1385 3192 1
383 2153 1
2153 3192 1
2731 3760 1
1108 3588 1
1166 2935 1
1818 2274 1
1988 2274 1
1960 2274 1
2274 3021 1
206 2274 1
310 2274 1
1370 2274 1
2274 3166 1
992 1344 1
161 3454 1
161 3794 1
161 2883 1
416 683 1
683 1683 1
2337 3613 1
977 3613 1
537 992 1
866 992 1
537 1344 1
2809 3520 1
1599 2809 1
1599 3520 1
2304 2769 1
1657 2304 1
2304 3298 1
2304 3273 1
572 2925 1
2091 2925 1
3311 3768 1
51 70 1
51 441 1
51 973 1
346 2328 1
735 1131 1
298 678 1
199 1344 1
199 992 1
199 537 1
176 1954 1
683 2557 1
416 2557 1
1683 2557 1
3454 3780 1
161 3780 1
3780 3794 1
2883 3780 1
492 3454 1
3454 3551 1
205 243 1
205 3410 1
205 667 1
1157 2386 1
1724 1727 1
1727 3291 1
1724 3392 1
2016 2537 1
251 2537 1
331 2472 1
75 681 1
1734 3737 1
30 3012 1
120 351 1
1850 2836 1
447 1850 1
517 3356 1
1116 3356 1
1354 2424 1
1019 1474 1
1019 1510 1
1081 3138 1
244 1651 1
86 426 1
1571 3705 1
2683 3689 1
426 2637 1
86 2637 1
3168 3468 1
9 2269 1
1271 3287 1
105 2034 1
2359 2683 1
2359 3689 1
851 3463 1
2129 2603 1
21 1173 1
2948 3602 1
2886 2913 1
281 1872 1
2771 3241 1
836 1288 1
2244 3470 1
2125 3153 1
429 1710 1
371 1601 1
1741 3121 1
2765 2862 1
1173 1522 1
21 1522 1
427 2683 1
427 3689 1
427 2359 1
1671 3353 1
427 674 1
674 3689 1
674 2683 1
674 2359 1
813 1575 1
2522 3072 1
1362 2529 1
676 2127 1
2696 2734 1
1792 3329 1
2228 3573 1
557 1362 1
557 2529 1
809 2293 1
1447 2818 1
3241 3570 1
2771 3570 1
1834 3168 1
1834 3468 1
375 1904 1
1362 2078 1
2078 2529 1
557 2078 1
629 1651 1
244 629 1
1089 1710 1
429 1089 1
426 3168 1
2637 3168 1
86 3168 1
426 1834 1
426 3468 1
2244 3814 1
3470 3814 1
638 3432 1
232 1011 1
2884 2918 1
426 1138 1
1138 3168 1
1138 1834 1
1138 3468 1
1138 2637 1
86 1138 1
1663 2419 1
1678 2756 1
2734 3522 1
2696 3522 1
868 3221 1
2172 3258 1
3005 3536 1
1933 2766 1
1964 3284 1
1089 3060 1
429 3060 1
1710 3060 1
1671 2917 1
2917 3353 1
1355 1544 1
1086 2918 1
1086 2884 1
651 1651 1
244 651 1
629 651 1
2676 2696 1
2676 3522 1
2676 2734 1
1980 3127 1
68 510 1
340 2359 1
340 3689 1
340 674 1
340 2683 1
340 427 1
836 3422 1
1288 3422 1
712 1834 1
712 3168 1
426 712 1
712 3468 1
712 1138 1
917 3104 1
1452 3675 1
2336 3589 1
2067 3315 1
3149 3536 1
3005 3149 1
3009 3300 1
2983 3573 1
2228 2983 1
857 1366 1
1452 3168 1
3168 3675 1
712 1452 1
1452 1834 1
1452 3468 1
1452 2637 1
1138 1452 1
86 1452 1
426 1452 1
155 851 1
155 3463 1
1600 3693 1
1355 1812 1
1544 1812 1
254 1520 1
1214 3287 1
1214 1271 1
2359 2699 1
674 2699 1
2699 3689 1
427 2699 1
340 2699 1
2683 2699 1
917 1411 1
1411 3104 1
484 3689 1
484 674 1
427 484 1
484 2699 1
340 484 1
484 2359 1
484 2683 1
1452 3523 1
3168 3523 1
712 3523 1
1834 3523 1
3468 3523 1
2637 3523 1
1138 3523 1
86 3523 1
3523 3675 1
426 3523 1
497 2818 1
497 1447 1
379 1904 1
375 379 1
1150 2765 1
1150 2862 1
638 936 1
936 3432 1
1007 2142 1
128 1300 1
1275 2691 1
2286 3468 1
2286 3168 1
2286 3523 1
712 2286 1
1834 2286 1
1452 2286 1
1138 2286 1
426 2286 1
1515 3468 1
1515 3168 1
1515 3523 1
712 1515 1
1515 1834 1
1452 1515 1
1515 2286 1
1138 1515 1
426 1515 1
201 2487 1
1978 3076 1
2866 3120 1
2253 2322 1
1666 2956 1
837 2042 1
1468 2042 1
837 1468 1
1074 3310 1
2521 3335 1
637 2056 1
2929 2966 1
707 3248 1
593 1617 1
532 3264 1
2585 3332 1
871 3735 1
831 3134 1
1983 3799 1
1022 3219 1
675 1403 1
2640 3650 1
3498 3623 1
1851 2395 1
314 3733 1
1779 3379 1
1570 2253 1
1570 2322 1
716 1798 1
1028 2688 1
2585 3132 1
3132 3332 1
716 1074 1
1074 1798 1
716 3310 1
2005 2240 1
1798 3147 1
1074 3147 1
716 3147 1
1926 2240 1
1926 2005 1
23 229 1
1926 3188 1
2240 3188 1
2005 3188 1
410 1821 1
2744 3647 1
1752 1827 1
1018 2240 1
1018 3188 1
1018 2005 1
1018 1926 1
2324 3337 1
1688 1943 1
3485 3678 1
858 2253 1
858 2322 1
858 1570 1
852 2101 1
1342 2560 1
1983 2324 1
2324 3799 1
1983 3337 1
1095 2527 1
761 1208 1
2056 2349 1
637 2349 1
1208 2005 1
761 2005 1
1208 2240 1
1208 1926 1
1208 3188 1
1018 1208 1
1141 3415 1
1551 3416 1
1963 2689 1
1164 3332 1
1164 2585 1
1164 3132 1
3124 3331 1
1446 2616 1
1021 2682 1
36 953 1
2716 3411 1
559 1374 1
1378 2222 1
2342 2382 1
2382 2997 1
2342 2997 1
2585 3354 1
3132 3354 1
1164 3354 1
3332 3354 1
2512 3647 1
2512 2744 1
1234 3076 1
1234 1978 1
1325 1831 1
2349 3512 1
2056 3512 1
637 3512 1
1579 3376 1
112 1570 1
112 2322 1
112 858 1
112 2253 1
1469 3518 1
364 2586 1
512 1943 1
512 1688 1
1017 2005 1
1017 2240 1
1017 1926 1
1017 3188 1
1017 1208 1
761 1017 1
1017 1018 1
201 2750 1
2487 2750 1
896 2253 1
112 896 1
896 2322 1
858 896 1
896 1570 1
1435 2890 1
118 3817 1
118 2928 1
2928 3817 1
3415 3740 1
1141 3740 1
3357 3518 1
1469 3357 1
1306 2299 1
593 2253 1
1617 2253 1
593 896 1
593 1570 1
112 593 1
593 2322 1
593 858 1
2604 3442 1
494 3128 1
1915 1983 1
1915 3337 1
1915 2324 1
1915 3799 1
391 2605 1
1483 3081 1
214 3735 1
214 871 1
1285 3147 1
1074 1285 1
716 1285 1
1285 1798 1
432 2063 1
1427 3416 1
1427 1551 1
2339 3158 1
2758 2881 1
2535 3248 1
707 2535 1
2229 2498 1
649 2101 1
649 852 1
1835 3216 1
2005 2108 1
2108 2240 1
1926 2108 1
2108 3188 1
1017 2108 1
1208 2108 1
761 2108 1
1018 2108 1
716 2841 1
1285 2841 1
1798 2841 1
2841 3147 1
2841 3310 1
1074 2841 1
387 1923 1
1915 3442 1
3337 3442 1
3442 3799 1
2324 3442 1
1983 3442 1
1915 2604 1
1285 1690 1
1690 1798 1
1690 3147 1
716 1690 1
1074 1690 1
1690 2841 1
46 3782 -1
110 869 -1
1646 1822 -1
677 1822 -1
353 929 -1
87 2281 -1
3546 3690 -1
3114 3690 -1
1243 3690 -1
3461 3690 -1
250 947 -1
1148 2831 -1
1682 2831 -1
1148 1905 -1
1148 2634 -1
1148 2097 -1
1148 1266 -1
1014 1148 -1
377 1148 -1
1378 3786 -1
2222 3786 -1
3599 3783 -1
214 3025 -1
871 3025 -1
3025 3735 -1
214 2347 -1
214 653 -1
114 2729 -1
114 1308 -1
114 829 -1
1372 3235 -1
1372 2018 -1
1299 1372 -1
582 1071 -1
1071 2112 -1
1071 1786 -1
3124 3638 -1
3331 3638 -1
2067 3175 -1
3175 3315 -1
648 2131 -1
2131 3278 -1
1687 1767 -1
1687 2392 -1
114 2610 -1
590 3338 -1
2389 3338 -1
1780 2751 -1
1317 3602 -1
1063 3602 -1
2543 3602 -1
3263 3602 -1
1317 2948 -1
369 3225 -1
996 2881 -1
996 2758 -1
91 857 -1
91 1366 -1
1697 2543 -1
1317 1697 -1
1350 1697 -1
1063 1697 -1
518 1697 -1
1210 1697 -1
1697 3263 -1
1283 3715 -1
2348 3715 -1
1409 2973 -1
1409 2483 -1
12 1958 -1
23 2077 -1
229 2077 -1
1955 2744 -1
1955 2512 -1
1955 3647 -1
1416 2438 -1
1553 2438 -1
2311 2438 -1
2239 2956 -1
1666 2239 -1
1365 1446 -1
1365 2616 -1
1247 3480 -1
2949 3590 -1
3401 3590 -1
42 3590 -1
3590 3676 -1
936 1414 -1
1414 3432 -1
638 1414 -1
2333 2563 -1
212 251 -1
212 2016 -1
212 2537 -1
3088 3340 -1
2434 3276 -1
1433 2434 -1
2434 2876 -1
2399 2434 -1
325 3763 -1
325 1200 -1
242 325 -1
1729 1957 -1
1658 1957 -1
971 1957 -1
1957 3732 -1
1957 3405 -1
1729 3245 -1
1678 2496 -1
2496 2756 -1
1028 2338 -1
2338 2688 -1
1028 1608 -1
1028 1775 -1
1028 3143 -1
1813 2766 -1
1813 1933 -1
2576 2665 -1
39 2077 -1
911 1417 -1
2583 2624 -1
2205 2650 -1
328 1383 -1
369 2973 -1
369 2483 -1
405 1235 -1
2257 2886 -1
679 2886 -1
2257 2913 -1
1372 2525 -1
236 2425 -1
2480 2679 -1
209 949 -1
387 3190 -1
1923 3190 -1
534 1262 -1
1262 2071 -1
1693 3304 -1
1693 1939 -1
47 1693 -1
2862 3548 -1
2765 3548 -1
1150 3548 -1
2714 2862 -1
2202 2862 -1
1039 2862 -1
2303 2792 -1
1276 2332 -1
1276 2149 -1
1276 1647 -1
677 3778 -1
1646 3778 -1
1506 3088 -1
16 258 -1
1958 1963 -1
1958 2689 -1
1149 3421 -1
2241 3421 -1
2674 3421 -1
3251 3421 -1
2946 3421 -1
2445 3421 -1
2639 2957 -1
2091 3518 -1
572 3518 -1
2925 3518 -1
1469 2091 -1
2091 3357 -1
1131 3039 -1
735 3039 -1
624 2490 -1
1178 3800 -1
588 641 -1
332 364 -1
332 2586 -1
3148 3253 -1
3055 3304 -1
2748 3304 -1
1939 3055 -1
47 3055 -1
3357 3625 -1
1469 3625 -1
3518 3625 -1
1441 3357 -1
1402 3357 -1
2221 2973 -1
2221 2483 -1
1469 1960 -1
1960 3357 -1
1960 3518 -1
1469 2274 -1
1469 1988 -1
1469 3021 -1
206 1469 -1
310 1469 -1
1370 1469 -1
1469 1818 -1
1469 3166 -1
849 1172 -1
849 2414 -1
849 2158 -1
849 3294 -1
1452 3054 -1
3054 3168 -1
3054 3523 -1
712 3054 -1
1834 3054 -1
1515 3054 -1
3054 3468 -1
2637 3054 -1
2286 3054 -1
1138 3054 -1
86 3054 -1
3054 3675 -1
426 3054 -1
3567 3774 -1
2981 3354 -1
3186 3354 -1
2585 2981 -1
1164 2981 -1
2981 3132 -1
2981 3332 -1
1253 2358 -1
2358 2882 -1
2358 3308 -1
523 2358 -1
1516 2358 -1
974 2358 -1
2358 2839 -1
1847 2358 -1
3226 3231 -1
1254 1792 -1
329 1792 -1
1381 1792 -1
573 1792 -1
1254 3329 -1
2779 3053 -1
2592 3053 -1
2242 3053 -1
2077 3678 -1
2077 3485 -1
1446 3548 -1
2616 3548 -1
1446 2714 -1
1446 2202 -1
1039 1446 -1
280 1854 -1
348 2349 -1
2008 2349 -1
1591 2349 -1
348 2056 -1
348 3512 -1
348 637 -1
258 2388 -1
258 1098 -1
405 2716 -1
405 3411 -1
2480 2525 -1
293 333 -1
333 1903 -1
308 333 -1
333 1175 -1
52 293 -1
1262 2876 -1
1262 1433 -1
1262 3276 -1
1262 2399 -1
1282 3297 -1
2066 3297 -1
1282 3113 -1
1282 2149 -1
1282 1647 -1
16 1374 -1
16 559 -1
1705 3708 -1
757 1705 -1
1705 1806 -1
1705 1919 -1
214 2429 -1
871 2429 -1
2429 3735 -1
96 214 -1
214 3066 -1
615 1525 -1
1525 2697 -1
1525 3797 -1
1525 1766 -1
1525 2391 -1
1517 1689 -1
1271 2965 -1
1214 2965 -1
2965 3287 -1
1271 3272 -1
1271 2506 -1
1271 3615 -1
1507 1660 -1
890 1645 -1
1427 1453 -1
1453 3416 -1
1453 1551 -1
870 1427 -1
127 1427 -1
1386 1862 -1
93 3345 -1
93 2993 -1
93 2772 -1
604 887 -1
508 633 -1
19 2054 -1
3332 3392 -1
2585 3392 -1
1164 3392 -1
3132 3392 -1
3354 3392 -1
1724 3332 -1
1727 3332 -1
1384 3127 -1
1384 1980 -1
293 896 -1
896 1903 -1
308 896 -1
896 1175 -1
293 1570 -1
293 2253 -1
112 293 -1
293 593 -1
293 2322 -1
293 858 -1
1389 2633 -1
999 1483 -1
999 3081 -1
1705 1932 -1
1705 3384 -1
1705 2368 -1
1705 2652 -1
1883 3135 -1
1350 1411 -1
1210 1411 -1
1411 2543 -1
518 1411 -1
1063 1411 -1
1350 3104 -1
917 1350 -1
1978 2381 -1
1234 2381 -1
2381 3076 -1
16 2616 -1
16 1446 -1
633 3207 -1
633 3320 -1
2803 3711 -1
216 3386 -1
216 610 -1
216 718 -1
57 2604 -1
1304 2604 -1
2604 3418 -1
828 2604 -1
2301 2604 -1
57 3442 -1
57 1915 -1
1198 2950 -1
1434 2950 -1
2722 2950 -1
615 1884 -1
1884 2697 -1
1884 3797 -1
1766 1884 -1
1884 2391 -1
16 2056 -1
16 3512 -1
16 637 -1
16 2349 -1
1254 3778 -1
329 3778 -1
1381 3778 -1
573 3778 -1
49 2895 -1
49 3517 -1
1504 3645 -1
371 2665 -1
1601 2665 -1
1480 1729 -1
1480 1658 -1
971 1480 -1
1480 3732 -1
1480 3405 -1
2876 3439 -1
1433 3439 -1
3276 3439 -1
2399 3439 -1
3052 3378 -1
1689 3767 -1
2067 3239 -1
3239 3315 -1
1541 1689 -1
2434 3209 -1
3433 3523 -1
3168 3433 -1
712 3433 -1
3433 3468 -1
1834 3433 -1
1515 3433 -1
1452 3433 -1
2637 3433 -1
2286 3433 -1
1138 3433 -1
86 3433 -1
3433 3675 -1
426 3433 -1
1830 1843 -1
1303 1960 -1
1303 2274 -1
1303 1988 -1
1303 3021 -1
206 1303 -1
310 1303 -1
1303 1370 -1
1303 1818 -1
1303 3166 -1
1487 1789 -1
556 2791 -1
364 1122 -1
1122 2586 -1
3315 3665 -1
2067 3665 -1
434 3315 -1
3315 3407 -1
660 1206 -1
858 3269 -1
896 3269 -1
1570 3269 -1
2253 3269 -1
112 3269 -1
593 3269 -1
2322 3269 -1
850 2842 -1
337 850 -1
850 2740 -1
558 850 -1
1483 3433 -1
3081 3433 -1
1818 3542 -1
2274 3542 -1
1988 3542 -1
1960 3542 -1
3021 3542 -1
206 3542 -1
310 3542 -1
1370 3542 -1
3166 3542 -1
2406 2885 -1
2192 2885 -1
1337 2406 -1
1461 2406 -1
245 2406 -1
2406 2423 -1
1958 2604 -1
1958 3442 -1
1915 1958 -1
1318 1483 -1
1318 3081 -1
1052 2228 -1
2228 2899 -1
1052 3573 -1
1052 2983 -1
1989 2870 -1
185 526 -1
526 1809 -1
526 1341 -1
526 1181 -1
342 3067 -1
1416 1446 -1
1446 1553 -1
1446 2311 -1
1416 2616 -1
3072 3294 -1
2522 3294 -1
1638 3072 -1
1172 3072 -1
2414 3072 -1
2158 3072 -1
2084 2779 -1
2084 2592 -1
2084 2242 -1
947 1748 -1
16 1405 -1
73 251 -1
73 2016 -1
73 2537 -1
1786 3735 -1
2112 3735 -1
582 3735 -1
214 1786 -1
871 1786 -1
22 1973 -1
3366 3735 -1
214 3366 -1
871 3366 -1
2467 3167 -1
44 1958 -1
1434 1729 -1
1729 2722 -1
1198 1729 -1
1434 1658 -1
971 1434 -1
1434 3732 -1
1434 3405 -1
2584 3424 -1
364 3409 -1
2586 3409 -1
364 3709 -1
364 2455 -1
1405 1614 -1
586 2185 -1
1810 2965 -1
1810 3272 -1
1810 2506 -1
1810 3615 -1
488 3733 -1
314 488 -1
833 1536 -1
833 2130 -1
833 1430 -1
1003 3735 -1
1251 3735 -1
2990 3735 -1
79 3735 -1
214 1003 -1
871 1003 -1
1296 1697 -1
640 1697 -1
1697 2051 -1
1697 2726 -1
1697 3184 -1
1697 1817 -1
1697 2361 -1
1697 2844 -1
1697 3583 -1
6 3354 -1
6 2585 -1
6 1164 -1
6 3132 -1
6 3332 -1
2398 3372 -1
2398 3601 -1
1311 2398 -1
1349 1798 -1
1285 1349 -1
1349 3147 -1
716 1349 -1
1074 1349 -1
1349 2841 -1
1349 1690 -1
484 823 -1
674 823 -1
823 2699 -1
823 3689 -1
427 823 -1
340 823 -1
823 2359 -1
823 2683 -1
880 1821 -1
410 880 -1
37 3625 -1
719 3625 -1
37 1441 -1
37 1402 -1
887 3656 -1
1207 3733 -1
3587 3733 -1
1604 3733 -1
2773 3733 -1
1319 3733 -1
314 1207 -1
334 339 -1
339 2243 -1
339 3029 -1
339 1694 -1
334 754 -1
334 3797 -1
334 1766 -1
334 2391 -1
57 1963 -1
1304 1963 -1
1963 3418 -1
828 1963 -1
1963 2301 -1
57 2689 -1
130 3822 -1
2918 3436 -1
2884 3436 -1
1086 3436 -1
2744 2882 -1
2512 2882 -1
2882 3647 -1
2744 3308 -1
1516 2744 -1
1253 2744 -1
974 2744 -1
2744 2839 -1
1810 2333 -1
348 3714 -1
2008 3714 -1
1591 3714 -1
677 857 -1
857 1646 -1
677 1366 -1
311 791 -1
791 1051 -1
791 1527 -1
3226 3353 -1
2917 3226 -1
1671 3226 -1
1132 3452 -1
508 601 -1
508 1360 -1
2032 3135 -1
2912 3135 -1
2901 3135 -1
155 1148 -1
851 1148 -1
1148 3463 -1
155 1682 -1
868 3665 -1
3221 3665 -1
434 868 -1
868 3407 -1
1958 3773 -1
1702 3017 -1
302 878 -1
302 1912 -1
302 2128 -1
302 2283 -1
302 2684 -1
302 2183 -1
6 1827 -1
6 1752 -1
1875 2041 -1
2616 3674 -1
1446 3674 -1
216 3025 -1
216 2347 -1
216 653 -1
2491 2918 -1
2491 2884 -1
1086 2491 -1
344 1411 -1
1411 3598 -1
344 3104 -1
344 917 -1
1468 1958 -1
1958 2042 -1
837 1958 -1
653 868 -1
868 3025 -1
868 2347 -1
653 3221 -1
1178 3799 -1
1178 3442 -1
1178 1915 -1
1178 2324 -1
1178 1983 -1
2175 3376 -1
1579 2175 -1
190 3521 -1
840 3521 -1
1661 3521 -1
1691 3521 -1
1861 3521 -1
2629 3521 -1
1607 3590 -1
57 214 -1
214 1304 -1
214 3418 -1
214 828 -1
214 2301 -1
57 871 -1
57 3735 -1
9 1111 -1
1111 2269 -1
849 3747 -1
3207 3427 -1
3320 3427 -1
3060 3542 -1
1089 3542 -1
429 3542 -1
1710 3542 -1
16 112 -1
16 896 -1
16 1570 -1
16 2253 -1
16 593 -1
16 2322 -1
16 858 -1
1168 3595 -1
568 3595 -1
1416 2862 -1
1553 2862 -1
2311 2862 -1
1416 2765 -1
1150 1416 -1
616 2871 -1
676 1927 -1
1927 2127 -1
456 3645 -1
2273 2934 -1
2818 3709 -1
497 3709 -1
1447 3709 -1
2818 3409 -1
2455 2818 -1
371 3426 -1
1601 3426 -1
244 724 -1
724 1651 -1
651 724 -1
629 724 -1
2216 2876 -1
1433 2216 -1
2216 3276 -1
2216 2399 -1
2965 3607 -1
3272 3607 -1
2506 3607 -1
3607 3615 -1
327 375 -1
327 1904 -1
327 379 -1
613 3208 -1
914 1374 -1
1374 3473 -1
759 1374 -1
1374 2495 -1
559 914 -1
1801 1807 -1
1807 2904 -1
2282 2408 -1
267 2332 -1
2258 2332 -1
267 2149 -1
267 1647 -1
2524 2963 -1
1655 2981 -1
1655 3186 -1
2511 2831 -1
1905 2511 -1
2511 2634 -1
2097 2511 -1
1266 2511 -1
1014 2511 -1
377 2511 -1
2259 3228 -1
1097 3228 -1
2938 3228 -1
233 3228 -1
2012 3228 -1
3228 3561 -1
2401 3039 -1
1571 1796 -1
1796 3705 -1
1416 1904 -1
1553 1904 -1
1904 2311 -1
379 1416 -1
375 1416 -1
793 2163 -1
651 1098 -1
1098 1651 -1
244 1098 -1
629 1098 -1
651 2388 -1
287 1792 -1
287 3329 -1
868 2352 -1
2352 3221 -1
801 2761 -1
1546 2332 -1
1546 2149 -1
1546 1647 -1
610 3457 -1
3386 3457 -1
718 3457 -1
610 2272 -1
392 610 -1
610 2747 -1
322 364 -1
322 2586 -1
3361 3672 -1
3096 3361 -1
1696 2077 -1
2077 3249 -1
1631 2077 -1
2731 3719 -1
3719 3760 -1
329 1739 -1
573 1739 -1
1254 1739 -1
1381 1739 -1
602 1884 -1
193 1884 -1
1884 3812 -1
1884 2922 -1
116 1884 -1
856 1884 -1
1884 3769 -1
1409 3226 -1
2975 3690 -1
3193 3690 -1
2157 3690 -1
247 3690 -1
380 3570 -1
380 3241 -1
380 2771 -1
227 978 -1
227 2661 -1
1216 2877 -1
2194 2877 -1
2358 3774 -1
2862 3542 -1
2765 3542 -1
1150 3542 -1
2498 2911 -1
2229 2911 -1
911 1978 -1
911 1234 -1
911 3076 -1
32 1491 -1
2931 3647 -1
2709 3647 -1
2744 2931 -1
2512 2931 -1
355 1813 -1
2882 3599 -1
3308 3599 -1
1516 3599 -1
1253 3599 -1
974 3599 -1
2839 3599 -1
3353 3668 -1
2917 3668 -1
1671 3668 -1
3274 3357 -1
1469 3274 -1
3274 3518 -1
148 833 -1
833 2426 -1
641 3178 -1
425 2303 -1
355 1622 -1
318 1412 -1
484 541 -1
541 674 -1
541 2699 -1
541 3689 -1
427 541 -1
340 541 -1
541 2359 -1
541 2683 -1
484 2140 -1
3023 3774 -1
442 3729 -1
1249 3729 -1
3437 3729 -1
1303 2781 -1
698 3175 -1
931 3175 -1
212 2799 -1
212 1020 -1
2400 2885 -1
1337 2400 -1
1461 2400 -1
245 2400 -1
2400 2423 -1
209 914 -1
209 3473 -1
209 759 -1
209 2495 -1
1263 2791 -1
14 2791 -1
2881 3400 -1
2758 3400 -1
375 1751 -1
1751 1904 -1
379 1751 -1
375 2654 -1
600 3191 -1
221 1336 -1
1259 2779 -1
1259 2592 -1
1259 2242 -1
1161 3164 -1
1104 2676 -1
2676 2824 -1
388 2676 -1
1109 2676 -1
1104 2696 -1
1104 3522 -1
1104 2734 -1
107 2995 -1
2592 2995 -1
2808 2995 -1
2242 2995 -1
247 1796 -1
1796 3193 -1
1796 2157 -1
1796 2975 -1
362 2967 -1
2434 2525 -1
1667 2981 -1
1667 3186 -1
259 562 -1
562 1377 -1
562 988 -1
159 3581 -1
637 2150 -1
2056 2150 -1
2150 3512 -1
2150 2349 -1
234 1796 -1
1808 2779 -1
1808 2592 -1
1808 2242 -1
336 3278 -1
336 648 -1
999 2576 -1
1722 2467 -1
2779 3022 -1
2592 3022 -1
2242 3022 -1
1602 3253 -1
86 1588 -1
1588 3168 -1
1588 3523 -1
426 1588 -1
1452 1588 -1
1588 2637 -1
1138 1588 -1
86 208 -1
86 180 -1
2002 2129 -1
2129 2847 -1
2002 2603 -1
3070 3465 -1
3135 3399 -1
3135 3697 -1
2546 3135 -1
515 3135 -1
3186 3800 -1
2981 3800 -1
1330 2270 -1
2270 3587 -1
2270 2773 -1
1319 2270 -1
1330 1478 -1
908 3305 -1
412 583 -1
583 3028 -1
832 2917 -1
832 3353 -1
832 1671 -1
1317 3173 -1
1063 3173 -1
2543 3173 -1
3173 3263 -1
318 1115 -1
19 209 -1
3055 3334 -1
2748 3334 -1
993 3055 -1
3055 3700 -1
2143 3055 -1
1689 1966 -1
1310 2383 -1
1998 3231 -1
3 1374 -1
3 559 -1
1954 2619 -1
176 2619 -1
437 1954 -1
1954 2013 -1
16 118 -1
16 2928 -1
16 3817 -1
363 2610 -1
1693 2480 -1
837 3611 -1
2042 3611 -1
1468 3611 -1
405 1569 -1
251 893 -1
893 2016 -1
893 2537 -1
251 1755 -1
355 1842 -1
355 2476 -1
1638 2303 -1
2303 3294 -1
2303 2414 -1
47 3087 -1
3087 3304 -1
1939 3087 -1
1729 2663 -1
1658 2663 -1
971 2663 -1
2663 3732 -1
2663 3405 -1
1490 2576 -1
2054 2087 -1
591 3091 -1
292 591 -1
591 2279 -1
897 2414 -1
1319 2414 -1
2283 2414 -1
2414 2773 -1
2414 3575 -1
1912 2414 -1
2414 2805 -1
897 2158 -1
897 1172 -1
897 3294 -1
897 1638 -1
1044 1893 -1
2094 2355 -1
2170 2355 -1
725 2355 -1
806 2355 -1
1799 2355 -1
1218 3376 -1
1218 1579 -1
1435 2077 -1
2077 2890 -1
2380 2913 -1
2380 2886 -1
405 3216 -1
405 1835 -1
833 3097 -1
833 1781 -1
502 1185 -1
1202 2909 -1
1275 2333 -1
2333 2691 -1
257 2885 -1
257 1337 -1
257 1461 -1
245 257 -1
257 2423 -1
1722 1906 -1
1722 3764 -1
1314 3589 -1
1314 2336 -1
1792 3278 -1
3278 3329 -1
648 1792 -1
586 3127 -1
586 1980 -1
12 914 -1
12 3473 -1
12 759 -1
12 2495 -1
947 2577 -1
86 1109 -1
1109 3168 -1
1109 3523 -1
426 1109 -1
1109 1452 -1
1109 2637 -1
1109 1138 -1
86 1104 -1
86 2824 -1
86 388 -1
6 1667 -1
175 2758 -1
175 2881 -1
2067 2496 -1
2496 3315 -1
1425 3331 -1
1425 3124 -1
375 2973 -1
1904 2973 -1
379 2973 -1
375 2483 -1
1131 2570 -1
735 2570 -1
84 1131 -1
1131 1790 -1
325 1711 -1
2761 2859 -1
41 2761 -1
50 2231 -1
1173 2497 -1
1522 2497 -1
21 2497 -1
803 832 -1
599 3474 -1
651 3421 -1
1651 3421 -1
244 3421 -1
629 3421 -1
2819 3228 -1
1189 2561 -1
1710 1813 -1
1089 1813 -1
1813 3060 -1
429 1813 -1
29 3625 -1
29 1441 -1
29 1402 -1
964 1265 -1
86 2380 -1
2380 3168 -1
2380 3523 -1
426 2380 -1
1452 2380 -1
2380 2637 -1
1138 2380 -1
1958 2398 -1
1689 2671 -1
1652 1689 -1
2110 2665 -1
2051 2108 -1
640 2108 -1
2108 3184 -1
2108 2726 -1
1296 2108 -1
1817 2108 -1
2108 2844 -1
2108 3583 -1
2051 2240 -1
1926 2051 -1
2051 3188 -1
2005 2051 -1
761 2051 -1
1208 2051 -1
1017 2051 -1
1018 2051 -1
2184 3334 -1
993 2184 -1
2184 3700 -1
2143 2184 -1
3542 3548 -1
2714 3542 -1
2202 3542 -1
1039 3542 -1
2071 3004 -1
534 3004 -1
2071 2545 -1
1899 2071 -1
2071 2356 -1
2641 2830 -1
36 3786 -1
953 3786 -1
591 2150 -1
2384 3016 -1
1429 2175 -1
859 1830 -1
614 863 -1
318 3042 -1
6 1666 -1
6 2956 -1
919 1386 -1
1386 2905 -1
1386 2266 -1
1134 2436 -1
355 1487 -1
46 201 -1
46 2750 -1
46 2487 -1
426 1261 -1
1261 3168 -1
1261 3523 -1
712 1261 -1
1261 1452 -1
1261 1834 -1
1261 1515 -1
1261 3468 -1
1261 2637 -1
1261 2286 -1
1138 1261 -1
86 1261 -1
426 2600 -1
426 1401 -1
204 426 -1
426 2277 -1
2364 3625 -1
1441 2364 -1
1402 2364 -1
964 2466 -1
886 2242 -1
886 2592 -1
886 2808 -1
886 2779 -1
107 886 -1
801 1802 -1
1131 3523 -1
735 3523 -1
1131 3168 -1
712 1131 -1
1131 3468 -1
1131 1834 -1
1131 1515 -1
1131 1452 -1
1131 2637 -1
1131 2286 -1
1131 1138 -1
86 1131 -1
1131 3675 -1
426 1131 -1
340 1389 -1
674 1389 -1
427 1389 -1
484 1389 -1
1389 3689 -1
1389 2699 -1
1389 2359 -1
1389 2683 -1
77 1453 -1
77 870 -1
77 127 -1
506 3182 -1
2054 3782 -1
857 1200 -1
1200 1366 -1
242 857 -1
857 3763 -1
339 3330 -1
754 3330 -1
3330 3797 -1
1766 3330 -1
2391 3330 -1
1414 2385 -1
1414 1804 -1
588 1688 -1
512 588 -1
588 1943 -1
643 1511 -1
1511 2138 -1
643 2076 -1
1283 3231 -1
2348 3231 -1
2483 3231 -1
2973 3231 -1
258 998 -1
1778 2641 -1
1771 2383 -1
2383 3199 -1
2094 2758 -1
2170 2758 -1
725 2758 -1
806 2758 -1
1799 2758 -1
2094 2881 -1
1853 2645 -1
2525 3733 -1
314 2525 -1
3101 3334 -1
664 3334 -1
3334 3621 -1
993 3101 -1
3101 3700 -1
2143 3101 -1
2466 3337 -1
2466 3442 -1
1915 2466 -1
2324 2466 -1
1983 2466 -1
1722 3228 -1
484 529 -1
529 674 -1
529 2699 -1
529 3689 -1
427 529 -1
340 529 -1
529 2359 -1
529 2683 -1
833 2740 -1
337 833 -1
833 2842 -1
558 833 -1
1904 2610 -1
379 2610 -1
375 2610 -1
385 2373 -1
2684 3512 -1
1912 3512 -1
2128 3512 -1
2283 3512 -1
878 3512 -1
2183 3512 -1
2056 2684 -1
2349 2684 -1
637 2684 -1
1182 2332 -1
1182 2149 -1
1182 1647 -1
767 3235 -1
767 2018 -1
767 1299 -1
2570 3602 -1
84 3602 -1
1790 3602 -1
2570 2948 -1
39 2056 -1
39 3512 -1
39 637 -1
39 2349 -1
970 1222 -1
1254 3315 -1
329 3315 -1
1381 3315 -1
573 3315 -1
1254 2067 -1
735 1660 -1
1131 1660 -1
313 1452 -1
1452 2593 -1
1452 3125 -1
313 3168 -1
313 3523 -1
313 712 -1
313 1834 -1
313 1515 -1
313 3468 -1
313 2637 -1
313 2286 -1
313 1138 -1
86 313 -1
313 3675 -1
313 426 -1
214 2052 -1
871 2052 -1
2052 3735 -1
601 3207 -1
1360 3207 -1
601 3320 -1
964 3315 -1
964 2067 -1
1383 3226 -1
643 3474 -1
2138 3474 -1
93 1012 -1
1317 3044 -1
1063 3044 -1
2543 3044 -1
3044 3263 -1
150 3521 -1
362 3186 -1
362 2981 -1
645 714 -1
728 947 -1
57 2042 -1
1304 2042 -1
2042 3418 -1
828 2042 -1
2042 2301 -1
57 1468 -1
57 837 -1
1296 3442 -1
640 3442 -1
2051 3442 -1
2726 3442 -1
3184 3442 -1
1817 3442 -1
2361 3442 -1
2844 3442 -1
3442 3583 -1
1296 3337 -1
1296 2604 -1
1296 2324 -1
1296 3799 -1
1296 1915 -1
1296 1983 -1
502 3696 -1
502 3196 -1
462 502 -1
293 3334 -1
1903 3334 -1
308 3334 -1
1175 3334 -1
293 993 -1
293 3700 -1
293 2143 -1
118 2906 -1
2906 2928 -1
2906 3817 -1
1409 2333 -1
439 1106 -1
1781 2639 -1
2639 3097 -1
1729 1927 -1
1658 1927 -1
971 1927 -1
1927 3732 -1
1927 3405 -1
2281 3603 -1
648 3079 -1
3079 3278 -1
302 3306 -1
1174 3306 -1
405 1586 -1
1784 3331 -1
1784 3124 -1
3234 3379 -1
1779 3234 -1
150 3594 -1
705 1086 -1
1086 1464 -1
1086 1418 -1
55 1086 -1
705 2884 -1
705 2918 -1
1081 2876 -1
2876 3138 -1
1081 1433 -1
1081 3276 -1
1081 2399 -1
1174 2359 -1
674 1174 -1
1174 2699 -1
484 1174 -1
1174 3689 -1
427 1174 -1
340 1174 -1
1174 2683 -1
1660 2302 -1
2576 3603 -1
1435 1958 -1
1958 2890 -1
1052 2676 -1
2676 2899 -1
1052 2696 -1
1052 3522 -1
1052 2734 -1
1122 2102 -1
2348 3315 -1
1283 3315 -1
2067 2348 -1
1725 1789 -1
1872 3016 -1
281 3016 -1
2225 2688 -1
1028 2225 -1
232 1333 -1
1011 1333 -1
624 1296 -1
624 640 -1
624 2051 -1
624 2726 -1
624 3184 -1
624 1817 -1
624 2361 -1
624 2844 -1
624 3583 -1
251 1696 -1
1696 2016 -1
1696 2537 -1
251 3249 -1
251 1631 -1
719 1208 -1
37 1208 -1
719 2240 -1
719 1926 -1
719 3188 -1
719 2005 -1
719 1017 -1
719 761 -1
719 1018 -1
719 2108 -1
1843 2758 -1
1843 2881 -1
1580 2604 -1
215 2604 -1
1580 3442 -1
1580 1915 -1
369 1137 -1
69 369 -1
369 2159 -1
2396 3175 -1
2710 3175 -1
1078 3175 -1
3332 3659 -1
2585 3659 -1
1164 3659 -1
3132 3659 -1
3354 3659 -1
3144 3332 -1
90 3332 -1
2203 3332 -1
3072 3469 -1
2522 3469 -1
1896 2641 -1
502 3480 -1
405 862 -1
1261 3072 -1
2600 3072 -1
1401 3072 -1
204 3072 -1
2277 3072 -1
1261 2522 -1
1402 1710 -1
1710 3625 -1
1441 1710 -1
1089 1402 -1
1402 3060 -1
429 1402 -1
1021 3186 -1
2682 3186 -1
1021 2981 -1
1858 2928 -1
1858 3817 -1
118 1858 -1
139 3300 -1
139 3009 -1
212 1969 -1
3190 3799 -1
3190 3442 -1
1915 3190 -1
2324 3190 -1
1983 3190 -1
387 3419 -1
1923 3419 -1
387 2403 -1
387 3495 -1
1791 2332 -1
926 2332 -1
1791 2149 -1
1647 1791 -1
212 949 -1
53 201 -1
53 2750 -1
53 2487 -1
2959 3269 -1
1650 3332 -1
1650 2585 -1
1164 1650 -1
1650 3132 -1
1650 3354 -1
1906 2679 -1
2679 3764 -1
1333 2756 -1
1333 1678 -1
6 2378 -1
1660 3484 -1
426 1118 -1
1118 3168 -1
1118 3523 -1
712 1118 -1
1118 1452 -1
1118 1834 -1
1118 1515 -1
1118 3468 -1
1118 2637 -1
1118 2286 -1
1118 1138 -1
86 1118 -1
1531 1708 -1
336 1595 -1
336 1340 -1
465 1629 -1
159 3565 -1
1677 2105 -1
293 908 -1
908 1903 -1
308 908 -1
908 1175 -1
1362 3542 -1
2529 3542 -1
557 3542 -1
2078 3542 -1
719 2450 -1
37 2450 -1
240 1027 -1
276 2380 -1
1904 3548 -1
379 3548 -1
375 3548 -1
1904 2714 -1
1904 2202 -1
1039 1904 -1
1647 3534 -1
3113 3534 -1
2332 3534 -1
2149 3534 -1
3297 3534 -1
150 3296 -1
2420 3010 -1
2208 2779 -1
2208 2592 -1
2208 2242 -1
2313 2525 -1
2102 2467 -1
3127 3182 -1
1980 3182 -1
2597 3602 -1
2597 2948 -1
3688 3694 -1
1131 1446 -1
735 1446 -1
1131 2616 -1
301 1450 -1
1700 1722 -1
2779 3730 -1
2592 3730 -1
2242 3730 -1
2274 3331 -1
1988 3331 -1
1960 3331 -1
3021 3331 -1
206 3331 -1
310 3331 -1
1818 3331 -1
1370 3331 -1
3166 3331 -1
2274 3124 -1
1048 2409 -1
1396 1800 -1
703 1396 -1
778 3590 -1
2367 3590 -1
2525 2689 -1
1963 2525 -1
46 251 -1
46 2016 -1
46 2537 -1
1046 3419 -1
1046 2403 -1
1046 3495 -1
357 3334 -1
357 993 -1
357 3700 -1
357 2143 -1
612 3457 -1
612 2272 -1
392 612 -1
612 2747 -1
46 208 -1
46 180 -1
46 1588 -1
37 3755 -1
719 3755 -1
2401 3017 -1
637 3174 -1
2056 3174 -1
3174 3512 -1
2349 3174 -1
622 1394 -1
622 2525 -1
1409 2748 -1
1409 3055 -1
3315 3656 -1
2067 3656 -1
1275 2542 -1
2542 2691 -1
895 2758 -1
895 2881 -1
989 1195 -1
905 2375 -1
1751 3258 -1
2654 3258 -1
1751 2172 -1
641 2239 -1
1531 2303 -1
93 1862 -1
1017 2250 -1
2240 2250 -1
1926 2250 -1
2250 3188 -1
2005 2250 -1
1208 2250 -1
761 2250 -1
1018 2250 -1
2108 2250 -1
1017 1249 -1
1017 1379 -1
1017 3437 -1
3076 3283 -1
1978 3283 -1
1234 3283 -1
1350 1412 -1
1210 1412 -1
1412 2543 -1
518 1412 -1
1063 1412 -1
1374 1453 -1
559 1453 -1
870 1374 -1
127 1374 -1
2584 2646 -1
556 3817 -1
556 2928 -1
118 556 -1
1810 2748 -1
1810 3055 -1
70 1303 -1
441 1303 -1
51 1303 -1
973 1303 -1
449 2876 -1
449 1433 -1
449 3276 -1
449 2399 -1
2281 3331 -1
2281 3124 -1
995 2525 -1
2818 3378 -1
497 3378 -1
1447 3378 -1
307 2995 -1
2995 3036 -1
1425 1483 -1
1425 3081 -1
2584 2737 -1
2383 2486 -1
1459 2383 -1
602 3615 -1
193 3615 -1
3615 3812 -1
2922 3615 -1
116 3615 -1
856 3615 -1
3615 3769 -1
602 3272 -1
602 2506 -1
602 2965 -1
2349 3625 -1
2056 3625 -1
3512 3625 -1
637 3625 -1
1441 2349 -1
1402 2349 -1
2818 3294 -1
497 3294 -1
1447 3294 -1
1638 2818 -1
1172 2818 -1
2414 2818 -1
2158 2818 -1
1483 3424 -1
3081 3424 -1
2854 3088 -1
1952 2910 -1
1858 2358 -1
1446 3426 -1
2616 3426 -1
1116 3331 -1
3331 3356 -1
517 3331 -1
1116 3124 -1
1272 1792 -1
1747 1792 -1
1272 3329 -1
3424 3542 -1
2803 3581 -1
1158 3705 -1
1158 1571 -1
241 3297 -1
241 3113 -1
241 2149 -1
241 1647 -1
2483 3715 -1
2973 3715 -1
325 2766 -1
325 1933 -1
530 3124 -1
530 3331 -1
2476 3701 -1
1842 3701 -1
3098 3127 -1
1980 3098 -1
439 2150 -1
338 366 -1
241 616 -1
3009 3771 -1
3300 3771 -1
1021 1207 -1
1207 2682 -1
1021 3587 -1
1021 1604 -1
1021 2773 -1
1021 1319 -1
216 2087 -1
324 1131 -1
324 735 -1
1940 2871 -1
2085 3534 -1
588 2761 -1
3699 3715 -1
542 2918 -1
542 2884 -1
542 1086 -1
2524 2542 -1
1206 2404 -1
1204 2998 -1
1204 1953 -1
1204 2100 -1
1414 2278 -1
1414 1670 -1
1414 2470 -1
1414 2986 -1
373 1414 -1
1414 2006 -1
906 1414 -1
65 2845 -1
424 2845 -1
2617 2845 -1
2460 2845 -1
249 2845 -1
648 1505 -1
1505 3278 -1
682 3533 -1
484 2363 -1
674 2363 -1
2363 2699 -1
2363 3689 -1
427 2363 -1
340 2363 -1
2359 2363 -1
2363 2683 -1
405 2585 -1
405 3132 -1
405 1164 -1
405 3332 -1
405 3354 -1
2859 3485 -1
41 3485 -1
2859 3678 -1
1425 3542 -1
1446 3806 -1
2616 3806 -1
1445 3686 -1
3017 3375 -1
1417 3718 -1
1417 2393 -1
801 1714 -1
622 3191 -1
1207 2490 -1
2490 3587 -1
1604 2490 -1
2490 2773 -1
1319 2490 -1
1711 3606 -1
2727 3533 -1
3533 3717 -1
1688 3186 -1
512 3186 -1
1943 3186 -1
1688 2981 -1
628 3474 -1
849 2717 -1
1861 3315 -1
840 3315 -1
2629 3315 -1
190 3315 -1
1861 2067 -1
2815 2854 -1
760 1940 -1
1453 2605 -1
870 2605 -1
127 2605 -1
391 1453 -1
2633 3059 -1
1226 2450 -1
2178 2450 -1
3225 3231 -1
1052 3778 -1
2899 3778 -1
2737 3533 -1
185 2680 -1
1809 2680 -1
1341 2680 -1
1181 2680 -1
1490 2605 -1
391 1490 -1
36 1954 -1
953 1954 -1
36 176 -1
2442 3427 -1
3096 3127 -1
3127 3672 -1
1980 3096 -1
318 3768 -1
318 3311 -1
1643 3774 -1
387 3191 -1
1923 3191 -1
913 949 -1
2107 3690 -1
349 1381 -1
1381 2462 -1
329 349 -1
349 1254 -1
491 3711 -1
1702 2785 -1
1702 2088 -1
2616 2827 -1
1446 2827 -1
1958 2997 -1
1958 2342 -1
1958 2382 -1
2499 3076 -1
1978 2499 -1
1234 2499 -1
616 2516 -1
635 1609 -1
1226 2491 -1
2178 2491 -1
850 2784 -1
850 3050 -1
342 2830 -1
1137 1792 -1
69 1792 -1
1792 2159 -1
1137 3329 -1
