2097 3105 1
592 3776 1
1014 1096 1
782 1484 1
937 1738 1
1024 1151 1
636 2020 1
1203 2989 1
2607 3618 1
3303 3352 1
1087 1809 1
1266 1758 1
2350 3488 1
1905 1922 1
1332 3807 1
1738 2174 1
937 2174 1
872 1565 1
1562 3456 1
1881 3160 1
142 2539 1
1562 2145 1
2145 3456 1
1552 1590 1
1518 2118 1
1356 2065 1
2055 2257 1
2418 3438 1
721 3075 1
1176 2672 1
1695 3318 1
282 2724 1
266 1929 1
723 3075 1
721 723 1
2634 3524 1
2122 3497 1
2145 2672 1
2672 3456 1
1562 2672 1
1176 2145 1
642 2634 1
642 3524 1
490 1546 1
1496 2961 1
1042 1562 1
1042 3456 1
1042 2145 1
1042 2672 1
619 2989 1
619 1203 1
1849 2937 1
406 3202 1
812 931 1
834 2201 1
1695 3286 1
3286 3318 1
3440 3702 1
902 2502 1
965 1759 1
3440 3488 1
3488 3702 1
2350 3440 1
490 576 1
576 1546 1
925 2500 1
2344 3220 1
2019 2055 1
2019 2257 1
834 2106 1
2106 2201 1
282 289 1
289 2724 1
981 2028 1
195 2344 1
195 3220 1
1948 3034 1
2223 3483 1
253 2580 1
505 2534 1
1231 2961 1
1231 1496 1
1849 2988 1
2937 2988 1
407 3547 1
1668 3100 1
2831 3227 1
642 1231 1
1231 2634 1
1231 3524 1
642 1496 1
642 2961 1
406 2065 1
2065 3202 1
406 1356 1
576 1274 1
490 1274 1
1274 1546 1
406 2028 1
2028 2065 1
2028 3202 1
1356 2028 1
406 981 1
3026 3227 1
2831 3026 1
72 782 1
72 1484 1
2634 2988 1
642 2988 1
2988 3524 1
1231 2988 1
2634 2937 1
1849 2634 1
847 3057 1
1605 2191 1
1127 2037 1
2651 3058 1
1192 3352 1
1192 3303 1
1295 1484 1
72 1295 1
782 1295 1
1472 1565 1
872 1472 1
15 3579 1
374 3618 1
374 2607 1
358 3210 1
1 435 1
2762 3494 1
501 1387 1
1809 1951 1
1087 1951 1
8 3618 1
8 374 1
8 2607 1
3438 3702 1
2418 3702 1
3438 3440 1
3438 3488 1
847 1382 1
1382 3057 1
1951 3254 1
1809 3254 1
1087 3254 1
1153 1905 1
1153 1922 1
740 3328 1
723 2652 1
721 2652 1
2652 3075 1
289 2891 1
282 2891 1
2724 2891 1
1518 1809 1
1809 2118 1
1518 1951 1
1518 3254 1
1087 1518 1
931 1951 1
812 1951 1
931 1518 1
931 1809 1
931 3254 1
931 1087 1
266 3393 1
1929 3393 1
825 3085 1
407 1944 1
1944 3547 1
620 2145 1
620 3456 1
620 2672 1
620 1042 1
620 1176 1
620 1562 1
2011 3213 1
1695 3492 1
3286 3492 1
3318 3492 1
1610 1758 1
1266 1610 1
782 2306 1
72 2306 1
1484 2306 1
1295 2306 1
3456 3547 1
2145 3547 1
620 3547 1
2672 3547 1
1042 3547 1
1562 3547 1
407 3456 1
1944 3456 1
799 3656 1
1588 3606 1
255 3747 1
2949 2987 1
287 3621 1
1075 1172 1
3375 3671 1
241 3568 1
1098 1893 1
78 1861 1
799 3133 1
3133 3656 1
1381 2307 1
2504 3109 1
149 2629 1
762 3407 1
1602 2052 1
913 3450 1
1595 3427 1
78 3782 1
1861 3782 1
2406 3066 1
1591 2400 1
42 1199 1
1335 2066 1
1486 3621 1
287 1486 1
900 2722 1
1172 3601 1
1075 3601 1
1720 2277 1
633 2307 1
633 1381 1
1267 2973 1
1122 1588 1
1122 3606 1
61 2792 1
1704 1937 1
241 1531 1
1531 3568 1
1526 3372 1
476 1747 1
1525 3133 1
1525 3656 1
799 1525 1
255 1225 1
1225 3747 1
1498 2768 1
1137 1347 1
1015 2237 1
2920 3621 1
1486 2920 1
287 2920 1
1118 2802 1
1204 2864 1
452 3272 1
955 1250 1
516 3066 1
516 2406 1
2060 2126 1
1360 3351 1
242 1013 1
208 459 1
190 3469 1
643 2645 1
333 2898 1
610 2137 1
208 1861 1
459 1861 1
208 3782 1
78 208 1
2987 3450 1
2949 3450 1
913 2987 1
2663 3401 1
1531 3722 1
3568 3722 1
241 3722 1
2307 2751 1
633 2751 1
1381 2751 1
278 814 1
3401 3543 1
2663 3543 1
204 3327 1
713 1254 1
3278 3782 1
208 3278 1
1861 3278 1
78 3278 1
873 2506 1
2347 2388 1
3385 3682 1
1884 3606 1
1122 1884 1
1588 1884 1
760 2138 1
2785 3578 1
1691 2654 1
799 3364 1
3364 3656 1
3133 3364 1
1525 3364 1
864 1282 1
1720 2941 1
2277 2941 1
107 728 1
2064 2066 1
1335 2064 1
799 2066 1
2066 3656 1
2066 3364 1
2066 3133 1
1525 2066 1
799 2064 1
799 1335 1
1860 3395 1
573 3578 1
573 2785 1
476 552 1
552 1747 1
1998 3612 1
241 2949 1
2949 3568 1
2949 3722 1
1531 2949 1
241 2987 1
241 3450 1
1261 3294 1
1751 3723 1
599 1198 1
664 1793 1
1118 3225 1
2802 3225 1
839 3387 1
2429 2899 1
433 2008 1
599 2008 1
1198 2008 1
433 599 1
924 1282 1
864 924 1
1478 1840 1
1054 3073 1
2455 3656 1
2455 3364 1
2066 2455 1
1525 2455 1
2455 3133 1
799 2455 1
621 3709 1
2333 3314 1
1854 2673 1
433 3668 1
2008 3668 1
599 3668 1
2158 3682 1
2158 3385 1
425 1936 1
718 3278 1
208 718 1
78 718 1
718 1861 1
718 3782 1
1936 2242 1
425 2242 1
1357 3616 1
621 1842 1
1842 3709 1
463 3032 1
745 1854 1
745 2673 1
1720 3747 1
2277 3747 1
2941 3747 1
1225 1720 1
255 1720 1
840 1631 1
150 2159 1
2589 3217 1
1015 2192 1
2192 2237 1
1607 2943 1
357 3723 1
357 1751 1
1638 2483 1
2256 2802 1
2256 3225 1
1118 2256 1
1068 3159 1
1198 1875 1
1875 2008 1
599 1875 1
664 2137 1
1793 2137 1
610 664 1
210 3320 1
1215 2046 1
1511 1986 1
1906 1925 1
3435 3713 1
1754 2859 1
695 3404 1
1314 1961 1
901 3552 1
608 1437 1
2238 3172 1
1051 1056 1
48 2046 1
48 1215 1
380 3256 1
765 2221 1
246 1514 1
1901 3532 1
508 1619 1
345 2745 1
881 1511 1
881 1986 1
1563 3046 1
1336 2739 1
1420 2345 1
2356 3434 1
1906 3471 1
1925 3471 1
268 2442 1
153 1327 1
183 822 1
2238 2545 1
2545 3172 1
508 1968 1
1619 1968 1
3434 3532 1
2356 3532 1
1901 3434 1
2076 3079 1
1511 2083 1
881 2083 1
1986 2083 1
2467 2846 1
1679 2615 1
951 2254 1
2177 2569 1
779 1002 1
414 2914 1
2076 3552 1
3079 3552 1
901 2076 1
210 504 1
504 3320 1
163 2953 1
547 3043 1
50 445 1
2315 3256 1
380 2315 1
1239 2059 1
639 2474 1
461 3031 1
2897 3533 1
942 3435 1
942 3713 1
1327 3228 1
153 3228 1
1437 1713 1
608 1713 1
882 2298 1
1242 3742 1
1587 3457 1
882 2053 1
2053 2298 1
771 2467 1
771 2846 1
547 2379 1
2379 3043 1
1268 2095 1
1882 2186 1
3043 3698 1
2379 3698 1
547 3698 1
1008 3720 1
2569 2719 1
2177 2719 1
1404 2743 1
1424 1679 1
1424 2615 1
1464 1749 1
1972 2584 1
983 2444 1
956 2793 1
2953 3435 1
163 3435 1
2953 3713 1
942 2953 1
320 2474 1
320 639 1
1479 3591 1
1866 3667 1
1336 2262 1
2262 2739 1
1754 3214 1
2859 3214 1
3292 3608 1
1437 3698 1
608 3698 1
1713 3698 1
547 1437 1
1437 2379 1
1437 3043 1
48 547 1
547 2046 1
547 1215 1
48 3043 1
48 2379 1
48 3698 1
48 1437 1
2597 3720 1
1008 2597 1
50 1839 1
445 1839 1
163 810 1
810 2953 1
810 3435 1
192 2793 1
192 956 1
1464 2262 1
1749 2262 1
1336 1464 1
1464 2739 1
311 2177 1
311 2569 1
311 2719 1
705 1901 1
705 3434 1
705 3532 1
2413 2474 1
320 2413 1
639 2413 1
524 2072 1
1961 3404 1
1314 3404 1
695 1961 1
99 2711 1
2210 2474 1
320 2210 1
2210 2413 1
639 2210 1
66 777 1
64 631 1
2046 3265 1
48 3265 1
547 3265 1
1215 3265 1
881 1619 1
1619 1986 1
1619 2083 1
1511 1619 1
881 1968 1
508 881 1
125 784 1
398 1246 1
210 311 1
311 3320 1
311 504 1
210 2177 1
210 2569 1
210 2719 1
939 1781 1
1110 2655 1
699 1906 1
699 1925 1
699 3471 1
2846 3398 1
771 3398 1
2467 3398 1
2442 2655 1
268 2655 1
1110 2442 1
627 3031 1
461 627 1
784 1743 1
125 1743 1
3365 3640 1
1511 1669 1
881 1669 1
1669 1986 1
1669 2083 1
1619 1669 1
1548 1938 1
230 2720 1
332 1664 1
1730 2930 1
787 3541 1
1737 1914 1
1220 2844 1
3096 3215 1
2071 2660 1
2955 3142 1
671 1307 1
470 1755 1
173 2380 1
1350 1454 1
650 2360 1
1608 3378 1
2895 3209 1
2578 3142 1
2578 2955 1
37 2458 1
3274 3529 1
1737 2050 1
1914 2050 1
173 3419 1
2380 3419 1
1399 1780 1
1639 2930 1
1639 1730 1
1455 2895 1
1455 3209 1
1832 3274 1
1832 3529 1
2113 2214 1
2904 3719 1
2217 3276 1
687 968 1
2086 3766 1
2490 2817 1
1548 2858 1
1938 2858 1
47 1506 1
1350 1820 1
1454 1820 1
14 1243 1
2844 3049 1
1220 3049 1
640 2271 1
82 470 1
82 1755 1
503 3663 1
1843 3561 1
1503 2050 1
1503 1737 1
1503 1914 1
2977 3211 1
462 2077 1
1471 3280 1
300 3255 1
806 994 1
2957 3126 1
262 903 1
1608 1701 1
1701 3378 1
757 1513 1
233 3378 1
233 1608 1
233 1701 1
2375 3688 1
122 1701 1
122 1608 1
122 233 1
122 3378 1
569 3126 1
569 2957 1
988 2930 1
988 1730 1
988 1639 1
1888 2456 1
2077 2271 1
462 2271 1
640 2077 1
582 1707 1
14 2150 1
1243 2150 1
2489 2936 1
2977 3098 1
3098 3211 1
687 3255 1
968 3255 1
300 687 1
1537 1795 1
394 1548 1
394 1938 1
394 2858 1
1243 1782 1
1782 2150 1
14 1782 1
224 2990 1
1050 2895 1
1050 3209 1
1050 1455 1
3643 3687 1
1009 2338 1
74 1050 1
74 3209 1
74 1455 1
74 2895 1
1185 1843 1
1185 3561 1
1701 1914 1
1608 1914 1
233 1914 1
1914 3378 1
122 1914 1
1701 2050 1
1701 1737 1
1503 1701 1
1263 1639 1
1263 2930 1
988 1263 1
1263 1730 1
1333 1843 1
1333 3561 1
1185 1333 1
530 1820 1
530 1454 1
530 1350 1
780 3412 1
666 1832 1
666 3529 1
666 3274 1
181 719 1
2977 3687 1
3098 3687 1
3211 3687 1
2977 3643 1
666 2963 1
1832 2963 1
2963 3529 1
2963 3274 1
3114 3420 1
1775 3501 1
327 3304 1
570 786 1
1433 3049 1
1220 1433 1
1433 2844 1
436 3643 1
436 2977 1
436 3687 1
2480 3126 1
569 2480 1
2480 2957 1
97 780 1
97 3412 1
2490 3091 1
2817 3091 1
1064 3445 1
1576 3274 1
1576 1832 1
1576 3529 1
666 1576 1
1576 2963 1
582 1180 1
1180 1707 1
1806 2180 1
1780 2361 1
1399 2361 1
394 1196 1
1196 1938 1
1196 1548 1
1196 2858 1
2094 3517 1
3040 3040 1
724 1372 1
1433 3126 1
3049 3126 1
1220 3126 1
2844 3126 1
1433 2957 1
1433 2480 1
569 1433 1
1574 1783 1
462 3403 1
2077 3403 1
2271 3403 1
259 2144 1
59 300 1
59 687 1
59 3255 1
1238 3688 1
1238 2375 1
1377 3478 1
233 468 1
468 1701 1
468 1608 1
468 3378 1
468 1914 1
122 468 1
754 828 1
2202 3165 1
1257 2874 1
2276 3224 1
2013 3540 1
2039 3796 1
3548 3752 1
317 2776 1
1811 2202 1
1811 3165 1
888 3545 1
2657 2697 1
1490 3789 1
312 2579 1
758 3767 1
487 3531 1
495 2041 1
1543 1580 1
2149 3448 1
478 2905 1
16 39 1
1652 2181 1
2039 3819 1
3796 3819 1
2497 2650 1
1493 2452 1
1027 3195 1
1062 2553 1
495 522 1
522 2041 1
2687 3113 1
2610 3400 1
1038 2148 1
3 3674 1
856 2624 1
985 2573 1
1811 2181 1
2181 2202 1
2181 3165 1
1652 1811 1
789 2849 1
1603 1940 1
2439 3224 1
2276 2439 1
2371 3297 1
222 614 1
2035 3400 1
2035 2610 1
197 467 1
2006 2440 1
1613 3805 1
996 3674 1
3 996 1
1041 2853 1
261 549 1
615 2181 1
615 2202 1
615 1811 1
615 1652 1
615 3165 1
1289 2181 1
615 1289 1
1289 1811 1
1289 1652 1
1289 2202 1
1289 3165 1
1279 2290 1
1765 3662 1
2849 3189 1
789 3189 1
83 1407 1
1523 2393 1
46 2509 1
3154 3400 1
2610 3154 1
2035 3154 1
1523 1862 1
1862 2393 1
215 2261 1
100 2290 1
100 1279 1
293 1547 1
1257 3662 1
2874 3662 1
1257 1765 1
2687 3548 1
3113 3548 1
2687 3752 1
308 2031 1
577 2624 1
577 856 1
215 2440 1
2261 2440 1
215 2006 1
343 1771 1
2121 2301 1
317 2780 1
2776 2780 1
2176 3549 1
160 1025 1
431 1523 1
431 2393 1
431 1862 1
1660 3050 1
614 1062 1
222 1062 1
614 2553 1
467 856 1
197 856 1
467 2624 1
467 577 1
270 1148 1
67 1304 1
2278 3727 1
996 2784 1
2784 3674 1
3 2784 1
614 3252 1
2553 3252 1
1062 3252 1
222 3252 1
2952 3727 1
2278 2952 1
2452 3309 1
1493 3309 1
2297 3796 1
2297 3819 1
2039 2297 1
2169 3477 1
3477 3796 1
2169 3796 1
2297 3477 1
3477 3819 1
2039 3477 1
193 1771 1
193 343 1
904 2134 1
2289 2837 1
1554 3727 1
1554 2952 1
1554 2278 1
1407 3797 1
83 3797 1
2290 3348 1
100 3348 1
1279 3348 1
614 2421 1
2421 2553 1
2421 3252 1
1062 2421 1
222 2421 1
1811 2207 1
2181 2207 1
615 2207 1
1289 2207 1
1652 2207 1
2202 2207 1
2207 3165 1
3199 3796 1
2039 3199 1
3199 3819 1
3199 3477 1
2169 3199 1
2297 3199 1
833 3179 1
256 2013 1
256 3540 1
2160 3545 1
888 2160 1
3116 3527 1
1756 3242 1
2440 2558 1
2261 2558 1
2006 2558 1
215 2558 1
2332 2872 1
308 1543 1
1543 2031 1
308 1580 1
319 3148 1
795 1308 1
102 2031 1
102 308 1
102 1543 1
3297 3448 1
2371 3448 1
2149 3297 1
754 1062 1
828 1062 1
614 754 1
754 3252 1
754 2421 1
754 2553 1
222 754 1
1202 3646 1
1982 2365 1
1319 3260 1
1223 1974 1
325 453 1
1202 2623 1
2623 3646 1
399 3503 1
474 2623 1
474 1202 1
474 3646 1
588 2532 1
697 2445 1
291 3704 1
1253 3452 1
249 2709 1
249 3027 1
2709 3027 1
3125 3452 1
1253 3125 1
1313 2018 1
2632 3604 1
218 520 1
2116 3269 1
115 3605 1
1621 3587 1
1924 3047 1
2561 3793 1
523 1902 1
2466 2906 1
1930 2933 1
179 2024 1
2532 2839 1
588 2839 1
474 2219 1
1202 2219 1
2219 3646 1
2219 2623 1
2225 2494 1
2058 2532 1
588 2058 1
2058 2839 1
218 2701 1
520 2701 1
446 697 1
446 2445 1
65 2183 1
1100 3251 1
1313 3565 1
2018 3565 1
957 2010 1
2473 2601 1
1402 3706 1
249 986 1
986 3027 1
986 2709 1
1532 1836 1
22 1379 1
1023 3271 1
2755 2889 1
511 2667 1
865 2239 1
2335 3793 1
2335 2561 1
2373 2708 1
1665 2139 1
1833 2062 1
1402 3152 1
3152 3706 1
1207 3575 1
1167 3174 1
188 2445 1
188 697 1
188 446 1
325 1778 1
453 1778 1
689 2183 1
65 689 1
3047 3235 1
1924 3235 1
2070 2591 1
2105 3704 1
291 2105 1
898 1955 1
1094 1692 1
370 2173 1
22 519 1
519 1379 1
645 2173 1
370 645 1
424 1665 1
424 2139 1
972 2656 1
2119 2755 1
2119 2889 1
1202 1675 1
474 1675 1
1675 2219 1
1675 3646 1
1675 2623 1
131 1833 1
131 2062 1
2428 2709 1
249 2428 1
986 2428 1
2428 3027 1
1135 3453 1
1767 3251 1
1100 1767 1
442 3566 1
1955 3355 1
898 3355 1
237 879 1
1924 3191 1
3191 3235 1
3047 3191 1
959 2599 1
1207 2708 1
2708 3575 1
1207 2373 1
959 2365 1
2365 2599 1
959 1982 1
2330 3611 1
950 1656 1
672 3037 1
1921 2062 1
1833 1921 1
131 1921 1
1319 2799 1
2799 3260 1
1026 1319 1
1026 3260 1
1026 2799 1
1928 2362 1
785 3581 1
1675 3632 1
2219 3632 1
1202 3632 1
474 3632 1
3632 3646 1
2623 3632 1
2116 2451 1
2451 3269 1
588 2183 1
2058 2183 1
2183 2532 1
2183 2839 1
65 588 1
588 689 1
1313 1481 1
1481 2018 1
1481 3565 1
691 2593 1
1163 3587 1
1163 1621 1
972 1659 1
1659 2656 1
184 689 1
65 184 1
184 588 1
184 2183 1
2591 3037 1
2070 3037 1
672 2591 1
481 3269 1
481 2451 1
481 2116 1
2701 3587 1
520 3587 1
218 3587 1
1163 2701 1
1621 2701 1
1627 3453 1
1135 1627 1
2362 3423 1
1928 3423 1
370 448 1
448 2173 1
448 645 1
1436 1912 1
785 1896 1
1896 3581 1
2070 3604 1
3037 3604 1
2591 3604 1
2070 2632 1
1466 3077 1
350 1935 1
2389 3462 1
113 710 1
2030 3008 1
742 3307 1
113 558 1
558 710 1
499 2389 1
499 3462 1
451 1500 1
1440 1572 1
1791 2243 1
499 766 1
766 2389 1
766 3462 1
1085 1316 1
1645 2038 1
526 817 1
493 3270 1
1430 1935 1
350 1430 1
1466 1475 1
1475 3077 1
867 1430 1
350 867 1
867 1935 1
1726 2464 1
273 3514 1
415 3077 1
415 1466 1
415 1475 1
1103 3029 1
578 1103 1
578 3029 1
1146 1996 1
58 774 1
1144 3095 1
98 3716 1
750 3414 1
1826 3405 1
166 596 1
585 3627 1
1772 2430 1
365 3476 1
2448 2740 1
1125 2742 1
92 2738 1
1865 3654 1
766 2036 1
499 2036 1
2036 2389 1
2036 3462 1
1345 3626 1
146 2030 1
146 3008 1
2130 3513 1
984 3141 1
98 766 1
766 3716 1
98 3462 1
98 499 1
98 2036 1
98 2389 1
143 3414 1
143 750 1
273 1500 1
1500 3514 1
273 451 1
1047 1883 1
1085 1897 1
1316 1897 1
2934 3030 1
415 526 1
526 1466 1
526 1475 1
526 3077 1
415 817 1
561 596 1
166 561 1
606 1726 1
606 2464 1
252 3317 1
143 3206 1
750 3206 1
3206 3414 1
1550 2821 1
146 3102 1
3008 3102 1
2030 3102 1
58 1880 1
774 1880 1
2934 3511 1
3030 3511 1
1398 3119 1
440 2783 1
659 984 1
659 3141 1
400 526 1
400 1475 1
400 3077 1
400 817 1
400 1466 1
400 415 1
658 1430 1
658 867 1
350 658 1
658 1935 1
162 3141 1
162 984 1
162 659 1
1560 1941 1
1521 2643 1
1459 3321 1
252 1826 1
1826 3317 1
252 3405 1
921 2571 1
2496 2900 1
3141 3753 1
984 3753 1
162 3753 1
659 3753 1
2901 3110 1
451 1708 1
273 1708 1
1500 1708 1
1105 3006 1
1892 2080 1
3626 3691 1
1345 3691 1
264 2448 1
264 2740 1
670 1712 1
273 3736 1
1708 3736 1
3514 3736 1
451 3736 1
1500 3736 1
213 1393 1
1162 2430 1
1162 1772 1
1681 3102 1
1681 3008 1
146 1681 1
1681 2030 1
3405 3644 1
1826 3644 1
252 3644 1
2357 2851 1
1681 2426 1
2426 3008 1
146 2426 1
2030 2426 1
2426 3102 1
529 1572 1
529 1440 1
961 1352 1
1949 2921 1
252 3500 1
1826 3500 1
3500 3644 1
3317 3500 1
3405 3500 1
2994 3716 1
98 2994 1
766 2994 1
213 3405 1
1393 3405 1
213 1826 1
213 252 1
213 3500 1
213 3644 1
1440 1760 1
529 1760 1
1572 1760 1
1708 2984 1
2984 3736 1
273 2984 1
451 2984 1
1500 2984 1
296 3472 1
796 971 1
1426 3119 1
1398 1426 1
732 2962 1
568 1432 1
597 2984 1
451 597 1
597 1708 1
273 597 1
597 3736 1
597 1500 1
2328 2797 1
1353 2090 1
635 2723 1
1457 2939 1
1171 3339 1
331 1994 1
934 3086 1
2647 2833 1
969 1596 1
2096 2769 1
2668 3751 1
1186 3183 1
2557 3052 1
537 3324 1
101 3187 1
120 1838 1
605 2326 1
605 3086 1
2326 3086 1
605 934 1
297 1258 1
200 383 1
3454 3760 1
1733 2727 1
1742 2503 1
3069 3433 1
1385 3069 1
1385 3433 1
1510 2323 1
977 1838 1
120 977 1
2025 2123 1
486 492 1
764 1033 1
3475 3484 1
1583 1724 1
120 2472 1
977 2472 1
1838 2472 1
726 2752 1
1444 2836 1
1850 3156 1
1353 3586 1
2090 3586 1
1856 2153 1
665 3447 1
231 946 1
51 623 1
1457 2813 1
2813 2939 1
70 2132 1
422 2025 1
422 2123 1
1583 2503 1
1724 2503 1
1583 1742 1
441 3520 1
927 3680 1
1596 1911 1
969 1911 1
564 3053 1
1194 1734 1
346 3298 1
3106 3794 1
205 2123 1
205 2025 1
205 422 1
351 2809 1
2469 3535 1
1115 2469 1
1115 3535 1
2559 3790 1
416 773 1
1542 3022 1
2208 2469 1
1115 2208 1
2208 3535 1
773 1019 1
416 1019 1
1370 2960 1
880 2770 1
2153 3585 1
1856 3585 1
32 3707 1
1194 3166 1
1734 3166 1
773 1408 1
416 1408 1
1019 1408 1
1462 1657 1
331 2091 1
1994 2091 1
933 1119 1
447 1988 1
51 2100 1
623 2100 1
1734 3535 1
1194 3535 1
3166 3535 1
1734 2208 1
1734 2469 1
1115 1734 1
1019 1887 1
416 1887 1
1408 1887 1
773 1887 1
1019 2883 1
416 2883 1
1408 2883 1
773 2883 1
1887 2883 1
1502 3622 1
1157 3273 1
75 2662 1
607 720 1
969 1397 1
1397 1596 1
1397 1911 1
1870 3822 1
2449 3636 1
1911 3302 1
969 3302 1
1596 3302 1
1397 3302 1
2537 3613 1
1131 1818 1
3183 3447 1
1186 3447 1
665 3183 1
694 2935 1
2 2562 1
1119 1900 1
933 1900 1
1370 1870 1
1870 2960 1
1370 3822 1
1502 3780 1
3622 3780 1
891 2939 1
891 1457 1
891 2813 1
1850 2833 1
2833 3156 1
1850 2647 1
51 726 1
726 2100 1
623 726 1
51 2752 1
635 2562 1
2562 2723 1
2 635 1
485 2068 1
1415 2727 1
1415 1733 1
889 2567 1
2794 2833 1
1850 2794 1
2794 3156 1
2647 2794 1
1502 1623 1
1623 3780 1
1623 3622 1
539 2386 1
2372 3535 1
2208 2372 1
2372 2469 1
1734 2372 1
1194 2372 1
1115 2372 1
2372 3166 1
1567 2096 1
1567 2769 1
1073 2205 1
949 3707 1
32 949 1
416 2565 1
1408 2565 1
1887 2565 1
2565 2883 1
1019 2565 1
773 2565 1
2208 2274 1
2274 2372 1
2274 2469 1
1734 2274 1
2274 3535 1
1115 2274 1
2016 3520 1
441 2016 1
2208 2836 1
2274 2836 1
2372 2836 1
2469 2836 1
1734 2836 1
2836 3535 1
1115 2836 1
1444 2208 1
154 3204 1
1035 1262 1
545 1240 1
2614 2948 1
1815 2273 1
155 265 1
1262 2078 1
1035 2078 1
21 2884 1
85 2522 1
668 2683 1
379 1844 1
1571 1910 1
3168 3786 1
2691 3072 1
887 1447 1
3246 3287 1
2896 3422 1
1099 2907 1
3121 3774 1
136 3118 1
2550 2886 1
2045 3577 1
908 3470 1
1601 2359 1
254 2293 1
159 2603 1
189 3290 1
280 1099 1
280 2907 1
1452 3290 1
189 1452 1
1240 3693 1
545 3693 1
2753 3577 1
2045 2753 1
3185 3675 1
850 3361 1
2911 3432 1
21 2522 1
2522 2884 1
21 85 1
2209 2376 1
254 2911 1
2293 2911 1
254 3432 1
3342 3522 1
196 3284 1
2412 2713 1
2216 3590 1
2228 3005 1
566 1240 1
545 566 1
566 3693 1
2511 3449 1
562 2765 1
254 3571 1
3432 3571 1
2293 3571 1
2911 3571 1
613 2078 1
613 1035 1
613 1262 1
2218 3754 1
1081 3388 1
629 2563 1
1155 2022 1
3290 3630 1
1452 3630 1
189 3630 1
136 2870 1
2870 3118 1
1616 1703 1
232 2129 1
3138 3439 1
2683 3602 1
668 3602 1
3361 3589 1
850 3589 1
3361 3738 1
850 3738 1
3589 3738 1
595 2676 1
1288 3149 1
1240 2524 1
545 2524 1
2524 3693 1
566 2524 1
418 3173 1
3104 3577 1
2753 3104 1
2045 3104 1
1099 3019 1
280 3019 1
2907 3019 1
2078 2293 1
1035 2293 1
613 2293 1
1262 2293 1
2078 3571 1
254 2078 1
2078 2911 1
1138 1858 1
1678 1910 1
1571 1678 1
947 3194 1
85 1908 1
1908 2522 1
21 1908 1
155 2172 1
265 2172 1
947 2127 1
2127 3194 1
638 3806 1
3072 3738 1
2691 3738 1
3072 3361 1
850 3072 1
3072 3589 1
404 3353 1
533 595 1
533 2676 1
1600 2563 1
629 1600 1
86 566 1
86 1240 1
86 545 1
86 2524 1
86 3693 1
1601 3173 1
2359 3173 1
418 1601 1
1544 3315 1
1967 3326 1
629 3738 1
1600 3738 1
2563 3738 1
629 3072 1
629 3361 1
629 2691 1
629 3589 1
629 850 1
1522 2550 1
1522 2886 1
3231 3664 1
2875 3715 1
557 2110 1
1214 1663 1
533 3329 1
595 3329 1
2676 3329 1
1980 2172 1
265 1980 1
155 1980 1
2637 2807 1
85 595 1
595 2522 1
595 1908 1
21 595 1
85 3329 1
85 533 1
85 2676 1
1792 1822 1
404 2185 1
2185 3353 1
2376 3194 1
2209 3194 1
947 2376 1
2127 2376 1
2156 3009 1
1573 2067 1
1908 3396 1
2522 3396 1
595 3396 1
85 3396 1
21 3396 1
49 227 1
1858 2691 1
1138 2691 1
1858 3072 1
1858 3738 1
629 1858 1
1331 2614 1
1331 2948 1
1007 2804 1
1275 2067 1
1275 1573 1
1145 1844 1
379 1145 1
372 532 1
761 2358 1
1378 1750 1
1878 2560 1
1237 2679 1
1551 2364 1
2585 2689 1
2682 3067 1
309 391 1
1943 2815 1
178 336 1
2249 3714 1
277 1808 1
1021 2342 1
905 3023 1
1245 2761 1
1667 2616 1
182 660 1
455 475 1
1831 2997 1
455 1684 1
475 1684 1
178 2761 1
336 2761 1
178 1245 1
2967 3623 1
304 862 1
2342 3735 1
1021 3735 1
216 3208 1
852 2163 1
439 3817 1
1705 2750 1
3666 3779 1
372 3735 1
532 3735 1
372 1021 1
372 2342 1
216 309 1
309 3208 1
216 391 1
367 2527 1
858 3714 1
858 2249 1
770 2382 1
305 1667 1
305 2616 1
2295 3800 1
240 2959 1
1561 1666 1
649 3332 1
454 3335 1
2640 3067 1
2640 2682 1
12 216 1
12 3208 1
12 309 1
12 391 1
989 1140 1
624 1693 1
354 3264 1
1956 3070 1
637 1164 1
330 652 1
673 2164 1
2084 2761 1
336 2084 1
178 2084 1
1245 2084 1
2364 3735 1
1551 3735 1
2342 2364 1
532 2364 1
372 2364 1
1021 2364 1
1164 1417 1
637 1417 1
38 1405 1
318 3120 1
1835 2054 1
714 1306 1
1873 3779 1
1873 3666 1
532 2102 1
2102 2364 1
372 2102 1
2102 3735 1
1989 3087 1
112 1342 1
1405 3117 1
38 3117 1
2688 3799 1
240 761 1
761 2959 1
240 2358 1
1890 2867 1
2342 2527 1
2364 2527 1
372 2527 1
1021 2527 1
2527 3735 1
367 2342 1
1016 2313 1
2616 3081 1
305 3081 1
1667 3081 1
110 2527 1
110 2342 1
110 367 1
110 372 1
110 3735 1
110 2364 1
110 1021 1
110 3264 1
2342 3264 1
367 3264 1
372 3264 1
3264 3735 1
2364 3264 1
1021 3264 1
2527 3264 1
110 354 1
1655 2382 1
770 1655 1
1303 2605 1
1808 2334 1
277 2334 1
1237 2644 1
2644 2679 1
673 2102 1
2102 2164 1
372 673 1
673 3735 1
532 673 1
673 2364 1
177 2586 1
2761 3067 1
336 3067 1
178 3067 1
2084 3067 1
1245 3067 1
2640 2761 1
2682 2761 1
354 2758 1
2758 3264 1
110 2758 1
1040 1306 1
714 1040 1
3740 3755 1
2512 3600 1
1644 3815 1
1414 1497 1
1835 2845 1
2054 2845 1
2398 2586 1
177 2398 1
1342 1342 1
177 1229 1
1229 2586 1
1229 2398 1
367 1943 1
1943 3264 1
110 1943 1
1943 2342 1
1943 2527 1
367 2815 1
1342 3415 1
112 3415 1
1095 3216 1
77 2995 1
892 2334 1
892 1808 1
277 892 1
837 1504 1
542 2967 1
542 3623 1
34 660 1
34 182 1
214 1963 1
2929 3067 1
336 2929 1
2084 2929 1
2761 2929 1
2640 2929 1
178 2929 1
2682 2929 1
1245 2929 1
624 3600 1
1693 3600 1
624 2512 1
2973 3607 -1
1267 3607 -1
12 2077 -1
216 2077 -1
2077 3208 -1
309 2077 -1
391 2077 -1
12 640 -1
12 3403 -1
12 462 -1
12 2271 -1
792 3755 -1
792 3740 -1
757 1893 -1
1513 1893 -1
757 1098 -1
1944 2910 -1
2910 3456 -1
2910 3547 -1
407 2910 -1
1773 3690 -1
887 3729 -1
1447 3729 -1
2116 3042 -1
481 3042 -1
2451 3042 -1
3042 3269 -1
2959 2983 -1
240 2983 -1
761 2983 -1
676 2949 -1
676 3722 -1
676 2987 -1
676 3568 -1
241 676 -1
676 3450 -1
676 1531 -1
1225 3258 -1
1720 3258 -1
3258 3747 -1
255 3258 -1
426 1261 -1
426 3294 -1
227 2409 -1
49 2409 -1
2333 3300 -1
3300 3314 -1
258 3772 -1
3055 3334 -1
2381 2616 -1
305 2381 -1
1667 2381 -1
2381 3081 -1
728 2998 -1
107 2998 -1
1401 2794 -1
1401 2833 -1
1401 1850 -1
1401 3156 -1
1401 2647 -1
130 3822 -1
130 1370 -1
130 1870 -1
1463 1681 -1
1463 3008 -1
146 1463 -1
1463 2426 -1
1463 2030 -1
1463 3102 -1
788 2726 -1
999 3542 -1
425 1409 -1
1409 1936 -1
1409 2242 -1
1262 2279 -1
1035 2279 -1
613 2279 -1
2078 2279 -1
2279 2293 -1
801 2535 -1
318 1411 -1
1411 3120 -1
887 2854 -1
1447 2854 -1
3127 3182 -1
1725 1789 -1
1494 2633 -1
1901 1905 -1
705 1905 -1
1905 3434 -1
1905 3532 -1
1153 1901 -1
1901 1922 -1
333 2108 -1
2108 2898 -1
301 3326 -1
301 1967 -1
2303 2542 -1
1622 2221 -1
765 1622 -1
1640 2981 -1
348 2398 -1
177 348 -1
348 2586 -1
348 1229 -1
893 3690 -1
1396 1862 -1
1396 2393 -1
1396 1523 -1
431 1396 -1
39 1943 -1
16 1943 -1
39 3264 -1
39 2342 -1
39 110 -1
39 367 -1
39 2815 -1
39 2527 -1
1435 2077 -1
640 1435 -1
1435 3403 -1
462 1435 -1
1435 2271 -1
28 949 -1
28 32 -1
28 3707 -1
648 2179 -1
39 3354 -1
16 3354 -1
919 2616 -1
305 919 -1
919 1667 -1
919 3081 -1
3172 3427 -1
2545 3427 -1
2238 3427 -1
1595 3172 -1
88 3729 -1
484 2157 -1
339 2609 -1
2259 3228 -1
153 2259 -1
1327 2259 -1
2480 3070 -1
569 3070 -1
2957 3070 -1
3070 3126 -1
1433 3070 -1
1956 2480 -1
3433 3548 -1
1385 3548 -1
3069 3548 -1
3433 3752 -1
3113 3433 -1
2687 3433 -1
1414 3727 -1
1497 3727 -1
1414 2952 -1
1414 1554 -1
1414 2278 -1
3424 3542 -1
405 862 -1
304 405 -1
114 2610 -1
114 3400 -1
114 3154 -1
114 2035 -1
1119 3523 -1
1900 3523 -1
933 3523 -1
344 1703 -1
344 1616 -1
887 3656 -1
1447 3656 -1
887 3364 -1
887 2066 -1
887 1525 -1
887 2455 -1
887 3133 -1
799 887 -1
1098 3300 -1
1893 3300 -1
2126 3297 -1
2060 3297 -1
2126 3448 -1
2126 2371 -1
2126 2149 -1
838 1339 -1
3070 3276 -1
1956 3276 -1
2217 3070 -1
2462 3334 -1
1087 2378 -1
1809 2378 -1
931 2378 -1
1518 2378 -1
2378 3254 -1
1951 2378 -1
857 1638 -1
857 2483 -1
348 2339 -1
1220 2815 -1
2815 3049 -1
2815 2844 -1
2815 3126 -1
1433 2815 -1
367 1220 -1
1220 1943 -1
622 2525 -1
1625 3799 -1
1625 2688 -1
229 3052 -1
229 2557 -1
2378 3452 -1
1253 2378 -1
2378 3125 -1
182 2219 -1
34 2219 -1
660 2219 -1
182 1675 -1
182 3632 -1
182 1202 -1
182 474 -1
182 3646 -1
182 2623 -1
468 2373 -1
1701 2373 -1
1608 2373 -1
233 2373 -1
2373 3378 -1
1914 2373 -1
122 2373 -1
468 2708 -1
468 1207 -1
506 3493 -1
857 1531 -1
857 3568 -1
241 857 -1
857 3722 -1
857 2949 -1
1252 1893 -1
1098 1252 -1
814 2099 -1
278 2099 -1
3567 3774 -1
3121 3567 -1
1217 3135 -1
1216 1875 -1
1216 2008 -1
1198 1216 -1
599 1216 -1
2313 3190 -1
1016 3190 -1
2941 2995 -1
1720 2995 -1
2995 3747 -1
2277 2995 -1
77 2941 -1
2641 2830 -1
707 3066 -1
516 707 -1
707 2406 -1
863 3179 -1
833 863 -1
1303 1960 -1
1960 2605 -1
1132 1223 -1
1132 1974 -1
2983 3733 -1
2674 2956 -1
2563 3046 -1
1600 3046 -1
3046 3738 -1
629 3046 -1
1563 2563 -1
355 1486 -1
355 2920 -1
355 3621 -1
287 355 -1
336 378 -1
378 2761 -1
178 378 -1
378 3067 -1
378 2084 -1
378 2929 -1
588 1705 -1
65 1705 -1
1705 2532 -1
1705 2183 -1
1705 2058 -1
689 1705 -1
1705 2839 -1
184 1705 -1
588 2750 -1
2108 3055 -1
1387 2910 -1
501 2910 -1
586 3164 -1
2067 2919 -1
1275 2919 -1
1573 2919 -1
2861 3755 -1
2861 3740 -1
470 2185 -1
82 2185 -1
1755 2185 -1
470 3353 -1
404 470 -1
1409 2116 -1
481 1409 -1
1409 2451 -1
1409 3269 -1
2434 3465 -1
681 1978 -1
833 3078 -1
3078 3179 -1
1487 1789 -1
719 3076 -1
181 3076 -1
114 759 -1
2975 3690 -1
2088 3590 -1
2088 2216 -1
633 951 -1
951 2307 -1
951 1381 -1
951 2751 -1
633 2254 -1
1483 2619 -1
1247 3099 -1
318 375 -1
375 3120 -1
2738 3350 -1
92 3350 -1
3311 3718 -1
1516 2969 -1
155 2261 -1
265 2261 -1
1980 2261 -1
2172 2261 -1
155 2440 -1
155 2558 -1
155 215 -1
1468 1958 -1
251 2052 -1
251 1602 -1
2034 2895 -1
2034 3209 -1
1050 2034 -1
74 2034 -1
1455 2034 -1
1453 1978 -1
601 3457 -1
601 1587 -1
910 2918 -1
2404 3036 -1
293 966 -1
966 1547 -1
185 1124 -1
1206 2526 -1
699 1300 -1
1300 1906 -1
1300 1925 -1
1300 3471 -1
362 3216 -1
362 1095 -1
1711 3032 -1
463 1711 -1
3629 3799 -1
2688 3629 -1
353 3701 -1
1106 2521 -1
47 1018 -1
1018 1506 -1
2561 2586 -1
2586 3793 -1
2335 2586 -1
177 2561 -1
1229 2561 -1
2398 2561 -1
364 3409 -1
668 3117 -1
3117 3602 -1
2683 3117 -1
668 1405 -1
38 668 -1
150 2288 -1
2159 2288 -1
1607 2359 -1
2359 2943 -1
1601 1607 -1
1607 3173 -1
348 2761 -1
348 2640 -1
348 2084 -1
336 348 -1
348 2929 -1
178 348 -1
348 2682 -1
348 3067 -1
348 1245 -1
660 1202 -1
34 1202 -1
660 1675 -1
660 3632 -1
474 660 -1
660 3646 -1
660 2623 -1
3066 3800 -1
516 3800 -1
2406 3800 -1
2295 3066 -1
1146 1678 -1
1678 1996 -1
1146 1571 -1
1146 1910 -1
2163 2888 -1
852 2888 -1
1494 3594 -1
114 3298 -1
114 346 -1
1016 3250 -1
2313 3250 -1
2355 2758 -1
2355 3264 -1
354 2355 -1
110 2355 -1
653 3315 -1
653 1544 -1
2563 2748 -1
1600 2748 -1
2748 3738 -1
629 2748 -1
520 716 -1
218 716 -1
716 3587 -1
716 2701 -1
1660 2863 -1
2863 3050 -1
114 911 -1
832 1796 -1
622 3419 -1
622 2380 -1
173 622 -1
1218 3376 -1
1016 2175 -1
2175 2313 -1
364 1122 -1
364 1884 -1
364 1588 -1
364 3606 -1
1052 2676 -1
1052 3329 -1
595 1052 -1
533 1052 -1
85 1052 -1
2981 3599 -1
1137 3231 -1
1347 3231 -1
1137 3664 -1
363 2576 -1
1703 3757 -1
1616 3757 -1
336 1283 -1
1283 2761 -1
178 1283 -1
1283 3067 -1
1283 2084 -1
1283 2929 -1
1318 2576 -1
363 1376 -1
2803 3711 -1
2063 3068 -1
4 185 -1
3055 3800 -1
2295 3055 -1
871 2525 -1
42 886 -1
886 1199 -1
1196 3442 -1
394 3442 -1
2858 3442 -1
1548 3442 -1
1938 3442 -1
19 44 -1
949 1893 -1
32 1893 -1
1893 3707 -1
949 1098 -1
212 2885 -1
2779 3053 -1
564 2779 -1
2973 3231 -1
1267 3231 -1
2973 3664 -1
3554 3668 -1
2008 3554 -1
433 3554 -1
599 3554 -1
1930 3714 -1
2933 3714 -1
1930 2249 -1
858 1930 -1
947 2388 -1
2376 2388 -1
2388 3194 -1
2127 2388 -1
947 2347 -1
1684 3451 -1
475 3451 -1
455 3451 -1
2203 3603 -1
1115 2094 -1
2094 2208 -1
2094 2274 -1
2094 2372 -1
2094 2469 -1
1734 2094 -1
2094 3535 -1
2094 2836 -1
1115 3517 -1
180 3258 -1
212 3772 -1
86 425 -1
425 1240 -1
425 545 -1
425 2524 -1
425 3693 -1
425 566 -1
86 1936 -1
86 2242 -1
2246 3127 -1
1254 3315 -1
713 3315 -1
1254 1544 -1
1452 3243 -1
3243 3290 -1
189 3243 -1
3243 3630 -1
908 3395 -1
3395 3470 -1
908 1860 -1
259 593 -1
593 2144 -1
1346 1678 -1
1346 1571 -1
1346 1910 -1
456 3645 -1
1115 1445 -1
1445 2208 -1
1445 2274 -1
1445 2372 -1
1445 2469 -1
1445 1734 -1
1445 3535 -1
1445 2836 -1
582 1071 -1
1071 1707 -1
1071 1180 -1
1798 2990 -1
224 1798 -1
2971 3421 -1
1786 3735 -1
1786 3264 -1
673 1786 -1
1786 2342 -1
110 1786 -1
1551 1786 -1
532 1786 -1
1786 2102 -1
372 1786 -1
1786 2364 -1
1021 1786 -1
1786 2527 -1
2525 3070 -1
1956 2525 -1
1463 1677 -1
318 2563 -1
2563 3120 -1
318 1600 -1
318 3738 -1
318 629 -1
3231 3665 -1
3664 3665 -1
442 3729 -1
3566 3729 -1
2597 3806 -1
3720 3806 -1
1008 3806 -1
638 2597 -1
2027 3611 -1
2027 2330 -1
2273 2643 -1
1815 2643 -1
1521 2273 -1
949 3615 -1
32 3615 -1
3615 3707 -1
2234 2243 -1
1791 2234 -1
1383 2654 -1
1383 1691 -1
214 1958 -1
1958 1963 -1
2184 2404 -1
2284 2876 -1
2409 2433 -1
1389 1711 -1
1598 3315 -1
1544 1598 -1
424 2595 -1
1665 2595 -1
2139 2595 -1
1807 2108 -1
221 1336 -1
221 1464 -1
221 2739 -1
221 2262 -1
1291 2083 -1
881 1291 -1
1291 1986 -1
1291 1619 -1
1291 1669 -1
1291 1511 -1
1349 3036 -1
1418 1893 -1
1098 1418 -1
2624 2862 -1
856 2862 -1
577 2862 -1
467 2862 -1
996 2881 -1
2784 2881 -1
2881 3674 -1
3 2881 -1
833 1673 -1
1673 3179 -1
790 2273 -1
790 1815 -1
327 696 -1
696 3304 -1
2228 3747 -1
3005 3747 -1
1720 2228 -1
1225 2228 -1
2228 2277 -1
2228 2941 -1
255 2228 -1
2373 3055 -1
2708 3055 -1
1207 3055 -1
995 3211 -1
995 2977 -1
995 3098 -1
995 3687 -1
1226 3799 -1
1226 2688 -1
1417 3685 -1
1164 3685 -1
637 3685 -1
1748 3353 -1
1748 2185 -1
404 1748 -1
859 3019 -1
280 859 -1
859 2907 -1
859 1099 -1
363 1123 -1
1319 3523 -1
1026 3523 -1
3260 3523 -1
2799 3523 -1
309 1641 -1
216 1641 -1
1641 3208 -1
12 1641 -1
391 1641 -1
32 1324 -1
1324 3707 -1
949 1324 -1
425 2303 -1
1936 2303 -1
2242 2303 -1
1798 3499 -1
633 2474 -1
2307 2474 -1
1381 2474 -1
2474 2751 -1
320 633 -1
633 2210 -1
633 2413 -1
633 639 -1
665 2619 -1
2619 3183 -1
2619 3447 -1
16 112 -1
39 112 -1
16 1342 -1
16 3415 -1
1157 3523 -1
3273 3523 -1
1206 2499 -1
1479 1623 -1
1623 3591 -1
1479 3780 -1
1479 3622 -1
1479 1502 -1
1958 3681 -1
1158 3350 -1
1226 2450 -1
362 1516 -1
1705 3211 -1
2750 3211 -1
1705 2977 -1
1705 3098 -1
1705 3687 -1
2487 3648 -1
2680 2900 -1
2496 2680 -1
3331 3433 -1
1385 3331 -1
3069 3331 -1
964 3308 -1
2409 3127 -1
39 3779 -1
16 3779 -1
39 1873 -1
39 3666 -1
47 391 -1
391 1506 -1
47 216 -1
12 47 -1
47 309 -1
132 2185 -1
132 3353 -1
132 404 -1
363 2610 -1
363 3400 -1
363 3154 -1
363 2035 -1
1303 2366 -1
2366 2605 -1
617 624 -1
617 3600 -1
617 2512 -1
617 1693 -1
348 858 -1
348 2249 -1
348 3714 -1
640 3055 -1
2077 3055 -1
2271 3055 -1
2358 2561 -1
240 2561 -1
761 2561 -1
2358 3793 -1
2335 2358 -1
586 3121 -1
586 3774 -1
1651 2409 -1
2931 3647 -1
597 1247 -1
451 1247 -1
1247 2984 -1
1247 1708 -1
273 1247 -1
1247 3736 -1
1247 1500 -1
2604 3774 -1
2604 3121 -1
1115 3044 -1
2208 3044 -1
2274 3044 -1
2372 3044 -1
2469 3044 -1
1734 3044 -1
3044 3535 -1
2836 3044 -1
868 2352 -1
615 1282 -1
1282 2181 -1
1282 1289 -1
1282 1811 -1
1282 1652 -1
1282 2202 -1
1282 3165 -1
1282 2207 -1
615 864 -1
615 924 -1
201 3025 -1
857 2703 -1
2731 3719 -1
2731 2904 -1
1764 2114 -1
281 2040 -1
801 1220 -1
801 3049 -1
801 2844 -1
801 3126 -1
801 1433 -1
287 1792 -1
1792 2920 -1
1792 3621 -1
1486 1792 -1
287 1822 -1
1650 2584 -1
1650 1972 -1
2208 3331 -1
2274 3331 -1
2372 3331 -1
2469 3331 -1
1734 3331 -1
3331 3535 -1
2836 3331 -1
1444 3331 -1
1115 3331 -1
355 1487 -1
1285 3645 -1
6 1667 -1
6 2616 -1
6 305 -1
6 3081 -1
1165 2404 -1
375 3311 -1
616 1525 -1
616 3364 -1
616 3656 -1
616 2066 -1
616 2455 -1
616 3133 -1
616 799 -1
336 1275 -1
1275 2761 -1
178 1275 -1
1275 3067 -1
1275 2084 -1
1275 2929 -1
336 2067 -1
336 1573 -1
1303 2781 -1
2605 2781 -1
478 1414 -1
1414 2905 -1
478 1497 -1
1140 1143 -1
989 1143 -1
2945 3521 -1
281 2655 -1
281 2442 -1
268 281 -1
281 1110 -1
363 1446 -1
1722 3228 -1
153 1722 -1
1327 1722 -1
1372 2525 -1
724 2525 -1
1262 3465 -1
1035 3465 -1
613 3465 -1
2078 3465 -1
2293 3465 -1
212 251 -1
2130 3135 -1
3135 3513 -1
182 3340 -1
34 3340 -1
660 3340 -1
1134 2436 -1
1689 3769 -1
2221 2973 -1
765 2973 -1
1267 2221 -1
2105 3594 -1
3594 3704 -1
291 3594 -1
850 2784 -1
2784 3072 -1
2784 3361 -1
2784 3738 -1
2784 3589 -1
629 2784 -1
850 3674 -1
3 850 -1
850 996 -1
2186 3427 -1
1882 3427 -1
1595 2186 -1
2443 2918 -1
236 3609 -1
633 2379 -1
2307 2379 -1
1381 2379 -1
2379 2751 -1
48 633 -1
633 3698 -1
547 633 -1
633 1437 -1
633 3043 -1
3198 3694 -1
1276 2332 -1
1276 2872 -1
240 1958 -1
761 1958 -1
1958 2358 -1
1958 2959 -1
3040 3052 -1
2557 3040 -1
1884 2998 -1
1122 2998 -1
1588 2998 -1
2998 3606 -1
159 754 -1
754 2603 -1
159 1062 -1
159 614 -1
159 3252 -1
159 2421 -1
159 2553 -1
159 828 -1
159 222 -1
1046 3419 -1
1046 2380 -1
173 1046 -1
1843 2108 -1
2108 3561 -1
1333 2108 -1
1185 2108 -1
2205 2638 -1
1073 2638 -1
1458 3326 -1
1458 1967 -1
444 633 -1
444 2307 -1
444 1381 -1
444 2751 -1
859 2792 -1
61 859 -1
327 3554 -1
3304 3554 -1
75 1376 -1
1376 2662 -1
2516 2998 -1
16 2066 -1
39 2066 -1
16 3364 -1
16 3656 -1
16 2455 -1
16 2064 -1
16 1525 -1
16 1335 -1
16 3133 -1
16 799 -1
508 633 -1
633 1968 -1
633 881 -1
633 1619 -1
508 2307 -1
508 1381 -1
508 2751 -1
3135 3399 -1
2364 2684 -1
2684 3264 -1
673 2684 -1
2342 2684 -1
110 2684 -1
1551 2684 -1
372 2684 -1
2102 2684 -1
2684 3735 -1
532 2684 -1
1021 2684 -1
2527 2684 -1
2157 2373 -1
2157 2708 -1
1207 2157 -1
939 2231 -1
1781 2231 -1
2467 3067 -1
771 3067 -1
3067 3398 -1
2846 3067 -1
336 2467 -1
2084 2467 -1
2467 2761 -1
2467 2640 -1
2467 2929 -1
178 2467 -1
2467 2682 -1
1245 2467 -1
1081 2876 -1
2876 3388 -1
2676 2965 -1
2965 3329 -1
595 2965 -1
533 2965 -1
85 2965 -1
1104 1810 -1
973 2576 -1
2282 3303 -1
2282 3352 -1
1192 2282 -1
156 424 -1
156 1665 -1
156 2139 -1
1906 2767 -1
699 2767 -1
1925 2767 -1
2767 3471 -1
542 2896 -1
2896 3623 -1
2896 2967 -1
542 3422 -1
1953 3685 -1
96 214 -1
96 1963 -1
1678 2496 -1
1571 2496 -1
1910 2496 -1
1678 2900 -1
2726 3442 -1
2359 3656 -1
1601 3656 -1
3173 3656 -1
2359 3364 -1
2066 2359 -1
1525 2359 -1
2359 2455 -1
2359 3133 -1
799 2359 -1
1778 2108 -1
325 2108 -1
453 2108 -1
1210 3099 -1
1319 3042 -1
1026 3042 -1
3042 3260 -1
2799 3042 -1
293 3337 -1
1547 3337 -1
57 1963 -1
57 214 -1
633 2356 -1
2307 2356 -1
1381 2356 -1
2356 2751 -1
633 3434 -1
633 3532 -1
1880 3135 -1
58 3135 -1
774 3135 -1
1533 2896 -1
1533 3422 -1
1173 3226 -1
2151 3135 -1
1854 3300 -1
2673 3300 -1
745 3300 -1
896 3033 -1
2264 3512 -1
2624 3523 -1
856 3523 -1
577 3523 -1
467 3523 -1
2610 3060 -1
3060 3400 -1
3060 3154 -1
2035 3060 -1
1349 3735 -1
1349 3264 -1
673 1349 -1
1349 2342 -1
110 1349 -1
1349 1551 -1
532 1349 -1
1349 2102 -1
372 1349 -1
1349 2364 -1
1021 1349 -1
1349 2527 -1
1172 3300 -1
3300 3601 -1
1075 3300 -1
947 1414 -1
1414 2376 -1
1414 3194 -1
1414 2127 -1
947 1497 -1
1414 2440 -1
1497 2440 -1
1414 2558 -1
1414 2261 -1
1414 2006 -1
215 1414 -1
858 1906 -1
1906 2249 -1
1906 3714 -1
699 858 -1
858 1925 -1
858 3471 -1
258 2808 -1
376 3019 -1
280 376 -1
376 2907 -1
376 1099 -1
53 240 -1
53 761 -1
53 2358 -1
53 2959 -1
1131 2597 -1
1818 2597 -1
1131 3720 -1
1008 1131 -1
1580 3337 -1
308 3337 -1
1543 3337 -1
622 2480 -1
569 622 -1
622 2957 -1
622 3126 -1
622 1433 -1
2563 3668 -1
1600 3668 -1
3668 3738 -1
629 3668 -1
2008 2563 -1
433 2563 -1
599 2563 -1
1283 3590 -1
1283 2216 -1
1298 2221 -1
765 1298 -1
91 857 -1
1854 3231 -1
2673 3231 -1
745 3231 -1
1854 3664 -1
611 633 -1
611 2307 -1
611 1381 -1
611 2751 -1
3755 3816 -1
3740 3816 -1
118 1858 -1
118 3072 -1
118 1138 -1
118 2691 -1
118 3738 -1
118 629 -1
1452 3764 -1
3290 3764 -1
189 3764 -1
3630 3764 -1
3097 3317 -1
3097 3500 -1
1826 3097 -1
252 3097 -1
468 1798 -1
1701 1798 -1
1608 1798 -1
233 1798 -1
1798 3378 -1
1798 1914 -1
122 1798 -1
2113 3690 -1
2214 3690 -1
1807 2112 -1
34 3116 -1
660 3116 -1
182 3116 -1
34 3527 -1
348 2543 -1
362 2373 -1
362 2708 -1
362 1207 -1
1021 3190 -1
3190 3264 -1
2342 3190 -1
110 3190 -1
372 3190 -1
3190 3735 -1
2364 3190 -1
2527 3190 -1
1173 2081 -1
1919 3735 -1
1919 3264 -1
673 1919 -1
1919 2342 -1
110 1919 -1
1551 1919 -1
532 1919 -1
1919 2102 -1
372 1919 -1
1919 2364 -1
1021 1919 -1
1919 2527 -1
28 2885 -1
481 3127 -1
2451 3127 -1
2116 3127 -1
3127 3269 -1
1742 3674 -1
1583 3674 -1
2503 3674 -1
1742 2784 -1
3 1742 -1
996 1742 -1
2311 3534 -1
665 2576 -1
2576 3183 -1
2576 3447 -1
929 3036 -1
2384 2479 -1
3066 3208 -1
516 3208 -1
2406 3208 -1
216 3066 -1
12 3066 -1
309 3066 -1
929 3048 -1
2054 3772 -1
1835 3772 -1
2845 3772 -1
1185 3121 -1
3121 3561 -1
1843 3121 -1
1333 3121 -1
1185 3774 -1
338 342 -1
645 3800 -1
448 3800 -1
370 3800 -1
2173 3800 -1
645 2295 -1
1756 2387 -1
2387 3242 -1
1660 3585 -1
3050 3585 -1
1660 1856 -1
1660 2153 -1
355 3032 -1
355 463 -1
216 255 -1
255 3208 -1
12 255 -1
255 309 -1
255 391 -1
216 1720 -1
216 1225 -1
216 3747 -1
905 3269 -1
3023 3269 -1
481 905 -1
905 2451 -1
905 2116 -1
69 2995 -1
69 77 -1
1446 1818 -1
1131 1446 -1
616 2987 -1
616 913 -1
616 3450 -1
616 2949 -1
241 616 -1
3164 3184 -1
3052 3719 -1
2557 3719 -1
2904 3052 -1
2939 3603 -1
1457 3603 -1
891 3603 -1
2813 3603 -1
643 1535 -1
1535 2645 -1
617 3055 -1
1701 2731 -1
2050 2731 -1
1608 2731 -1
233 2731 -1
2731 3378 -1
468 2731 -1
1737 2731 -1
1914 2731 -1
122 2731 -1
1503 2731 -1
1479 2646 -1
2646 3591 -1
1262 2434 -1
1035 2434 -1
613 2434 -1
2078 2434 -1
2293 2434 -1
2170 2373 -1
2170 2708 -1
1207 2170 -1
150 1710 -1
1710 2159 -1
1394 1890 -1
1394 2867 -1
2584 3602 -1
1972 3602 -1
2584 2683 -1
668 2584 -1
791 3117 -1
791 1405 -1
38 791 -1
1383 1860 -1
1383 3395 -1
1366 2665 -1
1261 2359 -1
2359 3294 -1
1261 1601 -1
1261 3173 -1
1122 2071 -1
1884 2071 -1
1588 2071 -1
2071 3606 -1
1122 2660 -1
51 3518 -1
2752 3518 -1
2100 3518 -1
726 3518 -1
623 3518 -1
2560 3645 -1
1878 3645 -1
330 378 -1
378 652 -1
3023 3774 -1
905 3774 -1
3023 3121 -1
502 1384 -1
3099 3182 -1
2429 2818 -1
2818 2899 -1
2051 2108 -1
2909 3235 -1
2909 3191 -1
1924 2909 -1
2909 3047 -1
2945 3296 -1
1298 2542 -1
1686 2639 -1
1402 1710 -1
1710 3152 -1
1710 3706 -1
1173 1898 -1
57 209 -1
615 1526 -1
1526 2181 -1
1289 1526 -1
1526 1811 -1
1526 1652 -1
1526 2202 -1
1526 3165 -1
1526 2207 -1
615 3372 -1
357 3049 -1
3049 3723 -1
1751 3049 -1
357 1220 -1
357 2844 -1
357 3126 -1
357 1433 -1
2489 3458 -1
2936 3458 -1
949 2060 -1
32 2060 -1
2060 3707 -1
949 2126 -1
2576 3426 -1
1716 2803 -1
1445 3433 -1
1385 1445 -1
1445 3069 -1
1115 3523 -1
2208 3523 -1
2274 3523 -1
2372 3523 -1
2469 3523 -1
1734 3523 -1
3523 3535 -1
2836 3523 -1
3269 3379 -1
481 3379 -1
2451 3379 -1
2116 3379 -1
833 2968 -1
2968 3179 -1
87 880 -1
87 2770 -1
191 2332 -1
191 2872 -1
2731 2779 -1
641 2525 -1
588 871 -1
65 871 -1
871 2532 -1
871 2183 -1
871 2058 -1
689 871 -1
871 2839 -1
184 871 -1
696 1491 -1
405 1569 -1
871 3190 -1
1490 3447 -1
3447 3789 -1
665 1490 -1
1186 1490 -1
1490 3183 -1
2484 3231 -1
2484 3664 -1
2101 2561 -1
2101 3793 -1
2101 2335 -1
1686 3009 -1
1686 2156 -1
1494 3521 -1
2383 2486 -1
1134 1450 -1
3060 3548 -1
3060 3752 -1
3060 3113 -1
2687 3060 -1
201 1942 -1
2896 3117 -1
3117 3422 -1
1405 2896 -1
38 2896 -1
3 258 -1
258 2784 -1
258 3674 -1
258 996 -1
2408 2779 -1
1494 1710 -1
2200 2436 -1
612 2141 -1
1666 3025 -1
1561 3025 -1
336 1054 -1
1054 2761 -1
178 1054 -1
1054 3067 -1
1054 2084 -1
1054 2929 -1
336 3073 -1
1318 1446 -1
857 1747 -1
552 857 -1
476 857 -1
1383 2094 -1
1383 3517 -1
1158 3117 -1
1158 1405 -1
38 1158 -1
871 2480 -1
569 871 -1
871 2957 -1
871 3126 -1
871 1433 -1
1689 3224 -1
1689 2276 -1
1689 2439 -1
1330 2270 -1
342 3067 -1
336 342 -1
342 2084 -1
342 2761 -1
342 2640 -1
342 2929 -1
178 342 -1
342 2682 -1
342 1245 -1
1161 1178 -1
972 3705 -1
2656 3705 -1
1659 3705 -1
1872 3016 -1
719 3458 -1
181 3458 -1
1202 3203 -1
1675 3203 -1
2219 3203 -1
3203 3632 -1
474 3203 -1
3203 3646 -1
2623 3203 -1
481 716 -1
716 2451 -1
716 2116 -1
716 3269 -1
326 1764 -1
139 2359 -1
139 1601 -1
139 3173 -1
429 2876 -1
640 3799 -1
2077 3799 -1
2271 3799 -1
640 2688 -1
1168 3210 -1
358 1168 -1
1952 2910 -1
600 1394 -1
1639 1750 -1
1750 2930 -1
988 1750 -1
1730 1750 -1
1263 1750 -1
1378 1639 -1
1942 2881 -1
2680 3203 -1
908 3729 -1
3470 3729 -1
1858 3567 -1
3072 3567 -1
1138 3567 -1
2691 3567 -1
3567 3738 -1
629 3567 -1
548 3332 -1
548 649 -1
375 2748 -1
325 2414 -1
1778 2414 -1
453 2414 -1
964 2494 -1
964 2225 -1
1146 2971 -1
1996 2971 -1
2067 3175 -1
1275 3175 -1
1573 3175 -1
2066 3690 -1
3364 3690 -1
3656 3690 -1
2455 3690 -1
2064 3690 -1
1525 3690 -1
1335 3690 -1
3133 3690 -1
799 3690 -1
2604 2906 -1
2466 2604 -1
177 3066 -1
2586 3066 -1
1229 3066 -1
2398 3066 -1
177 516 -1
177 2406 -1
1314 2142 -1
1961 2142 -1
2142 3404 -1
405 1235 -1
1208 2150 -1
1208 1243 -1
1208 1782 -1
14 1208 -1
979 2054 -1
979 1835 -1
979 2845 -1
849 1109 -1
457 2604 -1
613 1184 -1
1035 1184 -1
1184 1262 -1
1184 2078 -1
1184 2293 -1
355 1494 -1
439 1106 -1
1106 3817 -1
251 1013 -1
242 251 -1
838 2535 -1
502 3480 -1
1657 2584 -1
1462 2584 -1
1657 1972 -1
3040 3714 -1
2249 3040 -1
858 3040 -1
1807 2661 -1
118 3774 -1
118 3121 -1
2641 2852 -1
93 914 -1
1303 3302 -1
2605 3302 -1
969 1303 -1
1303 1596 -1
1303 1397 -1
1303 1911 -1
1386 3242 -1
1386 1756 -1
1429 2401 -1
1301 3334 -1
6 2816 -1
1298 2965 -1
913 2998 -1
2998 3450 -1
2987 2998 -1
2282 2408 -1
2680 3264 -1
354 2680 -1
2680 2758 -1
2342 2680 -1
1943 2680 -1
110 2680 -1
367 2680 -1
372 2680 -1
2680 3735 -1
2364 2680 -1
1021 2680 -1
2527 2680 -1
1830 2763 -1
259 624 -1
624 2144 -1
259 3600 -1
259 2512 -1
259 1693 -1
1660 2302 -1
2302 3050 -1
86 2717 -1
1240 2717 -1
545 2717 -1
2524 2717 -1
2717 3693 -1
566 2717 -1
2480 3326 -1
569 3326 -1
2957 3326 -1
3126 3326 -1
1433 3326 -1
1967 2480 -1
3121 3182 -1
3182 3774 -1
3094 3167 -1
3625 3733 -1
1483 3433 -1
1385 1483 -1
1483 3069 -1
328 1411 -1
1467 3561 -1
1185 1467 -1
1467 1843 -1
1333 1467 -1
9 2441 -1
1736 2614 -1
1331 1736 -1
1736 2948 -1
502 2409 -1
42 174 -1
174 1199 -1
137 1516 -1
364 1130 -1
1526 2248 -1
2248 3372 -1
2465 3337 -1
3076 3430 -1
363 2665 -1
1711 3364 -1
1711 3656 -1
1711 2066 -1
1525 1711 -1
1711 2455 -1
1711 3133 -1
799 1711 -1
46 208 -1
208 2509 -1
46 1861 -1
46 3782 -1
46 459 -1
46 78 -1
46 3278 -1
46 718 -1
651 2483 -1
651 1638 -1
968 1807 -1
1807 3255 -1
687 1807 -1
1571 1796 -1
1678 1796 -1
1796 1910 -1
1478 1677 -1
1677 1840 -1
2000 2969 -1
325 2766 -1
1778 2766 -1
453 2766 -1
405 2027 -1
663 3729 -1
6 2084 -1
6 2761 -1
6 336 -1
6 2929 -1
6 178 -1
6 3067 -1
6 1245 -1
1561 3642 -1
1666 3642 -1
1104 3300 -1
2619 3518 -1
227 890 -1
49 890 -1
3216 3221 -1
1095 3221 -1
2939 3518 -1
1457 3518 -1
891 3518 -1
2813 3518 -1
946 1660 -1
231 1660 -1
946 3050 -1
1003 3326 -1
1003 1967 -1
47 49 -1
49 1506 -1
47 227 -1
896 1965 -1
833 941 -1
941 3179 -1
964 1301 -1
1930 3354 -1
2933 3354 -1
510 1946 -1
362 1040 -1
362 1306 -1
362 714 -1
585 2436 -1
2436 3627 -1
2676 3743 -1
3329 3743 -1
595 3743 -1
533 3743 -1
85 3743 -1
1796 3005 -1
1796 2228 -1
259 1086 -1
1086 2144 -1
371 1330 -1
155 2477 -1
265 2477 -1
1980 2477 -1
2172 2477 -1
332 364 -1
364 1664 -1
616 1875 -1
616 2008 -1
616 1198 -1
599 616 -1
622 3451 -1
588 2761 -1
65 2761 -1
2532 2761 -1
2183 2761 -1
2058 2761 -1
689 2761 -1
2761 2839 -1
184 2761 -1
588 2640 -1
588 2084 -1
336 588 -1
588 2929 -1
178 588 -1
588 2682 -1
588 3067 -1
588 1245 -1
329 3611 -1
329 2330 -1
857 1109 -1
229 3025 -1
978 1467 -1
1958 3779 -1
1873 1958 -1
1958 3666 -1
2433 2963 -1
1832 2433 -1
2433 3529 -1
666 2433 -1
2433 3274 -1
1576 2433 -1
2910 3174 -1
1167 2910 -1
2831 3175 -1
3026 3175 -1
3175 3227 -1
1149 3421 -1
484 3013 -1
2231 3172 -1
2231 2545 -1
2231 2238 -1
1425 2110 -1
557 1425 -1
36 1954 -1
556 2689 -1
556 2585 -1
2384 2818 -1
1904 2630 -1
1372 1684 -1
724 1684 -1
475 1372 -1
455 1372 -1
322 3067 -1
322 336 -1
322 2084 -1
322 2761 -1
322 2640 -1
322 2929 -1
178 322 -1
322 2682 -1
322 1245 -1
1722 1901 -1
705 1722 -1
1722 3434 -1
1722 3532 -1
1300 3099 -1
2624 3060 -1
856 3060 -1
577 3060 -1
467 3060 -1
637 2239 -1
1417 2239 -1
1164 2239 -1
637 865 -1
2420 3350 -1
2394 3701 -1
868 3278 -1
208 868 -1
718 868 -1
78 868 -1
868 1861 -1
868 3782 -1
759 1303 -1
759 2605 -1
3296 3671 -1
3296 3375 -1
2639 2795 -1
645 995 -1
448 995 -1
370 995 -1
995 2173 -1
661 1689 -1
318 327 -1
327 3120 -1
318 3304 -1
1028 2338 -1
1009 1028 -1
633 3079 -1
2307 3079 -1
1381 3079 -1
2751 3079 -1
633 3552 -1
633 2076 -1
2221 3258 -1
765 3258 -1
1329 3490 -1
1629 1686 -1
1618 2917 -1
502 1946 -1
868 3305 -1
1909 3427 -1
1595 1909 -1
2076 2384 -1
2384 3552 -1
901 2384 -1
2384 3079 -1
114 2729 -1
910 1253 -1
910 3452 -1
910 3125 -1
2514 3135 -1
949 2054 -1
32 2054 -1
2054 3707 -1
949 1835 -1
949 2845 -1
596 3350 -1
561 3350 -1
166 3350 -1
857 1261 -1
857 3294 -1
1378 1453 -1
1453 1750 -1
1821 3302 -1
969 1821 -1
1596 1821 -1
1397 1821 -1
1821 1911 -1
1822 1998 -1
1792 1998 -1
1822 3612 -1
613 675 -1
675 1035 -1
675 1262 -1
675 2078 -1
675 2293 -1
1003 3735 -1
1003 3264 -1
673 1003 -1
1003 2342 -1
110 1003 -1
1003 1551 -1
532 1003 -1
1003 2102 -1
372 1003 -1
1003 2364 -1
1003 1021 -1
1003 2527 -1
212 2799 -1
212 1026 -1
212 3260 -1
212 1319 -1
