2706 3712 1
3341 3363 1
1037 1295 1
2201 3123 1
937 1849 1
223 3233 1
3034 3559 1
1776 2136 1
95 2191 1
108 1674 1
2735 3352 1
1341 3322 1
1266 3325 1
1276 1332 1
630 2287 1
267 1905 1
235 2937 1
267 576 1
576 1905 1
782 2826 1
381 2122 1
2003 2291 1
592 1472 1
2598 2810 1
124 3322 1
124 1341 1
2325 2730 1
2201 2974 1
2974 3123 1
2118 3558 1
253 3384 1
3254 3792 1
1102 3557 1
191 2257 1
619 931 1
521 2648 1
1127 1431 1
2891 2985 1
1014 1952 1
490 3497 1
855 2974 1
855 2201 1
855 3123 1
1029 2596 1
1816 3254 1
1816 3792 1
2533 2652 1
883 3051 1
1590 2730 1
1590 2325 1
576 737 1
737 1905 1
267 737 1
3618 3633 1
3058 3464 1
847 1512 1
1776 3213 1
2136 3213 1
1024 1295 1
1024 1037 1
2613 3759 1
3171 3801 1
883 2019 1
2019 3051 1
847 2974 1
1512 2974 1
847 2201 1
847 3123 1
847 855 1
2226 2826 1
782 2226 1
2405 3519 1
701 1929 1
3467 3497 1
490 3467 1
2648 2843 1
521 2843 1
698 2331 1
1637 2368 1
1 1065 1
2003 3580 1
2291 3580 1
981 1341 1
981 3322 1
124 981 1
3483 3792 1
1816 3483 1
3254 3483 1
2642 3467 1
2642 3497 1
490 2642 1
1065 3100 1
1 3100 1
2965 3749 1
1622 3429 1
2309 3032 1
567 3621 1
745 839 1
745 3249 1
839 3249 1
1261 2242 1
250 1793 1
1747 2941 1
2768 2965 1
2768 3749 1
1793 3401 1
250 3401 1
149 913 1
728 2307 1
760 2120 1
190 2987 1
3028 3055 1
1254 2126 1
1199 2087 1
1261 1992 1
1992 2242 1
307 2663 1
702 2476 1
1104 2348 1
563 2824 1
2242 2877 1
1992 2877 1
1261 2877 1
78 728 1
78 2307 1
967 3621 1
567 967 1
1957 2455 1
1193 2566 1
3385 3763 1
1486 2692 1
1854 3217 1
1381 1598 1
35 3243 1
1602 3656 1
2574 3741 1
727 2265 1
241 3409 1
139 2455 1
139 1957 1
1068 1748 1
1927 2574 1
1927 3741 1
491 3243 1
35 491 1
2124 2965 1
2124 2768 1
2124 3749 1
1261 3351 1
1992 3351 1
2242 3351 1
2877 3351 1
1068 2544 1
1748 2544 1
2212 3217 1
1854 2212 1
2120 2124 1
760 2124 1
2120 2768 1
2120 2965 1
2120 3749 1
1937 2307 1
728 1937 1
78 1937 1
1917 2864 1
1840 2270 1
839 3327 1
745 3327 1
3249 3327 1
1748 3267 1
2544 3267 1
1068 3267 1
1200 3327 1
745 1200 1
1200 3249 1
839 1200 1
601 2976 1
3469 3810 1
552 1478 1
1748 2184 1
2184 2544 1
2184 3267 1
1068 2184 1
2002 2307 1
728 2002 1
1937 2002 1
78 2002 1
1174 2277 1
1969 2564 1
412 633 1
2369 3552 1
172 1754 1
2285 2413 1
2356 3011 1
295 3145 1
1154 2711 1
1002 3265 1
2908 3609 1
2545 3292 1
1139 2230 1
970 1056 1
1092 2262 1
587 3039 1
1464 3172 1
1846 3347 1
571 1754 1
172 571 1
1686 2743 1
709 1886 1
246 398 1
843 3762 1
1993 3564 1
1437 3720 1
2733 3781 1
784 2075 1
644 2230 1
644 1139 1
603 1479 1
1241 2252 1
881 1619 1
627 3044 1
345 3056 1
55 3608 1
2177 3391 1
2474 3550 1
1242 3207 1
1201 1592 1
2463 2658 1
84 2444 1
810 1031 1
3011 3720 1
2356 3720 1
1437 3011 1
1642 2230 1
1139 1642 1
644 1642 1
48 2166 1
1241 2356 1
2252 2356 1
1241 3720 1
1241 3011 1
1391 1464 1
1391 3172 1
1555 1874 1
3079 3365 1
5 2075 1
5 784 1
345 2285 1
2285 3056 1
345 2413 1
1290 2615 1
163 3713 1
1139 3552 1
1642 3552 1
644 3552 1
2230 3552 1
1139 2369 1
2811 3667 1
3031 3474 1
2141 3230 1
976 3228 1
3516 3742 1
1429 2584 1
755 1230 1
295 1555 1
1555 3145 1
295 1874 1
144 699 1
881 2467 1
1619 2467 1
320 2615 1
320 1290 1
736 2072 1
1790 3323 1
66 1242 1
66 3207 1
104 575 1
1004 1555 1
1004 3145 1
1004 1874 1
295 1004 1
1482 3493 1
3064 3292 1
2545 3064 1
2520 2817 1
1394 2360 1
1399 2977 1
1009 3480 1
582 3250 1
3091 3445 1
3126 3583 1
2458 3501 1
82 465 1
1438 1732 1
1707 3383 1
500 3098 1
2360 2489 1
1394 2489 1
301 2214 1
301 2499 1
2214 2499 1
419 617 1
503 2817 1
503 2520 1
1914 3672 1
247 757 1
2271 3412 1
73 3783 1
3255 3816 1
1618 3403 1
2338 2353 1
285 1180 1
1888 1946 1
1537 2977 1
1399 1537 1
929 3063 1
1618 2854 1
2854 3403 1
893 994 1
220 3098 1
220 500 1
787 2377 1
1848 2394 1
1053 1161 1
1196 1730 1
978 2817 1
978 2520 1
503 978 1
3182 3572 1
1540 3539 1
1707 2499 1
2499 3383 1
301 1707 1
1707 2214 1
173 618 1
1238 1433 1
838 2720 1
903 3018 1
1503 3766 1
832 2726 1
1625 2856 1
2143 2353 1
2143 2338 1
2858 2887 1
302 3688 1
671 3419 1
2456 2499 1
1707 2456 1
301 2456 1
2214 2456 1
2456 3383 1
2957 3193 1
327 2215 1
462 2978 1
1190 2858 1
1190 2887 1
73 2380 1
2380 3783 1
1537 2112 1
2112 2977 1
1399 2112 1
2353 2957 1
2338 2957 1
2143 2957 1
2353 3193 1
1869 3334 1
1701 2957 1
1701 3193 1
1701 2338 1
1701 2143 1
1701 2353 1
1328 3184 1
854 1625 1
854 2856 1
1707 3420 1
2499 3420 1
2214 3420 1
301 3420 1
3383 3420 1
2456 3420 1
1557 2403 1
685 819 1
2098 2493 1
2235 3765 1
1903 2700 1
2853 3761 1
2199 2677 1
906 2098 1
906 2493 1
1170 1553 1
197 1862 1
2579 3348 1
283 1804 1
1278 3473 1
341 2905 1
577 3756 1
1530 2952 1
657 2470 1
1216 1757 1
833 3082 1
368 3481 1
438 1652 1
127 1493 1
319 3798 1
1175 3537 1
2784 3282 1
116 3548 1
888 2181 1
464 775 1
833 2082 1
2082 3082 1
1407 2986 1
89 3189 1
985 1585 1
293 1976 1
549 1453 1
437 3373 1
3549 3752 1
904 2885 1
1614 2148 1
134 3062 1
270 602 1
835 2801 1
1425 3170 1
685 1368 1
819 1368 1
495 2371 1
1337 1376 1
1771 3148 1
245 3113 1
2385 3769 1
1425 3765 1
3170 3765 1
1425 2235 1
1179 3756 1
577 1179 1
2160 3548 1
116 2160 1
661 2853 1
661 3761 1
2501 2952 1
1530 2501 1
1490 2657 1
754 2497 1
3761 3761 1
256 2687 1
616 2776 1
549 2297 1
1453 2297 1
83 2665 1
19 3179 1
1257 2248 1
1038 2780 1
616 2814 1
2776 2814 1
2148 3113 1
1614 3113 1
245 2148 1
1649 1753 1
829 2581 1
3545 3813 1
495 1400 1
1400 2371 1
3756 3775 1
577 3775 1
1179 3775 1
912 1416 1
2297 3116 1
549 3116 1
1453 3116 1
270 3199 1
602 3199 1
100 3441 1
39 2482 1
116 2497 1
2160 2497 1
2497 3548 1
116 754 1
1744 2024 1
556 703 1
448 1692 1
551 2869 1
7 1912 1
2812 3380 1
303 1135 1
2219 3695 1
1135 2387 1
303 2387 1
131 399 1
1659 2656 1
1020 1634 1
117 1330 1
1149 2070 1
184 2466 1
805 950 1
1692 2599 1
448 2599 1
453 2931 1
950 3581 1
805 3581 1
119 672 1
401 3604 1
1634 2572 1
1020 2572 1
1481 2933 1
291 2275 1
580 1135 1
580 2387 1
303 580 1
344 1369 1
1036 1800 1
1379 1778 1
237 580 1
237 303 1
237 2387 1
237 1135 1
1023 1249 1
482 945 1
2773 3251 1
1247 3027 1
544 2428 1
2000 3604 1
401 2000 1
1287 1721 1
1142 1950 1
1313 2933 1
1313 1481 1
986 2617 1
13 1020 1
13 1634 1
13 2572 1
1950 3186 1
1142 3186 1
2680 2933 1
1481 2680 1
1313 2680 1
2428 2931 1
544 2931 1
453 2428 1
2241 3605 1
65 1373 1
739 1930 1
1256 2981 1
706 1379 1
706 1778 1
797 3670 1
1036 1428 1
1428 1800 1
328 1023 1
328 1249 1
898 1060 1
785 3080 1
361 3750 1
188 488 1
7 2755 1
1912 2755 1
2173 2667 1
1167 2168 1
179 2710 1
1662 3260 1
1556 3269 1
2427 2505 1
488 1120 1
188 1120 1
2551 3380 1
2551 2812 1
2708 3010 1
2617 3793 1
986 3793 1
879 1286 1
1723 2924 1
1367 2618 1
606 1673 1
2984 3421 1
596 1819 1
400 1519 1
2036 3038 1
1645 3119 1
2111 2541 1
45 1430 1
1577 1845 1
790 2357 1
3095 3131 1
334 451 1
1083 3307 1
1432 1577 1
1432 1845 1
1440 3513 1
2030 3644 1
1897 2789 1
2653 3002 1
596 3206 1
1819 3206 1
1284 1729 1
1558 3175 1
45 1711 1
1430 1711 1
1729 3697 1
1284 3697 1
1819 3421 1
596 3421 1
3206 3421 1
1819 2984 1
2923 3597 1
3146 3399 1
1168 3013 1
1492 3277 1
2263 3787 1
923 2820 1
515 1521 1
3006 3716 1
926 2736 1
1114 3414 1
853 984 1
499 3141 1
941 3013 1
941 1168 1
670 3505 1
2653 3095 1
3002 3095 1
2653 3131 1
634 2820 1
634 923 1
1460 3206 1
1460 1819 1
596 1460 1
1460 3421 1
750 774 1
1085 1398 1
1711 3006 1
45 3006 1
1430 3006 1
1711 3716 1
877 1538 1
1426 1560 1
2061 3560 1
658 2519 1
2786 3472 1
1439 2363 1
45 2316 1
2316 3006 1
1430 2316 1
1711 2316 1
1726 3514 1
647 1426 1
647 1560 1
2546 3746 1
1558 3030 1
3030 3175 1
941 1105 1
1105 1168 1
1105 3013 1
1321 2030 1
1321 3644 1
1085 2798 1
1398 2798 1
2786 3277 1
3277 3472 1
1492 2786 1
2038 2232 1
991 3270 1
848 1439 1
848 2363 1
526 2643 1
2970 3077 1
1354 1385 1
572 3156 1
891 2182 1
263 1542 1
1354 3551 1
1385 3551 1
895 3192 1
889 927 1
1887 2029 1
694 2424 1
331 537 1
485 2863 1
954 2472 1
1568 2029 1
1568 1887 1
1953 2647 1
866 2621 1
263 1115 1
1115 1542 1
1166 2518 1
1734 2281 1
1818 2537 1
3021 3433 1
2565 3390 1
927 1177 1
889 1177 1
2472 2727 1
954 2727 1
2029 3760 1
1568 3760 1
1887 3760 1
2208 3653 1
485 753 1
753 2863 1
3086 3534 1
2781 3187 1
1116 3707 1
1709 2472 1
954 1709 1
1709 2727 1
763 2626 1
1683 2386 1
123 1894 1
1186 2029 1
1186 1568 1
1186 3760 1
1186 1887 1
1171 3680 1
231 1994 1
895 2939 1
2939 3192 1
383 2109 1
1529 2662 1
1351 3356 1
3106 3111 1
458 3273 1
294 1818 1
294 2537 1
1994 1999 1
231 1999 1
891 3001 1
2182 3001 1
605 1474 1
10 2302 1
933 2781 1
933 3187 1
1370 2960 1
176 3475 1
1212 1784 1
866 2998 1
2621 2998 1
1348 2326 1
992 3622 1
263 537 1
537 1115 1
537 1542 1
263 331 1
251 3052 1
176 351 1
351 3475 1
2723 3368 1
1388 3424 1
1370 2769 1
2769 2960 1
2727 3484 1
2472 3484 1
954 3484 1
1709 3484 1
1953 2559 1
2559 2647 1
694 1954 1
1954 2424 1
665 3291 1
403 1583 1
1529 2737 1
2662 2737 1
2133 3705 1
404 3185 1
136 566 1
236 2022 1
227 2419 1
369 2286 1
1687 2614 1
155 638 1
947 1945 1
2244 3221 1
813 2614 1
813 1687 1
917 3589 1
254 1411 1
545 1678 1
506 1678 1
506 545 1
1522 3664 1
3185 3694 1
404 3694 1
997 3522 1
2529 3446 1
3432 3515 1
375 2305 1
947 1964 1
1945 1964 1
128 3439 1
88 2524 1
1844 2022 1
236 1844 1
2896 3290 1
279 980 1
2286 3689 1
369 3689 1
105 674 1
2314 3573 1
1035 3577 1
497 3149 1
2216 2766 1
3060 3168 1
2432 3470 1
980 1600 1
279 1600 1
2110 2686 1
340 2699 1
2346 2818 1
1298 3570 1
2127 2875 1
1228 3589 1
917 1228 1
375 1789 1
1789 2305 1
1810 3042 1
1410 2778 1
1810 2896 1
2896 3042 1
1810 3290 1
3290 3523 1
2896 3523 1
1810 3523 1
2433 2972 1
234 2807 1
1409 3745 1
1447 3571 1
418 2917 1
1138 1629 1
1292 2197 1
510 545 1
506 510 1
510 1678 1
3168 3258 1
3060 3258 1
947 1539 1
1539 1945 1
1539 1964 1
1589 1979 1
2522 3439 1
128 2522 1
676 1121 1
887 2918 1
638 3664 1
155 3664 1
638 1522 1
562 3491 1
1616 1908 1
1908 3725 1
1616 3725 1
947 1035 1
1035 1945 1
1035 1539 1
1035 1964 1
947 3577 1
916 2247 1
2436 3470 1
2432 2436 1
2300 3458 1
2538 2750 1
209 2222 1
1129 3735 1
1303 3647 1
2679 2767 1
367 3132 1
87 3818 1
118 258 1
2866 3120 1
3092 3240 1
34 2313 1
622 1101 1
1684 3681 1
1714 2560 1
2382 2526 1
1863 3512 1
1779 2535 1
600 2512 1
1427 2498 1
330 2084 1
87 788 1
788 3818 1
1107 3076 1
1435 2321 1
591 1285 1
201 622 1
201 1101 1
432 2604 1
1021 2866 1
1021 3120 1
574 1640 1
432 673 1
673 2604 1
2005 3817 1
1890 2521 1
456 3147 1
439 1569 1
894 3147 1
456 894 1
38 2552 1
274 2063 1
1873 3203 1
1303 3506 1
3506 3647 1
347 3136 1
600 707 1
707 2512 1
1863 2395 1
2395 3512 1
2929 3735 1
1129 2929 1
821 3678 1
2358 3088 1
593 1533 1
2744 3357 1
1878 2956 1
1016 3070 1
660 1978 1
114 3376 1
38 660 1
660 2552 1
38 1978 1
546 761 1
2434 3647 1
2434 3506 1
1303 2434 1
2969 3198 1
1069 1405 1
707 3740 1
600 3740 1
2512 3740 1
439 1890 1
1569 1890 1
439 2521 1
112 2299 1
714 1028 1
1046 3729 1
1796 2253 1
1697 3379 1
675 1551 1
2491 3247 1
1074 3335 1
1483 1697 1
1483 3379 1
673 3136 1
432 3136 1
2604 3136 1
347 673 1
1549 2605 1
498 3530 1
2342 3240 1
2342 3092 1
1722 1827 1
77 3518 1
2512 2884 -1
600 2884 -1
707 2884 -1
2884 3740 -1
148 833 -1
148 3082 -1
148 2082 -1
673 2250 -1
432 2250 -1
2250 3136 -1
347 2250 -1
2250 2604 -1
2333 2359 -1
2377 3052 -1
787 3052 -1
251 2377 -1
378 1830 -1
2779 3053 -1
973 3331 -1
357 2360 -1
357 2489 -1
357 1394 -1
1253 1470 -1
327 1131 -1
1131 2215 -1
645 2480 -1
532 1601 -1
2179 3427 -1
1598 3300 -1
1381 3300 -1
336 859 -1
503 2108 -1
2108 2520 -1
2108 2817 -1
978 2108 -1
2071 3004 -1
1342 3663 -1
1504 2269 -1
362 2526 -1
362 2382 -1
832 2034 -1
2034 2726 -1
1195 3370 -1
1751 2288 -1
432 2128 -1
2128 3136 -1
673 2128 -1
2128 2604 -1
87 1728 -1
1728 3818 -1
788 1728 -1
1693 3304 -1
1792 3225 -1
1129 1160 -1
1160 2929 -1
1160 3735 -1
968 3690 -1
2766 2973 -1
2216 2973 -1
1660 1803 -1
1516 2886 -1
1807 2763 -1
2054 3772 -1
943 1778 -1
706 943 -1
943 1379 -1
786 3755 -1
46 2054 -1
293 353 -1
353 1976 -1
838 3379 -1
2720 3379 -1
838 1697 -1
838 1483 -1
1012 2604 -1
432 1012 -1
673 1012 -1
1012 3136 -1
2100 3719 -1
1211 2877 -1
1211 1992 -1
1211 2242 -1
1211 1261 -1
1211 3351 -1
251 1875 -1
1875 3052 -1
1660 1838 -1
964 1301 -1
2349 2886 -1
1405 2906 -1
1069 2906 -1
259 593 -1
259 1533 -1
314 3025 -1
211 3135 -1
979 2995 -1
1686 3009 -1
2743 3009 -1
1796 2699 -1
2253 2699 -1
340 1796 -1
2225 2240 -1
995 1394 -1
995 2360 -1
995 2489 -1
251 2516 -1
2516 3052 -1
2322 2892 -1
613 3124 -1
1178 2679 -1
1178 2767 -1
2243 2436 -1
2243 2432 -1
2243 3470 -1
360 1973 -1
2358 2561 -1
2561 3088 -1
868 2564 -1
868 1969 -1
645 2689 -1
1329 1703 -1
624 1296 -1
849 2802 -1
1134 3361 -1
2827 3567 -1
379 1720 -1
57 2042 -1
216 2044 -1
2225 3203 -1
1873 2225 -1
755 757 -1
757 1230 -1
247 755 -1
870 2396 -1
2066 3023 -1
2509 2877 -1
1992 2509 -1
2242 2509 -1
1261 2509 -1
2509 3351 -1
2400 2998 -1
866 2400 -1
2400 2621 -1
87 2281 -1
2281 3818 -1
788 2281 -1
87 1734 -1
1145 2876 -1
162 2067 -1
641 3178 -1
2434 3465 -1
3465 3506 -1
1303 3465 -1
3465 3647 -1
351 2779 -1
176 2779 -1
2779 3475 -1
156 2674 -1
405 1132 -1
1707 2761 -1
2499 2761 -1
2214 2761 -1
301 2761 -1
2761 3383 -1
2456 2761 -1
2761 3420 -1
1940 2054 -1
677 2501 -1
677 2952 -1
677 1530 -1
2489 3076 -1
2360 3076 -1
1394 3076 -1
1107 2489 -1
3490 3671 -1
355 1478 -1
355 552 -1
1657 3533 -1
2792 2818 -1
2346 2792 -1
643 1511 -1
2003 3666 -1
2291 3666 -1
3580 3666 -1
1950 2969 -1
2969 3186 -1
1142 2969 -1
1950 3198 -1
190 3521 -1
2987 3521 -1
1247 3645 -1
3027 3645 -1
295 2401 -1
2401 3145 -1
1874 2401 -1
1555 2401 -1
1004 2401 -1
2494 3334 -1
1869 2494 -1
462 2185 -1
2185 2978 -1
2945 3296 -1
905 3708 -1
3570 3771 -1
1298 3771 -1
362 1040 -1
2983 3208 -1
114 958 -1
958 3376 -1
1195 1750 -1
47 2684 -1
468 2373 -1
1858 3337 -1
470 2185 -1
911 2616 -1
311 893 -1
311 994 -1
2052 2398 -1
1040 2250 -1
1119 3523 -1
1119 2896 -1
1119 3290 -1
1119 1810 -1
696 1491 -1
3433 3542 -1
3021 3542 -1
1702 2639 -1
224 3127 -1
645 714 -1
645 1028 -1
506 1686 -1
545 1686 -1
510 1686 -1
1678 1686 -1
506 2743 -1
1303 3693 -1
3506 3693 -1
2434 3693 -1
3647 3693 -1
506 1672 -1
545 1672 -1
510 1672 -1
1672 1678 -1
1494 3521 -1
1378 1953 -1
1378 2559 -1
1378 2647 -1
11 949 -1
1018 1226 -1
322 364 -1
410 3419 -1
410 671 -1
979 2054 -1
212 2920 -1
2434 3276 -1
3276 3506 -1
1303 3276 -1
3276 3647 -1
1115 2597 -1
537 2597 -1
1542 2597 -1
263 2597 -1
371 3548 -1
371 2160 -1
371 2497 -1
116 371 -1
22 1973 -1
857 2748 -1
676 2347 -1
1121 2347 -1
1158 1678 -1
545 1158 -1
506 1158 -1
510 1158 -1
1307 1798 -1
2619 3518 -1
77 2619 -1
3036 3340 -1
2215 3127 -1
327 3127 -1
2273 2934 -1
2583 2640 -1
2347 2818 -1
2346 2347 -1
897 2270 -1
897 1840 -1
2792 3231 -1
2373 3066 -1
1003 2175 -1
2818 3305 -1
2346 3305 -1
380 1123 -1
503 1165 -1
1165 2520 -1
1165 2817 -1
978 1165 -1
2000 3337 -1
401 3337 -1
3337 3604 -1
42 3474 -1
42 3031 -1
2056 2077 -1
387 2234 -1
2367 3754 -1
1173 2081 -1
602 863 -1
270 863 -1
863 3199 -1
2264 2491 -1
2264 3247 -1
2361 2623 -1
3076 3283 -1
1107 3283 -1
2378 3452 -1
1350 3027 -1
1247 1350 -1
426 1118 -1
2364 2721 -1
1725 2804 -1
2110 2776 -1
2686 2776 -1
616 2110 -1
2110 2814 -1
378 1807 -1
2094 2758 -1
185 1987 -1
1104 3315 -1
2348 3315 -1
622 3191 -1
201 3191 -1
1101 3191 -1
1091 3033 -1
371 3426 -1
1383 2654 -1
439 2225 -1
1569 2225 -1
1890 2225 -1
2225 2521 -1
57 1963 -1
1802 3274 -1
1452 1731 -1
348 3714 -1
2767 3708 -1
2679 3708 -1
93 3774 -1
279 2380 -1
1600 2380 -1
980 2380 -1
73 279 -1
279 3783 -1
897 1711 -1
897 2316 -1
897 3716 -1
45 897 -1
897 1430 -1
897 3006 -1
618 801 -1
173 801 -1
2355 2779 -1
838 989 -1
989 2720 -1
1705 3211 -1
1195 2229 -1
502 1384 -1
1401 2794 -1
121 1708 -1
1711 3299 -1
2316 3299 -1
3299 3716 -1
45 3299 -1
1430 3299 -1
3006 3299 -1
999 2624 -1
371 1330 -1
117 371 -1
939 2231 -1
2409 3684 -1
1586 3663 -1
274 2066 -1
2063 2066 -1
3 2725 -1
1960 2605 -1
1549 1960 -1
639 2237 -1
259 1629 -1
259 1138 -1
1830 2817 -1
1830 2520 -1
978 1830 -1
503 1830 -1
1098 3300 -1
556 2689 -1
703 2689 -1
2185 2409 -1
468 3735 -1
468 1129 -1
468 2929 -1
1417 3674 -1
163 1722 -1
1722 3713 -1
163 1827 -1
321 1684 -1
321 3681 -1
1762 2665 -1
83 1762 -1
3184 3799 -1
1328 3799 -1
665 3603 -1
3291 3603 -1
3096 3127 -1
1195 3087 -1
2205 3345 -1
1396 1800 -1
1396 1428 -1
1036 1396 -1
2093 3542 -1
180 3554 -1
6 1808 -1
369 425 -1
425 3689 -1
425 2286 -1
895 1821 -1
1821 3192 -1
1821 2939 -1
583 762 -1
825 2910 -1
36 2281 -1
36 1734 -1
47 2983 -1
532 1600 -1
532 980 -1
279 532 -1
1739 2480 -1
318 1115 -1
318 537 -1
318 1542 -1
263 318 -1
6 3599 -1
214 1958 -1
2051 2099 -1
1708 3028 -1
1708 3055 -1
1272 2359 -1
1446 3424 -1
1388 1446 -1
1942 1956 -1
1904 2630 -1
318 375 -1
318 2305 -1
318 1789 -1
1798 3465 -1
558 2273 -1
99 628 -1
1414 2266 -1
1470 2561 -1
185 1519 -1
185 400 -1
18 3623 -1
661 1689 -1
1689 3761 -1
1689 2853 -1
625 2373 -1
3 2042 -1
163 2384 -1
2384 3713 -1
1978 2638 -1
660 2638 -1
38 2638 -1
1796 3005 -1
2253 3005 -1
1797 3568 -1
1225 3258 -1
1225 3168 -1
1225 3060 -1
833 3787 -1
3082 3787 -1
2082 3787 -1
833 2263 -1
258 3772 -1
118 3772 -1
1649 2616 -1
1753 2616 -1
1416 2862 -1
912 2862 -1
2778 3548 -1
1410 3548 -1
2160 2778 -1
2497 2778 -1
116 2778 -1
914 1405 -1
914 1069 -1
526 3338 -1
2643 3338 -1
1452 2980 -1
2818 3469 -1
2346 3469 -1
2818 3810 -1
510 1946 -1
545 1946 -1
506 1946 -1
1678 1946 -1
510 1888 -1
1379 3429 -1
1778 3429 -1
706 3429 -1
1379 1622 -1
1157 1445 -1
1158 2139 -1
2383 2571 -1
1450 2117 -1
2234 3164 -1
1780 3427 -1
1998 2359 -1
645 1021 -1
645 3120 -1
645 2866 -1
1620 3533 -1
1955 2725 -1
1157 3542 -1
1157 3523 -1
1157 2896 -1
1157 3290 -1
1157 1810 -1
3 209 -1
3 2222 -1
1226 2512 -1
600 1226 -1
707 1226 -1
1226 3740 -1
177 3489 -1
681 1978 -1
660 681 -1
38 681 -1
1778 1843 -1
706 1843 -1
1379 1843 -1
1708 2206 -1
1428 1710 -1
1710 1800 -1
1036 1710 -1
426 2564 -1
426 1969 -1
364 1130 -1
559 2918 -1
559 887 -1
719 2450 -1
251 1696 -1
1696 3052 -1
91 868 -1
3109 3172 -1
1464 3109 -1
1391 3109 -1
185 1125 -1
1703 2591 -1
1607 3754 -1
2231 3172 -1
1464 2231 -1
1391 2231 -1
2163 2250 -1
778 3590 -1
1629 2409 -1
1138 2409 -1
349 1381 -1
349 1598 -1
355 1463 -1
1807 2380 -1
73 1807 -1
1807 3783 -1
878 3446 -1
878 2529 -1
2388 2998 -1
866 2388 -1
2388 2621 -1
2965 3526 -1
2768 3526 -1
2120 3526 -1
2124 3526 -1
3526 3749 -1
1958 2604 -1
432 1958 -1
673 1958 -1
1958 3136 -1
1272 2676 -1
2945 3300 -1
868 3395 -1
964 2667 -1
964 2173 -1
1703 2617 -1
1703 3793 -1
986 1703 -1
304 348 -1
1807 2779 -1
405 1873 -1
405 3203 -1
47 49 -1
1129 2489 -1
2489 2929 -1
2489 3735 -1
1129 2360 -1
1129 1394 -1
503 950 -1
950 2520 -1
950 2817 -1
950 978 -1
503 805 -1
503 3581 -1
3117 3393 -1
6 1863 -1
6 3512 -1
6 2395 -1
1330 1909 -1
117 1909 -1
1296 1697 -1
1296 3379 -1
1296 1483 -1
2688 2892 -1
611 633 -1
412 611 -1
1350 1379 -1
1350 1778 -1
706 1350 -1
1330 2765 -1
117 2765 -1
3331 3433 -1
3021 3331 -1
2377 3016 -1
787 3016 -1
2184 2404 -1
2404 2544 -1
1068 2404 -1
2404 3267 -1
1748 2404 -1
21 2969 -1
21 3198 -1
3182 3188 -1
3188 3572 -1
2571 3157 -1
1414 1530 -1
1414 2952 -1
1414 2501 -1
585 3338 -1
887 1052 -1
1052 2918 -1
6 3773 -1
29 3503 -1
150 3607 -1
9 1168 -1
9 1105 -1
9 3013 -1
9 941 -1
153 2384 -1
1778 1827 -1
706 1827 -1
1379 1827 -1
1722 1778 -1
506 2409 -1
545 2409 -1
510 2409 -1
1678 2409 -1
2179 2231 -1
39 216 -1
216 2482 -1
178 2269 -1
3226 3311 -1
1458 3326 -1
1958 2997 -1
1283 2766 -1
1283 2216 -1
2129 3225 -1
1207 2521 -1
1207 1890 -1
439 1207 -1
2333 3300 -1
1696 3783 -1
73 1696 -1
1696 2380 -1
159 3565 -1
2564 3315 -1
1969 3315 -1
21 1339 -1
121 615 -1
339 2111 -1
339 2541 -1
1108 1445 -1
516 1702 -1
355 3763 -1
355 3385 -1
1779 2543 -1
2535 2543 -1
18 554 -1
114 1649 -1
1649 3376 -1
114 1753 -1
1607 3315 -1
1954 2619 -1
2424 2619 -1
694 2619 -1
1953 3567 -1
2559 3567 -1
2647 3567 -1
2815 3461 -1
651 1109 -1
1810 2455 -1
2455 2896 -1
2455 3042 -1
2455 3523 -1
2455 3290 -1
139 1810 -1
1810 1957 -1
649 2489 -1
649 2360 -1
649 1394 -1
1689 3224 -1
2871 3297 -1
3523 3548 -1
2896 3548 -1
3290 3548 -1
1810 3548 -1
2160 3523 -1
2497 3523 -1
116 3523 -1
833 1284 -1
1284 3082 -1
1284 2082 -1
833 1729 -1
833 3697 -1
324 2624 -1
1956 2100 -1
831 2217 -1
2237 2238 -1
3523 3542 -1
2896 3542 -1
3290 3542 -1
1810 3542 -1
724 3326 -1
2876 2918 -1
887 2876 -1
868 3294 -1
3 314 -1
1166 1445 -1
1445 2518 -1
1220 3755 -1
1822 3345 -1
385 2404 -1
3305 3590 -1
86 190 -1
86 2987 -1
1090 1450 -1
2156 2919 -1
1122 2071 -1
849 1174 -1
849 2277 -1
21 3503 -1
1494 3814 -1
949 2880 -1
911 1386 -1
502 1946 -1
502 1888 -1
803 1022 -1
159 2764 -1
849 1588 -1
2110 2624 -1
2624 2686 -1
1792 2542 -1
3340 3629 -1
622 1207 -1
201 1207 -1
1101 1207 -1
2184 3474 -1
2544 3474 -1
1068 3474 -1
3267 3474 -1
1748 3474 -1
2184 3031 -1
1940 2998 -1
866 1940 -1
1940 2621 -1
1378 1456 -1
863 3179 -1
19 863 -1
3055 3094 -1
3028 3094 -1
928 2885 -1
904 928 -1
2131 2237 -1
44 2077 -1
2480 2831 -1
2246 3127 -1
506 586 -1
545 586 -1
510 586 -1
586 1678 -1
118 1940 -1
258 1940 -1
216 3619 -1
1890 2239 -1
2239 2521 -1
1569 2239 -1
439 2239 -1
1660 2647 -1
1660 1953 -1
1660 2559 -1
1796 3149 -1
2253 3149 -1
497 1796 -1
251 2052 -1
2052 3052 -1
348 3708 -1
2998 3071 -1
866 3071 -1
2621 3071 -1
362 3186 -1
362 1142 -1
362 1950 -1
3097 3486 -1
1168 3559 -1
1105 3559 -1
3013 3559 -1
941 3559 -1
1168 3034 -1
1362 3426 -1
49 2910 -1
3082 3534 -1
833 3534 -1
2082 3534 -1
3082 3086 -1
2524 2963 -1
88 2963 -1
849 1598 -1
849 1381 -1
2110 3548 -1
2686 3548 -1
2110 2160 -1
2110 2497 -1
116 2110 -1
1796 2917 -1
2253 2917 -1
418 1796 -1
963 1696 -1
1508 1660 -1
339 2032 -1
929 3048 -1
3048 3063 -1
676 702 -1
702 1121 -1
676 2476 -1
2040 2247 -1
916 2040 -1
596 3350 -1
1819 3350 -1
1460 3350 -1
3350 3421 -1
3206 3350 -1
1137 1792 -1
2335 2884 -1
2383 2486 -1
387 2525 -1
57 949 -1
180 3258 -1
180 3168 -1
180 3060 -1
1394 1450 -1
1450 2360 -1
1450 2489 -1
1491 1960 -1
380 3570 -1
380 1298 -1
2766 3676 -1
2216 3676 -1
1206 2404 -1
633 3079 -1
412 3079 -1
633 3365 -1
6 1666 -1
329 2027 -1
2483 3315 -1
1906 2767 -1
1906 2679 -1
86 1588 -1
155 2654 -1
2654 3664 -1
638 2654 -1
1275 2333 -1
1396 2903 -1
2231 2238 -1
1276 2332 -1
1332 2332 -1
325 1703 -1
3060 3542 -1
3168 3542 -1
3258 3542 -1
18 1796 -1
18 2253 -1
1778 3599 -1
706 3599 -1
1379 3599 -1
3326 3735 -1
1129 3326 -1
2929 3326 -1
1172 2359 -1
857 1720 -1
387 2219 -1
387 3695 -1
1132 2918 -1
887 1132 -1
2616 3774 -1
322 2830 -1
2956 3340 -1
1878 3340 -1
2364 3319 -1
837 1516 -1
52 949 -1
3076 3430 -1
1107 3430 -1
1791 2332 -1
1022 2480 -1
615 1525 -1
653 868 -1
36 2852 -1
50 2242 -1
50 1992 -1
50 3351 -1
50 1261 -1
50 2877 -1
914 1822 -1
633 901 -1
412 901 -1
112 351 -1
351 2299 -1
112 176 -1
112 3475 -1
241 251 -1
251 3409 -1
241 3052 -1
428 2963 -1
405 2378 -1
3109 3474 -1
3031 3109 -1
3009 3764 -1
318 3433 -1
318 3021 -1
891 2758 -1
2758 3001 -1
2182 2758 -1
1689 2477 -1
1086 3412 -1
1086 2271 -1
1703 2775 -1
1463 1681 -1
36 1368 -1
36 819 -1
36 685 -1
3269 3379 -1
1556 3379 -1
1697 3269 -1
1483 3269 -1
