619 1759 1
381 1203 1
1864 2037 1
2104 3026 1
1037 3220 1
2258 2534 1
56 698 1
841 1066 1
855 1674 1
374 1496 1
1356 1715 1
1488 1610 1
1093 3497 1
2118 2190 1
1322 2826 1
1472 3171 1
931 1985 1
26 3547 1
1907 3227 1
3425 3631 1
1156 2331 1
1809 1970 1
1066 2019 1
841 2019 1
1970 2020 1
1809 2020 1
1624 2502 1
1715 3440 1
1356 3440 1
2308 3580 1
965 1029 1
352 855 1
352 1674 1
553 723 1
505 1182 1
834 1153 1
2171 3213 1
1905 3440 1
1715 1905 1
1356 1905 1
1932 3444 1
1715 2171 1
2171 3440 1
1905 2171 1
1356 2171 1
1715 3213 1
2539 3519 1
2190 3089 1
2118 3089 1
1030 3633 1
374 3286 1
1496 3286 1
95 443 1
922 1668 1
723 1597 1
553 1597 1
1065 3051 1
620 2596 1
937 2055 1
721 1076 1
592 2554 1
1907 2118 1
2118 3227 1
1907 3089 1
1907 2190 1
490 3807 1
1029 1612 1
965 1612 1
435 1322 1
435 2826 1
825 1087 1
576 1302 1
3389 3538 1
15 2048 1
642 1970 1
642 1809 1
642 2020 1
374 2800 1
1496 2800 1
2800 3286 1
2037 3227 1
1864 3227 1
1907 2037 1
2037 2118 1
26 2325 1
2325 3547 1
235 2103 1
2598 3673 1
1472 2485 1
2485 3171 1
937 1689 1
1689 2055 1
266 1948 1
592 2258 1
2258 2554 1
592 2534 1
1952 2223 1
1597 3367 1
553 3367 1
723 3367 1
423 2730 1
1065 2028 1
2028 3051 1
141 3547 1
26 141 1
141 2325 1
423 3669 1
2730 3669 1
282 2627 1
266 3057 1
1948 3057 1
2196 3801 1
636 1932 1
636 3444 1
108 1593 1
1244 3275 1
3051 3363 1
1065 3363 1
2028 3363 1
642 3105 1
1809 3105 1
1970 3105 1
2020 3105 1
1080 1944 1
1929 3464 1
1302 1484 1
576 1484 1
1 1080 1
1 1944 1
1231 1997 1
72 358 1
435 2652 1
1322 2652 1
2652 2826 1
1944 3631 1
1080 3631 1
1 3631 1
1944 3425 1
1332 3322 1
1274 3809 1
642 1266 1
1266 1809 1
1266 1970 1
1266 2020 1
1266 3105 1
981 2937 1
1932 3058 1
636 3058 1
3058 3444 1
1302 2011 1
576 2011 1
1484 2011 1
975 2145 1
1014 1745 1
609 2145 1
609 975 1
876 2627 1
282 876 1
1024 1231 1
1024 1997 1
1203 2706 1
381 2706 1
1637 2331 1
1156 1637 1
1014 1695 1
1695 1745 1
521 2165 1
1127 3089 1
1127 1907 1
1127 2118 1
1127 2190 1
592 1674 1
1674 2554 1
1674 2258 1
1674 2534 1
352 592 1
592 855 1
592 3444 1
352 3444 1
2534 3444 1
1674 3444 1
2258 3444 1
855 3444 1
2554 3444 1
592 1932 1
592 3058 1
592 636 1
35 417 1
2476 3496 1
3109 3243 1
2802 3073 1
1122 1793 1
918 1283 1
818 1861 1
2455 2542 1
1389 3578 1
1927 3427 1
1598 1813 1
1172 2796 1
1250 2785 1
109 2138 1
900 3305 1
2625 3375 1
1261 1884 1
190 3619 1
1661 3671 1
913 2506 1
1137 1969 1
643 3578 1
643 1389 1
242 543 1
52 2192 1
2943 3167 1
1969 3226 1
1137 3226 1
241 610 1
107 2064 1
3543 3772 1
476 979 1
1267 3601 1
3071 3267 1
2898 3349 1
1222 2081 1
990 2351 1
278 3351 1
1638 2898 1
1638 3349 1
91 412 1
920 3578 1
643 920 1
920 1389 1
516 1335 1
1531 3048 1
61 1075 1
1137 3616 1
1969 3616 1
3226 3616 1
1478 2703 1
1893 2504 1
225 1068 1
2824 3772 1
2824 3543 1
2126 3406 1
150 2087 1
864 3401 1
2120 2231 1
1015 3225 1
385 718 1
1747 2949 1
1413 3656 1
1920 2367 1
42 1622 1
1172 2899 1
2796 2899 1
610 3294 1
241 3294 1
149 3763 1
2802 3710 1
3073 3710 1
979 1267 1
476 1267 1
979 3601 1
1646 3028 1
107 3615 1
2064 3615 1
1118 2949 1
1118 1747 1
713 1052 1
2052 3028 1
1646 2052 1
307 3109 1
307 3243 1
1413 2973 1
2973 3656 1
362 3217 1
1137 2824 1
2824 3616 1
1969 2824 1
2824 3226 1
1137 3543 1
1137 3772 1
840 2192 1
52 840 1
1531 1927 1
1927 3048 1
1531 3427 1
2973 3509 1
3509 3656 1
1413 3509 1
2158 3676 1
329 3109 1
307 329 1
329 3243 1
2064 2347 1
107 2347 1
2347 3615 1
1015 1884 1
1884 3225 1
1015 1261 1
52 1704 1
1704 2192 1
840 1704 1
924 2088 1
920 2277 1
2277 3578 1
643 2277 1
1389 2277 1
3395 3682 1
1389 1696 1
920 1696 1
1696 3578 1
643 1696 1
1696 2277 1
385 2589 1
718 2589 1
190 1598 1
1598 3619 1
190 1813 1
2333 2574 1
2184 2645 1
2347 2564 1
2064 2564 1
107 2564 1
2564 3615 1
873 1898 1
1480 3606 1
1075 2976 1
61 2976 1
3429 3722 1
476 1646 1
979 1646 1
1267 1646 1
476 2052 1
476 3028 1
563 1204 1
573 2476 1
573 3496 1
612 3651 1
713 1936 1
1052 1936 1
990 2044 1
2044 2351 1
686 3616 1
686 2824 1
686 1137 1
686 3226 1
686 1969 1
2476 3543 1
3496 3543 1
573 3543 1
2476 2824 1
1137 2476 1
2476 3772 1
1478 2920 1
2703 2920 1
452 3133 1
321 2768 1
2864 3810 1
1357 1598 1
1357 3619 1
1357 1813 1
190 1357 1
287 2949 1
287 1747 1
287 1118 1
1137 2629 1
2629 3616 1
2629 2824 1
2476 2629 1
686 2629 1
1969 2629 1
2629 3543 1
2629 3226 1
2629 3772 1
388 459 1
1199 3578 1
1199 1696 1
643 1199 1
1199 2277 1
1199 1389 1
920 1199 1
1219 3628 1
421 2230 1
755 2944 1
1268 3443 1
881 1534 1
2072 3223 1
2953 3471 1
2189 2318 1
2848 3435 1
64 153 1
639 1814 1
210 1592 1
901 1230 1
445 644 1
1246 1961 1
125 1336 1
153 3214 1
64 3214 1
1527 2442 1
144 2859 1
210 3323 1
1592 3323 1
2444 2908 1
64 1555 1
153 1555 1
1555 3214 1
479 1326 1
882 1781 1
2570 3004 1
2189 3434 1
2318 3434 1
508 1846 1
2318 3471 1
3434 3471 1
2189 3471 1
2318 2953 1
172 3762 1
1555 3563 1
64 3563 1
153 3563 1
3214 3563 1
2407 2597 1
2210 3359 1
192 810 1
2479 2846 1
1754 3713 1
2166 3043 1
1853 2319 1
1968 3628 1
1219 1968 1
376 2272 1
144 2272 1
2272 2859 1
144 376 1
1418 3516 1
170 3228 1
2474 2545 1
48 3701 1
2298 3228 1
170 2298 1
48 3172 1
3172 3701 1
2254 3097 1
2255 2319 1
1853 2255 1
295 3223 1
295 2072 1
2747 2999 1
3230 3713 1
1754 3230 1
3031 3457 1
246 1495 1
736 1390 1
55 3762 1
55 172 1
2711 3435 1
2711 2848 1
2442 3214 1
1527 3214 1
64 2442 1
2442 3563 1
1555 2442 1
153 2442 1
2908 3044 1
2444 3044 1
203 2040 1
1511 2897 1
1866 2795 1
1754 3336 1
3336 3713 1
3230 3336 1
55 1197 1
1197 3762 1
172 1197 1
1790 2444 1
1790 3044 1
1790 2908 1
3544 3640 1
1255 3781 1
2186 2834 1
445 1136 1
644 1136 1
1555 3064 1
64 3064 1
2442 3064 1
3064 3563 1
3064 3214 1
153 3064 1
2177 3609 1
170 2437 1
2298 2437 1
2437 3228 1
2999 3550 1
2747 3550 1
736 2834 1
1390 2834 1
736 2186 1
2479 3516 1
2846 3516 1
1418 2479 1
882 1495 1
1495 1781 1
246 882 1
2075 2413 1
1252 2262 1
976 2255 1
976 1853 1
976 2319 1
41 843 1
976 3471 1
2319 3471 1
1853 3471 1
2255 3471 1
976 2953 1
976 3434 1
976 2189 1
976 2318 1
1326 1338 1
479 1338 1
421 3764 1
2230 3764 1
1725 3097 1
1725 2254 1
695 1246 1
695 1961 1
1482 1505 1
1043 2040 1
203 1043 1
2095 2252 1
164 2927 1
2177 3046 1
3046 3609 1
2298 3532 1
170 3532 1
3228 3532 1
2437 3532 1
3720 3795 1
882 2345 1
1781 2345 1
246 2345 1
1495 2345 1
471 3795 1
471 3720 1
1092 2166 1
1092 3043 1
1136 3172 1
644 3172 1
445 3172 1
48 1136 1
1136 3701 1
140 2255 1
140 976 1
140 3471 1
140 1853 1
140 2319 1
390 3471 1
390 2953 1
390 3434 1
140 390 1
390 2189 1
390 2318 1
390 2319 1
390 976 1
390 2255 1
390 1853 1
1092 1482 1
1482 3043 1
1482 2166 1
1092 1505 1
1032 2977 1
332 1053 1
569 1775 1
2144 3040 1
1719 3766 1
598 3412 1
3193 3480 1
625 859 1
2259 3274 1
3182 3274 1
2259 3182 1
1471 1919 1
1914 2338 1
1307 1635 1
1317 1609 1
97 3334 1
749 1009 1
259 2401 1
1009 3637 1
749 3637 1
1384 3478 1
37 1161 1
1700 1794 1
899 1548 1
584 3201 1
1009 1238 1
749 1238 1
1238 3637 1
1243 3412 1
598 1243 1
2543 2819 1
2224 3802 1
2394 2978 1
3334 3420 1
97 3420 1
3024 3696 1
2963 3184 1
1317 2050 1
1609 2050 1
1506 3420 1
97 1506 1
1506 3334 1
749 3007 1
1009 3007 1
3007 3637 1
1238 3007 1
845 1820 1
2170 3804 1
1574 2660 1
1801 3334 1
97 1801 1
1506 1801 1
1801 3420 1
1888 3719 1
2217 3495 1
838 2403 1
1032 1540 1
1540 2977 1
1328 2489 1
247 1433 1
752 1639 1
1848 3319 1
3276 3383 1
1196 1455 1
2456 3688 1
1143 2012 1
1251 2394 1
1251 2978 1
1161 3263 1
37 3263 1
1719 3114 1
3114 3766 1
2726 3007 1
1009 2726 1
749 2726 1
1238 2726 1
2726 3637 1
71 838 1
71 2403 1
1773 1820 1
845 1773 1
767 1317 1
767 1609 1
767 2050 1
37 787 1
787 1161 1
787 3263 1
988 3802 1
988 2224 1
1372 1786 1
899 1664 1
1548 1664 1
1559 3489 1
80 3114 1
80 3766 1
80 1719 1
1737 2854 1
14 1009 1
14 2726 1
14 749 1
14 3637 1
14 1238 1
14 3007 1
1190 2720 1
259 3234 1
2401 3234 1
625 832 1
832 859 1
1251 2353 1
2353 2394 1
2353 2978 1
2854 3263 1
1737 3263 1
1161 2854 1
787 2854 1
37 2854 1
671 3319 1
671 1848 1
332 2353 1
1053 2353 1
332 2394 1
332 1251 1
332 2978 1
462 584 1
462 3201 1
97 3211 1
1801 3211 1
1506 3211 1
3211 3420 1
3211 3334 1
582 2749 1
1294 2788 1
1576 2963 1
1576 3184 1
2215 3280 1
1548 3663 1
1664 3663 1
899 3663 1
259 859 1
859 2401 1
859 3234 1
259 832 1
259 625 1
1005 3495 1
1005 2217 1
71 3193 1
2403 3193 1
838 3193 1
71 3480 1
1077 1773 1
1077 1820 1
845 1077 1
1384 2578 1
2578 3478 1
1210 1780 1
181 3643 1
3283 3334 1
97 3283 1
1506 3283 1
1801 3283 1
3211 3283 1
3283 3420 1
1349 1946 1
1625 2489 1
1328 1625 1
3094 3816 1
411 1962 1
47 1879 1
37 1701 1
1161 1701 1
787 1701 1
1701 2854 1
1701 3263 1
1608 3126 1
1780 2204 1
1210 2204 1
2403 3583 1
3193 3583 1
838 3583 1
71 3583 1
14 3696 1
2726 3696 1
749 3696 1
1009 3696 1
3637 3696 1
1238 3696 1
3007 3696 1
14 3024 1
3274 3304 1
2259 3304 1
3182 3304 1
2215 3583 1
3280 3583 1
2215 2403 1
838 2215 1
71 2215 1
2215 3193 1
2297 2391 1
906 2697 1
2332 3752 1
856 3200 1
904 1585 1
1270 2602 1
457 602 1
368 1337 1
341 2266 1
1079 2757 1
272 1000 1
2619 2853 1
1493 1958 1
1628 2465 1
2650 3346 1
283 2332 1
283 3752 1
583 2671 1
1580 2381 1
875 2922 1
341 2423 1
2266 2423 1
2697 3481 1
906 3481 1
1257 3045 1
2440 3798 1
2665 2903 1
2610 3309 1
2760 3620 1
2784 3148 1
2332 2510 1
2510 3752 1
283 2510 1
2206 3062 1
1580 3540 1
2381 3540 1
874 1757 1
1079 1771 1
1771 2757 1
81 2602 1
81 1270 1
2681 2784 1
2681 3148 1
1025 1862 1
3033 3508 1
2160 2837 1
1614 1971 1
789 3473 1
2780 3775 1
2035 2385 1
870 2602 1
81 870 1
870 1270 1
2276 2497 1
1041 1580 1
1041 3540 1
1041 2381 1
1530 2665 1
1530 2903 1
2905 3309 1
2610 2905 1
1580 2440 1
1041 2440 1
2440 3540 1
2381 2440 1
1580 3798 1
100 919 1
46 759 1
1680 3157 1
134 3348 1
389 738 1
1580 2332 1
2332 2440 1
2332 2381 1
1041 2332 1
2332 3540 1
2332 3798 1
1580 3752 1
1580 2510 1
283 1580 1
3062 3727 1
2206 3727 1
94 1278 1
2693 2760 1
2693 3620 1
293 1547 1
835 3093 1
522 1079 1
522 1771 1
522 2757 1
2581 3345 1
2594 2903 1
2594 2665 1
1530 2594 1
186 2465 1
186 1628 1
828 1376 1
89 1660 1
100 522 1
522 919 1
100 1771 1
100 2757 1
100 1079 1
2261 2579 1
2393 2638 1
1547 1728 1
293 1728 1
1012 1425 1
1027 2235 1
985 2650 1
985 3346 1
256 3761 1
1958 3135 1
1493 3135 1
1062 2381 1
1062 2440 1
1062 1580 1
1041 1062 1
1062 3540 1
1062 2332 1
2006 3797 1
1490 3748 1
1903 2385 1
1903 2035 1
1543 2905 1
1543 2610 1
1543 3309 1
1337 1670 1
368 1670 1
272 1804 1
1000 1804 1
102 522 1
100 102 1
102 2757 1
102 1771 1
102 919 1
102 1079 1
2085 3154 1
1493 2134 1
1958 2134 1
2134 3135 1
343 3195 1
2558 2677 1
958 2082 1
2874 2952 1
39 3288 1
1278 1614 1
94 1614 1
1278 1971 1
2280 2695 1
2098 2385 1
2035 2098 1
1903 2098 1
165 2610 1
165 2905 1
165 3309 1
165 1543 1
3 1025 1
3 1862 1
1553 2801 1
437 1517 1
2650 3282 1
985 3282 1
3282 3346 1
2814 3135 1
2134 2814 1
1493 2814 1
1958 2814 1
616 758 1
2481 3767 1
457 1147 1
602 1147 1
3441 3727 1
2206 3441 1
3062 3441 1
577 2440 1
577 1062 1
577 1580 1
577 2381 1
577 1041 1
577 3540 1
577 3798 1
577 2332 1
1147 2135 1
457 2135 1
602 2135 1
438 3727 1
438 3441 1
438 2206 1
438 3062 1
829 2311 1
2470 2814 1
1958 2470 1
1493 2470 1
2134 2470 1
2470 3135 1
1202 2664 1
2532 2759 1
1379 2828 1
536 3191 1
2572 3788 1
131 2139 1
580 2656 1
2982 3704 1
361 2828 1
361 1379 1
2373 3163 1
1309 1800 1
1305 1977 1
2234 3605 1
424 697 1
1126 2889 1
945 2572 1
945 3788 1
2746 2852 1
729 2462 1
228 898 1
2058 2710 1
3380 3453 1
1309 3260 1
1800 3260 1
2116 2710 1
2058 2116 1
1023 2213 1
1656 2882 1
2996 3251 1
453 1373 1
1206 2656 1
580 1206 1
1034 2996 1
1034 3251 1
2234 2774 1
2774 3605 1
688 890 1
986 1436 1
2599 3269 1
2879 3047 1
1369 3706 1
1202 2678 1
2664 2678 1
1578 3605 1
1578 2234 1
1578 2774 1
1692 2213 1
1023 1692 1
152 405 1
1223 1934 1
1974 3186 1
551 879 1
1902 2710 1
1902 2058 1
1902 2116 1
2889 3683 1
1126 3683 1
401 2466 1
397 3271 1
514 3437 1
2674 3453 1
2674 3380 1
1178 2250 1
2635 3598 1
689 1692 1
689 2213 1
689 1023 1
152 2982 1
405 2982 1
152 3704 1
2532 3423 1
2759 3423 1
2234 3047 1
1578 3047 1
3047 3605 1
2774 3047 1
2234 2879 1
824 1195 1
536 1330 1
1330 3191 1
768 3299 1
188 2829 1
1094 3251 1
1034 1094 1
1094 2996 1
972 2561 1
580 1299 1
1299 2656 1
1206 1299 1
879 2799 1
551 2799 1
536 2709 1
1330 2709 1
2709 3191 1
303 865 1
1094 3308 1
1034 3308 1
3251 3308 1
2996 3308 1
3380 3632 1
2674 3632 1
3453 3632 1
655 1369 1
655 3706 1
2460 2777 1
405 3251 1
152 3251 1
2982 3251 1
405 1094 1
405 1034 1
405 3308 1
405 2996 1
830 3222 1
514 2466 1
2466 3437 1
401 514 1
119 2241 1
2365 3793 1
1436 3350 1
986 3350 1
514 1833 1
401 1833 1
1833 2466 1
1833 3437 1
344 453 1
344 1373 1
1287 1930 1
703 3635 1
897 3259 1
768 2926 1
2926 3299 1
1299 1921 1
1921 2656 1
580 1921 1
1206 1921 1
303 706 1
706 865 1
1313 2047 1
2283 3750 1
1330 2473 1
536 2473 1
2473 2709 1
2473 3191 1
536 706 1
706 2473 1
706 1330 1
706 2709 1
706 3191 1
536 865 1
303 536 1
3108 3452 1
3503 3724 1
514 739 1
401 739 1
739 2466 1
739 3437 1
739 1833 1
1036 1094 1
1034 1036 1
1036 3308 1
1036 3251 1
1036 2996 1
405 1036 1
448 3108 1
448 3452 1
382 2451 1
1286 1659 1
945 1165 1
1165 3788 1
1165 2572 1
288 3632 1
288 2674 1
288 3380 1
288 3453 1
226 1800 1
226 3260 1
226 1309 1
945 2806 1
2806 3788 1
2572 2806 1
1165 2806 1
1120 3251 1
1120 2982 1
1094 1120 1
1036 1120 1
1034 1120 1
1120 3308 1
1120 2996 1
405 1120 1
152 1120 1
1209 2061 1
138 2742 1
774 3472 1
526 2370 1
252 717 1
1500 2251 1
271 3078 1
684 1538 1
92 166 1
98 3119 1
2080 2430 1
930 2017 1
1791 1865 1
3041 3584 1
1711 2919 1
2374 3146 1
555 1918 1
2541 3820 1
867 930 1
867 2017 1
2838 2942 1
92 2151 1
166 2151 1
1361 1475 1
2251 3414 1
1500 3414 1
3408 3787 1
1466 3102 1
684 3381 1
1538 3381 1
33 3330 1
1352 2571 1
496 2243 1
326 2984 1
3374 3821 1
138 3703 1
2742 3703 1
1996 3270 1
1209 2901 1
2061 2901 1
991 2147 1
1346 2446 1
3343 3369 1
2032 3176 1
596 1536 1
710 3472 1
710 774 1
2536 2910 1
2919 3657 1
1711 3657 1
2017 3691 1
930 3691 1
867 3691 1
853 1819 1
634 3459 1
1681 3041 1
1681 3584 1
800 3176 1
800 2032 1
58 138 1
58 2742 1
58 3703 1
1658 3374 1
1658 3821 1
732 1918 1
555 732 1
1726 3626 1
1826 3644 1
58 3553 1
138 3553 1
2742 3553 1
3553 3703 1
166 1316 1
92 1316 1
1316 2151 1
1772 3560 1
597 1162 1
585 2901 1
585 1209 1
585 2061 1
2786 2968 1
54 1083 1
596 658 1
658 1536 1
4 2821 1
1577 2798 1
143 747 1
239 848 1
921 1855 1
384 1352 1
384 2571 1
166 654 1
654 1316 1
92 654 1
654 2151 1
1676 2653 1
2111 3129 1
823 2878 1
1711 3002 1
3002 3657 1
2919 3002 1
1146 2420 1
2061 3716 1
1209 3716 1
2901 3716 1
585 3716 1
528 2912 1
2912 3289 1
528 3289 1
658 1711 1
1536 1711 1
596 1711 1
658 2919 1
658 3657 1
658 3002 1
2789 2923 1
774 1681 1
1681 3472 1
710 1681 1
774 3584 1
774 3041 1
941 2430 1
941 2080 1
1419 1550 1
2496 2912 1
528 2496 1
2496 3289 1
2092 2496 1
2092 2912 1
528 2092 1
2092 3289 1
359 3746 1
731 1297 1
670 2968 1
670 2786 1
146 766 1
1430 1991 1
334 1346 1
334 2446 1
748 2496 1
748 2912 1
528 748 1
748 2092 1
748 3289 1
493 774 1
493 3584 1
493 3041 1
493 710 1
493 3472 1
493 1681 1
365 700 1
3119 3513 1
98 3513 1
1536 2789 1
658 2789 1
596 2789 1
1711 2789 1
1536 2923 1
3513 3626 1
98 3626 1
3119 3626 1
1726 3513 1
711 1550 1
711 1419 1
680 1162 1
597 680 1
1501 2540 1
535 1114 1
1913 3553 1
58 1913 1
138 1913 1
1913 2742 1
1913 3703 1
1740 1949 1
515 731 1
515 1297 1
1158 2032 1
1158 3176 1
800 1158 1
590 1232 1
451 1892 1
1492 2232 1
923 1439 1
817 984 1
710 2111 1
2111 3472 1
1681 2111 1
493 2111 1
774 2111 1
710 3129 1
1177 2410 1
199 2469 1
1568 2457 1
507 1620 1
635 2787 1
1564 1999 1
889 2304 1
441 1119 1
1465 2960 1
3433 3660 1
626 1281 1
2312 2438 1
665 1397 1
1348 2537 1
992 2260 1
572 2723 1
294 1733 1
1344 2659 1
1784 3266 1
1564 1683 1
1683 1999 1
1474 2715 1
2132 3433 1
2132 3660 1
1797 2312 1
1797 2438 1
1082 2153 1
1264 3035 1
1568 2469 1
2457 2469 1
199 1568 1
607 1187 1
1354 3368 1
1566 3295 1
891 2386 1
413 678 1
76 3111 1
2260 2863 1
992 2863 1
678 1895 1
413 1895 1
1818 1911 1
756 1177 1
756 2410 1
2727 2998 1
1186 2769 1
2004 3822 1
949 1474 1
949 2715 1
2992 2998 1
2727 2992 1
662 1421 1
773 2424 1
10 720 1
2424 3035 1
773 3035 1
1264 2424 1
564 1108 1
1388 2668 1
460 3728 1
1524 1818 1
1524 1911 1
1885 2935 1
2236 2583 1
927 3001 1
2096 2366 1
1734 2109 1
507 3659 1
1620 3659 1
231 3291 1
1988 2449 1
1742 2583 1
1742 2236 1
76 2782 1
2782 3111 1
537 1900 1
2567 3392 1
70 3356 1
2188 2781 1
2732 2769 1
1186 2732 1
662 2518 1
1421 2518 1
298 694 1
206 3660 1
206 3433 1
206 2132 1
1734 1900 1
1900 2109 1
537 1734 1
1258 2260 1
992 1258 1
1258 2863 1
2621 2813 1
219 2518 1
219 1421 1
219 662 1
1187 2836 1
607 2836 1
206 460 1
460 2132 1
460 3433 1
460 3660 1
206 3728 1
200 1911 1
200 1818 1
200 1524 1
1264 2865 1
2424 2865 1
2865 3035 1
2646 3653 1
2518 2809 1
219 2809 1
1421 2809 1
662 2809 1
60 3454 1
458 1281 1
458 626 1
1462 2565 1
667 915 1
1784 3298 1
3266 3298 1
3106 3588 1
3022 3659 1
507 3022 1
1620 3022 1
51 1264 1
51 2424 1
51 2865 1
51 3035 1
756 1529 1
1177 1529 1
1529 2410 1
1653 3311 1
954 1818 1
200 954 1
954 1524 1
954 1911 1
413 2366 1
678 2366 1
1895 2366 1
413 2096 1
1236 2203 1
1019 1777 1
1841 2662 1
3169 3433 1
2132 3169 1
3169 3660 1
460 3169 1
206 3169 1
2503 2715 1
1474 2503 1
949 2503 1
3460 3686 1
1582 1727 1
351 1931 1
2647 3686 1
2647 3460 1
3140 3822 1
2004 3140 1
3187 3454 1
60 3187 1
2960 3768 1
1465 3768 1
623 3520 1
1392 1887 1
696 3035 1
696 773 1
696 2865 1
696 1264 1
51 696 1
696 2424 1
2715 3111 1
1474 3111 1
949 3111 1
2503 3111 1
76 2715 1
2715 2782 1
678 3368 1
413 3368 1
2366 3368 1
1895 3368 1
678 1354 1
891 2323 1
2323 2386 1
297 3751 1
1620 2182 1
2182 3659 1
507 2182 1
2182 3022 1
1392 2992 1
1887 2992 1
1392 2998 1
1392 2727 1
105 3121 1
404 1271 1
221 827 1
2433 3118 1
1677 3121 1
105 1677 1
940 2288 1
3246 3648 1
1409 2228 1
2913 3774 1
1292 3205 1
1292 2907 1
2907 3205 1
3121 3463 1
105 3463 1
1677 3463 1
86 3284 1
2209 2637 1
1741 3523 1
2948 3329 1
1452 2803 1
545 2515 1
1288 3694 1
936 3009 1
279 3715 1
791 1081 1
613 2432 1
2129 3241 1
712 3590 1
2156 3638 1
2950 3121 1
105 2950 1
1677 2950 1
2950 3463 1
1520 3778 1
1358 1822 1
1298 2269 1
3005 3439 1
484 1291 1
751 2983 1
1355 2633 1
1844 3284 1
86 1844 1
1081 2804 1
791 2804 1
189 932 1
663 1452 1
663 2803 1
1651 2303 1
1528 3353 1
404 1011 1
1011 1271 1
3388 3422 1
227 2305 1
2314 2603 1
340 2753 1
2860 3571 1
369 1671 1
3290 3693 1
2228 2314 1
1409 2314 1
2228 2603 1
1214 3388 1
1214 3422 1
363 2216 1
638 668 1
169 1121 1
21 3121 1
21 105 1
21 1677 1
21 2950 1
21 3463 1
1981 3610 1
533 1412 1
159 3577 1
379 2244 1
3246 3382 1
3382 3648 1
3118 3571 1
2433 3571 1
2860 3118 1
379 2756 1
2244 2756 1
1298 2286 1
2269 2286 1
947 2918 1
1520 1981 1
1981 3778 1
1520 3610 1
932 2125 1
189 2125 1
281 1616 1
2917 3570 1
1677 1964 1
1964 2950 1
1964 3463 1
105 1964 1
1964 3121 1
21 1964 1
1089 2432 1
613 1089 1
1365 2110 1
506 2918 1
506 947 1
1515 1858 1
355 1411 1
2713 3786 1
1544 2432 1
1089 1544 1
613 1544 1
1945 3522 1
2129 3138 1
3138 3241 1
29 1410 1
1703 2511 1
936 1145 1
1145 3009 1
2127 2461 1
371 1288 1
371 3694 1
2907 3689 1
1292 3689 1
3205 3689 1
227 1822 1
1822 2305 1
227 1358 1
980 1964 1
980 2950 1
980 3463 1
105 980 1
980 1677 1
980 3121 1
21 980 1
375 1787 1
2911 3745 1
510 3422 1
510 3388 1
510 1214 1
1121 2896 1
169 2896 1
9 803 1
2633 2766 1
1355 2766 1
3205 3244 1
3244 3689 1
2907 3244 1
1292 3244 1
1467 1815 1
1121 1616 1
1616 2896 1
169 1616 1
281 1121 1
371 1964 1
1288 1964 1
1964 3694 1
371 2950 1
371 3463 1
105 371 1
371 1677 1
371 3121 1
371 980 1
21 371 1
2488 2884 1
1049 2633 1
1049 1355 1
1049 2766 1
1099 2696 1
2886 3377 1
1035 3491 1
1678 2639 1
1233 3463 1
1233 2950 1
105 1233 1
1233 1964 1
1233 1677 1
1233 3121 1
371 1233 1
980 1233 1
21 1233 1
2110 3306 1
1365 3306 1
2078 3684 1
850 2419 1
1703 3521 1
2511 3521 1
674 1121 1
674 2896 1
169 674 1
674 1616 1
281 674 1
892 3799 1
1021 2535 1
509 3799 1
509 892 1
1084 1956 1
910 2295 1
1129 3678 1
831 3067 1
2761 3331 1
894 2101 1
387 2398 1
455 2682 1
216 716 1
2408 2867 1
110 2521 1
3337 3506 1
1752 2816 1
660 1260 1
1435 1983 1
455 1074 1
1074 2682 1
475 509 1
475 892 1
475 3799 1
1046 1923 1
1831 2027 1
624 649 1
178 391 1
112 3216 1
336 910 1
336 2295 1
1469 1851 1
338 1714 1
673 1640 1
761 2398 1
387 761 1
2253 3310 1
2967 3134 1
1260 1414 1
660 1414 1
2498 2845 1
1303 3081 1
3542 3729 1
3518 3542 1
3518 3729 1
1129 1306 1
1306 3678 1
1378 1468 1
498 1640 1
498 673 1
23 2816 1
23 1752 1
1234 2054 1
821 1303 1
821 3081 1
2364 3208 1
1235 2535 1
1021 1235 1
1533 2560 1
910 1796 1
336 1796 1
1796 2295 1
177 2042 1
77 1378 1
77 1468 1
2725 2845 1
2498 2725 1
2324 3136 1
1835 2108 1
781 1690 1
34 1245 1
305 2334 1
3158 3354 1
1414 1863 1
660 1863 1
1260 1863 1
1779 1963 1
989 3502 1
475 2334 1
892 2334 1
509 2334 1
2334 3799 1
305 475 1
2605 3354 1
2605 3158 1
1405 3416 1
761 3120 1
387 3120 1
2398 3120 1
1229 2867 1
1229 2408 1
1655 2295 1
336 1655 1
1655 1796 1
910 1655 1
509 2560 1
475 2560 1
892 2560 1
2334 2560 1
2560 3799 1
509 1533 1
581 2313 1
1915 2640 1
1973 2295 1
336 1973 1
1796 1973 1
910 1973 1
1655 1973 1
943 1617 1
212 3442 1
2967 3248 1
3134 3248 1
624 2538 1
649 2538 1
1739 3335 1
1545 2300 1
1414 2688 1
660 2688 1
1260 2688 1
1863 2688 1
1878 3442 1
212 1878 1
1491 2644 1
943 3188 1
1617 3188 1
574 3411 1
1107 1324 1
546 2959 1
364 2682 1
364 1074 1
364 455 1
707 1831 1
707 2027 1
214 3164 1
2716 2744 1
347 770 1
2585 3087 1
432 3818 1
862 2102 1
2521 2644 1
110 2644 1
1491 2521 1
1779 2063 1
1963 2063 1
212 3506 1
3442 3506 1
1878 3506 1
212 3337 1
494 1107 1
494 1324 1
2249 3124 1
177 494 1
494 2042 1
177 1107 1
177 1324 1
1570 3599 1
177 1260 1
1260 2042 1
1107 1260 1
1260 1324 1
494 1260 1
177 2688 1
177 1414 1
177 1863 1
177 660 1
1101 1632 1
475 2815 1
2560 2815 1
305 2815 1
2815 3799 1
892 2815 1
509 2815 1
2334 2815 1
3087 3120 1
2585 3120 1
761 3087 1
387 3087 1
2398 3087 1
40 2552 1
989 3681 1
3502 3681 1
1306 2866 1
1129 2866 1
2866 3678 1
1245 2526 1
34 2526 1
1339 2084 1
330 953 1
1140 3137 1
2498 2576 1
2576 2845 1
2576 2725 1
547 1676 -1
547 2653 -1
1390 3501 -1
736 3501 -1
2834 3501 -1
100 1358 -1
1358 2757 -1
102 1358 -1
522 1358 -1
1358 1771 -1
919 1358 -1
1079 1358 -1
100 227 -1
100 1822 -1
1089 2338 -1
2338 2432 -1
1544 2338 -1
613 2338 -1
1089 1914 -1
2229 3813 -1
1860 2093 -1
578 1289 -1
1662 2411 -1
1062 1717 -1
577 1717 -1
1717 2440 -1
1580 1717 -1
1717 2381 -1
1041 1717 -1
1717 3540 -1
1717 2332 -1
768 3280 -1
3280 3299 -1
2926 3280 -1
768 3583 -1
768 2215 -1
292 1362 -1
1934 2991 -1
1223 2991 -1
782 987 -1
2232 3164 -1
1492 3164 -1
214 2232 -1
906 3566 -1
2697 3566 -1
3481 3566 -1
2032 2429 -1
2429 3176 -1
800 2429 -1
1158 2429 -1
1668 2678 -1
922 2678 -1
1668 2664 -1
1202 1668 -1
626 1700 -1
1281 1700 -1
458 1700 -1
626 1794 -1
433 2305 -1
227 433 -1
433 1822 -1
1488 3639 -1
1610 3639 -1
1605 3265 -1
1510 2795 -1
1510 1866 -1
428 1278 -1
428 1971 -1
428 1614 -1
94 428 -1
828 3035 -1
1376 3035 -1
773 828 -1
828 2865 -1
828 1264 -1
696 828 -1
51 828 -1
828 2424 -1
634 1571 -1
1571 3459 -1
2041 2851 -1
1224 1261 -1
1224 1884 -1
1015 1224 -1
196 918 -1
196 1283 -1
1955 2758 -1
352 3350 -1
592 3350 -1
1674 3350 -1
3350 3444 -1
855 3350 -1
352 986 -1
352 1436 -1
2687 3426 -1
176 2369 -1
1173 2158 -1
1173 3676 -1
294 2919 -1
1733 2919 -1
294 3657 -1
294 3002 -1
294 658 -1
294 1711 -1
1036 1344 -1
1120 1344 -1
1094 1344 -1
1034 1344 -1
1344 3308 -1
1344 3251 -1
1344 2996 -1
405 1344 -1
1036 2659 -1
2259 2828 -1
2828 3304 -1
2828 3274 -1
2828 3182 -1
361 2259 -1
1379 2259 -1
1922 2431 -1
226 587 -1
587 1800 -1
587 3260 -1
587 1309 -1
103 1678 -1
103 2639 -1
1811 2794 -1
955 2905 -1
165 955 -1
955 2610 -1
955 3309 -1
955 1543 -1
3478 3629 -1
1384 3629 -1
2578 3629 -1
1312 2273 -1
1614 2487 -1
1971 2487 -1
94 2487 -1
1278 2487 -1
1358 2513 -1
227 2513 -1
1822 2513 -1
1664 2163 -1
899 2163 -1
1548 2163 -1
2163 3663 -1
1415 2670 -1
1982 2008 -1
1770 2670 -1
1082 3077 -1
2153 3077 -1
1040 1805 -1
883 1402 -1
257 3023 -1
550 3206 -1
66 1062 -1
66 577 -1
66 2440 -1
66 1580 -1
66 2381 -1
66 1041 -1
66 3540 -1
66 2332 -1
1317 2195 -1
1609 2195 -1
2050 2195 -1
767 2195 -1
1125 2689 -1
1599 3114 -1
80 1599 -1
1599 3766 -1
1599 1719 -1
512 1051 -1
2575 3159 -1
1508 1619 -1
1368 3267 -1
1368 3071 -1
675 3309 -1
675 2905 -1
675 2610 -1
165 675 -1
675 1543 -1
1126 2615 -1
2615 2889 -1
2615 3683 -1
1790 3681 -1
2908 3681 -1
3044 3681 -1
2444 3681 -1
989 1790 -1
1790 3502 -1
2772 3230 -1
2772 3336 -1
2772 3713 -1
1754 2772 -1
2734 3480 -1
2734 3193 -1
71 2734 -1
937 2206 -1
1689 2206 -1
2055 2206 -1
937 3441 -1
438 937 -1
937 3062 -1
937 3727 -1
720 1255 -1
10 1255 -1
720 3781 -1
1599 3041 -1
1599 3584 -1
1599 1681 -1
493 1599 -1
774 1599 -1
2749 3042 -1
582 3042 -1
1701 3292 -1
1161 3292 -1
787 3292 -1
37 3292 -1
2854 3292 -1
3263 3292 -1
260 495 -1
3035 3785 -1
773 3785 -1
2865 3785 -1
1264 3785 -1
696 3785 -1
51 3785 -1
2424 3785 -1
1246 3578 -1
1961 3578 -1
695 3578 -1
1246 1696 -1
643 1246 -1
1246 2277 -1
1246 1389 -1
1199 1246 -1
920 1246 -1
1633 2058 -1
1633 2116 -1
1633 1902 -1
1633 2710 -1
3417 3576 -1
1499 3268 -1
1176 1916 -1
2110 3734 -1
3306 3734 -1
1365 3734 -1
1239 1401 -1
1005 3533 -1
2217 3533 -1
3495 3533 -1
183 1996 -1
183 3270 -1
157 2407 -1
157 2597 -1
1089 2872 -1
2432 2872 -1
1544 2872 -1
613 2872 -1
1356 3448 -1
3440 3448 -1
1905 3448 -1
2171 3448 -1
1715 3448 -1
201 1340 -1
553 1344 -1
723 1344 -1
1344 1597 -1
1344 3367 -1
553 2659 -1
176 1208 -1
2472 3715 -1
279 2472 -1
300 3464 -1
300 1929 -1
578 3297 -1
2935 3234 -1
1885 3234 -1
2401 2935 -1
859 2935 -1
259 2935 -1
338 451 -1
451 1714 -1
338 1892 -1
2246 2332 -1
577 2246 -1
1062 2246 -1
1041 2246 -1
2246 3752 -1
1580 2246 -1
2246 2381 -1
2246 2510 -1
2246 2440 -1
2246 3540 -1
2246 3798 -1
283 2246 -1
2538 3112 -1
624 3112 -1
649 3112 -1
1340 3689 -1
1340 3244 -1
1340 2907 -1
1292 1340 -1
1340 3205 -1
514 1467 -1
401 1467 -1
1467 2466 -1
739 1467 -1
1467 3437 -1
1467 1833 -1
514 1815 -1
754 2130 -1
489 3594 -1
864 2213 -1
2213 3401 -1
689 864 -1
864 1692 -1
864 1023 -1
872 3613 -1
2446 3594 -1
1346 3594 -1
334 3594 -1
488 837 -1
2965 3411 -1
574 2965 -1
370 1464 -1
547 3372 -1
987 2429 -1
142 1912 -1
680 1733 -1
1162 1733 -1
597 1733 -1
294 680 -1
2208 2566 -1
1763 3702 -1
1614 1908 -1
1908 1971 -1
94 1908 -1
1278 1908 -1
479 3406 -1
1338 3406 -1
1326 3406 -1
479 2126 -1
167 972 -1
167 2561 -1
1283 3525 -1
918 3525 -1
1934 2974 -1
1223 2974 -1
187 3627 -1
2198 2504 -1
1893 2198 -1
350 1182 -1
350 505 -1
1318 1945 -1
1318 3522 -1
2041 3586 -1
221 2569 -1
827 2569 -1
859 1724 -1
832 1724 -1
625 1724 -1
1724 3234 -1
259 1724 -1
1724 2401 -1
2966 3438 -1
1349 1590 -1
1590 1946 -1
1543 3271 -1
2905 3271 -1
2610 3271 -1
3271 3309 -1
165 3271 -1
397 1543 -1
283 1542 -1
1542 3752 -1
1542 1580 -1
1542 2332 -1
1542 2510 -1
904 1393 -1
1393 1585 -1
728 2983 -1
728 751 -1
1378 1924 -1
1468 1924 -1
77 1924 -1
1869 2679 -1
2669 3326 -1
1782 2135 -1
457 1782 -1
602 1782 -1
1147 1782 -1
649 3368 -1
624 3368 -1
2538 3368 -1
649 1354 -1
649 2366 -1
413 649 -1
649 678 -1
649 1895 -1
2554 3657 -1
592 3657 -1
2258 3657 -1
3444 3657 -1
1674 3657 -1
2554 3002 -1
1711 2554 -1
658 2554 -1
2554 2919 -1
242 256 -1
256 543 -1
242 3761 -1
2074 2840 -1
134 3039 -1
3039 3348 -1
1801 3463 -1
97 3463 -1
1506 3463 -1
3334 3463 -1
3211 3463 -1
3283 3463 -1
3420 3463 -1
1801 2950 -1
1233 1801 -1
105 1801 -1
1801 1964 -1
1677 1801 -1
1801 3121 -1
371 1801 -1
980 1801 -1
21 1801 -1
1676 3174 -1
2653 3174 -1
1631 3630 -1
1106 3759 -1
59 2072 -1
59 295 -1
59 3223 -1
1619 2512 -1
2295 3225 -1
336 3225 -1
1796 3225 -1
1973 3225 -1
910 3225 -1
1655 3225 -1
1884 2295 -1
1015 2295 -1
82 2247 -1
387 538 -1
538 3120 -1
538 761 -1
538 2398 -1
538 3087 -1
1826 2246 -1
2246 3644 -1
427 1361 -1
427 1475 -1
1099 2667 -1
2667 2696 -1
1009 2713 -1
2713 2726 -1
749 2713 -1
14 2713 -1
2713 3696 -1
2713 3637 -1
1238 2713 -1
2713 3007 -1
1009 3786 -1
2045 2402 -1
217 1010 -1
2043 2928 -1
1225 2431 -1
87 3290 -1
87 3693 -1
1532 2779 -1
761 2990 -1
2990 3120 -1
387 2990 -1
2398 2990 -1
2990 3087 -1
1497 2764 -1
1486 2280 -1
1486 2695 -1
2489 3603 -1
1328 3603 -1
1625 3603 -1
2278 3402 -1
302 2415 -1
120 1614 -1
120 1971 -1
94 120 -1
120 1278 -1
1535 2618 -1
158 3700 -1
1720 3537 -1
1205 3158 -1
1205 3354 -1
1205 2605 -1
89 2484 -1
1660 2484 -1
482 1258 -1
482 992 -1
482 2260 -1
482 2863 -1
808 2324 -1
808 3136 -1
453 984 -1
344 984 -1
984 1373 -1
453 817 -1
1241 1589 -1
1545 1920 -1
1920 2300 -1
1545 2367 -1
856 3308 -1
3200 3308 -1
856 1120 -1
856 1094 -1
856 1034 -1
856 1036 -1
856 3251 -1
856 2996 -1
405 856 -1
234 1152 -1
422 3493 -1
1238 1587 -1
1587 2726 -1
749 1587 -1
14 1587 -1
1587 3696 -1
1009 1587 -1
1587 3637 -1
1587 3007 -1
535 3543 -1
1114 3543 -1
535 3496 -1
535 2629 -1
535 2824 -1
535 2476 -1
535 1137 -1
535 3772 -1
535 573 -1
1147 3079 -1
457 3079 -1
602 3079 -1
2135 3079 -1
780 1922 -1
1176 1532 -1
2589 2801 -1
385 2801 -1
718 2801 -1
1553 2589 -1
1508 3512 -1
649 1309 -1
624 1309 -1
1309 2538 -1
649 1800 -1
226 649 -1
649 3260 -1
1421 3251 -1
2809 3251 -1
219 3251 -1
2518 3251 -1
662 3251 -1
1120 1421 -1
1421 2982 -1
1094 1421 -1
1036 1421 -1
1034 1421 -1
1421 3308 -1
1421 2996 -1
405 1421 -1
152 1421 -1
2605 3349 -1
3349 3354 -1
3158 3349 -1
2605 2898 -1
1638 2605 -1
1709 3102 -1
1466 1709 -1
1507 1910 -1
3546 3691 -1
2017 3546 -1
930 3546 -1
867 3546 -1
776 2240 -1
2623 3614 -1
1496 3065 -1
2800 3065 -1
3065 3286 -1
374 3065 -1
889 1660 -1
1660 2304 -1
89 889 -1
1426 2236 -1
1426 1742 -1
1426 2583 -1
824 2333 -1
1195 2333 -1
824 2574 -1
1829 2796 -1
1829 2899 -1
1172 1829 -1
27 1434 -1
194 3051 -1
194 1065 -1
194 3363 -1
194 2028 -1
1160 1214 -1
1160 3388 -1
510 1160 -1
1160 3422 -1
278 1659 -1
1659 3351 -1
278 1286 -1
1029 3560 -1
1612 3560 -1
965 3560 -1
1029 1772 -1
409 1739 -1
409 3335 -1
239 3363 -1
848 3363 -1
239 1065 -1
239 3051 -1
239 2028 -1
2244 2393 -1
379 2393 -1
2393 2756 -1
2244 2638 -1
533 1582 -1
1412 1582 -1
533 1727 -1
2979 3062 -1
2979 3441 -1
438 2979 -1
2206 2979 -1
2979 3727 -1
74 3429 -1
74 3722 -1
117 2620 -1
1728 2100 -1
1547 2100 -1
293 2100 -1
298 3149 -1
694 3149 -1
2209 3190 -1
2637 3190 -1
323 2323 -1
323 2386 -1
323 891 -1
3108 3200 -1
448 3200 -1
3200 3452 -1
856 3108 -1
1034 1408 -1
1120 1408 -1
1094 1408 -1
1408 3308 -1
1036 1408 -1
1408 3251 -1
1408 2996 -1
405 1408 -1
678 1061 -1
1061 3368 -1
1061 1354 -1
413 1061 -1
1061 2366 -1
1061 1895 -1
685 2997 -1
1249 2290 -1
368 1471 -1
1337 1471 -1
1471 1670 -1
368 1919 -1
2306 3072 -1
1532 2788 -1
1294 1532 -1
766 1304 -1
146 1304 -1
2932 3787 -1
2932 3408 -1
147 2398 -1
147 3120 -1
147 761 -1
147 387 -1
147 3087 -1
941 3424 -1
2080 3424 -1
2430 3424 -1
656 2445 -1
751 1237 -1
1237 2983 -1
1136 3478 -1
48 3478 -1
3172 3478 -1
644 3478 -1
445 3478 -1
3478 3701 -1
1136 1384 -1
1136 2578 -1
1321 1498 -1
365 3184 -1
700 3184 -1
365 1576 -1
365 2963 -1
1117 1596 -1
152 876 -1
876 3704 -1
876 1120 -1
876 3251 -1
405 876 -1
876 2982 -1
152 282 -1
152 2627 -1
244 3274 -1
244 3304 -1
244 2259 -1
244 3182 -1
2423 3529 -1
2266 3529 -1
341 3529 -1
1338 3796 -1
1326 3796 -1
479 3796 -1
2764 3806 -1
2297 3109 -1
2391 3109 -1
307 2297 -1
2297 3243 -1
329 2297 -1
938 1317 -1
938 1609 -1
938 2050 -1
767 938 -1
405 953 -1
953 1120 -1
953 2982 -1
953 1094 -1
953 1036 -1
953 1034 -1
953 3308 -1
953 3251 -1
953 2996 -1
152 953 -1
330 405 -1
1810 1966 -1
2201 3654 -1
256 2688 -1
2688 3761 -1
256 1260 -1
256 660 -1
177 256 -1
256 1414 -1
256 1863 -1
268 1903 -1
268 2385 -1
268 2098 -1
268 2035 -1
574 2851 -1
2851 3411 -1
576 1737 -1
1737 2011 -1
1484 1737 -1
1302 1737 -1
576 2854 -1
576 3263 -1
2179 3375 -1
2179 2625 -1
1892 3302 -1
451 3302 -1
33 2197 -1
2197 3330 -1
2001 2347 -1
2001 2064 -1
107 2001 -1
2001 2564 -1
2001 3615 -1
1331 1554 -1
3176 3305 -1
2032 3305 -1
800 3305 -1
1158 3305 -1
900 3176 -1
1002 1137 -1
1002 3616 -1
1002 2629 -1
1002 2824 -1
1002 2476 -1
686 1002 -1
1002 1969 -1
1002 3543 -1
1002 3226 -1
1002 3772 -1
449 3760 -1
428 2051 -1
333 2230 -1
333 3764 -1
333 421 -1
2106 3621 -1
1082 2480 -1
2153 2480 -1
1476 2226 -1
1785 1873 -1
1215 3026 -1
1215 2104 -1
1191 3146 -1
1191 2374 -1
2037 2568 -1
1864 2568 -1
1907 2568 -1
2568 3227 -1
2118 2568 -1
2316 3519 -1
2316 2539 -1
259 860 -1
832 860 -1
860 2401 -1
860 3234 -1
859 860 -1
625 860 -1
98 3539 -1
3513 3539 -1
3539 3626 -1
3119 3539 -1
3053 3199 -1
1032 1632 -1
1632 2977 -1
1540 1632 -1
1032 1101 -1
563 2783 -1
1204 2783 -1
1310 2299 -1
674 3196 -1
2896 3196 -1
1121 3196 -1
1616 3196 -1
281 3196 -1
169 3196 -1
492 3505 -1
1581 3255 -1
1831 2016 -1
2016 2027 -1
707 2016 -1
2779 3484 -1
1583 2707 -1
766 2395 -1
146 2395 -1
3097 3779 -1
1725 3779 -1
2254 3779 -1
1936 1971 -1
713 1971 -1
1052 1971 -1
1278 1936 -1
1614 1936 -1
1760 3601 -1
1267 1760 -1
979 1760 -1
513 3351 -1
278 513 -1
228 698 -1
698 898 -1
56 228 -1
381 3265 -1
2706 3265 -1
1203 3265 -1
769 1759 -1
619 769 -1
877 3563 -1
64 877 -1
877 2442 -1
877 3214 -1
877 1555 -1
877 3064 -1
153 877 -1
238 2574 -1
238 2333 -1
1140 1362 -1
1362 3137 -1
3024 3693 -1
3693 3696 -1
14 3693 -1
3024 3290 -1
568 3582 -1
3013 3576 -1
3167 3222 -1
2943 3222 -1
830 3167 -1
103 1243 -1
103 3412 -1
103 598 -1
1042 3714 -1
1850 2419 -1
850 1850 -1
937 3144 -1
1689 3144 -1
2055 3144 -1
2969 3002 -1
2969 3657 -1
658 2969 -1
2919 2969 -1
1711 2969 -1
241 2180 -1
610 2180 -1
2180 3294 -1
781 3736 -1
1690 3736 -1
3471 3703 -1
390 3703 -1
2953 3703 -1
3434 3703 -1
140 3703 -1
2189 3703 -1
2318 3703 -1
2319 3703 -1
976 3703 -1
2255 3703 -1
1853 3703 -1
3471 3553 -1
138 3471 -1
58 3471 -1
2742 3471 -1
1913 3471 -1
1912 2472 -1
787 883 -1
883 1161 -1
883 1701 -1
37 883 -1
883 2854 -1
883 3263 -1
1423 2137 -1
1110 1888 -1
1110 3719 -1
799 1783 -1
1668 1960 -1
922 1960 -1
3443 3540 -1
1268 3540 -1
577 3443 -1
1062 3443 -1
2440 3443 -1
1580 3443 -1
2381 3443 -1
1041 3443 -1
2332 3443 -1
1781 3703 -1
2345 3703 -1
882 3703 -1
1495 3703 -1
1781 3553 -1
138 1781 -1
58 1781 -1
1781 2742 -1
1781 1913 -1
1107 1209 -1
177 1209 -1
1209 1324 -1
1209 1260 -1
494 1209 -1
585 1107 -1
1107 3716 -1
1107 2061 -1
1107 2901 -1
2035 3081 -1
2385 3081 -1
2098 3081 -1
1903 3081 -1
821 2035 -1
1303 2035 -1
1015 1892 -1
1892 3225 -1
1884 1892 -1
1261 1892 -1
451 1015 -1
2811 3007 -1
2726 2811 -1
749 2811 -1
14 2811 -1
2811 3696 -1
1009 2811 -1
2811 3637 -1
1238 2811 -1
1262 2661 -1
3409 3526 -1
1211 2797 -1
1017 2667 -1
1419 2018 -1
1550 2018 -1
711 2018 -1
2341 2675 -1
1327 2583 -1
1327 2236 -1
1327 1742 -1
6 2893 -1
0 1975 -1
1872 3087 -1
1872 3120 -1
1872 2585 -1
387 1872 -1
1872 2398 -1
761 1872 -1
871 1104 -1
541 2765 -1
2330 2843 -1
3263 3584 -1
1701 3584 -1
2854 3584 -1
1161 3584 -1
787 3584 -1
1737 3584 -1
37 3584 -1
3041 3263 -1
493 3263 -1
774 3263 -1
1681 3263 -1
767 3510 -1
1609 3510 -1
2050 3510 -1
1317 3510 -1
3022 3694 -1
3659 3694 -1
1620 3694 -1
2182 3694 -1
507 3694 -1
1288 3022 -1
371 3022 -1
1964 3022 -1
2528 3591 -1
1775 2980 -1
569 2980 -1
2600 3437 -1
1833 2600 -1
514 2600 -1
739 2600 -1
2466 2600 -1
2360 2734 -1
253 685 -1
2085 3169 -1
3154 3169 -1
2085 3660 -1
2085 3433 -1
2085 2132 -1
460 2085 -1
206 2085 -1
2588 3423 -1
2532 2588 -1
2588 2759 -1
2916 3751 -1
297 2916 -1
1613 3146 -1
1613 2374 -1
826 2436 -1
2695 3172 -1
2280 3172 -1
48 2695 -1
1136 2695 -1
644 2695 -1
2695 3701 -1
445 2695 -1
2685 3776 -1
2083 2946 -1
3281 3615 -1
2064 3281 -1
2347 3281 -1
107 3281 -1
2564 3281 -1
802 1817 -1
1273 3059 -1
2056 3531 -1
2448 3418 -1
1861 2082 -1
818 2082 -1
958 1861 -1
1866 2991 -1
2795 2991 -1
862 1634 -1
1634 2102 -1
2289 2983 -1
751 2289 -1
116 1955 -1
101 333 -1
609 2771 -1
2145 2771 -1
975 2771 -1
1212 3533 -1
1272 1352 -1
384 1272 -1
1272 2571 -1
268 2768 -1
268 321 -1
1882 3528 -1
2054 3424 -1
1234 3424 -1
1875 1999 -1
1683 1875 -1
1564 1875 -1
971 2676 -1
440 3279 -1
690 3333 -1
1103 1340 -1
153 2774 -1
64 2774 -1
2442 2774 -1
2774 3563 -1
2774 3214 -1
1555 2774 -1
2774 3064 -1
153 2234 -1
153 1578 -1
153 3605 -1
153 3047 -1
942 2751 -1
1911 2757 -1
200 2757 -1
1818 2757 -1
1524 2757 -1
954 2757 -1
522 1911 -1
1771 1911 -1
100 1911 -1
102 1911 -1
1079 1911 -1
3038 3776 -1
3332 3375 -1
2625 3332 -1
1260 1743 -1
1743 2688 -1
1414 1743 -1
1743 1863 -1
1324 1743 -1
494 1743 -1
177 1743 -1
1107 1743 -1
660 1743 -1
1743 2042 -1
2243 2778 -1
496 2778 -1
91 2469 -1
412 2469 -1
91 1568 -1
91 2457 -1
91 199 -1
195 2844 -1
2515 2737 -1
545 2737 -1
3478 3492 -1
1384 3492 -1
2578 3492 -1
354 3172 -1
48 354 -1
354 1136 -1
354 644 -1
354 3701 -1
354 445 -1
561 2315 -1
2135 3792 -1
457 3792 -1
602 3792 -1
1147 3792 -1
2700 3742 -1
991 1554 -1
1554 2147 -1
1994 3563 -1
64 1994 -1
1994 2442 -1
1994 3214 -1
1555 1994 -1
1994 3064 -1
153 1994 -1
584 888 -1
888 3201 -1
462 888 -1
424 2260 -1
697 2260 -1
424 992 -1
424 1258 -1
424 2863 -1
185 658 -1
185 1536 -1
185 2789 -1
185 2919 -1
185 3657 -1
185 1711 -1
185 596 -1
185 3002 -1
327 2946 -1
817 1264 -1
984 1264 -1
817 2424 -1
817 2865 -1
817 3035 -1
51 817 -1
696 817 -1
1333 3556 -1
1272 3175 -1
2214 2253 -1
2214 3310 -1
217 2309 -1
17 3631 -1
17 1944 -1
17 3425 -1
1 17 -1
17 1080 -1
194 1578 -1
194 2234 -1
194 3605 -1
194 2774 -1
194 3047 -1
1510 2828 -1
361 1510 -1
1379 1510 -1
621 1319 -1
2622 2883 -1
2257 3188 -1
1617 2257 -1
943 2257 -1
927 2924 -1
2924 3001 -1
407 2409 -1
374 427 -1
427 1496 -1
427 2800 -1
427 3286 -1
1272 3540 -1
577 1272 -1
1062 1272 -1
1272 2440 -1
1272 1580 -1
1272 2381 -1
1041 1272 -1
1272 2332 -1
158 672 -1
192 609 -1
609 810 -1
192 2145 -1
192 975 -1
407 3642 -1
2123 3282 -1
985 2123 -1
2123 2650 -1
2123 3346 -1
430 3549 -1
1826 2960 -1
2960 3644 -1
1826 3768 -1
1465 1826 -1
3427 3522 -1
1531 3522 -1
1927 3522 -1
1945 3427 -1
1649 2402 -1
196 1052 -1
196 1936 -1
196 713 -1
2693 3574 -1
2760 3574 -1
3574 3620 -1
64 507 -1
507 2442 -1
507 3563 -1
507 3214 -1
507 1555 -1
507 3064 -1
153 507 -1
64 3659 -1
64 1620 -1
64 2182 -1
64 3022 -1
2324 3520 -1
3136 3520 -1
623 2324 -1
320 3203 -1
1077 1836 -1
1820 1836 -1
1773 1836 -1
845 1836 -1
3179 3612 -1
3493 3632 -1
288 3493 -1
2674 3493 -1
3380 3493 -1
3453 3493 -1
1215 2382 -1
1767 1968 -1
1219 1767 -1
1767 3628 -1
2090 3435 -1
2090 2848 -1
2090 2711 -1
262 2742 -1
262 3553 -1
138 262 -1
262 1913 -1
58 262 -1
262 3703 -1
800 2131 -1
2131 3176 -1
2032 2131 -1
1158 2131 -1
1340 2735 -1
1000 1023 -1
272 1023 -1
1023 1804 -1
689 1000 -1
1000 1692 -1
1000 2213 -1
614 2838 -1
614 2942 -1
1408 3338 -1
1646 2874 -1
2052 2874 -1
979 2874 -1
2874 3028 -1
476 2874 -1
1267 2874 -1
1646 2952 -1
935 2253 -1
935 3310 -1
997 1542 -1
1078 2405 -1
286 2719 -1
631 2911 -1
631 3745 -1
1492 1847 -1
1847 2232 -1
888 2037 -1
888 1864 -1
888 1907 -1
888 3227 -1
888 2118 -1
1685 2117 -1
163 2688 -1
163 1260 -1
163 660 -1
163 177 -1
163 1414 -1
163 1863 -1
39 2981 -1
2981 3288 -1
419 3814 -1
1746 2484 -1
1635 2932 -1
1307 2932 -1
1540 1855 -1
1032 1855 -1
1855 2977 -1
921 1540 -1
3398 3704 -1
152 3398 -1
2982 3398 -1
1577 1590 -1
1590 2798 -1
569 3813 -1
1775 3813 -1
764 2719 -1
1206 3339 -1
2656 3339 -1
1921 3339 -1
1299 3339 -1
580 3339 -1
954 1499 -1
200 1499 -1
1499 1818 -1
1499 1524 -1
1499 1911 -1
503 1283 -1
503 918 -1
1367 1412 -1
533 1367 -1
310 1966 -1
2695 3175 -1
2280 3175 -1
1236 3778 -1
2203 3778 -1
1236 1520 -1
1236 1981 -1
391 1995 -1
178 1995 -1
2088 3381 -1
924 3381 -1
1538 2088 -1
684 2088 -1
824 2072 -1
1195 2072 -1
295 824 -1
824 3223 -1
2986 3018 -1
343 2969 -1
2969 3195 -1
1370 3215 -1
683 3525 -1
324 2280 -1
324 2695 -1
266 909 -1
909 3057 -1
909 1948 -1
2954 3466 -1
2074 2187 -1
512 2735 -1
1560 1722 -1
923 2329 -1
1439 2329 -1
22 3816 -1
22 3094 -1
313 1844 -1
313 3284 -1
86 313 -1
1168 3255 -1
521 2015 -1
2015 2165 -1
2001 2988 -1
640 3482 -1
1233 1322 -1
1322 2950 -1
1322 3463 -1
105 1322 -1
1322 1964 -1
1322 1677 -1
1322 3121 -1
371 1322 -1
980 1322 -1
21 1322 -1
1233 2826 -1
435 1233 -1
1233 2652 -1
121 296 -1
3077 3418 -1
1654 2393 -1
1654 2638 -1
1536 3705 -1
658 3705 -1
2923 3705 -1
596 3705 -1
2789 3705 -1
1711 3705 -1
1295 2781 -1
1295 2188 -1
101 1739 -1
101 3335 -1
447 1588 -1
1236 1272 -1
1272 2203 -1
114 1089 -1
114 2432 -1
114 1544 -1
114 613 -1
1020 3542 -1
1020 3729 -1
1020 3518 -1
1610 2286 -1
1488 2286 -1
1298 1610 -1
1610 2269 -1
1534 1897 -1
881 1897 -1
2294 3344 -1
969 3023 -1
2481 3176 -1
3176 3767 -1
2032 2481 -1
800 2481 -1
1158 2481 -1
478 1404 -1
309 3637 -1
309 2726 -1
309 749 -1
14 309 -1
309 3696 -1
309 1009 -1
309 1238 -1
309 3007 -1
254 1445 -1
2279 2684 -1
2215 2969 -1
2403 2969 -1
838 2969 -1
71 2969 -1
2969 3280 -1
2969 3193 -1
2969 3583 -1
2316 3325 -1
1748 3819 -1
276 1932 -1
276 592 -1
276 636 -1
276 3058 -1
276 3444 -1
2858 3429 -1
2858 3722 -1
156 1345 -1
2185 2958 -1
79 2886 -1
79 3377 -1
169 498 -1
498 2896 -1
498 1121 -1
498 1616 -1
498 674 -1
169 1640 -1
169 673 -1
133 547 -1
1038 1252 -1
1038 2262 -1
1137 2154 -1
2154 3616 -1
2154 2629 -1
2154 2824 -1
2154 2476 -1
686 2154 -1
1969 2154 -1
2154 3543 -1
2154 3226 -1
2154 3772 -1
57 1167 -1
2512 3162 -1
3218 3283 -1
97 3218 -1
1506 3218 -1
3218 3334 -1
1801 3218 -1
3211 3218 -1
3218 3420 -1
448 473 -1
473 3452 -1
473 3108 -1
1237 2877 -1
2642 2844 -1
2645 2676 -1
2184 2676 -1
787 1624 -1
1161 1624 -1
1624 1701 -1
37 1624 -1
1624 2854 -1
1624 3263 -1
787 2502 -1
2971 3025 -1
2589 3186 -1
385 3186 -1
718 3186 -1
1974 2589 -1
2428 3569 -1
1926 3122 -1
360 2530 -1
1938 2331 -1
1156 1938 -1
1637 1938 -1
2231 3273 -1
2120 3273 -1
1393 2572 -1
945 1393 -1
1393 3788 -1
1165 1393 -1
1393 2806 -1
1635 2314 -1
1307 2314 -1
1409 1635 -1
1635 2603 -1
1635 2228 -1
2474 3603 -1
2545 3603 -1
660 3013 -1
2688 3013 -1
177 3013 -1
1260 3013 -1
1414 3013 -1
1863 3013 -1
1109 2662 -1
1109 1841 -1
503 3450 -1
79 85 -1
983 1188 -1
1813 2117 -1
190 2117 -1
1598 2117 -1
1357 2117 -1
722 1916 -1
66 3743 -1
676 2103 -1
235 676 -1
2187 3653 -1
2187 2646 -1
2329 3389 -1
2329 3538 -1
914 3496 -1
914 2476 -1
573 914 -1
914 3543 -1
1910 3239 -1
1015 3466 -1
3225 3466 -1
1884 3466 -1
1261 3466 -1
699 944 -1
776 3453 -1
776 3632 -1
288 776 -1
776 2674 -1
776 3380 -1
1834 3744 -1
1072 3642 -1
498 2444 -1
1640 2444 -1
673 2444 -1
498 3044 -1
498 2908 -1
498 1790 -1
1307 2843 -1
1635 2843 -1
2034 2921 -1
2878 3410 -1
823 3410 -1
1240 2011 -1
576 1240 -1
1240 1484 -1
1240 1302 -1
2101 2386 -1
894 2386 -1
2101 2323 -1
891 2101 -1
1762 1809 -1
1762 3105 -1
1762 1970 -1
1762 2020 -1
642 1762 -1
1266 1762 -1
2732 2907 -1
2769 2907 -1
1186 2907 -1
2732 3689 -1
2732 3244 -1
1292 2732 -1
2732 3205 -1
1868 2489 -1
1328 1868 -1
1625 1868 -1
2167 3689 -1
2167 3244 -1
2167 2907 -1
1292 2167 -1
2167 3205 -1
1295 2465 -1
186 1295 -1
1295 1628 -1
849 2690 -1
742 1671 -1
369 742 -1
252 3015 -1
717 3015 -1
2073 3806 -1
560 812 -1
1708 3478 -1
1384 1708 -1
1708 2578 -1
196 2953 -1
196 976 -1
196 390 -1
196 2318 -1
196 3471 -1
106 317 -1
3 1294 -1
1025 1294 -1
1294 1862 -1
3 2788 -1
1929 3727 -1
3464 3727 -1
1929 3441 -1
1929 2206 -1
1929 3062 -1
438 1929 -1
854 2413 -1
854 2075 -1
790 1324 -1
177 790 -1
790 1107 -1
790 1260 -1
494 790 -1
1860 3789 -1
1389 1950 -1
1696 1950 -1
643 1950 -1
1950 2277 -1
1199 1950 -1
920 1950 -1
1950 3578 -1
1489 2477 -1
1363 2061 -1
1209 1363 -1
1363 3716 -1
1363 2901 -1
585 1363 -1
2392 2841 -1
303 516 -1
516 536 -1
516 865 -1
516 706 -1
303 1335 -1
10 134 -1
134 720 -1
10 3348 -1
521 1769 -1
1769 2165 -1
3648 3812 -1
3382 3812 -1
3246 3812 -1
710 3592 -1
774 3592 -1
493 3592 -1
3472 3592 -1
1681 3592 -1
3129 3592 -1
2111 3592 -1
1318 2440 -1
577 1318 -1
1062 1318 -1
1318 1580 -1
1318 2381 -1
1041 1318 -1
1318 3540 -1
1318 3798 -1
1318 2332 -1
2385 2884 -1
2098 2884 -1
2035 2884 -1
1903 2884 -1
2385 2488 -1
3108 3624 -1
448 3624 -1
3452 3624 -1
1708 3404 -1
2924 3015 -1
2284 3320 -1
2319 3521 -1
390 3521 -1
140 3521 -1
3471 3521 -1
976 3521 -1
2255 3521 -1
1853 3521 -1
2319 2511 -1
1703 2319 -1
2923 3269 -1
1536 3269 -1
2789 3269 -1
2599 2923 -1
338 3634 -1
1714 3634 -1
219 2331 -1
2331 2809 -1
1421 2331 -1
2331 2518 -1
662 2331 -1
219 1156 -1
219 1637 -1
278 2760 -1
2760 3351 -1
278 3620 -1
278 2693 -1
2194 2709 -1
536 2194 -1
2194 2473 -1
1330 2194 -1
706 2194 -1
2194 3191 -1
787 1216 -1
1161 1216 -1
1216 1701 -1
37 1216 -1
1216 2854 -1
1216 3263 -1
1110 2796 -1
1110 2899 -1
1110 1172 -1
542 3079 -1
1550 3755 -1
1419 3755 -1
711 3755 -1
1972 3467 -1
1532 1899 -1
2748 3458 -1
991 1988 -1
1988 2147 -1
991 2449 -1
3590 3714 -1
712 3714 -1
263 3580 -1
263 2308 -1
1560 2646 -1
1560 3653 -1
2783 3272 -1
1109 3175 -1
1717 3005 -1
1717 3439 -1
735 3422 -1
735 3388 -1
510 735 -1
735 1214 -1
2289 2866 -1
1129 2289 -1
1306 2289 -1
2289 3678 -1
141 1293 -1
26 1293 -1
1293 3547 -1
1293 2325 -1
1153 1769 -1
834 1769 -1
447 2785 -1
447 1250 -1
542 1913 -1
542 3553 -1
58 542 -1
138 542 -1
542 2742 -1
542 3703 -1
66 3280 -1
66 3583 -1
66 2215 -1
2588 3167 -1
2588 2943 -1
2892 2958 -1
2329 3721 -1
266 571 -1
571 3057 -1
571 1948 -1
1855 2401 -1
921 2401 -1
859 1855 -1
1855 3234 -1
259 1855 -1
1783 2878 -1
823 1783 -1
1831 1954 -1
1954 2027 -1
707 1954 -1
2855 3629 -1
2430 3428 -1
2080 3428 -1
941 3428 -1
2332 3347 -1
577 3347 -1
1062 3347 -1
1041 3347 -1
3347 3752 -1
1580 3347 -1
2381 3347 -1
2510 3347 -1
2440 3347 -1
3347 3540 -1
3347 3798 -1
283 3347 -1
2485 3762 -1
1472 3762 -1
3171 3762 -1
172 2485 -1
1197 2485 -1
55 2485 -1
280 1492 -1
280 2232 -1
1113 1235 -1
1021 1113 -1
1113 2535 -1
1491 3642 -1
2521 3642 -1
2644 3642 -1
1149 1171 -1
65 3302 -1
2383 2748 -1
1447 3295 -1
1447 1566 -1
1945 3488 -1
3488 3522 -1
2620 3354 -1
2605 2620 -1
2620 3158 -1
201 881 -1
201 1534 -1
1749 2196 -1
1749 3801 -1
1742 2587 -1
2236 2587 -1
2583 2587 -1
1019 3482 -1
1777 3482 -1
1449 1523 -1
776 3312 -1
1704 2591 -1
2192 2591 -1
840 2591 -1
52 2591 -1
1890 2040 -1
1043 1890 -1
203 1890 -1
1812 2214 -1
356 3453 -1
356 3632 -1
288 356 -1
356 2674 -1
356 3380 -1
1002 2404 -1
1107 3027 -1
177 3027 -1
1324 3027 -1
1260 3027 -1
494 3027 -1
1526 3541 -1
1514 3087 -1
1514 3120 -1
1514 2585 -1
387 1514 -1
1514 2398 -1
761 1514 -1
