1024 1948 1
2291 2502 1
269 3792 1
1484 3558 1
2940 3456 1
1406 1774 1
2554 3384 1
185 1718 1
2136 2405 1
1837 3726 1
423 1761 1
1952 3524 1
473 2020 1
3393 3712 1
1715 2500 1
1341 2368 1
855 2097 1
1565 1668 1
847 2190 1
1076 3803 1
443 1067 1
656 1985 1
740 3057 1
3275 3538 1
2257 2932 1
3089 3559 1
443 1776 1
1067 1776 1
723 1593 1
377 3202 1
1244 2534 1
701 2580 1
108 1776 1
108 1067 1
108 443 1
406 1066 1
2554 3492 1
3384 3492 1
592 2652 1
1406 3160 1
1774 3160 1
604 1153 1
981 1590 1
253 3807 1
937 1546 1
2106 2850 1
3089 3438 1
3438 3559 1
576 1315 1
1066 3464 1
406 3464 1
1484 2485 1
2485 3558 1
1080 3456 1
1080 2940 1
450 1029 1
95 2055 1
267 3618 1
103 2988 1
1637 2533 1
2171 3227 1
3488 3631 1
267 2196 1
2196 3618 1
1087 1356 1
826 3089 1
826 3438 1
826 3559 1
1809 3303 1
1266 2607 1
2331 3286 1
1668 3352 1
1565 3352 1
1102 3440 1
158 1485 1
266 3322 1
95 722 1
722 2055 1
1274 3631 1
1274 3488 1
2174 2190 1
847 2174 1
3275 3739 1
3538 3739 1
883 1276 1
443 2974 1
1776 2974 1
1067 2974 1
108 2974 1
698 1029 1
450 698 1
937 1087 1
1087 1546 1
937 1356 1
1758 3467 1
2028 2195 1
1562 3286 1
1562 2331 1
2223 2534 1
1244 2223 1
1151 2991 1
1203 2055 1
722 1203 1
95 1203 1
2048 3254 1
1518 1805 1
1382 2350 1
1715 2539 1
2500 2539 1
604 2118 1
1153 2118 1
1611 2634 1
1944 3631 1
1944 3488 1
1274 1944 1
1205 1231 1
922 2823 1
1496 2106 1
1496 2850 1
2843 3721 1
925 3393 1
925 3712 1
925 3123 1
3123 3712 1
3123 3393 1
922 1181 1
1181 2823 1
1156 2891 1
1610 3547 1
922 2331 1
1181 2331 1
2331 2823 1
922 1562 1
922 3286 1
108 1718 1
1718 1776 1
1067 1718 1
443 1718 1
1718 2974 1
108 185 1
3254 3721 1
2048 3721 1
2843 3254 1
1080 1302 1
1302 3456 1
1302 2940 1
698 3089 1
450 3089 1
1029 3089 1
698 3559 1
698 3438 1
698 826 1
1102 2325 1
2325 3440 1
2580 3579 1
701 3579 1
2331 2418 1
2418 2823 1
1181 2418 1
2418 3286 1
1562 2418 1
922 2418 1
1192 3233 1
2122 3538 1
2122 3275 1
2122 3739 1
62 1518 1
62 1805 1
975 1302 1
975 1080 1
975 3456 1
975 2940 1
2291 3303 1
2502 3303 1
1809 2291 1
722 925 1
925 2055 1
925 1203 1
95 925 1
722 3712 1
722 3393 1
722 3123 1
2706 3034 1
1761 3057 1
423 3057 1
740 1761 1
1849 2195 1
1849 2028 1
35 3811 1
1261 2008 1
2088 3770 1
11 1225 1
1172 1736 1
2717 3699 1
149 3616 1
1525 1747 1
257 1015 1
599 2645 1
434 1591 1
257 3810 1
1015 3810 1
762 2949 1
643 1200 1
425 3036 1
612 2277 1
284 3576 1
3055 3709 1
1531 2600 1
783 2663 1
1860 2400 1
567 1751 1
1054 1641 1
3656 3710 1
1075 1720 1
333 1861 1
1152 1622 1
1375 2002 1
1884 3278 1
727 3556 1
718 1357 1
476 718 1
476 1357 1
1375 3743 1
2002 3743 1
924 1957 1
1917 3578 1
107 3409 1
818 1641 1
818 1054 1
1283 2629 1
728 3770 1
728 2088 1
3133 3375 1
3682 3731 1
463 1813 1
3249 3556 1
727 3249 1
11 3709 1
1225 3709 1
11 3055 1
628 2187 1
1225 2060 1
11 2060 1
2060 3709 1
1335 2611 1
459 2008 1
459 1261 1
11 3543 1
1225 3543 1
2060 3543 1
3543 3709 1
3055 3543 1
1936 2654 1
139 2600 1
139 1531 1
388 1193 1
1340 3770 1
1340 2088 1
728 1340 1
1282 2808 1
920 3395 1
1917 3409 1
3409 3578 1
107 1917 1
1222 2785 1
109 1104 1
1720 3278 1
1075 3278 1
1720 1884 1
1813 2124 1
463 2124 1
1936 3469 1
2654 3469 1
417 979 1
412 3621 1
42 1751 1
42 567 1
516 2574 1
1480 3243 1
96 2600 1
96 1531 1
96 139 1
2120 3167 1
2824 3243 1
1480 2824 1
1591 2079 1
434 2079 1
998 3167 1
998 2120 1
1957 2666 1
924 2666 1
1747 2212 1
1525 2212 1
1340 2577 1
2088 2577 1
728 2577 1
2577 3770 1
1152 3763 1
1622 3763 1
1992 2864 1
463 2406 1
2124 2406 1
1813 2406 1
11 990 1
990 1225 1
990 2060 1
990 3055 1
990 3543 1
990 3709 1
1250 3372 1
653 2898 1
284 2542 1
2542 3576 1
321 955 1
1494 2608 1
412 3249 1
3249 3621 1
412 3556 1
412 727 1
1118 2211 1
3314 3619 1
3407 3682 1
3407 3731 1
2008 2877 1
459 2877 1
1261 2877 1
1204 1898 1
3450 3469 1
1936 3450 1
2654 3450 1
1152 3386 1
3386 3763 1
1622 3386 1
1751 3621 1
42 3621 1
567 3621 1
1751 3249 1
412 1751 1
1591 2138 1
434 2138 1
2079 2138 1
1591 1884 1
434 1884 1
1884 2138 1
1884 2079 1
1591 3278 1
1591 1720 1
388 3699 1
1193 3699 1
388 2717 1
284 2455 1
2455 3576 1
2455 2542 1
1860 3619 1
2400 3619 1
1860 3314 1
52 1525 1
52 1747 1
52 2212 1
321 601 1
601 955 1
643 3101 1
1200 3101 1
2231 3770 1
2088 2231 1
728 2231 1
1340 2231 1
2231 2577 1
1704 2212 1
1704 1747 1
52 1704 1
1525 1704 1
762 928 1
928 2949 1
357 3543 1
357 1225 1
11 357 1
357 2060 1
357 3055 1
357 3709 1
357 990 1
1969 3651 1
1899 2811 1
311 1290 1
547 1449 1
2155 2569 1
538 2141 1
3667 3795 1
1839 3533 1
962 3591 1
1769 2570 1
784 3151 1
2471 3624 1
1555 3701 1
2177 3552 1
1886 3228 1
5 445 1
2379 3044 1
1429 3516 1
246 2252 1
2272 3795 1
2272 3667 1
1230 2492 1
699 2793 1
1669 2811 1
1669 1899 1
466 2040 1
1008 3039 1
414 3711 1
2131 2285 1
99 882 1
1031 3292 1
140 1993 1
2186 3161 1
1219 1268 1
393 1781 1
2166 3347 1
755 2908 1
1754 2569 1
1754 2155 1
466 3044 1
2040 3044 1
466 2379 1
153 3457 1
2570 3207 1
1769 3207 1
3279 3398 1
1001 1495 1
956 3139 1
129 2508 1
210 976 1
153 1449 1
1449 3457 1
153 547 1
268 1925 1
2953 3398 1
2953 3279 1
2255 3046 1
320 3667 1
320 2272 1
320 3795 1
2811 3323 1
1899 3323 1
1669 3323 1
709 2298 1
1886 2980 1
2980 3228 1
884 1092 1
1255 1993 1
140 1255 1
885 3640 1
755 1514 1
1514 2908 1
772 3344 1
1437 3256 1
2615 3652 1
704 2345 1
2747 3457 1
153 2747 1
1449 2747 1
960 3228 1
960 2980 1
960 1886 1
1290 1781 1
311 1781 1
393 1290 1
1555 2980 1
2980 3701 1
960 1555 1
1555 3228 1
1555 1886 1
3044 3056 1
2040 3056 1
466 3056 1
2379 3056 1
1255 2186 1
1993 2186 1
140 2186 1
1255 3161 1
1534 3764 1
390 704 1
390 2345 1
1241 2230 1
84 777 1
421 1159 1
1925 3320 1
268 3320 1
2155 2615 1
2569 2615 1
1754 2615 1
2155 3652 1
885 951 1
951 3640 1
153 611 1
611 3457 1
547 611 1
611 2747 1
611 1449 1
2471 3016 1
3016 3624 1
1002 2177 1
1002 3552 1
1535 2545 1
2914 3457 1
611 2914 1
153 2914 1
2747 2914 1
1449 2914 1
2822 3336 1
608 3292 1
608 1031 1
1429 1814 1
1814 3516 1
772 3628 1
3344 3628 1
48 210 1
48 976 1
1464 1790 1
538 1418 1
1418 2141 1
2155 3044 1
2569 3044 1
1754 3044 1
3044 3652 1
2615 3044 1
2155 2379 1
2155 3056 1
466 2155 1
2040 2155 1
2893 2927 1
951 2049 1
2049 3640 1
885 2049 1
295 2570 1
295 1769 1
295 3207 1
1110 2285 1
1110 2131 1
644 2254 1
779 3323 1
779 1899 1
779 2811 1
779 1669 1
164 2743 1
444 2658 1
508 3457 1
508 2914 1
508 611 1
508 1449 1
153 508 1
508 2747 1
704 755 1
755 2345 1
390 755 1
704 1514 1
704 2908 1
1051 2999 1
1006 1197 1
194 3151 1
194 784 1
192 504 1
1420 2369 1
421 2474 1
1159 2474 1
1391 2166 1
1391 3347 1
1790 2155 1
1464 2155 1
1790 3652 1
1790 2569 1
1790 2379 1
1790 3056 1
466 1790 1
1790 2615 1
1790 2040 1
1790 3044 1
1754 1790 1
1782 3419 1
3319 3451 1
1455 3094 1
2094 3555 1
2763 2858 1
247 2071 1
1609 2380 1
1707 2146 1
342 1732 1
2144 2215 1
724 1349 1
157 1737 1
582 1513 1
1050 2726 1
1180 3182 1
132 1248 1
2631 3211 1
394 3489 1
530 2490 1
719 1888 1
586 3238 1
3276 3501 1
1635 2721 1
1698 3182 1
1180 1698 1
2902 3215 1
1775 2840 1
1559 1639 1
2726 2957 1
1050 2957 1
1848 2404 1
3126 3412 1
2012 3555 1
2012 2094 1
79 1248 1
79 132 1
71 724 1
71 1349 1
838 3501 1
838 3276 1
2844 3091 1
1783 3555 1
1783 2012 1
1783 2094 1
97 1399 1
2050 2279 1
994 3334 1
230 3201 1
618 1433 1
73 1160 1
687 2170 1
262 3143 1
233 2726 1
233 1050 1
233 2957 1
1097 2456 1
1196 1775 1
1196 2840 1
73 579 1
579 1160 1
3255 3816 1
503 1664 1
1618 2146 1
1618 1707 1
859 1220 1
1134 2661 1
224 2690 1
462 2670 1
327 3445 1
79 2844 1
1248 2844 1
132 2844 1
79 3091 1
1106 2361 1
2431 3451 1
2431 3319 1
1032 3114 1
2271 3445 1
327 2271 1
3091 3215 1
2844 3215 1
79 3215 1
2902 3091 1
342 2902 1
1732 2902 1
342 3091 1
342 3215 1
2012 2720 1
2720 3555 1
2094 2720 1
1783 2720 1
233 2215 1
1050 2215 1
2215 2957 1
2215 2726 1
233 2144 1
640 1801 1
1220 3700 1
859 3700 1
617 1817 1
130 1707 1
130 2146 1
130 1618 1
2294 3283 1
1719 3672 1
893 1384 1
224 582 1
582 2690 1
224 1513 1
2690 3040 1
224 3040 1
582 3040 1
71 586 1
586 724 1
586 1349 1
71 3238 1
130 2675 1
2146 2675 1
1707 2675 1
1618 2675 1
480 2112 1
1537 1559 1
1537 1639 1
233 1506 1
1506 2144 1
1506 2726 1
1506 2215 1
1506 2957 1
1050 1506 1
2360 2403 1
1795 1919 1
2007 3639 1
1773 3687 1
786 3419 1
786 1782 1
2720 3007 1
3007 3555 1
2012 3007 1
2094 3007 1
1783 3007 1
3378 3525 1
1608 1780 1
2217 2817 1
465 1557 1
224 3250 1
3040 3250 1
1513 3250 1
2690 3250 1
582 3250 1
2690 3412 1
224 3412 1
3040 3412 1
3250 3412 1
582 3412 1
2690 3126 1
2113 3766 1
1063 2915 1
586 687 1
687 724 1
687 1349 1
687 3238 1
71 687 1
586 2170 1
1097 3274 1
2456 3274 1
366 3465 1
132 1307 1
1248 1307 1
1307 2844 1
79 1307 1
1476 2690 1
224 1476 1
1476 3040 1
582 1476 1
1476 3250 1
1476 3412 1
1476 3126 1
988 1134 1
988 2661 1
978 3802 1
2661 2861 1
988 2861 1
1134 2861 1
3196 3816 1
3196 3255 1
262 1317 1
1317 3143 1
2468 2902 1
2468 3091 1
1732 2468 1
342 2468 1
2468 3215 1
82 2086 1
1719 2409 1
2409 3672 1
2134 3062 1
3797 3798 1
1343 2814 1
2548 2757 1
1862 1903 1
888 2837 1
2073 2206 1
2905 3548 1
1728 3537 1
1257 3197 1
2885 3170 1
919 3758 1
1221 2041 1
833 3812 1
614 2290 1
339 904 1
3045 3540 1
754 2630 1
1337 2657 1
1765 1766 1
306 3200 1
16 3752 1
1766 2453 1
1765 2453 1
2440 2482 1
2289 3805 1
319 2951 1
308 1530 1
2248 2776 1
457 1148 1
1682 2202 1
2006 2700 1
985 1764 1
127 2602 1
1628 2121 1
1580 2951 1
319 1580 1
147 3316 1
2278 3062 1
2134 2278 1
1148 3508 1
457 3508 1
1456 2439 1
1216 2261 1
2849 3545 1
833 1680 1
1680 3812 1
1453 1680 1
833 1453 1
1453 3812 1
1958 3189 1
1442 2332 1
2760 3752 1
16 2760 1
2757 3805 1
2548 3805 1
2289 2757 1
2452 2885 1
2452 3170 1
1188 2031 1
2416 2827 1
2235 3282 1
1038 3658 1
1461 1615 1
2993 3641 1
1062 1175 1
1862 2381 1
1903 2381 1
2135 2553 1
875 3309 1
1216 1940 1
1940 2261 1
1270 3346 1
1448 2700 1
1448 2006 1
1308 3113 1
833 2687 1
1680 2687 1
2687 3812 1
1453 2687 1
912 2523 1
2135 3545 1
2553 3545 1
2135 2849 1
116 952 1
1756 1757 1
775 1337 1
775 2657 1
1170 2135 1
1170 2553 1
1170 2849 1
1170 3545 1
464 2453 1
464 1765 1
464 1766 1
389 2385 1
912 3789 1
2523 3789 1
1615 2035 1
1461 2035 1
437 2391 1
1628 3481 1
2121 3481 1
2278 2657 1
2134 2657 1
2657 3062 1
1337 2278 1
775 2278 1
2082 3135 1
341 2772 1
2801 3197 1
1257 2801 1
438 870 1
1304 3045 1
1304 3540 1
1523 2385 1
389 1523 1
1456 2827 1
2439 2827 1
1456 2416 1
789 2041 1
789 1221 1
2290 3658 1
614 3658 1
1038 2290 1
308 368 1
368 1530 1
1376 3603 1
94 1059 1
495 875 1
495 3309 1
2649 3748 1
2780 3148 1
207 870 1
207 438 1
100 1012 1
197 2650 1
3 3767 1
1407 3261 1
270 2452 1
270 3170 1
270 2885 1
16 495 1
495 3752 1
495 2760 1
16 875 1
16 3309 1
754 2073 1
2073 2630 1
754 2206 1
222 3170 1
222 2452 1
222 2885 1
222 270 1
2134 2149 1
2149 2657 1
2149 2278 1
2149 3062 1
1059 1680 1
94 1680 1
833 1059 1
1059 3812 1
1059 1453 1
1059 2687 1
1735 3477 1
341 2776 1
2772 2776 1
341 2248 1
116 2657 1
952 2657 1
116 2149 1
116 2278 1
116 775 1
116 3062 1
116 1337 1
116 2134 1
147 3252 1
3252 3316 1
2202 3157 1
1682 3157 1
207 2697 1
438 2697 1
870 2697 1
2276 3116 1
615 1764 1
615 985 1
3441 3473 1
2523 2665 1
912 2665 1
2665 3789 1
616 2650 1
197 616 1
386 2465 1
769 797 1
1395 1847 1
706 1836 1
514 3683 1
1299 2698 1
442 703 1
2656 3581 1
290 2018 1
291 972 1
697 2427 1
1100 2335 1
2933 3504 1
703 898 1
442 898 1
950 2283 1
2494 3068 1
3237 3625 1
474 3632 1
1836 1930 1
706 1930 1
957 3355 1
1928 3010 1
424 2116 1
184 3504 1
184 2933 1
288 2982 1
328 344 1
288 3646 1
2982 3646 1
519 1800 1
260 2070 1
1195 3027 1
3308 3784 1
1627 2445 1
2024 2601 1
115 1928 1
115 3010 1
446 1556 1
1299 1778 1
1778 2698 1
1094 3574 1
897 2462 1
3629 3788 1
1662 2680 1
2755 2799 1
188 2774 1
729 2599 1
523 1373 1
2599 2926 1
729 2926 1
897 3293 1
2462 3293 1
446 1830 1
1556 1830 1
2718 3090 1
117 2445 1
117 1627 1
328 2532 1
344 2532 1
697 1830 1
1830 2427 1
697 1556 1
446 697 1
2799 3793 1
2755 3793 1
488 3047 1
693 2805 1
2023 3706 1
959 1206 1
1965 1995 1
2250 3724 1
1313 1659 1
119 966 1
2473 2494 1
2473 3068 1
801 805 1
1379 3632 1
474 1379 1
1112 1778 1
1112 2698 1
1112 1299 1
1072 2933 1
1072 3504 1
184 1072 1
1977 2373 1
3090 3259 1
2718 3259 1
2708 3604 1
1309 2128 1
1604 2417 1
1330 1965 1
1330 1995 1
2805 3235 1
693 3235 1
1226 2996 1
1902 2213 1
1287 1330 1
1287 1995 1
1287 1965 1
2128 3646 1
1309 3646 1
288 2128 1
2128 2982 1
802 1659 1
802 1313 1
1060 3632 1
474 1060 1
1060 1379 1
935 3010 1
935 1928 1
115 935 1
349 2718 1
349 3090 1
349 3259 1
706 830 1
830 1930 1
830 1836 1
1034 1800 1
519 1034 1
2451 2839 1
405 453 1
580 691 1
697 3734 1
2427 3734 1
1556 3734 1
446 3734 1
1830 3734 1
2906 3581 1
2656 2906 1
935 2946 1
1928 2946 1
2946 3010 1
115 2946 1
797 3706 1
769 3706 1
797 2023 1
1675 2445 1
1627 1675 1
117 1675 1
544 3750 1
2275 3027 1
1195 2275 1
1329 1930 1
706 1329 1
1329 1836 1
830 1329 1
2587 3355 1
957 2587 1
260 3237 1
2070 3237 1
260 3625 1
1896 2926 1
729 1896 1
1896 2599 1
3695 3788 1
3629 3695 1
290 2225 1
2018 2225 1
1767 2173 1
1061 1436 1
1665 2023 1
1665 3706 1
797 1665 1
1206 2530 1
959 2530 1
1112 1934 1
1778 1934 1
1299 1934 1
1934 2698 1
1532 2173 1
1532 1767 1
986 2933 1
986 3504 1
184 986 1
986 1072 1
1369 2599 1
1369 1896 1
729 1369 1
1369 2926 1
1823 2451 1
1823 2839 1
2116 2494 1
424 2494 1
2116 2473 1
2116 3068 1
655 2889 1
2632 3222 1
2919 3381 1
3176 3736 1
1217 3206 1
2783 3626 1
796 1111 1
337 1845 1
1855 3253 1
568 2838 1
867 1158 1
2546 3289 1
2447 2838 1
568 2447 1
1519 3013 1
1146 3505 1
541 2415 1
2984 3513 1
1581 1712 1
1828 2486 1
286 930 1
796 1883 1
1111 1883 1
535 1708 1
4 971 1
710 853 1
654 1320 1
143 2919 1
143 3381 1
2540 2736 1
138 1845 1
138 337 1
148 750 1
2842 3657 1
1726 3479 1
477 3129 1
148 848 1
750 848 1
634 2464 1
1519 2154 1
2154 3013 1
430 561 1
1367 2694 1
659 991 1
113 3330 1
647 1706 1
853 2984 1
710 2984 1
853 3513 1
1941 2447 1
568 1941 1
1941 2838 1
162 3654 1
1440 1536 1
334 1209 1
909 2984 1
909 3513 1
853 909 1
710 909 1
680 3307 1
27 3513 1
27 2984 1
27 853 1
27 909 1
710 1536 1
1536 2984 1
853 1536 1
909 1536 1
710 1440 1
4 535 1
535 971 1
4 1708 1
1987 2643 1
1891 2243 1
451 3553 1
658 2618 1
2923 2942 1
1500 2032 1
1440 1918 1
1536 1918 1
710 1918 1
211 1475 1
1284 2736 1
1284 2540 1
1367 3307 1
2694 3307 1
680 1367 1
1345 1949 1
1361 2910 1
166 2200 1
670 1083 1
2389 2923 1
2389 2942 1
1577 1711 1
1346 2114 1
1346 1891 1
1891 2114 1
1346 2243 1
848 2435 1
148 2435 1
750 2435 1
138 909 1
337 909 1
909 1845 1
138 1536 1
138 710 1
138 2984 1
138 853 1
138 3513 1
27 138 1
528 3038 1
1996 3584 1
496 3408 1
1297 3270 1
2789 3414 1
848 2140 1
2140 2435 1
148 2140 1
750 2140 1
659 2694 1
991 2694 1
659 3307 1
659 1367 1
2310 3095 1
2994 3102 1
337 3317 1
138 3317 1
1845 3317 1
909 3317 1
1676 3131 1
211 597 1
597 1475 1
634 2268 1
2268 2464 1
451 555 1
555 3553 1
1645 2017 1
350 1473 1
794 798 1
1560 2571 1
1577 2820 1
1711 2820 1
359 848 1
359 2140 1
359 2435 1
148 359 1
359 750 1
2590 3500 1
1158 3394 1
867 3394 1
774 2251 1
1645 2912 1
2017 2912 1
766 3732 1
111 1423 1
1935 2919 1
1935 3381 1
143 1935 1
921 3030 1
3006 3753 1
909 3369 1
1536 3369 1
3317 3369 1
710 3369 1
2984 3369 1
138 3369 1
337 3369 1
853 3369 1
3369 3513 1
27 3369 1
1845 3369 1
1111 2151 1
1883 2151 1
796 2151 1
654 2415 1
1320 2415 1
541 654 1
561 1398 1
430 1398 1
98 2571 1
98 1560 1
711 2540 1
711 2736 1
711 1284 1
1320 3691 1
654 3691 1
2415 3691 1
632 1393 1
1918 2622 1
1440 2622 1
1536 2622 1
710 2622 1
1177 3780 1
2337 3122 1
1841 1954 1
2518 2992 1
696 3169 1
263 3790 1
999 1797 1
2662 3035 1
1895 3690 1
486 2621 1
992 3424 1
694 3737 1
753 3112 1
635 1870 1
1348 1990 1
1582 2794 1
2203 2281 1
804 3140 1
690 3768 1
32 1994 1
1894 2091 1
1524 2732 1
646 3053 1
842 1599 1
2100 3551 1
32 331 1
331 1994 1
441 646 1
441 3053 1
238 396 1
1653 3686 1
2424 3737 1
694 2424 1
1509 2557 1
70 1599 1
70 842 1
2954 3106 1
2659 3065 1
219 3790 1
219 263 1
1953 3052 1
3368 3426 1
1566 1582 1
1566 2794 1
1784 2449 1
2559 3298 1
1524 3794 1
2732 3794 1
403 2469 1
1457 1994 1
32 1457 1
331 1457 1
275 2833 1
1131 3001 1
187 2438 1
17 2752 1
635 1931 1
1870 1931 1
396 1397 1
238 1397 1
927 2647 1
460 2731 1
30 507 1
891 1931 1
635 891 1
891 1870 1
60 123 1
842 1258 1
70 1258 1
1258 1599 1
120 866 1
2090 3390 1
3229 3484 1
1422 2090 1
1422 3390 1
1119 3585 1
513 2386 1
548 2312 1
1870 3751 1
891 3751 1
635 3751 1
1931 3751 1
607 1119 1
607 3585 1
243 2132 1
2797 3187 1
1186 1568 1
1529 2016 1
605 1871 1
2954 3454 1
3106 3454 1
1123 2304 1
413 2068 1
764 2557 1
764 1509 1
1838 3717 1
2328 2781 1
1818 3636 1
969 3686 1
969 1653 1
1733 2528 1
2281 2781 1
2203 2781 1
2281 2328 1
808 1818 1
808 3636 1
1344 1465 1
539 946 1
2752 3012 1
17 3012 1
667 880 1
1474 1988 1
1019 2787 1
1870 3065 1
891 3065 1
635 3065 1
1931 3065 1
3065 3751 1
1870 2659 1
2004 2770 1
3111 3140 1
804 3111 1
492 1709 1
243 1422 1
1422 2132 1
243 2090 1
243 3390 1
667 2947 1
880 2947 1
331 2883 1
32 2883 1
1457 2883 1
1994 2883 1
1166 1354 1
667 1462 1
880 1462 1
1462 2947 1
3311 3737 1
2424 3311 1
694 3311 1
460 949 1
949 2731 1
123 3660 1
60 3660 1
447 1082 1
1850 2472 1
1650 3111 1
804 1650 1
1650 3140 1
880 1887 1
667 1887 1
1887 2947 1
1462 1887 1
513 2182 1
2182 2386 1
2090 2132 1
2132 3390 1
1421 3257 1
1911 2731 1
460 1911 1
949 1911 1
2503 2998 1
564 3622 1
238 3156 1
396 3156 1
1397 3156 1
1742 2992 1
1742 2518 1
298 2355 1
3368 3484 1
3426 3484 1
3229 3368 1
1474 3777 1
1988 3777 1
275 626 1
626 2833 1
199 2646 1
1954 2167 1
1841 2167 1
1887 1895 1
880 1895 1
667 1895 1
1895 2947 1
1462 1895 1
1887 3690 1
238 3794 1
3156 3794 1
396 3794 1
1397 3794 1
238 2732 1
238 1524 1
982 2781 1
982 2328 1
982 2281 1
982 2203 1
1741 3127 1
2734 2818 1
2734 3185 1
2818 3185 1
1515 3329 1
1298 3645 1
85 3138 1
827 908 1
221 371 1
1409 1539 1
1710 3017 1
1262 3648 1
751 1980 1
1411 2818 1
1411 3185 1
1411 2734 1
1945 3173 1
1366 1741 1
1366 3127 1
533 813 1
155 803 1
232 1945 1
232 3173 1
49 3693 1
851 3570 1
668 2950 1
1589 2288 1
2550 2603 1
1964 3342 1
418 3377 1
857 3290 1
1447 3470 1
1409 2218 1
1539 2218 1
2683 3149 1
2288 3689 1
1589 3689 1
340 1844 1
2818 3244 1
3185 3244 1
1411 3244 1
2734 3244 1
595 2778 1
940 1275 1
533 3589 1
813 3589 1
1687 3300 1
3377 3571 1
418 3571 1
712 1412 1
751 2336 1
1980 2336 1
2433 3204 1
9 2860 1
2216 3019 1
545 947 1
809 1810 1
1687 2247 1
2247 3300 1
851 3377 1
3377 3570 1
418 851 1
851 3571 1
2209 2972 1
420 3396 1
1007 1520 1
3153 3515 1
1601 3173 1
232 1601 1
1601 1945 1
105 2419 1
2983 3258 1
3338 3594 1
324 2756 1
2197 2376 1
1515 3118 1
3118 3329 1
371 850 1
221 850 1
1089 2461 1
3388 3607 1
1741 2376 1
1366 2376 1
2376 3127 1
1741 2197 1
1600 3361 1
1145 3296 1
2683 2818 1
2818 3149 1
1411 2683 1
2683 3244 1
2683 2734 1
2683 3185 1
803 1113 1
155 1113 1
1275 2529 1
940 2529 1
68 369 1
940 3185 1
2529 3185 1
1275 3185 1
940 2818 1
940 1411 1
940 3244 1
940 2734 1
940 2683 1
668 751 1
751 2950 1
668 2336 1
668 1980 1
3060 3774 1
1447 2886 1
2886 3470 1
813 3072 1
533 3072 1
3072 3589 1
557 1214 1
2293 3554 1
2346 3689 1
2288 2346 1
1589 2346 1
776 3645 1
776 1298 1
363 3168 1
1412 3468 1
712 3468 1
265 2614 1
105 159 1
159 2419 1
1834 3745 1
944 2216 1
944 3019 1
1035 3300 1
1035 2247 1
1035 1687 1
1575 2376 1
1575 3127 1
1575 2197 1
1366 1575 1
1575 1741 1
2001 2244 1
265 2336 1
2336 2614 1
265 668 1
265 1980 1
265 751 1
375 3296 1
375 1145 1
1121 2896 1
227 1967 1
1528 3382 1
868 1544 1
2078 2563 1
2948 3149 1
2818 2948 1
2683 2948 1
1515 3814 1
3329 3814 1
3118 3814 1
379 3684 1
638 1810 1
638 809 1
1081 3778 1
1218 2218 1
1218 1409 1
1218 1539 1
497 3005 1
2216 3153 1
944 3153 1
3019 3153 1
2216 3515 1
2303 3338 1
2303 3594 1
2488 3806 1
944 3231 1
2216 3231 1
3153 3231 1
3019 3231 1
3607 3725 1
3388 3725 1
136 510 1
1099 1825 1
1262 1358 1
1358 3648 1
1933 3725 1
1933 3388 1
1933 3607 1
85 1288 1
1288 3138 1
498 3203 1
1752 3332 1
2329 3219 1
43 1491 1
1579 3755 1
707 3357 1
1549 1697 1
1445 3128 1
432 1978 1
892 2398 1
1017 3442 1
1497 1533 1
1851 3773 1
1339 2334 1
943 3128 1
943 1445 1
2967 3337 1
1643 2679 1
1403 2689 1
574 2249 1
1798 3623 1
1632 3681 1
1128 3773 1
1128 1851 1
1483 3216 1
2434 3714 1
1132 3567 1
1497 2997 1
1533 2997 1
2487 3208 1
38 2679 1
38 1643 1
77 1545 1
2358 2640 1
110 209 1
2249 2398 1
574 2398 1
892 2249 1
3132 3137 1
2761 3498 1
305 1666 1
1046 1325 1
456 1851 1
456 1128 1
456 3773 1
1943 2552 1
1831 3436 1
894 1016 1
347 905 1
624 3354 1
2342 3647 1
432 2408 1
1978 2408 1
1069 3070 1
581 2395 1
3067 3567 1
1132 3067 1
1551 2605 1
3164 3740 1
347 410 1
410 905 1
675 1164 1
277 3779 1
309 1017 1
309 3442 1
2527 2552 1
1943 2527 1
338 432 1
338 2408 1
338 1978 1
1688 2300 1
1752 2491 1
2491 3332 1
177 3512 1
1533 2688 1
1497 2688 1
2688 2997 1
455 3023 1
118 1446 1
641 1802 1
1835 2222 1
240 3740 1
240 3164 1
1107 1533 1
1107 2688 1
1107 1497 1
1107 2997 1
1164 1617 1
675 1617 1
2322 3678 1
110 3647 1
209 3647 1
110 2342 1
455 1017 1
1017 3023 1
455 3442 1
309 455 1
943 1943 1
1943 3128 1
1445 1943 1
943 2552 1
943 2527 1
44 1468 1
93 1468 1
44 93 1
347 1040 1
905 1040 1
410 1040 1
1722 1779 1
44 364 1
364 1468 1
93 364 1
3678 3714 1
2322 3714 1
2434 3678 1
1722 3487 1
1779 3487 1
3370 3506 1
1750 2841 1
229 1666 1
229 305 1
1235 1690 1
591 2585 1
2005 3623 1
1798 2005 1
858 1468 1
364 858 1
44 858 1
93 858 1
258 2767 1
2300 2881 1
1688 2881 1
336 1697 1
336 1549 1
1208 1325 1
1046 1208 1
953 3666 1
156 3120 1
1107 1569 1
1569 2688 1
1497 1569 1
1533 1569 1
1569 2997 1
1926 3203 1
498 1926 1
2222 3567 1
1835 3567 1
2222 3067 1
1132 2222 1
2324 2758 1
652 3370 1
652 3506 1
1107 2640 1
2640 2688 1
1569 2640 1
2640 2997 1
1497 2640 1
1533 2640 1
1107 2358 1
714 3666 1
714 953 1
649 2198 1
1446 2841 1
118 2841 1
1446 1750 1
2758 3817 1
2324 3817 1
494 1324 1
2102 3817 1
2102 2324 1
2102 2758 1
2725 3370 1
2725 3506 1
652 2725 1
2395 3370 1
581 3370 1
2395 3506 1
652 2395 1
2395 2725 1
1569 3506 1
2688 3506 1
2640 3506 1
1107 3506 1
2997 3506 1
1497 3506 1
1533 3506 1
1569 2725 1
1569 3370 1
652 1569 1
1569 2395 1
77 1461 -1
1461 1545 -1
77 2035 -1
77 1615 -1
336 1135 -1
1135 1697 -1
1135 1549 -1
47 3512 -1
47 177 -1
1802 1869 -1
641 1869 -1
150 1789 -1
378 2120 -1
378 998 -1
378 3167 -1
1285 2142 -1
1129 1160 -1
73 1129 -1
579 1129 -1
363 3548 -1
3168 3548 -1
363 2905 -1
1272 3300 -1
1035 1272 -1
1272 2247 -1
1272 1687 -1
1958 2725 -1
2725 3189 -1
1569 1958 -1
1958 3370 -1
1958 2395 -1
652 1958 -1
1958 3506 -1
155 2477 -1
1113 2477 -1
803 2477 -1
3 314 -1
314 3767 -1
2359 2566 -1
1515 1646 -1
1646 3329 -1
1646 3814 -1
1646 3118 -1
2066 3690 -1
1887 2066 -1
1895 2066 -1
1131 1446 -1
1446 3001 -1
1131 2841 -1
1131 1750 -1
118 1131 -1
1540 3799 -1
3480 3504 -1
184 3480 -1
1072 3480 -1
986 3480 -1
2933 3480 -1
2110 3603 -1
1376 2110 -1
3 3600 -1
3600 3767 -1
329 3354 -1
329 624 -1
966 2969 -1
119 2969 -1
1365 3542 -1
155 677 -1
677 1113 -1
677 803 -1
801 3708 -1
805 3708 -1
112 1858 -1
713 1702 -1
1646 1810 -1
809 1646 -1
638 1646 -1
2052 2995 -1
1115 1362 -1
1429 2175 -1
2175 3516 -1
1814 2175 -1
1497 2892 -1
2688 2892 -1
1569 2892 -1
2640 2892 -1
2892 3506 -1
1107 2892 -1
2892 2997 -1
1533 2892 -1
681 3518 -1
2815 3461 -1
2107 2758 -1
2107 3817 -1
2107 2324 -1
2102 2107 -1
190 1409 -1
190 2218 -1
190 1539 -1
190 1218 -1
149 1677 -1
1677 3616 -1
47 1223 -1
19 2054 -1
717 2067 -1
269 2332 -1
2332 3792 -1
269 1442 -1
3403 3755 -1
1579 3403 -1
3231 3245 -1
944 3245 -1
2216 3245 -1
3019 3245 -1
3153 3245 -1
185 1168 -1
108 1168 -1
1168 1718 -1
2542 2563 -1
2563 3576 -1
284 2563 -1
2455 2563 -1
2078 2542 -1
1445 3686 -1
3128 3686 -1
1943 3686 -1
943 3686 -1
969 1445 -1
1445 1653 -1
23 348 -1
2380 3432 -1
1609 3432 -1
362 2967 -1
362 3337 -1
1810 3225 -1
809 3225 -1
638 3225 -1
112 2906 -1
112 2656 -1
112 3581 -1
1600 3137 -1
3137 3361 -1
1600 3132 -1
1453 2605 -1
1680 2605 -1
833 2605 -1
1059 2605 -1
2605 3812 -1
2605 2687 -1
1453 1551 -1
42 3474 -1
567 3474 -1
3474 3621 -1
1751 3474 -1
211 3135 -1
1475 3135 -1
597 3135 -1
211 2082 -1
2483 3715 -1
3 1405 -1
1405 3767 -1
1414 1530 -1
368 1414 -1
308 1414 -1
1798 3499 -1
2005 3499 -1
3499 3623 -1
163 2099 -1
1722 2467 -1
1779 2467 -1
2467 3487 -1
724 3326 -1
586 3326 -1
687 3326 -1
1349 3326 -1
71 3326 -1
2067 3381 -1
143 2067 -1
1935 2067 -1
2067 2919 -1
502 586 -1
502 1349 -1
502 3238 -1
71 502 -1
502 687 -1
502 724 -1
502 2170 -1
180 379 -1
180 3684 -1
1926 1932 -1
498 1932 -1
1932 3203 -1
2246 3121 -1
2619 3331 -1
639 2231 -1
639 2088 -1
639 728 -1
639 3770 -1
639 1340 -1
639 2577 -1
1810 3668 -1
809 3668 -1
638 3668 -1
2981 3599 -1
850 2784 -1
371 2784 -1
221 2784 -1
911 1978 -1
432 911 -1
911 2408 -1
338 911 -1
3184 3186 -1
3036 3340 -1
425 3340 -1
1178 3070 -1
1069 1178 -1
332 347 -1
332 1040 -1
332 905 -1
332 410 -1
429 2876 -1
2043 2409 -1
2043 3672 -1
1719 2043 -1
566 1779 -1
566 1722 -1
566 3487 -1
3315 3656 -1
3315 3710 -1
1144 2831 -1
2088 3590 -1
728 3590 -1
2577 3590 -1
3590 3770 -1
1340 3590 -1
2231 3590 -1
590 2067 -1
999 3542 -1
1797 3542 -1
2616 3685 -1
1110 1130 -1
1130 2131 -1
1130 2285 -1
1052 2563 -1
1052 2078 -1
425 1298 -1
1298 3036 -1
425 776 -1
425 3645 -1
1601 1796 -1
232 1796 -1
1796 1945 -1
1796 3173 -1
1509 1660 -1
764 1660 -1
1660 2557 -1
2443 3221 -1
130 891 -1
891 2675 -1
891 2146 -1
891 1707 -1
891 1618 -1
130 635 -1
130 3065 -1
130 1931 -1
130 1870 -1
130 3751 -1
302 878 -1
730 1202 -1
1872 3016 -1
1872 3624 -1
1872 2471 -1
2303 3225 -1
3225 3338 -1
3225 3594 -1
1207 1890 -1
1926 3419 -1
498 3419 -1
3203 3419 -1
786 1926 -1
1782 1926 -1
232 1333 -1
1333 1945 -1
1333 3173 -1
1333 1601 -1
613 3188 -1
180 3571 -1
180 3377 -1
180 418 -1
180 851 -1
1822 1854 -1
339 1760 -1
904 1760 -1
1629 1686 -1
2610 3060 -1
2610 3774 -1
12 39 -1
114 1614 -1
2163 2888 -1
2084 2779 -1
2633 3763 -1
1152 2633 -1
2633 3386 -1
1622 2633 -1
1298 2965 -1
776 2965 -1
2965 3645 -1
698 3175 -1
450 3175 -1
1029 3175 -1
3175 3559 -1
3175 3438 -1
3089 3175 -1
826 3175 -1
801 2904 -1
805 2904 -1
643 3510 -1
1200 3510 -1
3101 3510 -1
1120 2404 -1
1120 1848 -1
2116 3042 -1
424 3042 -1
2473 3042 -1
3042 3068 -1
2494 3042 -1
93 3345 -1
44 3345 -1
858 3345 -1
1468 3345 -1
364 3345 -1
438 1689 -1
1689 2697 -1
870 1689 -1
207 1689 -1
2619 2939 -1
2859 3416 -1
1298 2748 -1
776 2748 -1
2748 3645 -1
493 2156 -1
897 1681 -1
1681 3293 -1
1681 2462 -1
2009 3735 -1
1417 3718 -1
1617 3302 -1
675 3302 -1
1164 3302 -1
2093 3542 -1
322 2796 -1
86 1646 -1
854 2014 -1
2955 3648 -1
1358 2955 -1
1262 2955 -1
617 624 -1
624 1817 -1
617 3354 -1
1588 3778 -1
1081 1588 -1
2332 3210 -1
1442 3210 -1
1841 3328 -1
1954 3328 -1
2167 3328 -1
2616 3674 -1
2377 3052 -1
1953 2377 -1
1378 1862 -1
1378 2381 -1
1378 1903 -1
39 2077 -1
162 833 -1
833 3654 -1
162 1680 -1
162 1059 -1
162 3812 -1
162 1453 -1
162 2687 -1
1262 2434 -1
2434 3648 -1
1358 2434 -1
1262 3714 -1
1262 3678 -1
869 2094 -1
869 2720 -1
869 3555 -1
869 2012 -1
869 3007 -1
869 1783 -1
719 2526 -1
1888 2526 -1
1294 2959 -1
221 1336 -1
850 1336 -1
371 1336 -1
2311 3534 -1
3066 3208 -1
2487 3066 -1
3055 3799 -1
11 3799 -1
357 3799 -1
3709 3799 -1
990 3799 -1
3543 3799 -1
524 1452 -1
155 2482 -1
1113 2482 -1
803 2482 -1
155 2440 -1
2264 2491 -1
1752 2264 -1
2264 3332 -1
2206 3008 -1
2073 3008 -1
754 3008 -1
1677 3601 -1
2294 2434 -1
2434 3283 -1
2294 3714 -1
2294 3678 -1
37 3437 -1
150 2288 -1
150 3689 -1
150 2346 -1
150 1589 -1
1467 3561 -1
185 673 -1
108 673 -1
673 1718 -1
185 647 -1
108 647 -1
647 1718 -1
185 1706 -1
330 378 -1
1843 2830 -1
295 2758 -1
1769 2758 -1
2570 2758 -1
2758 3207 -1
295 3817 -1
295 2324 -1
295 2102 -1
1234 3163 -1
2484 3590 -1
121 1708 -1
4 121 -1
121 535 -1
362 1245 -1
1314 2401 -1
1330 1909 -1
1909 1995 -1
1909 1965 -1
1287 1909 -1
1259 3719 -1
1188 3811 -1
2031 3811 -1
35 1188 -1
47 2684 -1
1416 2438 -1
187 1416 -1
3167 3334 -1
2120 3334 -1
998 3334 -1
994 3167 -1
3326 3735 -1
3 3023 -1
3023 3767 -1
3 1017 -1
3 455 -1
1927 3300 -1
1035 1927 -1
1927 2247 -1
1687 1927 -1
1705 1932 -1
645 1161 -1
1570 2721 -1
1570 1635 -1
2732 3533 -1
3533 3794 -1
1524 3533 -1
238 3533 -1
1839 2732 -1
1202 2034 -1
296 522 -1
201 2885 -1
201 3170 -1
201 2452 -1
201 222 -1
201 270 -1
3426 3548 -1
3368 3548 -1
3484 3548 -1
2905 3426 -1
2639 3056 -1
2379 2639 -1
2639 3044 -1
2155 2639 -1
466 2639 -1
2040 2639 -1
1790 2639 -1
37 2667 -1
503 957 -1
957 1664 -1
503 2587 -1
503 3355 -1
857 2564 -1
2564 3290 -1
6 3354 -1
6 624 -1
182 3186 -1
651 3421 -1
1978 3685 -1
432 3685 -1
2408 3685 -1
338 3685 -1
1017 3178 -1
3178 3442 -1
3023 3178 -1
309 3178 -1
455 3178 -1
1677 1725 -1
2546 3097 -1
3097 3289 -1
968 1807 -1
1942 2881 -1
1688 1942 -1
1942 2300 -1
2438 3603 -1
187 3603 -1
1376 2438 -1
259 3118 -1
259 3329 -1
259 1515 -1
259 3814 -1
47 3087 -1
2981 3310 -1
3276 3379 -1
3379 3501 -1
838 3379 -1
327 1411 -1
1411 3445 -1
1411 2271 -1
327 2818 -1
327 3244 -1
327 940 -1
327 2734 -1
327 3185 -1
327 2683 -1
362 1178 -1
156 2674 -1
2674 3120 -1
259 593 -1
88 3729 -1
1660 1838 -1
1660 3717 -1
295 2071 -1
1769 2071 -1
2071 2570 -1
2071 3207 -1
247 295 -1
2373 3501 -1
1977 3501 -1
2373 3276 -1
838 2373 -1
2462 3337 -1
897 3337 -1
3293 3337 -1
2462 2967 -1
1131 3771 -1
3001 3771 -1
2184 2373 -1
1977 2184 -1
258 1958 -1
1958 2767 -1
258 3189 -1
1580 3337 -1
319 3337 -1
2951 3337 -1
1580 2967 -1
2400 2885 -1
2885 3619 -1
1860 2885 -1
2400 3170 -1
2400 2452 -1
222 2400 -1
270 2400 -1
2364 3816 -1
2364 3196 -1
2364 3255 -1
1989 2981 -1
212 2799 -1
212 3793 -1
212 2755 -1
2973 3607 -1
2973 3388 -1
2973 3725 -1
1933 2973 -1
1494 1677 -1
1677 2608 -1
502 3480 -1
87 2619 -1
1425 3542 -1
405 862 -1
453 862 -1
641 3419 -1
1802 3419 -1
641 786 -1
641 1782 -1
1003 1450 -1
411 2373 -1
411 1977 -1
1349 1798 -1
586 1798 -1
687 1798 -1
724 1798 -1
71 1798 -1
1349 2005 -1
1349 3623 -1
1714 3269 -1
1800 3337 -1
1034 3337 -1
519 3337 -1
1800 2967 -1
2871 3297 -1
251 1013 -1
964 3308 -1
964 3784 -1
614 863 -1
863 2290 -1
863 3658 -1
1661 3690 -1
1661 1887 -1
1661 1895 -1
1618 2917 -1
2675 2917 -1
2146 2917 -1
1707 2917 -1
130 2917 -1
1158 3350 -1
3350 3394 -1
867 3350 -1
468 3735 -1
2383 2588 -1
310 1660 -1
1778 2108 -1
1112 2108 -1
2108 2698 -1
1299 2108 -1
1934 2108 -1
663 3198 -1
633 901 -1
1168 3338 -1
1168 3594 -1
1168 2303 -1
613 2321 -1
1651 2409 -1
1651 3672 -1
1651 1719 -1
2789 3135 -1
3135 3414 -1
2082 2789 -1
471 612 -1
471 2277 -1
1300 3099 -1
242 3326 -1
821 2726 -1
233 821 -1
821 1050 -1
821 1506 -1
821 2957 -1
821 2215 -1
624 1506 -1
1506 3354 -1
624 2144 -1
624 2726 -1
624 2215 -1
233 624 -1
624 2957 -1
624 1050 -1
1349 3690 -1
586 3690 -1
687 3690 -1
724 3690 -1
71 3690 -1
1349 1887 -1
1349 1895 -1
641 3190 -1
1802 3190 -1
910 2840 -1
910 1196 -1
910 1775 -1
2881 2903 -1
1688 2903 -1
2300 2903 -1
2144 3127 -1
233 3127 -1
1506 3127 -1
2215 3127 -1
2144 2376 -1
1741 2144 -1
1366 2144 -1
1575 2144 -1
321 2108 -1
601 2108 -1
955 2108 -1
880 1469 -1
1469 1895 -1
667 1469 -1
1469 2947 -1
1462 1469 -1
1469 1887 -1
1909 3427 -1
322 3690 -1
322 1887 -1
322 1895 -1
425 1792 -1
1792 3036 -1
641 645 -1
645 1802 -1
1546 2332 -1
937 2332 -1
1087 2332 -1
1442 1546 -1
1405 1580 -1
319 1405 -1
1405 2951 -1
364 1843 -1
1468 1843 -1
858 1843 -1
44 1843 -1
93 1843 -1
16 3023 -1
3023 3752 -1
2760 3023 -1
875 3023 -1
3023 3309 -1
495 3023 -1
16 1017 -1
16 455 -1
1184 3066 -1
1810 2748 -1
809 2748 -1
638 2748 -1
426 1118 -1
426 2211 -1
1493 2604 -1
1350 1411 -1
1350 2818 -1
1350 3244 -1
940 1350 -1
1350 2734 -1
1350 3185 -1
1350 2683 -1
3144 3332 -1
1752 3144 -1
2491 3144 -1
87 880 -1
87 1895 -1
87 667 -1
87 2947 -1
87 1462 -1
87 1887 -1
3135 3472 -1
2082 3472 -1
949 1884 -1
1884 2731 -1
460 1884 -1
1884 1911 -1
949 3278 -1
434 949 -1
949 1591 -1
949 1720 -1
949 2138 -1
949 2079 -1
1580 2604 -1
319 2604 -1
2604 2951 -1
832 3442 -1
832 1017 -1
309 832 -1
455 832 -1
665 2619 -1
1798 2990 -1
2005 2990 -1
2990 3623 -1
362 707 -1
362 3357 -1
1115 2094 -1
1115 2720 -1
1115 3555 -1
1115 2012 -1
1115 3007 -1
1115 1783 -1
503 950 -1
950 1664 -1
503 2283 -1
2249 3276 -1
892 3276 -1
2398 3276 -1
574 3276 -1
2249 3501 -1
838 2249 -1
2918 3137 -1
2918 3132 -1
355 1813 -1
355 2124 -1
355 2406 -1
355 463 -1
2401 3690 -1
1887 2401 -1
1895 2401 -1
1445 3426 -1
3128 3426 -1
1943 3426 -1
943 3426 -1
1445 3368 -1
1445 3484 -1
832 2917 -1
3226 3311 -1
2424 3226 -1
3226 3737 -1
694 3226 -1
1416 2862 -1
964 1249 -1
1789 3601 -1
1677 2105 -1
1378 2870 -1
599 3172 -1
2645 3172 -1
1225 3258 -1
357 3258 -1
11 3258 -1
2060 3258 -1
3258 3543 -1
3258 3709 -1
990 3258 -1
1225 2983 -1
339 3083 -1
904 3083 -1
1374 1453 -1
1374 1680 -1
833 1374 -1
1059 1374 -1
1374 3812 -1
1374 2687 -1
47 2530 -1
47 1206 -1
47 959 -1
749 1262 -1
749 3648 -1
749 1358 -1
1737 3690 -1
157 3690 -1
1737 1887 -1
1737 1895 -1
330 2463 -1
2120 3701 -1
998 3701 -1
3167 3701 -1
1555 2120 -1
2120 2980 -1
2396 2420 -1
410 3419 -1
1040 3419 -1
905 3419 -1
347 3419 -1
410 786 -1
410 1782 -1
3190 3799 -1
18 3625 -1
18 260 -1
18 3237 -1
44 1958 -1
364 1958 -1
858 1958 -1
1468 1958 -1
93 1958 -1
44 3189 -1
2151 3097 -1
1883 3097 -1
796 3097 -1
1111 3097 -1
426 1261 -1
426 2008 -1
426 459 -1
426 2877 -1
1705 1707 -1
1705 2146 -1
1705 2675 -1
1618 1705 -1
130 1705 -1
1875 2523 -1
912 1875 -1
1875 2665 -1
1875 3789 -1
2294 3070 -1
3070 3283 -1
1069 2294 -1
1368 2402 -1
1862 3567 -1
2381 3567 -1
1903 3567 -1
1835 1862 -1
1862 3067 -1
1132 1862 -1
1862 2222 -1
155 1704 -1
1113 1704 -1
803 1704 -1
52 155 -1
155 1747 -1
155 2212 -1
155 1525 -1
1333 2756 -1
324 1333 -1
362 3340 -1
1725 2862 -1
229 3052 -1
305 3052 -1
1666 3052 -1
229 1953 -1
1409 2973 -1
2218 2973 -1
1539 2973 -1
1218 2973 -1
1486 3594 -1
1486 3338 -1
1486 2303 -1
905 1277 -1
1040 1277 -1
410 1277 -1
347 1277 -1
2963 3284 -1
1625 3799 -1
2120 3590 -1
998 3590 -1
3167 3590 -1
2111 3350 -1
2409 2639 -1
2639 3672 -1
1719 2639 -1
86 190 -1
2886 3625 -1
3470 3625 -1
1447 3625 -1
260 2886 -1
2886 3237 -1
1166 1445 -1
1354 1445 -1
1166 3128 -1
1166 1943 -1
943 1166 -1
341 1689 -1
1689 2776 -1
1689 2248 -1
1689 2772 -1
611 633 -1
633 3457 -1
633 2914 -1
547 633 -1
633 1449 -1
153 633 -1
633 2747 -1
508 633 -1
155 180 -1
180 1113 -1
180 803 -1
424 2595 -1
2116 2595 -1
2494 2595 -1
643 1535 -1
1200 1535 -1
1535 3101 -1
643 2545 -1
2179 3427 -1
3009 3771 -1
178 2269 -1
1729 1936 -1
1729 3450 -1
1729 3469 -1
1729 2654 -1
318 3424 -1
318 992 -1
1166 1483 -1
1354 1483 -1
1166 3216 -1
3097 3505 -1
1146 3097 -1
112 351 -1
1807 2108 -1
919 1386 -1
1386 3758 -1
447 3378 -1
1082 3378 -1
447 3525 -1
677 1792 -1
1660 1803 -1
1734 3518 -1
415 3097 -1
336 859 -1
859 1697 -1
859 1549 -1
336 3700 -1
336 1220 -1
1930 3714 -1
1329 3714 -1
706 3714 -1
1836 3714 -1
830 3714 -1
1930 2434 -1
1930 2322 -1
1930 3678 -1
276 2380 -1
276 1609 -1
3 118 -1
118 3767 -1
3 2841 -1
3 1446 -1
857 1261 -1
1261 3290 -1
857 2008 -1
459 857 -1
857 2877 -1
2217 3264 -1
2817 3264 -1
2477 2831 -1
613 675 -1
613 1617 -1
613 1164 -1
75 1376 -1
75 3603 -1
2909 3235 -1
2805 2909 -1
693 2909 -1
2910 3174 -1
1361 3174 -1
1165 1678 -1
4 185 -1
185 971 -1
185 1708 -1
185 535 -1
4 108 -1
4 1718 -1
2518 2796 -1
2796 2992 -1
1742 2796 -1
610 1534 -1
610 3764 -1
857 2973 -1
2973 3290 -1
639 648 -1
47 1796 -1
869 1617 -1
675 869 -1
869 1164 -1
3542 3814 -1
3329 3542 -1
1515 3542 -1
3118 3542 -1
2995 3025 -1
2364 3452 -1
278 2995 -1
1701 2731 -1
460 1701 -1
949 1701 -1
1701 1911 -1
2116 3554 -1
424 3554 -1
2473 3554 -1
3068 3554 -1
2494 3554 -1
2116 2293 -1
327 2093 -1
2093 3445 -1
2093 2271 -1
1800 2402 -1
1034 2402 -1
519 2402 -1
3 258 -1
258 3767 -1
3 2767 -1
1119 3771 -1
3585 3771 -1
607 3771 -1
53 1414 -1
1646 3231 -1
944 1646 -1
1646 2216 -1
1646 3019 -1
1646 3153 -1
348 2398 -1
348 2249 -1
348 892 -1
348 574 -1
214 2066 -1
229 1958 -1
305 1958 -1
1666 1958 -1
229 3189 -1
3433 3548 -1
2905 3433 -1
465 2156 -1
1557 2156 -1
2067 2373 -1
1977 2067 -1
1026 2404 -1
1026 1848 -1
1958 2056 -1
2056 3189 -1
1307 1798 -1
1248 1798 -1
1798 2844 -1
132 1798 -1
79 1798 -1
1307 2005 -1
1307 3623 -1
2929 3774 -1
2929 3060 -1
3226 3231 -1
944 3226 -1
2216 3226 -1
3019 3226 -1
3153 3226 -1
2776 2778 -1
2248 2778 -1
2772 2778 -1
341 2778 -1
595 2776 -1
599 3474 -1
2645 3474 -1
868 2564 -1
1544 2564 -1
1629 3182 -1
1629 1698 -1
1180 1629 -1
405 1132 -1
453 1132 -1
405 3067 -1
405 2222 -1
405 3567 -1
911 3567 -1
911 1835 -1
911 3067 -1
911 1132 -1
911 2222 -1
405 1325 -1
453 1325 -1
405 1208 -1
405 1046 -1
357 1739 -1
1225 1739 -1
11 1739 -1
1739 2060 -1
1739 3055 -1
1739 3543 -1
1739 3709 -1
990 1739 -1
617 3735 -1
1817 3735 -1
355 1389 -1
155 2495 -1
1113 2495 -1
803 2495 -1
714 1372 -1
953 1372 -1
1372 3666 -1
1467 3735 -1
1660 3060 -1
1660 3774 -1
1277 2249 -1
892 1277 -1
1277 2398 -1
574 1277 -1
1111 2067 -1
1883 2067 -1
796 2067 -1
2067 2151 -1
597 1247 -1
211 1247 -1
1247 1475 -1
136 474 -1
474 510 -1
136 3632 -1
136 1379 -1
136 1060 -1
21 1965 -1
21 1330 -1
21 1995 -1
21 1287 -1
1084 2886 -1
1084 3470 -1
1084 1447 -1
2184 3334 -1
994 2184 -1
2525 3799 -1
645 1046 -1
645 1208 -1
645 1325 -1
2333 2676 -1
2383 3175 -1
1010 3542 -1
2624 3523 -1
340 1319 -1
1319 1844 -1
1452 1716 -1
39 3779 -1
39 277 -1
1671 1767 -1
1532 1671 -1
1671 2173 -1
212 1969 -1
212 3651 -1
964 1165 -1
1810 3226 -1
809 3226 -1
638 3226 -1
3088 3478 -1
838 3357 -1
3276 3357 -1
3357 3501 -1
707 838 -1
958 2616 -1
2270 2803 -1
1087 2378 -1
937 2378 -1
1546 2378 -1
1356 2378 -1
50 628 -1
50 2187 -1
16 112 -1
112 3752 -1
112 2760 -1
112 875 -1
112 3309 -1
112 495 -1
2859 3132 -1
2859 3137 -1
947 1414 -1
545 1414 -1
1665 3334 -1
3334 3706 -1
797 3334 -1
2023 3334 -1
994 1665 -1
1830 1848 -1
697 1848 -1
1848 2427 -1
1556 1848 -1
1848 3734 -1
446 1848 -1
1830 2404 -1
1813 3814 -1
2124 3814 -1
2406 3814 -1
463 3814 -1
1813 3329 -1
1515 1813 -1
1813 3118 -1
258 914 -1
914 2767 -1
93 911 -1
44 911 -1
858 911 -1
911 1468 -1
364 911 -1
11 936 -1
357 936 -1
936 1225 -1
936 2060 -1
936 3055 -1
936 3543 -1
936 3709 -1
936 990 -1
476 3334 -1
1357 3334 -1
718 3334 -1
476 994 -1
1588 1792 -1
1529 1660 -1
1660 2016 -1
1942 1956 -1
3385 3674 -1
2818 3469 -1
1411 3469 -1
2948 3469 -1
940 3469 -1
3244 3469 -1
3149 3469 -1
2734 3469 -1
3185 3469 -1
2683 3469 -1
1936 2818 -1
2818 3450 -1
2654 2818 -1
361 1401 -1
3203 3645 -1
498 3645 -1
1926 3645 -1
776 3203 -1
1298 3203 -1
1202 2909 -1
34 57 -1
2071 3004 -1
247 3004 -1
846 2071 -1
247 846 -1
868 3395 -1
1544 3395 -1
868 920 -1
1760 3135 -1
1760 2082 -1
991 2396 -1
659 2396 -1
2396 2694 -1
318 2563 -1
318 2078 -1
185 1475 -1
108 1475 -1
1475 1718 -1
185 211 -1
185 597 -1
3070 3326 -1
1069 3326 -1
890 1645 -1
890 2912 -1
890 2017 -1
1640 1958 -1
1640 3189 -1
1052 2766 -1
1869 3379 -1
1250 1708 -1
1708 3372 -1
4 1250 -1
535 1250 -1
332 357 -1
332 1225 -1
11 332 -1
332 2060 -1
332 3055 -1
332 3543 -1
332 3709 -1
332 990 -1
1255 2142 -1
1993 2142 -1
2142 2186 -1
140 2142 -1
2142 3161 -1
1084 1600 -1
1084 3361 -1
2831 3326 -1
379 2333 -1
2333 3684 -1
387 1207 -1
2779 2818 -1
1411 2779 -1
2779 2948 -1
940 2779 -1
2779 3244 -1
2779 3149 -1
2734 2779 -1
2779 3185 -1
2683 2779 -1
139 1810 -1
1810 2600 -1
96 1810 -1
1531 1810 -1
139 809 -1
139 638 -1
2483 3590 -1
244 1032 -1
244 3114 -1
833 1630 -1
1630 1680 -1
1059 1630 -1
1630 3812 -1
1453 1630 -1
1630 2687 -1
1965 2884 -1
1330 2884 -1
1995 2884 -1
1287 2884 -1
49 2895 -1
2895 3693 -1
19 2056 -1
1671 2957 -1
233 1671 -1
1050 1671 -1
1506 1671 -1
1671 2726 -1
1671 2215 -1
1416 1904 -1
1906 2815 -1
964 2466 -1
2051 2108 -1
1409 2333 -1
2218 2333 -1
1539 2333 -1
1218 2333 -1
2576 2776 -1
2248 2576 -1
2576 2772 -1
341 2576 -1
1566 2576 -1
2576 2794 -1
1582 2576 -1
511 3498 -1
511 2761 -1
2480 3376 -1
410 1206 -1
1040 1206 -1
905 1206 -1
347 1206 -1
410 2530 -1
410 959 -1
1446 3806 -1
2841 3806 -1
1750 3806 -1
118 3806 -1
1446 2488 -1
3060 3548 -1
3548 3774 -1
2905 3060 -1
1954 2619 -1
1841 2619 -1
2167 2619 -1
354 1253 -1
653 868 -1
868 2898 -1
653 1544 -1
159 3598 -1
105 3598 -1
2419 3598 -1
12 914 -1
588 1705 -1
1452 2980 -1
960 1452 -1
1452 1555 -1
1452 3228 -1
1452 3701 -1
1452 1886 -1
524 2231 -1
524 2088 -1
524 728 -1
524 3770 -1
524 1340 -1
524 2577 -1
1206 3799 -1
2530 3799 -1
959 3799 -1
676 2484 -1
318 3768 -1
318 690 -1
2409 3009 -1
3009 3672 -1
1719 3009 -1
425 426 -1
426 3036 -1
1184 1300 -1
1796 1967 -1
227 1796 -1
1884 2998 -1
2998 3278 -1
434 2998 -1
1591 2998 -1
1720 2998 -1
2138 2998 -1
2079 2998 -1
1884 2503 -1
2634 3117 -1
1611 3117 -1
182 1226 -1
182 2996 -1
1483 3447 -1
3216 3447 -1
2630 3535 -1
2073 3535 -1
754 3535 -1
1394 1890 -1
1319 3523 -1
6 3335 -1
1414 2266 -1
2157 2184 -1
833 2514 -1
1680 2514 -1
1059 2514 -1
2514 3812 -1
1453 2514 -1
2514 2687 -1
357 364 -1
364 1225 -1
11 364 -1
364 2060 -1
364 3055 -1
364 3543 -1
364 3709 -1
364 990 -1
357 1468 -1
357 858 -1
44 357 -1
93 357 -1
2273 2934 -1
837 3611 -1
752 2175 -1
1486 1729 -1
1646 2818 -1
1411 1646 -1
1646 2948 -1
940 1646 -1
1646 3244 -1
1646 3149 -1
1646 2734 -1
1646 3185 -1
1646 2683 -1
1588 1810 -1
809 1588 -1
638 1588 -1
1108 1483 -1
1108 3216 -1
1028 2338 -1
175 2758 -1
175 3817 -1
175 2324 -1
175 2102 -1
833 2354 -1
1680 2354 -1
1059 2354 -1
2354 3812 -1
1453 2354 -1
2354 2687 -1
1123 2665 -1
2304 2665 -1
912 1123 -1
1123 2523 -1
1123 3789 -1
943 2077 -1
2077 3128 -1
2077 2552 -1
2077 2527 -1
1445 2077 -1
1943 2077 -1
668 3198 -1
2336 3198 -1
265 3198 -1
1980 3198 -1
2950 3198 -1
751 3198 -1
3 2056 -1
2056 3767 -1
318 1157 -1
1303 2205 -1
321 1739 -1
601 1739 -1
955 1739 -1
1796 3005 -1
497 1796 -1
177 3066 -1
3066 3512 -1
1254 3315 -1
3055 3186 -1
11 3186 -1
357 3186 -1
3186 3709 -1
990 3186 -1
3186 3543 -1
1129 2726 -1
233 1129 -1
1050 1129 -1
1129 1506 -1
1129 2957 -1
1129 2215 -1
759 1303 -1
1043 2099 -1
2597 2646 -1
199 2597 -1
715 1693 -1
787 3076 -1
3135 3753 -1
2082 3753 -1
3006 3135 -1
1798 1919 -1
1919 2005 -1
1919 3623 -1
1795 1798 -1
2281 3331 -1
2328 3331 -1
2203 3331 -1
2781 3331 -1
982 3331 -1
2184 3474 -1
1372 2525 -1
2105 2633 -1
3164 3191 -1
240 3191 -1
3191 3740 -1
327 696 -1
696 3445 -1
696 2271 -1
327 3169 -1
387 2525 -1
175 378 -1
3561 3735 -1
1104 2563 -1
109 2563 -1
1104 2078 -1
1779 2530 -1
1722 2530 -1
2530 3487 -1
1206 1779 -1
959 1779 -1
36 3786 -1
1188 2877 -1
2031 2877 -1
1188 2008 -1
459 1188 -1
1188 1261 -1
155 2687 -1
1113 2687 -1
803 2687 -1
155 1680 -1
155 833 -1
155 1059 -1
155 3812 -1
155 1453 -1
628 3172 -1
2187 3172 -1
3070 3465 -1
1069 3465 -1
366 3070 -1
321 2360 -1
601 2360 -1
955 2360 -1
321 2403 -1
1153 2332 -1
604 2332 -1
2118 2332 -1
1153 1442 -1
110 3033 -1
209 3033 -1
2342 3033 -1
3033 3647 -1
439 2225 -1
290 439 -1
439 2018 -1
880 3332 -1
1895 3332 -1
667 3332 -1
2947 3332 -1
1462 3332 -1
1887 3332 -1
880 1752 -1
880 2491 -1
155 664 -1
664 1113 -1
664 803 -1
342 2108 -1
2108 2468 -1
2108 3091 -1
1732 2108 -1
2108 2902 -1
2108 3215 -1
645 3211 -1
645 2631 -1
1786 3735 -1
3066 3219 -1
2329 3066 -1
1964 2895 -1
2895 3342 -1
457 3779 -1
3508 3779 -1
1148 3779 -1
277 457 -1
2542 3607 -1
3576 3607 -1
284 3607 -1
2455 3607 -1
2542 3388 -1
2542 3725 -1
1933 2542 -1
1908 2630 -1
1908 2073 -1
754 1908 -1
3302 3568 -1
2359 3656 -1
2359 3710 -1
1751 3577 -1
3249 3577 -1
42 3577 -1
412 3577 -1
3577 3621 -1
567 3577 -1
2969 3503 -1
18 2969 -1
180 2563 -1
180 2078 -1
118 360 -1
360 2841 -1
360 1446 -1
1822 2414 -1
3099 3182 -1
1698 3099 -1
1180 3099 -1
973 3331 -1
939 2231 -1
939 2088 -1
728 939 -1
939 3770 -1
939 1340 -1
939 2577 -1
1114 2139 -1
859 1174 -1
1174 3700 -1
1174 1220 -1
935 3337 -1
1928 3337 -1
3010 3337 -1
115 3337 -1
2946 3337 -1
935 2967 -1
741 2890 -1
3331 3686 -1
969 3331 -1
1653 3331 -1
1906 2679 -1
1643 1906 -1
38 1906 -1
29 47 -1
668 1310 -1
1310 2336 -1
265 1310 -1
1310 1980 -1
1310 2950 -1
751 1310 -1
1725 3296 -1
1145 1725 -1
375 1725 -1
91 3315 -1
1168 3559 -1
1168 3089 -1
826 1168 -1
698 1168 -1
1168 3438 -1
2563 3668 -1
2078 3668 -1
2420 3010 -1
1928 2420 -1
2420 2946 -1
115 2420 -1
935 2420 -1
93 3674 -1
44 3674 -1
858 3674 -1
1468 3674 -1
364 3674 -1
1660 2647 -1
927 1660 -1
99 628 -1
628 882 -1
99 2187 -1
929 3701 -1
929 1555 -1
929 2980 -1
896 3718 -1
2624 2778 -1
595 2624 -1
1751 3607 -1
3249 3607 -1
42 3607 -1
412 3607 -1
3607 3621 -1
567 3607 -1
1751 3388 -1
1751 3725 -1
1751 1933 -1
1387 2910 -1
1361 1387 -1
1104 3300 -1
109 3300 -1
1035 1104 -1
1104 2247 -1
1104 1687 -1
3300 3651 -1
1035 3651 -1
2247 3651 -1
1687 3651 -1
1969 3300 -1
676 3305 -1
2881 3116 -1
1688 3116 -1
2300 3116 -1
2276 2881 -1
190 940 -1
190 2529 -1
190 2818 -1
190 1411 -1
190 3244 -1
190 2734 -1
190 3185 -1
190 2683 -1
190 1275 -1
2779 3022 -1
964 2505 -1
348 2027 -1
949 2544 -1
2544 2731 -1
460 2544 -1
1911 2544 -1
1780 3427 -1
1608 3427 -1
780 2313 -1
2126 3297 -1
380 3570 -1
380 3377 -1
380 851 -1
783 2099 -1
2099 2663 -1
2959 2983 -1
2959 3258 -1
891 1722 -1
635 1722 -1
1722 3065 -1
1722 1931 -1
1722 1870 -1
1722 3751 -1
891 1779 -1
891 3487 -1
2002 2303 -1
2303 3743 -1
1375 2303 -1
2002 3338 -1
2002 3594 -1
1566 3603 -1
2794 3603 -1
1582 3603 -1
1376 1566 -1
1396 1862 -1
1396 2381 -1
1396 1903 -1
1681 2635 -1
2060 2885 -1
357 2885 -1
1225 2885 -1
11 2885 -1
2885 3543 -1
2885 3709 -1
990 2885 -1
2060 3170 -1
2060 2452 -1
222 2060 -1
270 2060 -1
1162 2273 -1
2563 3046 -1
2078 3046 -1
2255 2563 -1
3688 3701 -1
1555 3688 -1
2980 3688 -1
1119 1710 -1
1710 3585 -1
607 1710 -1
1119 3017 -1
1146 2139 -1
2139 3505 -1
93 3774 -1
44 3774 -1
858 3774 -1
1468 3774 -1
364 3774 -1
93 3060 -1
899 3690 -1
899 1887 -1
899 1895 -1
1516 2886 -1
1516 3470 -1
1447 1516 -1
44 2077 -1
364 2077 -1
858 2077 -1
1468 2077 -1
93 2077 -1
676 2976 -1
227 2963 -1
1967 2963 -1
293 385 -1
590 2436 -1
1339 3625 -1
2334 3625 -1
260 1339 -1
1339 3237 -1
425 2303 -1
2303 3036 -1
425 3338 -1
425 3594 -1
936 1414 -1
155 1357 -1
1113 1357 -1
803 1357 -1
155 476 -1
155 718 -1
1796 2892 -1
2225 3164 -1
290 3164 -1
2018 3164 -1
240 2225 -1
2225 3740 -1
3025 3714 -1
2434 3025 -1
2322 3025 -1
3025 3678 -1
110 869 -1
209 869 -1
869 2342 -1
869 3647 -1
