1332 3341 1
553 1944 1
15 1761 1
2104 3547 1
656 2979 1
1484 1685 1
1584 1584 1
423 3160 1
489 1066 1
124 2106 1
1356 2596 1
473 2613 1
737 1093 1
1805 2196 1
3352 3482 1
435 1674 1
1176 3721 1
604 3438 1
2730 3233 1
834 2033 1
2201 2368 1
1042 3363 1
2122 2580 1
743 1546 1
1332 3712 1
3341 3712 1
423 1718 1
1718 3160 1
1093 1944 1
737 1944 1
553 1093 1
289 2145 1
925 2291 1
26 1203 1
521 3389 1
743 1042 1
1042 1546 1
743 3363 1
1066 1151 1
489 1151 1
1593 2843 1
3123 3425 1
723 3456 1
2331 3519 1
619 1689 1
636 3254 1
883 2652 1
679 3171 1
876 2539 1
1192 2325 1
1648 1929 1
124 3618 1
2106 3618 1
834 3254 1
2033 3254 1
636 834 1
1864 3467 1
2065 2672 1
589 2145 1
289 589 1
15 1518 1
1518 1761 1
124 124 1
423 975 1
975 3160 1
975 1718 1
1905 2762 1
1080 3631 1
679 1014 1
1014 3171 1
1181 2145 1
289 1181 1
589 1181 1
2028 2634 1
490 1685 1
490 1484 1
1030 1274 1
734 2937 1
191 1363 1
358 1274 1
358 1030 1
975 1093 1
1093 3160 1
1093 1718 1
423 1093 1
737 975 1
553 975 1
975 1944 1
62 2707 1
223 565 1
1382 2103 1
1738 1849 1
72 2257 1
472 1718 1
472 3160 1
472 975 1
472 1093 1
423 472 1
490 3631 1
1484 3631 1
1685 3631 1
490 1080 1
1552 2974 1
841 1738 1
841 1849 1
2037 2762 1
1905 2037 1
1205 1805 1
1205 2196 1
1837 3014 1
1322 1951 1
1093 1127 1
737 1127 1
472 1127 1
423 1127 1
553 1127 1
975 1127 1
1127 3160 1
1127 1718 1
1127 1944 1
3456 3631 1
723 3631 1
490 3456 1
1484 3456 1
1685 3456 1
1080 3456 1
2724 2800 1
2191 3492 1
1584 1597 1
223 3595 1
565 3595 1
740 1030 1
740 1274 1
358 740 1
2019 3557 1
2165 2226 1
630 2190 1
72 3633 1
2257 3633 1
1512 2165 1
1512 2226 1
2609 3440 1
692 3509 1
1641 1917 1
643 1075 1
573 727 1
61 1638 1
307 3294 1
814 1118 1
3395 3763 1
1122 3469 1
180 1357 1
2088 3665 1
1340 3496 1
2703 3055 1
2768 2941 1
1704 1927 1
362 1747 1
653 2088 1
653 3665 1
1052 2542 1
928 2880 1
1323 3375 1
1075 1198 1
643 1198 1
702 2973 1
745 3395 1
745 3763 1
745 1927 1
1927 3395 1
1927 3763 1
745 1704 1
61 677 1
677 1638 1
2941 3036 1
2768 3036 1
762 2455 1
2158 2159 1
1204 1261 1
483 778 1
2052 3731 1
918 1261 1
918 1204 1
799 1868 1
476 2367 1
2476 3314 1
1340 1984 1
1984 3496 1
543 2808 1
2645 3032 1
998 1638 1
61 998 1
677 998 1
1360 2577 1
2159 2871 1
2158 2871 1
563 2455 1
563 762 1
1152 2270 1
1267 2945 1
573 628 1
628 727 1
677 3249 1
998 3249 1
61 3249 1
1638 3249 1
250 3278 1
69 3028 1
778 2309 1
483 2309 1
2126 2824 1
816 3710 1
1199 3372 1
1478 1793 1
91 3496 1
91 1984 1
91 1340 1
2516 2592 1
321 2796 1
601 840 1
463 1704 1
463 745 1
463 1927 1
1381 1641 1
1381 1917 1
1480 1595 1
2802 2976 1
567 2751 1
412 1098 1
357 686 1
3578 3770 1
1602 2976 1
1602 2802 1
491 2987 1
3676 3682 1
550 664 1
601 3782 1
840 3782 1
1282 3731 1
1282 2052 1
452 1861 1
653 3109 1
2088 3109 1
3109 3665 1
643 3741 1
1075 3741 1
1198 3741 1
760 955 1
1793 3710 1
1478 3710 1
816 1793 1
3225 3386 1
357 2187 1
686 2187 1
1381 2592 1
1641 2592 1
1917 2592 1
1381 2516 1
1104 1137 1
1631 2256 1
1075 2351 1
643 2351 1
2351 3741 1
1198 2351 1
150 1098 1
150 412 1
2973 3101 1
702 3101 1
1075 2663 1
643 2663 1
2663 3741 1
1198 2663 1
2351 2663 1
713 1122 1
713 3469 1
2608 3243 1
24 612 1
1736 2388 1
1937 2008 1
2060 3556 1
783 1898 1
612 3709 1
24 3709 1
452 3406 1
1861 3406 1
2212 2544 1
907 3606 1
543 2406 1
2406 2808 1
316 810 1
172 3398 1
1002 3145 1
2467 3624 1
736 2285 1
2745 3054 1
461 524 1
1215 2793 1
63 66 1
575 3713 1
960 2914 1
1420 3016 1
2658 3292 1
571 1420 1
571 3016 1
2141 2161 1
2508 3771 1
1679 1763 1
608 1241 1
1876 1906 1
1959 3162 1
1642 3265 1
2545 3720 1
960 3336 1
2914 3336 1
1268 2315 1
1790 3336 1
960 1790 1
1790 2914 1
771 1404 1
2356 3232 1
1006 3624 1
1006 2467 1
140 1031 1
881 1136 1
2318 2492 1
524 3256 1
461 3256 1
1482 1769 1
164 3493 1
1790 2189 1
2189 3336 1
960 2189 1
2189 2914 1
99 575 1
99 3713 1
2846 3609 1
1961 2131 1
163 755 1
1056 3591 1
1731 2848 1
2413 2606 1
704 1139 1
846 2238 1
153 2999 1
2315 2980 1
1268 2980 1
962 3139 1
1110 3667 1
1814 3608 1
1139 3391 1
704 3391 1
1092 3265 1
1092 1642 1
627 1197 1
1215 1679 1
1679 2793 1
1215 1763 1
1290 1790 1
1290 3336 1
960 1290 1
1290 2914 1
1290 2189 1
709 2822 1
1031 2822 1
140 2822 1
709 1031 1
881 1219 1
1136 1219 1
715 2072 1
125 3347 1
2141 2255 1
2161 2255 1
704 1001 1
1001 1139 1
1001 3391 1
2053 2745 1
2053 3054 1
64 765 1
2193 2719 1
939 2835 1
2474 3145 1
1002 2474 1
2606 3550 1
2413 3550 1
125 2072 1
2072 3347 1
125 715 1
2166 3711 1
2570 3592 1
3609 3609 1
64 1686 1
765 1686 1
962 3043 1
3043 3139 1
1201 3223 1
2254 2272 1
1136 3617 1
881 3617 1
1219 3617 1
882 2262 1
571 1961 1
1961 3016 1
1420 1961 1
571 2131 1
2658 2980 1
2980 3292 1
2315 2658 1
1268 2658 1
504 3292 1
504 2658 1
504 2980 1
2615 2893 1
884 1002 1
884 3145 1
884 2474 1
2254 3443 1
2272 3443 1
810 2189 1
316 2189 1
810 960 1
810 2914 1
810 3336 1
810 1290 1
810 1790 1
444 2444 1
810 1563 1
960 1563 1
1563 2914 1
1563 3336 1
1290 1563 1
1563 2189 1
316 1563 1
1563 1790 1
82 1608 1
1196 3501 1
1384 1476 1
2661 3024 1
3555 3700 1
1185 1372 1
2977 3478 1
1717 3024 1
1717 2661 1
1180 2086 1
579 2086 1
579 1180 1
650 3495 1
82 752 1
752 1608 1
157 767 1
859 3495 1
650 859 1
1160 3495 1
650 1160 1
859 1160 1
719 3283 1
1349 3688 1
1317 1559 1
1608 1755 1
752 1755 1
82 1755 1
1698 3126 1
1106 3378 1
3555 3816 1
3700 3816 1
2112 2670 1
3255 3280 1
1433 2338 1
534 757 1
378 2353 1
47 3499 1
1946 2050 1
1499 3378 1
1106 1499 1
2361 2578 1
2458 3126 1
1698 2458 1
3209 3478 1
2977 3209 1
2217 2499 1
598 3569 1
3420 3489 1
586 2112 1
586 2670 1
157 3403 1
767 3403 1
2012 3383 1
322 2930 1
1050 2409 1
2938 2978 1
1548 2480 1
2726 3639 1
1817 1869 1
73 2456 1
598 2854 1
2854 3569 1
2264 3098 1
584 2861 1
462 2375 1
1134 3804 1
332 2915 1
468 3126 1
468 1698 1
468 2458 1
2360 2520 1
1717 1755 1
1755 3024 1
1755 2661 1
1608 1717 1
752 1717 1
82 1717 1
2215 2887 1
2660 2902 1
436 1639 1
80 468 1
80 1698 1
80 2458 1
80 3126 1
1625 3024 1
1625 1755 1
1625 2661 1
1625 1717 1
233 845 1
1032 1220 1
503 2578 1
503 2361 1
2026 3340 1
1820 2338 1
1433 1820 1
3091 3143 1
859 1557 1
1160 1557 1
650 1557 1
1557 3495 1
302 2360 1
302 2520 1
1063 3555 1
1063 3816 1
1063 3700 1
3193 3478 1
2977 3193 1
3193 3209 1
1317 2887 1
1559 2887 1
1317 2215 1
530 3209 1
530 2977 1
530 3478 1
530 3193 1
2380 3211 1
640 1454 1
1639 3094 1
436 3094 1
1503 3451 1
82 1548 1
1548 1608 1
752 1548 1
1548 1755 1
1548 1717 1
82 2480 1
2259 2468 1
224 767 1
224 3403 1
157 224 1
3366 3499 1
47 3366 1
1879 2721 1
1458 3546 1
247 1609 1
584 2245 1
2245 2861 1
1576 2409 1
1050 1576 1
2077 3688 1
1349 2077 1
1350 2670 1
1350 2112 1
586 1350 1
1919 3201 1
3182 3263 1
2107 2170 1
1756 3674 1
19 1456 1
437 3767 1
759 2556 1
2035 3197 1
2073 2729 1
293 1680 1
3400 3658 1
856 1308 1
94 2993 1
3148 3761 1
1771 2148 1
1368 2665 1
270 1829 1
1976 3252 1
2493 2619 1
1453 2885 1
245 2757 1
256 343 1
386 2235 1
1811 2874 1
1903 2630 1
245 3135 1
2757 3135 1
116 3170 1
996 2697 1
341 2148 1
341 1771 1
759 1958 1
1958 2556 1
1764 3224 1
1221 1916 1
1147 2693 1
1942 2952 1
283 738 1
2082 3752 1
616 2296 1
2041 3813 1
669 2594 1
2280 3603 1
207 904 1
1000 2952 1
1000 1942 1
478 3537 1
775 3813 1
775 2041 1
160 2082 1
160 3752 1
828 1916 1
828 1221 1
3549 3641 1
1652 2693 1
1147 1652 1
1942 3189 1
2952 3189 1
1000 3189 1
356 1613 1
1614 2085 1
165 478 1
165 3537 1
754 2385 1
829 904 1
207 829 1
856 2085 1
1308 2085 1
856 1614 1
3050 3313 1
1133 2951 1
1765 1966 1
1523 3775 1
1764 2700 1
2700 3224 1
602 1308 1
602 856 1
602 2085 1
1270 2327 1
3113 3789 1
437 1543 1
1543 3767 1
222 2665 1
222 1368 1
1175 3797 1
1670 3116 1
339 341 1
339 1771 1
339 2148 1
911 3033 1
1971 2630 1
1903 1971 1
1012 1025 1
2573 3767 1
437 2573 1
1543 2573 1
1517 2553 1
775 1660 1
1660 2041 1
1660 3813 1
685 1765 1
685 1966 1
3224 3441 1
2700 3441 1
1764 3441 1
1269 2181 1
1038 2311 1
1038 2452 1
2311 2452 1
1652 2440 1
1147 2440 1
2440 2693 1
1057 2035 1
1057 3197 1
1753 2714 1
1280 2780 1
467 1278 1
1670 2523 1
2523 3116 1
912 1903 1
912 1971 1
912 2630 1
308 2801 1
1425 1649 1
1757 3189 1
1757 2952 1
1000 1757 1
1757 1942 1
1041 3179 1
1682 2693 1
1682 2440 1
1147 1682 1
1652 1682 1
1765 3549 1
685 3549 1
1966 3549 1
1765 3641 1
661 912 1
661 1971 1
661 2630 1
661 1903 1
2276 2903 1
147 2700 1
147 3224 1
147 3441 1
147 1764 1
2885 3797 1
1453 3797 1
1175 2885 1
1442 2453 1
974 2387 1
1578 1621 1
520 3734 1
1836 2466 1
519 3010 1
554 2024 1
291 1662 1
237 3635 1
729 3661 1
729 3010 1
3010 3661 1
519 729 1
442 1373 1
830 2460 1
769 1149 1
580 3059 1
382 482 1
1206 1256 1
2451 2674 1
1428 3784 1
344 959 1
1286 3734 1
520 1286 1
184 1532 1
1301 2868 1
935 2505 1
179 1675 1
226 703 1
2139 2755 1
226 2888 1
703 2888 1
2530 2572 1
2000 2775 1
972 1253 1
1930 2623 1
3587 3611 1
175 2362 1
6 325 1
708 2330 1
1330 2024 1
554 1330 1
119 1020 1
797 3757 1
689 1149 1
689 769 1
645 3269 1
974 3598 1
2387 3598 1
588 2387 1
588 3598 1
588 974 1
972 1836 1
1253 1836 1
972 2466 1
1135 2225 1
1634 3271 1
1253 2116 1
1836 2116 1
972 2116 1
2759 2933 1
556 588 1
556 2387 1
556 974 1
556 3598 1
945 2373 1
1020 1656 1
119 1656 1
2551 3108 1
2669 3293 1
1034 1836 1
1034 2116 1
1034 2466 1
972 1034 1
1034 1253 1
152 2023 1
1369 3269 1
645 1369 1
119 291 1
291 1656 1
291 1020 1
119 1662 1
693 2105 1
972 2931 1
2466 2931 1
2116 2931 1
1253 2931 1
1034 2931 1
1836 2931 1
2462 3037 1
1309 3695 1
2982 3670 1
1195 3350 1
580 2926 1
2926 3059 1
1823 3604 1
554 3793 1
2024 3793 1
1330 3793 1
1556 2234 1
769 1833 1
689 1833 1
1149 1833 1
448 1767 1
131 2451 1
131 2674 1
1723 2981 1
2532 3629 1
226 2701 1
2701 2888 1
703 2701 1
2525 2852 1
697 1026 1
1627 2684 1
188 2561 1
1928 3108 1
1928 2551 1
237 3598 1
3598 3635 1
237 588 1
237 556 1
237 974 1
237 2387 1
3704 3788 1
768 1163 1
551 2656 1
6 1833 1
325 1833 1
6 769 1
6 1149 1
6 689 1
2708 3604 1
1823 2708 1
2183 2746 1
2058 2530 1
2058 2572 1
551 3312 1
2656 3312 1
288 554 1
288 2024 1
288 3793 1
288 1330 1
1692 1950 1
299 1852 1
211 3500 1
3321 3500 1
211 3321 1
365 3141 1
2430 2643 1
2736 3421 1
853 2038 1
2540 3270 1
1432 2855 1
2582 3703 1
1124 2517 1
2694 2919 1
2514 2741 1
596 2147 1
1991 2919 1
1991 2694 1
1538 2140 1
98 148 1
2590 3006 1
415 2912 1
1538 2934 1
2140 2934 1
2415 3514 1
2628 2901 1
2821 2842 1
578 3455 1
1536 3459 1
535 2643 1
535 2430 1
430 3277 1
2618 2622 1
440 1712 1
2354 3732 1
526 1630 1
1085 3514 1
1085 2415 1
732 1681 1
1105 1672 1
606 2738 1
2115 2435 1
4 2430 1
4 2643 1
4 535 1
2080 2420 1
867 2263 1
558 3626 1
555 1672 1
555 1105 1
823 2821 1
823 2842 1
146 3736 1
526 1676 1
1630 1676 1
2435 3083 1
2115 3083 1
984 3584 1
2942 3654 1
1114 2970 1
326 1708 1
1996 3505 1
590 3691 1
213 2628 1
213 2901 1
3584 3626 1
984 3626 1
558 3584 1
3041 3459 1
1536 3041 1
578 3262 1
3262 3455 1
3657 3820 1
1105 2964 1
1672 2964 1
555 2964 1
794 3030 1
811 2092 1
1572 2017 1
2061 3479 1
670 3597 1
984 2447 1
2447 3584 1
2447 3626 1
987 2984 1
2370 3029 1
1426 3716 1
794 2736 1
2736 3030 1
794 3421 1
1426 2968 1
2968 3716 1
1521 3289 1
2061 2742 1
2742 3479 1
2789 3500 1
2789 3321 1
211 2789 1
3095 3374 1
1521 2514 1
2514 3289 1
1521 2741 1
334 1711 1
2857 3394 1
493 2741 1
493 1521 1
493 2514 1
1681 2857 1
732 2857 1
1681 3394 1
1047 3736 1
146 1047 1
1935 2738 1
606 1935 1
2038 2738 1
853 2738 1
606 2038 1
1935 2038 1
1426 2357 1
2357 2968 1
2357 3716 1
1501 1706 1
1941 2921 1
578 2921 1
2921 3262 1
2921 3455 1
578 1941 1
2628 2842 1
2842 2901 1
213 2842 1
2628 2821 1
823 2628 1
2549 3102 1
143 3486 1
515 1432 1
515 2855 1
166 3421 1
166 2736 1
166 794 1
923 1346 1
3095 3239 1
3239 3374 1
2919 3030 1
2694 3030 1
1991 3030 1
2736 2919 1
794 2919 1
101 2528 1
1353 1542 1
1019 3183 1
808 1187 1
735 3106 1
1421 2386 1
1870 2424 1
145 2662 1
2337 2454 1
422 646 1
20 1542 1
20 1353 1
1524 1596 1
1502 1683 1
564 2236 1
231 982 1
889 3794 1
2621 3586 1
694 3780 1
3140 3156 1
1502 2281 1
1683 2281 1
2794 2813 1
1727 3311 1
2 413 1
413 1599 1
2 1599 1
1166 2304 1
2424 3768 1
1870 3768 1
294 2469 1
10 383 1
416 726 1
199 2715 1
1408 3780 1
694 1408 1
927 2402 1
1733 1818 1
1583 1596 1
1524 1583 1
123 2621 1
123 3586 1
720 1264 1
2565 2865 1
346 1870 1
346 2424 1
346 3768 1
263 2203 1
764 3298 1
1599 2457 1
2 2457 1
413 2457 1
460 891 1
696 2809 1
383 3402 1
10 3402 1
458 3295 1
297 3140 1
297 3156 1
199 202 1
202 2715 1
1055 1894 1
1397 2091 1
1457 3534 1
1911 3156 1
297 1911 1
1911 3140 1
548 1508 1
681 2559 1
1509 2555 1
1508 1900 1
548 1900 1
2320 2555 1
1509 2320 1
682 3065 1
1990 3686 1
773 3122 1
30 3768 1
30 2424 1
30 346 1
30 1870 1
2069 2836 1
32 447 1
2260 2992 1
895 1870 1
895 2424 1
895 3768 1
346 895 1
30 895 1
2410 2659 1
486 1953 1
2410 3140 1
2659 3140 1
297 2410 1
2410 3156 1
1911 2410 1
219 764 1
219 3298 1
231 2372 1
982 2372 1
866 3273 1
1392 3768 1
1392 1870 1
1392 2424 1
346 1392 1
30 1392 1
895 1392 1
1742 1803 1
683 2438 1
1312 3069 1
694 3410 1
1408 3410 1
3410 3780 1
176 2100 1
1474 2328 1
422 3106 1
646 3106 1
422 735 1
1385 3229 1
999 3266 1
10 1650 1
1650 3402 1
383 1650 1
485 2557 1
2410 3588 1
2659 3588 1
3140 3588 1
297 3588 1
3156 3588 1
1911 3588 1
2203 2559 1
263 2559 1
681 2203 1
458 3112 1
3112 3295 1
607 2715 1
202 607 1
199 607 1
2167 3257 1
1871 2954 1
206 2123 1
422 1385 1
1385 3106 1
646 1385 1
735 1385 1
422 3229 1
2438 3454 1
683 3454 1
1575 1980 1
136 3353 1
232 2233 1
227 2950 1
1058 3017 1
2563 3168 1
1044 1601 1
1741 2734 1
29 2346 1
1048 1450 1
265 813 1
1138 1981 1
751 1240 1
3284 3449 1
86 3705 1
1298 2804 1
1601 2892 1
1044 2892 1
1522 2515 1
1411 2818 1
1150 1271 1
2022 2359 1
155 3300 1
638 2913 1
1298 3684 1
2804 3684 1
2282 3231 1
836 1528 1
1571 3693 1
836 3515 1
1528 3515 1
2860 3463 1
676 3382 1
1366 3060 1
1240 3705 1
751 3705 1
86 1240 1
557 3689 1
2603 2892 1
1601 2603 1
1044 2603 1
1979 2950 1
227 1979 1
2950 3570 1
227 3570 1
1979 3570 1
850 2110 1
1155 2948 1
2713 3778 1
68 3571 1
9 3715 1
2754 2803 1
427 2699 1
9 3645 1
3645 3715 1
2436 2686 1
712 3638 1
279 1815 1
629 1908 1
2633 3526 1
420 3104 1
2948 3705 1
1155 3705 1
1240 2948 1
86 2948 1
751 2948 1
2282 3675 1
3231 3675 1
1007 1138 1
1007 1981 1
938 1081 1
2376 3153 1
29 1262 1
1262 2346 1
3675 3786 1
2282 3786 1
3231 3786 1
1589 2216 1
2001 3432 1
1218 2110 1
850 1218 1
1228 1522 1
1228 2515 1
68 1671 1
1671 3571 1
1933 3017 1
1058 1933 1
429 1575 1
429 1980 1
1291 3468 1
2228 2412 1
68 2515 1
2515 3571 1
1671 2515 1
68 1522 1
68 1228 1
1528 3284 1
3284 3515 1
836 3284 1
1528 3449 1
3042 3315 1
3422 3602 1
1173 2045 1
29 3449 1
2346 3449 1
1262 3449 1
29 1528 1
29 3284 1
663 1086 1
232 2907 1
2233 2907 1
1528 1858 1
836 1858 1
1858 3284 1
1858 3449 1
1858 3515 1
29 1858 1
651 1011 1
836 2067 1
1528 2067 1
1858 2067 1
2067 3515 1
2067 3284 1
916 940 1
629 3342 1
1908 3342 1
651 1086 1
1011 1086 1
651 663 1
1291 1979 1
1979 3468 1
1291 3570 1
227 1291 1
1291 2950 1
227 2286 1
1291 2286 1
2286 3570 1
1979 2286 1
2286 2950 1
2220 3020 1
1703 2433 1
2175 2683 1
1288 1447 1
85 1011 1
85 651 1
85 1086 1
788 2027 1
730 1796 1
574 1923 1
673 1802 1
559 2744 1
1018 3023 1
498 1533 1
675 1018 1
675 3023 1
714 716 1
93 2434 1
837 2845 1
118 821 1
23 3357 1
449 1483 1
1260 1324 1
660 3815 1
1285 2395 1
118 2586 1
821 2586 1
1978 2163 1
1074 1714 1
201 1208 1
449 1417 1
1417 1483 1
1688 2881 1
2450 3817 1
1016 1403 1
314 2240 1
330 641 1
1468 3164 1
1963 3247 1
837 1237 1
1237 2845 1
1445 3067 1
1018 3773 1
675 3773 1
3023 3773 1
1667 3436 1
896 2358 1
2682 3815 1
660 2682 1
512 1570 1
137 1107 1
1435 1445 1
1435 3067 1
2487 2585 1
1808 2716 1
953 3800 1
114 943 1
2408 3498 1
1285 3458 1
2395 3458 1
858 3650 1
1229 2498 1
44 209 1
1468 1688 1
1688 3164 1
1468 2881 1
1739 2576 1
2313 2408 1
2313 3498 1
209 2689 1
44 2689 1
1427 1690 1
2321 3530 1
3081 3818 1
1926 3512 1
391 2928 1
1107 3815 1
137 3815 1
1107 2682 1
660 1107 1
995 2491 1
1017 2229 1
574 3128 1
1923 3128 1
1446 2163 1
1446 1978 1
2295 3817 1
2295 2450 1
1374 1655 1
209 304 1
304 2689 1
44 304 1
12 3023 1
12 1018 1
12 675 1
12 3773 1
542 1666 1
989 1693 1
1693 2761 1
989 2761 1
1040 1606 1
1606 3714 1
1040 3714 1
1684 3379 1
1237 2956 1
837 2956 1
2845 2956 1
1821 3087 1
2334 3431 1
2716 3666 1
1808 3666 1
943 2997 1
114 2997 1
3779 3799 1
1821 2382 1
2382 3087 1
1989 2552 1
93 591 1
591 2434 1
77 624 1
637 1208 1
201 637 1
788 2604 1
2027 2604 1
23 1688 1
1688 3357 1
23 3164 1
23 2881 1
23 1468 1
347 494 1
1342 1722 1
3512 3714 1
1926 3714 1
1040 3512 1
1606 3512 1
12 781 1
781 1018 1
675 781 1
781 3773 1
781 3023 1
229 3188 1
2101 2229 1
1017 2101 1
305 2526 1
600 1378 1
512 2378 1
1570 2378 1
1040 1396 1
1396 3512 1
1396 3714 1
1396 1606 1
1878 2959 1
1365 3659 1
3659 3659 1
1365 1365 1
2026 2277 1
2277 3340 1
2277 2277 1
2026 2026 1
2510 3308 1
3308 3308 1
2510 2510 1
1749 3312 1
3312 3312 1
1749 2656 1
1749 1749 1
551 1749 1
2391 3720 1
3720 3720 1
2391 2545 1
2391 2391 1
496 1908 1
1908 1908 1
496 496 1
496 629 1
496 3342 1
200 1526 1
1526 1526 1
200 200 1
752 3752 1
1608 3752 1
1548 3752 1
3752 3752 1
82 3752 1
1717 3752 1
1755 3752 1
160 752 1
752 2082 1
752 752 1
1168 3037 1
3037 3037 1
1168 1168 1
1168 2462 1
1630 1776 1
1776 1776 1
1676 1776 1
526 1776 1
1630 1630 1
1713 2160 1
2160 2160 1
1713 1713 1
121 3230 1
3230 3230 1
121 121 1
1171 3256 1
3256 3256 1
1171 1171 1
524 1171 1
461 1171 1
1469 2784 1
2784 2784 1
1469 1469 1
247 825 1
825 1609 1
825 825 1
247 247 1
2980 3463 1
2658 3463 1
3463 3463 1
2315 3463 1
1268 3463 1
504 3463 1
3292 3463 1
2980 2980 1
2860 2980 1
31 2802 1
2802 2802 1
31 2976 1
31 1602 1
31 31 1
1160 1311 1
1311 1311 1
650 1311 1
859 1311 1
1311 1557 1
1311 3495 1
1160 1160 1
37 870 1
870 870 1
37 37 1
1267 2907 1
2907 2945 1
2907 2907 1
232 1267 1
1267 2233 1
1267 1267 1
2504 2644 1
2644 2644 1
2504 2504 1
1795 2580 1
2580 2580 1
1795 2122 1
1795 1795 1
1523 1841 1
1841 1841 1
1841 3775 1
1523 1523 1
727 970 1
970 970 1
628 970 1
573 970 1
727 727 1
2233 2793 1
232 2793 1
2793 2793 1
2793 2907 1
1267 2793 1
1679 2233 1
2233 2233 1
1215 2233 1
2196 3659 1
1805 3659 1
1205 3659 1
2196 2196 1
1365 2196 1
578 2458 1
2458 2921 1
2458 2458 1
1941 2458 1
2458 3262 1
2458 3455 1
578 1698 1
578 578 1
80 578 1
468 578 1
578 3126 1
1158 2917 1
2917 2917 1
1158 1158 1
41 1967 1
1967 1967 1
41 41 1
262 1956 1
1956 1956 1
262 262 1
56 1248 1
1248 1248 1
56 56 1
694 1214 1
1214 1408 1
1214 3410 1
1214 3780 1
1214 1214 1
694 694 1
1049 3405 1
3405 3405 1
1049 1049 1
1548 2561 1
752 2561 1
2561 2561 1
1608 2561 1
2480 2561 1
2561 3752 1
82 2561 1
1717 2561 1
1755 2561 1
1548 1548 1
188 1548 1
1020 3703 1
1656 3703 1
3703 3703 1
291 3703 1
119 3703 1
1020 2582 1
1020 1020 1
753 924 1
924 924 1
753 753 1
2170 2751 1
2107 2751 1
2751 2751 1
2170 2170 1
567 2170 1
874 2520 1
2520 2520 1
874 2360 1
874 874 1
302 874 1
252 1777 1
1777 1777 1
252 252 1
770 1565 1
1565 1565 1
770 770 1
2596 3432 1
3432 3432 1
1356 3432 1
2001 2596 1
2596 2596 1
678 1424 1
1424 1424 1
678 678 1
2478 2899 1
2899 2899 1
2478 2478 1
356 2682 1
2682 2682 1
1613 2682 1
356 356 1
356 3815 1
356 1107 1
356 660 1
436 3155 1
3155 3155 1
3094 3155 1
1639 3155 1
436 436 1
3673 3697 1
3697 3697 1
3673 3673 1
3053 3740 1
3740 3740 1
3053 3053 1
1545 2070 1
2070 2070 1
1545 1545 1
998 2936 1
2936 2936 1
2936 3249 1
61 2936 1
1638 2936 1
677 2936 1
998 998 1
1529 3455 1
3455 3455 1
578 1529 1
1529 2921 1
1529 1529 1
1529 2458 1
1529 3262 1
784 1692 1
1692 1692 1
784 784 1
784 1950 1
2661 2928 1
2928 3024 1
1625 2928 1
1755 2928 1
1717 2928 1
2928 2928 1
2661 2661 1
391 2661 1
944 3054 1
3054 3054 1
944 944 1
944 2745 1
944 2053 1
1869 3782 1
1817 3782 1
3782 3782 1
840 1869 1
601 1869 1
1869 1869 1
775 2512 1
2512 2512 1
2041 2512 1
1660 2512 1
2512 3813 1
775 775 1
347 2380 1
2380 2380 1
494 2380 1
347 347 1
347 3211 1
1928 2529 1
2529 2529 1
2529 3108 1
2529 2551 1
1928 1928 1
302 2970 1
2360 2970 1
2520 2970 1
874 2970 1
2970 2970 1
302 302 1
302 1114 1
573 2318 1
970 2318 1
628 2318 1
2318 2318 1
727 2318 1
573 2492 1
573 573 1
2208 3697 1
2208 2208 1
2208 3673 1
185 2551 1
2551 2551 1
185 1928 1
185 2529 1
185 3108 1
185 185 1
792 3127 1
3127 3127 1
792 792 1
776 1294 1
1294 1294 1
776 776 1
966 2201 1
2201 2201 1
966 2368 1
966 966 1
1764 1913 1
1913 3224 1
1913 3441 1
147 1913 1
1913 2700 1
1913 1913 1
1764 1764 1
110 3007 1
3007 3007 1
110 110 1
840 980 1
601 980 1
980 980 1
980 1869 1
980 3782 1
840 840 1
185 369 1
369 2529 1
369 3108 1
369 1928 1
369 369 1
369 2551 1
221 2981 1
2981 2981 1
221 1723 1
221 221 1
2476 2503 1
2503 3314 1
2503 2503 1
2476 2476 1
90 2298 1
2298 2298 1
90 90 1
517 550 1
550 550 1
517 664 1
517 517 1
1581 2760 1
2760 2760 1
1581 1581 1
3544 3753 1
3753 3753 1
3544 3544 1
366 2829 1
2829 2829 1
366 366 1
2877 3454 1
3454 3454 1
683 2877 1
2877 2877 1
2438 2877 1
175 2618 1
2362 2618 1
2618 2618 1
175 2622 1
175 175 1
475 1794 1
1794 1794 1
475 475 1
966 2026 1
2026 2368 1
2026 2201 1
966 2277 1
966 3340 1
347 575 1
575 3211 1
575 2380 1
494 575 1
575 575 1
347 3713 1
99 347 1
16 1013 1
1013 1013 1
16 16 1
851 1750 1
1750 1750 1
851 851 1
973 2187 1
2187 2187 1
357 973 1
686 973 1
973 973 1
271 3315 1
3315 3315 1
271 3042 1
271 271 1
1110 2213 1
2213 3667 1
2213 2213 1
1110 1110 1
594 1884 1
1884 1884 1
594 594 1
1187 3354 1
808 3354 1
3354 3354 1
1187 1187 1
1047 1980 1
1980 3736 1
146 1980 1
1980 1980 1
1047 1575 1
429 1047 1
1047 1047 1
854 3138 1
3138 3138 1
854 854 1
407 2353 1
2353 2353 1
378 407 1
407 407 1
1135 1592 1
1592 1592 1
1592 2225 1
1135 1135 1
1483 1642 1
449 1642 1
1642 1642 1
1417 1642 1
1483 3265 1
1092 1483 1
1483 1483 1
906 2871 1
2871 2871 1
906 906 1
906 2158 1
906 2159 1
536 2223 1
2223 2223 1
536 536 1
3263 3771 1
3771 3771 1
3182 3771 1
2508 3263 1
3263 3263 1
2233 3783 1
3783 3783 1
232 3783 1
2793 3783 1
1679 3783 1
1267 3783 1
2907 3783 1
1215 3783 1
152 1684 1
1684 1684 1
1684 2023 1
152 152 1
152 3379 1
1479 2592 1
2592 2592 1
1381 1479 1
1479 1479 1
1479 1641 1
1479 2516 1
1479 1917 1
731 3031 1
3031 3031 1
731 731 1
1390 3581 1
3581 3581 1
1390 1390 1
2183 2608 1
2608 2608 1
2608 2746 1
2183 3243 1
2183 2183 1
121 2762 1
2762 2762 1
2762 3230 1
121 1905 1
121 2037 1
1603 2881 1
2881 2881 1
1603 1688 1
1603 1603 1
1468 1603 1
23 1603 1
67 2078 1
2078 2078 1
67 67 1
1680 2962 1
2962 2962 1
293 2962 1
1680 1680 1
716 1111 1
714 1111 1
1111 1111 1
716 716 1
1318 3124 1
3124 3124 1
1318 1318 1
1270 2569 1
2569 2569 1
2327 2569 1
1270 1270 1
1333 2786 1
2786 2786 1
1333 1333 1
3105 3614 1
3614 3614 1
3105 3105 1
937 942 1
942 942 1
937 937 1
2074 3316 1
3316 3316 1
2074 2074 1
377 1824 1
1824 1824 1
377 377 1
710 2893 1
2893 2893 1
710 710 1
710 2615 1
266 2862 1
2862 2862 1
266 266 1
649 1289 1
1289 1289 1
649 649 1
262 432 1
432 432 1
432 1956 1
3308 3481 1
3481 3481 1
2510 3481 1
240 446 1
446 446 1
240 240 1
265 547 1
547 547 1
547 813 1
265 265 1
1519 2028 1
2028 2028 1
1519 2634 1
1519 1519 1
82 3447 1
2480 3447 1
2561 3447 1
1608 3447 1
1548 3447 1
752 3447 1
3447 3752 1
1717 3447 1
3447 3447 1
1755 3447 1
82 82 1
942 1650 1
937 1650 1
1650 1650 1
10 942 1
942 3402 1
383 942 1
2183 2312 1
2312 2608 1
2312 2312 1
2312 2746 1
2312 3243 1
1617 1995 1
1995 1995 1
1617 1617 1
2623 3379 1
1930 3379 1
3379 3379 1
152 2623 1
1684 2623 1
2623 2623 1
1563 2770 1
960 2770 1
2770 2914 1
2770 3336 1
810 2770 1
2189 2770 1
2770 2770 1
316 2770 1
1290 2770 1
1790 2770 1
1563 1563 1
288 2689 1
2024 2689 1
2689 3793 1
554 2689 1
1330 2689 1
2689 2689 1
288 288 1
44 288 1
288 304 1
209 288 1
677 1765 1
1765 1765 1
998 1765 1
1638 1765 1
1765 3249 1
1765 2936 1
61 1765 1
677 685 1
677 1966 1
677 3641 1
677 3549 1
677 677 1
1751 3297 1
3297 3297 1
1751 1751 1
2209 3412 1
3412 3412 1
2209 2209 1
813 1828 1
265 1828 1
547 1828 1
1828 1828 1
813 813 1
698 2877 1
698 2438 1
698 698 1
683 698 1
698 3454 1
1232 2368 1
2368 2368 1
1232 1232 1
1232 2201 1
1232 2026 1
966 1232 1
1727 2259 1
2259 2259 1
2259 3311 1
1727 2468 1
1727 1727 1
844 3315 1
844 3042 1
844 844 1
271 844 1
1978 2168 1
2168 2168 1
2163 2168 1
1446 2168 1
1978 1978 1
671 2309 1
2309 2309 1
671 778 1
483 671 1
671 671 1
2063 2223 1
536 2063 1
2063 2063 1
65 3501 1
3501 3501 1
65 65 1
65 1196 1
1455 1482 1
1482 1482 1
1455 1769 1
1455 1455 1
995 3438 1
2491 3438 1
3438 3438 1
995 995 1
604 995 1
2655 3559 1
3559 3559 1
2655 2655 1
1193 2438 1
2438 2438 1
1193 1193 1
683 1193 1
698 1193 1
1193 2877 1
1193 3454 1
1049 3435 1
3435 3435 1
3405 3435 1
1098 2926 1
412 2926 1
2926 2926 1
150 2926 1
580 1098 1
1098 1098 1
1098 3059 1
90 734 1
734 2298 1
734 734 1
90 2937 1
2201 3150 1
2368 3150 1
966 3150 1
2026 3150 1
3150 3150 1
1232 3150 1
1370 3441 1
3441 3441 1
1370 1764 1
1370 2700 1
147 1370 1
1370 3224 1
1370 1913 1
1370 1370 1
1765 3177 1
1638 3177 1
998 3177 1
3177 3177 1
685 3177 1
1966 3177 1
61 3177 1
3177 3249 1
2936 3177 1
3177 3641 1
3177 3549 1
677 3177 1
1284 1952 1
1952 1952 1
1284 1284 1
1401 2520 1
874 1401 1
302 1401 1
1401 2360 1
1401 1401 1
1401 2970 1
77 1854 1
624 1854 1
1854 1854 1
77 77 1
1580 1707 1
1707 1707 1
1580 1580 1
1952 2623 1
1284 2623 1
1930 1952 1
1952 3379 1
1684 1952 1
152 1952 1
329 2383 1
2383 2383 1
329 329 1
716 2577 1
2577 2577 1
714 2577 1
1111 2577 1
716 1360 1
2994 3179 1
3179 3179 1
1041 2994 1
2994 2994 1
1083 2277 1
1083 2026 1
1083 1083 1
1083 3340 1
966 1083 1
2534 2775 1
2775 2775 1
2000 2534 1
2534 2534 1
1652 2068 1
2068 2440 1
1682 2068 1
1147 2068 1
2068 2068 1
2068 2693 1
1652 1652 1
2105 3681 1
3681 3681 1
693 3681 1
2105 2105 1
313 1331 1
1331 1331 1
313 313 1
2905 3357 1
3357 3357 1
1688 2905 1
2905 2905 1
23 2905 1
2400 2928 1
2400 2400 1
2400 2661 1
391 2400 1
2400 3024 1
1717 2400 1
1625 2400 1
1755 2400 1
3073 3670 1
3670 3670 1
3073 3073 1
2982 3073 1
2320 2500 1
2500 2555 1
2500 2500 1
1509 2500 1
2320 2320 1
2644 2853 1
2504 2853 1
2853 2853 1
1588 3635 1
3635 3635 1
1588 1588 1
237 1588 1
1588 3598 1
576 3821 1
3821 3821 1
576 576 1
1672 1983 1
1105 1983 1
555 1983 1
1983 2964 1
1983 1983 1
1672 1672 1
554 3153 1
288 3153 1
2689 3153 1
3153 3153 1
2024 3153 1
3153 3793 1
1330 3153 1
554 2376 1
554 554 1
1306 1651 1
1651 1651 1
1306 1306 1
467 2295 1
1278 2295 1
2295 2295 1
467 3817 1
467 2450 1
467 467 1
858 1219 1
1219 3650 1
1219 1219 1
858 3617 1
858 1136 1
858 881 1
858 858 1
121 1026 1
1026 1026 1
1026 2762 1
1026 1905 1
1026 2037 1
1026 3230 1
121 697 1
1054 1422 1
1422 1422 1
1054 1054 1
1408 1560 1
1560 1560 1
1560 3410 1
1560 3780 1
1214 1560 1
694 1560 1
1408 1408 1
1530 3192 1
3192 3192 1
1530 1530 1
585 1769 1
1769 1769 1
585 585 1
585 1482 1
585 1455 1
425 857 -1
1003 3735 -1
348 2767 -1
1792 2333 -1
1383 2116 -1
972 1383 -1
1034 1383 -1
1383 2931 -1
1383 1836 -1
1253 1383 -1
1365 1402 -1
1403 1461 -1
1016 1461 -1
2094 2756 -1
2496 3334 -1
859 2751 -1
1160 2751 -1
650 2751 -1
1557 2751 -1
2751 3495 -1
567 859 -1
1217 3097 -1
3306 3421 -1
2736 3306 -1
794 3306 -1
166 3306 -1
1374 2381 -1
1655 2381 -1
1427 3774 -1
1690 3774 -1
1729 2414 -1
300 3689 -1
300 557 -1
880 1821 -1
880 2382 -1
880 3087 -1
16 209 -1
16 304 -1
16 2689 -1
16 44 -1
1861 3590 -1
452 3590 -1
3406 3590 -1
2260 3378 -1
2992 3378 -1
1106 2260 -1
1499 2260 -1
2042 3774 -1
1195 3733 -1
3350 3733 -1
1234 2338 -1
1234 1433 -1
1234 1820 -1
648 2131 -1
648 1961 -1
571 648 -1
1178 2313 -1
1178 2408 -1
1178 3498 -1
149 1725 -1
371 1119 -1
622 3419 -1
1708 3159 -1
326 3159 -1
1206 1224 -1
1224 1256 -1
833 2740 -1
1958 2054 -1
2054 2556 -1
759 2054 -1
1348 1660 -1
1348 2041 -1
1348 3813 -1
775 1348 -1
788 2726 -1
2027 2726 -1
2604 2726 -1
788 3639 -1
1350 1412 -1
1412 2112 -1
586 1412 -1
1412 2670 -1
37 2684 -1
37 1627 -1
1714 3269 -1
1074 3269 -1
1369 1714 -1
645 1714 -1
141 2332 -1
355 1463 -1
1516 2688 -1
1229 2680 -1
2498 2680 -1
524 648 -1
648 3256 -1
461 648 -1
1460 2156 -1
444 601 -1
601 2444 -1
444 840 -1
444 3782 -1
293 3337 -1
1680 3337 -1
1172 2359 -1
1172 2022 -1
1379 3429 -1
2584 2737 -1
2896 3117 -1
1417 3718 -1
449 3718 -1
1483 3718 -1
1446 2093 -1
1978 2093 -1
2093 2163 -1
2273 2630 -1
912 2273 -1
1971 2273 -1
661 2273 -1
1903 2273 -1
1333 3173 -1
87 1960 -1
887 3656 -1
318 1123 -1
201 985 -1
985 1208 -1
637 985 -1
278 2995 -1
1446 3426 -1
1978 3426 -1
2163 3426 -1
849 3225 -1
849 3386 -1
2870 3120 -1
1751 3521 -1
1643 3774 -1
588 1714 -1
1714 2387 -1
556 1714 -1
974 1714 -1
1714 3598 -1
237 1714 -1
588 1074 -1
2881 3400 -1
1688 3400 -1
1468 3400 -1
23 3400 -1
2881 3658 -1
1958 3600 -1
2556 3600 -1
759 3600 -1
457 953 -1
457 3800 -1
2382 2981 -1
1821 2981 -1
2981 3087 -1
1723 2382 -1
150 917 -1
917 1098 -1
412 917 -1
868 3395 -1
745 868 -1
868 3763 -1
868 1927 -1
1166 1445 -1
1445 2304 -1
1166 3067 -1
1166 1435 -1
46 251 -1
348 1693 -1
348 2761 -1
348 989 -1
2404 3048 -1
1807 3517 -1
846 2071 -1
2071 2238 -1
366 2758 -1
660 1195 -1
1195 2682 -1
1107 1195 -1
1195 3815 -1
660 3350 -1
1773 3690 -1
868 3314 -1
868 2476 -1
1396 3052 -1
1040 3052 -1
3052 3512 -1
3052 3714 -1
1606 3052 -1
1362 3542 -1
838 3136 -1
1317 2597 -1
2597 2887 -1
2215 2597 -1
1559 2597 -1
947 1884 -1
786 3755 -1
388 1729 -1
2220 2409 -1
2409 3020 -1
1576 2220 -1
1050 2220 -1
1123 2665 -1
1123 1368 -1
222 1123 -1
296 522 -1
649 1207 -1
833 2232 -1
34 1800 -1
610 886 -1
600 3419 -1
1378 3419 -1
1621 3033 -1
1578 3033 -1
911 1621 -1
1247 2921 -1
578 1247 -1
1247 1941 -1
1247 3262 -1
1247 3455 -1
2467 3067 -1
3067 3624 -1
1006 3067 -1
1435 2467 -1
1445 2467 -1
39 216 -1
426 2367 -1
426 476 -1
1956 2167 -1
1956 3257 -1
1427 1453 -1
1453 1690 -1
1427 2885 -1
1427 3797 -1
615 967 -1
114 2729 -1
2729 2997 -1
943 2729 -1
114 2073 -1
3392 3518 -1
2205 3345 -1
326 1764 -1
1708 1764 -1
326 3224 -1
326 3441 -1
147 326 -1
326 2700 -1
1798 2458 -1
80 1798 -1
1698 1798 -1
468 1798 -1
1798 3126 -1
19 1943 -1
1456 1943 -1
3573 3735 -1
1403 1858 -1
1016 1858 -1
836 1403 -1
1403 2067 -1
1403 3284 -1
1403 1528 -1
1403 3449 -1
1403 3515 -1
29 1403 -1
2896 3137 -1
1960 1978 -1
1960 2163 -1
1446 1960 -1
21 2888 -1
21 226 -1
21 2701 -1
21 703 -1
859 3395 -1
1160 3395 -1
650 3395 -1
1557 3395 -1
3395 3495 -1
745 859 -1
859 3763 -1
859 1927 -1
929 2639 -1
362 3216 -1
1747 3216 -1
1545 2225 -1
1135 1545 -1
1511 3167 -1
2221 2973 -1
2221 3101 -1
702 2221 -1
426 1118 -1
426 814 -1
347 3036 -1
494 3036 -1
347 2768 -1
347 2941 -1
2784 2842 -1
213 2784 -1
2628 2784 -1
2784 2821 -1
2784 2901 -1
823 2784 -1
921 2067 -1
921 1528 -1
921 3284 -1
921 1858 -1
921 3515 -1
836 921 -1
180 1298 -1
1298 1357 -1
180 3684 -1
180 2804 -1
336 1607 -1
1843 2758 -1
70 1303 -1
2401 3020 -1
2220 2401 -1
813 2963 -1
265 2963 -1
1254 3221 -1
1329 2778 -1
2776 3447 -1
978 2433 -1
978 1703 -1
2584 3686 -1
1990 2584 -1
387 3174 -1
159 1286 -1
159 520 -1
159 3734 -1
2333 3300 -1
155 2333 -1
613 3498 -1
613 2408 -1
613 2313 -1
2112 2758 -1
586 2758 -1
1350 2758 -1
2670 2758 -1
1711 2414 -1
334 2414 -1
2525 3708 -1
2852 3708 -1
2056 3316 -1
369 425 -1
329 1739 -1
329 2576 -1
340 3542 -1
2955 3648 -1
833 3787 -1
2043 2409 -1
1576 2043 -1
1050 2043 -1
445 601 -1
445 840 -1
445 3782 -1
733 947 -1
1330 1909 -1
1909 2024 -1
1909 3793 -1
554 1909 -1
288 1909 -1
3 38 -1
1622 3258 -1
363 1425 -1
363 1649 -1
1288 1317 -1
1317 1447 -1
1288 2887 -1
1288 2215 -1
1288 1559 -1
2361 2623 -1
2578 2623 -1
503 2623 -1
1930 2361 -1
2404 2494 -1
1708 3811 -1
326 3811 -1
3315 3656 -1
3042 3656 -1
1983 3693 -1
1571 1983 -1
349 2633 -1
349 3526 -1
968 2779 -1
949 1893 -1
1198 2950 -1
2663 2950 -1
1075 2950 -1
643 2950 -1
2950 3741 -1
2351 2950 -1
1198 1291 -1
1198 3570 -1
227 1198 -1
1198 1979 -1
1198 2286 -1
1172 2524 -1
2294 3376 -1
2108 3036 -1
2108 2768 -1
2108 2941 -1
664 936 -1
550 936 -1
438 1414 -1
2313 2480 -1
2408 2480 -1
2480 3498 -1
82 2313 -1
1548 2313 -1
556 3817 -1
2387 3817 -1
588 3817 -1
3598 3817 -1
974 3817 -1
237 3817 -1
556 2450 -1
556 2295 -1
1689 3789 -1
619 3789 -1
1689 3113 -1
1409 2116 -1
972 1409 -1
1034 1409 -1
1409 2931 -1
1409 1836 -1
1253 1409 -1
46 257 -1
3099 3182 -1
3099 3263 -1
2313 2525 -1
2408 2525 -1
2525 3498 -1
2313 2852 -1
321 1684 -1
1684 2796 -1
321 3379 -1
2483 3300 -1
155 2483 -1
3039 3602 -1
3039 3422 -1
6 2725 -1
1833 2725 -1
1149 2725 -1
325 2725 -1
689 2725 -1
769 2725 -1
2274 3331 -1
1220 1802 -1
1032 1802 -1
673 1220 -1
917 1402 -1
279 2245 -1
1815 2245 -1
279 584 -1
279 2861 -1
114 2205 -1
2205 2997 -1
943 2205 -1
137 1516 -1
1107 1516 -1
1516 3815 -1
3066 3219 -1
2409 3009 -1
1576 3009 -1
1050 3009 -1
1383 3226 -1
37 3755 -1
832 2034 -1
342 3067 -1
342 1435 -1
342 1445 -1
2969 3503 -1
3025 3714 -1
1040 3025 -1
3025 3512 -1
1396 3025 -1
1926 3025 -1
1606 3025 -1
887 1052 -1
887 2542 -1
484 823 -1
484 2842 -1
484 2628 -1
484 2821 -1
2054 3772 -1
190 3353 -1
136 190 -1
910 2561 -1
188 910 -1
310 1660 -1
310 2041 -1
310 3813 -1
310 775 -1
387 2490 -1
348 905 -1
432 582 -1
537 3603 -1
537 2280 -1
49 2900 -1
201 2905 -1
1208 2905 -1
637 2905 -1
88 1796 -1
88 730 -1
1084 1600 -1
2543 3714 -1
1040 2543 -1
2543 3512 -1
1396 2543 -1
1926 2543 -1
1606 2543 -1
2939 3518 -1
361 1401 -1
3 112 -1
182 1226 -1
3216 3221 -1
1387 2910 -1
19 1963 -1
1456 1963 -1
19 3247 -1
1493 2604 -1
1493 2027 -1
788 1493 -1
2909 3235 -1
1445 3686 -1
3067 3686 -1
1435 3686 -1
1445 1990 -1
1173 2477 -1
2045 2477 -1
299 2332 -1
1852 2332 -1
677 1173 -1
998 1173 -1
61 1173 -1
1173 1638 -1
1173 3249 -1
677 2045 -1
949 1525 -1
2667 3340 -1
2026 2667 -1
588 1387 -1
1387 2387 -1
556 1387 -1
974 1387 -1
1387 3598 -1
237 1387 -1
645 2490 -1
1369 2490 -1
2490 3269 -1
121 602 -1
121 856 -1
121 1308 -1
121 2085 -1
530 3124 -1
3124 3209 -1
3124 3193 -1
3124 3478 -1
2977 3124 -1
301 3735 -1
1690 1869 -1
1427 1869 -1
1690 1817 -1
1720 3353 -1
136 1720 -1
858 1906 -1
1906 3650 -1
858 1876 -1
1285 3645 -1
3458 3645 -1
2395 3645 -1
9 1285 -1
1285 3715 -1
2141 2231 -1
2161 2231 -1
2231 2255 -1
3 2056 -1
3036 3340 -1
2768 3340 -1
2941 3340 -1
2026 3036 -1
622 1178 -1
2639 3596 -1
1376 3535 -1
34 1940 -1
19 209 -1
209 1456 -1
19 304 -1
19 2689 -1
19 44 -1
65 2535 -1
2241 2956 -1
2241 2845 -1
1237 2241 -1
837 2241 -1
2108 3167 -1
1810 2703 -1
1810 3055 -1
1883 3097 -1
465 1629 -1
1319 3523 -1
1108 1445 -1
1108 3067 -1
1108 1435 -1
307 2995 -1
2995 3294 -1
159 2784 -1
1689 2671 -1
619 2671 -1
914 1822 -1
424 2300 -1
1756 2383 -1
2383 3674 -1
311 1980 -1
311 429 -1
311 1575 -1
87 1368 -1
87 2665 -1
87 222 -1
337 339 -1
337 1771 -1
337 2148 -1
337 341 -1
908 3294 -1
307 908 -1
2373 3094 -1
945 3094 -1
436 2373 -1
1639 2373 -1
2269 3729 -1
1554 2881 -1
1554 1688 -1
1468 1554 -1
23 1554 -1
1180 3755 -1
579 3755 -1
2086 3755 -1
2945 3521 -1
1267 3521 -1
878 1145 -1
1800 3156 -1
297 1800 -1
1800 2410 -1
1800 3140 -1
1800 3588 -1
1800 1911 -1
1405 3345 -1
251 602 -1
251 856 -1
251 1308 -1
251 2085 -1
1298 3668 -1
3668 3684 -1
2804 3668 -1
1703 3037 -1
2433 3037 -1
1703 2462 -1
1222 3315 -1
1222 3042 -1
3392 3719 -1
1978 3345 -1
2163 3345 -1
1446 3345 -1
560 2535 -1
588 641 -1
641 2387 -1
556 641 -1
641 974 -1
641 3598 -1
237 641 -1
330 588 -1
405 1325 -1
1396 1800 -1
1040 1800 -1
1800 3512 -1
1800 3714 -1
1606 1800 -1
21 47 -1
21 3499 -1
21 3366 -1
1046 2480 -1
82 1046 -1
1046 1548 -1
426 1137 -1
426 1104 -1
1330 3490 -1
2024 3490 -1
3490 3793 -1
554 3490 -1
288 3490 -1
633 2254 -1
633 2272 -1
633 3443 -1
996 2881 -1
2697 2881 -1
996 1688 -1
996 1468 -1
23 996 -1
3164 3184 -1
1688 3184 -1
1468 3184 -1
23 3184 -1
364 783 -1
364 1898 -1
524 1452 -1
1452 3256 -1
461 1452 -1
913 949 -1
405 2349 -1
1486 3521 -1
1807 1843 -1
3269 3379 -1
1369 3379 -1
645 3379 -1
1684 3269 -1
3336 3427 -1
960 3427 -1
2914 3427 -1
810 3427 -1
2189 3427 -1
1563 3427 -1
1290 3427 -1
1790 3427 -1
405 2682 -1
405 1107 -1
405 660 -1
405 3815 -1
778 3590 -1
483 3590 -1
2309 3590 -1
112 1858 -1
112 836 -1
112 2067 -1
112 3284 -1
112 1528 -1
112 3449 -1
112 3515 -1
29 112 -1
2388 2998 -1
1736 2998 -1
896 1301 -1
1301 2358 -1
896 2868 -1
3274 3357 -1
1688 3274 -1
23 3274 -1
1425 2110 -1
1649 2110 -1
850 1425 -1
1218 1425 -1
3 1643 -1
1515 1646 -1
1940 2871 -1
1940 2158 -1
1940 2159 -1
182 3340 -1
182 2026 -1
991 3350 -1
991 1195 -1
660 1300 -1
1300 2682 -1
1107 1300 -1
1300 3815 -1
336 2120 -1
2861 3755 -1
584 3755 -1
2245 3755 -1
1953 1983 -1
486 1983 -1
1821 3302 -1
2382 3302 -1
3087 3302 -1
2918 3431 -1
2334 2918 -1
1953 3567 -1
486 3567 -1
3097 3317 -1
1086 1607 -1
651 1607 -1
1011 1607 -1
85 1607 -1
663 1607 -1
1291 2083 -1
227 2083 -1
2083 2950 -1
2083 3468 -1
2083 2286 -1
2083 3570 -1
1979 2083 -1
831 2217 -1
831 2499 -1
1010 1416 -1
2112 3690 -1
586 3690 -1
1350 3690 -1
2670 3690 -1
344 1383 -1
959 1383 -1
2361 2373 -1
2373 2578 -1
503 2373 -1
945 2361 -1
787 3099 -1
1149 3421 -1
769 3421 -1
1833 3421 -1
6 3421 -1
689 3421 -1
1149 2736 -1
794 1149 -1
166 1149 -1
2163 2888 -1
1978 2888 -1
1446 2888 -1
226 2163 -1
2163 2701 -1
703 2163 -1
1784 3518 -1
949 2544 -1
949 2212 -1
1708 2516 -1
326 2516 -1
1708 2592 -1
1381 1708 -1
1003 3326 -1
57 214 -1
73 251 -1
251 2456 -1
2616 2729 -1
2073 2616 -1
1172 3300 -1
155 1172 -1
914 1374 -1
914 1655 -1
1253 1470 -1
1470 2116 -1
1470 1836 -1
1034 1470 -1
1470 2931 -1
972 1470 -1
1317 3173 -1
2887 3173 -1
2215 3173 -1
1559 3173 -1
2639 3056 -1
339 2251 -1
1771 2251 -1
2148 2251 -1
341 2251 -1
1747 3353 -1
362 3353 -1
136 1747 -1
1953 3685 -1
486 3685 -1
1575 2876 -1
1980 2876 -1
429 2876 -1
1827 2852 -1
1827 2525 -1
859 2120 -1
1160 2120 -1
650 2120 -1
1557 2120 -1
2120 3495 -1
3184 3799 -1
3184 3779 -1
2511 2703 -1
2511 3055 -1
1862 2604 -1
1862 2027 -1
788 1862 -1
628 3474 -1
573 3474 -1
727 3474 -1
2332 2609 -1
2332 3440 -1
1505 2237 -1
1720 1810 -1
1796 2699 -1
730 2699 -1
427 1796 -1
752 2175 -1
1608 2175 -1
82 2175 -1
1755 2175 -1
1548 2175 -1
1717 2175 -1
752 2683 -1
1958 2841 -1
2556 2841 -1
759 2841 -1
1869 3379 -1
1817 3379 -1
1684 1869 -1
42 3474 -1
1303 3589 -1
2966 3269 -1
1369 2966 -1
645 2966 -1
1508 1660 -1
1660 1900 -1
548 1660 -1
1508 2041 -1
1508 3813 -1
775 1508 -1
1617 3302 -1
2779 3065 -1
682 2779 -1
2332 3514 -1
1085 2332 -1
2332 2415 -1
618 624 -1
77 618 -1
947 1414 -1
1453 1978 -1
1978 2885 -1
1978 3797 -1
1453 2163 -1
1446 1453 -1
1416 2110 -1
850 1416 -1
1218 1416 -1
1450 1458 -1
1048 1458 -1
1450 3546 -1
964 1249 -1
37 2667 -1
16 93 -1
16 2434 -1
16 591 -1
322 2108 -1
2108 2930 -1
633 951 -1
1303 1953 -1
486 1303 -1
302 878 -1
878 2360 -1
878 2520 -1
871 2239 -1
878 3446 -1
2233 3010 -1
232 3010 -1
2907 3010 -1
729 2233 -1
2233 3661 -1
519 2233 -1
259 624 -1
77 259 -1
214 1013 -1
3088 3465 -1
3060 3548 -1
1366 3548 -1
1660 2302 -1
2041 2302 -1
2302 3813 -1
775 2302 -1
1052 1240 -1
1240 2542 -1
1052 3705 -1
1052 2948 -1
86 1052 -1
751 1052 -1
159 2736 -1
159 794 -1
159 2919 -1
159 3421 -1
159 3030 -1
159 166 -1
968 1807 -1
1729 3601 -1
2279 3442 -1
3084 3534 -1
1457 3084 -1
336 1275 -1
10 3603 -1
3402 3603 -1
1650 3603 -1
383 3603 -1
10 2280 -1
57 212 -1
2380 2913 -1
2913 3211 -1
638 2380 -1
2633 3763 -1
3526 3763 -1
745 2633 -1
2633 3395 -1
1927 2633 -1
3198 3221 -1
1978 2381 -1
2163 2381 -1
1446 2381 -1
1184 1300 -1
1374 1862 -1
1655 1862 -1
2237 3474 -1
1412 2040 -1
1324 2355 -1
1260 2355 -1
972 3337 -1
2466 3337 -1
2116 3337 -1
1253 3337 -1
1034 3337 -1
1836 3337 -1
2931 3337 -1
339 2114 -1
1771 2114 -1
2114 2148 -1
341 2114 -1
2215 3127 -1
1317 3127 -1
2887 3127 -1
1383 2542 -1
1052 1383 -1
2480 3070 -1
82 3070 -1
1548 3070 -1
1166 3533 -1
2304 3533 -1
1104 2359 -1
1137 2359 -1
1104 2022 -1
3078 3135 -1
245 3078 -1
2757 3078 -1
2489 3442 -1
1262 2204 -1
2204 3449 -1
2204 2346 -1
29 2204 -1
293 896 -1
896 1680 -1
293 2358 -1
648 1555 -1
2520 2791 -1
2360 2791 -1
302 2791 -1
1317 3536 -1
2887 3536 -1
2215 3536 -1
1559 3536 -1
1207 3800 -1
953 1207 -1
1831 3295 -1
1831 3112 -1
458 1831 -1
375 1137 -1
375 1104 -1
1090 3376 -1
1798 3489 -1
1798 3420 -1
16 3774 -1
2400 2998 -1
42 3457 -1
1488 2282 -1
1488 3786 -1
1488 3675 -1
1488 3231 -1
1333 2756 -1
150 3594 -1
1098 3594 -1
412 3594 -1
1115 1365 -1
622 1394 -1
2234 3164 -1
1556 3164 -1
1688 2234 -1
1468 2234 -1
23 2234 -1
212 2799 -1
964 2632 -1
2779 3659 -1
1195 2229 -1
2229 3350 -1
1017 1195 -1
1195 2101 -1
880 1983 -1
648 3172 -1
364 3294 -1
307 364 -1
3247 3419 -1
1963 3419 -1
2491 2884 -1
995 2884 -1
1277 3442 -1
353 3334 -1
648 3079 -1
556 2535 -1
2387 2535 -1
588 2535 -1
2535 3598 -1
974 2535 -1
237 2535 -1
1157 3542 -1
2973 3607 -1
3101 3607 -1
702 3607 -1
1086 1254 -1
651 1254 -1
1011 1254 -1
85 1254 -1
663 1254 -1
837 3611 -1
2956 3611 -1
2845 3611 -1
1237 3611 -1
837 3587 -1
3048 3340 -1
2026 3048 -1
360 2881 -1
360 1688 -1
360 1468 -1
23 360 -1
1754 2948 -1
1240 1754 -1
1754 3705 -1
1155 1754 -1
86 1754 -1
751 1754 -1
387 1207 -1
3198 3688 -1
1349 3198 -1
2077 3198 -1
484 794 -1
484 2736 -1
484 2919 -1
484 3421 -1
484 3030 -1
166 484 -1
6 3023 -1
1833 3023 -1
1149 3023 -1
325 3023 -1
689 3023 -1
769 3023 -1
6 1018 -1
6 675 -1
6 12 -1
6 3773 -1
6 781 -1
1687 1767 -1
448 1687 -1
3174 3800 -1
953 3174 -1
3231 3302 -1
2282 3302 -1
3302 3675 -1
3302 3786 -1
2489 3235 -1
3267 3311 -1
1727 3267 -1
2484 3590 -1
2273 2934 -1
1538 2273 -1
2140 2273 -1
86 2483 -1
1240 2483 -1
2483 3705 -1
2483 2948 -1
123 2576 -1
2576 3586 -1
2576 2621 -1
123 1739 -1
1487 1711 -1
334 1487 -1
385 3340 -1
385 2026 -1
1040 3066 -1
3066 3512 -1
3066 3714 -1
1396 3066 -1
1606 3066 -1
1607 1792 -1
214 2052 -1
214 1282 -1
214 3731 -1
405 2716 -1
405 1808 -1
405 3666 -1
621 939 -1
621 2835 -1
3109 3474 -1
2088 3474 -1
3474 3665 -1
653 3474 -1
240 1027 -1
633 2743 -1
1904 2665 -1
1368 1904 -1
222 1904 -1
3135 3307 -1
245 3307 -1
2757 3307 -1
1687 3706 -1
1247 3480 -1
1476 1830 -1
1384 1830 -1
1017 2250 -1
2229 2250 -1
2101 2250 -1
849 3747 -1
2499 3164 -1
2217 3164 -1
1688 2499 -1
1468 2499 -1
23 2499 -1
2240 3178 -1
314 3178 -1
914 2042 -1
480 2185 -1
378 2102 -1
2102 2353 -1
150 1789 -1
1098 1789 -1
412 1789 -1
150 1677 -1
1098 1677 -1
412 1677 -1
1168 3559 -1
832 1796 -1
730 832 -1
2403 2526 -1
305 2403 -1
1324 1334 -1
1260 1334 -1
53 3337 -1
1569 2981 -1
1569 1723 -1
65 2845 -1
65 2956 -1
65 837 -1
65 1237 -1
621 3172 -1
2420 3350 -1
2080 3350 -1
1195 2420 -1
600 3211 -1
1378 3211 -1
600 2380 -1
2348 3590 -1
2273 2653 -1
1729 3032 -1
1729 2645 -1
371 2665 -1
371 1368 -1
222 371 -1
42 1534 -1
995 1394 -1
1394 2491 -1
2179 3427 -1
1833 2641 -1
769 2641 -1
325 2641 -1
1149 2641 -1
6 2641 -1
689 2641 -1
791 2324 -1
1463 1711 -1
334 1463 -1
159 3598 -1
159 588 -1
159 556 -1
159 237 -1
159 974 -1
159 3635 -1
159 2387 -1
633 2179 -1
2998 3615 -1
378 1830 -1
1830 2353 -1
251 893 -1
1797 3676 -1
1797 3682 -1
1401 1797 -1
3518 3717 -1
833 3006 -1
833 2590 -1
57 1374 -1
57 1655 -1
2384 3053 -1
348 1684 -1
348 3379 -1
1134 1450 -1
1450 3804 -1
1048 1134 -1
2332 3210 -1
2364 3625 -1
1414 1614 -1
856 1414 -1
1414 2085 -1
677 3738 -1
998 3738 -1
61 3738 -1
1638 3738 -1
3249 3738 -1
375 3676 -1
375 3682 -1
47 2911 -1
2911 3499 -1
2911 3366 -1
1115 3591 -1
1056 1115 -1
1978 2638 -1
2163 2638 -1
1446 2638 -1
1982 3337 -1
91 868 -1
868 3496 -1
868 1984 -1
868 1340 -1
387 3211 -1
387 2380 -1
110 3534 -1
110 1457 -1
114 1354 -1
1354 2997 -1
943 1354 -1
1146 2139 -1
1146 2755 -1
1052 3738 -1
2542 3738 -1
364 2351 -1
364 1075 -1
364 643 -1
364 3741 -1
364 1198 -1
364 2663 -1
1516 2027 -1
1516 2604 -1
788 1516 -1
322 338 -1
338 2930 -1
1830 2840 -1
1162 2273 -1
405 3216 -1
3 1943 -1
1104 3526 -1
1137 3526 -1
1104 2633 -1
3451 3458 -1
1503 3458 -1
2395 3451 -1
1285 3451 -1
1254 2359 -1
1254 2022 -1
838 1339 -1
1043 2099 -1
1195 2512 -1
2512 3350 -1
3332 3717 -1
153 2384 -1
2384 2999 -1
871 3186 -1
648 2474 -1
648 3145 -1
648 1002 -1
648 884 -1
219 3603 -1
3298 3603 -1
764 3603 -1
219 2280 -1
999 3542 -1
3266 3542 -1
2680 3203 -1
1705 3211 -1
1705 2380 -1
357 3049 -1
2187 3049 -1
686 3049 -1
749 2511 -1
1890 3186 -1
2767 3708 -1
964 966 -1
1729 2824 -1
1729 2126 -1
339 3083 -1
1771 3083 -1
2148 3083 -1
341 3083 -1
339 2115 -1
339 2435 -1
1796 3645 -1
730 3645 -1
9 1796 -1
1796 3715 -1
364 1130 -1
1277 1693 -1
1277 2761 -1
989 1277 -1
3097 3135 -1
245 3097 -1
2757 3097 -1
1923 2892 -1
2892 3128 -1
574 2892 -1
1601 1923 -1
1923 2603 -1
1044 1923 -1
582 894 -1
163 1722 -1
755 1722 -1
163 1342 -1
251 1940 -1
532 2896 -1
1502 3685 -1
2281 3685 -1
1683 3685 -1
36 1453 -1
36 2885 -1
36 3797 -1
387 556 -1
387 2387 -1
387 588 -1
387 3598 -1
387 974 -1
237 387 -1
39 979 -1
3 3779 -1
3 3799 -1
6 3335 -1
1833 3335 -1
1149 3335 -1
325 3335 -1
689 3335 -1
769 3335 -1
1708 2880 -1
326 2880 -1
928 1708 -1
1173 1898 -1
1898 2045 -1
783 1173 -1
1226 1714 -1
1074 1226 -1
1452 2980 -1
504 1452 -1
1452 3292 -1
1452 2658 -1
1452 2315 -1
1268 1452 -1
560 2364 -1
1183 2108 -1
363 2610 -1
2250 2295 -1
2250 3817 -1
2250 2450 -1
1843 3354 -1
380 1123 -1
3109 3172 -1
2088 3172 -1
3172 3665 -1
653 3172 -1
1106 1208 -1
1208 3378 -1
1208 1499 -1
201 1106 -1
637 1106 -1
2821 2921 -1
2842 2921 -1
2628 2921 -1
823 2921 -1
578 2821 -1
1941 2821 -1
2821 3262 -1
2821 3455 -1
1784 3690 -1
1205 3367 -1
2196 3367 -1
1805 3367 -1
273 984 -1
273 3584 -1
273 3626 -1
273 2447 -1
1499 2007 -1
2007 3378 -1
1106 2007 -1
44 3506 -1
304 3506 -1
209 3506 -1
2689 3506 -1
171 1311 -1
171 3495 -1
171 1160 -1
171 650 -1
171 1557 -1
171 859 -1
19 386 -1
386 1456 -1
19 2235 -1
2968 3476 -1
1426 3476 -1
3476 3716 -1
2357 3476 -1
1032 1183 -1
1183 1220 -1
3509 3676 -1
692 3676 -1
3509 3682 -1
623 662 -1
3067 3081 -1
1435 3081 -1
1445 3081 -1
3067 3818 -1
2638 3540 -1
95 2055 -1
61 3612 -1
1765 3612 -1
998 3612 -1
1638 3612 -1
3249 3612 -1
2936 3612 -1
677 3612 -1
831 1640 -1
