490 3726 1
922 3744 1
108 1274 1
1562 2287 1
1153 2916 1
594 1029 1
2825 3618 1
737 3123 1
1997 2306 1
2891 2974 1
1024 2019 1
2627 3341 1
1030 2174 1
1758 3285 1
443 1341 1
3051 3791 1
1274 3171 1
108 3171 1
834 1932 1
1093 1231 1
1406 2174 1
1030 1406 1
1024 3254 1
2019 3254 1
1488 1922 1
981 1037 1
565 1274 1
565 3171 1
108 565 1
3210 3631 1
620 1302 1
108 3524 1
1274 3524 1
3171 3524 1
565 3524 1
1488 3322 1
1922 3322 1
861 1181 1
1552 2226 1
965 2106 1
473 2534 1
423 565 1
423 3524 1
423 1274 1
423 3171 1
108 423 1
423 1785 1
1785 3171 1
1785 3524 1
108 1785 1
565 1785 1
1274 1785 1
1087 3792 1
2325 2979 1
1685 2020 1
604 1695 1
443 2500 1
1341 2500 1
594 3483 1
1029 3483 1
1315 3440 1
1610 2607 1
2648 3210 1
2648 3631 1
883 2642 1
352 3227 1
1637 3801 1
185 2418 1
2627 2940 1
2940 3341 1
1182 2104 1
1014 2652 1
1203 3483 1
594 1203 1
1029 1203 1
1356 2642 1
883 1356 1
3254 3360 1
1024 3360 1
2019 3360 1
860 3202 1
1612 1758 1
1612 3285 1
1605 2257 1
1562 1952 1
1952 2287 1
2534 2850 1
473 2850 1
589 1518 1
812 3557 1
1816 2122 1
2651 3557 1
812 2651 1
1948 2728 1
72 223 1
1774 3557 1
1774 2651 1
812 1774 1
1274 2554 1
2554 3171 1
2554 3524 1
423 2554 1
108 2554 1
565 2554 1
1785 2554 1
126 3085 1
1315 1932 1
1932 3440 1
834 1315 1
2916 3213 1
1153 3213 1
734 1231 1
734 1093 1
26 267 1
289 1668 1
1067 1382 1
253 2165 1
594 1076 1
1076 1203 1
1076 3483 1
1029 1076 1
531 2580 1
565 3494 1
3171 3494 1
3494 3524 1
423 3494 1
108 3494 1
1785 3494 1
1274 3494 1
2554 3494 1
2340 3677 1
1565 2291 1
1518 1944 1
589 1944 1
26 3105 1
267 3105 1
1785 3202 1
3171 3202 1
3202 3524 1
3202 3494 1
423 3202 1
108 3202 1
565 3202 1
1274 3202 1
2554 3202 1
860 1785 1
1137 2899 1
1622 3429 1
1531 2542 1
863 1054 1
402 3249 1
307 1937 1
1413 2066 1
1661 2542 1
1531 1661 1
648 3349 1
284 3071 1
863 1751 1
1054 1751 1
1267 1531 1
1267 1661 1
1267 2542 1
1199 2645 1
1626 1641 1
255 3406 1
1486 3743 1
702 3278 1
873 3722 1
990 2516 1
109 3036 1
527 1920 1
1696 1875 1
463 567 1
1463 2187 1
180 1122 1
628 1607 1
2483 3409 1
2333 2516 1
990 2333 1
2081 3509 1
2824 3407 1
1323 2663 1
1638 3568 1
727 1868 1
516 1696 1
516 1875 1
2187 2941 1
1463 2941 1
621 1054 1
621 1751 1
621 863 1
1478 1875 1
1478 1696 1
516 1478 1
599 1937 1
307 599 1
760 1957 1
321 601 1
1199 3709 1
2645 3709 1
1494 3722 1
873 1494 1
2124 2367 1
1204 1389 1
2162 3167 1
2704 3651 1
1957 3407 1
760 3407 1
1957 2824 1
928 1075 1
1323 2871 1
2663 2871 1
2645 2666 1
2666 3709 1
1199 2666 1
818 1704 1
333 1068 1
1347 2367 1
1347 2124 1
686 1626 1
686 1641 1
1478 2945 1
1696 2945 1
1875 2945 1
516 2945 1
1920 3101 1
527 3101 1
2138 2406 1
204 1875 1
204 1696 1
204 2945 1
204 516 1
204 1478 1
967 2414 1
567 1588 1
463 1588 1
2965 3810 1
778 1747 1
2768 3615 1
702 2792 1
2792 3278 1
677 1104 1
918 998 1
1704 1860 1
818 1860 1
2347 3272 1
1109 2120 1
840 1193 1
1283 1494 1
873 1283 1
1283 3722 1
567 2574 1
1588 2574 1
463 2574 1
139 2192 1
928 1152 1
1075 1152 1
1204 1927 1
1389 1927 1
1893 3469 1
1311 3568 1
1311 1638 1
139 610 1
610 2192 1
284 2212 1
2212 3071 1
2600 2796 1
1191 3682 1
799 3351 1
1631 2768 1
1631 3615 1
702 1704 1
1704 2792 1
1704 3278 1
702 818 1
702 1860 1
250 1641 1
250 1626 1
250 686 1
1413 2352 1
2066 2352 1
225 2351 1
348 1200 1
2184 2673 1
2824 3709 1
1957 3709 1
3407 3709 1
2666 2824 1
2645 2824 1
1199 2824 1
783 924 1
527 1118 1
1118 1920 1
1118 3101 1
1424 2835 1
1246 2711 1
1814 2053 1
1479 2318 1
1959 3532 1
1139 1314 1
1495 3608 1
1246 1418 1
1418 2711 1
1968 2914 1
1839 3711 1
63 2161 1
2298 3764 1
2834 2893 1
951 3640 1
1899 3563 1
2747 3591 1
1511 1702 1
1031 3634 1
408 1899 1
408 3563 1
901 3466 1
311 1769 1
1429 1713 1
1749 2262 1
1201 1390 1
1743 2711 1
1418 1743 1
1246 1743 1
976 1716 1
390 1391 1
3031 3162 1
976 2914 1
1716 2914 1
976 1968 1
1534 3591 1
1534 2747 1
1404 2606 1
172 3043 1
976 1293 1
1293 1968 1
1293 2914 1
1293 1716 1
2193 2442 1
66 2315 1
2369 2513 1
1327 3056 1
2155 3268 1
466 3649 1
3079 3161 1
538 3563 1
408 538 1
538 1899 1
2315 2944 1
66 2944 1
2569 3713 1
246 3435 1
392 2177 1
1563 3056 1
1327 1563 1
1246 2083 1
1418 2083 1
1743 2083 1
2083 2711 1
164 2407 1
2014 2046 1
639 3404 1
2369 2442 1
2442 2513 1
2193 2369 1
970 3039 1
203 2545 1
25 631 1
376 3039 1
376 970 1
2262 2897 1
1749 2897 1
1679 3457 1
1242 2743 1
50 2859 1
3336 3711 1
1839 3336 1
631 1781 1
25 1781 1
2411 2999 1
777 1749 1
777 2897 1
777 2262 1
1790 3323 1
1006 1268 1
627 2733 1
960 3279 1
2356 2944 1
66 2356 1
2315 2356 1
1975 1986 1
639 3692 1
3404 3692 1
884 1669 1
1749 3592 1
2897 3592 1
2262 3592 1
777 3592 1
1230 3232 1
843 2479 1
3031 3764 1
3162 3764 1
2298 3031 1
695 2467 1
956 2908 1
1008 3214 1
1424 2189 1
2189 2835 1
2474 2570 1
99 2478 1
1252 3667 1
2117 2272 1
884 3493 1
1669 3493 1
1961 3713 1
1961 2569 1
1326 1514 1
172 3701 1
3043 3701 1
183 390 1
183 1391 1
1563 2893 1
2893 3056 1
1327 2893 1
1563 2834 1
50 2914 1
2859 2914 1
50 976 1
50 1293 1
50 1968 1
50 1716 1
2117 3544 1
2272 3544 1
1592 2407 1
164 1592 1
2835 3230 1
1424 3230 1
2189 3230 1
1252 3347 1
3347 3667 1
752 1106 1
224 1557 1
436 1458 1
47 2468 1
2157 2978 1
838 1832 1
2858 3000 1
2578 3420 1
2578 3719 1
3420 3719 1
1160 3802 1
132 1730 1
366 3255 1
73 1625 1
2468 3582 1
47 3582 1
1869 3250 1
1328 1371 1
2271 2401 1
1399 2685 1
1196 2051 1
411 1698 1
322 2915 1
301 2204 1
220 1946 1
2215 3529 1
1328 2895 1
1371 2895 1
3274 3687 1
132 2215 1
1730 2215 1
132 3529 1
130 3403 1
598 3142 1
1788 2480 1
2180 2271 1
2180 2401 1
1394 2071 1
854 3643 1
1719 3495 1
2375 2763 1
1775 2858 1
1775 3000 1
1506 2620 1
586 2620 1
586 1506 1
671 1635 1
530 3340 1
786 1088 1
579 1064 1
2112 3103 1
1350 2720 1
3234 3583 1
2157 2915 1
2915 2978 1
322 2157 1
2844 2957 1
838 1251 1
1251 1832 1
74 687 1
1608 3596 1
1438 2409 1
1238 2012 1
1639 1869 1
1639 3250 1
780 2157 1
780 2978 1
780 2915 1
322 780 1
1077 3334 1
582 2113 1
2026 2788 1
598 3445 1
3142 3445 1
292 2480 1
292 1788 1
1349 2012 1
1238 1349 1
1384 2384 1
854 2856 1
2856 3643 1
1251 2204 1
1832 2204 1
838 2204 1
301 1251 1
468 1780 1
2077 3234 1
2077 3583 1
470 903 1
436 625 1
625 1458 1
2051 2403 1
1196 2403 1
2403 3541 1
2051 3541 1
1196 3541 1
133 3719 1
133 2578 1
133 3420 1
1848 2071 1
1394 1848 1
302 1576 1
80 1559 1
1832 2224 1
1251 2224 1
2204 2224 1
838 2224 1
500 3766 1
302 1755 1
1576 1755 1
1190 3238 1
247 1843 1
2788 2895 1
2026 2895 1
1328 2788 1
1371 2788 1
2631 2685 1
1399 2631 1
2909 3015 1
122 503 1
14 74 1
14 687 1
247 342 1
342 1843 1
1795 3211 1
2071 3501 1
1848 3501 1
1394 3501 1
3209 3700 1
3007 3672 1
832 1454 1
2819 3143 1
2788 3642 1
1328 3642 1
2026 3642 1
1371 3642 1
2895 3642 1
1737 1919 1
570 1654 1
332 3209 1
332 3700 1
1806 1946 1
220 1806 1
1451 2975 1
1160 3499 1
3499 3802 1
1451 3461 1
2975 3461 1
197 789 1
1269 3345 1
754 1490 1
1147 1615 1
151 261 1
1553 1857 1
134 2423 1
167 525 1
1170 1680 1
1257 2714 1
3 3775 1
312 1517 1
1416 3348 1
2194 3473 1
2495 3170 1
312 819 1
819 1517 1
134 829 1
829 2423 1
914 2371 1
2421 2885 1
2082 2176 1
193 2235 1
2121 2391 1
919 1170 1
919 1680 1
657 1615 1
657 1147 1
2780 3082 1
373 1765 1
2199 2371 1
914 2199 1
1343 2470 1
1221 2579 1
1971 2013 1
1647 1756 1
1025 3756 1
958 1829 1
1221 3199 1
2579 3199 1
245 3658 1
308 3756 1
308 1025 1
1062 2452 1
874 2553 1
3189 3813 1
1304 2041 1
16 754 1
16 1490 1
67 2085 1
2453 3297 1
3288 3658 1
245 3288 1
1493 2649 1
339 1652 1
1407 1585 1
549 3441 1
819 2553 1
312 2553 1
1517 2553 1
819 874 1
657 1530 1
1147 1530 1
1530 1615 1
256 1425 1
147 3727 1
844 3658 1
844 3288 1
245 844 1
3170 3261 1
2495 3261 1
373 3082 1
1765 3082 1
373 2780 1
2301 2470 1
1343 2301 1
283 2780 1
283 3082 1
283 373 1
3045 3116 1
1766 3242 1
3197 3775 1
3 3197 1
3 134 1
134 3197 1
134 3775 1
3 829 1
3 2423 1
386 3540 1
151 3157 1
261 3157 1
308 2509 1
1025 2509 1
2509 3756 1
1337 2421 1
1337 2885 1
81 3084 1
738 3170 1
738 3261 1
738 2495 1
339 1628 1
1628 1652 1
81 795 1
795 3084 1
245 2548 1
2548 3288 1
2548 3658 1
844 2548 1
2497 2687 1
2194 2439 1
2439 3473 1
1603 3718 1
1179 1400 1
1079 1958 1
341 3373 1
1862 2814 1
186 1490 1
16 186 1
186 754 1
2477 3224 1
888 2951 1
3242 3789 1
1766 3789 1
323 1213 1
2181 3082 1
283 2181 1
2181 2780 1
373 2181 1
1765 2181 1
147 2393 1
2393 3727 1
1059 3157 1
261 1059 1
151 1059 1
2085 3093 1
67 3093 1
245 1211 1
1211 3288 1
1211 2548 1
1211 3658 1
844 1211 1
2073 3798 1
2677 2905 1
478 833 1
1289 2393 1
147 1289 1
1289 3727 1
1227 3661 1
2062 3308 1
1094 2599 1
1060 3186 1
488 966 1
691 693 1
1309 2105 1
890 2873 1
1286 3174 1
226 945 1
966 2712 1
488 2712 1
188 536 1
1094 3504 1
2599 3504 1
830 3646 1
13 401 1
2024 2946 1
3236 3793 1
328 2933 1
1379 2869 1
260 1921 1
1207 1955 1
2250 2882 1
536 2330 1
188 2330 1
1634 2982 1
361 1767 1
2000 2926 1
290 1902 1
1604 3010 1
397 2428 1
865 2774 1
2219 3581 1
2926 2933 1
2000 2933 1
328 2926 1
1604 2710 1
2710 3010 1
2239 2460 1
1091 3355 1
2599 3152 1
3152 3504 1
1094 3152 1
399 2018 1
2292 2982 1
1634 2292 1
2869 3574 1
1379 3574 1
2473 3380 1
1100 3010 1
1100 1604 1
1100 2710 1
693 3452 1
691 3452 1
1206 3080 1
2292 2445 1
1634 2445 1
2445 2982 1
424 2946 1
424 2024 1
1163 2089 1
959 2708 1
536 2593 1
2330 2593 1
188 2593 1
1094 3237 1
3237 3504 1
3152 3237 1
2599 3237 1
3312 3504 1
3152 3312 1
3237 3312 1
1094 3312 1
2599 3312 1
974 1286 1
974 3174 1
768 2128 1
2445 3260 1
1634 3260 1
2292 3260 1
2982 3260 1
1227 2710 1
2710 3661 1
1100 1227 1
1227 3010 1
1227 1604 1
2335 3178 1
1373 2593 1
536 1373 1
1373 2330 1
188 1373 1
898 3186 1
898 1060 1
237 2335 1
237 3178 1
1934 3236 1
1934 3793 1
1149 1656 1
1167 1965 1
152 1402 1
117 1253 1
198 2116 1
2530 3452 1
691 2530 1
693 2530 1
1167 3566 1
1965 3566 1
2799 2882 1
2250 2799 1
482 1982 1
13 2667 1
401 2667 1
1120 2451 1
1656 1833 1
1149 1833 1
198 399 1
399 2116 1
198 2018 1
1223 1428 1
1800 2601 1
785 1556 1
519 2239 1
519 2460 1
218 556 1
2561 3271 1
1256 1965 1
1256 3566 1
1167 1256 1
805 1977 1
131 3788 1
688 2392 1
2632 3566 1
1256 2632 1
1965 2632 1
1167 2632 1
2708 2839 1
959 2839 1
1428 3503 1
1223 3503 1
349 2698 1
672 1319 1
710 1892 1
700 2316 1
800 2080 1
4 2354 1
384 774 1
2541 3330 1
1430 2447 1
1361 3560 1
2923 3343 1
2420 2447 1
1430 2420 1
585 2541 1
585 3330 1
400 1996 1
823 2038 1
213 3697 1
535 2447 1
535 2420 1
535 1430 1
1232 2441 1
1310 3253 1
1558 3141 1
742 2582 1
451 2798 1
2934 3746 1
3006 3321 1
1440 2151 1
528 2415 1
2374 3301 1
596 3008 1
166 440 1
1430 2857 1
535 2857 1
2420 2857 1
2447 2857 1
4 3736 1
2354 3736 1
1500 1740 1
138 3820 1
1712 2415 1
528 1712 1
1440 3270 1
2151 3270 1
3421 3787 1
606 3330 1
585 606 1
606 2541 1
961 1105 1
138 1855 1
1855 3820 1
710 1581 1
1581 1892 1
561 1489 1
800 3505 1
2080 3505 1
98 3110 1
2370 3129 1
558 596 1
558 3008 1
811 1672 1
92 2519 1
948 3394 1
817 1560 1
535 578 1
578 2857 1
578 2420 1
578 1430 1
578 2447 1
1083 2540 1
2151 3029 1
1440 3029 1
3029 3270 1
430 3078 1
213 3736 1
3697 3736 1
213 2354 1
4 213 1
2919 3176 1
3500 3785 1
515 2441 1
515 1232 1
2243 3077 1
647 684 1
1125 3476 1
2111 3553 1
1111 3408 1
2092 3006 1
2092 3321 1
2389 2435 1
148 2397 1
2032 2855 1
2783 3110 1
98 2783 1
670 2568 1
659 2984 1
2140 3486 1
1432 3486 1
1432 2140 1
2912 3511 1
1500 2140 1
1740 2140 1
1432 1500 1
1500 3486 1
1581 1852 1
1852 1892 1
710 1852 1
823 1284 1
1284 2038 1
213 3597 1
3597 3736 1
3597 3697 1
2354 3597 1
4 3597 1
1320 2030 1
921 1865 1
54 3716 1
1826 2316 1
700 1826 1
2232 3716 1
54 2232 1
326 1460 1
1440 3176 1
3029 3176 1
3176 3270 1
2151 3176 1
1440 2919 1
535 2154 1
578 2154 1
2154 2857 1
2154 2447 1
2154 2420 1
1430 2154 1
2111 3486 1
3486 3553 1
1432 2111 1
1500 2111 1
2111 2140 1
2430 3141 1
1558 2430 1
58 2200 1
1673 3131 1
1996 2590 1
400 2590 1
635 2537 1
696 3730 1
60 1999 1
30 2260 1
413 3021 1
297 1583 1
60 1596 1
1596 1999 1
298 2208 1
1657 2016 1
2208 3281 1
298 3281 1
297 1236 1
1236 1583 1
895 2449 1
1900 3426 1
2328 2883 1
1259 3737 1
70 537 1
1354 3730 1
696 1354 1
1258 2646 1
1650 2537 1
635 1650 1
2312 3111 1
2947 3686 1
720 2565 1
90 238 1
1171 3392 1
999 3169 1
275 2575 1
2096 2794 1
623 2769 1
2863 3229 1
206 2790 1
1258 2836 1
2646 2836 1
1900 2863 1
2863 3426 1
1900 3229 1
3192 3690 1
70 2794 1
537 2794 1
70 2096 1
2355 3390 1
2575 3257 1
275 3257 1
1856 2025 1
205 1683 1
331 2954 1
1887 2472 1
2457 3760 1
187 3166 1
2260 3187 1
30 3187 1
199 3122 1
10 3187 1
10 2260 1
10 30 1
1392 3822 1
219 3012 1
51 422 1
1108 3311 1
949 1212 1
1318 1344 1
396 1818 1
275 3660 1
3257 3660 1
2575 3660 1
889 3368 1
895 1171 1
1171 2449 1
895 3392 1
1273 1900 1
1273 3426 1
1273 3229 1
1273 2863 1
1887 2203 1
2203 2472 1
1502 2449 1
1171 1502 1
895 1502 1
360 934 1
683 2518 1
51 3659 1
422 3659 1
1115 3065 1
90 416 1
238 416 1
3622 3686 1
2947 3622 1
3177 3460 1
1911 2068 1
977 2621 1
298 383 1
383 2208 1
383 3281 1
75 954 1
1258 3257 1
2836 3257 1
2646 3257 1
1258 3660 1
1258 2575 1
275 1258 1
517 3402 1
1344 3106 1
1318 3106 1
982 3613 1
145 294 1
2402 2565 1
720 2402 1
51 934 1
934 3659 1
422 934 1
51 360 1
895 2438 1
2438 3392 1
2438 2449 1
1171 2438 1
1502 2438 1
1724 3069 1
1212 2621 1
949 2621 1
977 1212 1
1999 2528 1
1596 2528 1
60 2528 1
10 3021 1
3021 3187 1
2260 3021 1
30 3021 1
10 413 1
1415 1508 1
1650 1954 1
1954 2537 1
635 1954 1
1236 1524 1
297 1524 1
1524 1583 1
1524 2326 1
297 2326 1
1236 2326 1
1583 2326 1
51 275 1
275 360 1
275 3659 1
275 934 1
275 422 1
51 1258 1
51 3660 1
51 2575 1
51 3257 1
234 2001 1
1573 1792 1
2156 3342 1
2765 2918 1
2216 3715 1
557 1677 1
908 1671 1
533 1964 1
221 668 1
428 3786 1
1233 3522 1
2034 3571 1
1616 1710 1
2515 3104 1
613 2067 1
254 3638 1
1113 2913 1
668 2971 1
221 2971 1
427 1298 1
1762 3241 1
803 3594 1
1979 3353 1
1703 3361 1
1113 2778 1
2778 2913 1
980 1049 1
932 3693 1
49 1964 1
49 533 1
2293 2303 1
244 791 1
2172 2637 1
1288 3610 1
2286 3689 1
1089 2917 1
3072 3241 1
1762 3072 1
155 1945 1
851 857 1
221 851 1
851 2971 1
668 851 1
221 857 1
2771 3017 1
2273 2860 1
196 1787 1
1834 2771 1
1834 3017 1
88 2886 1
335 1300 1
2233 2637 1
2172 2233 1
940 3396 1
510 3244 1
2529 2683 1
2034 2766 1
2766 3571 1
1910 3361 1
1703 1910 1
369 3185 1
629 2247 1
813 1291 1
813 2686 1
1291 2686 1
29 2860 1
29 2273 1
1520 3573 1
1678 1703 1
1678 3361 1
1678 1910 1
404 2303 1
404 2293 1
2175 3150 1
1677 3675 1
557 3675 1
18 1383 1
418 2359 1
2870 3490 1
335 2129 1
1300 2129 1
1792 2419 1
1573 2419 1
85 281 1
1049 1981 1
980 1981 1
849 3019 1
1904 2001 1
234 1904 1
2156 2753 1
2753 3342 1
936 1815 1
595 936 1
595 1815 1
2110 2529 1
2110 2683 1
545 803 1
545 3594 1
1520 3694 1
3573 3694 1
613 1703 1
1703 2067 1
613 3361 1
613 1678 1
613 1910 1
159 3725 1
371 2713 1
1121 2127 1
88 3258 1
2886 3258 1
1629 2550 1
674 2244 1
851 2303 1
857 2303 1
2303 2971 1
668 2303 1
221 2303 1
404 851 1
851 2293 1
371 2766 1
2713 2766 1
371 2034 1
371 3571 1
1410 1703 1
1410 3361 1
613 1410 1
1410 1678 1
1410 2067 1
1410 1910 1
1366 2686 1
1291 1366 1
813 1366 1
9 2218 1
1138 1145 1
1044 1822 1
3338 3705 1
638 1575 1
85 813 1
281 813 1
85 1291 1
85 1366 1
85 2686 1
1035 3630 1
813 2220 1
1291 2220 1
85 2220 1
1366 2220 1
281 2220 1
2220 2686 1
1224 3647 1
2487 3208 1
1374 2815 1
498 2378 1
43 93 1
34 1549 1
1632 3219 1
730 3379 1
1132 2560 1
2084 2198 1
3376 3600 1
454 1808 1
77 1943 1
391 2324 1
2084 2498 1
2198 2498 1
336 3335 1
1224 1549 1
1549 3647 1
34 1224 1
1640 2815 1
1374 1640 1
367 1989 1
455 2682 1
2845 3188 1
23 2084 1
23 2498 1
23 2198 1
77 1229 1
1229 1943 1
3188 3458 1
2845 3458 1
3332 3376 1
3332 3600 1
624 1808 1
454 624 1
2641 2832 1
1386 2641 1
1386 2832 1
93 3067 1
43 3067 1
1835 2342 1
1569 3411 1
1693 2881 1
3136 3240 1
1802 3132 1
318 3208 1
318 2487 1
1095 2682 1
455 1095 1
1697 1978 1
1752 3087 1
2640 2725 1
1863 2005 1
177 2056 1
498 649 1
649 2378 1
1579 1688 1
714 2084 1
714 2498 1
714 2198 1
23 714 1
2063 2487 1
2063 3208 1
318 2063 1
546 1018 1
1594 3567 1
1617 2640 1
1617 2725 1
1497 1926 1
910 3070 1
114 1878 1
177 3088 1
2056 3088 1
574 1821 1
182 542 1
837 1084 1
905 2576 1
2576 2767 1
905 2767 1
1655 3714 1
1655 2249 1
2249 3714 1
2322 2364 1
532 1640 1
532 1374 1
532 2815 1
3120 3779 1
2434 2758 1
112 1617 1
112 2640 1
112 2725 1
258 1851 1
1655 3800 1
2249 3800 1
3714 3800 1
3310 3498 1
2339 3678 1
1569 3498 1
3411 3498 1
1569 3310 1
2382 3354 1
894 1926 1
894 1497 1
410 2395 1
781 989 1
1303 2349 1
1617 3132 1
2640 3132 1
112 3132 1
2725 3132 1
1617 1802 1
3087 3379 1
1752 3379 1
730 3087 1
110 559 1
788 1693 1
788 2881 1
2604 3818 1
2349 2832 1
1303 2832 1
2349 2641 1
1386 2349 1
3416 3815 1
649 1827 1
498 1827 1
1827 2378 1
2791 3198 1
23 1021 1
1021 2498 1
1021 2084 1
714 1021 1
1021 2198 1
1983 2027 1
2249 3067 1
3067 3800 1
3067 3714 1
1655 3067 1
43 2249 1
93 2249 1
1016 1690 1
600 2198 1
600 2498 1
600 2084 1
600 714 1
23 600 1
600 1021 1
8 3556 1
3556 3556 1
8 8 1
1254 3043 1
3043 3043 1
172 1254 1
1254 3701 1
1254 1254 1
1585 3096 1
3096 3096 1
1407 3096 1
1585 1585 1
1987 3483 1
3483 3483 1
1987 1987 1
1029 1987 1
594 1987 1
1203 1987 1
1076 1987 1
2609 2861 1
2861 2861 1
2609 2609 1
1402 3582 1
152 3582 1
3582 3582 1
1402 1402 1
1402 2468 1
47 1402 1
1811 3117 1
3117 3117 1
1811 1811 1
2221 2894 1
2894 2894 1
2221 2221 1
1454 2730 1
832 2730 1
2730 2730 1
1454 1454 1
734 2923 1
2923 2923 1
1093 2923 1
1231 2923 1
734 734 1
734 3343 1
3385 3746 1
3746 3746 1
3385 3385 1
2934 3385 1
1754 2433 1
2433 2433 1
1754 1754 1
202 2639 1
2639 2639 1
202 202 1
226 1837 1
945 1837 1
1837 1837 1
226 226 1
2618 3092 1
3092 3092 1
2618 2618 1
2426 3080 1
3080 3080 1
2426 2426 1
1206 2426 1
417 1087 1
1087 1087 1
417 3792 1
417 417 1
447 3799 1
3799 3799 1
447 447 1
2496 2511 1
2511 2511 1
2496 2496 1
0 445 1
445 445 1
0 0 1
1727 1849 1
1849 1849 1
1727 1727 1
2517 2687 1
2687 2687 1
2497 2517 1
2517 2517 1
457 2669 1
2669 2669 1
457 457 1
650 692 1
692 692 1
650 650 1
1098 1176 1
1176 1176 1
1098 1098 1
2730 2763 1
832 2763 1
2763 2763 1
1454 2763 1
2375 2730 1
3322 3499 1
1488 3499 1
1922 3499 1
3499 3499 1
1160 3322 1
3322 3802 1
3322 3322 1
1199 3803 1
2824 3803 1
2666 3803 1
3803 3803 1
2645 3803 1
3709 3803 1
1199 1199 1
211 1199 1
211 2824 1
211 2666 1
211 211 1
211 2645 1
211 3803 1
211 3709 1
903 3260 1
3260 3260 1
470 3260 1
903 1634 1
903 2982 1
903 903 1
903 2445 1
903 2292 1
1171 3276 1
3276 3392 1
2438 3276 1
3276 3276 1
2449 3276 1
1502 3276 1
895 3276 1
1171 1171 1
461 1342 1
1342 1342 1
461 461 1
926 2635 1
2635 2635 1
926 926 1
2183 3550 1
3550 3550 1
2183 2183 1
2895 3526 1
2788 3526 1
3526 3526 1
2026 3526 1
1328 3526 1
3526 3642 1
1371 3526 1
2895 2895 1
1360 3787 1
3787 3787 1
1360 1360 1
1360 3421 1
892 2710 1
2710 2710 1
892 3010 1
892 1604 1
892 1227 1
892 1100 1
892 3661 1
892 892 1
2680 3647 1
3647 3647 1
1224 2680 1
2680 2680 1
1549 2680 1
469 1345 1
1345 1345 1
469 469 1
48 941 1
941 941 1
48 48 1
1610 3422 1
3422 3422 1
2607 3422 1
1610 1610 1
2137 2238 1
2238 2238 1
2137 2137 1
986 1064 1
1064 1064 1
986 986 1
579 986 1
2421 3606 1
1337 3606 1
2885 3606 1
3606 3606 1
2421 2421 1
57 2153 1
2153 2153 1
57 57 1
1972 3748 1
3748 3748 1
1972 1972 1
45 423 1
423 423 1
45 3202 1
45 3171 1
45 3524 1
45 3494 1
45 108 1
45 45 1
45 565 1
45 1785 1
45 1274 1
45 2554 1
590 2552 1
2552 2552 1
590 590 1
323 3074 1
3074 3074 1
1213 3074 1
323 323 1
636 1505 1
1505 1505 1
636 636 1
1871 3818 1
3818 3818 1
1871 2604 1
1871 1871 1
2627 3116 1
3116 3116 1
2940 3116 1
3116 3341 1
2627 2627 1
2627 3045 1
2353 3413 1
3413 3413 1
2353 2353 1
1414 2473 1
2473 2473 1
1414 3380 1
1414 1414 1
10 1559 1
1559 3021 1
1559 3187 1
1559 2260 1
1559 1559 1
413 1559 1
30 1559 1
10 10 1
10 80 1
2881 3593 1
3593 3593 1
788 3593 1
1693 3593 1
2881 2881 1
676 1091 1
1091 1091 1
676 3355 1
676 676 1
419 437 1
437 437 1
419 419 1
1494 3633 1
873 3633 1
3633 3722 1
1283 3633 1
3633 3633 1
1494 1494 1
137 2528 1
2528 2528 1
137 137 1
60 137 1
137 1596 1
137 1999 1
2713 3145 1
3145 3145 1
371 3145 1
2766 3145 1
2713 2713 1
931 2516 1
2516 2516 1
931 931 1
931 2333 1
931 990 1
3059 3385 1
3059 3746 1
3059 3059 1
2934 3059 1
1956 2330 1
2330 2330 1
1956 2593 1
1956 1956 1
536 1956 1
188 1956 1
1373 1956 1
1573 1635 1
1635 1792 1
1635 1635 1
1635 2419 1
1573 1573 1
671 1573 1
645 2668 1
2668 2668 1
645 645 1
666 919 1
919 919 1
666 1680 1
666 1170 1
666 666 1
2268 2545 1
2545 2545 1
203 2268 1
2268 2268 1
859 985 1
985 985 1
859 859 1
1518 1768 1
1768 1944 1
1768 1768 1
589 1768 1
1518 1518 1
816 1902 1
1902 1902 1
816 816 1
290 816 1
1390 3340 1
1201 3340 1
3340 3340 1
530 1390 1
1390 1390 1
1408 2862 1
2862 2862 1
1408 1408 1
2695 2707 1
2707 2707 1
2695 2695 1
160 1699 1
1699 1699 1
160 160 1
384 942 1
942 942 1
774 942 1
384 384 1
1486 1774 1
1774 1774 1
1774 3743 1
1486 3557 1
812 1486 1
1486 1486 1
1486 2651 1
537 2895 1
2794 2895 1
70 2895 1
537 2788 1
537 3526 1
537 2026 1
537 1328 1
537 537 1
537 3642 1
537 1371 1
2230 3577 1
3577 3577 1
2230 2230 1
2690 3279 1
3279 3279 1
960 2690 1
2690 2690 1
3110 3272 1
3272 3272 1
98 3272 1
2783 3272 1
2347 3110 1
3110 3110 1
5 3285 1
3285 3285 1
5 1612 1
5 5 1
5 1758 1
796 3579 1
3579 3579 1
796 796 1
692 769 1
769 769 1
650 769 1
1696 2019 1
2019 2945 1
2019 2019 1
516 2019 1
1478 2019 1
204 2019 1
1875 2019 1
1024 1696 1
1696 3360 1
1696 3254 1
1696 1696 1
1249 2094 1
2094 2094 1
1249 1249 1
2575 2650 1
51 2650 1
1258 2650 1
2650 3660 1
275 2650 1
2650 3257 1
2650 2650 1
2575 2575 1
252 3055 1
3055 3055 1
252 252 1
1658 3536 1
3536 3536 1
1658 1658 1
95 1638 1
1638 1638 1
95 3568 1
95 95 1
95 1311 1
973 3274 1
3274 3274 1
973 973 1
973 3687 1
115 3686 1
3686 3686 1
115 115 1
115 2947 1
115 3622 1
3122 3807 1
3807 3807 1
199 3807 1
3122 3122 1
1655 2495 1
2495 3800 1
2249 2495 1
2495 3714 1
2495 3067 1
2495 2495 1
738 1655 1
1655 3170 1
1655 1655 1
1655 3261 1
3409 3495 1
2483 3495 1
3495 3495 1
3409 3409 1
1719 3409 1
1478 2343 1
1696 2343 1
2343 2945 1
2019 2343 1
516 2343 1
2343 2343 1
204 2343 1
1875 2343 1
1478 1478 1
1933 2239 1
2239 2239 1
1933 2460 1
1933 1933 1
519 1933 1
105 2698 1
2698 2698 1
105 105 1
105 349 1
2214 3791 1
3791 3791 1
2214 3051 1
2214 2214 1
57 3708 1
2153 3708 1
3708 3708 1
2249 2583 1
2583 3714 1
2583 2583 1
43 2583 1
1655 2583 1
2583 3800 1
2583 3067 1
93 2583 1
2495 2583 1
2249 2249 1
656 3793 1
3793 3793 1
656 656 1
656 3236 1
656 1934 1
1570 2379 1
2379 2379 1
1570 1570 1
108 3777 1
3777 3777 1
3202 3777 1
3171 3777 1
3524 3777 1
3494 3777 1
423 3777 1
45 3777 1
565 3777 1
1785 3777 1
1274 3777 1
2554 3777 1
108 108 1
1935 2726 1
2726 2726 1
1935 1935 1
1764 3324 1
3324 3324 1
1764 1764 1
2368 3278 1
3278 3278 1
2368 2792 1
1704 2368 1
2368 2368 1
702 2368 1
2386 2825 1
2825 2825 1
2386 3618 1
2386 2386 1
1200 2696 1
2696 2696 1
348 2696 1
1200 1200 1
2657 3387 1
3387 3387 1
2657 2657 1
1279 2766 1
2766 2766 1
1279 3145 1
1279 3571 1
1279 2034 1
371 1279 1
1279 2713 1
1279 1279 1
2073 2708 1
2708 2708 1
2708 3798 1
2073 2073 1
2073 2839 1
959 2073 1
2135 3414 1
3414 3414 1
2135 2135 1
907 2288 1
2288 2288 1
907 907 1
1855 2526 1
138 2526 1
2526 3820 1
2526 2526 1
1855 1855 1
91 2236 1
2236 2236 1
91 91 1
2453 3111 1
3111 3297 1
3111 3111 1
2312 2453 1
2453 2453 1
2503 2974 1
2974 2974 1
2503 2891 1
2503 2503 1
481 3042 1
3042 3042 1
481 481 1
882 2929 1
2929 2929 1
882 882 1
1342 1526 1
1526 1526 1
461 1526 1
2388 3199 1
3199 3199 1
2388 2579 1
2388 2388 1
1221 2388 1
621 1123 1
1123 1123 1
863 1123 1
1054 1123 1
1123 1751 1
621 621 1
1780 1864 1
1864 1864 1
468 1864 1
1780 1780 1
2540 3768 1
3768 3768 1
1083 3768 1
2540 2540 1
97 3591 1
3591 3591 1
97 97 1
97 2747 1
97 1534 1
2935 3185 1
3185 3185 1
369 2935 1
2935 2935 1
715 1441 1
1441 1441 1
715 715 1
262 1488 1
1488 1488 1
262 1922 1
262 3499 1
262 3322 1
262 262 1
433 2619 1
2619 2619 1
433 433 1
2512 2814 1
2814 2814 1
2512 2512 1
1862 2512 1
2405 3189 1
3189 3189 1
2405 3813 1
2405 2405 1
380 625 1
625 625 1
380 380 1
380 1458 1
380 436 1
1053 2693 1
2693 2693 1
1053 1053 1
521 673 1
673 673 1
521 521 1
295 3287 1
3287 3287 1
295 295 1
936 2991 1
595 2991 1
2991 2991 1
1815 2991 1
936 936 1
873 1330 1
1330 3633 1
1330 3722 1
1283 1330 1
1330 1330 1
1330 1494 1
873 873 1
2072 2843 1
2843 2843 1
2072 2072 1
3245 3622 1
3622 3622 1
115 3245 1
2947 3245 1
3245 3245 1
3245 3686 1
476 2070 1
2070 2070 1
476 476 1
2257 3806 1
1605 3806 1
3806 3806 1
2257 2257 1
16 2648 1
2648 2648 1
754 2648 1
1490 2648 1
186 2648 1
16 3210 1
16 3631 1
16 16 1
3172 3204 1
3204 3204 1
3172 3172 1
2692 3492 1
3492 3492 1
2692 2692 1
396 2256 1
2256 2256 1
1818 2256 1
396 396 1
676 2147 1
2147 3355 1
2147 2147 1
1091 2147 1
895 3559 1
3392 3559 1
2438 3559 1
3559 3559 1
3276 3559 1
2449 3559 1
1171 3559 1
1502 3559 1
895 895 1
463 2934 1
1588 2934 1
2934 2934 1
2574 2934 1
567 2934 1
463 3746 1
463 463 1
463 3059 1
463 3385 1
1042 1869 1
1869 1869 1
1042 3250 1
1042 1042 1
1042 1639 1
2974 3334 1
2891 3334 1
3334 3334 1
2503 3334 1
1077 2974 1
317 443 1
443 443 1
317 2500 1
317 1341 1
317 317 1
177 2038 1
2038 2056 1
2038 3088 1
2038 2038 1
177 1284 1
177 177 1
177 823 1
884 2281 1
2281 2281 1
1669 2281 1
2281 3493 1
884 884 1
2082 3794 1
2176 3794 1
3794 3794 1
2082 2082 1
1374 2203 1
1640 2203 1
2203 2203 1
532 2203 1
2203 2815 1
1374 2472 1
1374 1374 1
1374 1887 1
1623 3389 1
3389 3389 1
1623 1623 1
1249 3472 1
3472 3472 1
2094 3472 1
878 1203 1
1203 1203 1
878 1987 1
878 1029 1
878 878 1
594 878 1
878 1076 1
878 3483 1
897 1841 1
1841 1841 1
897 897 1
692 2553 1
769 2553 1
650 2553 1
2553 2553 1
692 874 1
692 1517 1
692 819 1
312 692 1
2356 3420 1
2944 3420 1
66 3420 1
2315 3420 1
3420 3420 1
133 2356 1
2356 3719 1
2356 2578 1
2356 2356 1
134 206 1
3 206 1
206 206 1
206 829 1
206 2423 1
206 3197 1
206 3775 1
134 2790 1
134 134 1
1490 1904 1
16 1904 1
1904 2648 1
754 1904 1
186 1904 1
1904 1904 1
234 1490 1
1490 2001 1
1490 1490 1
2134 3595 1
3595 3595 1
2134 2134 1
462 1188 1
1188 1188 1
462 462 1
1791 3138 1
3138 3138 1
1791 1791 1
506 2838 1
2838 2838 1
506 506 1
1259 2498 1
2498 3737 1
2498 2498 1
1259 2084 1
714 1259 1
1259 1259 1
1259 2198 1
23 1259 1
600 1259 1
1021 1259 1
407 2397 1
2397 2397 1
148 407 1
407 407 1
3529 3619 1
3619 3619 1
132 3619 1
2215 3619 1
3529 3529 1
3658 3720 1
3720 3720 1
844 3720 1
2548 3720 1
245 3720 1
3288 3720 1
1211 3720 1
3658 3658 1
2352 3634 1
2066 3634 1
3634 3634 1
1413 3634 1
2352 2352 1
1031 2352 1
86 288 1
288 288 1
86 86 1
167 2958 1
525 2958 1
2958 2958 1
167 167 1
2427 2630 1
2630 2630 1
2427 2427 1
2458 3498 1
3498 3498 1
1569 2458 1
2458 2458 1
2458 3411 1
2458 3310 1
2488 3314 1
3314 3314 1
2488 2488 1
591 1438 1
1438 1438 1
591 2409 1
591 591 1
574 3146 1
3146 3146 1
1821 3146 1
574 574 1
663 3467 1
3467 3467 1
663 663 1
1882 2352 1
1413 1882 1
1031 1882 1
1882 3634 1
1882 2066 1
1882 1882 1
2624 3559 1
2624 3392 1
2624 2624 1
2438 2624 1
2624 3276 1
2449 2624 1
1171 2624 1
1502 2624 1
895 2624 1
1598 1855 1
138 1598 1
1598 3820 1
1598 1598 1
1598 2526 1
1456 1596 1
1596 1596 1
1456 2528 1
137 1456 1
1456 1999 1
1456 1456 1
60 1456 1
1218 1942 -1
454 1429 -1
1429 1808 -1
624 1429 -1
454 1713 -1
2132 2210 -1
216 1188 -1
1452 1666 -1
2789 2903 -1
1119 3603 -1
551 2740 -1
1059 1538 -1
151 1538 -1
1538 3157 -1
261 1538 -1
2406 3169 -1
2138 3169 -1
999 2406 -1
1589 2434 -1
1589 2758 -1
1171 2440 -1
2440 3392 -1
2440 2449 -1
2438 2440 -1
1502 2440 -1
895 2440 -1
401 1925 -1
1925 2667 -1
13 1925 -1
469 924 -1
469 783 -1
505 712 -1
1106 2733 -1
752 2733 -1
627 1106 -1
1199 1238 -1
1238 2824 -1
1238 2666 -1
1238 2645 -1
1238 3709 -1
1199 2012 -1
1199 1349 -1
2035 3376 -1
2035 3600 -1
2035 3332 -1
67 3409 -1
2085 3409 -1
3093 3409 -1
67 2483 -1
3257 3325 -1
51 3325 -1
1258 3325 -1
3325 3660 -1
2575 3325 -1
275 3325 -1
2836 3325 -1
2646 3325 -1
323 2001 -1
1213 2001 -1
323 1904 -1
234 323 -1
374 1305 -1
3207 3297 -1
2453 3207 -1
596 988 -1
988 3008 -1
558 988 -1
148 408 -1
408 2397 -1
148 538 -1
148 1899 -1
148 3563 -1
775 2345 -1
529 614 -1
2465 2478 -1
99 2465 -1
1809 2763 -1
1809 2375 -1
2321 3417 -1
1683 3272 -1
205 3272 -1
1683 2347 -1
48 2749 -1
968 2586 -1
706 2214 -1
3405 3570 -1
1817 2677 -1
1817 2905 -1
1258 1721 -1
51 1721 -1
1721 3660 -1
1721 2575 -1
275 1721 -1
1721 2836 -1
1721 2646 -1
1721 3257 -1
547 2683 -1
547 2529 -1
547 2110 -1
569 1958 -1
569 1079 -1
2511 2955 -1
2862 2881 -1
788 2862 -1
1693 2862 -1
2092 2834 -1
2834 3321 -1
2834 3006 -1
1563 2092 -1
2092 2893 -1
300 2137 -1
95 2816 -1
1598 3526 -1
2367 3778 -1
1347 3778 -1
2124 3778 -1
1969 3769 -1
1965 2687 -1
1256 2687 -1
2632 2687 -1
2687 3566 -1
1167 2687 -1
1965 2497 -1
1556 2855 -1
785 2855 -1
1556 2032 -1
1156 2071 -1
1156 1848 -1
1156 1394 -1
1156 3501 -1
58 2662 -1
2200 2662 -1
1888 2134 -1
2294 3690 -1
2294 3192 -1
1333 3682 -1
1191 1333 -1
1452 1683 -1
205 1452 -1
3065 3513 -1
1115 3513 -1
1446 3625 -1
736 1999 -1
736 2528 -1
736 1596 -1
60 736 -1
115 3555 -1
241 3453 -1
316 2009 -1
1844 2584 -1
998 1519 -1
918 1519 -1
407 2779 -1
160 3784 -1
1609 3333 -1
2074 2900 -1
2717 2736 -1
1148 3398 -1
827 2178 -1
2579 3432 -1
1221 3432 -1
3199 3432 -1
291 2342 -1
291 1835 -1
1249 3091 -1
517 3174 -1
3174 3402 -1
517 974 -1
517 1286 -1
996 3133 -1
753 2394 -1
1980 3670 -1
185 3016 -1
2418 3016 -1
1355 3759 -1
417 3582 -1
417 2468 -1
47 417 -1
248 2804 -1
672 1476 -1
1319 1476 -1
198 2597 -1
2018 2597 -1
2116 2597 -1
399 2597 -1
1940 3091 -1
1300 3456 -1
2129 3456 -1
335 3456 -1
1267 3677 -1
1531 3677 -1
1661 3677 -1
2542 3677 -1
1267 2340 -1
1228 2121 -1
1228 2391 -1
1956 2138 -1
1956 2406 -1
324 587 -1
1547 2323 -1
1689 2792 -1
1689 1704 -1
1689 3278 -1
702 1689 -1
2639 3186 -1
898 2639 -1
1060 2639 -1
1613 3294 -1
2228 3663 -1
2088 2432 -1
846 3208 -1
846 2063 -1
318 846 -1
846 2487 -1
1953 2726 -1
609 2950 -1
1172 2085 -1
67 1172 -1
1172 3093 -1
735 3516 -1
2219 2620 -1
2620 3581 -1
1506 2219 -1
586 2219 -1
1329 2504 -1
189 1237 -1
803 1969 -1
545 1969 -1
1969 3594 -1
1367 1731 -1
1173 2497 -1
1173 2687 -1
2261 3301 -1
2261 2374 -1
283 763 -1
763 3082 -1
763 2780 -1
373 763 -1
763 2181 -1
1882 3432 -1
2462 3267 -1
843 2256 -1
2256 2479 -1
992 1716 -1
976 992 -1
992 2914 -1
50 992 -1
992 1293 -1
1416 3386 -1
3348 3386 -1
806 2027 -1
806 1983 -1
2464 2816 -1
1235 3288 -1
1235 2548 -1
1235 3658 -1
1211 1235 -1
844 1235 -1
245 1235 -1
179 1533 -1
1384 1539 -1
1539 2384 -1
2505 3204 -1
873 2095 -1
2095 3722 -1
1283 2095 -1
1494 2095 -1
2535 3469 -1
1893 2535 -1
810 1840 -1
54 2177 -1
2177 2232 -1
2177 3716 -1
54 392 -1
579 1969 -1
1064 1969 -1
673 2297 -1
1774 1980 -1
1980 2651 -1
812 1980 -1
1980 3557 -1
188 1102 -1
536 1102 -1
1102 2593 -1
1102 2330 -1
1102 1373 -1
1030 1865 -1
1406 1865 -1
1865 2174 -1
921 1030 -1
1703 2008 -1
2008 3361 -1
1410 2008 -1
613 2008 -1
1678 2008 -1
2008 2067 -1
1910 2008 -1
65 3104 -1
65 2515 -1
1107 2228 -1
1742 3521 -1
1313 1997 -1
1313 2306 -1
57 2959 -1
930 3728 -1
521 1669 -1
521 884 -1
521 3493 -1
665 1464 -1
792 3746 -1
792 2934 -1
110 3374 -1
559 3374 -1
1078 2997 -1
402 3335 -1
3249 3335 -1
336 402 -1
2440 3126 -1
461 1171 -1
461 3392 -1
461 2449 -1
461 2438 -1
461 1502 -1
461 895 -1
2558 2864 -1
1977 2716 -1
805 2716 -1
382 2345 -1
3121 3368 -1
889 3121 -1
1873 3473 -1
1873 2194 -1
1873 2439 -1
1326 2636 -1
1514 2636 -1
1754 2300 -1
115 871 -1
1237 1897 -1
2415 2610 -1
528 2610 -1
1712 2610 -1
920 2155 -1
920 3268 -1
436 610 -1
610 625 -1
610 1458 -1
436 2192 -1
139 436 -1
3007 3409 -1
3409 3672 -1
2483 3007 -1
3450 3707 -1
1598 2179 -1
1052 1801 -1
1605 2780 -1
2257 2780 -1
1605 3082 -1
283 1605 -1
373 1605 -1
1605 2181 -1
100 2913 -1
100 1113 -1
100 2778 -1
1238 3505 -1
2012 3505 -1
1349 3505 -1
800 1238 -1
1238 2080 -1
1498 3822 -1
1392 1498 -1
964 2154 -1
578 964 -1
964 2857 -1
964 2447 -1
964 2420 -1
964 1430 -1
535 964 -1
2665 3403 -1
130 2665 -1
1007 1256 -1
1007 2632 -1
1007 1965 -1
1007 3566 -1
1007 1167 -1
1034 1108 -1
1034 3311 -1
969 1814 -1
969 2053 -1
910 1715 -1
1715 3070 -1
463 2025 -1
1588 2025 -1
2025 2574 -1
567 2025 -1
463 1856 -1
45 2873 -1
45 890 -1
276 1959 -1
276 3532 -1
2554 3305 -1
3202 3305 -1
3171 3305 -1
3305 3524 -1
3305 3494 -1
423 3305 -1
108 3305 -1
565 3305 -1
1785 3305 -1
1274 3305 -1
417 1989 -1
367 417 -1
550 2240 -1
897 1101 -1
463 2980 -1
1588 2980 -1
2574 2980 -1
567 2980 -1
3293 3522 -1
1233 3293 -1
145 510 -1
294 510 -1
145 3244 -1
849 3639 -1
3019 3639 -1
1394 1439 -1
1439 1848 -1
1439 3501 -1
1439 2071 -1
1517 3822 -1
312 3822 -1
2553 3822 -1
819 3822 -1
1392 1517 -1
2372 2751 -1
1723 1893 -1
1723 3469 -1
359 2053 -1
359 1814 -1
1086 2600 -1
1086 2796 -1
768 2717 -1
2128 2717 -1
758 2222 -1
465 1840 -1
1726 3274 -1
1726 3687 -1
1978 3631 -1
1697 3631 -1
1978 2648 -1
1978 3210 -1
413 3337 -1
10 3337 -1
3021 3337 -1
3241 3249 -1
3072 3249 -1
1762 3249 -1
402 3241 -1
721 2742 -1
1420 1545 -1
109 2533 -1
2533 3036 -1
427 2513 -1
1298 2513 -1
427 2369 -1
427 2442 -1
1050 3715 -1
1050 2216 -1
476 2340 -1
476 3677 -1
855 1681 -1
363 2802 -1
1288 3703 -1
3610 3703 -1
844 2238 -1
2238 3288 -1
2238 3658 -1
1211 2238 -1
2238 2548 -1
245 2238 -1
16 1398 -1
754 1398 -1
1398 1490 -1
186 1398 -1
1030 2141 -1
1406 2141 -1
2141 2174 -1
861 2537 -1
1181 2537 -1
861 1650 -1
635 861 -1
861 1954 -1
180 2962 -1
1122 2962 -1
1250 3736 -1
1250 3697 -1
1250 2354 -1
4 1250 -1
213 1250 -1
1250 3597 -1
417 1552 -1
417 2226 -1
1215 2773 -1
1206 3146 -1
3080 3146 -1
3429 3685 -1
1622 3685 -1
1131 2860 -1
1131 2273 -1
29 1131 -1
969 2758 -1
969 2434 -1
1554 2520 -1
737 3545 -1
3123 3545 -1
2900 3579 -1
24 481 -1
1227 2082 -1
1604 2082 -1
2082 3010 -1
1100 2082 -1
2082 3661 -1
2082 2710 -1
1227 2176 -1
362 1771 -1
333 856 -1
856 1068 -1
1032 2935 -1
1572 3338 -1
1572 3705 -1
875 2048 -1
2148 2726 -1
4 2977 -1
2977 3736 -1
2354 2977 -1
213 2977 -1
2977 3597 -1
1567 3026 -1
1282 2113 -1
582 1282 -1
2574 3012 -1
463 3012 -1
1588 3012 -1
567 3012 -1
219 2574 -1
2620 2746 -1
1506 2746 -1
586 2746 -1
2519 2689 -1
92 2689 -1
935 2215 -1
935 3529 -1
935 1730 -1
132 935 -1
1508 2749 -1
1415 2749 -1
1715 1900 -1
1273 1715 -1
1715 3426 -1
1715 3229 -1
1715 2863 -1
1681 2016 -1
1657 1681 -1
13 234 -1
234 401 -1
234 2667 -1
13 1904 -1
13 2001 -1
375 3429 -1
375 1622 -1
469 1501 -1
1423 2634 -1
1503 1740 -1
1503 2140 -1
1500 1503 -1
1717 3203 -1
1048 2063 -1
1048 3208 -1
318 1048 -1
1048 2487 -1
1080 3711 -1
1080 3336 -1
1080 1839 -1
544 815 -1
2386 3639 -1
1594 2093 -1
2093 3567 -1
102 2742 -1
2174 2846 -1
1406 2846 -1
1030 2846 -1
863 2225 -1
621 2225 -1
1054 2225 -1
1751 2225 -1
1731 2903 -1
309 3131 -1
309 1673 -1
1355 2137 -1
296 1793 -1
630 1733 -1
1908 3085 -1
126 1908 -1
2259 2282 -1
725 3351 -1
725 799 -1
525 3604 -1
167 3604 -1
459 2783 -1
98 459 -1
459 3110 -1
1092 2836 -1
1092 3257 -1
1092 1258 -1
1092 2646 -1
960 3654 -1
3279 3654 -1
2429 2755 -1
601 1092 -1
321 1092 -1
2992 3262 -1
2716 2882 -1
2250 2716 -1
2716 2799 -1
1558 2073 -1
2073 3141 -1
2073 2430 -1
1558 3798 -1
974 3570 -1
3174 3570 -1
1286 3570 -1
460 611 -1
800 2353 -1
2080 2353 -1
2353 3505 -1
522 2628 -1
1821 3601 -1
574 3601 -1
34 2213 -1
1224 2213 -1
1549 2213 -1
1362 2011 -1
63 3267 -1
2161 3267 -1
786 1551 -1
1088 1551 -1
1685 1925 -1
1925 2020 -1
2316 3518 -1
1826 3518 -1
700 3518 -1
2717 3526 -1
968 2542 -1
968 1531 -1
968 1661 -1
968 1267 -1
2252 2274 -1
589 2059 -1
1944 2059 -1
1518 2059 -1
631 1202 -1
25 1202 -1
1202 1781 -1
1689 2300 -1
435 471 -1
1063 3667 -1
1063 3347 -1
1063 1252 -1
3779 3788 -1
3120 3788 -1
131 3779 -1
115 1573 -1
115 1792 -1
115 2419 -1
337 760 -1
337 1957 -1
337 3407 -1
250 3779 -1
1641 3779 -1
1626 3779 -1
686 3779 -1
250 3120 -1
2117 3715 -1
2272 3715 -1
3544 3715 -1
2117 2216 -1
1160 1172 -1
1172 3802 -1
1172 3499 -1
175 1639 -1
175 3250 -1
175 1869 -1
516 735 -1
735 1696 -1
735 2945 -1
735 1875 -1
204 735 -1
735 1478 -1
3040 3790 -1
395 2066 -1
395 2352 -1
395 1413 -1
1516 2414 -1
967 1516 -1
2814 3430 -1
1862 3430 -1
661 3232 -1
661 1230 -1
54 2792 -1
2232 2792 -1
2792 3716 -1
54 1704 -1
54 3278 -1
54 702 -1
57 1401 -1
1346 3619 -1
1716 2905 -1
976 2905 -1
2905 2914 -1
50 2905 -1
1293 2905 -1
1716 2677 -1
2967 3511 -1
2912 2967 -1
2320 2531 -1
1600 2179 -1
2482 3276 -1
1477 2965 -1
1477 3810 -1
1305 2468 -1
1305 3582 -1
47 1305 -1
101 3750 -1
1504 3110 -1
98 1504 -1
1504 2783 -1
196 3587 -1
1787 3587 -1
216 2642 -1
216 883 -1
216 1356 -1
1845 2113 -1
582 1845 -1
1036 3389 -1
98 2905 -1
2905 3110 -1
2783 2905 -1
98 2677 -1
1113 1587 -1
1587 2913 -1
1587 2778 -1
3142 3424 -1
3424 3445 -1
598 3424 -1
714 2694 -1
2498 2694 -1
2084 2694 -1
2198 2694 -1
23 2694 -1
600 2694 -1
1021 2694 -1
651 1634 -1
651 3260 -1
651 2292 -1
651 2445 -1
651 2982 -1
472 497 -1
476 1985 -1
638 964 -1
964 1575 -1
656 3412 -1
440 2459 -1
166 2459 -1
819 3584 -1
312 3584 -1
2553 3584 -1
874 3584 -1
1517 3584 -1
1472 1642 -1
238 986 -1
416 986 -1
90 986 -1
1801 2232 -1
1801 3716 -1
54 1801 -1
457 3137 -1
1655 2050 -1
2050 3800 -1
2050 2249 -1
2050 3714 -1
2050 3067 -1
3477 3746 -1
2934 3477 -1
1528 3391 -1
352 959 -1
959 3227 -1
352 2708 -1
352 2839 -1
1875 3587 -1
1696 3587 -1
2945 3587 -1
516 3587 -1
204 3587 -1
1478 3587 -1
811 2290 -1
1672 2290 -1
173 1120 -1
173 2451 -1
2120 2922 -1
1109 2922 -1
2330 3362 -1
536 3362 -1
2593 3362 -1
188 3362 -1
1373 3362 -1
1180 3348 -1
1180 1416 -1
1960 2501 -1
2861 3129 -1
2370 2861 -1
2349 3175 -1
2832 3175 -1
2641 3175 -1
1386 3175 -1
1303 3175 -1
515 1381 -1
1232 1381 -1
1381 2441 -1
3208 3730 -1
2063 3730 -1
318 3730 -1
2487 3730 -1
696 3208 -1
1354 3208 -1
267 648 -1
648 3105 -1
26 648 -1
267 3349 -1
1693 2977 -1
2881 2977 -1
788 2977 -1
116 1623 -1
745 3484 -1
888 3820 -1
2951 3820 -1
138 888 -1
888 1855 -1
379 1175 -1
1365 2814 -1
1365 1862 -1
1339 2225 -1
2507 3740 -1
2232 3200 -1
3200 3716 -1
54 3200 -1
2166 2361 -1
2144 3245 -1
415 1203 -1
415 594 -1
415 3483 -1
415 1076 -1
415 1029 -1
1178 2548 -1
1178 3288 -1
1178 3658 -1
1178 1211 -1
844 1178 -1
245 1178 -1
1525 3785 -1
1525 3500 -1
52 1735 -1
405 2464 -1
755 3060 -1
349 1557 -1
1557 2698 -1
224 349 -1
24 102 -1
550 2602 -1
577 2330 -1
536 577 -1
577 2593 -1
188 577 -1
577 1373 -1
2702 2975 -1
1451 2702 -1
2702 3461 -1
158 2126 -1
3343 3522 -1
2923 3522 -1
1233 3343 -1
348 1967 -1
1200 1967 -1
452 3280 -1
1407 3151 -1
1585 3151 -1
335 1399 -1
1399 2129 -1
1300 1399 -1
335 2685 -1
335 2631 -1
1216 3142 -1
1216 3445 -1
598 1216 -1
161 3495 -1
161 1719 -1
416 1359 -1
90 1359 -1
238 1359 -1
2626 3385 -1
1877 2202 -1
2571 3726 -1
490 2571 -1
16 567 -1
567 754 -1
567 1490 -1
186 567 -1
16 1588 -1
16 2574 -1
16 463 -1
2653 2767 -1
2576 2653 -1
905 2653 -1
652 3059 -1
1188 1430 -1
578 1188 -1
1188 2857 -1
1188 2154 -1
1188 2447 -1
1188 2420 -1
535 1188 -1
916 1130 -1
3218 3741 -1
471 2937 -1
1394 3153 -1
1848 3153 -1
3153 3501 -1
2071 3153 -1
1026 2419 -1
1026 1792 -1
1026 1573 -1
693 2309 -1
2309 2530 -1
691 2309 -1
2309 3452 -1
992 2815 -1
992 1640 -1
532 992 -1
992 1374 -1
308 1446 -1
1025 1446 -1
1446 3756 -1
1446 2509 -1
313 2127 -1
313 1121 -1
249 649 -1
249 498 -1
249 1827 -1
249 2378 -1
474 1719 -1
474 3495 -1
1911 3029 -1
2068 3029 -1
1440 1911 -1
1911 3176 -1
1911 3270 -1
1911 2151 -1
3065 3805 -1
1115 3805 -1
521 728 -1
1383 3055 -1
18 3055 -1
1444 3473 -1
1444 2194 -1
1444 2439 -1
1246 3411 -1
2083 3411 -1
1418 3411 -1
1743 3411 -1
2711 3411 -1
1246 1569 -1
1246 3498 -1
1762 3239 -1
3072 3239 -1
3239 3241 -1
887 3034 -1
3003 3556 -1
3353 3749 -1
1979 3749 -1
629 2379 -1
2247 2379 -1
1588 2332 -1
463 2332 -1
2332 2574 -1
567 2332 -1
2164 2581 -1
1743 1792 -1
1418 1792 -1
1792 2083 -1
1246 1792 -1
1792 2711 -1
1743 2419 -1
1573 1743 -1
1291 3596 -1
2220 3596 -1
1366 3596 -1
813 3596 -1
2686 3596 -1
85 3596 -1
1291 1608 -1
2657 3713 -1
2569 2657 -1
1961 2657 -1
390 425 -1
183 425 -1
425 1391 -1
19 757 -1
2506 2885 -1
1337 2506 -1
2421 2506 -1
2249 3725 -1
3714 3725 -1
43 3725 -1
1655 3725 -1
3725 3800 -1
3067 3725 -1
93 3725 -1
159 2249 -1
1035 2219 -1
2219 3630 -1
1035 3581 -1
1634 3809 -1
3260 3809 -1
2292 3809 -1
2445 3809 -1
2982 3809 -1
1703 1765 -1
1765 3361 -1
1410 1765 -1
613 1765 -1
1678 1765 -1
1765 2067 -1
1765 1910 -1
1703 3082 -1
373 1703 -1
1703 2181 -1
2232 2800 -1
2800 3716 -1
54 2800 -1
181 1264 -1
352 2495 -1
2495 3227 -1
352 738 -1
352 3170 -1
352 3261 -1
436 516 -1
516 625 -1
516 1458 -1
436 1696 -1
436 2945 -1
436 1875 -1
204 436 -1
436 1478 -1
981 3625 -1
1037 3625 -1
1395 2052 -1
151 1987 -1
1059 1987 -1
261 1987 -1
1987 3157 -1
140 1441 -1
2441 2972 -1
1232 2972 -1
515 2972 -1
731 2100 -1
1745 2693 -1
2632 3384 -1
1256 3384 -1
1965 3384 -1
3384 3566 -1
1167 3384 -1
1737 2297 -1
1919 2297 -1
2344 3787 -1
2344 3421 -1
2259 2952 -1
811 1605 -1
1605 1672 -1
811 2257 -1
2041 2724 -1
1304 2724 -1
2264 2855 -1
2032 2264 -1
1520 2558 -1
2558 3573 -1
2558 3694 -1
756 1671 -1
756 908 -1
2627 2806 -1
2806 2940 -1
2806 3341 -1
1262 1665 -1
1667 3570 -1
2361 3619 -1
2197 2540 -1
1083 2197 -1
1497 3684 -1
894 3684 -1
1926 3684 -1
1363 2491 -1
1164 2134 -1
1400 2191 -1
1179 2191 -1
503 2969 -1
122 2969 -1
974 3774 -1
3174 3774 -1
1286 3774 -1
1386 1756 -1
1756 2832 -1
1756 2641 -1
1756 2349 -1
1386 1647 -1
146 3484 -1
1018 3282 -1
546 3282 -1
200 1396 -1
2024 3410 -1
424 3410 -1
2946 3410 -1
574 1143 -1
1143 1821 -1
885 966 -1
488 885 -1
885 2712 -1
767 2610 -1
297 3506 -1
1524 3506 -1
1236 3506 -1
2326 3506 -1
1583 3506 -1
784 1690 -1
784 1016 -1
494 1401 -1
1779 2489 -1
1 730 -1
1 3379 -1
1 3087 -1
835 3025 -1
1638 3174 -1
3174 3568 -1
1311 3174 -1
974 1638 -1
1286 1638 -1
1461 3185 -1
369 1461 -1
3393 3607 -1
917 2292 -1
917 1634 -1
917 3260 -1
917 2445 -1
917 2982 -1
1939 3787 -1
1939 3421 -1
230 1671 -1
230 908 -1
1643 3581 -1
1643 2219 -1
189 3484 -1
1816 3377 -1
2122 3377 -1
792 3155 -1
1892 3672 -1
1852 3672 -1
1581 3672 -1
710 3672 -1
1892 3007 -1
1110 3524 -1
1110 3202 -1
1110 3171 -1
1110 3494 -1
423 1110 -1
108 1110 -1
565 1110 -1
1110 1785 -1
1110 1274 -1
1110 2554 -1
1421 3385 -1
228 657 -1
228 1530 -1
228 1147 -1
228 1615 -1
2137 2926 -1
2000 2137 -1
328 2137 -1
2137 2933 -1
391 418 -1
418 2324 -1
391 2359 -1
860 2840 -1
1785 2840 -1
2840 3202 -1
1905 3265 -1
2168 2665 -1
2634 3710 -1
3166 3214 -1
187 3214 -1
1008 3166 -1
2825 2911 -1
2911 3618 -1
259 3516 -1
2426 3020 -1
2299 3510 -1
213 602 -1
602 3736 -1
602 3697 -1
602 2354 -1
4 602 -1
602 3597 -1
2030 2847 -1
1320 2847 -1
1142 2808 -1
2515 2769 -1
2769 3104 -1
623 2515 -1
174 1204 -1
174 1389 -1
174 1927 -1
459 3322 -1
459 1488 -1
459 1922 -1
20 3702 -1
2393 3698 -1
1289 3698 -1
147 3698 -1
3698 3727 -1
1607 3581 -1
628 3581 -1
1607 2219 -1
675 3422 -1
389 3804 -1
5 496 -1
547 2912 -1
547 3511 -1
143 1201 -1
143 1390 -1
1204 1534 -1
1389 1534 -1
1534 1927 -1
1204 2747 -1
1204 3591 -1
781 3126 -1
989 3126 -1
2405 2955 -1
336 1525 -1
1525 3335 -1
2801 3216 -1
75 707 -1
707 954 -1
2402 2681 -1
720 2681 -1
2565 2681 -1
29 899 -1
899 2273 -1
899 2860 -1
630 2142 -1
333 1173 -1
1068 1173 -1
296 1485 -1
2556 3300 -1
94 294 -1
94 145 -1
1497 3483 -1
894 3483 -1
1926 3483 -1
594 1497 -1
1203 1497 -1
1076 1497 -1
1029 1497 -1
335 1704 -1
1704 2129 -1
1300 1704 -1
335 2792 -1
335 818 -1
335 1860 -1
335 3278 -1
335 702 -1
799 1564 -1
1564 3351 -1
464 1207 -1
464 1955 -1
524 3240 -1
524 3136 -1
1622 1706 -1
1706 3429 -1
969 3514 -1
2180 2230 -1
2230 2401 -1
2230 2271 -1
160 3312 -1
160 3504 -1
160 3152 -1
160 3237 -1
160 1094 -1
160 2599 -1
2343 3177 -1
2343 3460 -1
878 1090 -1
753 1989 -1
367 753 -1
1003 3462 -1
183 3072 -1
390 3072 -1
1391 3072 -1
183 3241 -1
183 1762 -1
811 1553 -1
1553 1672 -1
811 1857 -1
3190 3732 -1
1642 3115 -1
2161 2434 -1
63 2434 -1
2161 2758 -1
176 3455 -1
2601 2990 -1
1800 2990 -1
1796 2290 -1
1191 3328 -1
3328 3682 -1
1840 2059 -1
2437 2892 -1
875 1467 -1
1308 1397 -1
806 3112 -1
2233 3086 -1
2172 3086 -1
2637 3086 -1
2106 2894 -1
965 2894 -1
1087 2887 -1
2887 3792 -1
531 3376 -1
2580 3376 -1
531 3600 -1
531 3332 -1
40 1883 -1
1540 1696 -1
1540 2945 -1
1540 1875 -1
516 1540 -1
204 1540 -1
1478 1540 -1
2408 2516 -1
2333 2408 -1
990 2408 -1
2750 3601 -1
1415 2336 -1
1508 2336 -1
2070 2618 -1
777 3523 -1
3523 3592 -1
2897 3523 -1
1749 3523 -1
2262 3523 -1
547 3037 -1
1067 1704 -1
1382 1704 -1
1067 2792 -1
818 1067 -1
1067 1860 -1
1067 3278 -1
702 1067 -1
467 752 -1
467 1106 -1
2345 3029 -1
1440 2345 -1
2345 3176 -1
2345 3270 -1
2151 2345 -1
2962 3170 -1
738 2962 -1
2962 3261 -1
2495 2962 -1
493 3400 -1
1752 1875 -1
1875 3379 -1
1875 3087 -1
1696 1752 -1
1752 2945 -1
516 1752 -1
204 1752 -1
1478 1752 -1
2355 3576 -1
3390 3576 -1
1730 3714 -1
132 3714 -1
2215 3714 -1
1730 3800 -1
1730 2249 -1
1730 3067 -1
1655 1730 -1
695 2814 -1
2467 2814 -1
695 1862 -1
1299 2271 -1
1299 2401 -1
1299 2180 -1
744 814 -1
338 2515 -1
338 3104 -1
210 2180 -1
210 2401 -1
210 2271 -1
101 2635 -1
1255 1956 -1
1880 2249 -1
1880 3714 -1
43 1880 -1
1655 1880 -1
1880 3800 -1
1880 3067 -1
93 1880 -1
174 1283 -1
174 873 -1
174 3722 -1
174 1494 -1
981 3460 -1
1037 3460 -1
981 3177 -1
2073 3612 -1
3612 3798 -1
3391 3396 -1
940 3391 -1
1620 2141 -1
154 1672 -1
154 811 -1
1901 3555 -1
1298 2427 -1
427 2427 -1
766 2327 -1
946 1466 -1
554 3457 -1
554 1679 -1
1751 3726 -1
621 3726 -1
1054 3726 -1
863 3726 -1
490 1751 -1
17 1969 -1
2997 3371 -1
685 1920 -1
685 3101 -1
685 1118 -1
527 685 -1
1783 2401 -1
1783 2180 -1
1783 2271 -1
669 1490 -1
16 669 -1
669 754 -1
186 669 -1
126 937 -1
937 3085 -1
880 1334 -1
1729 2021 -1
2082 2784 -1
2176 2784 -1
1188 2296 -1
1131 1529 -1
2132 3680 -1
459 918 -1
459 998 -1
1916 3061 -1
1165 2888 -1
216 660 -1
1824 2708 -1
1824 2073 -1
1824 2839 -1
1824 3798 -1
959 1824 -1
845 2007 -1
675 1989 -1
367 675 -1
397 802 -1
802 2428 -1
