358 2825 1
1816 2340 1
1624 3519 1
826 1905 1
2325 3631 1
2916 3212 1
721 3034 1
737 1612 1
423 2028 1
2165 2308 1
62 126 1
592 609 1
377 1076 1
1484 2104 1
443 1203 1
1266 1685 1
1169 3051 1
1922 3074 1
1864 2613 1
217 2048 1
861 1597 1
443 3352 1
1203 3352 1
2340 2810 1
1816 2810 1
531 3579 1
3089 3488 1
2201 2534 1
1431 1610 1
636 3759 1
473 505 1
3456 3807 1
2937 3721 1
1406 1518 1
3631 3679 1
2325 3679 1
2974 3440 1
589 2651 1
1485 3519 1
1485 1624 1
473 1087 1
505 1087 1
2642 2642 1
267 3557 1
2019 2223 1
2145 2195 1
2504 2506 1
2309 3763 1
920 3770 1
3055 3621 1
1691 3372 1
1267 1626 1
840 3066 1
840 3810 1
3066 3810 1
2779 2796 1
3225 3225 1
1884 3032 1
11 1920 1
3073 3401 1
1225 3763 1
1225 2309 1
2717 3395 1
686 1487 1
2237 2949 1
692 733 1
783 2242 1
1813 3349 1
2704 2824 1
1311 1861 1
599 2516 1
1347 1998 1
78 1720 1
1813 2673 1
2673 3349 1
1840 2611 1
2087 3036 1
1751 3362 1
2064 3710 1
527 3375 1
1052 2768 1
2663 2692 1
863 3294 1
2666 2973 1
599 2577 1
2516 2577 1
2577 3651 1
2516 3651 1
599 3651 1
476 2333 1
2414 3747 1
491 1736 1
2211 3682 1
385 3668 1
2189 2238 1
1326 3268 1
644 1338 1
1424 3591 1
1686 3781 1
1056 1633 1
1239 2927 1
1781 2492 1
1437 3649 1
99 2944 1
3223 3701 1
1906 3172 1
705 1972 1
1004 1749 1
2189 3320 1
2238 3320 1
1268 2285 1
2356 2655 1
2298 3652 1
408 2908 1
1716 2795 1
1338 2953 1
644 2953 1
1993 3151 1
942 1527 1
1713 3592 1
316 1391 1
2658 3064 1
1197 2914 1
970 1004 1
970 1749 1
779 956 1
885 3391 1
822 3742 1
3649 3771 1
1437 3771 1
1338 2944 1
2944 2953 1
644 2944 1
99 1338 1
3130 3701 1
3130 3223 1
2186 2478 1
547 3711 1
192 2177 1
66 3771 1
66 3649 1
66 1437 1
806 1888 1
1196 1625 1
725 1888 1
725 806 1
247 2026 1
300 2661 1
1700 1755 1
687 1557 1
500 3182 1
2170 2963 1
1090 1817 1
1161 1788 1
893 3495 1
582 687 1
582 1557 1
395 2409 1
618 1848 1
2051 3495 1
893 2051 1
2271 3451 1
3024 3642 1
14 80 1
757 787 1
1499 1574 1
3639 3816 1
3582 3583 1
2394 3816 1
2394 3639 1
82 964 1
569 1639 1
301 579 1
1938 2660 1
1097 2377 1
3412 3816 1
2394 3412 1
3412 3639 1
1183 2975 1
1003 2264 1
74 3234 1
3018 3688 1
302 2990 1
233 3572 1
2217 2955 1
618 3215 1
1848 3215 1
2458 3098 1
757 2294 1
787 2294 1
373 3288 1
2152 3345 1
343 525 1
754 2581 1
758 3805 1
323 2905 1
775 2280 1
1453 3477 1
2202 3197 1
1541 1942 1
39 2922 1
469 3662 1
386 3157 1
1603 2289 1
875 1425 1
1041 1456 1
222 1456 1
222 1041 1
437 2439 1
272 3165 1
1554 2098 1
2872 3154 1
168 669 1
685 3148 1
1400 3752 1
577 3154 1
577 2872 1
577 2280 1
2280 2872 1
2280 3154 1
577 775 1
2290 2452 1
3548 3775 1
134 754 1
134 2581 1
2579 3531 1
317 1425 1
317 875 1
874 1753 1
1670 2510 1
2176 2495 1
1916 2148 1
1735 2619 1
127 1628 1
67 3195 1
386 389 1
389 3157 1
1188 3805 1
758 1188 1
2241 3604 1
2183 2982 1
1578 2759 1
793 2105 1
2062 3010 1
249 1436 1
897 1112 1
2373 2839 1
2058 3574 1
1955 2239 1
1556 2830 1
2139 2241 1
2139 3604 1
2213 3308 1
218 3047 1
2466 2931 1
1207 1369 1
1441 2168 1
588 1833 1
2105 2365 1
793 2365 1
1921 3163 1
2225 3611 1
1441 2058 1
2058 2168 1
1441 3574 1
2275 3724 1
2709 2982 1
2183 2709 1
1167 2777 1
1516 1995 1
184 1830 1
2709 2774 1
2774 2982 1
2183 2774 1
135 2698 1
65 3190 1
13 805 1
1800 2698 1
135 1800 1
1721 3080 1
514 3757 1
405 3704 1
523 1060 1
1604 1656 1
739 785 1
2694 2798 1
148 2061 1
529 2588 1
1558 2514 1
496 1791 1
867 1987 1
1706 2783 1
1367 1550 1
1083 3394 1
984 1352 1
1359 2038 1
334 2426 1
1845 3746 1
2842 3455 1
2878 3627 1
92 3486 1
1645 2251 1
138 3307 1
213 790 1
2114 3459 1
1209 1320 1
710 2447 1
800 2147 1
1726 3381 1
1439 2354 1
597 3374 1
3002 3083 1
1577 2970 1
2370 3381 1
1726 2370 1
1103 2742 1
1367 1473 1
1473 1550 1
748 1419 1
2080 2092 1
1430 2447 1
710 1430 1
1855 2838 1
731 2962 1
162 1712 1
1726 2568 1
2370 2568 1
2568 3381 1
515 1473 1
515 1550 1
515 1367 1
2316 3277 1
32 869 1
507 2016 1
764 3454 1
1033 1457 1
2 804 1
726 2939 1
572 2567 1
2205 2935 1
2366 2562 1
667 1524 1
1850 3417 1
605 3012 1
243 2074 1
32 2372 1
869 2372 1
1397 3324 1
1236 3794 1
1999 3417 1
1850 1999 1
2132 2320 1
2 1108 1
804 1108 1
1596 2203 1
1444 3780 1
30 1116 1
1529 3192 1
869 3613 1
32 3613 1
2372 3613 1
1354 2752 1
310 1264 1
231 999 1
2449 3356 1
458 1596 1
458 2203 1
2797 2925 1
206 3535 1
1742 2503 1
678 1894 1
2203 2472 1
458 2472 1
1596 2472 1
1344 2575 1
447 605 1
447 3012 1
3169 3660 1
2274 2386 1
2410 3022 1
1331 3296 1
2766 3413 1
1214 1412 1
2343 3231 1
1048 2766 1
1048 3413 1
335 3149 1
2247 2950 1
638 3589 1
1792 2175 1
712 2133 1
2614 3814 1
510 887 1
221 506 1
484 3020 1
1452 3329 1
1710 3490 1
2067 2127 1
418 426 1
506 3009 1
221 3009 1
227 1677 1
2133 3060 1
712 3060 1
2511 2918 1
638 3645 1
3589 3645 1
638 916 1
916 3589 1
916 3645 1
355 1011 1
2288 3296 1
1331 2288 1
427 3338 1
1409 3231 1
1409 2343 1
1872 3118 1
340 917 1
1904 3104 1
1298 2376 1
1048 2216 1
2216 3413 1
2216 2766 1
944 1601 1
2125 3694 1
1288 1452 1
1288 3329 1
1989 2605 1
1132 2299 1
93 2284 1
781 3134 1
862 3067 1
156 212 1
498 3117 1
3203 3735 1
1923 2313 1
44 2750 1
3247 3818 1
318 1714 1
354 1403 1
660 910 1
1129 1956 1
305 3733 1
1446 1690 1
788 1071 1
36 509 1
574 1666 1
894 1796 1
871 995 1
2334 2498 1
216 2641 1
3117 3247 1
498 3247 1
3117 3818 1
87 852 1
707 3650 1
714 1325 1
1303 3458 1
1796 3248 1
894 3248 1
1808 2349 1
542 2300 1
314 2054 1
3081 3216 1
894 3124 1
3124 3248 1
1796 3124 1
216 3681 1
2641 3681 1
559 3247 1
498 559 1
559 3818 1
559 3117 1
1417 1468 1
2475 2821 -1
1002 1750 -1
1492 2755 -1
3190 3622 -1
65 3622 -1
1003 1124 -1
1124 2264 -1
2217 3088 -1
2955 3088 -1
2317 3366 -1
2243 2814 -1
353 1308 -1
2177 3551 -1
192 3551 -1
788 3683 -1
1071 3683 -1
2242 3513 -1
783 3513 -1
310 1464 -1
1264 1464 -1
465 2517 -1
48 2691 -1
1397 2872 -1
2872 3324 -1
1397 2280 -1
577 1397 -1
1397 3154 -1
1301 2468 -1
1848 3315 -1
618 3315 -1
3215 3315 -1
2139 2685 -1
2241 2685 -1
2685 3604 -1
1903 3327 -1
1251 2374 -1
1867 2444 -1
3260 3291 -1
2577 3215 -1
3215 3651 -1
2516 3215 -1
599 3215 -1
1848 2577 -1
618 2577 -1
605 1738 -1
1738 3012 -1
447 1738 -1
451 1604 -1
451 1656 -1
1615 3429 -1
768 2831 -1
1665 2625 -1
1248 2062 -1
1248 3010 -1
2260 3058 -1
3019 3504 -1
2428 3690 -1
381 2457 -1
510 1588 -1
887 1588 -1
793 3233 -1
2105 3233 -1
2365 3233 -1
1329 1416 -1
2529 3674 -1
459 1510 -1
3625 3701 -1
3130 3625 -1
3223 3625 -1
3311 3366 -1
1664 3354 -1
2022 3633 -1
3116 3417 -1
1850 3116 -1
1999 3116 -1
3170 3673 -1
572 2434 -1
2434 2567 -1
426 2323 -1
418 2323 -1
140 2172 -1
858 1144 -1
353 501 -1
1031 3317 -1
549 729 -1
319 1696 -1
818 1536 -1
487 1349 -1
1678 3514 -1
840 3088 -1
3066 3088 -1
3088 3810 -1
1356 2719 -1
1632 1699 -1
1966 3380 -1
3106 3325 -1
633 2510 -1
633 1670 -1
147 993 -1
920 3804 -1
3770 3804 -1
2414 2858 -1
2858 3747 -1
944 1269 -1
1269 1601 -1
1290 2096 -1
1091 1640 -1
1026 2163 -1
1194 1310 -1
402 2525 -1
457 1428 -1
1875 2532 -1
959 1461 -1
1825 2953 -1
1825 2944 -1
1338 1825 -1
644 1825 -1
800 1773 -1
1773 2147 -1
1046 2621 -1
900 1827 -1
2104 3457 -1
1484 3457 -1
340 1426 -1
917 1426 -1
477 1771 -1
1732 3131 -1
226 3274 -1
1838 2124 -1
191 788 -1
191 1071 -1
3310 3392 -1
748 952 -1
952 1419 -1
1710 2462 -1
2462 3490 -1
2299 3519 -1
1132 3519 -1
1624 2299 -1
1485 2299 -1
660 1538 -1
910 1538 -1
313 1097 -1
313 2377 -1
1710 2963 -1
2963 3490 -1
1710 2170 -1
1159 1175 -1
1124 1652 -1
3181 3529 -1
846 3669 -1
1413 1941 -1
2941 3674 -1
1640 3246 -1
1386 2625 -1
1218 2941 -1
77 1562 -1
771 944 -1
771 1601 -1
903 1036 -1
771 3171 -1
2362 2450 -1
336 2705 -1
904 3523 -1
1559 1582 -1
1748 3470 -1
297 1982 -1
229 1307 -1
240 1712 -1
162 240 -1
409 1330 -1
1394 3039 -1
156 1534 -1
212 1534 -1
372 3670 -1
1172 2711 -1
1177 2573 -1
498 2015 -1
559 2015 -1
2015 3117 -1
2015 3247 -1
2105 2511 -1
793 2511 -1
2365 2511 -1
2105 2918 -1
2214 3764 -1
302 2724 -1
2724 2990 -1
2445 3126 -1
1073 3222 -1
706 2055 -1
2697 3208 -1
732 827 -1
408 1973 -1
1973 2908 -1
2454 2805 -1
136 2936 -1
514 2863 -1
2863 3757 -1
961 1972 -1
705 961 -1
2096 2542 -1
771 1148 -1
649 777 -1
2664 3290 -1
1851 2793 -1
427 551 -1
551 3338 -1
1510 1859 -1
2702 3205 -1
297 1544 -1
1836 2986 -1
1765 2258 -1
409 2519 -1
1963 2830 -1
1556 1963 -1
1394 1605 -1
2737 2788 -1
115 3780 -1
115 1444 -1
2258 2990 -1
302 2258 -1
2609 3316 -1
1011 1830 -1
355 1830 -1
184 1011 -1
2411 3010 -1
2062 2411 -1
63 2841 -1
470 3004 -1
1695 3600 -1
2582 3165 -1
272 2582 -1
1837 2514 -1
1558 1837 -1
69 2073 -1
1926 2154 -1
1013 3819 -1
163 412 -1
1084 1986 -1
1320 3385 -1
1209 3385 -1
657 3597 -1
556 2440 -1
129 2203 -1
129 2472 -1
129 458 -1
129 1596 -1
1740 2567 -1
572 1740 -1
2216 3242 -1
1048 3242 -1
3242 3413 -1
2766 3242 -1
598 1549 -1
846 1890 -1
724 3704 -1
405 724 -1
1372 2659 -1
142 940 -1
1503 3136 -1
2363 2596 -1
91 336 -1
549 1109 -1
2077 3779 -1
321 2652 -1
1590 3617 -1
584 1876 -1
1400 1768 -1
1768 3752 -1
446 775 -1
446 2280 -1
446 577 -1
1404 3534 -1
1697 3030 -1
992 1687 -1
2175 2444 -1
1792 2444 -1
173 3724 -1
173 2275 -1
389 584 -1
386 584 -1
584 3157 -1
2796 3086 -1
2779 3086 -1
1916 2536 -1
2148 2536 -1
209 1130 -1
946 3641 -1
1465 1790 -1
1845 3345 -1
3345 3746 -1
1845 2152 -1
2177 3200 -1
192 3200 -1
3493 3500 -1
863 2425 -1
2425 3294 -1
1281 1523 -1
2160 2848 -1
852 2327 -1
87 2327 -1
2002 2819 -1
1441 2320 -1
2168 2320 -1
2058 2320 -1
2320 3574 -1
1441 2132 -1
875 1367 -1
1367 1425 -1
317 1367 -1
875 1473 -1
515 875 -1
875 1550 -1
1278 1691 -1
1278 3372 -1
2283 3075 -1
875 1565 -1
1425 1565 -1
317 1565 -1
2077 2780 -1
1929 1999 -1
1929 3417 -1
1850 1929 -1
1164 3605 -1
1911 2437 -1
855 2636 -1
789 3099 -1
1234 2623 -1
521 3021 -1
2614 3500 -1
3500 3814 -1
450 1435 -1
1898 2415 -1
1461 2104 -1
1461 1484 -1
805 2863 -1
13 2863 -1
1734 2094 -1
1504 2040 -1
632 2712 -1
545 1306 -1
43 3072 -1
2178 3816 -1
2178 2394 -1
2178 3412 -1
2178 3639 -1
2591 3365 -1
2260 3329 -1
1288 2260 -1
1452 2260 -1
2170 2254 -1
2254 2963 -1
1496 2597 -1
498 2464 -1
559 2464 -1
2464 3117 -1
2464 3247 -1
2880 3366 -1
3004 3121 -1
746 1563 -1
134 3014 -1
754 3014 -1
2581 3014 -1
2283 3008 -1
1393 1962 -1
422 1438 -1
1031 3480 -1
1873 2439 -1
437 1873 -1
2184 3443 -1
1006 3786 -1
895 2596 -1
2940 3380 -1
1403 2824 -1
354 2824 -1
1403 2704 -1
1804 3475 -1
260 609 -1
260 592 -1
932 2520 -1
870 2754 -1
1851 2203 -1
1851 2472 -1
458 1851 -1
1596 1851 -1
1115 3240 -1
1273 2374 -1
432 2944 -1
432 2953 -1
432 1338 -1
99 432 -1
432 644 -1
159 2844 -1
774 2867 -1
95 3645 -1
95 916 -1
95 3589 -1
95 638 -1
541 3187 -1
254 2791 -1
1138 1828 -1
725 3267 -1
1888 3267 -1
806 3267 -1
72 828 -1
214 690 -1
132 1016 -1
1743 2911 -1
1035 2037 -1
1400 2609 -1
2609 3752 -1
2924 3424 -1
1026 2148 -1
1026 1916 -1
2889 3636 -1
1328 2813 -1
485 1405 -1
1834 3414 -1
1822 3222 -1
362 3787 -1
764 3075 -1
3075 3454 -1
2952 3386 -1
1174 1869 -1
1330 1686 -1
1330 3781 -1
195 2744 -1
359 2520 -1
820 2105 -1
793 820 -1
820 2365 -1
1000 2701 -1
2653 3260 -1
3020 3350 -1
484 3350 -1
1141 3283 -1
287 372 -1
500 3524 -1
3182 3524 -1
1393 2739 -1
177 3106 -1
551 1541 -1
551 1942 -1
2001 2400 -1
1325 3695 -1
714 3695 -1
48 2778 -1
1572 3026 -1
1912 2621 -1
995 3118 -1
871 3118 -1
995 1872 -1
2042 2670 -1
1305 2634 -1
2170 2410 -1
2410 2963 -1
2170 3022 -1
1936 3383 -1
517 1553 -1
925 3190 -1
65 925 -1
39 2226 -1
2226 2922 -1
2430 2745 -1
583 3057 -1
342 3769 -1
1088 2836 -1
579 3400 -1
301 3400 -1
592 3148 -1
609 3148 -1
592 685 -1
931 2721 -1
1465 3145 -1
1511 2122 -1
737 2708 -1
1612 2708 -1
