981 3220 1
1948 3631 1
1302 3212 1
3367 3702 1
2825 3318 1
2287 3702 1
2287 3367 1
2350 3739 1
2223 3538 1
1096 1341 1
1182 3721 1
1045 3438 1
2707 3809 1
2534 3702 1
2287 2534 1
2534 3367 1
861 3393 1
2724 3791 1
1948 2368 1
2368 3631 1
2145 2672 1
656 855 1
2368 3085 1
1948 3085 1
3085 3631 1
531 2325 1
62 1922 1
1096 3360 1
1341 3360 1
2534 3107 1
3107 3367 1
3107 3702 1
2287 3107 1
1203 2985 1
620 701 1
1302 3464 1
3212 3464 1
743 3721 1
743 1182 1
2724 2932 1
2932 3791 1
723 1985 1
267 3051 1
2991 3100 1
1718 2390 1
1952 2979 1
814 3722 1
357 3385 1
1917 2748 1
3406 3731 1
1748 2066 1
150 385 1
287 2542 1
1198 2044 1
1867 3676 1
1884 3362 1
3159 3710 1
2779 3351 1
278 3723 1
863 2871 1
3327 3770 1
2159 2943 1
2973 3782 1
96 3225 1
913 2242 1
208 2949 1
1130 3747 1
1622 3025 1
109 3619 1
567 3469 1
543 2506 1
1311 2965 1
357 2663 1
2663 3385 1
760 1463 1
385 3372 1
150 3372 1
24 839 1
1323 1646 1
1893 3601 1
1098 3651 1
1204 1646 1
1204 1323 1
563 2976 1
190 1748 1
190 2066 1
2542 2785 1
287 2785 1
149 242 1
1494 1602 1
1893 2052 1
2052 3601 1
1631 1927 1
760 1998 1
1463 1998 1
1563 2467 1
1110 1619 1
2705 3764 1
1070 3265 1
2315 2584 1
194 3457 1
164 2914 1
315 2076 1
408 1117 1
1336 2072 1
1031 3214 1
2442 3043 1
2369 3795 1
5 3552 1
1327 3161 1
2210 3016 1
1886 2186 1
2075 2177 1
709 3359 1
1592 3701 1
192 1197 1
50 3564 1
5 1420 1
1420 3552 1
1986 3139 1
1749 2980 1
203 3265 1
203 1070 1
1846 3563 1
524 2189 1
631 3097 1
1136 1743 1
1255 1866 1
3232 3336 1
2072 3493 1
1336 3493 1
2745 3592 1
345 3404 1
421 3344 1
699 2474 1
174 2467 1
174 1563 1
2570 2914 1
164 2570 1
55 2999 1
784 3720 1
1882 3435 1
1394 3461 1
964 1238 1
2749 3783 1
903 1574 1
1451 1806 1
2294 2353 1
73 1372 1
1190 1806 1
1190 1451 1
1399 3255 1
2726 3766 1
1962 2279 1
395 2819 1
1707 2361 1
569 1454 1
1350 3274 1
259 1454 1
259 569 1
1806 2113 1
1451 2113 1
1190 2113 1
2930 3688 1
582 845 1
1294 2361 1
1294 1707 1
719 780 1
1513 3143 1
2620 3024 1
71 2380 1
378 570 1
230 1700 1
468 3209 1
582 2112 1
845 2112 1
2957 3461 1
1394 2957 1
1377 2480 1
1190 2990 1
2113 2990 1
1451 2990 1
1806 2990 1
3529 3700 1
1574 2026 1
903 2026 1
80 2909 1
327 579 1
1438 1806 1
1438 2113 1
1438 1451 1
1438 2990 1
1190 1438 1
583 2700 1
1628 3200 1
2650 3718 1
844 1613 1
1039 3813 1
2903 3685 1
467 2573 1
1269 3549 1
151 2665 1
1337 3531 1
160 1148 1
1188 3674 1
193 1585 1
308 2085 1
549 1764 1
1735 3288 1
3796 3796 1
875 3348 1
1278 2207 1
1541 2440 1
2301 3819 1
958 1148 1
160 958 1
2693 3373 1
2169 3397 1
759 1216 1
919 1652 1
3200 3537 1
1628 3537 1
522 2385 1
2922 3261 1
256 3195 1
2452 2523 1
368 1614 1
958 2671 1
160 2671 1
1148 2671 1
807 914 1
525 1628 1
525 3200 1
525 3537 1
1523 1530 1
386 3418 1
1903 3084 1
270 368 1
270 1614 1
1940 3154 1
89 844 1
89 1613 1
1206 3090 1
511 2213 1
688 739 1
519 588 1
706 3437 1
349 3683 1
2667 2777 1
830 1305 1
2373 2373 1
1227 2292 1
2701 3355 1
2173 3611 1
2473 3574 1
1656 3010 1
397 1195 1
672 2062 1
879 3037 1
3293 3574 1
2473 3293 1
1026 2183 1
1100 2593 1
878 1532 1
689 2365 1
370 2830 1
544 1286 1
1662 3237 1
1824 2530 1
1135 3574 1
1135 2473 1
1135 3293 1
2234 3528 1
131 645 1
1369 2698 1
1023 3090 1
1023 1206 1
706 2417 1
2417 3437 1
1126 1395 1
2996 3222 1
1833 3047 1
935 2805 1
1744 3574 1
1744 2473 1
1744 3293 1
1135 1744 1
1227 3125 1
2292 3125 1
33 3029 1
2894 3041 1
1672 2910 1
2017 3408 1
1726 3408 1
1726 2017 1
1047 3176 1
2446 2900 1
211 1124 1
92 3597 1
1658 2964 1
1393 1996 1
92 2363 1
2363 3597 1
2855 3657 1
961 1855 1
138 1694 1
742 2783 1
747 3405 1
790 1828 1
1209 1500 1
211 1111 1
1111 1124 1
1673 1892 1
1232 1419 1
1826 3399 1
3038 3078 1
558 1536 1
941 2901 1
1432 2268 1
555 1772 1
909 1941 1
296 2389 1
1880 2923 1
1103 1111 1
211 1103 1
1103 1124 1
3041 3476 1
2894 3476 1
3008 3307 1
496 496 1
961 1581 1
1581 1855 1
800 2571 1
350 684 1
941 3716 1
2901 3716 1
2328 2998 1
2737 2939 1
1510 3534 1
2100 3777 1
2567 3822 1
251 1784 1
70 1931 1
1727 3728 1
1887 1931 1
70 1887 1
1115 2787 1
2647 3424 1
17 1073 1
30 1119 1
123 2236 1
32 1055 1
2323 3022 1
3460 3562 1
539 915 1
360 507 1
2025 2182 1
934 1818 1
231 2372 1
2323 3177 1
3022 3177 1
1508 2954 1
120 2472 1
351 3690 1
735 1524 1
1312 3535 1
458 2410 1
231 726 1
726 2372 1
572 773 1
842 3177 1
842 2323 1
842 3022 1
1259 2647 1
1259 3424 1
1462 2555 1
2565 2813 1
2004 2410 1
458 2004 1
2 485 1
20 1115 1
20 2787 1
1650 1650 1
219 2274 1
820 2376 1
2524 3515 1
849 3396 1
484 2524 1
484 3515 1
155 3675 1
2696 3072 1
169 3573 1
851 1815 1
1703 2273 1
1677 2488 1
426 427 1
936 2913 1
375 3296 1
2001 2907 1
1815 2286 1
851 2286 1
1173 3573 1
169 1173 1
369 997 1
1412 2475 1
676 751 1
21 2804 1
3306 3589 1
279 3284 1
1298 2228 1
2529 2818 1
1048 1741 1
1173 2515 1
169 2515 1
2515 3573 1
1011 2913 1
936 1011 1
2282 3020 1
1292 1703 1
1292 2273 1
1520 2699 1
2273 3468 1
1292 3468 1
1703 3468 1
1573 2913 1
936 1573 1
1011 1573 1
1173 2359 1
169 2359 1
2359 2515 1
2359 3573 1
2329 2342 1
1324 2005 1
2324 2585 1
229 2339 1
542 2586 1
309 3379 1
1808 1915 1
354 1028 1
1018 2163 1
258 3755 1
532 730 1
559 1705 1
624 1342 1
788 1798 1
3337 3799 1
2342 2791 1
2329 2791 1
963 3755 1
258 963 1
1018 1798 1
1798 2163 1
788 1018 1
240 3458 1
995 2434 1
137 730 1
137 532 1
2322 2487 1
3092 3416 1
1808 3714 1
1915 3714 1
318 1643 1
542 3415 1
2586 3415 1
1497 1750 1
3203 3376 1
1405 1851 1
1684 2616 1
1184 2198 1
509 624 1
509 1342 1
1551 3219 1
673 3203 1
673 3376 1
1208 1504 1
305 1306 1
1017 3733 1
449 2560 1
1374 3348 -1
875 1374 -1
1319 1687 -1
1729 2663 -1
1729 3385 -1
357 1729 -1
1410 3532 -1
1372 2313 -1
73 2313 -1
2303 2847 -1
258 990 -1
990 3755 -1
963 990 -1
327 3554 -1
579 3554 -1
1796 2043 -1
673 2525 -1
2525 3376 -1
2525 3203 -1
1104 3315 -1
2489 3076 -1
647 1247 -1
75 1376 -1
3167 3214 -1
1031 3167 -1
857 2542 -1
857 2785 -1
287 857 -1
556 1021 -1
1786 2099 -1
1446 3548 -1
1262 2876 -1
1503 3127 -1
2443 2918 -1
2116 3554 -1
947 3682 -1
537 3603 -1
1703 2591 -1
2273 2591 -1
2591 3468 -1
1292 2591 -1
582 1071 -1
1071 2112 -1
845 1071 -1
1779 3196 -1
296 522 -1
522 2389 -1
296 2385 -1
1210 3099 -1
849 2008 -1
2008 3396 -1
1145 2380 -1
71 1145 -1
348 2966 -1
3055 3800 -1
355 1840 -1
1168 3338 -1
1714 2859 -1
583 1193 -1
1193 2700 -1
385 2373 -1
2373 3372 -1
150 2373 -1
633 3172 -1
365 1764 -1
365 549 -1
3221 3729 -1
3097 3135 -1
631 3135 -1
1262 2434 -1
995 1262 -1
86 1109 -1
944 3735 -1
1450 2489 -1
16 258 -1
16 3755 -1
16 963 -1
484 1725 -1
1725 3515 -1
1725 2524 -1
1207 2521 -1
601 3207 -1
1781 2380 -1
71 1781 -1
1467 2117 -1
2112 2758 -1
845 2758 -1
582 2758 -1
715 2767 -1
3 3023 -1
3148 3253 -1
996 2881 -1
1716 2803 -1
1296 3442 -1
2837 2881 -1
9 1796 -1
964 2058 -1
1238 2058 -1
1710 2662 -1
964 1120 -1
1120 1238 -1
3040 3052 -1
1708 2877 -1
240 2077 -1
2077 3458 -1
1798 1919 -1
1018 1919 -1
1919 2163 -1
788 1919 -1
1122 2102 -1
1622 1729 -1
1729 3025 -1
544 2300 -1
1286 2300 -1
1025 1689 -1
425 857 -1
2576 3426 -1
859 1126 -1
859 1395 -1
1802 3274 -1
1350 1802 -1
3063 3690 -1
351 3063 -1
336 3665 -1
1660 2302 -1
2841 3611 -1
2173 2841 -1
1792 2973 -1
1792 3782 -1
622 3186 -1
663 3729 -1
648 3079 -1
1365 1446 -1
1487 1677 -1
1487 2488 -1
3 1643 -1
3 318 -1
3096 3127 -1
635 1660 -1
556 871 -1
1792 2483 -1
355 1463 -1
355 760 -1
355 1998 -1
1178 3800 -1
2945 3300 -1
476 3334 -1
2243 3338 -1
185 1987 -1
1689 2393 -1
598 3127 -1
51 1978 -1
2752 3332 -1
970 1222 -1
1040 3055 -1
2818 3665 -1
2529 3665 -1
728 947 -1
1725 1789 -1
2928 3774 -1
1882 3167 -1
3167 3435 -1
69 2995 -1
1607 2359 -1
169 1607 -1
1607 2515 -1
1173 1607 -1
1607 3573 -1
2859 3485 -1
949 1525 -1
1303 1344 -1
110 3033 -1
964 966 -1
966 1238 -1
653 868 -1
2231 3474 -1
648 3336 -1
648 3232 -1
1843 2758 -1
1090 3070 -1
1822 1984 -1
355 1119 -1
30 355 -1
1827 2852 -1
814 2099 -1
2099 3722 -1
16 1973 -1
1486 1729 -1
1165 3340 -1
362 2526 -1
787 1074 -1
2918 3436 -1
1739 3066 -1
1890 3419 -1
2640 2756 -1
405 3415 -1
405 2586 -1
405 542 -1
2929 3774 -1
2347 3590 -1
615 1884 -1
615 3362 -1
2881 3116 -1
1789 3601 -1
1789 2052 -1
1789 1893 -1
2981 3310 -1
973 2576 -1
1158 2383 -1
914 1405 -1
807 1405 -1
914 1851 -1
6 3354 -1
649 1207 -1
2221 2305 -1
49 2895 -1
1594 2931 -1
3271 3817 -1
1245 3066 -1
364 3710 -1
364 3159 -1
1566 2576 -1
348 905 -1
1131 3542 -1
11 2998 -1
11 2328 -1
432 1506 -1
385 3334 -1
3334 3372 -1
150 3334 -1
1494 3814 -1
1602 3814 -1
387 3419 -1
1010 3542 -1
177 3489 -1
660 3694 -1
858 1906 -1
1368 2750 -1
1259 2779 -1
2779 3424 -1
2647 2779 -1
1259 3351 -1
801 3234 -1
600 3190 -1
1173 3226 -1
169 3226 -1
2515 3226 -1
3226 3573 -1
2359 3226 -1
2918 3092 -1
2918 3416 -1
601 3474 -1
633 3457 -1
194 633 -1
177 321 -1
947 2577 -1
114 1649 -1
1298 2965 -1
2228 2965 -1
1298 1311 -1
929 3701 -1
929 1592 -1
354 1253 -1
1028 1253 -1
1660 1838 -1
38 57 -1
2623 3114 -1
2401 3039 -1
1090 2434 -1
995 1090 -1
1678 3222 -1
1678 2996 -1
405 896 -1
1140 2918 -1
185 2900 -1
185 2446 -1
2240 3178 -1
1143 1262 -1
293 3334 -1
2373 3094 -1
1319 2778 -1
360 1396 -1
507 1396 -1
1261 2359 -1
169 1261 -1
1261 2515 -1
1173 1261 -1
1261 3573 -1
1483 3433 -1
622 3178 -1
2918 3431 -1
849 3741 -1
3396 3741 -1
1831 2981 -1
1621 2641 -1
1689 3767 -1
3570 3771 -1
2616 3685 -1
1684 3685 -1
2616 2903 -1
201 2905 -1
49 2887 -1
91 3315 -1
50 2242 -1
2242 3564 -1
50 913 -1
1016 2175 -1
2383 3175 -1
468 1798 -1
1798 3209 -1
468 1018 -1
468 2163 -1
468 788 -1
2862 3542 -1
1467 2409 -1
1220 3755 -1
258 1220 -1
963 1220 -1
787 3216 -1
150 3594 -1
385 3594 -1
3372 3594 -1
3392 3719 -1
462 2185 -1
616 2516 -1
257 2885 -1
2219 2956 -1
569 3127 -1
259 3127 -1
1454 3127 -1
180 1409 -1
295 2401 -1
1646 3353 -1
1323 3353 -1
1204 3353 -1
1703 2599 -1
2273 2599 -1
2599 3468 -1
1292 2599 -1
330 378 -1
330 570 -1
2129 2564 -1
616 3615 -1
2429 2818 -1
2429 2529 -1
2349 2886 -1
2110 2665 -1
151 2110 -1
3009 3056 -1
3688 3694 -1
2930 3694 -1
601 3172 -1
624 1263 -1
509 1263 -1
1263 1342 -1
325 2633 -1
860 1722 -1
1689 3093 -1
1298 2542 -1
2228 2542 -1
1298 2785 -1
287 1298 -1
1350 3027 -1
3027 3274 -1
421 3427 -1
3344 3427 -1
1080 2886 -1
387 2250 -1
1195 3740 -1
397 3740 -1
905 3708 -1
1862 2604 -1
411 2373 -1
93 3674 -1
93 1188 -1
16 3023 -1
891 2796 -1
2130 3135 -1
2338 2342 -1
2329 2338 -1
2338 2791 -1
1747 1810 -1
1729 3032 -1
1621 3033 -1
2443 3221 -1
1796 1945 -1
405 2682 -1
2108 3055 -1
1798 3465 -1
1018 3465 -1
2163 3465 -1
788 3465 -1
643 3474 -1
1119 3542 -1
30 3542 -1
2434 3209 -1
995 3209 -1
468 2434 -1
2982 3545 -1
1174 2359 -1
169 1174 -1
1174 2515 -1
1173 1174 -1
1174 3573 -1
2899 3172 -1
1303 1960 -1
1958 2054 -1
1724 1973 -1
1207 3733 -1
1017 1207 -1
3340 3695 -1
42 174 -1
42 1563 -1
42 2467 -1
349 1381 -1
1381 3683 -1
295 2758 -1
1452 3064 -1
2237 3474 -1
338 342 -1
857 1200 -1
462 3019 -1
2779 3378 -1
3351 3378 -1
556 3379 -1
309 556 -1
457 2604 -1
929 2639 -1
1168 3210 -1
1137 3715 -1
2077 2832 -1
424 716 -1
1904 2597 -1
1843 2779 -1
1843 3351 -1
244 1003 -1
336 1052 -1
645 3211 -1
131 3211 -1
362 3186 -1
1649 2616 -1
1649 1684 -1
791 2324 -1
791 2585 -1
2300 2532 -1
3326 3735 -1
2584 3686 -1
2315 3686 -1
2067 2919 -1
2490 3755 -1
258 2490 -1
963 2490 -1
610 1534 -1
1220 3088 -1
996 1414 -1
2487 3648 -1
2322 3648 -1
1958 2995 -1
1771 2383 -1
2520 2791 -1
2329 2520 -1
2342 2520 -1
972 3337 -1
972 3799 -1
295 2384 -1
2172 2409 -1
2776 3518 -1
150 3526 -1
385 3526 -1
3372 3526 -1
1798 3499 -1
1018 3499 -1
2163 3499 -1
788 3499 -1
2676 3743 -1
2576 3548 -1
857 2973 -1
857 3782 -1
