1668 1805 1
2706 3464 1
3155 3227 1
825 3105 1
782 2672 1
1484 3325 1
443 2916 1
981 2580 1
2988 3558 1
3438 3669 1
965 2728 1
2196 3089 1
1037 1637 1
1080 1970 1
2502 3488 1
269 2609 1
489 3557 1
2011 2331 1
2810 3559 1
2735 3075 1
1364 2642 1
501 1151 1
965 2103 1
2103 2728 1
698 2613 1
2405 2850 1
1518 3233 1
1496 2607 1
2609 2642 1
269 2642 1
1364 2609 1
191 2165 1
3218 3702 1
56 2598 1
1431 3425 1
1096 3085 1
1302 1363 1
2500 2648 1
108 3673 1
1785 2368 1
975 3227 1
975 3155 1
740 2539 1
1985 2368 1
1785 1985 1
2103 3100 1
2728 3100 1
965 3100 1
1065 2991 1
0 698 1
0 2613 1
883 2418 1
2891 3519 1
1944 2103 1
1944 2728 1
1944 3100 1
965 1944 1
423 2539 1
423 740 1
1715 3107 1
2331 3367 1
2011 3367 1
1087 3123 1
26 636 1
266 2539 1
266 740 1
266 423 1
1387 1496 1
1387 2607 1
406 1087 1
406 3123 1
1093 3074 1
1944 2810 1
2728 2810 1
2810 3100 1
965 2810 1
2103 2810 1
1944 3559 1
2037 2390 1
266 1985 1
1985 2539 1
740 1985 1
423 1985 1
266 2368 1
266 1785 1
2596 2825 1
435 3328 1
26 2048 1
636 2048 1
1067 2291 1
743 3440 1
1738 3393 1
589 2037 1
589 2390 1
1076 3702 1
1076 3218 1
2055 3428 1
3058 3341 1
1932 2418 1
883 1932 1
2145 3677 1
1182 3425 1
1182 1431 1
1484 3328 1
3325 3328 1
435 1484 1
1668 2634 1
1805 2634 1
2422 3492 1
2055 3559 1
3428 3559 1
1944 2055 1
2055 2810 1
2287 3792 1
158 2598 1
56 158 1
423 1584 1
1584 1985 1
266 1584 1
1584 2539 1
740 1584 1
576 2106 1
1472 1611 1
2033 3791 1
3051 3726 1
1774 3254 1
589 740 1
740 2037 1
740 2390 1
589 1985 1
423 589 1
266 589 1
589 2539 1
589 1584 1
1080 1274 1
1274 1970 1
1037 2735 1
1637 2735 1
1037 3075 1
931 2291 1
931 1067 1
1944 2106 1
965 2106 1
2106 3559 1
2106 2728 1
2055 2106 1
2103 2106 1
2106 2810 1
2106 3100 1
576 1944 1
1932 2825 1
2418 2825 1
883 2825 1
1932 2596 1
108 3618 1
3618 3673 1
743 2539 1
2539 3440 1
743 1985 1
740 743 1
423 743 1
266 743 1
589 743 1
743 1584 1
223 1322 1
423 1182 1
1182 1985 1
740 1182 1
743 1182 1
266 1182 1
1182 2539 1
589 1182 1
1182 1584 1
423 3425 1
423 1431 1
1283 2748 1
3364 3749 1
1875 3364 1
1875 3749 1
3576 3606 1
2388 2608 1
612 1434 1
1893 3133 1
2629 3747 1
2192 2367 1
1696 3543 1
241 2611 1
1068 1075 1
816 1486 1
1254 2307 1
1054 2256 1
1494 3731 1
814 2608 1
814 2388 1
677 3036 1
171 1893 1
171 3133 1
1840 3305 1
1720 3450 1
35 1736 1
463 643 1
2158 3699 1
839 2008 1
1052 1118 1
1463 3616 1
1696 3245 1
3245 3543 1
816 1054 1
1054 1486 1
816 2256 1
1118 1898 1
1052 1898 1
2187 2564 1
3159 3615 1
818 1200 1
3668 3770 1
1360 2242 1
483 621 1
612 1311 1
1311 1434 1
1104 3385 1
1068 1261 1
1075 1261 1
2717 3709 1
180 1068 1
180 1075 1
180 1261 1
2307 3387 1
1254 3387 1
543 3578 1
2064 3543 1
1696 2064 1
2064 3245 1
920 2237 1
452 621 1
452 483 1
1311 1478 1
1434 1478 1
612 1478 1
385 2965 1
69 78 1
1193 3509 1
1054 1122 1
1122 2256 1
816 1122 1
1122 1486 1
307 3709 1
307 2717 1
1340 3606 1
1340 3576 1
1998 2768 1
718 3509 1
718 1193 1
357 2751 1
2347 3782 1
2898 3427 1
388 3710 1
745 3450 1
745 1720 1
1480 3245 1
1480 1696 1
1480 2064 1
1480 3543 1
2052 3782 1
2052 2347 1
918 3651 1
664 839 1
664 2008 1
278 3749 1
278 1875 1
278 3364 1
1267 2079 1
2692 2704 1
28 913 1
1626 3025 1
402 3469 1
1357 3167 1
278 543 1
543 1875 1
543 3364 1
543 3749 1
278 3578 1
250 2564 1
250 2187 1
783 1602 1
2564 2880 1
250 2880 1
2187 2880 1
452 907 1
483 907 1
621 907 1
1898 2309 1
1052 2309 1
1118 2309 1
2002 3682 1
28 3710 1
913 3710 1
28 388 1
1661 1884 1
1254 1969 1
1969 3387 1
1969 2307 1
96 863 1
900 1199 1
329 452 1
329 483 1
329 907 1
329 621 1
2703 2717 1
307 2703 1
2703 3709 1
171 2008 1
1893 2008 1
2008 3133 1
171 664 1
171 839 1
35 799 1
799 1736 1
24 2270 1
1204 3615 1
1204 3159 1
1631 3217 1
362 2592 1
1595 1854 1
2060 3364 1
1875 2060 1
2060 3749 1
278 2060 1
543 2060 1
599 1588 1
2088 2589 1
121 1998 1
121 2768 1
692 840 1
121 3741 1
2768 3741 1
1998 3741 1
190 1526 1
255 1480 1
255 1696 1
255 2064 1
255 3245 1
255 3543 1
1250 1282 1
918 1525 1
1525 3651 1
2704 3665 1
2692 3665 1
1936 2608 1
1936 2388 1
814 1936 1
1840 2574 1
2574 3305 1
1846 3550 1
2793 3593 1
1669 2166 1
2117 2252 1
1839 2846 1
2238 3795 1
2318 3404 1
1482 3764 1
315 2846 1
315 1839 1
3139 3701 1
571 1326 1
479 538 1
1686 2953 1
1239 2285 1
3043 3172 1
25 3608 1
408 1702 1
1511 1901 1
55 1511 1
55 1901 1
445 1390 1
1633 3550 1
1633 1846 1
1669 2745 1
2166 2745 1
1404 1725 1
1846 2793 1
1633 2793 1
2793 3550 1
1846 3593 1
695 3634 1
538 1846 1
479 1846 1
538 1633 1
538 3593 1
538 2793 1
538 3550 1
414 2155 1
1008 1464 1
2179 2221 1
571 2230 1
1326 2230 1
765 1159 1
316 1749 1
1326 1404 1
571 1404 1
1404 2230 1
1326 1725 1
1136 3016 1
1961 2210 1
695 2463 1
2463 3634 1
1642 2908 1
1679 3533 1
709 2795 1
608 3079 1
104 2075 1
1070 3344 1
50 1749 1
50 316 1
1899 3151 1
1925 3265 1
445 3552 1
1390 3552 1
471 1769 1
3365 3781 1
575 1139 1
2848 3145 1
2255 2356 1
939 2177 1
1056 3097 1
939 3544 1
2177 3544 1
414 1731 1
1731 2155 1
587 2254 1
3097 3139 1
1056 3139 1
3097 3701 1
2117 2513 1
2252 2513 1
1882 1975 1
1986 2702 1
2569 3162 1
41 2345 1
461 843 1
886 2189 1
939 2835 1
2835 3544 1
2177 2835 1
3391 3552 1
445 3391 1
1390 3391 1
461 2719 1
843 2719 1
2570 2822 1
631 1479 1
1619 3692 1
444 2859 1
144 2014 1
2711 2999 1
316 1418 1
50 1418 1
1418 1749 1
444 2584 1
2584 2859 1
479 2811 1
538 2811 1
1846 2811 1
2049 3279 1
398 3079 1
398 608 1
1043 2795 1
709 1043 1
2210 2407 1
1961 2407 1
471 1679 1
1679 1769 1
471 3533 1
268 3532 1
3207 3323 1
695 3667 1
3634 3667 1
2463 3667 1
1495 2508 1
1743 2444 1
170 2179 1
170 2221 1
1535 1909 1
843 1986 1
461 1986 1
1986 2719 1
843 2702 1
976 2569 1
976 3162 1
2513 2848 1
2252 2848 1
2117 2848 1
2513 3145 1
414 3391 1
2155 3391 1
1731 3391 1
414 3552 1
414 1390 1
414 445 1
2238 3781 1
3781 3795 1
2238 3365 1
99 983 1
153 268 1
153 3532 1
2463 2914 1
2914 3634 1
2914 3667 1
695 2914 1
1633 3130 1
2793 3130 1
538 3130 1
1846 3130 1
3130 3550 1
2315 3279 1
2049 2315 1
2095 2179 1
170 2095 1
2095 2221 1
960 1527 1
1239 3162 1
2285 3162 1
976 1239 1
1239 2569 1
1429 1482 1
1429 3764 1
777 1197 1
47 2788 1
285 1455 1
1294 2264 1
342 2224 1
1476 2844 1
2204 3643 1
2271 2361 1
230 2246 1
2404 3283 1
618 3018 1
2401 2844 1
1476 2401 1
1248 2246 1
230 1248 1
2858 3015 1
3445 3525 1
618 2895 1
2895 3018 1
767 3211 1
1454 2394 1
292 3238 1
1775 1879 1
749 2721 1
3142 3366 1
725 3489 1
2245 3478 1
130 1700 1
1458 2377 1
342 3184 1
2224 3184 1
411 3766 1
327 1394 1
3007 3639 1
2380 2788 1
47 2380 1
1939 2876 1
130 1005 1
1005 1700 1
468 899 1
2271 3525 1
2361 3525 1
2271 3445 1
2279 2380 1
2279 2788 1
47 2279 1
988 2245 1
988 3478 1
1730 3637 1
1196 2245 1
988 1196 1
1196 3478 1
640 2113 1
1333 1559 1
1609 2012 1
2050 2170 1
133 2294 1
262 1719 1
1399 2938 1
1333 2143 1
1559 2143 1
1380 2749 1
671 2380 1
671 2279 1
671 2788 1
47 671 1
1328 1780 1
259 1962 1
1506 2214 1
1185 2660 1
74 3126 1
1248 3489 1
230 3489 1
2246 3489 1
725 1248 1
79 2840 1
719 2895 1
618 719 1
719 3018 1
579 741 1
1180 2399 1
1307 2338 1
465 1160 1
1625 1719 1
262 1625 1
79 1377 1
1377 2840 1
395 1537 1
2264 2854 1
1294 2854 1
465 1277 1
1160 1277 1
1263 1806 1
530 1888 1
3094 3569 1
37 3596 1
300 1243 1
1719 3276 1
1625 3276 1
262 3276 1
618 3687 1
3018 3687 1
719 3687 1
2895 3687 1
625 1471 1
584 586 1
1794 2456 1
1438 3098 1
978 3280 1
786 3184 1
786 2224 1
342 786 1
301 3583 1
378 530 1
378 1888 1
569 1005 1
130 569 1
569 1700 1
569 2215 1
130 2215 1
1700 2215 1
1005 2215 1
3541 3546 1
259 3642 1
1962 3642 1
2661 2721 1
749 2661 1
3143 3802 1
1161 1307 1
1161 2338 1
1064 3184 1
1064 2224 1
786 1064 1
342 1064 1
1350 2876 1
1350 1939 1
2902 3304 1
301 1394 1
1394 3583 1
301 327 1
1782 3091 1
322 1540 1
1064 1820 1
1820 3184 1
1820 2224 1
786 1820 1
342 1820 1
122 2978 1
300 2543 1
1243 2543 1
988 1333 1
1196 1333 1
1333 2245 1
1333 3478 1
988 1559 1
988 2143 1
3403 3501 1
1220 1377 1
1220 2840 1
79 1220 1
1574 3480 1
617 687 1
1537 1755 1
395 1755 1
2904 3687 1
618 2904 1
2895 2904 1
2904 3018 1
719 2904 1
1190 1307 1
1161 1190 1
1190 2338 1
650 3582 1
586 1005 1
584 1005 1
130 586 1
586 1700 1
586 2215 1
569 586 1
754 2780 1
2801 3477 1
319 602 1
856 1400 1
1680 2874 1
795 1308 1
2665 3084 1
911 3418 1
317 3812 1
888 1523 1
2849 3154 1
1170 2510 1
1179 2853 1
1407 2630 1
2381 3224 1
1039 1425 1
2248 2681 1
661 2784 1
1862 2784 1
661 1862 1
356 3316 1
1682 2301 1
2098 3620 1
1670 3116 1
487 1940 1
57 1541 1
167 2951 1
1490 2176 1
759 1728 1
193 438 1
319 1448 1
602 1448 1
1057 2311 1
1289 1766 1
1453 3252 1
197 1680 1
197 2874 1
151 3288 1
789 2453 1
602 3170 1
1448 3170 1
319 3170 1
437 2311 1
437 1057 1
1966 2801 1
1966 3477 1
356 3113 1
3113 3316 1
1940 2181 1
487 2181 1
1753 1976 1
1453 1976 1
1976 3252 1
1453 1753 1
2035 2638 1
657 3050 1
67 495 1
341 3154 1
341 2849 1
775 1660 1
3620 3796 1
2098 3796 1
495 1270 1
67 1270 1
1400 1971 1
856 1971 1
2148 2579 1
1308 2039 1
795 2039 1
1038 3765 1
53 2872 1
57 1804 1
1541 1804 1
775 2650 1
1660 2650 1
39 2501 1
1257 2278 1
167 1448 1
1448 2951 1
167 602 1
167 3170 1
167 319 1
81 657 1
81 3050 1
2874 2903 1
1680 2903 1
197 2903 1
912 2266 1
293 3507 1
339 2006 1
2148 2630 1
2579 2630 1
1407 2148 1
261 685 1
2493 2657 1
306 1211 1
487 602 1
602 1940 1
602 2181 1
487 3170 1
167 487 1
487 1448 1
319 487 1
261 1133 1
685 1133 1
661 2630 1
2630 2784 1
1862 2630 1
661 2148 1
661 2579 1
661 1407 1
1270 2385 1
67 2385 1
495 2385 1
833 2497 1
2697 3767 1
2493 2760 1
2657 2760 1
160 2290 1
1728 2327 1
759 2327 1
775 3473 1
2650 3473 1
1660 3473 1
2206 3288 1
151 2206 1
283 467 1
2160 2327 1
1728 2160 1
759 2160 1
134 3348 1
1456 3812 1
317 1456 1
807 2371 1
2874 3641 1
1680 3641 1
197 3641 1
2903 3641 1
81 888 1
657 888 1
888 3050 1
81 1523 1
3170 3805 1
167 3805 1
1448 3805 1
487 3805 1
602 3805 1
319 3805 1
1079 2677 1
341 1170 1
1170 2849 1
1170 3154 1
341 2510 1
2006 2760 1
339 2760 1
2006 2657 1
2006 2493 1
1680 2452 1
2452 3641 1
2452 2874 1
197 2452 1
2452 2903 1
1278 1682 1
1278 2301 1
1188 1916 1
685 3798 1
261 3798 1
1133 3798 1
293 2039 1
2039 3507 1
293 795 1
293 1308 1
789 1062 1
1062 2453 1
2510 2697 1
1170 2697 1
341 2697 1
2510 3767 1
2708 3163 1
228 1634 1
551 3632 1
1604 2882 1
560 824 1
802 2427 1
1167 2532 1
1247 2494 1
382 3059 1
2234 3784 1
1072 1675 1
1532 2601 1
2173 2617 1
442 1100 1
2684 3269 1
898 3587 1
1142 2593 1
897 2024 1
401 3574 1
1692 2466 1
793 1977 1
288 2173 1
288 2617 1
397 3059 1
382 397 1
1319 2981 1
511 1604 1
511 2882 1
303 2931 1
2330 3259 1
793 3587 1
1977 3587 1
793 898 1
2116 3186 1
1120 1373 1
1896 1902 1
1659 1995 1
514 2708 1
514 3163 1
2387 2684 1
2387 3269 1
1202 1532 1
1202 2601 1
481 3259 1
481 2330 1
397 2684 1
2684 3059 1
382 2684 1
397 2387 1
397 3269 1
2178 3191 1
2239 3259 1
481 2239 1
2239 2330 1
361 691 1
131 218 1
2267 2946 1
2505 3504 1
1836 3574 1
401 1836 1
2572 2777 1
890 1078 1
198 1256 1
580 2530 1
2532 2852 1
1167 2852 1
1578 2373 1
959 1744 1
2427 2996 1
802 2996 1
580 1402 1
1402 2530 1
184 2396 1
520 974 1
1120 3271 1
1373 3271 1
2830 3260 1
2466 3503 1
1692 3503 1
188 2062 1
2267 2759 1
2759 2946 1
2330 3604 1
481 3604 1
3259 3604 1
2239 3604 1
1142 2599 1
2593 2599 1
1149 1921 1
13 2494 1
13 1247 1
228 2119 1
1634 2119 1
2678 3734 1
7 1227 1
2089 2746 1
554 2335 1
448 959 1
448 1744 1
2283 2710 1
228 514 1
514 1634 1
514 2119 1
228 3163 1
228 2708 1
1135 2712 1
672 3090 1
551 1329 1
1329 3632 1
106 2000 1
2869 3236 1
544 1836 1
401 544 1
544 3574 1
303 805 1
805 2931 1
536 3299 1
7 2505 1
1227 2505 1
7 3504 1
2089 2330 1
2330 2746 1
481 2089 1
2089 3604 1
2089 3259 1
2089 2239 1
830 1319 1
830 2981 1
1692 2396 1
2396 2466 1
2396 3503 1
184 1692 1
6 3566 1
2010 2982 1
580 805 1
805 2530 1
805 1402 1
580 2931 1
303 580 1
3108 3566 1
6 3108 1
1020 1823 1
1167 3125 1
2852 3125 1
2532 3125 1
1578 2292 1
2292 2373 1
801 1675 1
801 1072 1
588 3235 1
1481 1800 1
2373 2587 1
1578 2587 1
2292 2587 1
2292 2383 1
1578 2383 1
2383 2587 1
2373 2383 1
3163 3788 1
228 3788 1
514 3788 1
2708 3788 1
2708 3453 1
3453 3788 1
514 3453 1
3163 3453 1
228 3453 1
2024 2674 1
897 2674 1
228 2241 1
1634 2241 1
2119 2241 1
2241 3788 1
514 2241 1
2241 2708 1
2241 3163 1
2241 3453 1
326 991 1
2851 3753 1
984 1111 1
2130 2970 1
430 1712 1
493 2038 1
1111 1712 1
984 1712 1
430 1111 1
451 766 1
138 2653 1
400 3078 1
515 3307 1
585 3110 1
790 2435 1
811 3627 1
742 991 1
326 742 1
798 1146 1
1519 3399 1
1111 1558 1
984 1558 1
1558 1712 1
430 1558 1
1466 2030 1
384 2546 1
1935 2030 1
1466 1935 1
211 2921 1
590 823 1
2268 2923 1
2316 2984 1
3374 3514 1
684 2964 1
1880 2446 1
961 1430 1
528 1699 1
909 941 1
2130 2415 1
2415 2970 1
496 1426 1
1913 2536 1
1572 1892 1
1855 3253 1
632 1459 1
271 597 1
2643 3041 1
138 2263 1
2263 2653 1
700 1560 1
1897 2243 1
1426 3787 1
496 3787 1
948 1423 1
271 1892 1
597 1892 1
271 1572 1
3175 3459 1
1826 3131 1
984 1892 1
1712 1892 1
1558 1892 1
1111 1892 1
984 1572 1
271 984 1
597 984 1
853 3627 1
811 853 1
1232 2820 1
1146 2316 1
798 2316 1
1146 2984 1
1949 2446 1
1880 1949 1
440 3505 1
111 535 1
774 3262 1
2435 3095 1
790 3095 1
252 535 1
111 252 1
334 1826 1
334 3131 1
499 2061 1
1321 3102 1
2590 3131 1
1826 2590 1
334 2590 1
528 2430 1
1699 2430 1
1111 2622 1
1892 2622 1
430 2622 1
1712 2622 1
1558 2622 1
984 2622 1
1440 3262 1
774 1440 1
1672 1845 1
2251 2738 1
430 877 1
877 1712 1
877 2622 1
877 1558 1
877 1111 1
2894 2910 1
578 3317 1
700 1521 1
1521 1560 1
113 3821 1
930 2541 1
1473 1726 1
3181 3505 1
440 3181 1
271 923 1
923 984 1
923 1572 1
923 1892 1
597 923 1
680 2970 1
680 2130 1
680 2415 1
296 3513 1
33 1740 1
415 2798 1
1492 3008 1
535 971 1
252 971 1
111 971 1
1699 1711 1
528 1711 1
1711 2430 1
359 535 1
359 971 1
252 359 1
111 359 1
148 3102 1
148 1321 1
2590 3262 1
1826 3262 1
3131 3262 1
334 3262 1
1440 2590 1
774 2590 1
1852 2842 1
1672 1772 1
1772 1845 1
1892 2415 1
1572 2415 1
271 2415 1
1712 2415 1
597 2415 1
1558 2415 1
1111 2415 1
984 2415 1
923 2415 1
2415 2622 1
680 1892 1
1892 2130 1
1892 2970 1
273 680 1
273 2970 1
273 1892 1
273 2130 1
273 2415 1
711 798 1
711 1146 1
711 2316 1
499 811 1
811 2061 1
499 3627 1
499 853 1
1284 3472 1
537 1724 1
804 3001 1
1990 2438 1
753 2304 1
662 2727 1
1385 2457 1
1838 3122 1
1370 3302 1
735 2438 1
735 1990 1
662 3730 1
2727 3730 1
681 3140 1
1123 3324 1
1157 1653 1
927 1871 1
1264 1797 1
2833 3562 1
1568 2341 1
1281 3295 1
1510 3311 1
123 441 1
1653 1960 1
1157 1960 1
915 3053 1
1653 1727 1
1727 1960 1
1157 1727 1
3086 3424 1
310 1258 1
1370 2372 1
2372 3302 1
1841 2281 1
842 1157 1
842 1960 1
842 1653 1
842 1727 1
331 2567 1
75 3588 1
458 2203 1
231 2355 1
1818 2355 1
231 1818 1
934 2646 1
667 1583 1
842 1509 1
1509 1960 1
1509 1727 1
1157 1509 1
1509 1653 1
2626 2925 1
1623 2016 1
1568 2132 1
2132 2341 1
298 2559 1
294 2797 1
2188 3144 1
1258 2328 1
310 2328 1
1474 3484 1
486 2069 1
1462 2958 1
1422 1566 1
982 1187 1
1212 2731 1
145 2167 1
2328 3653 1
1258 3653 1
310 3653 1
1171 1370 1
1171 2372 1
1171 3302 1
507 880 1
422 513 1
331 422 1
422 2567 1
331 513 1
1990 2883 1
2438 2883 1
735 2883 1
2372 3266 1
1370 3266 1
1171 3266 1
3266 3302 1
32 3636 1
1564 3144 1
1564 2188 1
1019 1856 1
1803 1911 1
331 2236 1
513 2236 1
422 2236 1
2236 2567 1
447 3392 1
310 539 1
539 2328 1
539 1258 1
539 3653 1
238 1353 1
1259 2182 1
2372 3112 1
1370 3112 1
1171 3112 1
3112 3266 1
3112 3302 1
145 3534 1
2167 3534 1
2646 2731 1
934 2731 1
1212 2646 1
678 3166 1
537 3273 1
1724 3273 1
1073 2518 1
1385 1502 1
1502 2457 1
1524 3660 1
1019 3717 1
1856 3717 1
1388 1462 1
1388 2958 1
1212 1734 1
1734 2731 1
1734 2646 1
251 513 1
251 331 1
251 2236 1
251 422 1
2454 2790 1
683 3368 1
1510 2583 1
2583 3311 1
607 2302 1
2659 3690 1
10 485 1
3112 3613 1
3266 3613 1
2372 3613 1
3302 3613 1
1171 3613 1
1370 3613 1
2438 2647 1
2647 2883 1
1990 2647 1
735 2647 1
1344 1392 1
1583 3021 1
667 3021 1
1131 1841 1
1131 2281 1
1010 1870 1
460 1931 1
3475 3790 1
202 1960 1
202 1157 1
202 1509 1
202 1653 1
202 842 1
202 1727 1
1818 2565 1
2355 2565 1
231 2565 1
200 1990 1
200 2647 1
200 2883 1
200 2438 1
200 735 1
3144 3690 1
1564 3690 1
2188 3690 1
2659 3144 1
3052 3460 1
60 70 1
842 915 1
915 1157 1
915 1509 1
915 1960 1
202 915 1
915 1653 1
915 1727 1
842 3053 1
3413 3638 1
2303 3329 1
651 1762 1
663 2273 1
1792 3138 1
1218 3258 1
1271 2129 1
1573 3205 1
712 3361 1
674 3491 1
1889 2432 1
429 980 1
335 2875 1
169 2133 1
3009 3290 1
2461 3284 1
868 1964 1
997 3554 1
427 1616 1
1331 1539 1
947 1113 1
947 2185 1
1113 2185 1
980 3694 1
429 3694 1
221 1904 1
234 1908 1
1081 1298 1
363 1383 1
980 3446 1
429 3446 1
3446 3694 1
820 2550 1
3246 3463 1
426 776 1
2633 3060 1
375 1822 1
2220 2269 1
426 3017 1
776 3017 1
159 3590 1
1007 1452 1
1575 2067 1
1792 2756 1
2756 3138 1
340 2892 1
2314 3602 1
2045 3168 1
1049 3221 1
629 2172 1
1218 1544 1
1544 3258 1
428 776 1
428 3017 1
426 428 1
997 1663 1
1663 3554 1
566 3231 1
2433 3306 1
155 3168 1
155 2045 1
279 3019 1
1358 2305 1
712 2078 1
2078 3361 1
426 3778 1
776 3778 1
3017 3778 1
428 3778 1
674 3326 1
3326 3491 1
1262 2896 1
2282 2637 1
3446 3693 1
980 3693 1
429 3693 1
3693 3694 1
1904 3003 1
221 3003 1
2233 3715 1
221 3150 1
1904 3150 1
3003 3150 1
363 3019 1
1383 3019 1
279 363 1
1048 2244 1
1616 2756 1
427 2756 1
1616 1792 1
1616 3138 1
2175 2983 1
674 2034 1
2034 3491 1
2034 3326 1
1291 2756 1
1291 1792 1
1291 1616 1
1291 3138 1
427 1291 1
712 3786 1
3361 3786 1
2078 3786 1
3118 3814 1
1058 2129 1
1058 1271 1
18 776 1
18 3017 1
18 426 1
18 428 1
18 3778 1
1291 2461 1
1792 2461 1
2461 3138 1
2461 2756 1
427 2461 1
1616 2461 1
1291 3284 1
68 86 1
3204 3589 1
1677 3338 1
371 426 1
371 3778 1
371 776 1
371 3017 1
371 428 1
18 371 1
3315 3470 1
638 1663 1
638 3554 1
638 997 1
1011 1575 1
1011 2067 1
1910 2948 1
1573 1589 1
1589 3205 1
335 1145 1
1145 2875 1
545 751 1
2336 2515 1
2870 3602 1
2314 2870 1
2093 2892 1
340 2093 1
86 510 1
68 510 1
279 3630 1
363 3630 1
3019 3630 1
3388 3432 1
1173 2818 1
803 1677 1
803 3338 1
2282 3526 1
2637 3526 1
2244 2860 1
1048 2860 1
566 1155 1
1155 3231 1
502 1145 1
502 2875 1
335 502 1
105 2699 1
2633 3694 1
3060 3694 1
429 2633 1
2633 3693 1
2633 3446 1
980 2633 1
2343 3638 1
2343 3413 1
916 2156 1
836 2436 1
2515 3042 1
2336 3042 1
591 641 1
118 673 1
1132 2108 1
1779 1863 1
178 1435 1
831 1666 1
2969 3124 1
660 1028 1
454 3458 1
770 3678 1
354 1095 1
3567 3800 1
1640 2101 1
34 2284 1
1569 3132 1
1445 2761 1
43 2585 1
277 3134 1
858 1208 1
274 3337 1
1445 3773 1
2761 3773 1
1446 3815 1
1688 2498 1
1084 1306 1
178 1095 1
1095 1435 1
178 354 1
1831 2969 1
1831 3124 1
1579 1586 1
1208 3733 1
858 3733 1
546 1570 1
3137 3512 1
274 2815 1
2815 3337 1
559 2063 1
1303 1325 1
1561 2866 1
2222 3132 1
1569 2222 1
1018 2725 1
3088 3331 1
1224 3623 1
707 2956 1
214 1561 1
214 2866 1
1427 1956 1
1594 2364 1
1491 1643 1
2595 2841 1
637 2526 1
40 1237 1
1325 3817 1
1303 3817 1
410 3219 1
229 277 1
229 3134 1
1545 1632 1
1851 3208 1
1533 2816 1
1606 3092 1
38 1722 1
831 2527 1
1666 2527 1
995 2959 1
177 3623 1
177 1224 1
364 1643 1
364 1491 1
641 3485 1
591 3485 1
2378 3623 1
1224 2378 1
177 2378 1
989 3124 1
989 2969 1
989 1831 1
894 1643 1
894 1491 1
364 894 1
905 1468 1
1386 3136 1
1551 1943 1
229 2253 1
277 2253 1
2253 3134 1
1594 2586 1
2364 2586 1
852 1808 1
1915 2967 1
3208 3518 1
1851 3518 1
1632 2604 1
1545 2604 1
1303 3818 1
3817 3818 1
1325 3818 1
1414 3487 1
2929 3815 1
1446 2929 1
1688 1835 1
1835 2498 1
2240 3164 1
1017 3264 1
2595 3506 1
2841 3506 1
1470 2321 1
1234 1821 1
2512 3357 1
858 1140 1
1140 1208 1
1140 3733 1
1184 3310 1
277 2997 1
229 2997 1
2997 3134 1
2253 2997 1
112 910 1
1923 2605 1
1915 2005 1
2005 2967 1
1324 2284 1
34 1324 1
1983 2321 1
1470 1983 1
649 1405 1
1690 3502 1
449 1016 1
2102 3248 1
305 432 1
354 989 1
178 989 1
989 1095 1
354 1831 1
354 3124 1
354 2969 1
1396 1705 1
2450 3088 1
2450 3331 1
40 3799 1
1237 3799 1
3436 3623 1
1224 3436 1
177 3436 1
2378 3436 1
1831 2959 1
2959 2969 1
354 2959 1
2959 3124 1
989 2959 1
995 1831 1
36 2526 1
36 637 1
1714 2300 1
494 3733 1
494 1208 1
494 858 1
494 1140 1
182 1069 1
2527 3264 1
1666 3264 1
831 3264 1
1017 2527 1
2450 2758 1
2758 3088 1
2758 3331 1
1835 2222 1
1688 2222 1
2222 2498 1
1569 1835 1
1835 3132 1
110 2604 1
110 1632 1
110 1545 1
2243 2369 1
1897 2369 1
2369 2369 1
2243 2243 1
610 3516 1
3516 3516 1
610 610 1
82 1592 1
1592 1592 1
82 82 1
2464 3021 1
3021 3021 1
2464 2464 1
667 2464 1
1583 2464 1
632 799 1
799 1459 1
799 799 1
632 1736 1
632 632 1
35 632 1
1308 1664 1
1664 1664 1
795 1664 1
293 1664 1
1664 2039 1
1308 1308 1
3595 3719 1
3719 3719 1
3595 3595 1
1041 1450 1
1450 1450 1
1041 1041 1
2129 2162 1
1058 2162 1
2162 2162 1
1271 2162 1
2129 2129 1
74 3526 1
3526 3526 1
3126 3526 1
74 2282 1
74 74 1
74 2637 1
1033 2179 1
2179 2179 1
1033 1033 1
170 1033 1
1033 2221 1
1033 2095 1
781 1730 1
1730 1730 1
781 3637 1
781 781 1
339 1719 1
1719 2760 1
1719 2006 1
1719 1719 1
262 339 1
339 3276 1
339 339 1
339 1625 1
672 2916 1
2916 3090 1
2916 2916 1
672 672 1
443 672 1
1202 2570 1
2570 2601 1
2570 2570 1
1532 2570 1
1202 1202 1
1202 2822 1
283 2879 1
467 2879 1
2879 2879 1
283 283 1
2218 2979 1
2979 2979 1
2218 2218 1
2280 3472 1
3472 3472 1
2280 2280 1
1284 2280 1
133 3373 1
3373 3373 1
2294 3373 1
133 133 1
1189 3426 1
3426 3426 1
1189 1189 1
2027 3715 1
3715 3715 1
2027 2233 1
2027 2027 1
950 1006 1
1006 1006 1
950 950 1
1230 1517 1
1517 1517 1
1230 1230 1
353 3506 1
3506 3506 1
353 2841 1
353 2595 1
353 353 1
1784 3445 1
3445 3445 1
1784 1784 1
1784 3525 1
1784 2271 1
902 3508 1
3508 3508 1
902 902 1
383 1178 1
1178 1178 1
383 383 1
1245 3325 1
3325 3325 1
1245 3328 1
1245 1484 1
1245 1245 1
26 301 1
301 2048 1
301 636 1
301 301 1
26 327 1
26 1394 1
26 26 1
26 3583 1
872 1541 1
1541 1541 1
872 872 1
57 872 1
872 1804 1
2716 3192 1
3192 3192 1
2716 2716 1
1495 3464 1
3464 3464 1
2508 3464 1
1495 2706 1
1495 1495 1
1271 3407 1
2129 3407 1
1058 3407 1
2162 3407 1
3407 3407 1
1271 1271 1
432 2508 1
305 2508 1
2508 2508 1
432 3464 1
432 432 1
432 1495 1
1595 2275 1
2275 2275 1
1854 2275 1
1595 1595 1
635 2106 1
2106 2106 1
576 635 1
635 965 1
635 2055 1
635 2728 1
635 3559 1
635 2103 1
635 1944 1
635 2810 1
635 635 1
635 3100 1
2294 2383 1
2383 2383 1
133 2383 1
2383 3373 1
2294 2373 1
1578 2294 1
2292 2294 1
2294 2294 1
2294 2587 1
880 3568 1
3568 3568 1
507 3568 1
880 880 1
67 1230 1
1230 2385 1
1230 1270 1
495 1230 1
67 67 1
67 1517 1
119 2897 1
2897 2897 1
119 119 1
362 2641 1
2592 2641 1
2641 2641 1
362 362 1
344 1806 1
1806 1806 1
344 344 1
344 1263 1
1123 1864 1
1864 1864 1
1864 3324 1
1123 1123 1
1913 3283 1
2536 3283 1
3283 3283 1
1913 1913 1
1913 2404 1
950 3637 1
1006 3637 1
3637 3637 1
950 1730 1
781 950 1
1737 2023 1
2023 2023 1
1737 1737 1
2437 3463 1
3463 3463 1
2437 2437 1
2437 3246 1
2080 2845 1
2845 2845 1
2080 2080 1
311 3060 1
3060 3060 1
311 2633 1
311 3694 1
311 311 1
369 3203 1
3203 3203 1
369 369 1
2054 3738 1
3738 3738 1
2054 2054 1
2771 3368 1
3368 3368 1
683 2771 1
2771 2771 1
885 2883 1
2883 2883 1
885 1990 1
885 2438 1
200 885 1
885 885 1
885 2647 1
735 885 1
712 3765 1
3361 3765 1
3765 3786 1
3765 3765 1
2078 3765 1
712 712 1
712 1038 1
1319 3569 1
3569 3569 1
2981 3569 1
830 3569 1
1319 3094 1
1319 1319 1
3 1405 -1
3 649 -1
3198 3694 -1
2633 3198 -1
429 3198 -1
3198 3693 -1
3060 3198 -1
3198 3446 -1
980 3198 -1
1486 3296 -1
816 3296 -1
1122 3296 -1
1054 3296 -1
244 1003 -1
431 1689 -1
2866 3066 -1
1561 3066 -1
214 3066 -1
1195 3087 -1
1140 2918 -1
1208 2918 -1
858 2918 -1
2918 3733 -1
494 2918 -1
328 1383 -1
328 363 -1
328 3019 -1
633 3457 -1
2959 2983 -1
354 2983 -1
995 2983 -1
1831 2983 -1
2983 3124 -1
2969 2983 -1
989 2983 -1
2175 2959 -1
1021 2480 -1
1849 2332 -1
328 3042 -1
328 2336 -1
328 2515 -1
1409 2333 -1
1960 3518 -1
1157 3518 -1
1509 3518 -1
202 3518 -1
915 3518 -1
1653 3518 -1
842 3518 -1
1727 3518 -1
1960 3208 -1
1851 1960 -1
395 2108 -1
1537 2108 -1
1755 2108 -1
395 1132 -1
3433 3523 -1
1797 3568 -1
1264 3568 -1
6 1643 -1
1643 3108 -1
1643 3566 -1
6 1491 -1
6 364 -1
6 894 -1
342 2102 -1
2102 2224 -1
2102 3184 -1
786 2102 -1
1820 2102 -1
1064 2102 -1
342 3248 -1
1801 1830 -1
470 2156 -1
470 916 -1
1779 3452 -1
1863 3452 -1
251 2516 -1
513 2516 -1
331 2516 -1
2236 2516 -1
422 2516 -1
2716 3068 -1
2499 3458 -1
454 2499 -1
1778 1843 -1
1566 3603 -1
1422 3603 -1
180 2303 -1
1075 2303 -1
1068 2303 -1
1261 2303 -1
180 3329 -1
1328 3602 -1
1780 3602 -1
1328 2314 -1
1328 2870 -1
2116 3554 -1
3186 3554 -1
997 2116 -1
638 2116 -1
1663 2116 -1
1781 2380 -1
1781 2279 -1
1781 2788 -1
671 1781 -1
47 1781 -1
1808 1841 -1
852 1841 -1
1808 2281 -1
1131 1808 -1
861 2332 -1
2818 3395 -1
1173 3395 -1
3172 3427 -1
3043 3427 -1
2898 3172 -1
724 2175 -1
724 2983 -1
831 1664 -1
1664 3264 -1
1664 1666 -1
1664 2527 -1
2848 3167 -1
3145 3167 -1
2252 3167 -1
2117 3167 -1
2513 3167 -1
1357 2848 -1
2375 2761 -1
1445 2375 -1
2375 3773 -1
47 2917 -1
2380 2917 -1
671 2917 -1
2788 2917 -1
2279 2917 -1
588 622 -1
622 3235 -1
6 2725 -1
2725 3108 -1
2725 3566 -1
6 1018 -1
47 2491 -1
2380 2491 -1
671 2491 -1
2491 2788 -1
2279 2491 -1
371 1330 -1
1330 3778 -1
776 1330 -1
1330 3017 -1
426 1330 -1
428 1330 -1
18 1330 -1
3567 3774 -1
3774 3800 -1
3070 3186 -1
2116 3070 -1
816 1383 -1
1383 2256 -1
1122 1383 -1
1054 1383 -1
1383 1486 -1
363 816 -1
816 3019 -1
6 1863 -1
1863 3108 -1
1863 3566 -1
6 1779 -1
1796 2907 -1
601 3474 -1
214 3782 -1
1561 3782 -1
2866 3782 -1
214 2347 -1
214 2052 -1
2779 3392 -1
447 2779 -1
2854 3735 -1
2264 3735 -1
1294 3735 -1
801 905 -1
905 1072 -1
905 1675 -1
801 1468 -1
353 929 -1
342 3690 -1
2224 3690 -1
3184 3690 -1
786 3690 -1
1820 3690 -1
1064 3690 -1
342 3144 -1
342 2188 -1
342 2659 -1
342 1564 -1
2361 2623 -1
2623 3525 -1
2271 2623 -1
2576 2665 -1
2576 3084 -1
2359 2455 -1
1414 3353 -1
3353 3487 -1
3397 3534 -1
145 3397 -1
2167 3397 -1
1479 3602 -1
631 3602 -1
1479 2314 -1
1479 2870 -1
57 1374 -1
1374 1804 -1
1374 1541 -1
1760 1764 -1
890 1645 -1
1078 1645 -1
1022 1218 -1
1022 1544 -1
1022 3258 -1
1445 2583 -1
2583 2761 -1
2583 3773 -1
1445 1510 -1
1445 3311 -1
348 1046 -1
3231 3302 -1
1155 3302 -1
566 3302 -1
3231 3266 -1
2372 3231 -1
3112 3231 -1
1171 3231 -1
1370 3231 -1
3231 3613 -1
212 990 -1
11 949 -1
89 1689 -1
1272 3300 -1
1588 2359 -1
599 2359 -1
652 3221 -1
652 1049 -1
149 1711 -1
149 528 -1
149 1699 -1
149 2430 -1
3055 3800 -1
3055 3567 -1
6 2816 -1
2816 3108 -1
2816 3566 -1
6 1533 -1
608 628 -1
398 628 -1
628 3079 -1
348 2761 -1
348 1445 -1
348 3773 -1
321 1739 -1
999 1416 -1
39 3681 -1
2501 3681 -1
1950 3117 -1
833 941 -1
941 2497 -1
833 909 -1
502 1384 -1
1145 1384 -1
1384 2875 -1
335 1384 -1
155 2477 -1
2477 3168 -1
2045 2477 -1
327 3267 -1
1394 3267 -1
301 3267 -1
591 3182 -1
641 3182 -1
3182 3485 -1
1010 3542 -1
1870 3542 -1
2112 3690 -1
2112 3144 -1
2112 2188 -1
2112 2659 -1
1564 2112 -1
2561 3729 -1
244 1939 -1
244 2876 -1
244 1350 -1
212 1800 -1
212 1481 -1
586 3127 -1
130 3127 -1
1700 3127 -1
2215 3127 -1
584 3127 -1
1005 3127 -1
569 3127 -1
1893 2788 -1
2008 2788 -1
171 2788 -1
2788 3133 -1
1893 2279 -1
1893 2380 -1
671 1893 -1
47 1893 -1
3084 3534 -1
2665 3534 -1
145 3084 -1
2167 3084 -1
290 503 -1
212 3731 -1
212 1494 -1
2130 3135 -1
680 3135 -1
273 3135 -1
2970 3135 -1
1892 3135 -1
2415 3135 -1
348 1684 -1
1702 3245 -1
408 3245 -1
1696 1702 -1
1702 2064 -1
255 1702 -1
1480 1702 -1
1702 3543 -1
1012 2616 -1
502 3098 -1
1145 3098 -1
2875 3098 -1
335 3098 -1
502 1438 -1
336 1261 -1
180 336 -1
336 1075 -1
336 1068 -1
633 951 -1
159 3565 -1
3565 3590 -1
1229 2680 -1
2067 3381 -1
1011 3381 -1
1575 3381 -1
318 2794 -1
77 1461 -1
65 3379 -1
1445 3686 -1
2761 3686 -1
3686 3773 -1
1387 2910 -1
1496 2910 -1
2607 2910 -1
1387 2894 -1
121 1708 -1
1708 2768 -1
1708 3741 -1
1708 1998 -1
405 2491 -1
869 2094 -1
1843 2408 -1
159 3598 -1
3590 3598 -1
2375 2767 -1
439 787 -1
2442 3427 -1
2442 2898 -1
1649 2616 -1
1123 3548 -1
3324 3548 -1
3198 3688 -1
148 833 -1
833 1321 -1
833 3102 -1
148 2497 -1
209 1940 -1
209 602 -1
209 2181 -1
209 487 -1
3450 3590 -1
1720 3590 -1
745 3590 -1
159 3450 -1
1409 2973 -1
1904 3516 -1
3003 3516 -1
221 3516 -1
3150 3516 -1
369 3225 -1
1277 1705 -1
1160 1705 -1
465 1705 -1
1277 1396 -1
649 3419 -1
1405 3419 -1
2766 3671 -1
177 362 -1
362 1224 -1
362 2378 -1
362 3436 -1
362 3623 -1
177 2592 -1
668 3117 -1
895 1821 -1
895 1234 -1
2250 2295 -1
908 3314 -1
1207 3799 -1
40 1207 -1
1207 1237 -1
2002 2303 -1
2303 3682 -1
2002 3329 -1
2680 3203 -1
301 3735 -1
1394 3735 -1
327 3735 -1
3583 3735 -1
259 3121 -1
1962 3121 -1
3121 3642 -1
100 1689 -1
2179 3427 -1
170 3427 -1
2221 3427 -1
2095 3427 -1
2179 2898 -1
2918 3137 -1
2918 3512 -1
405 2682 -1
1173 2477 -1
2477 2818 -1
1940 2056 -1
602 2056 -1
2056 2181 -1
487 2056 -1
1705 3451 -1
1396 3451 -1
2401 3017 -1
1476 3017 -1
2844 3017 -1
2401 3778 -1
776 2401 -1
426 2401 -1
428 2401 -1
18 2401 -1
371 2401 -1
1865 3135 -1
1010 2862 -1
1870 2862 -1
837 1516 -1
1820 3379 -1
1064 3379 -1
3184 3379 -1
786 3379 -1
2224 3379 -1
342 3379 -1
625 2373 -1
1471 2373 -1
625 1578 -1
625 2587 -1
625 2292 -1
625 2383 -1
668 3729 -1
2071 2319 -1
387 1178 -1
6 1808 -1
1808 3108 -1
1808 3566 -1
6 852 -1
1650 2584 -1
1650 2859 -1
444 1650 -1
556 2815 -1
556 3337 -1
274 556 -1
2056 2077 -1
1317 3602 -1
1317 2314 -1
1317 2870 -1
648 2379 -1
1378 3786 -1
712 1378 -1
1378 3361 -1
1378 2078 -1
1622 2288 -1
114 1872 -1
1808 2779 -1
852 2779 -1
2584 2737 -1
2737 2859 -1
444 2737 -1
2505 3033 -1
3033 3504 -1
1227 3033 -1
7 3033 -1
216 3612 -1
2401 2615 -1
1476 2615 -1
2615 2844 -1
425 3231 -1
425 1155 -1
425 566 -1
610 886 -1
610 2189 -1
481 716 -1
716 2089 -1
716 2330 -1
716 3259 -1
716 3604 -1
716 2239 -1
349 1381 -1
3534 3767 -1
145 3767 -1
2167 3767 -1
2697 3534 -1
2510 3534 -1
1818 3542 -1
2355 3542 -1
2565 3542 -1
231 3542 -1
1378 1953 -1
1729 3601 -1
36 3786 -1
637 3786 -1
2526 3786 -1
36 712 -1
36 3361 -1
36 2078 -1
1300 2463 -1
1300 3634 -1
1300 3667 -1
1300 2914 -1
695 1300 -1
19 34 -1
19 1324 -1
19 2284 -1
2576 3548 -1
1875 2523 -1
2060 2523 -1
2523 3364 -1
2523 3749 -1
278 2523 -1
543 2523 -1
57 2042 -1
1804 2042 -1
1541 2042 -1
2054 3782 -1
2054 2347 -1
2052 2054 -1
2358 3774 -1
18 2841 -1
2841 3778 -1
776 2841 -1
2841 3017 -1
426 2841 -1
428 2841 -1
371 2841 -1
18 3506 -1
18 2595 -1
868 3294 -1
1964 3294 -1
362 660 -1
660 2592 -1
362 1028 -1
1497 1601 -1
645 3799 -1
40 645 -1
645 1237 -1
274 1696 -1
1696 3337 -1
1696 2815 -1
274 2064 -1
274 1480 -1
255 274 -1
274 3245 -1
274 3543 -1
3332 3717 -1
1856 3332 -1
1019 3332 -1
2885 2998 -1
2684 2884 -1
382 2884 -1
2387 2884 -1
2884 3269 -1
2884 3059 -1
397 2884 -1
1052 3778 -1
1898 3778 -1
2309 3778 -1
1118 3778 -1
776 1052 -1
1052 3017 -1
426 1052 -1
428 1052 -1
18 1052 -1
371 1052 -1
949 2544 -1
28 949 -1
913 949 -1
388 949 -1
949 3710 -1
1362 3542 -1
1830 2817 -1
37 1678 -1
1678 3596 -1
2409 3121 -1
3164 3191 -1
2240 3191 -1
2178 3164 -1
778 3590 -1
159 778 -1
318 1412 -1
660 3066 -1
1028 3066 -1
219 3603 -1
1446 2583 -1
2583 2929 -1
2583 3815 -1
1446 1510 -1
1446 3311 -1
1684 1707 -1
2002 3353 -1
3353 3682 -1
2516 2998 -1
1166 3332 -1
2077 3681 -1
566 1779 -1
1155 1779 -1
1779 3231 -1
566 1863 -1
1417 3685 -1
3190 3799 -1
40 3190 -1
1237 3190 -1
3060 3548 -1
2633 3548 -1
3548 3694 -1
1646 3231 -1
1155 1646 -1
566 1646 -1
177 321 -1
321 1224 -1
321 2378 -1
321 3436 -1
321 3623 -1
3234 3379 -1
209 1958 -1
2779 3730 -1
662 2779 -1
2727 2779 -1
742 2067 -1
326 2067 -1
991 2067 -1
742 1011 -1
742 1575 -1
2546 3135 -1
384 3135 -1
227 2409 -1
1434 3258 -1
612 3258 -1
1478 3258 -1
1311 3258 -1
1434 1544 -1
1218 1434 -1
1639 2491 -1
47 3452 -1
2380 3452 -1
671 3452 -1
2788 3452 -1
2279 3452 -1
1196 2164 -1
988 2164 -1
2164 2245 -1
2164 3478 -1
1333 2164 -1
34 53 -1
53 1324 -1
53 2284 -1
34 2872 -1
1285 3645 -1
47 2530 -1
2380 2530 -1
671 2530 -1
2530 2788 -1
2279 2530 -1
47 1402 -1
47 580 -1
47 805 -1
648 3207 -1
648 3323 -1
425 1409 -1
212 2799 -1
2045 2635 -1
2635 3168 -1
155 2635 -1
364 3294 -1
1643 3294 -1
894 3294 -1
1491 3294 -1
2250 2956 -1
707 2250 -1
1491 3693 -1
1643 3693 -1
364 3693 -1
894 3693 -1
1491 2633 -1
1491 3694 -1
980 1491 -1
429 1491 -1
1491 3446 -1
1132 2918 -1
2108 2918 -1
39 979 -1
979 2501 -1
964 1265 -1
1173 2081 -1
2081 2818 -1
648 1555 -1
29 47 -1
29 2380 -1
29 671 -1
29 2788 -1
29 2279 -1
3267 3311 -1
1510 3267 -1
2583 3267 -1
857 2703 -1
307 857 -1
857 2717 -1
857 3709 -1
1178 3800 -1
1178 3567 -1
908 3294 -1
338 342 -1
338 2224 -1
338 3184 -1
338 786 -1
338 1820 -1
338 1064 -1
1131 3039 -1
1841 3039 -1
2281 3039 -1
287 849 -1
360 3378 -1
3175 3326 -1
3326 3459 -1
674 3175 -1
3175 3491 -1
2034 3175 -1
2242 3172 -1
1360 3172 -1
2242 3043 -1
556 3485 -1
556 641 -1
556 591 -1
964 2058 -1
325 1711 -1
325 528 -1
325 1699 -1
325 2430 -1
342 2758 -1
2224 2758 -1
2758 3184 -1
786 2758 -1
1820 2758 -1
1064 2758 -1
342 3088 -1
342 2450 -1
342 3331 -1
1115 1483 -1
356 1689 -1
1689 3113 -1
1689 3316 -1
635 1609 -1
635 2012 -1
1486 1711 -1
816 1711 -1
1122 1711 -1
1054 1711 -1
528 1486 -1
1486 1699 -1
1486 2430 -1
996 1414 -1
996 3487 -1
1158 2173 -1
288 1158 -1
1158 2617 -1
86 1104 -1
68 1104 -1
510 1104 -1
86 3385 -1
963 1696 -1
963 2064 -1
963 1480 -1
255 963 -1
963 3245 -1
963 3543 -1
185 1111 -1
185 1892 -1
185 877 -1
185 430 -1
185 2415 -1
185 1712 -1
185 1558 -1
185 984 -1
185 2622 -1
324 1115 -1
293 964 -1
795 964 -1
964 3507 -1
964 1308 -1
964 2039 -1
2077 3052 -1
2077 3460 -1
42 3172 -1
42 3043 -1
588 2761 -1
2761 3235 -1
588 1445 -1
588 3773 -1
3426 3548 -1
9 1796 -1
1880 3097 -1
1949 3097 -1
2446 3097 -1
1056 1880 -1
1880 3139 -1
1880 3701 -1
1130 2467 -1
1700 1722 -1
569 1722 -1
130 1722 -1
586 1722 -1
1005 1722 -1
1722 2215 -1
38 1700 -1
300 3153 -1
1243 3153 -1
2543 3153 -1
380 3570 -1
1708 3028 -1
2355 2758 -1
1818 2758 -1
2565 2758 -1
231 2758 -1
2355 3088 -1
2355 2450 -1
2355 3331 -1
2870 3016 -1
3016 3602 -1
2314 3016 -1
1136 2870 -1
1376 2576 -1
357 3067 -1
2751 3067 -1
1710 2824 -1
2347 3590 -1
2052 3590 -1
3590 3782 -1
159 2347 -1
1217 3135 -1
1632 2981 -1
1545 2981 -1
2604 2981 -1
110 2981 -1
830 1632 -1
1319 1632 -1
1139 1300 -1
575 1300 -1
3512 3625 -1
3137 3625 -1
1445 1490 -1
1490 2761 -1
1490 3773 -1
1445 2176 -1
1405 1862 -1
649 1862 -1
1405 2784 -1
661 1405 -1
1405 2630 -1
363 1123 -1
279 1123 -1
1123 3019 -1
1123 3630 -1
1123 1383 -1
363 3324 -1
857 1531 -1
2014 3319 -1
144 3319 -1
190 3526 -1
1526 3526 -1
190 2282 -1
190 2637 -1
854 3701 -1
854 3097 -1
854 3139 -1
1145 2380 -1
2380 2875 -1
502 2380 -1
335 2380 -1
1145 2279 -1
1145 2788 -1
671 1145 -1
47 1145 -1
1958 2725 -1
1018 1958 -1
2234 2243 -1
2243 3784 -1
1897 2234 -1
583 2751 -1
357 583 -1
641 3186 -1
3186 3485 -1
591 3186 -1
641 2116 -1
2034 2895 -1
674 2895 -1
2895 3491 -1
2895 3326 -1
2034 2904 -1
618 2034 -1
2034 3687 -1
2034 3018 -1
719 2034 -1
936 1414 -1
936 3487 -1
339 2111 -1
2111 2760 -1
2006 2111 -1
347 3036 -1
347 677 -1
963 2077 -1
2284 3461 -1
34 3461 -1
1324 3461 -1
447 3378 -1
3378 3392 -1
3392 3719 -1
447 3719 -1
63 1722 -1
38 63 -1
47 1018 -1
1018 2380 -1
671 1018 -1
1018 2788 -1
1018 2279 -1
47 2725 -1
1861 3315 -1
1861 3470 -1
613 675 -1
905 1277 -1
1277 1468 -1
905 1160 -1
465 905 -1
1747 1810 -1
86 190 -1
68 190 -1
190 510 -1
86 1526 -1
3076 3430 -1
1409 2654 -1
887 1052 -1
887 1898 -1
887 2309 -1
887 1118 -1
1057 1204 -1
437 1204 -1
1204 2311 -1
1057 3159 -1
1057 3615 -1
3567 3685 -1
3685 3800 -1
3541 3602 -1
3546 3602 -1
2314 3541 -1
2870 3541 -1
1131 3542 -1
1841 3542 -1
2281 3542 -1
1739 2489 -1
1708 1875 -1
1708 2060 -1
1708 3364 -1
1708 3749 -1
278 1708 -1
543 1708 -1
676 2484 -1
833 2354 -1
2354 2497 -1
964 1532 -1
964 2601 -1
964 1202 -1
717 2383 -1
717 1578 -1
717 2587 -1
717 2292 -1
717 2373 -1
1453 3518 -1
1976 3518 -1
1753 3518 -1
3252 3518 -1
1453 3208 -1
1453 1851 -1
34 39 -1
39 1324 -1
39 2284 -1
34 2501 -1
1208 2499 -1
858 2499 -1
1140 2499 -1
2499 3733 -1
494 2499 -1
995 1394 -1
1394 1831 -1
1394 2959 -1
995 3583 -1
301 995 -1
327 995 -1
2351 3590 -1
159 2351 -1
322 2758 -1
1540 2758 -1
322 3088 -1
322 2450 -1
322 3331 -1
1172 2766 -1
86 2483 -1
68 2483 -1
510 2483 -1
1595 2099 -1
1854 2099 -1
1919 3735 -1
329 3416 -1
483 3416 -1
452 3416 -1
907 3416 -1
621 3416 -1
155 1357 -1
1357 3168 -1
1357 2045 -1
155 3167 -1
1368 2281 -1
1368 1841 -1
1131 1368 -1
1978 2205 -1
2624 3060 -1
2624 2633 -1
2624 3694 -1
2096 3378 -1
149 1725 -1
149 1404 -1
149 1326 -1
2108 3334 -1
1132 3334 -1
2127 2876 -1
1939 2127 -1
1350 2127 -1
1771 2396 -1
184 1771 -1
1771 2466 -1
1692 1771 -1
1771 3503 -1
2616 2827 -1
1081 2876 -1
1298 2876 -1
1081 1939 -1
1081 1350 -1
1206 2404 -1
1206 3283 -1
849 1172 -1
240 3116 -1
240 1670 -1
342 2830 -1
2224 2830 -1
2830 3184 -1
786 2830 -1
1820 2830 -1
1064 2830 -1
342 3260 -1
233 357 -1
233 2751 -1
247 1796 -1
360 3719 -1
2383 2571 -1
1578 2571 -1
2571 2587 -1
2292 2571 -1
2373 2571 -1
2221 2305 -1
170 2305 -1
2179 2305 -1
2095 2305 -1
1358 2221 -1
1115 1365 -1
1157 1445 -1
1445 1509 -1
1445 1960 -1
202 1445 -1
915 1445 -1
1445 1653 -1
842 1445 -1
1445 1727 -1
1157 2761 -1
1157 3773 -1
36 2852 -1
637 2852 -1
2526 2852 -1
36 2532 -1
36 3125 -1
36 1167 -1
1166 3533 -1
471 1166 -1
1166 1679 -1
1226 2364 -1
1226 1594 -1
1226 2586 -1
1511 3167 -1
1901 3167 -1
55 3167 -1
1357 1511 -1
259 1071 -1
1071 1962 -1
1071 3642 -1
10 3603 -1
485 3603 -1
617 3735 -1
687 3735 -1
833 3078 -1
2497 3078 -1
400 833 -1
2358 2561 -1
3 118 -1
3 673 -1
372 2467 -1
947 2388 -1
1113 2388 -1
2185 2388 -1
947 2608 -1
947 1936 -1
814 947 -1
788 2726 -1
322 2830 -1
1540 2830 -1
322 3260 -1
2624 3542 -1
2815 3276 -1
3276 3337 -1
274 3276 -1
1625 2815 -1
262 2815 -1
1719 2815 -1
2499 3076 -1
301 1450 -1
1394 1450 -1
327 1450 -1
1450 3583 -1
305 3025 -1
432 3025 -1
305 1626 -1
1414 1530 -1
1530 3487 -1
318 1166 -1
1146 2173 -1
2173 2984 -1
2173 2316 -1
798 2173 -1
711 2173 -1
288 1146 -1
1146 2617 -1
1925 3167 -1
3167 3265 -1
1357 1925 -1
1080 2886 -1
1970 2886 -1
1274 2886 -1
2264 2491 -1
2491 2854 -1
1294 2491 -1
1046 3451 -1
1416 2110 -1
118 1940 -1
673 1940 -1
118 602 -1
118 2181 -1
118 487 -1
1470 3611 -1
2321 3611 -1
1983 3611 -1
602 2516 -1
2516 3170 -1
2181 2516 -1
167 2516 -1
1448 2516 -1
487 2516 -1
1940 2516 -1
2516 3805 -1
319 2516 -1
3226 3311 -1
1510 3226 -1
2583 3226 -1
3269 3379 -1
2387 3379 -1
2684 3379 -1
397 3379 -1
46 3407 -1
719 1208 -1
1208 2904 -1
618 1208 -1
1208 3687 -1
1208 3018 -1
1208 2895 -1
719 858 -1
719 1140 -1
719 3733 -1
494 719 -1
1328 1355 -1
1355 1780 -1
622 3211 -1
622 767 -1
1515 1646 -1
219 1416 -1
2099 3272 -1
2260 3378 -1
1434 1729 -1
612 1729 -1
1478 1729 -1
1311 1729 -1
1955 2969 -1
354 1955 -1
1955 2959 -1
1955 3124 -1
989 1955 -1
1831 1955 -1
850 2581 -1
1858 2358 -1
1044 1893 -1
1044 2008 -1
171 1044 -1
1044 3133 -1
38 39 -1
39 1722 -1
38 2501 -1
1118 3072 -1
1898 3072 -1
1052 3072 -1
2309 3072 -1
47 1964 -1
1964 2380 -1
671 1964 -1
1964 2788 -1
1964 2279 -1
47 868 -1
929 3036 -1
677 929 -1
355 1842 -1
1953 3567 -1
1953 3800 -1
676 702 -1
6 910 -1
910 3108 -1
910 3566 -1
6 112 -1
601 3079 -1
601 608 -1
398 601 -1
1383 2542 -1
363 2542 -1
2542 3019 -1
3003 3383 -1
1904 3383 -1
221 3383 -1
3150 3383 -1
2563 2965 -1
385 2563 -1
2117 2401 -1
2401 2848 -1
2401 2513 -1
2252 2401 -1
1476 2117 -1
2117 2844 -1
3022 3378 -1
39 44 -1
44 2501 -1
645 3211 -1
645 767 -1
1531 1708 -1
506 1495 -1
506 2508 -1
1158 3350 -1
2373 3340 -1
1578 3340 -1
2587 3340 -1
2292 3340 -1
2383 3340 -1
1272 2766 -1
871 1906 -1
857 1607 -1
1084 1600 -1
1306 1600 -1
229 3052 -1
2997 3052 -1
277 3052 -1
3052 3134 -1
2253 3052 -1
229 3460 -1
582 894 -1
582 1643 -1
364 582 -1
582 1491 -1
182 3340 -1
1069 3340 -1
534 1262 -1
534 2896 -1
240 2077 -1
2200 2436 -1
836 2200 -1
318 3426 -1
1722 2375 -1
38 2375 -1
44 1958 -1
582 3088 -1
582 2450 -1
582 3331 -1
582 2758 -1
2003 3666 -1
2744 2882 -1
1604 2744 -1
511 2744 -1
838 1028 -1
660 838 -1
911 1386 -1
1386 3418 -1
911 3136 -1
1198 1792 -1
1198 1616 -1
1198 3138 -1
1198 1291 -1
1198 2756 -1
1198 2461 -1
19 1396 -1
19 1705 -1
600 3186 -1
600 2116 -1
838 989 -1
354 838 -1
838 1095 -1
838 1831 -1
838 2959 -1
178 838 -1
838 3124 -1
838 2969 -1
943 1696 -1
943 2064 -1
943 1480 -1
255 943 -1
943 3245 -1
943 3543 -1
910 2981 -1
112 2981 -1
830 910 -1
910 1319 -1
2225 3800 -1
2225 3567 -1
480 2185 -1
480 1113 -1
480 947 -1
150 3594 -1
2313 3190 -1
361 1347 -1
691 1347 -1
2641 3683 -1
201 2385 -1
67 201 -1
201 1270 -1
201 495 -1
787 3066 -1
1400 2205 -1
856 2205 -1
1971 2205 -1
362 1178 -1
1178 2592 -1
251 2052 -1
513 2052 -1
331 2052 -1
2052 2236 -1
422 2052 -1
251 2347 -1
251 3782 -1
425 2563 -1
2120 3701 -1
2120 3097 -1
2120 3139 -1
155 1704 -1
1704 3168 -1
1704 2045 -1
177 3066 -1
1224 3066 -1
2378 3066 -1
3066 3436 -1
3066 3623 -1
259 3124 -1
1962 3124 -1
3124 3642 -1
259 2969 -1
259 354 -1
259 2959 -1
259 989 -1
259 1831 -1
2639 2957 -1
2684 2886 -1
382 2886 -1
2387 2886 -1
2886 3269 -1
2886 3059 -1
397 2886 -1
484 794 -1
387 2234 -1
387 3784 -1
1420 2175 -1
1420 2983 -1
601 611 -1
1953 1973 -1
1350 1395 -1
1395 1939 -1
1395 2876 -1
818 2099 -1
1200 2099 -1
2054 3772 -1
588 1890 -1
1890 3235 -1
857 2973 -1
491 1712 -1
491 1892 -1
491 877 -1
430 491 -1
491 2415 -1
491 1558 -1
491 1111 -1
491 984 -1
491 2622 -1
1022 1207 -1
53 1374 -1
1374 2872 -1
897 2414 -1
2024 2414 -1
2414 2674 -1
3247 3419 -1
258 2052 -1
258 2347 -1
258 3782 -1
1025 1689 -1
908 3305 -1
908 1840 -1
908 2574 -1
302 1678 -1
1129 2726 -1
1994 3378 -1
1646 3353 -1
3066 3340 -1
1807 2779 -1
2885 3351 -1
518 831 -1
518 3264 -1
518 1666 -1
518 2527 -1
2604 2906 -1
1632 2906 -1
1545 2906 -1
110 2906 -1
330 3063 -1
612 639 -1
639 1434 -1
639 1478 -1
639 1311 -1
98 3350 -1
530 3124 -1
1888 3124 -1
378 3124 -1
530 2969 -1
354 530 -1
530 2959 -1
530 989 -1
530 1831 -1
1261 3315 -1
180 3315 -1
1075 3315 -1
1068 3315 -1
1261 3470 -1
3225 3590 -1
159 3225 -1
991 3350 -1
742 3350 -1
326 3350 -1
628 2238 -1
628 3795 -1
628 3781 -1
628 3365 -1
1247 3645 -1
13 3645 -1
2494 3645 -1
995 2480 -1
1831 2480 -1
2480 2959 -1
616 1884 -1
616 1661 -1
1724 2616 -1
537 2616 -1
2616 3273 -1
1960 1983 -1
1157 1983 -1
1509 1983 -1
202 1983 -1
915 1983 -1
1653 1983 -1
842 1983 -1
1727 1983 -1
1960 2321 -1
1470 1960 -1
47 3087 -1
2380 3087 -1
671 3087 -1
2788 3087 -1
2279 3087 -1
132 2185 -1
132 1113 -1
132 947 -1
2434 3465 -1
850 2630 -1
850 2784 -1
850 2148 -1
850 1862 -1
850 2579 -1
661 850 -1
850 1407 -1
886 2242 -1
2189 2242 -1
886 1360 -1
677 849 -1
849 3036 -1
2380 2913 -1
2279 2913 -1
2788 2913 -1
671 2913 -1
47 2913 -1
3426 3542 -1
1247 3099 -1
13 3099 -1
2494 3099 -1
424 2163 -1
968 2779 -1
114 759 -1
114 1728 -1
114 2160 -1
114 2327 -1
1531 2129 -1
1058 1531 -1
1271 1531 -1
232 1350 -1
232 1939 -1
232 2876 -1
786 3755 -1
3184 3755 -1
2224 3755 -1
1820 3755 -1
342 3755 -1
1064 3755 -1
588 1714 -1
1714 3235 -1
588 2300 -1
801 3379 -1
1072 3379 -1
1675 3379 -1
1705 1707 -1
1396 1707 -1
2409 3009 -1
2409 3290 -1
1123 3542 -1
3324 3542 -1
1689 2671 -1
2434 2525 -1
322 2099 -1
1540 2099 -1
18 47 -1
47 3778 -1
47 776 -1
47 3017 -1
47 426 -1
47 428 -1
47 371 -1
18 2380 -1
18 671 -1
18 2788 -1
18 2279 -1
178 2269 -1
354 2269 -1
1435 2269 -1
989 2269 -1
1095 2269 -1
178 2220 -1
2727 3533 -1
3533 3730 -1
662 3533 -1
471 2727 -1
1679 2727 -1
1879 3235 -1
1775 3235 -1
588 1879 -1
185 673 -1
118 185 -1
2779 2813 -1
2401 2639 -1
1476 2639 -1
2639 2844 -1
1261 1792 -1
180 1792 -1
1075 1792 -1
1068 1792 -1
1261 1616 -1
1261 3138 -1
1261 1291 -1
1261 2756 -1
1261 2461 -1
591 2150 -1
641 2150 -1
2150 3485 -1
2175 2570 -1
2570 2983 -1
2175 2822 -1
587 1722 -1
1722 2254 -1
38 587 -1
378 2108 -1
1888 2108 -1
530 2108 -1
378 1132 -1
787 3216 -1
1416 3542 -1
2919 3338 -1
803 2919 -1
1677 2919 -1
1410 3532 -1
153 1410 -1
268 1410 -1
2634 3117 -1
1668 3117 -1
1805 3117 -1
1374 3345 -1
159 3581 -1
3581 3590 -1
1104 2676 -1
2676 3385 -1
2387 2571 -1
2571 2684 -1
2571 3269 -1
397 2571 -1
1412 2040 -1
2112 2758 -1
2112 3088 -1
2112 2450 -1
2112 3331 -1
2071 3004 -1
244 724 -1
1719 2373 -1
1625 2373 -1
2373 3276 -1
262 2373 -1
1578 1719 -1
1719 2587 -1
1719 2292 -1
1719 2383 -1
342 2408 -1
2224 2408 -1
2408 3184 -1
786 2408 -1
1820 2408 -1
1064 2408 -1
375 1860 -1
1822 1860 -1
357 364 -1
364 2751 -1
357 1643 -1
357 894 -1
357 1491 -1
1046 3178 -1
1416 1446 -1
1416 2929 -1
1416 3815 -1
259 562 -1
562 1962 -1
562 3642 -1
1689 3789 -1
3337 3661 -1
274 3661 -1
2815 3661 -1
148 2067 -1
1321 2067 -1
2067 3102 -1
148 1011 -1
148 1575 -1
355 1494 -1
355 3731 -1
3554 3668 -1
997 3668 -1
638 3668 -1
1663 3668 -1
3554 3770 -1
1277 2761 -1
1160 2761 -1
465 2761 -1
1277 1445 -1
1277 3773 -1
1796 2917 -1
857 2564 -1
857 2880 -1
250 857 -1
857 2187 -1
1417 3786 -1
712 1417 -1
1417 3361 -1
1417 2078 -1
3055 3094 -1
3055 3569 -1
1898 3241 -1
1052 3241 -1
2309 3241 -1
1118 3241 -1
3332 3392 -1
447 3332 -1
1686 3009 -1
2953 3009 -1
1686 3290 -1
87 1368 -1
39 214 -1
214 2501 -1
39 1561 -1
39 2866 -1
585 2067 -1
2067 3110 -1
585 1011 -1
585 1575 -1
39 3678 -1
2501 3678 -1
39 770 -1
1063 3458 -1
454 1063 -1
650 1450 -1
1450 3582 -1
833 1519 -1
1519 2497 -1
833 3399 -1
2052 2398 -1
2347 2398 -1
2398 3782 -1
588 2974 -1
2974 3235 -1
2197 2550 -1
820 2197 -1
301 586 -1
586 1394 -1
327 586 -1
586 3583 -1
130 301 -1
301 1700 -1
301 2215 -1
301 584 -1
301 1005 -1
301 569 -1
2312 3551 -1
34 2358 -1
1324 2358 -1
2284 2358 -1
1711 2842 -1
528 2842 -1
1699 2842 -1
2430 2842 -1
1711 1852 -1
2029 2167 -1
145 2029 -1
2029 3534 -1
1215 2155 -1
1215 1731 -1
414 1215 -1
1215 3391 -1
735 1281 -1
200 1281 -1
1281 2883 -1
1281 1990 -1
1281 2438 -1
1281 2647 -1
735 3295 -1
1243 2578 -1
300 2578 -1
2543 2578 -1
2699 3446 -1
105 3446 -1
2633 2699 -1
980 2699 -1
429 2699 -1
2699 3694 -1
2699 3693 -1
