841 3074 1
2825 2932 1
195 1518 1
450 1584 1
1715 3497 1
589 3085 1
1562 2165 1
3557 3631 1
2979 3702 1
855 2145 1
1624 3303 1
679 1076 1
825 2020 1
1192 2308 1
381 3325 1
743 1837 1
860 3759 1
1042 2724 1
2916 3482 1
0 1332 1
253 636 1
358 2418 1
2891 3360 1
737 1584 1
450 737 1
1932 2988 1
72 656 1
1080 1203 1
406 860 1
406 3759 1
553 722 1
2762 3233 1
423 737 1
423 1584 1
423 450 1
2554 3497 1
1715 2554 1
253 1014 1
636 1014 1
1363 2642 1
1512 2201 1
902 1593 1
531 3739 1
2596 2940 1
126 3105 1
443 1611 1
1431 3444 1
609 2706 1
289 620 1
630 2642 1
630 1363 1
721 1030 1
722 1037 1
553 1037 1
937 3367 1
1907 3488 1
1759 1985 1
2020 2642 1
825 2642 1
1363 2020 1
630 2020 1
1176 1562 1
1176 2165 1
8 1067 1
540 883 1
407 2097 1
589 1244 1
1244 3085 1
2810 3089 1
737 1387 1
1387 1584 1
450 1387 1
423 1387 1
553 2916 1
722 2916 1
1037 2916 1
553 3482 1
1816 2627 1
876 3303 1
876 1624 1
1759 2226 1
1985 2226 1
267 2191 1
521 2196 1
435 2612 1
62 3438 1
267 1045 1
1045 2191 1
95 1637 1
826 1745 1
2306 3538 1
3341 3721 1
266 352 1
1593 2937 1
902 2937 1
3233 3325 1
2762 3325 1
381 3233 1
922 2065 1
834 2485 1
1176 3519 1
1562 3519 1
2165 3519 1
1093 2648 1
734 3213 1
855 1805 1
1805 2145 1
108 3456 1
1485 3580 1
1024 2065 1
922 1024 1
1584 2940 1
737 2940 1
450 2940 1
1387 2940 1
423 2940 1
1584 2596 1
141 3075 1
743 3519 1
1837 3519 1
743 1176 1
743 1562 1
743 2165 1
1176 1484 1
1484 1562 1
743 1484 1
1484 2165 1
1484 3519 1
2331 3058 1
656 861 1
72 861 1
721 1093 1
1030 1093 1
721 2648 1
1093 3089 1
2648 3089 1
721 3089 1
1030 3089 1
1093 2810 1
1030 1485 1
721 1485 1
1093 1485 1
1485 3089 1
1030 3580 1
108 2325 1
2325 3456 1
540 937 1
883 937 1
540 3367 1
358 2065 1
2065 2418 1
358 1024 1
358 922 1
1597 3702 1
1597 2979 1
2500 3456 1
108 2500 1
2325 2500 1
2174 3595 1
2136 2258 1
142 3669 1
2580 2891 1
2580 3360 1
734 1029 1
1029 3213 1
2974 3210 1
191 3759 1
191 860 1
191 406 1
235 1205 1
3360 3438 1
2891 3438 1
2580 3438 1
62 3360 1
677 3429 1
3101 3294 1
1122 1198 1
907 3743 1
307 1898 1
648 1917 1
814 3362 1
1283 2785 1
1122 1842 1
1198 1842 1
1152 3055 1
476 3709 1
745 1969 1
648 3810 1
1917 3810 1
3568 3615 1
2704 3272 1
257 1868 1
1193 1389 1
552 3743 1
552 907 1
1531 2064 1
348 3372 1
2484 2666 1
242 2785 1
242 1283 1
2636 3741 1
2002 2211 1
242 2847 1
2785 2847 1
1283 2847 1
1225 2333 1
417 610 1
907 2159 1
552 2159 1
2159 3743 1
362 3055 1
362 1152 1
745 3066 1
1969 3066 1
3362 3656 1
814 3656 1
2158 3407 1
1193 3763 1
1389 3763 1
1463 2574 1
1199 1842 1
1122 1199 1
1198 1199 1
955 1595 1
713 1984 1
3429 3578 1
677 3578 1
552 1075 1
1075 2159 1
907 1075 1
1075 3743 1
816 2192 1
2949 3699 1
1868 2600 1
257 2600 1
42 3025 1
1375 2920 1
2796 3167 1
778 1793 1
1868 2792 1
2600 2792 1
257 2792 1
1267 1498 1
1494 3032 1
3395 3568 1
3395 3615 1
2965 3651 1
1867 3668 1
599 686 1
171 3294 1
171 3101 1
35 121 1
1868 2351 1
2351 2600 1
257 2351 1
2351 2792 1
1283 1736 1
1736 2785 1
242 1736 1
1736 2847 1
1840 2717 1
612 3294 1
171 612 1
612 3101 1
388 2976 1
653 2126 1
2673 3568 1
2673 3395 1
2673 3615 1
255 816 1
255 2192 1
1068 3101 1
171 1068 1
612 1068 1
1068 3294 1
1204 1486 1
2367 3709 1
476 2367 1
1957 2566 1
1137 1323 1
2120 3619 1
990 2717 1
990 1840 1
321 3709 1
321 476 1
321 2367 1
385 818 1
2256 2544 1
1193 2949 1
2949 3763 1
1389 2949 1
1193 3699 1
52 563 1
979 2064 1
979 1531 1
278 3576 1
567 1969 1
567 745 1
567 3066 1
2506 2592 1
491 692 1
1602 1661 1
476 2483 1
321 2483 1
2483 3709 1
2367 2483 1
255 2566 1
816 2566 1
2192 2566 1
255 1957 1
1381 2751 1
783 2052 1
1631 2476 1
2088 2965 1
2088 3651 1
967 2717 1
967 1840 1
967 990 1
1204 3109 1
1486 3109 1
2192 3385 1
816 3385 1
2566 3385 1
255 3385 1
1622 1867 1
1622 3668 1
745 3616 1
1969 3616 1
3066 3616 1
567 3616 1
1013 3743 1
552 1013 1
1013 1075 1
907 1013 1
1013 2159 1
1323 1927 1
1137 1927 1
1875 2748 1
928 1250 1
1311 3665 1
42 3167 1
3025 3167 1
42 2796 1
799 3747 1
1068 2347 1
171 2347 1
612 2347 1
2347 3101 1
2347 3294 1
3133 3362 1
3133 3656 1
814 3133 1
575 3493 1
2095 2835 1
140 471 1
631 3398 1
55 2897 1
1314 1482 1
2739 3268 1
3552 3762 1
1336 3608 1
2848 3532 1
1215 2597 1
50 2597 1
50 1215 1
1839 2584 1
1215 3056 1
50 3056 1
2597 3056 1
1587 2743 1
129 3471 1
1043 1986 1
2285 2615 1
2478 3162 1
1986 3151 1
1043 3151 1
508 1449 1
1293 3466 1
2179 2221 1
3667 3762 1
3552 3667 1
1219 1391 1
1154 2014 1
295 316 1
1882 2980 1
1587 3563 1
2743 3563 1
2743 3292 1
1587 3292 1
3292 3563 1
170 2811 1
461 2478 1
461 3162 1
603 2057 1
2053 3398 1
631 2053 1
810 2049 1
1769 2252 1
1909 3532 1
1909 2848 1
2221 2356 1
2179 2356 1
1326 3698 1
63 1853 1
380 2315 1
1070 3552 1
1070 3762 1
1070 3667 1
2927 3359 1
2702 3532 1
2702 2848 1
1909 2702 1
1004 3279 1
884 2545 1
1679 3398 1
1679 2053 1
631 1679 1
25 1814 1
390 2846 1
2442 2893 1
163 709 1
129 771 1
771 3471 1
705 3762 1
705 3552 1
705 3667 1
705 1070 1
2369 2745 1
192 2179 1
192 2356 1
192 2221 1
1246 2822 1
587 2075 1
1505 3161 1
1636 3652 1
390 1743 1
1743 2846 1
1418 3359 1
1418 2927 1
1814 3292 1
25 3292 1
1587 1814 1
1814 3563 1
1814 2743 1
2719 3320 1
140 3398 1
471 3398 1
140 1679 1
140 2053 1
140 631 1
3292 3544 1
3544 3563 1
1587 3544 1
1814 3544 1
2743 3544 1
25 3544 1
1338 1846 1
508 575 1
575 1449 1
508 3493 1
99 699 1
1749 2479 1
695 1004 1
695 3279 1
479 3365 1
461 1587 1
1587 3162 1
1587 2478 1
461 3563 1
461 1814 1
461 2743 1
461 3544 1
461 3292 1
575 2131 1
1449 2131 1
508 2131 1
2131 3493 1
1901 3180 1
2479 2658 1
1749 2658 1
644 3608 1
644 1336 1
772 1769 1
772 2252 1
210 2255 1
942 1986 1
942 1043 1
942 3151 1
5 2893 1
5 2442 1
2745 3434 1
2369 3434 1
2014 2658 1
1154 2658 1
1749 2014 1
2014 2479 1
445 1716 1
1874 2262 1
1716 2315 1
445 2315 1
380 1716 1
1754 3628 1
1070 2040 1
2040 3552 1
705 2040 1
2040 3762 1
2040 3667 1
2835 3516 1
2095 3516 1
140 2141 1
2053 2141 1
2141 3398 1
471 2141 1
1679 2141 1
631 2141 1
744 2606 1
2319 3151 1
1986 2319 1
1043 2319 1
942 2319 1
1686 2859 1
772 2897 1
1769 2897 1
2252 2897 1
55 772 1
210 2846 1
2255 2846 1
210 390 1
210 1743 1
47 2071 1
301 3250 1
1609 3319 1
480 3766 1
1350 3517 1
1719 3596 1
1050 3596 1
1050 1719 1
2180 2963 1
465 1698 1
262 1537 1
2217 2499 1
687 1333 1
1106 3091 1
411 2978 1
2788 2887 1
1609 2915 1
2915 3319 1
2480 2726 1
1220 3583 1
3461 3614 1
929 3541 1
2661 3582 1
3445 3517 1
1350 3445 1
1251 2936 1
1238 1557 1
332 1537 1
262 332 1
80 1540 1
1438 3637 1
394 2749 1
968 1196 1
1639 3184 1
1576 1879 1
780 2279 1
2077 2375 1
1820 3816 1
59 1859 1
2086 2144 1
1817 2955 1
1143 3688 1
893 2930 1
3539 3561 1
247 752 1
3499 3501 1
1574 2895 1
3478 3804 1
301 3383 1
3250 3383 1
2146 3255 1
1664 3366 1
1090 1794 1
1220 1664 1
1664 3583 1
1220 3366 1
993 1050 1
993 3596 1
993 1719 1
378 3700 1
1196 1307 1
968 1307 1
899 3451 1
1238 2007 1
1557 2007 1
687 3643 1
1333 3643 1
617 3569 1
618 2007 1
618 1557 1
618 1238 1
2904 3539 1
2904 3561 1
1794 3687 1
1090 3687 1
2338 3517 1
2338 3445 1
1350 2338 1
1559 3572 1
1471 2490 1
1053 1946 1
292 978 1
2377 3412 1
2026 2661 1
2026 3582 1
1559 3766 1
3572 3766 1
480 1559 1
470 1730 1
157 1277 1
1190 2499 1
1190 2217 1
132 3024 1
1625 2854 1
220 1557 1
220 618 1
220 1238 1
220 2007 1
1220 1879 1
1664 1879 1
1879 3366 1
1879 3583 1
1220 1576 1
2520 3804 1
2520 3478 1
419 3142 1
806 1277 1
157 806 1
1799 2150 1
1005 1625 1
1005 2854 1
1185 1380 1
586 2431 1
1238 3040 1
618 3040 1
220 3040 1
1557 3040 1
2007 3040 1
1654 1843 1
130 752 1
130 247 1
1106 2489 1
2489 3091 1
1732 3334 1
752 2360 1
130 2360 1
247 2360 1
650 757 1
2854 3465 1
1625 3465 1
1005 3465 1
80 2112 1
1540 2112 1
1220 1635 1
1635 1664 1
1635 3366 1
1576 1635 1
1635 1879 1
1635 3583 1
780 1263 1
1263 2279 1
832 3255 1
832 2146 1
570 3340 1
767 1143 1
767 3688 1
2215 2620 1
569 1832 1
2902 3403 1
767 3480 1
3480 3688 1
1143 3480 1
1384 1399 1
640 2431 1
586 640 1
3461 3766 1
3614 3766 1
480 3461 1
3461 3572 1
1559 3461 1
259 1608 1
2094 2375 1
2077 2094 1
47 2107 1
2071 2107 1
465 2977 1
1698 2977 1
2094 2380 1
2077 2380 1
2375 2380 1
1801 3143 1
1433 1773 1
786 2670 1
903 2955 1
903 1817 1
1433 1540 1
1540 1773 1
80 1433 1
1433 2112 1
835 3548 1
583 2134 1
1728 1766 1
2206 2837 1
1179 2553 1
57 2301 1
919 2169 1
437 2764 1
222 1490 1
1280 1530 1
2296 2581 1
487 2548 1
308 577 1
1213 2149 1
431 3798 1
1147 3297 1
373 3135 1
795 2872 1
2041 2657 1
1757 3050 1
775 795 1
775 2872 1
807 2630 1
2951 3549 1
193 256 1
2922 3531 1
2776 3157 1
386 1652 1
789 912 1
661 1916 1
2650 3165 1
3197 3548 1
835 3197 1
2497 3084 1
1213 2276 1
2149 2276 1
1966 2199 1
457 3441 1
431 522 1
522 3798 1
856 2729 1
1461 3200 1
1416 3796 1
2573 3165 1
2573 2650 1
319 2619 1
186 1916 1
186 661 1
94 3756 1
1216 2440 1
487 2573 1
2548 2573 1
487 2650 1
487 3165 1
2665 3297 1
1147 2665 1
1257 2261 1
911 1062 1
1376 1453 1
2289 3348 1
2624 2657 1
2041 2624 1
147 2903 1
389 1278 1
1147 2152 1
2152 3297 1
2152 2665 1
829 2556 1
2465 2556 1
829 2465 1
89 3252 1
186 2581 1
1916 2581 1
661 2581 1
186 2296 1
2657 3531 1
2624 3531 1
2041 3531 1
2657 2922 1
469 2594 1
215 2922 1
215 2657 1
215 3531 1
215 2993 1
2657 2993 1
2922 2993 1
2993 3531 1
549 3769 1
3397 3603 1
306 3796 1
306 1416 1
3477 3674 1
875 2681 1
952 3761 1
389 2169 1
1278 2169 1
389 919 1
754 3441 1
457 754 1
2176 2687 1
1079 1148 1
1188 2073 1
469 2697 1
2594 2697 1
3531 3812 1
2624 3812 1
2657 3812 1
2922 3812 1
2993 3812 1
215 3812 1
2041 3812 1
2421 3767 1
147 1753 1
1753 2903 1
2657 2853 1
2624 2853 1
2853 3812 1
2853 2922 1
2853 3531 1
2853 2993 1
215 2853 1
2041 2853 1
256 1025 1
193 1025 1
1211 2677 1
495 2290 1
1585 2327 1
1041 2579 1
2134 3752 1
583 3752 1
2453 3082 1
283 2297 1
835 2176 1
2176 3548 1
2176 3197 1
835 2687 1
2098 3797 1
602 3154 1
1147 2700 1
2152 2700 1
2700 3297 1
2665 2700 1
467 2649 1
1903 2776 1
1903 3157 1
270 2814 1
2827 3189 1
319 2993 1
2619 2993 1
319 2657 1
319 3812 1
319 2853 1
319 2922 1
319 3531 1
215 319 1
386 1764 1
1652 1764 1
323 487 1
323 2650 1
323 2548 1
323 2573 1
323 3165 1
2121 3548 1
2121 2176 1
835 2121 1
2121 3197 1
2558 2885 1
464 3282 1
2440 2579 1
1216 2579 1
1041 2440 1
754 2423 1
2423 3441 1
457 2423 1
167 1289 1
1613 3397 1
1613 3603 1
218 879 1
446 945 1
1369 3695 1
693 1167 1
2632 3108 1
729 1319 1
2373 2505 1
697 2664 1
768 1744 1
1634 2275 1
115 785 1
175 3027 1
1287 1924 1
1100 2239 1
106 1379 1
290 3251 1
1167 3191 1
693 3191 1
2392 3260 1
290 2829 1
2829 3251 1
1149 2839 1
2759 3695 1
1369 2759 1
115 2383 1
785 2383 1
2183 2460 1
1227 1934 1
511 2774 1
405 3704 1
226 2128 1
2105 2777 1
399 945 1
399 446 1
1578 2701 1
1723 3566 1
1721 3068 1
442 453 1
2777 3598 1
2105 3598 1
560 1604 1
588 3452 1
511 1656 1
1656 2774 1
188 2292 1
1373 2709 1
1896 3080 1
2213 3237 1
805 3312 1
1023 2561 1
361 2213 1
361 3237 1
1120 3625 1
3125 3750 1
1313 2623 1
2427 2632 1
2427 3108 1
1299 2225 1
655 2241 1
697 1665 1
1665 2664 1
966 1847 1
1036 3152 1
2623 3260 1
1313 3260 1
2392 2623 1
1428 3271 1
453 1163 1
442 1163 1
2591 3581 1
1767 1836 1
1369 2572 1
2572 2759 1
2572 3695 1
945 2674 1
446 2674 1
399 2674 1
218 3152 1
879 3152 1
218 1036 1
424 805 1
424 3312 1
453 974 1
442 974 1
974 1163 1
2775 3423 1
1656 1995 1
1995 2774 1
511 1995 1
3260 3371 1
2392 3371 1
1313 3371 1
2623 3371 1
1824 2708 1
793 1778 1
2292 3704 1
188 3704 1
405 2292 1
328 1078 1
290 1402 1
1402 3251 1
1402 2829 1
2889 3784 1
2362 3380 1
361 3260 1
2213 3260 1
3237 3260 1
361 1313 1
361 3371 1
361 2392 1
361 2623 1
1094 2829 1
290 1094 1
1094 3251 1
1094 1402 1
3037 3308 1
536 1023 1
536 2561 1
554 1091 1
482 2119 1
580 3251 1
290 580 1
580 1402 1
580 2829 1
580 1094 1
188 3186 1
3186 3704 1
2292 3186 1
2250 2335 1
523 3047 1
106 2000 1
1379 2000 1
805 1723 1
1723 3312 1
424 1723 1
805 3566 1
22 935 1
2530 3047 1
523 2530 1
544 2635 1
6 488 1
1428 2070 1
2070 3271 1
1023 3271 1
536 3271 1
2561 3271 1
1023 1428 1
1023 2070 1
1930 2852 1
1778 3080 1
793 3080 1
1778 1896 1
580 2806 1
290 2806 1
1094 2806 1
2806 2829 1
2806 3251 1
1402 2806 1
218 2873 1
2873 3152 1
1036 2873 1
879 2873 1
1995 2139 1
1656 2139 1
2139 2774 1
511 2139 1
3437 3784 1
2889 3437 1
2267 2669 1
1823 2591 1
1823 3581 1
554 1034 1
1034 1091 1
296 1501 1
1111 3405 1
239 2111 1
848 3657 1
1760 2038 1
658 1892 1
2464 3330 1
541 2783 1
430 2894 1
561 578 1
670 3753 1
790 984 1
2140 3703 1
790 3013 1
984 3013 1
1489 3644 1
400 2370 1
3277 3511 1
384 711 1
558 2517 1
1103 3408 1
1105 3476 1
1500 2486 1
948 2448 1
2200 3270 1
1345 3462 1
798 2622 1
350 2200 1
350 3270 1
1560 1572 1
54 747 1
654 3511 1
654 3277 1
430 2389 1
2389 2894 1
2921 3083 1
984 1791 1
1791 3013 1
790 1791 1
2541 3785 1
535 2496 1
1439 3455 1
732 3006 1
670 1398 1
1398 3753 1
400 597 1
597 2370 1
1320 2568 1
2374 2628 1
742 1146 1
92 148 1
252 3002 1
138 2519 1
774 1345 1
774 3462 1
948 3115 1
2448 3115 1
430 1996 1
1996 2389 1
1996 2894 1
2357 3041 1
2942 3511 1
2942 3277 1
654 2942 1
2536 3820 1
1423 2448 1
1423 3115 1
948 1423 1
1083 3131 1
568 1996 1
568 2894 1
568 2389 1
430 568 1
166 3505 1
33 2942 1
33 3277 1
33 654 1
33 3511 1
384 1538 1
711 1538 1
2036 2448 1
2036 3115 1
948 2036 1
1423 2036 1
3006 3736 1
732 3736 1
326 3787 1
853 2857 1
271 2415 1
1475 2092 1
926 3102 1
1162 2912 1
334 2080 1
2789 3307 1
286 1768 1
92 1232 1
148 1232 1
634 659 1
1676 2130 1
271 823 1
823 2415 1
1361 1423 1
1361 2448 1
1361 2036 1
1361 3115 1
948 1361 1
2114 2397 1
2140 2855 1
2855 3703 1
800 3459 1
166 3785 1
3505 3785 1
166 2541 1
1146 3736 1
742 3736 1
732 1146 1
1146 3006 1
1892 3289 1
658 3289 1
1114 1891 1
1550 2786 1
1393 2446 1
1645 3253 1
3146 3270 1
2200 3146 1
350 3146 1
700 3627 1
526 680 1
350 2310 1
2200 2310 1
2310 3146 1
2310 3270 1
710 877 1
711 2536 1
384 2536 1
1538 2536 1
711 3820 1
2546 3146 1
2200 2546 1
2310 2546 1
350 2546 1
2546 3270 1
515 2934 1
2464 2546 1
2546 3330 1
2310 2464 1
2464 3270 1
2464 3146 1
2200 2464 1
350 2464 1
2643 3041 1
2357 2643 1
1297 2582 1
350 3405 1
2464 3405 1
3270 3405 1
2310 3405 1
3146 3405 1
2546 3405 1
2200 3405 1
350 1111 1
742 1519 1
1519 3736 1
1146 1519 1
499 2441 1
654 1426 1
33 1426 1
1426 3277 1
1426 2942 1
1426 3511 1
2921 2934 1
2934 3083 1
515 2921 1
934 1887 1
409 662 1
297 1657 1
123 667 1
2518 2782 1
1474 1895 1
202 331 1
30 1582 1
977 1894 1
2302 2731 1
1119 1818 1
2472 2626 1
1947 2528 1
842 2366 1
2302 2865 1
2731 2865 1
2939 3460 1
3266 3760 1
2 3086 1
1900 3760 1
1900 3266 1
720 3622 1
1742 1994 1
219 1507 1
2182 3790 1
1370 2555 1
298 2939 1
298 3460 1
607 891 1
1385 2096 1
804 2457 1
275 1353 1
331 1474 1
202 1474 1
331 1895 1
90 1312 1
1650 2424 1
764 3112 1
1421 2472 1
1421 2626 1
2518 3053 1
2782 3053 1
2004 2925 1
933 2281 1
202 1131 1
1131 1474 1
331 1131 1
683 1194 1
1264 3169 1
346 3822 1
1397 2410 1
447 1334 1
1119 3730 1
1818 3730 1
1115 3780 1
1502 3390 1
2457 2727 1
804 2727 1
76 2328 1
297 1415 1
1415 1657 1
2100 2153 1
2274 2328 1
76 2274 1
572 1259 1
564 2424 1
564 1650 1
2208 3177 1
1351 2626 1
1351 2472 1
1351 1421 1
1177 2770 1
623 1415 1
297 623 1
623 1657 1
2555 3520 1
1370 3520 1
2813 3257 1
2833 3302 1
2583 3730 1
1818 2583 1
1119 2583 1
1353 1856 1
275 1856 1
2029 2737 1
297 2341 1
1657 2341 1
623 2341 1
1415 2341 1
1312 2813 1
90 2813 1
1312 3257 1
331 1508 1
202 1508 1
1131 1508 1
1474 1508 1
1508 1895 1
2438 3653 1
517 756 1
275 3052 1
1856 3052 1
1353 3052 1
1947 3257 1
2528 3257 1
1312 1947 1
1947 2813 1
205 3794 1
982 1422 1
756 3586 1
517 3586 1
999 2737 1
999 2029 1
548 3192 1
120 447 1
120 1334 1
1742 3052 1
1994 3052 1
1742 1856 1
1353 1742 1
275 1742 1
441 3768 1
1186 1954 1
2029 3586 1
2737 3586 1
999 3586 1
756 2029 1
517 2029 1
297 3302 1
1657 3302 1
623 3302 1
2341 3302 1
1415 3302 1
297 2833 1
219 485 1
485 1507 1
2074 3686 1
1415 3106 1
2341 3106 1
3106 3302 1
297 3106 1
623 3106 1
1657 3106 1
1131 1166 1
202 1166 1
331 1166 1
1166 1508 1
1166 1474 1
605 2782 1
605 3053 1
605 2518 1
1348 2562 1
1797 2865 1
1797 2731 1
1797 2302 1
416 1653 1
1187 3086 1
2 1187 1
2304 2449 1
1408 3169 1
1264 1408 1
2355 3622 1
720 2355 1
2016 2424 1
1650 2016 1
564 2016 1
331 2813 1
1474 2813 1
1508 2813 1
1895 2813 1
202 2813 1
1131 2813 1
1166 2813 1
331 1312 1
331 3257 1
90 331 1
331 1947 1
539 2769 1
1908 2696 1
868 1173 1
189 3715 1
3338 3338 1
1601 3554 1
502 3754 1
2603 3017 1
674 1048 1
1262 3664 1
2346 2691 1
813 3522 1
1904 3353 1
1007 2614 1
1155 2175 1
21 1331 1
1544 3675 1
638 3005 1
2218 2639 1
2156 3019 1
997 2633 1
29 2948 1
128 234 1
3449 3664 1
1262 3449 1
355 1409 1
2034 2753 1
663 1138 1
324 3774 1
85 234 1
85 128 1
1687 2419 1
369 1355 1
836 1703 1
1218 3150 1
280 2359 1
1600 3149 1
1762 3602 1
189 2699 1
2699 3715 1
809 3153 1
1792 3610 1
2303 2972 1
1629 1872 1
2432 2699 1
2432 3715 1
189 2432 1
595 3814 1
1600 2633 1
2633 3149 1
997 1600 1
484 1271 1
674 712 1
712 1048 1
340 2172 1
1573 3675 1
1544 1573 1
997 1452 1
1452 1600 1
1452 2633 1
227 3231 1
1044 2754 1
9 595 1
9 3814 1
510 3290 1
3315 3413 1
21 2436 1
1331 2436 1
1362 3573 1
2860 3590 1
1412 3774 1
324 1412 1
1121 3118 1
1710 2305 1
1411 1980 1
335 3150 1
335 1218 1
1228 2412 1
917 3738 1
236 2862 1
2110 2860 1
2110 3590 1
2511 2524 1
324 1573 1
1412 1573 1
1573 3774 1
324 1544 1
324 3675 1
510 3185 1
3185 3290 1
1980 3645 1
1411 3645 1
154 2282 1
2633 3290 1
1600 3290 1
1452 3290 1
997 3290 1
3149 3290 1
2633 3185 1
510 2633 1
2110 3675 1
2860 3675 1
3590 3675 1
324 2110 1
1573 2110 1
1544 2110 1
1411 2804 1
1980 2804 1
2804 3645 1
857 1979 1
1812 2043 1
1089 2766 1
128 1910 1
234 1910 1
85 1910 1
418 1515 1
335 712 1
712 1218 1
712 3150 1
335 1048 1
335 674 1
510 1411 1
1411 3185 1
1411 3290 1
1411 2633 1
510 2804 1
510 1980 1
510 3645 1
1121 2907 1
2907 3118 1
850 936 1
21 3638 1
1331 3638 1
2436 3638 1
159 3005 1
159 638 1
674 2197 1
1048 2197 1
712 2197 1
335 2197 1
1858 3745 1
1810 1964 1
1262 2696 1
2696 3664 1
2696 3449 1
1262 1908 1
2314 2983 1
1410 3449 1
1410 3664 1
1410 2696 1
1262 1410 1
1979 2343 1
857 2343 1
776 803 1
169 3522 1
169 813 1
49 2045 1
29 3470 1
2948 3470 1
2376 2432 1
2376 2699 1
2376 3715 1
189 2376 1
2067 2282 1
154 2067 1
663 3246 1
1138 3246 1
3315 3814 1
3413 3814 1
9 3315 1
595 3315 1
1240 3121 1
1629 3571 1
1872 3571 1
2228 3786 1
410 2443 1
1470 1983 1
1533 2560 1
410 1306 1
1306 2443 1
3264 3567 1
673 2816 1
3681 3735 1
44 1469 1
559 2487 1
716 2321 1
372 1445 1
1229 1779 1
1644 3337 1
943 2342 1
1468 3755 1
209 2791 1
593 2881 1
1325 1693 1
1342 2498 1
1245 1978 1
1414 3147 1
216 2063 1
2198 2816 1
673 2198 1
1017 1021 1
1235 3310 1
1594 3216 1
1504 3137 1
1224 2240 1
1084 1878 1
1690 2929 1
660 2054 1
542 2881 1
542 593 1
1469 3240 1
44 3240 1
1378 1798 1
2498 2816 1
1342 2816 1
673 2498 1
2198 2498 1
2063 2744 1
216 2744 1
178 905 1
1084 1827 1
1827 1878 1
93 1235 1
93 3310 1
2841 3740 1
258 852 1
532 1101 1
1189 3337 1
1189 1644 1
837 1684 1
336 2099 1
1469 2956 1
2956 3240 1
44 2956 1
1956 3733 1
93 318 1
318 1235 1
318 3310 1
475 1690 1
475 2929 1
1739 3542 1
896 3087 1
2163 2689 1
532 3023 1
1101 3023 1
2299 2358 1
209 3099 1
2791 3099 1
214 1101 1
214 532 1
214 3023 1
1306 1752 1
410 1752 1
1752 2443 1
2358 3120 1
2299 3120 1
1878 3681 1
1827 3681 1
1084 3681 1
1878 3735 1
1017 1579 1
1021 1579 1
1132 3136 1
2616 3376 1
2229 2969 1
1235 3117 1
318 3117 1
93 3117 1
3117 3310 1
1017 3203 1
1579 3203 1
1021 3203 1
1915 2313 1
660 3379 1
2054 3379 1
1739 2845 1
2845 3542 1
2682 3431 1
1570 2334 1
1074 3416 1
1667 1821 1
304 2956 1
304 3240 1
44 304 1
304 1469 1
1827 3164 1
3164 3681 1
1084 3164 1
1878 3164 1
304 1973 1
1973 3240 1
44 1973 1
1973 2956 1
1469 1973 1
831 1417 1
1551 1890 1
1468 2163 1
2163 3755 1
1468 2689 1
641 2689 1
641 2163 1
641 1468 1
498 1926 1
209 546 1
546 3099 1
546 2791 1
943 1569 1
1569 2342 1
1084 2443 1
2443 3681 1
1827 2443 1
2443 3164 1
1878 2443 1
1084 1752 1
410 1084 1
1084 1306 1
1878 3335 1
3335 3681 1
1827 3335 1
1084 3335 1
2443 3335 1
3335 3735 1
3164 3335 1
3332 3337 1
1644 3332 1
1189 3332 1
1189 1983 1
1983 3337 1
1644 1983 1
1983 3332 1
1189 1470 1
2959 3158 1
309 858 1
2498 2552 1
2552 2816 1
673 2552 1
2198 2552 1
1342 2552 1
1285 2997 1
1915 3124 1
2313 3124 1
1606 3219 1
788 2249 1
1342 3773 1
2816 3773 1
2552 3773 1
2498 3773 1
1403 3120 1
1403 2299 1
1403 2358 1
2532 3361 1
3361 3361 1
2532 2532 1
1237 1257 1
1257 1257 1
1237 2261 1
1237 1237 1
877 3159 1
710 3159 1
3159 3159 1
877 877 1
1836 3782 1
3782 3782 1
1767 3782 1
1836 1836 1
635 3386 1
3386 3386 1
635 635 1
2721 3758 1
3758 3758 1
2721 2721 1
2281 2758 1
933 2758 1
2758 2758 1
2281 2281 1
861 2868 1
656 2868 1
72 2868 1
2868 2868 1
861 861 1
504 2023 1
2023 2023 1
504 504 1
822 1784 1
1784 1784 1
822 822 1
2905 3809 1
3809 3809 1
2905 2905 1
1836 2713 1
2713 2713 1
2713 3782 1
1767 2713 1
1136 1282 1
1282 1282 1
1136 1136 1
85 1505 1
128 1505 1
1505 1505 1
234 1505 1
1505 1910 1
85 85 1
85 3161 1
613 2819 1
2819 2819 1
613 613 1
2160 3057 1
3057 3057 1
2160 2160 1
1362 3436 1
3436 3436 1
3436 3573 1
1362 1362 1
1872 2642 1
2642 2642 1
2642 3571 1
1629 2642 1
1872 2020 1
1872 1872 1
1363 1872 1
630 1872 1
825 1872 1
782 3523 1
3523 3523 1
782 782 1
2308 3209 1
1192 3209 1
3209 3209 1
2308 2308 1
656 1011 1
72 1011 1
1011 1011 1
1011 2868 1
861 1011 1
656 656 1
2341 3795 1
3106 3795 1
3302 3795 1
1415 3795 1
297 3795 1
623 3795 1
3795 3795 1
1657 3795 1
2341 2341 1
337 2595 1
2595 2595 1
337 337 1
1291 3737 1
3737 3737 1
1291 1291 1
529 2380 1
2380 2380 1
529 529 1
529 2077 1
529 2094 1
529 2375 1
3066 3745 1
3616 3745 1
745 3745 1
567 3745 1
3745 3745 1
1969 3745 1
1858 3066 1
3066 3066 1
390 3763 1
210 3763 1
3763 3763 1
2846 3763 1
1743 3763 1
390 2949 1
390 390 1
390 1193 1
390 1389 1
2133 3535 1
3535 3535 1
2133 2133 1
897 3648 1
3648 3648 1
897 897 1
960 2201 1
2201 2201 1
960 1512 1
960 960 1
1674 3596 1
3596 3596 1
993 1674 1
1050 1674 1
1674 1674 1
1674 1719 1
3032 3545 1
3545 3545 1
1494 3545 1
3032 3032 1
103 1330 1
1330 1330 1
103 103 1
35 1643 1
121 1643 1
1643 1643 1
35 35 1
232 1862 1
1862 1862 1
232 232 1
1312 2318 1
331 2318 1
2318 2318 1
2318 3257 1
90 2318 1
1947 2318 1
2318 2813 1
1312 1312 1
251 1886 1
1886 1886 1
251 251 1
2385 3368 1
3368 3368 1
2385 2385 1
2682 3745 1
3431 3745 1
2682 3616 1
1858 2682 1
745 2682 1
1969 2682 1
567 2682 1
2682 3066 1
2682 2682 1
724 2469 1
2469 2469 1
724 724 1
652 2345 1
2345 2345 1
652 652 1
1823 3614 1
3581 3614 1
3614 3614 1
2591 3614 1
1823 3461 1
1823 3766 1
1823 1823 1
1508 1995 1
1474 1995 1
331 1995 1
1895 1995 1
1995 1995 1
202 1995 1
1131 1995 1
1166 1995 1
1995 2813 1
1508 1508 1
1508 2774 1
1508 1656 1
1508 2139 1
511 1508 1
690 3747 1
3747 3747 1
690 690 1
690 799 1
881 2875 1
2875 2875 1
881 881 1
1991 2196 1
2196 2196 1
521 1991 1
1991 1991 1
2259 3038 1
3038 3038 1
2259 2259 1
718 2684 1
2684 2684 1
718 718 1
1582 2419 1
2419 2419 1
30 2419 1
1582 1582 1
1582 1687 1
2258 2357 1
2136 2357 1
2357 2357 1
2258 3041 1
2258 2258 1
2258 2643 1
704 1378 1
1378 1378 1
704 704 1
704 1798 1
547 2348 1
2348 2348 1
547 547 1
2607 3571 1
3571 3571 1
1872 2607 1
2607 2642 1
1629 2607 1
2607 2607 1
428 1865 1
1865 1865 1
428 428 1
81 1978 1
1978 1978 1
81 81 1
81 1245 1
269 2376 1
2376 2376 1
269 2432 1
269 3715 1
269 2699 1
269 269 1
189 269 1
932 1396 1
1396 1396 1
932 932 1
1992 2329 1
2329 2329 1
1992 1992 1
1332 2619 1
0 2619 1
2619 2619 1
1332 2993 1
1332 1332 1
319 1332 1
556 3202 1
3202 3202 1
556 556 1
3030 3729 1
3729 3729 1
3030 3030 1
2844 3187 1
3187 3187 1
2844 2844 1
901 3201 1
3201 3201 1
901 901 1
1340 2839 -1
1149 1340 -1
211 2969 -1
211 2229 -1
1290 1402 -1
290 1290 -1
580 1290 -1
1094 1290 -1
1290 2829 -1
1290 3251 -1
1290 2806 -1
1041 2709 -1
2440 2709 -1
2579 2709 -1
1041 1373 -1
435 1444 -1
1444 2612 -1
216 287 -1
287 2744 -1
287 2063 -1
2 3373 -1
1187 3373 -1
3086 3373 -1
426 2994 -1
2831 2838 -1
540 842 -1
842 937 -1
842 883 -1
842 3367 -1
540 2366 -1
1427 2982 -1
1793 2329 -1
778 2329 -1
1396 1791 -1
984 1396 -1
1396 3013 -1
790 1396 -1
555 1915 -1
555 2313 -1
555 3124 -1
2501 2862 -1
236 2501 -1
13 1191 -1
441 828 -1
828 3768 -1
584 2209 -1
2308 3236 -1
1192 3236 -1
959 3137 -1
959 1504 -1
176 2349 -1
605 899 -1
899 2518 -1
899 3053 -1
899 2782 -1
605 3451 -1
197 2394 -1
339 765 -1
2703 3200 -1
1461 2703 -1
2008 3259 -1
262 1388 -1
1388 1537 -1
332 1388 -1
722 3280 -1
553 3280 -1
2916 3280 -1
1037 3280 -1
2608 3057 -1
2980 3083 -1
1882 3083 -1
2921 2980 -1
2934 2980 -1
40 1048 -1
40 712 -1
40 674 -1
40 2197 -1
40 335 -1
176 2173 -1
2548 3807 -1
323 3807 -1
2573 3807 -1
487 3807 -1
2485 3279 -1
834 3279 -1
1004 2485 -1
695 2485 -1
771 1812 -1
129 1812 -1
1812 3471 -1
771 2043 -1
998 1744 -1
768 998 -1
2224 2584 -1
1839 2224 -1
125 358 -1
125 1024 -1
125 2065 -1
125 2418 -1
125 922 -1
648 2057 -1
2057 3810 -1
1917 2057 -1
603 648 -1
598 3516 -1
598 2835 -1
598 2095 -1
737 1052 -1
1052 1584 -1
450 1052 -1
1052 1387 -1
1052 2940 -1
423 1052 -1
1929 2748 -1
1875 1929 -1
2030 2603 -1
2030 3017 -1
587 3778 -1
2075 3778 -1
477 2353 -1
2625 2826 -1
1807 2048 -1
874 2640 -1
678 997 -1
678 1600 -1
678 2633 -1
678 3290 -1
678 1452 -1
1638 2937 -1
1593 1638 -1
902 1638 -1
2316 2837 -1
2206 2316 -1
1292 2403 -1
580 3689 -1
290 3689 -1
1094 3689 -1
2829 3689 -1
3251 3689 -1
2806 3689 -1
1402 3689 -1
452 3758 -1
2909 3427 -1
1573 3182 -1
1412 3182 -1
1544 3182 -1
3182 3774 -1
324 3182 -1
3182 3675 -1
2110 3182 -1
2131 3205 -1
1449 3205 -1
508 3205 -1
3205 3493 -1
575 3205 -1
709 2435 -1
163 2435 -1
2539 2892 -1
2950 3283 -1
438 2821 -1
1908 2260 -1
2260 2696 -1
1262 2260 -1
561 1720 -1
578 1720 -1
833 2740 -1
1364 2329 -1
1512 3024 -1
2201 3024 -1
132 1512 -1
1070 2712 -1
2712 3552 -1
705 2712 -1
2712 3762 -1
2712 3667 -1
2040 2712 -1
624 2731 -1
624 2865 -1
624 1797 -1
624 2302 -1
2848 3686 -1
3532 3686 -1
1909 3686 -1
2702 3686 -1
2074 2848 -1
659 922 -1
634 922 -1
659 1024 -1
659 2065 -1
358 659 -1
272 2203 -1
637 1354 -1
2307 2618 -1
346 2116 -1
2116 3822 -1
617 3210 -1
3210 3569 -1
617 2974 -1
1 1415 -1
1 3106 -1
1 2341 -1
1 3302 -1
1 297 -1
1 623 -1
1 1657 -1
1688 1858 -1
1688 3745 -1
1244 2045 -1
589 2045 -1
2045 3085 -1
49 1244 -1
1068 3584 -1
2347 3584 -1
171 3584 -1
612 3584 -1
3101 3584 -1
3294 3584 -1
2615 3789 -1
2285 3789 -1
766 2913 -1
1829 2639 -1
1829 2218 -1
1487 2210 -1
671 3791 -1
1460 2319 -1
1460 1986 -1
1043 1460 -1
942 1460 -1
1460 3151 -1
2570 2591 -1
2570 3581 -1
1823 2570 -1
535 2368 -1
2368 2496 -1
1379 3240 -1
2000 3240 -1
106 3240 -1
304 1379 -1
1379 2956 -1
44 1379 -1
1379 1469 -1
1379 1973 -1
1335 1755 -1
2816 3798 -1
673 3798 -1
2498 3798 -1
2198 3798 -1
2552 3798 -1
3773 3798 -1
1342 3798 -1
522 2816 -1
431 2816 -1
925 3258 -1
370 1234 -1
86 475 -1
86 2929 -1
86 1690 -1
2533 3351 -1
19 2409 -1
2883 3461 -1
480 2883 -1
2883 3572 -1
2883 3766 -1
2883 3614 -1
1559 2883 -1
647 3232 -1
1831 3473 -1
352 2701 -1
266 2701 -1
352 1578 -1
296 2231 -1
1501 2231 -1
357 1477 -1
1268 3301 -1
661 955 -1
186 955 -1
955 1916 -1
955 2581 -1
661 1595 -1
506 3604 -1
1884 3492 -1
749 1758 -1
1732 2014 -1
2014 3334 -1
1154 1732 -1
1732 2479 -1
1732 2658 -1
1732 1749 -1
313 1635 -1
313 1664 -1
313 1220 -1
313 3366 -1
313 1576 -1
313 1879 -1
313 3583 -1
2741 2826 -1
130 2709 -1
752 2709 -1
2360 2709 -1
247 2709 -1
130 1373 -1
2974 3279 -1
3210 3279 -1
1004 2974 -1
695 2974 -1
2167 3355 -1
217 227 -1
217 3231 -1
3159 3650 -1
779 1539 -1
2827 3818 -1
3189 3818 -1
915 2055 -1
2471 2684 -1
2125 3012 -1
1871 2015 -1
236 1408 -1
1408 2862 -1
236 1264 -1
236 3169 -1
35 1722 -1
121 1722 -1
753 2230 -1
349 2415 -1
349 823 -1
271 349 -1
875 1864 -1
1864 2681 -1
194 2989 -1
1498 2749 -1
1267 2749 -1
394 1498 -1
940 3347 -1
1816 3593 -1
2627 3593 -1
2240 2567 -1
1224 2567 -1
99 3118 -1
699 3118 -1
99 1121 -1
99 2907 -1
2719 3607 -1
3320 3607 -1
2246 2563 -1
574 2785 -1
574 1736 -1
242 574 -1
574 1283 -1
574 2847 -1
2607 3543 -1
439 1380 -1
439 1185 -1
1114 2685 -1
1891 2685 -1
1276 2049 -1
810 1276 -1
342 1739 -1
342 2845 -1
342 3542 -1
2043 3791 -1
1812 3791 -1
3343 3798 -1
522 3343 -1
431 3343 -1
515 1435 -1
1435 2921 -1
1435 2934 -1
1224 2510 -1
2240 2510 -1
1999 2529 -1
1362 2452 -1
2452 3573 -1
2669 2833 -1
2267 2833 -1
297 2669 -1
2669 3302 -1
981 2741 -1
1900 2085 -1
2085 3760 -1
2085 3266 -1
1904 1944 -1
1944 3353 -1
1127 3578 -1
1127 3429 -1
677 1127 -1
1248 3656 -1
1248 3362 -1
1248 3133 -1
814 1248 -1
2054 2584 -1
2584 3379 -1
660 2584 -1
1839 2054 -1
1289 3177 -1
167 3177 -1
1289 2208 -1
3192 3388 -1
548 3388 -1
1450 3141 -1
557 1648 -1
2766 2994 -1
1089 2994 -1
1069 1412 -1
324 1069 -1
1069 1573 -1
1069 3774 -1
400 1213 -1
1213 2370 -1
597 1213 -1
400 2276 -1
400 2149 -1
2616 2699 -1
2699 3376 -1
2432 2616 -1
2376 2616 -1
2616 3715 -1
189 2616 -1
330 1904 -1
330 3353 -1
632 2749 -1
394 632 -1
478 2940 -1
478 737 -1
450 478 -1
478 2596 -1
423 478 -1
478 1387 -1
478 1584 -1
294 1898 -1
294 307 -1
1458 3102 -1
926 1458 -1
1081 1270 -1
2686 3805 -1
517 3625 -1
3586 3625 -1
756 3625 -1
2029 3625 -1
517 1120 -1
1234 2254 -1
1212 1291 -1
235 664 -1
664 1205 -1
1542 3413 -1
1542 3315 -1
1542 3814 -1
2012 3257 -1
1312 2012 -1
2012 2528 -1
331 2012 -1
1947 2012 -1
2012 2813 -1
3468 3775 -1
621 3510 -1
1001 2068 -1
1498 3491 -1
1267 3491 -1
1092 3497 -1
1092 2554 -1
1092 1715 -1
765 2441 -1
499 765 -1
2034 2400 -1
2400 2753 -1
2131 3361 -1
1449 3361 -1
508 3361 -1
3361 3493 -1
575 3361 -1
848 2626 -1
2626 3657 -1
848 2472 -1
848 1421 -1
848 1351 -1
2546 2949 -1
2464 2949 -1
2949 3330 -1
2310 2949 -1
2949 3270 -1
2949 3146 -1
2949 3405 -1
2200 2949 -1
350 2949 -1
1193 2546 -1
2546 3699 -1
2546 3763 -1
1389 2546 -1
529 3256 -1
1389 2873 -1
1193 2873 -1
2873 3763 -1
2873 2949 -1
1389 3152 -1
218 1389 -1
1036 1389 -1
879 1389 -1
560 1944 -1
1604 1944 -1
2601 3813 -1
33 1808 -1
1426 1808 -1
1808 3511 -1
1808 3277 -1
1808 2942 -1
654 1808 -1
2284 2708 -1
1824 2284 -1
2320 3207 -1
2670 3303 -1
786 3303 -1
1624 2670 -1
876 2670 -1
3029 3808 -1
1310 3223 -1
2044 3511 -1
33 2044 -1
1426 2044 -1
2044 2942 -1
2044 3277 -1
654 2044 -1
1688 2624 -1
1688 2657 -1
1688 3531 -1
1688 3812 -1
1688 2853 -1
1688 2041 -1
782 1228 -1
782 2412 -1
1592 3812 -1
1592 2624 -1
1592 2657 -1
1592 2853 -1
1592 2922 -1
1592 3531 -1
1592 2993 -1
215 1592 -1
1592 2041 -1
319 1592 -1
138 3585 -1
2519 3585 -1
2039 3144 -1
3081 3167 -1
3025 3081 -1
42 3081 -1
2796 3081 -1
817 3622 -1
720 817 -1
817 2355 -1
979 3708 -1
2064 3708 -1
1531 3708 -1
794 3723 -1
839 3281 -1
1480 2267 -1
1480 2669 -1
264 2211 -1
264 2002 -1
1680 1854 -1
1544 3345 -1
3345 3675 -1
324 3345 -1
1573 3345 -1
2110 3345 -1
1876 2699 -1
1876 2432 -1
1876 2376 -1
1876 3715 -1
189 1876 -1
2449 2644 -1
2304 2644 -1
1287 2430 -1
1924 2430 -1
2851 3116 -1
1199 2815 -1
1842 2815 -1
1122 2815 -1
1198 2815 -1
203 986 -1
313 2903 -1
313 1753 -1
147 313 -1
987 2345 -1
870 2357 -1
870 3041 -1
870 2643 -1
137 664 -1
113 2960 -1
119 903 -1
119 1817 -1
119 2955 -1
1789 2157 -1
2558 3219 -1
2885 3219 -1
1606 2558 -1
295 1532 -1
316 1532 -1
744 1951 -1
1951 2606 -1
1840 2930 -1
2717 2930 -1
990 2930 -1
967 2930 -1
893 1840 -1
221 333 -1
1525 3793 -1
2068 2985 -1
3153 3587 -1
809 3587 -1
1981 2255 -1
210 1981 -1
1981 2846 -1
2559 3233 -1
2559 2762 -1
2559 3325 -1
381 2559 -1
498 3776 -1
1926 3776 -1
1319 1542 -1
729 1542 -1
1122 1914 -1
1842 1914 -1
1198 1914 -1
1199 1914 -1
2861 3180 -1
1901 2861 -1
839 904 -1
1624 2802 -1
876 2802 -1
2802 3303 -1
1183 2413 -1
1433 3675 -1
80 3675 -1
2112 3675 -1
1540 3675 -1
1773 3675 -1
324 1433 -1
1433 1573 -1
1433 3590 -1
1433 1544 -1
1433 2860 -1
1433 2110 -1
2116 3676 -1
2102 3572 -1
2102 3461 -1
2102 3766 -1
1559 2102 -1
24 988 -1
273 1782 -1
501 2547 -1
2401 3001 -1
173 3402 -1
508 1200 -1
1200 1449 -1
1200 2131 -1
1200 3493 -1
575 1200 -1
2304 3434 -1
2449 3434 -1
2304 2745 -1
2304 2369 -1
1371 2524 -1
1371 2511 -1
1571 3068 -1
1571 1721 -1
1978 2146 -1
1245 2146 -1
832 1978 -1
1978 3255 -1
1187 1757 -1
2 1757 -1
1757 3086 -1
1187 3050 -1
1621 3077 -1
416 1755 -1
1653 1755 -1
3113 3609 -1
1855 2830 -1
2476 3792 -1
1631 3792 -1
481 1681 -1
537 778 -1
537 1793 -1
2251 2721 -1
1649 2564 -1
985 3410 -1
1138 2580 -1
2580 3246 -1
663 2580 -1
1138 3360 -1
1138 2891 -1
1138 3438 -1
504 3119 -1
851 2579 -1
851 2440 -1
851 1041 -1
851 1216 -1
2572 2786 -1
1369 2786 -1
2786 3695 -1
2759 2786 -1
1550 2572 -1
2533 3394 -1
243 1138 -1
243 3246 -1
243 663 -1
2466 2809 -1
2223 2476 -1
1631 2223 -1
1150 2130 -1
1150 1676 -1
873 3758 -1
1012 2155 -1
129 607 -1
607 771 -1
607 3471 -1
129 891 -1
926 2745 -1
2745 3102 -1
926 2369 -1
926 3434 -1
2493 3746 -1
326 2011 -1
2011 3787 -1
1933 2239 -1
1100 1933 -1
1161 3599 -1
2344 3280 -1
7 379 -1
1845 2714 -1
347 1590 -1
1880 3174 -1
2371 2907 -1
1121 2371 -1
2371 3118 -1
2064 3092 -1
1531 3092 -1
979 3092 -1
1047 3114 -1
596 3058 -1
596 2331 -1
2059 3157 -1
2059 2776 -1
1903 2059 -1
2310 3556 -1
2464 3556 -1
3270 3556 -1
3146 3556 -1
3405 3556 -1
2546 3556 -1
2200 3556 -1
350 3556 -1
289 1440 -1
620 1440 -1
305 692 -1
305 491 -1
1660 3721 -1
1660 3341 -1
1173 3597 -1
868 3597 -1
1207 1261 -1
638 3476 -1
3005 3476 -1
159 3476 -1
638 1105 -1
157 3260 -1
1277 3260 -1
806 3260 -1
157 1313 -1
157 2213 -1
157 361 -1
157 3371 -1
157 3237 -1
157 2392 -1
157 2623 -1
559 3373 -1
2487 3373 -1
1906 2681 -1
875 1906 -1
558 3707 -1
2517 3707 -1
870 2080 -1
334 870 -1
1957 3756 -1
2566 3756 -1
255 3756 -1
94 1957 -1
113 2922 -1
113 2657 -1
113 3812 -1
113 2853 -1
113 3531 -1
113 2993 -1
113 215 -1
113 319 -1
727 2246 -1
1573 3557 -1
1412 3557 -1
1544 3557 -1
3557 3774 -1
324 3557 -1
3557 3675 -1
2110 3557 -1
1573 3631 -1
1331 1752 -1
1752 2436 -1
21 1752 -1
1752 3638 -1
1306 1331 -1
1331 2443 -1
1084 1331 -1
410 1331 -1
1269 3427 -1
1195 3555 -1
1133 3241 -1
2053 2439 -1
1679 2439 -1
140 2439 -1
2141 2439 -1
2439 3398 -1
631 2439 -1
669 1537 -1
332 669 -1
262 669 -1
883 2518 -1
937 2518 -1
540 2518 -1
883 3053 -1
883 2782 -1
605 883 -1
2375 2888 -1
2380 2888 -1
2077 2888 -1
2094 2888 -1
1644 2923 -1
2923 3337 -1
2923 3332 -1
1189 2923 -1
1983 2923 -1
1285 2910 -1
2910 2997 -1
780 3170 -1
1263 3170 -1
2279 3170 -1
2961 3266 -1
2961 3760 -1
1900 2961 -1
208 2491 -1
1197 2032 -1
784 3638 -1
784 1331 -1
784 2436 -1
21 784 -1
148 3212 -1
1232 3212 -1
92 3212 -1
1075 3718 -1
552 3718 -1
907 3718 -1
3718 3743 -1
1013 3718 -1
2159 3718 -1
2245 3322 -1
892 1310 -1
1699 2238 -1
3016 3542 -1
1739 3016 -1
2845 3016 -1
2730 3342 -1
1577 2300 -1
486 1470 -1
486 1189 -1
486 1983 -1
2193 3528 -1
827 2437 -1
3087 3816 -1
896 3816 -1
1820 3087 -1
2321 3507 -1
716 3507 -1
1432 1437 -1
1162 3665 -1
2912 3665 -1
1162 1311 -1
2668 3243 -1
452 685 -1
61 2346 -1
61 2691 -1
960 2329 -1
219 1572 -1
1507 1572 -1
485 1572 -1
219 1560 -1
2426 3488 -1
1907 2426 -1
1210 2325 -1
1210 3456 -1
1210 2500 -1
108 1210 -1
641 3569 -1
2689 3569 -1
2163 3569 -1
1468 3569 -1
617 641 -1
319 3068 -1
2657 3068 -1
3068 3812 -1
2853 3068 -1
2922 3068 -1
3068 3531 -1
2993 3068 -1
215 3068 -1
2619 3068 -1
319 1721 -1
1459 3812 -1
1459 2624 -1
1459 2657 -1
1459 2853 -1
1459 2922 -1
1459 3531 -1
1459 2993 -1
215 1459 -1
1459 2041 -1
319 1459 -1
526 3388 -1
680 3388 -1
1390 2282 -1
154 1390 -1
1390 2067 -1
2874 3814 -1
9 2874 -1
595 2874 -1
2874 3413 -1
2874 3315 -1
1978 2985 -1
1245 2985 -1
1962 3010 -1
1294 3460 -1
298 1294 -1
1294 2939 -1
195 446 -1
446 1518 -1
195 945 -1
195 2674 -1
195 399 -1
227 621 -1
621 3231 -1
1768 2438 -1
286 2438 -1
1768 3653 -1
90 2572 -1
1312 2572 -1
331 2572 -1
2572 2813 -1
90 1369 -1
90 3695 -1
90 2759 -1
463 3076 -1
945 3305 -1
2674 3305 -1
446 3305 -1
399 3305 -1
1512 3813 -1
2201 3813 -1
263 1919 -1
1889 2134 -1
1889 3752 -1
583 1889 -1
1329 2575 -1
336 3173 -1
2099 3173 -1
2015 3067 -1
556 1110 -1
235 1780 -1
1205 1780 -1
567 3680 -1
3616 3680 -1
1969 3680 -1
3066 3680 -1
745 3680 -1
2029 3265 -1
2737 3265 -1
3265 3586 -1
756 3265 -1
517 3265 -1
999 3265 -1
772 3543 -1
1769 3543 -1
55 3543 -1
2252 3543 -1
2897 3543 -1
291 2622 -1
291 798 -1
1604 1903 -1
560 1903 -1
1604 2776 -1
1604 3157 -1
2409 3216 -1
1594 2409 -1
1444 1807 -1
1299 1505 -1
1505 2225 -1
1299 3161 -1
2173 2419 -1
1687 2173 -1
1122 2624 -1
1842 2624 -1
1198 2624 -1
1199 2624 -1
1122 2657 -1
1122 3531 -1
1122 3812 -1
1122 2853 -1
1122 2041 -1
272 886 -1
1155 3243 -1
2175 3243 -1
2634 3046 -1
79 1386 -1
331 1493 -1
1312 1493 -1
1474 1493 -1
1493 1508 -1
1493 1895 -1
202 1493 -1
1131 1493 -1
1166 1493 -1
1493 3257 -1
90 1493 -1
1493 1947 -1
1493 2813 -1
1371 2022 -1
2614 3653 -1
1007 3653 -1
2438 2614 -1
1872 2434 -1
2434 3571 -1
1629 2434 -1
594 1469 -1
594 3240 -1
594 2956 -1
44 594 -1
594 1973 -1
304 594 -1
2414 3297 -1
2152 2414 -1
2414 2665 -1
1147 2414 -1
2414 2700 -1
2383 3691 -1
785 3691 -1
115 3691 -1
1224 2609 -1
2240 2609 -1
2005 3300 -1
1648 2119 -1
482 1648 -1
523 2893 -1
2530 2893 -1
2893 3047 -1
523 2442 -1
5 523 -1
504 908 -1
2128 2820 -1
226 2820 -1
414 2942 -1
33 414 -1
414 1426 -1
414 3277 -1
414 654 -1
414 3511 -1
1926 2510 -1
498 2510 -1
421 3078 -1
2155 3753 -1
1398 2155 -1
670 2155 -1
835 3416 -1
2176 3416 -1
2121 3416 -1
3416 3548 -1
3197 3416 -1
2687 3416 -1
835 1074 -1
48 1005 -1
48 1625 -1
48 2854 -1
48 3465 -1
1615 3538 -1
1615 2306 -1
1090 3404 -1
1794 3404 -1
3404 3687 -1
416 2785 -1
1653 2785 -1
416 1736 -1
242 416 -1
416 1283 -1
416 2847 -1
165 2861 -1
462 1258 -1
2929 3199 -1
1690 3199 -1
475 3199 -1
529 3498 -1
1115 1164 -1
1164 3780 -1
2072 3117 -1
2072 3310 -1
1235 2072 -1
93 2072 -1
318 2072 -1
2246 2596 -1
1584 2246 -1
2246 2940 -1
482 2160 -1
2119 2160 -1
879 1777 -1
1777 3152 -1
1777 2873 -1
218 1777 -1
1484 1862 -1
1176 1862 -1
1562 1862 -1
1862 3519 -1
1862 2165 -1
743 1862 -1
395 1177 -1
395 2770 -1
156 2485 -1
156 834 -1
612 2025 -1
2025 2347 -1
171 2025 -1
1068 2025 -1
2025 3101 -1
2025 3294 -1
2165 3130 -1
1176 3130 -1
1562 3130 -1
743 3130 -1
1484 3130 -1
3130 3519 -1
569 3621 -1
1832 3621 -1
185 1036 -1
185 3152 -1
185 2873 -1
185 218 -1
1694 3643 -1
1333 1694 -1
687 1694 -1
940 2552 -1
940 2816 -1
673 940 -1
940 2498 -1
940 2198 -1
940 3773 -1
940 1342 -1
396 872 -1
686 3734 -1
599 3734 -1
605 1843 -1
1843 2518 -1
1843 3053 -1
1843 2782 -1
605 1654 -1
689 1580 -1
3286 3443 -1
1767 2855 -1
1836 2855 -1
1767 2140 -1
1767 3703 -1
495 2156 -1
2156 2290 -1
495 3019 -1
2407 2792 -1
2407 2600 -1
257 2407 -1
1868 2407 -1
2351 2407 -1
88 2357 -1
88 3041 -1
88 2643 -1
98 2575 -1
3246 3597 -1
1138 3597 -1
663 3597 -1
131 969 -1
1416 3250 -1
306 3250 -1
3250 3796 -1
301 1416 -1
1416 3383 -1
1463 3600 -1
2574 3600 -1
2927 3800 -1
1418 3800 -1
3359 3800 -1
57 1245 -1
1245 2301 -1
57 1978 -1
1298 1802 -1
2219 3753 -1
1398 2219 -1
670 2219 -1
524 2004 -1
524 2925 -1
678 838 -1
2191 2281 -1
267 2281 -1
1045 2281 -1
933 2191 -1
1237 3495 -1
1382 3660 -1
411 3043 -1
2978 3043 -1
667 1146 -1
123 1146 -1
667 3736 -1
667 732 -1
667 3006 -1
667 742 -1
667 1519 -1
365 2045 -1
49 365 -1
2775 3366 -1
3366 3423 -1
1664 2775 -1
1635 2775 -1
1220 2775 -1
1879 2775 -1
2168 3802 -1
3362 3396 -1
3396 3656 -1
3133 3396 -1
814 3396 -1
3144 3817 -1
2296 2592 -1
186 2592 -1
2581 2592 -1
2296 2506 -1
586 1103 -1
640 1103 -1
1103 2431 -1
586 3408 -1
327 361 -1
327 1313 -1
327 2213 -1
327 3371 -1
327 2392 -1
327 2623 -1
327 3260 -1
327 3237 -1
684 3546 -1
989 2335 -1
989 2250 -1
2193 2564 -1
2522 2635 -1
544 2522 -1
2614 2646 -1
1007 2646 -1
1757 2805 -1
2805 3050 -1
868 2102 -1
1173 2102 -1
2683 3245 -1
1247 3024 -1
132 1247 -1
507 3250 -1
301 507 -1
507 3383 -1
542 1211 -1
1211 2881 -1
593 1211 -1
542 2677 -1
1630 3638 -1
1331 1630 -1
1630 2436 -1
21 1630 -1
1827 3537 -1
3537 3681 -1
3335 3537 -1
1084 3537 -1
2443 3537 -1
1878 3537 -1
3164 3537 -1
2292 3343 -1
3343 3704 -1
3186 3343 -1
188 3343 -1
405 3343 -1
408 2396 -1
1860 3536 -1
1158 2727 -1
1158 2457 -1
804 1158 -1
1412 2351 -1
324 2351 -1
1573 2351 -1
2351 3774 -1
1412 2600 -1
257 1412 -1
1412 1868 -1
1412 2792 -1
6 2157 -1
488 2157 -1
2020 3520 -1
825 3520 -1
2642 3520 -1
1363 3520 -1
630 3520 -1
1370 2020 -1
2020 2555 -1
1710 2902 -1
2305 2902 -1
1710 3403 -1
76 2365 -1
2328 2365 -1
2274 2365 -1
515 1633 -1
1633 2921 -1
1633 2934 -1
2734 2805 -1
230 2911 -1
1770 1877 -1
2140 2732 -1
2732 2855 -1
2732 3703 -1
950 1173 -1
868 950 -1
932 1832 -1
569 932 -1
841 1246 -1
1246 3074 -1
841 2822 -1
1994 3756 -1
3052 3756 -1
1742 3756 -1
94 1994 -1
1041 2977 -1
2440 2977 -1
2579 2977 -1
465 1041 -1
1041 1698 -1
472 1588 -1
659 2711 -1
634 2711 -1
488 3548 -1
6 3548 -1
488 2176 -1
488 2121 -1
488 835 -1
488 3197 -1
1895 1928 -1
1474 1928 -1
331 1928 -1
1508 1928 -1
1928 2813 -1
987 2743 -1
987 3563 -1
461 987 -1
987 1587 -1
987 1814 -1
987 3544 -1
987 3292 -1
134 2363 -1
2497 3453 -1
3084 3453 -1
461 1196 -1
1196 3563 -1
1196 2478 -1
1196 1587 -1
1196 1814 -1
1196 2743 -1
1196 3544 -1
1196 3162 -1
1196 3292 -1
461 968 -1
461 1307 -1
1473 1814 -1
1473 3563 -1
461 1473 -1
1473 1587 -1
1473 2743 -1
1473 3544 -1
25 1473 -1
1473 3292 -1
1407 2730 -1
2025 3740 -1
2025 2841 -1
1374 3456 -1
1374 2500 -1
108 1374 -1
1374 2325 -1
11 2331 -1
11 3058 -1
202 1494 -1
1474 1494 -1
331 1494 -1
1494 1508 -1
1131 1494 -1
1166 1494 -1
1494 2813 -1
202 3032 -1
608 2340 -1
1201 1208 -1
1455 1479 -1
654 1384 -1
33 1384 -1
1384 1426 -1
1384 3277 -1
1384 2942 -1
1384 3511 -1
654 1399 -1
849 2512 -1
2907 3651 -1
1121 3651 -1
3118 3651 -1
2088 2907 -1
2907 2965 -1
2406 2726 -1
2406 2480 -1
807 1548 -1
1548 2630 -1
2521 2568 -1
1320 2521 -1
1939 2124 -1
546 1322 -1
209 1322 -1
1322 3099 -1
1322 2791 -1
1444 2226 -1
1444 1985 -1
1444 1759 -1
741 3135 -1
373 741 -1
779 944 -1
1677 2260 -1
170 522 -1
522 2811 -1
170 3798 -1
170 431 -1
263 3170 -1
1646 2292 -1
1646 3704 -1
1646 3186 -1
188 1646 -1
405 1646 -1
459 1816 -1
459 2627 -1
1197 2065 -1
1024 1197 -1
922 1197 -1
1197 2418 -1
358 1197 -1
2935 3105 -1
126 2935 -1
813 1847 -1
169 1847 -1
1847 3522 -1
813 966 -1
1339 1364 -1
122 2354 -1
26 3301 -1
660 3141 -1
3141 3379 -1
2054 3141 -1
508 3241 -1
1449 3241 -1
2131 3241 -1
3241 3493 -1
575 3241 -1
148 339 -1
339 1232 -1
92 339 -1
1363 2468 -1
2468 2642 -1
2020 2468 -1
630 2468 -1
129 1157 -1
771 1157 -1
1157 3471 -1
628 1614 -1
2500 2750 -1
2750 3456 -1
108 2750 -1
2325 2750 -1
2560 3478 -1
1533 3478 -1
2520 2560 -1
2560 3804 -1
394 3353 -1
2749 3353 -1
394 1904 -1
2314 3565 -1
2983 3565 -1
1342 2438 -1
2438 2816 -1
2438 2552 -1
2438 2498 -1
2438 3773 -1
1342 3653 -1
1446 1967 -1
874 1891 -1
874 1114 -1
3156 3638 -1
1331 3156 -1
2436 3156 -1
21 3156 -1
1081 3817 -1
219 3180 -1
1507 3180 -1
485 3180 -1
219 1901 -1
267 3109 -1
1045 3109 -1
2191 3109 -1
267 1204 -1
267 1486 -1
174 3104 -1
2847 2916 -1
1736 2916 -1
2785 2916 -1
242 2916 -1
1283 2916 -1
553 2847 -1
2847 3482 -1
722 2847 -1
1037 2847 -1
1490 1891 -1
222 1891 -1
1114 1490 -1
1872 2312 -1
2312 3571 -1
1629 2312 -1
1011 1249 -1
162 945 -1
162 2674 -1
162 446 -1
162 399 -1
158 3404 -1
1814 3727 -1
3563 3727 -1
461 3727 -1
1587 3727 -1
2743 3727 -1
3544 3727 -1
25 3727 -1
3292 3727 -1
238 1499 -1
61 2213 -1
61 361 -1
61 3260 -1
61 3237 -1
9 525 -1
525 595 -1
525 3814 -1
525 3315 -1
1008 1373 -1
1008 2709 -1
617 1116 -1
1116 3569 -1
1629 2998 -1
1872 2998 -1
2998 3571 -1
100 763 -1
1586 2366 -1
842 1586 -1
2176 2433 -1
2121 2433 -1
835 2433 -1
2433 3548 -1
2433 3197 -1
2433 2687 -1
235 2990 -1
1205 2990 -1
461 2619 -1
2619 3563 -1
2478 2619 -1
1587 2619 -1
1814 2619 -1
2619 2743 -1
2619 3544 -1
2619 3162 -1
2619 3292 -1
461 2993 -1
319 461 -1
252 1250 -1
1250 3002 -1
252 928 -1
292 1116 -1
978 1116 -1
1437 1588 -1
696 1433 -1
80 696 -1
696 2112 -1
696 1540 -1
696 1773 -1
3080 3696 -1
1896 3696 -1
793 3696 -1
1778 3696 -1
1640 3195 -1
3131 3775 -1
1083 3775 -1
1380 3088 -1
1185 3088 -1
3495 3741 -1
2636 3495 -1
1673 2413 -1
1169 2905 -1
930 3742 -1
1326 3293 -1
3293 3698 -1
2403 2589 -1
1261 2937 -1
1261 1593 -1
902 1261 -1
2846 3548 -1
210 3548 -1
2255 3548 -1
390 3548 -1
1743 3548 -1
2176 2846 -1
2121 2846 -1
835 2846 -1
2846 3197 -1
432 1922 -1
1491 3427 -1
1771 2437 -1
2004 2140 -1
2140 2925 -1
2004 2855 -1
2004 3703 -1
2155 3259 -1
708 1917 -1
648 708 -1
708 3810 -1
2331 3542 -1
3058 3542 -1
1739 2331 -1
2331 2845 -1
1120 3245 -1
3245 3625 -1
564 1686 -1
1686 2424 -1
1686 2016 -1
1650 1686 -1
564 2859 -1
1424 2868 -1
2943 3765 -1
1030 2693 -1
721 2693 -1
1485 2693 -1
2693 3580 -1
1093 2693 -1
2693 3089 -1
2342 2667 -1
1569 2667 -1
943 2667 -1
706 1058 -1
1980 2615 -1
1411 2615 -1
2615 2804 -1
2615 3645 -1
510 2615 -1
1980 2285 -1
898 3591 -1
102 680 -1
102 526 -1
520 3301 -1
1746 2559 -1
2005 2879 -1
796 2321 -1
716 796 -1
507 1881 -1
1681 2908 -1
566 2624 -1
566 2657 -1
566 3531 -1
566 3812 -1
566 2853 -1
566 2041 -1
2191 2761 -1
267 2761 -1
1045 2761 -1
609 1673 -1
1673 2706 -1
1090 2461 -1
1794 2461 -1
2461 3687 -1
2367 2833 -1
321 2833 -1
2483 2833 -1
476 2833 -1
2833 3709 -1
297 2367 -1
2367 3302 -1
688 3359 -1
688 1418 -1
688 2927 -1
1800 1865 -1
2533 3667 -1
2533 3552 -1
705 2533 -1
2533 3762 -1
2040 2533 -1
1070 2533 -1
216 3403 -1
2744 3403 -1
2063 3403 -1
216 2902 -1
814 2104 -1
2104 3656 -1
2104 3362 -1
2104 3133 -1
1634 3336 -1
2275 3336 -1
466 1863 -1
504 978 -1
292 504 -1
2960 3348 -1
2289 2960 -1
3147 3730 -1
1414 3730 -1
1818 3147 -1
2583 3147 -1
1119 3147 -1
1100 3702 -1
2239 3702 -1
1100 2979 -1
1100 1597 -1
2082 3244 -1
134 1144 -1
120 3136 -1
1334 3136 -1
447 3136 -1
120 1132 -1
485 3502 -1
219 3502 -1
1507 3502 -1
1913 2064 -1
1531 1913 -1
979 1913 -1
3030 3139 -1
75 2005 -1
334 577 -1
577 2080 -1
308 334 -1
1841 1896 -1
1841 3080 -1
1778 1841 -1
916 1959 -1
851 3624 -1
990 2391 -1
1840 2391 -1
2391 2717 -1
967 2391 -1
294 3524 -1
1466 2430 -1
2939 3686 -1
298 3686 -1
3460 3686 -1
2074 2939 -1
1867 2692 -1
2692 3668 -1
1622 2692 -1
1556 3750 -1
1556 3125 -1
772 2893 -1
1769 2893 -1
55 2893 -1
2252 2893 -1
2893 2897 -1
772 2442 -1
5 772 -1
853 2243 -1
2243 2857 -1
2722 3619 -1
2120 2722 -1
1488 2533 -1
984 3479 -1
3013 3479 -1
790 3479 -1
1791 3479 -1
