76 82 1
52 76 1
52 82 1
84 85 1
77 91 1
54 91 1
54 77 1
77 82 1
82 91 1
54 82 1
52 77 1
76 77 1
87 97 1
73 97 1
73 87 1
94 95 1
59 62 1
60 92 1
76 94 1
82 94 1
52 94 1
77 94 1
76 95 1
57 89 1
69 92 1
60 69 1
0 12 1
2 8 1
23 48 1
0 20 1
12 20 1
25 36 1
6 24 1
21 31 1
2 20 1
8 20 1
0 2 1
2 12 1
17 36 1
17 25 1
22 32 1
12 23 1
0 23 1
2 23 1
20 23 1
12 48 1
7 37 1
4 44 1
1 45 1
2 46 1
0 46 1
8 46 1
12 46 1
20 46 1
23 46 1
34 94 -1
34 52 -1
34 82 -1
34 76 -1
34 77 -1
34 95 -1
14 85 -1
14 84 -1
35 69 -1
35 60 -1
35 92 -1
31 65 -1
21 65 -1
10 80 -1
18 54 -1
18 82 -1
18 91 -1
18 77 -1
1 82 -1
45 82 -1
1 76 -1
1 77 -1
1 52 -1
1 54 -1
1 91 -1
1 94 -1
6 64 -1
24 64 -1
26 85 -1
26 84 -1
6 97 -1
24 97 -1
6 73 -1
6 87 -1
18 89 -1
18 57 -1
34 64 -1
0 83 -1
20 83 -1
2 83 -1
12 83 -1
46 83 -1
23 83 -1
31 67 -1
21 67 -1
18 95 -1
18 76 -1
18 94 -1
29 93 -1
2 70 -1
0 70 -1
8 70 -1
12 70 -1
46 70 -1
20 70 -1
23 70 -1
