64 91 1
50 73 1
51 84 1
93 101 1
78 99 1
66 77 1
71 97 1
76 100 1
51 74 1
74 84 1
65 85 1
60 78 1
60 99 1
91 93 1
64 93 1
91 101 1
88 97 1
71 88 1
58 67 1
63 84 1
63 74 1
51 63 1
50 82 1
73 82 1
52 70 1
62 70 1
52 62 1
7 30 1
2 48 1
32 36 1
2 39 1
39 48 1
7 11 1
11 30 1
11 17 1
17 30 1
7 17 1
19 37 1
32 35 1
35 36 1
48 48 1
0 47 1
7 16 1
16 17 1
11 16 1
16 30 1
1 4 1
21 23 1
17 41 1
16 41 1
11 41 1
30 41 1
7 41 1
41 87 -1
16 87 -1
17 87 -1
11 87 -1
30 87 -1
7 87 -1
40 88 -1
40 97 -1
40 71 -1
35 81 -1
32 81 -1
36 81 -1
7 100 -1
16 100 -1
17 100 -1
11 100 -1
30 100 -1
41 100 -1
7 76 -1
29 56 -1
17 66 -1
16 66 -1
41 66 -1
11 66 -1
30 66 -1
7 66 -1
17 77 -1
10 77 -1
10 66 -1
40 66 -1
40 77 -1
34 67 -1
34 58 -1
43 56 -1
8 97 -1
8 88 -1
8 71 -1
47 101 -1
0 101 -1
47 91 -1
47 93 -1
37 101 -1
19 101 -1
37 91 -1
37 93 -1
25 76 -1
25 100 -1
49 90 -1
30 85 -1
16 85 -1
17 85 -1
11 85 -1
41 85 -1
7 85 -1
30 65 -1
