65 94 1
53 81 1
63 79 1
51 68 1
73 92 1
63 78 1
78 79 1
52 92 1
52 73 1
53 78 1
78 81 1
53 79 1
53 63 1
54 80 1
75 81 1
53 75 1
75 78 1
59 99 1
64 100 1
52 88 1
73 88 1
88 92 1
69 71 1
65 81 1
81 94 1
65 75 1
53 65 1
65 78 1
77 99 1
59 77 1
62 97 1
67 84 1
61 70 1
61 83 1
70 83 1
81 84 1
65 84 1
75 84 1
78 84 1
53 84 1
84 94 1
67 81 1
9 30 1
35 43 1
33 41 1
9 16 1
16 30 1
23 24 1
23 41 1
24 41 1
23 33 1
27 47 1
38 46 1
9 14 1
14 16 1
14 30 1
11 45 1
2 16 1
2 9 1
2 14 1
2 30 1
7 25 1
29 31 1
20 49 1
7 47 1
25 47 1
7 27 1
26 29 1
26 31 1
6 38 1
6 46 1
14 23 1
16 23 1
9 23 1
2 23 1
23 30 1
14 33 1
14 41 1
14 24 1
25 60 -1
47 60 -1
7 60 -1
2 63 -1
16 63 -1
9 63 -1
30 63 -1
14 63 -1
23 63 -1
2 53 -1
2 78 -1
2 79 -1
5 79 -1
5 53 -1
5 78 -1
5 63 -1
49 94 -1
20 94 -1
49 65 -1
49 84 -1
49 81 -1
43 95 -1
35 95 -1
7 69 -1
25 69 -1
27 69 -1
47 69 -1
7 71 -1
33 83 -1
41 83 -1
14 83 -1
23 83 -1
33 61 -1
33 70 -1
3 59 -1
3 99 -1
3 77 -1
19 87 -1
0 59 -1
0 99 -1
0 77 -1
13 67 -1
13 81 -1
13 84 -1
17 53 -1
17 65 -1
17 75 -1
17 78 -1
17 79 -1
17 81 -1
17 84 -1
17 63 -1
11 79 -1
45 79 -1
11 53 -1
11 78 -1
11 63 -1
32 74 -1
27 65 -1
7 65 -1
47 65 -1
27 75 -1
27 78 -1
27 81 -1
27 84 -1
27 53 -1
27 94 -1
4 63 -1
4 53 -1
4 78 -1
4 79 -1
48 100 -1
48 64 -1
41 67 -1
24 67 -1
33 67 -1
14 67 -1
23 67 -1
41 81 -1
41 84 -1
