63 90 1
51 68 1
58 81 1
62 64 1
55 75 1
54 87 1
93 94 1
65 90 1
63 65 1
56 58 1
56 81 1
51 85 1
68 85 1
79 97 1
65 70 1
70 90 1
63 70 1
37 43 1
15 33 1
20 23 1
12 20 1
12 23 1
25 46 1
14 16 1
21 41 1
17 37 1
17 43 1
11 44 1
16 28 1
14 28 1
19 19 1
10 11 1
10 44 1
3 6 1
43 79 1
17 79 1
37 79 1
79 79 1
43 97 1
43 43 1
8 79 1
8 97 1
8 37 1
8 8 1
8 43 1
8 17 1
43 60 1
60 97 1
37 60 1
8 60 1
60 79 1
17 60 1
60 60 1
68 71 1
51 71 1
71 85 1
71 71 1
68 68 1
11 80 -1
10 80 -1
44 80 -1
46 95 -1
25 95 -1
12 83 -1
20 83 -1
23 83 -1
19 60 -1
6 80 -1
3 80 -1
13 67 -1
46 77 -1
25 77 -1
0 59 -1
32 95 -1
27 65 -1
27 90 -1
27 70 -1
27 63 -1
46 74 -1
25 74 -1
1 81 -1
1 56 -1
1 58 -1
26 60 -1
45 97 -1
45 79 -1
42 71 -1
9 91 -1
14 53 -1
16 53 -1
28 53 -1
3 61 -1
6 61 -1
63 67 -1
65 67 -1
67 90 -1
67 70 -1
71 91 -1
72 99 -1
51 59 -1
59 68 -1
59 85 -1
58 65 -1
56 65 -1
65 81 -1
58 90 -1
58 70 -1
58 63 -1
