0 69 -1
0 53 -1
0 56 -1
0 68 -1
0 71 -1
0 66 -1
1 81 -1
1 100 -1
2 63 -1
2 67 -1
3 52 -1
3 61 -1
3 65 -1
3 53 -1
3 59 -1
3 63 -1
3 64 -1
4 61 -1
4 59 -1
4 63 -1
4 80 -1
4 58 -1
5 64 -1
5 65 -1
5 79 -1
5 69 -1
5 53 -1
6 67 -1
6 91 -1
7 79 -1
7 69 -1
7 53 -1
8 67 -1
8 91 -1
9 67 -1
9 91 -1
10 79 -1
10 60 -1
11 53 -1
11 69 -1
11 79 -1
13 91 -1
13 67 -1
14 80 -1
14 53 -1
15 63 -1
15 80 -1
15 91 -1
16 67 -1
16 91 -1
17 80 -1
17 53 -1
17 59 -1
17 63 -1
18 91 -1
18 67 -1
18 80 -1
18 63 -1
19 92 -1
19 93 -1
19 75 -1
19 54 -1
19 60 -1
19 76 -1
19 87 -1
19 78 -1
21 67 -1
21 91 -1
22 71 -1
22 56 -1
22 79 -1
23 83 -1
23 79 -1
24 81 -1
25 78 -1
25 60 -1
26 79 -1
26 60 -1
27 56 -1
27 53 -1
27 69 -1
27 66 -1
27 71 -1
27 68 -1
28 67 -1
28 91 -1
29 81 -1
29 95 -1
30 83 -1
31 87 -1
31 84 -1
31 77 -1
31 95 -1
31 74 -1
31 101 -1
31 81 -1
32 74 -1
32 95 -1
32 87 -1
32 84 -1
32 101 -1
33 83 -1
33 94 -1
34 71 -1
34 95 -1
36 83 -1
37 92 -1
37 71 -1
37 56 -1
37 60 -1
37 86 -1
38 83 -1
38 79 -1
39 83 -1
39 94 -1
41 67 -1
41 91 -1
42 98 -1
42 78 -1
42 87 -1
42 95 -1
43 78 -1
43 95 -1
44 81 -1
44 95 -1
44 74 -1
44 100 -1
45 74 -1
45 95 -1
45 100 -1
45 81 -1
46 95 -1
46 74 -1
46 101 -1
46 84 -1
46 87 -1
46 81 -1
47 81 -1
47 100 -1
48 81 -1
48 100 -1
49 81 -1
27 52 -1
37 52 -1
22 53 -1
37 53 -1
31 54 -1
42 54 -1
32 54 -1
19 55 -1
17 58 -1
27 58 -1
11 58 -1
10 58 -1
27 59 -1
0 59 -1
42 60 -1
17 61 -1
7 64 -1
0 64 -1
27 64 -1
27 65 -1
7 65 -1
0 65 -1
37 66 -1
15 67 -1
22 68 -1
43 68 -1
32 68 -1
22 69 -1
37 69 -1
43 71 -1
42 71 -1
37 72 -1
27 72 -1
42 73 -1
46 77 -1
35 79 -1
43 79 -1
42 79 -1
11 80 -1
6 80 -1
31 82 -1
35 83 -1
12 83 -1
43 85 -1
42 86 -1
35 88 -1
49 88 -1
42 89 -1
34 89 -1
43 89 -1
37 89 -1
19 90 -1
2 91 -1
42 92 -1
49 94 -1
35 94 -1
12 94 -1
31 94 -1
43 94 -1
48 94 -1
29 94 -1
30 94 -1
46 96 -1
45 97 -1
1 97 -1
46 97 -1
44 97 -1
43 98 -1
34 98 -1
49 98 -1
46 100 -1
