60 89 1
68 71 1
57 80 1
52 78 1
55 56 1
55 57 1
56 57 1
55 80 1
87 89 1
60 87 1
64 93 1
70 79 1
51 94 1
52 97 1
78 97 1
52 63 1
63 97 1
63 78 1
65 93 1
64 65 1
54 100 1
50 95 1
85 89 1
60 85 1
85 87 1
90 93 1
64 90 1
65 90 1
18 23 1
9 41 1
46 49 1
2 23 1
2 18 1
32 36 1
13 47 1
27 36 1
27 32 1
14 17 1
35 44 1
20 20 1
17 44 1
14 44 1
17 35 1
36 45 1
32 45 1
27 45 1
7 19 1
19 39 1
7 39 1
21 25 1
16 42 1
1 25 1
1 21 1
16 98 -1
42 98 -1
40 82 -1
4 95 -1
4 50 -1
27 85 -1
32 85 -1
36 85 -1
45 85 -1
27 89 -1
27 60 -1
27 87 -1
19 95 -1
39 95 -1
7 95 -1
19 50 -1
13 97 -1
47 97 -1
13 52 -1
13 78 -1
13 63 -1
30 72 -1
4 55 -1
4 56 -1
4 57 -1
4 80 -1
28 71 -1
28 68 -1
35 76 -1
17 76 -1
44 76 -1
18 85 -1
2 85 -1
23 85 -1
18 89 -1
18 60 -1
18 87 -1
6 96 -1
47 95 -1
13 95 -1
47 50 -1
16 59 -1
42 59 -1
40 63 -1
40 97 -1
40 52 -1
40 78 -1
18 75 -1
2 75 -1
23 75 -1
25 74 -1
1 74 -1
21 74 -1
