78 84 1
74 101 1
63 85 1
71 90 1
90 91 1
71 91 1
55 93 1
78 80 1
80 84 1
78 81 1
80 81 1
81 84 1
57 96 1
90 100 1
91 100 1
71 100 1
76 89 1
71 83 1
83 90 1
83 91 1
83 100 1
69 90 1
69 83 1
69 91 1
69 100 1
69 71 1
14 18 1
2 25 1
21 40 1
13 49 1
18 36 1
14 36 1
7 49 1
7 13 1
1 16 1
34 47 1
4 13 1
4 49 1
4 7 1
13 42 1
42 49 1
4 42 1
7 42 1
3 25 1
2 3 1
24 27 1
42 45 1
45 49 1
4 45 1
13 45 1
7 45 1
45 86 -1
49 86 -1
42 86 -1
4 86 -1
13 86 -1
7 86 -1
13 79 -1
49 79 -1
42 79 -1
4 79 -1
45 79 -1
7 79 -1
35 55 -1
35 93 -1
25 73 -1
2 73 -1
3 73 -1
33 93 -1
33 55 -1
37 83 -1
37 90 -1
37 91 -1
37 100 -1
37 69 -1
37 71 -1
20 99 -1
30 98 -1
6 62 -1
35 76 -1
35 89 -1
47 65 -1
34 65 -1
16 92 -1
1 92 -1
14 84 -1
18 84 -1
36 84 -1
14 80 -1
14 81 -1
14 78 -1
16 88 -1
1 88 -1
46 87 -1
20 69 -1
20 91 -1
20 90 -1
20 83 -1
20 100 -1
20 71 -1
23 51 -1
19 78 -1
19 80 -1
19 81 -1
19 84 -1
