57 67 1
94 101 1
75 83 1
57 61 1
61 67 1
53 55 1
79 87 1
61 71 1
57 71 1
67 71 1
57 64 1
64 67 1
61 64 1
64 71 1
83 101 1
75 101 1
83 94 1
78 95 1
64 92 1
57 92 1
67 92 1
61 92 1
71 92 1
60 87 1
60 79 1
70 92 1
64 70 1
67 70 1
70 71 1
57 70 1
61 70 1
53 59 1
55 59 1
50 95 1
50 78 1
75 84 1
83 84 1
84 101 1
18 29 1
12 32 1
16 18 1
16 29 1
12 22 1
22 32 1
7 39 1
18 32 1
16 32 1
29 32 1
12 18 1
18 22 1
38 45 1
1 21 1
8 28 1
2 33 1
11 28 1
8 11 1
12 35 1
32 35 1
18 35 1
22 35 1
38 39 1
39 45 1
7 38 1
14 18 1
14 32 1
14 35 1
12 14 1
14 16 1
14 22 1
14 29 1
26 42 1
8 13 1
11 13 1
13 28 1
34 46 1
40 61 -1
40 64 -1
40 67 -1
40 70 -1
40 71 -1
40 57 -1
40 92 -1
12 89 -1
32 89 -1
18 89 -1
35 89 -1
14 89 -1
22 89 -1
40 63 -1
24 51 -1
22 79 -1
32 79 -1
18 79 -1
35 79 -1
12 79 -1
14 79 -1
22 60 -1
22 87 -1
28 95 -1
8 95 -1
11 95 -1
13 95 -1
28 50 -1
28 78 -1
30 62 -1
28 88 -1
8 88 -1
11 88 -1
13 88 -1
32 69 -1
35 69 -1
12 69 -1
14 69 -1
16 69 -1
18 69 -1
22 69 -1
29 69 -1
43 61 -1
43 64 -1
43 67 -1
43 70 -1
43 71 -1
43 57 -1
43 92 -1
0 59 -1
0 53 -1
0 55 -1
22 65 -1
32 65 -1
18 65 -1
35 65 -1
12 65 -1
14 65 -1
19 62 -1
1 83 -1
21 83 -1
1 75 -1
1 84 -1
1 101 -1
1 94 -1
9 53 -1
9 59 -1
9 55 -1
19 89 -1
42 100 -1
26 100 -1
45 58 -1
38 58 -1
39 58 -1
9 67 -1
9 64 -1
9 70 -1
9 71 -1
9 57 -1
9 92 -1
9 61 -1
