71 85 1
94 94 1
51 92 1
82 85 1
71 82 1
82 100 1
85 100 1
71 100 1
81 101 1
73 96 1
64 100 1
64 82 1
64 85 1
64 71 1
83 91 1
56 63 1
50 97 1
69 88 1
60 75 1
58 71 1
58 64 1
58 82 1
58 100 1
58 85 1
0 26 1
24 27 1
11 28 1
23 43 1
39 47 1
3 47 1
3 39 1
14 21 1
15 30 1
26 34 1
0 34 1
25 27 1
24 25 1
3 26 1
26 39 1
26 47 1
0 3 1
3 34 1
8 22 1
8 39 1
22 39 1
8 26 1
3 8 1
8 47 1
24 61 1
25 61 1
27 61 1
61 61 1
24 24 1
34 100 1
0 100 1
26 100 1
3 100 1
100 100 1
34 64 1
34 34 1
34 71 1
34 82 1
34 85 1
34 58 1
46 67 -1
24 80 -1
25 80 -1
27 80 -1
37 75 -1
37 60 -1
41 64 -1
41 82 -1
41 58 -1
41 100 -1
41 85 -1
41 71 -1
39 55 -1
8 55 -1
26 55 -1
3 55 -1
22 55 -1
47 55 -1
42 87 -1
23 76 -1
43 76 -1
37 98 -1
40 94 -1
19 88 -1
19 69 -1
32 81 -1
32 101 -1
45 70 -1
37 95 -1
34 63 -1
0 63 -1
26 63 -1
3 63 -1
34 56 -1
49 58 -1
49 64 -1
49 82 -1
49 100 -1
49 85 -1
49 71 -1
21 64 -1
14 64 -1
21 82 -1
21 58 -1
21 100 -1
21 85 -1
21 71 -1
72 99 -1
14 49 -1
21 49 -1
