76 93 1
56 94 1
62 78 1
64 100 1
63 81 1
52 95 1
52 74 1
74 95 1
60 79 1
52 86 1
74 86 1
86 95 1
79 82 1
60 82 1
64 95 1
95 100 1
64 74 1
52 64 1
64 86 1
91 91 1
91 99 1
61 78 1
61 62 1
53 98 1
81 88 1
63 88 1
15 48 1
20 48 1
15 20 1
2 24 1
9 28 1
16 44 1
8 18 1
36 43 1
5 44 1
5 16 1
34 45 1
30 31 1
21 45 1
21 34 1
2 25 1
24 25 1
15 39 1
39 48 1
20 39 1
5 26 1
16 26 1
26 44 1
14 21 1
14 34 1
14 45 1
30 83 -1
31 83 -1
12 94 -1
12 56 -1
2 63 -1
24 63 -1
25 63 -1
2 88 -1
2 81 -1
0 53 -1
0 98 -1
45 97 -1
34 97 -1
21 97 -1
14 97 -1
26 60 -1
16 60 -1
44 60 -1
5 60 -1
26 82 -1
26 79 -1
5 79 -1
16 79 -1
44 79 -1
5 82 -1
27 64 -1
27 52 -1
27 74 -1
27 100 -1
27 86 -1
27 95 -1
0 66 -1
36 83 -1
43 83 -1
19 54 -1
37 56 -1
37 94 -1
43 71 -1
36 71 -1
47 100 -1
47 64 -1
47 95 -1
5 53 -1
16 53 -1
26 53 -1
44 53 -1
5 98 -1
49 81 -1
49 88 -1
49 63 -1
31 81 -1
30 81 -1
31 88 -1
31 63 -1
