87 91 1
70 88 1
57 61 1
74 77 1
78 94 1
68 97 1
53 76 1
69 100 1
51 70 1
51 88 1
75 83 1
92 94 1
78 92 1
61 92 1
57 92 1
61 78 1
61 94 1
59 89 1
58 101 1
52 80 1
50 81 1
6 36 1
16 33 1
1 38 1
7 34 1
22 23 1
6 30 1
30 36 1
1 8 1
8 38 1
36 36 1
19 42 1
8 20 1
1 20 1
20 38 1
17 34 1
7 17 1
27 37 1
15 31 1
19 38 1
38 42 1
8 19 1
1 19 1
19 20 1
13 100 1
100 100 1
13 69 1
13 13 1
31 69 1
69 69 1
15 69 1
31 100 1
13 31 1
31 31 1
26 54 1
54 54 1
26 26 1
14 53 -1
14 76 -1
27 59 -1
37 59 -1
27 89 -1
32 68 -1
32 97 -1
43 78 -1
43 92 -1
43 61 -1
43 94 -1
4 61 -1
4 57 -1
4 92 -1
4 94 -1
4 78 -1
42 71 -1
19 71 -1
38 71 -1
9 91 -1
9 87 -1
44 100 -1
44 69 -1
8 67 -1
1 67 -1
19 67 -1
20 67 -1
38 67 -1
32 101 -1
32 58 -1
45 100 -1
45 69 -1
27 64 -1
37 64 -1
0 59 -1
0 89 -1
7 53 -1
17 53 -1
34 53 -1
7 76 -1
43 71 -1
3 64 -1
31 95 -1
15 95 -1
79 91 -1
79 87 -1
8 18 -1
1 18 -1
18 19 -1
18 20 -1
18 38 -1
