64 77 1
76 87 1
87 95 1
76 95 1
60 95 1
60 76 1
60 87 1
59 91 1
52 76 1
52 95 1
52 60 1
52 87 1
62 88 1
83 90 1
90 91 1
83 91 1
59 90 1
68 99 1
67 73 1
20 49 1
4 35 1
20 46 1
46 49 1
32 39 1
29 40 1
8 29 1
8 40 1
7 13 1
19 33 1
46 47 1
47 49 1
20 47 1
12 22 1
0 45 1
8 47 1
40 47 1
29 47 1
8 46 1
8 49 1
8 20 1
21 57 1
57 57 1
21 21 1
9 54 1
54 54 1
9 9 1
22 79 1
12 79 1
79 79 1
22 22 1
14 69 1
69 69 1
14 14 1
6 66 1
66 66 1
6 6 1
43 78 -1
12 94 -1
22 94 -1
3 61 -1
3 52 -1
3 60 -1
3 87 -1
3 76 -1
3 95 -1
4 59 -1
35 59 -1
4 90 -1
4 91 -1
29 81 -1
40 81 -1
8 81 -1
47 81 -1
10 60 -1
10 52 -1
10 87 -1
10 76 -1
10 95 -1
13 67 -1
7 67 -1
13 73 -1
8 67 -1
40 67 -1
46 67 -1
47 67 -1
49 67 -1
20 67 -1
29 67 -1
8 73 -1
31 77 -1
31 64 -1
1 100 -1
23 83 -1
23 90 -1
23 91 -1
54 66 -1
9 39 -1
9 32 -1
2 21 -1
2 57 -1
62 101 -1
88 101 -1
13 16 -1
7 16 -1
