72 79 1
76 77 1
50 75 1
65 94 1
93 99 1
75 77 1
50 77 1
75 76 1
68 91 1
82 96 1
60 90 1
86 91 1
68 86 1
53 84 1
59 97 1
71 98 1
77 88 1
50 88 1
75 88 1
76 88 1
57 71 1
57 98 1
56 101 1
72 87 1
79 87 1
66 92 1
18 35 1
1 40 1
4 5 1
24 36 1
7 48 1
2 22 1
8 24 1
8 36 1
5 22 1
4 22 1
2 5 1
20 26 1
7 16 1
16 48 1
33 34 1
34 34 1
11 33 1
11 34 1
7 10 1
10 48 1
10 16 1
33 38 1
34 38 1
11 38 1
16 34 1
34 48 1
10 34 1
7 34 1
16 33 1
16 38 1
11 16 1
17 80 -1
0 68 -1
0 91 -1
0 86 -1
30 94 -1
30 65 -1
0 65 -1
0 94 -1
27 56 -1
27 101 -1
32 95 -1
27 65 -1
27 94 -1
9 67 -1
32 101 -1
32 56 -1
35 88 -1
18 88 -1
35 50 -1
35 75 -1
35 76 -1
35 77 -1
38 83 -1
16 83 -1
33 83 -1
34 83 -1
11 83 -1
19 55 -1
44 74 -1
43 85 -1
38 79 -1
16 79 -1
33 79 -1
34 79 -1
11 79 -1
38 72 -1
38 87 -1
43 95 -1
1 100 -1
40 100 -1
37 71 -1
37 57 -1
37 98 -1
34 95 -1
33 95 -1
38 95 -1
48 95 -1
10 95 -1
11 95 -1
16 95 -1
7 95 -1
