74 100 1
58 66 1
52 95 1
54 55 1
66 72 1
58 72 1
58 80 1
72 80 1
66 80 1
74 77 1
77 100 1
72 98 1
80 98 1
66 98 1
58 98 1
53 92 1
65 75 1
12 30 1
18 30 1
12 18 1
15 40 1
6 48 1
7 17 1
27 35 1
21 38 1
19 49 1
3 26 1
45 46 1
3 6 1
6 26 1
3 48 1
14 18 1
12 14 1
14 30 1
45 90 1
90 90 1
46 90 1
45 45 1
9 65 1
65 65 1
9 9 1
9 75 1
32 96 1
96 96 1
32 32 1
22 66 1
66 66 1
22 72 1
22 98 1
22 80 1
22 22 1
22 58 1
2 60 -1
42 64 -1
24 82 -1
32 64 -1
21 83 -1
38 83 -1
2 52 -1
2 95 -1
26 62 -1
3 62 -1
6 62 -1
36 70 -1
48 73 -1
3 73 -1
6 73 -1
29 70 -1
47 88 -1
41 92 -1
41 53 -1
14 94 -1
18 94 -1
12 94 -1
30 94 -1
33 77 -1
33 74 -1
33 100 -1
26 88 -1
3 88 -1
6 88 -1
35 62 -1
27 62 -1
22 97 -1
48 58 -1
3 58 -1
6 58 -1
48 72 -1
48 80 -1
48 66 -1
48 98 -1
72 75 -1
75 80 -1
66 75 -1
75 98 -1
58 75 -1
65 72 -1
51 101 -1
3 8 -1
8 48 -1
8 26 -1
6 8 -1
18 46 -1
12 46 -1
14 46 -1
30 46 -1
18 90 -1
18 45 -1
