53 58 1
70 71 1
78 87 1
76 87 1
76 78 1
63 92 1
57 61 1
90 101 1
71 98 1
70 98 1
63 85 1
85 92 1
64 80 1
63 67 1
67 92 1
67 85 1
66 70 1
66 98 1
66 71 1
34 37 1
16 40 1
30 48 1
44 48 1
30 44 1
18 49 1
39 45 1
32 49 1
18 32 1
5 17 1
17 44 1
5 44 1
17 48 1
17 30 1
25 36 1
6 15 1
10 13 1
1 3 1
12 93 1
93 93 1
12 12 1
28 73 1
73 73 1
28 28 1
30 100 1
48 100 1
17 100 1
44 100 1
100 100 1
30 30 1
35 64 1
64 64 1
35 80 1
35 35 1
37 93 1
34 93 1
12 37 1
37 37 1
2 67 -1
2 92 -1
2 85 -1
2 63 -1
0 77 -1
31 59 -1
8 67 -1
8 92 -1
8 85 -1
8 63 -1
33 67 -1
33 92 -1
33 85 -1
33 63 -1
44 59 -1
48 59 -1
17 59 -1
5 59 -1
30 59 -1
10 54 -1
13 54 -1
39 87 -1
45 87 -1
39 76 -1
39 78 -1
16 90 -1
40 90 -1
16 101 -1
37 97 -1
34 97 -1
23 92 -1
23 67 -1
23 85 -1
23 63 -1
27 65 -1
10 92 -1
13 92 -1
10 67 -1
10 85 -1
10 63 -1
65 73 -1
4 27 -1
67 68 -1
68 92 -1
68 85 -1
63 68 -1
