57 79 1
64 77 1
54 76 1
54 66 1
66 76 1
61 101 1
72 72 1
70 81 1
87 94 1
74 79 1
57 74 1
67 74 1
57 67 1
67 79 1
63 88 1
63 69 1
69 88 1
63 66 1
66 88 1
66 69 1
63 76 1
54 63 1
67 87 1
57 87 1
74 87 1
79 87 1
67 94 1
0 4 1
43 45 1
37 44 1
23 28 1
8 39 1
10 42 1
9 31 1
14 23 1
14 28 1
5 14 1
5 28 1
5 23 1
31 42 1
9 42 1
10 31 1
8 45 1
39 45 1
8 43 1
36 40 1
16 29 1
14 39 1
28 39 1
5 39 1
23 39 1
8 14 1
14 45 1
32 74 -1
32 57 -1
32 87 -1
32 67 -1
32 79 -1
2 88 -1
2 66 -1
2 69 -1
2 63 -1
42 78 -1
9 78 -1
10 78 -1
31 78 -1
45 72 -1
8 72 -1
43 72 -1
14 72 -1
39 72 -1
34 101 -1
34 61 -1
34 57 -1
34 87 -1
34 74 -1
34 67 -1
34 79 -1
42 65 -1
9 65 -1
10 65 -1
31 65 -1
40 95 -1
36 95 -1
22 87 -1
22 57 -1
22 74 -1
22 67 -1
22 94 -1
22 79 -1
15 69 -1
15 88 -1
15 66 -1
15 63 -1
12 73 -1
47 84 -1
30 85 -1
23 97 -1
28 97 -1
5 97 -1
14 97 -1
39 97 -1
17 52 -1
27 86 -1
