77 100 1
54 72 1
56 91 1
64 71 1
90 91 1
56 90 1
53 95 1
50 79 1
93 98 1
58 66 1
53 98 1
95 98 1
53 93 1
65 66 1
58 65 1
79 101 1
50 101 1
62 93 1
62 98 1
53 62 1
62 85 1
85 98 1
85 93 1
53 85 1
74 86 1
50 97 1
97 101 1
79 97 1
19 47 1
1 39 1
26 41 1
17 36 1
31 45 1
24 26 1
24 41 1
21 34 1
18 28 1
0 14 1
18 24 1
24 28 1
18 41 1
18 26 1
23 32 1
6 15 1
36 44 1
17 44 1
19 36 1
36 47 1
17 19 1
19 44 1
24 32 1
32 41 1
26 32 1
28 32 1
18 32 1
23 24 1
45 95 -1
31 95 -1
45 98 -1
45 53 -1
29 81 -1
37 72 -1
37 54 -1
32 84 -1
41 84 -1
18 84 -1
23 84 -1
24 84 -1
26 84 -1
28 84 -1
37 71 -1
37 64 -1
0 64 -1
14 64 -1
0 71 -1
0 65 -1
14 65 -1
0 66 -1
0 58 -1
41 67 -1
24 67 -1
32 67 -1
26 67 -1
18 67 -1
0 56 -1
14 56 -1
0 90 -1
0 91 -1
32 74 -1
41 74 -1
18 74 -1
23 74 -1
24 74 -1
26 74 -1
28 74 -1
32 86 -1
45 81 -1
31 81 -1
27 59 -1
17 80 -1
44 80 -1
19 80 -1
36 80 -1
3 59 -1
37 92 -1
37 52 -1
45 100 -1
31 100 -1
45 77 -1
