52 55 1
71 79 1
57 98 1
51 77 1
92 95 1
58 68 1
70 93 1
81 85 1
75 92 1
75 95 1
50 66 1
61 74 1
91 95 1
75 91 1
91 92 1
88 98 1
57 88 1
71 84 1
79 84 1
53 92 1
53 91 1
53 75 1
53 95 1
59 69 1
82 94 1
63 64 1
8 43 1
14 46 1
33 44 1
7 42 1
31 32 1
19 41 1
1 5 1
13 38 1
30 39 1
23 45 1
3 14 1
3 46 1
37 45 1
23 37 1
17 38 1
13 17 1
1 46 1
5 46 1
1 3 1
1 14 1
2 33 1
2 44 1
24 27 1
8 17 1
17 43 1
8 13 1
8 38 1
0 66 -1
0 50 -1
9 67 -1
35 79 -1
35 84 -1
35 71 -1
22 56 -1
15 67 -1
0 56 -1
31 77 -1
32 77 -1
31 51 -1
4 59 -1
4 69 -1
49 88 -1
49 57 -1
49 98 -1
46 97 -1
1 97 -1
3 97 -1
5 97 -1
14 97 -1
19 60 -1
41 60 -1
11 80 -1
31 74 -1
32 74 -1
31 61 -1
42 60 -1
7 60 -1
43 71 -1
8 71 -1
17 71 -1
43 84 -1
43 79 -1
33 94 -1
2 94 -1
44 94 -1
33 82 -1
29 94 -1
29 82 -1
31 54 -1
32 54 -1
23 83 -1
45 83 -1
37 83 -1
41 91 -1
19 91 -1
41 75 -1
41 92 -1
41 53 -1
41 95 -1
