85 101 1
59 60 1
52 69 1
57 63 1
59 81 1
60 81 1
79 81 1
59 79 1
60 79 1
64 67 1
63 92 1
57 92 1
77 96 1
76 78 1
59 65 1
65 81 1
60 65 1
65 79 1
95 100 1
84 97 1
54 72 1
75 87 1
84 90 1
90 97 1
75 88 1
87 88 1
3 30 1
22 34 1
21 33 1
31 34 1
22 31 1
41 48 1
16 20 1
6 13 1
34 49 1
22 49 1
31 49 1
10 13 1
6 10 1
42 47 1
14 17 1
19 37 1
26 27 1
25 35 1
9 29 1
5 37 1
5 19 1
31 40 1
40 49 1
34 40 1
22 40 1
26 60 -1
27 60 -1
26 81 -1
26 59 -1
26 65 -1
26 79 -1
42 78 -1
47 78 -1
42 76 -1
41 91 -1
48 91 -1
22 53 -1
40 53 -1
49 53 -1
34 53 -1
31 53 -1
3 64 -1
30 64 -1
3 67 -1
42 98 -1
47 98 -1
34 98 -1
40 98 -1
49 98 -1
22 98 -1
31 98 -1
16 67 -1
20 67 -1
16 64 -1
0 71 -1
0 68 -1
3 63 -1
30 63 -1
3 57 -1
3 92 -1
27 68 -1
26 68 -1
43 68 -1
27 56 -1
26 56 -1
7 69 -1
7 52 -1
19 75 -1
37 75 -1
5 75 -1
19 88 -1
19 87 -1
0 69 -1
0 52 -1
37 92 -1
19 92 -1
5 92 -1
37 57 -1
37 63 -1
