71 91 1
59 65 1
93 99 1
77 100 1
76 86 1
62 66 1
58 78 1
73 83 1
77 78 1
78 100 1
58 77 1
88 98 1
87 98 1
87 88 1
71 98 1
91 98 1
71 88 1
71 87 1
61 99 1
61 93 1
64 69 1
61 85 1
85 99 1
85 93 1
73 78 1
78 83 1
58 73 1
73 100 1
73 77 1
6 28 1
27 31 1
25 29 1
2 9 1
25 40 1
29 40 1
25 33 1
33 40 1
29 33 1
6 17 1
17 28 1
32 44 1
34 45 1
33 38 1
38 40 1
25 38 1
29 38 1
19 37 1
11 24 1
14 39 1
19 44 1
37 44 1
19 32 1
2 44 1
9 44 1
2 32 1
2 19 1
2 37 1
29 62 -1
40 62 -1
25 62 -1
38 62 -1
33 62 -1
29 66 -1
42 73 -1
42 58 -1
42 83 -1
42 100 -1
42 77 -1
42 78 -1
13 63 -1
12 96 -1
47 87 -1
47 88 -1
47 98 -1
47 71 -1
38 97 -1
40 97 -1
33 97 -1
29 97 -1
25 97 -1
13 82 -1
11 101 -1
24 101 -1
17 73 -1
28 73 -1
6 73 -1
17 58 -1
17 83 -1
17 100 -1
17 77 -1
17 78 -1
39 87 -1
14 87 -1
39 88 -1
39 98 -1
39 71 -1
41 77 -1
41 73 -1
41 58 -1
41 100 -1
41 78 -1
34 88 -1
45 88 -1
34 98 -1
34 71 -1
34 87 -1
12 68 -1
33 51 -1
40 51 -1
25 51 -1
29 51 -1
38 51 -1
