78 82 1
82 95 1
78 95 1
82 93 1
78 93 1
93 95 1
66 99 1
85 88 1
57 68 1
53 99 1
53 66 1
58 64 1
51 99 1
51 66 1
51 53 1
71 101 1
50 82 1
50 93 1
50 78 1
50 95 1
75 76 1
83 97 1
91 100 1
64 101 1
58 101 1
64 71 1
22 32 1
30 48 1
30 35 1
35 48 1
0 11 1
5 46 1
9 24 1
24 29 1
9 29 1
0 9 1
9 11 1
0 24 1
0 29 1
10 27 1
19 20 1
18 42 1
2 34 1
28 34 1
2 28 1
49 49 1
5 43 1
43 46 1
4 43 1
4 5 1
4 46 1
42 92 -1
18 92 -1
49 98 -1
35 83 -1
48 83 -1
30 83 -1
35 97 -1
32 84 -1
22 84 -1
27 65 -1
10 65 -1
37 52 -1
19 78 -1
20 78 -1
19 82 -1
19 50 -1
19 93 -1
19 95 -1
27 68 -1
10 68 -1
27 57 -1
30 94 -1
48 94 -1
35 94 -1
16 91 -1
16 100 -1
0 68 -1
24 68 -1
9 68 -1
11 68 -1
29 68 -1
0 57 -1
23 79 -1
31 82 -1
31 50 -1
31 93 -1
31 78 -1
31 95 -1
42 87 -1
18 87 -1
19 75 -1
20 75 -1
19 76 -1
6 91 -1
6 100 -1
3 59 -1
42 78 -1
18 78 -1
42 82 -1
42 50 -1
42 93 -1
42 95 -1
