50 53 1
64 99 1
74 75 1
51 87 1
58 91 1
69 96 1
56 76 1
90 100 1
90 97 1
97 100 1
59 72 1
82 93 1
63 93 1
63 82 1
87 101 1
51 101 1
81 87 1
51 81 1
81 101 1
75 86 1
74 86 1
75 82 1
74 82 1
82 86 1
75 93 1
63 75 1
16 26 1
21 44 1
16 34 1
26 34 1
12 49 1
30 32 1
5 34 1
5 16 1
5 26 1
13 42 1
26 30 1
16 30 1
30 34 1
5 30 1
26 32 1
2 20 1
7 43 1
39 48 1
15 22 1
10 34 1
10 16 1
10 26 1
5 10 1
10 30 1
6 63 1
63 63 1
6 82 1
6 75 1
6 93 1
6 6 1
31 57 -1
13 56 -1
42 56 -1
13 76 -1
9 76 -1
9 56 -1
21 100 -1
44 100 -1
21 97 -1
21 90 -1
17 88 -1
25 52 -1
33 60 -1
35 87 -1
35 81 -1
35 51 -1
35 101 -1
2 53 -1
20 53 -1
2 50 -1
16 70 -1
26 70 -1
10 70 -1
34 70 -1
30 70 -1
5 70 -1
24 77 -1
36 92 -1
18 85 -1
48 99 -1
39 99 -1
48 64 -1
43 80 -1
7 80 -1
6 52 -1
32 99 -1
26 99 -1
30 99 -1
32 64 -1
40 97 -1
40 90 -1
40 100 -1
13 78 -1
42 78 -1
28 100 -1
28 97 -1
28 90 -1
90 92 -1
92 97 -1
92 100 -1
