51 58 1
69 98 1
52 64 1
60 97 1
59 87 1
83 93 1
55 74 1
81 84 1
72 99 1
51 92 1
58 92 1
50 67 1
63 71 1
71 73 1
63 73 1
57 67 1
50 57 1
55 73 1
73 74 1
55 63 1
55 71 1
63 81 1
73 81 1
55 81 1
71 81 1
63 84 1
94 98 1
69 94 1
80 88 1
57 85 1
50 85 1
67 85 1
50 52 1
52 57 1
52 67 1
52 85 1
50 64 1
76 96 1
62 78 1
71 89 1
73 89 1
55 89 1
81 89 1
63 89 1
66 97 1
60 66 1
75 97 1
66 75 1
60 75 1
63 83 1
71 83 1
73 83 1
81 83 1
83 84 1
55 83 1
83 89 1
63 93 1
12 31 1
8 18 1
44 49 1
35 42 1
27 37 1
0 37 1
0 27 1
30 48 1
1 15 1
2 38 1
5 35 1
5 42 1
8 22 1
18 22 1
9 43 1
3 11 1
28 36 1
40 45 1
5 43 1
42 43 1
35 43 1
5 9 1
19 34 1
28 33 1
33 36 1
33 44 1
36 44 1
28 44 1
33 49 1
28 34 1
33 34 1
34 36 1
34 44 1
19 28 1
6 33 1
6 34 1
6 36 1
6 44 1
6 49 1
6 28 1
3 28 1
11 28 1
3 33 1
3 34 1
3 36 1
3 6 1
3 44 1
3 19 1
26 35 1
26 42 1
26 43 1
5 26 1
33 81 -1
34 81 -1
3 81 -1
36 81 -1
6 81 -1
44 81 -1
49 81 -1
28 81 -1
33 71 -1
33 73 -1
33 83 -1
33 84 -1
33 55 -1
33 89 -1
33 63 -1
33 62 -1
34 62 -1
3 62 -1
36 62 -1
6 62 -1
44 62 -1
49 62 -1
28 62 -1
33 78 -1
28 66 -1
33 66 -1
34 66 -1
3 66 -1
36 66 -1
6 66 -1
11 66 -1
44 66 -1
19 66 -1
28 97 -1
28 75 -1
28 60 -1
1 98 -1
15 98 -1
1 69 -1
1 94 -1
22 55 -1
8 55 -1
18 55 -1
22 71 -1
22 73 -1
22 74 -1
22 81 -1
22 83 -1
22 89 -1
22 63 -1
29 75 -1
29 97 -1
29 66 -1
29 60 -1
17 76 -1
17 96 -1
32 87 -1
32 59 -1
35 54 -1
26 54 -1
42 54 -1
43 54 -1
5 54 -1
37 83 -1
0 83 -1
27 83 -1
37 71 -1
37 73 -1
37 81 -1
37 84 -1
37 55 -1
37 89 -1
37 93 -1
37 63 -1
0 52 -1
27 52 -1
37 52 -1
0 64 -1
0 57 -1
0 50 -1
0 67 -1
0 85 -1
13 66 -1
13 97 -1
13 75 -1
13 60 -1
25 51 -1
25 58 -1
25 92 -1
19 68 -1
34 68 -1
3 68 -1
28 68 -1
19 62 -1
19 78 -1
3 76 -1
33 76 -1
34 76 -1
36 76 -1
6 76 -1
11 76 -1
44 76 -1
19 76 -1
28 76 -1
3 96 -1
