36 596 1
36 1374 1
596 1374 1
14 1361 1
1351 1367 1
9 1652 1
1688 2307 1
784 1361 1
14 784 1
1669 2009 1
567 1645 1
1647 2015 1
571 1339 1
1646 2305 1
773 1997 1
2006 2022 1
19 1989 1
789 2309 1
1359 2017 1
590 2001 1
41 2302 1
598 1363 1
34 1337 1
808 1999 1
585 2286 1
772 1363 1
598 772 1
44 600 1
1354 1668 1
1373 1688 1
1373 2307 1
558 603 1
1697 2021 1
795 2302 1
41 795 1
1699 2011 1
806 1375 1
18 1645 1
18 567 1
560 580 1
766 1676 1
577 805 1
609 2305 1
609 1646 1
9 11 1
11 1652 1
1695 1999 1
808 1695 1
1647 2284 1
2015 2284 1
570 1659 1
596 1666 1
36 1666 1
1374 1666 1
7 802 1
764 1994 1
596 2286 1
1666 2286 1
36 2286 1
1374 2286 1
585 596 1
12 1992 1
804 1344 1
1671 2280 1
1696 2021 1
1696 1697 1
782 1986 1
1679 1992 1
12 1679 1
567 605 1
18 605 1
605 1645 1
14 15 1
15 784 1
15 1361 1
1661 1676 1
766 1661 1
38 2017 1
38 1359 1
809 2017 1
38 809 1
809 1359 1
2281 2288 1
768 1686 1
22 2307 1
22 1688 1
22 1373 1
5 586 1
575 1661 1
575 1676 1
575 766 1
8 1339 1
8 571 1
1363 1988 1
772 1988 1
598 1988 1
583 601 1
1345 2284 1
1345 2015 1
1345 1647 1
19 774 1
774 1989 1
1375 2285 1
806 2285 1
772 2296 1
1363 2296 1
1988 2296 1
598 2296 1
12 22 1
22 1992 1
22 1679 1
12 2307 1
12 1688 1
12 1373 1
1362 2300 1
17 2290 1
17 557 1
557 2290 1
13 587 1
604 2016 1
606 1699 1
606 2011 1
782 1665 1
1665 1986 1
1649 2014 1
1347 2289 1
1375 1660 1
1660 2285 1
806 1660 1
1657 2294 1
1372 1665 1
1372 1986 1
782 1372 1
14 1348 1
784 1348 1
1348 1361 1
15 1348 1
805 1352 1
577 1352 1
599 1340 1
800 1666 1
36 800 1
596 800 1
800 2286 1
800 1374 1
1336 1674 1
566 766 1
566 1676 1
566 1661 1
566 575 1
1361 2294 1
784 2294 1
1348 2294 1
14 2294 1
15 2294 1
1361 1657 1
97 1714 1
828 2060 1
848 2268 1
866 1722 1
876 1705 1
921 2257 1
815 1710 1
842 855 1
818 1724 1
841 949 1
872 873 1
81 883 1
894 2065 1
113 2035 1
2040 2279 1
823 1712 1
129 1716 1
79 886 1
2052 2267 1
106 2047 1
828 856 1
856 2060 1
818 819 1
819 1724 1
69 2053 1
69 885 1
885 2053 1
914 2045 1
883 925 1
81 925 1
839 2277 1
48 75 1
2037 2262 1
84 1713 1
948 2274 1
125 2032 1
104 871 1
88 821 1
817 843 1
901 2031 1
49 126 1
897 2257 1
897 921 1
126 906 1
49 906 1
825 884 1
81 2047 1
883 2047 1
925 2047 1
81 106 1
48 872 1
75 872 1
48 873 1
860 2034 1
2069 2252 1
1716 2254 1
129 2254 1
870 2049 1
890 891 1
1726 2064 1
129 1720 1
1716 1720 1
1720 2254 1
853 945 1
69 850 1
850 2053 1
850 885 1
876 2271 1
1705 2271 1
870 2260 1
2049 2260 1
818 827 1
819 827 1
827 1724 1
1706 1715 1
134 2254 1
134 1720 1
129 134 1
134 1716 1
1708 1714 1
97 1708 1
88 1708 1
821 1708 1
88 97 1
88 1714 1
928 946 1
115 931 1
891 2267 1
890 2267 1
891 2052 1
75 939 1
48 939 1
872 939 1
821 906 1
88 906 1
906 1708 1
49 821 1
126 821 1
1705 2039 1
876 2039 1
2039 2271 1
103 845 1
2271 2272 1
1705 2272 1
876 2272 1
2039 2272 1
814 2041 1
95 890 1
95 891 1
95 2267 1
2051 2278 1
1729 2258 1
859 2261 1
851 855 1
842 851 1
822 828 1
822 856 1
822 2060 1
91 2069 1
91 2252 1
847 2069 1
91 847 1
847 2252 1
49 829 1
829 906 1
821 829 1
126 829 1
94 864 1
2045 2062 1
914 2062 1
135 2254 1
135 1720 1
129 135 1
135 1716 1
134 135 1
860 923 1
923 2034 1
937 2034 1
923 937 1
860 937 1
51 1720 1
51 129 1
51 134 1
51 135 1
51 2254 1
51 1716 1
63 2278 1
63 2051 1
888 2038 1
1717 2047 1
81 1717 1
106 1717 1
883 1717 1
925 1717 1
665 2091 1
165 996 1
1392 1739 1
184 190 1
144 189 1
1385 2082 1
156 2233 1
150 2223 1
1000 1403 1
622 2225 1
965 2090 1
1013 2236 1
209 620 1
193 1399 1
991 999 1
232 980 1
1397 1731 1
202 650 1
976 2088 1
181 654 1
1379 2247 1
204 634 1
178 2080 1
1756 2078 1
150 182 1
182 2223 1
986 1402 1
634 1012 1
204 1012 1
219 1745 1
151 2226 1
1746 2223 1
182 1746 1
150 1746 1
652 986 1
652 1402 1
193 618 1
618 1399 1
979 2232 1
625 2223 1
625 1746 1
182 625 1
150 625 1
161 219 1
161 1745 1
620 977 1
209 977 1
139 612 1
177 639 1
623 2249 1
149 1009 1
1757 1759 1
141 628 1
218 666 1
169 1386 1
660 1379 1
660 2247 1
975 997 1
641 2245 1
962 2075 1
621 2233 1
156 621 1
162 168 1
1381 1406 1
191 1399 1
191 193 1
191 618 1
616 1745 1
161 616 1
219 616 1
619 644 1
623 1381 1
1381 2249 1
623 1406 1
995 1001 1
629 1388 1
987 2232 1
979 987 1
2084 2225 1
622 2084 1
637 1403 1
637 1000 1
627 2229 1
653 2080 1
178 653 1
197 990 1
147 1734 1
956 1013 1
956 2236 1
1383 2225 1
1383 2084 1
622 1383 1
656 2224 1
618 2080 1
193 2080 1
191 2080 1
1399 2080 1
618 653 1
178 618 1
192 973 1
625 2080 1
1746 2080 1
150 2080 1
182 2080 1
2080 2223 1
193 625 1
618 625 1
625 653 1
178 625 1
625 1399 1
191 625 1
213 983 1
663 984 1
154 2229 1
154 627 1
191 972 1
972 2080 1
193 972 1
618 972 1
625 972 1
972 1399 1
170 1391 1
200 1751 1
1393 1730 1
611 970 1
959 975 1
959 997 1
163 1738 1
228 964 1
1388 1747 1
629 1747 1
1013 1738 1
956 1738 1
1738 2236 1
163 1013 1
146 1012 1
146 634 1
146 204 1
630 1006 1
953 2226 1
151 953 1
191 973 1
973 2080 1
193 973 1
618 973 1
972 973 1
625 973 1
973 1399 1
191 192 1
970 980 1
611 980 1
232 970 1
262 387 1
237 286 1
304 1408 1
330 333 1
683 1423 1
1772 2099 1
313 2191 1
236 319 1
1030 1773 1
363 1414 1
281 320 1
346 702 1
261 357 1
2192 2192 1
273 2217 1
692 1065 1
1037 1053 1
247 363 1
247 1414 1
384 1036 1
306 337 1
247 1038 1
363 1038 1
1038 1414 1
300 321 1
331 2212 1
682 2215 1
287 1431 1
262 1025 1
387 1025 1
1412 2193 1
1031 2211 1
1038 1427 1
363 1427 1
1414 1427 1
247 1427 1
672 2200 1
263 1037 1
263 1053 1
306 351 1
337 351 1
393 2206 1
1050 1413 1
258 1021 1
267 1028 1
269 1413 1
269 1050 1
274 678 1
241 265 1
1058 1770 1
288 320 1
281 288 1
383 1050 1
383 1413 1
269 383 1
320 327 1
288 327 1
281 327 1
252 692 1
252 1065 1
1027 1428 1
340 346 1
340 702 1
358 1041 1
282 1029 1
313 378 1
378 2191 1
379 673 1
313 2213 1
378 2213 1
2191 2213 1
385 1429 1
683 1765 1
1423 1765 1
1022 1026 1
1045 2217 1
273 1045 1
303 387 1
303 1025 1
262 303 1
245 1059 1
1414 1418 1
363 1418 1
1418 1427 1
1038 1418 1
247 1418 1
296 1043 1
252 2203 1
1065 2203 1
692 2203 1
248 2098 1
240 1025 1
240 387 1
240 262 1
240 303 1
237 1058 1
286 1058 1
237 1770 1
270 350 1
308 697 1
237 1765 1
1058 1765 1
1765 1770 1
286 1765 1
237 683 1
237 1423 1
302 353 1
368 684 1
250 2099 1
250 1772 1
684 1024 1
368 1024 1
1029 1410 1
282 1410 1
1023 2216 1
259 305 1
289 2205 1
700 2200 1
672 700 1
372 1426 1
313 690 1
378 690 1
690 2213 1
690 2191 1
287 1053 1
1053 1431 1
287 1037 1
263 287 1
693 1436 1
342 367 1
340 686 1
346 686 1
686 702 1
247 298 1
298 1414 1
298 363 1
298 1038 1
298 1427 1
298 1418 1
304 677 1
677 1408 1
259 302 1
302 305 1
259 353 1
318 2099 1
250 318 1
318 1772 1
287 361 1
263 361 1
361 1037 1
361 1053 1
361 1431 1
1510 2162 1
1273 1510 1
1273 2162 1
1516 2172 1
479 2176 1
442 1549 1
417 1474 1
1565 2183 1
450 1451 1
705 1271 1
396 1572 1
466 1555 1
1526 1546 1
402 1557 1
1460 1579 1
428 1448 1
1562 2177 1
1572 2170 1
396 2170 1
473 1479 1
704 1440 1
446 1561 1
1271 1274 1
705 1274 1
1543 1578 1
1480 2189 1
1511 2188 1
1469 1489 1
1286 1551 1
442 1539 1
1539 1549 1
486 1512 1
1500 1543 1
1500 1578 1
431 1507 1
1480 1568 1
1568 2189 1
472 1551 1
472 1286 1
434 1483 1
1496 1541 1
1250 1491 1
413 1501 1
398 1572 1
398 2170 1
396 398 1
1289 1532 1
1270 1507 1
431 1270 1
465 1560 1
412 492 1
1520 1544 1
409 1454 1
703 1496 1
703 1541 1
1443 1449 1
491 1264 1
1261 2179 1
1494 1506 1
1473 1512 1
486 1473 1
467 1450 1
1500 1564 1
1564 1578 1
1543 1564 1
490 1547 1
1447 1499 1
1246 2181 1
1281 1496 1
1281 1541 1
703 1281 1
1561 2166 1
446 2166 1
1444 1557 1
402 1444 1
1531 1540 1
399 464 1
1481 1524 1
454 1497 1
1472 1546 1
1472 1526 1
1445 1454 1
409 1445 1
1456 1483 1
434 1456 1
1246 1278 1
1278 2181 1
1487 1500 1
1487 1578 1
1487 1564 1
1487 1543 1
1521 1544 1
1520 1521 1
1271 1532 1
705 1532 1
1274 1532 1
1271 1289 1
401 1568 1
401 1480 1
401 2189 1
466 2167 1
1555 2167 1
477 478 1
441 704 1
441 1440 1
419 1536 1
431 481 1
481 1507 1
481 1270 1
434 1584 1
1456 1584 1
1483 1584 1
1477 2182 1
460 1555 1
460 466 1
460 2167 1
482 1480 1
482 1568 1
401 482 1
482 2189 1
493 1278 1
493 2181 1
493 1246 1
1525 2170 1
396 1525 1
1525 1572 1
398 1525 1
1241 2162 1
1241 1273 1
1241 1510 1
405 432 1
472 1516 1
1286 1516 1
1516 1551 1
472 2172 1
1258 1545 1
399 437 1
437 464 1
466 472 1
472 1555 1
460 472 1
472 2167 1
466 1286 1
466 1516 1
466 1551 1
466 2172 1
418 1579 1
418 1460 1
453 2183 1
453 1565 1
431 1484 1
481 1484 1
1484 1507 1
1270 1484 1
1629 1631 1
516 1921 1
524 551 1
1643 1937 1
1630 1972 1
1600 1942 1
1635 1905 1
517 727 1
1606 1622 1
1309 2142 1
502 1593 1
1306 1314 1
506 534 1
1294 1621 1
546 2159 1
501 541 1
1607 1911 1
1302 1635 1
1302 1905 1
502 709 1
709 1593 1
729 1931 1
515 1909 1
1963 2143 1
527 1593 1
527 709 1
502 527 1
500 503 1
1936 2148 1
1607 1936 1
1911 1936 1
1607 2148 1
708 1297 1
530 708 1
530 1297 1
1592 1956 1
1931 1975 1
729 1975 1
712 1310 1
739 2156 1
752 1609 1
528 746 1
720 1606 1
720 1622 1
757 1977 1
741 1621 1
741 1294 1
501 502 1
502 541 1
501 1593 1
501 709 1
501 527 1
1906 2149 1
718 1330 1
547 1959 1
1632 1904 1
1295 1946 1
753 1942 1
753 1600 1
739 1913 1
1913 2156 1
1601 1637 1
1308 2150 1
548 1620 1
758 1972 1
758 1630 1
1307 1608 1
734 1602 1
1292 1626 1
758 1602 1
1602 1972 1
1602 1630 1
734 758 1
721 1917 1
1326 1600 1
753 1326 1
1326 1942 1
712 1913 1
1310 1913 1
712 739 1
712 2156 1
1321 1641 1
545 1625 1
1602 2148 1
1972 2148 1
758 2148 1
734 2148 1
1630 2148 1
1602 1607 1
1602 1936 1
1905 1968 1
1635 1968 1
1302 1968 1
542 1307 1
542 1608 1
731 1333 1
549 1940 1
1618 1909 1
515 1618 1
517 1950 1
727 1950 1
1601 1925 1
1637 1925 1
708 1331 1
1297 1331 1
530 1331 1
1923 1952 1
524 1617 1
551 1617 1
719 1634 1
552 1627 1
546 1300 1
1300 2159 1
1600 1631 1
753 1631 1
1326 1631 1
1631 1942 1
1600 1629 1
1948 2148 1
1602 1948 1
1607 1948 1
1936 1948 1
1948 1972 1
1630 1948 1
758 1948 1
734 1948 1
728 1981 1
745 1316 1
1643 2130 1
1937 2130 1
553 1972 1
553 1602 1
553 2148 1
553 758 1
553 1948 1
553 1630 1
535 1607 1
535 1602 1
535 2148 1
535 1911 1
535 1936 1
535 1948 1
1330 1609 1
718 1609 1
752 1330 1
750 2150 1
750 1308 1
549 724 1
724 1940 1
729 2135 1
1931 2135 1
1975 2135 1
1798 1878 1
2107 2114 1
1182 1893 1
1112 1881 1
1161 1777 1
1094 1179 1
1826 1890 1
1157 1779 1
1185 1889 1
1150 1202 1
1176 1832 1
1118 1187 1
1094 1885 1
1179 1885 1
1211 1887 1
1072 1804 1
1814 2110 1
1149 1181 1
1239 2102 1
1813 1829 1
1075 1184 1
1112 1866 1
1866 1881 1
1098 1226 1
1088 1094 1
1088 1179 1
1088 1885 1
1103 1825 1
1168 1787 1
1120 1230 1
1202 1812 1
1150 1812 1
1131 2118 1
1802 1842 1
1788 2129 1
1149 1196 1
1181 1196 1
1872 2129 1
1788 1872 1
1226 1866 1
1098 1866 1
1112 1226 1
1226 1881 1
1181 1819 1
1196 1819 1
1149 1819 1
1099 1896 1
1100 2113 1
1120 1216 1
1216 1230 1
1180 1778 1
1127 1863 1
1151 1799 1
1166 1822 1
1125 1774 1
1126 2108 1
1892 2101 1
1198 1842 1
1198 1802 1
1095 1239 1
1095 2102 1
1173 1869 1
1167 1820 1
1093 1140 1
1788 2108 1
1872 2108 1
2108 2129 1
1126 1788 1
1119 1797 1
1131 1226 1
1226 2118 1
1098 1131 1
1112 1131 1
1131 1881 1
1131 1866 1
1175 1798 1
1175 1878 1
1155 1227 1
1144 1872 1
1144 2129 1
1144 1788 1
1144 2108 1
1191 1232 1
1082 1858 1
1128 1231 1
1079 2119 1
1086 1886 1
1789 1792 1
1096 1176 1
1096 1832 1
1174 1855 1
1786 1827 1
1120 1134 1
1134 1216 1
1134 1230 1
1165 1888 1
1788 1858 1
1126 1858 1
1858 1872 1
1858 2129 1
1144 1858 1
1858 2108 1
1082 1788 1
1779 1845 1
1157 1845 1
1799 1889 1
1151 1889 1
1185 1799 1
1110 1784 1
1814 1856 1
1856 2110 1
1185 2127 1
1889 2127 1
1799 2127 1
1137 1784 1
1110 1137 1
1219 1791 1
1091 1175 1
1091 1878 1
1091 1798 1
1209 2114 1
1209 2107 1
1166 1217 1
1217 1822 1
1191 1872 1
1232 1872 1
1191 1858 1
1191 2108 1
1191 2129 1
1144 1191 1
1191 1788 1
1127 1887 1
1863 1887 1
1127 1211 1
1849 2106 1
1873 2117 1
1190 1859 1
1204 1850 1
1794 1839 1
1110 1902 1
1784 1902 1
1137 1902 1
1150 1797 1
1202 1797 1
1797 1812 1
1119 1150 1
1143 1793 1
1823 1849 1
1823 2106 1
1163 1887 1
1163 1863 1
1163 1211 1
1127 1163 1
838 1593 1
1593 1593 1
709 838 1
838 838 1
527 838 1
501 838 1
502 838 1
488 639 1
639 639 1
488 488 1
177 488 1
214 456 1
456 456 1
214 214 1
272 917 1
917 917 1
272 272 1
1010 1043 1
1043 1043 1
296 1010 1
1010 1010 1
772 905 1
905 2296 1
905 905 1
905 1363 1
905 1988 1
598 905 1
772 772 1
1112 2088 1
2088 2088 1
1881 2088 1
1866 2088 1
1131 2088 1
1226 2088 1
976 1112 1
1112 1112 1
889 1011 1
1011 1011 1
889 889 1
1069 2019 1
2019 2019 1
1069 1069 1
1709 1812 1
1812 1812 1
1202 1709 1
1709 1797 1
1150 1709 1
1709 1709 1
915 1106 1
1106 1106 1
915 915 1
1263 1431 1
1431 1431 1
361 1263 1
1263 1263 1
1053 1263 1
287 1263 1
389 765 1
765 765 1
389 389 1
1996 2175 1
2175 2175 1
1996 1996 1
475 2105 1
2105 2105 1
475 475 1
1671 2104 1
2104 2280 1
2104 2104 1
1671 1671 1
746 1538 1
528 1538 1
1538 1538 1
746 746 1
1315 1829 1
1829 1829 1
1315 1315 1
1315 1813 1
420 921 1
921 921 1
420 2257 1
420 420 1
420 897 1
977 1439 1
209 1439 1
620 1439 1
1439 1439 1
977 977 1
349 818 1
818 818 1
349 827 1
349 819 1
349 1724 1
349 349 1
1135 1251 1
1251 1251 1
1135 1135 1
98 271 1
271 271 1
98 98 1
66 1588 1
1588 1588 1
66 66 1
679 2110 1
2110 2110 1
679 1856 1
679 1814 1
679 679 1
2108 2201 1
1858 2201 1
1126 2201 1
1191 2201 1
1872 2201 1
2129 2201 1
1144 2201 1
2201 2201 1
1788 2201 1
2108 2108 1
694 1490 1
1490 1490 1
694 694 1
62 1895 1
1895 1895 1
62 62 1
935 1021 1
1021 1021 1
258 935 1
935 935 1
138 1591 1
1591 1591 1
138 138 1
1919 2303 1
2303 2303 1
1919 1919 1
533 1173 1
1173 1173 1
533 1869 1
533 533 1
383 535 1
535 1050 1
535 535 1
535 1413 1
269 535 1
383 1602 1
383 2148 1
383 1607 1
383 1936 1
383 1911 1
383 1948 1
383 383 1
520 773 1
773 773 1
520 520 1
520 1997 1
337 1913 1
1913 1913 1
306 1913 1
351 1913 1
337 739 1
337 712 1
337 2156 1
337 337 1
337 1310 1
1987 2249 1
2249 2249 1
1987 1987 1
1381 1987 1
623 1987 1
1835 2077 -1
460 2089 -1
472 2089 -1
466 2089 -1
1555 2089 -1
2089 2167 -1
153 1826 -1
153 1890 -1
911 1024 -1
368 911 -1
684 911 -1
370 1115 -1
1758 1810 -1
281 2242 -1
320 2242 -1
288 2242 -1
327 2242 -1
1037 1725 -1
361 1725 -1
287 1725 -1
1053 1725 -1
263 1725 -1
1270 2081 -1
481 2081 -1
1507 2081 -1
1484 2081 -1
431 2081 -1
407 1010 -1
1417 1888 -1
1165 1417 -1
1233 2168 -1
469 1432 -1
1506 2091 -1
1494 2091 -1
665 1506 -1
270 631 -1
350 631 -1
345 618 -1
345 2080 -1
193 345 -1
345 972 -1
345 653 -1
345 973 -1
345 625 -1
178 345 -1
345 1399 -1
191 345 -1
1401 1790 -1
49 331 -1
331 906 -1
331 821 -1
126 331 -1
331 829 -1
49 2212 -1
270 612 -1
350 612 -1
139 270 -1
389 867 -1
1184 1436 -1
1075 1436 -1
693 1184 -1
955 1530 -1
405 975 -1
432 975 -1
405 997 -1
405 959 -1
922 1041 -1
358 922 -1
482 975 -1
975 1480 -1
975 1568 -1
975 2189 -1
401 975 -1
482 997 -1
482 959 -1
1828 2090 -1
965 1828 -1
402 1057 -1
1057 1444 -1
1057 1557 -1
2011 2173 -1
1699 2173 -1
606 2173 -1
292 1751 -1
200 292 -1
287 1184 -1
361 1184 -1
263 1184 -1
1037 1184 -1
1053 1184 -1
1184 1431 -1
287 1075 -1
1397 1441 -1
1441 1731 -1
1022 1709 -1
1026 1709 -1
1896 2097 -1
1099 2097 -1
1283 1737 -1
380 2270 -1
998 1272 -1
116 324 -1
370 1135 -1
994 1875 -1
998 1244 -1
150 2209 -1
2080 2209 -1
625 2209 -1
1746 2209 -1
182 2209 -1
2209 2223 -1
1415 1746 -1
1415 2080 -1
625 1415 -1
150 1415 -1
182 1415 -1
1415 2223 -1
317 485 -1
1417 2122 -1
984 1507 -1
663 1507 -1
481 984 -1
984 1484 -1
984 1270 -1
431 984 -1
432 1393 -1
405 1393 -1
432 1730 -1
317 2038 -1
317 888 -1
989 1582 -1
645 1290 -1
429 1010 -1
250 1135 -1
1135 2099 -1
1135 1772 -1
318 1135 -1
148 466 -1
148 1286 -1
148 460 -1
148 1516 -1
148 1551 -1
148 1555 -1
148 2167 -1
148 472 -1
148 2172 -1
2067 2208 -1
442 1407 -1
1407 1539 -1
1407 1549 -1
392 2057 -1
636 690 -1
313 636 -1
378 636 -1
636 2213 -1
636 2191 -1
1189 1426 -1
372 1189 -1
209 1255 -1
977 1255 -1
620 1255 -1
485 964 -1
228 485 -1
1771 2262 -1
1771 2037 -1
985 1435 -1
842 1433 -1
851 1433 -1
855 1433 -1
1037 1722 -1
361 1722 -1
287 1722 -1
1053 1722 -1
263 1722 -1
866 1037 -1
639 1242 -1
177 1242 -1
95 254 -1
254 890 -1
254 891 -1
254 2267 -1
1418 2247 -1
1414 2247 -1
298 2247 -1
363 2247 -1
1038 2247 -1
1427 2247 -1
247 2247 -1
1379 1418 -1
660 1418 -1
456 1407 -1
381 621 -1
381 2233 -1
156 381 -1
1009 1286 -1
149 1286 -1
472 1009 -1
466 1009 -1
1009 1516 -1
1009 1551 -1
473 2270 -1
1479 2270 -1
982 1158 -1
409 1417 -1
1417 1445 -1
1417 1454 -1
979 1582 -1
1582 2232 -1
987 1582 -1
664 1558 -1
954 2169 -1
334 449 -1
978 1278 -1
978 2181 -1
978 1246 -1
493 978 -1
1710 1768 -1
815 1768 -1
618 696 -1
696 2080 -1
193 696 -1
696 972 -1
653 696 -1
696 973 -1
625 696 -1
178 696 -1
696 1399 -1
191 696 -1
89 326 -1
483 2235 -1
631 682 -1
631 2215 -1
616 1434 -1
1434 1745 -1
219 1434 -1
161 1434 -1
1007 1434 -1
473 2082 -1
1479 2082 -1
473 1385 -1
1383 1408 -1
1408 2225 -1
1408 2084 -1
622 1408 -1
304 1383 -1
677 1383 -1
971 1529 -1
2011 2089 -1
1699 2089 -1
606 2089 -1
953 1422 -1
1422 2226 -1
151 1422 -1
261 704 -1
357 704 -1
261 1440 -1
261 441 -1
963 2168 -1
298 402 -1
402 1414 -1
402 1418 -1
363 402 -1
402 1038 -1
402 1427 -1
247 402 -1
298 1444 -1
298 1557 -1
1030 1465 -1
1465 1773 -1
1010 2182 -1
1010 1477 -1
923 2009 -1
937 2009 -1
2009 2034 -1
860 2009 -1
923 1669 -1
1492 2249 -1
1381 1492 -1
623 1492 -1
405 1408 -1
432 1408 -1
304 405 -1
405 677 -1
982 1152 -1
1002 1521 -1
1002 1544 -1
1002 1520 -1
451 1397 -1
451 1731 -1
2089 2161 -1
219 1271 -1
616 1271 -1
1271 1745 -1
161 1271 -1
219 705 -1
219 1274 -1
219 1532 -1
219 1289 -1
1386 2167 -1
169 2167 -1
472 1386 -1
466 1386 -1
1386 1555 -1
460 1386 -1
485 1425 -1
1400 2095 -1
959 1577 -1
997 1577 -1
975 1577 -1
690 2244 -1
313 2244 -1
378 2244 -1
2213 2244 -1
2191 2244 -1
693 1864 -1
1436 1864 -1
299 614 -1
166 1531 -1
166 1540 -1
2189 2236 -1
1480 2236 -1
1568 2236 -1
482 2236 -1
401 2236 -1
1738 2189 -1
956 2189 -1
1013 2189 -1
1430 2240 -1
492 1001 -1
412 1001 -1
492 995 -1
1011 1273 -1
1011 1241 -1
1011 2162 -1
1011 1510 -1
357 442 -1
261 442 -1
357 1539 -1
357 1549 -1
1245 2248 -1
107 2009 -1
107 1669 -1
2011 2095 -1
1699 2095 -1
606 2095 -1
2089 2095 -1
902 1047 -1
1006 1168 -1
630 1168 -1
1006 1787 -1
1432 2179 -1
1261 1432 -1
1248 1392 -1
1248 1739 -1
166 2187 -1
283 2011 -1
283 1699 -1
283 606 -1
2083 2095 -1
991 1284 -1
999 1284 -1
982 1167 -1
982 1820 -1
1828 2098 -1
248 1828 -1
480 1010 -1
342 402 -1
367 402 -1
342 1444 -1
342 1557 -1
430 961 -1
258 889 -1
889 1021 -1
1288 2234 -1
150 2098 -1
2080 2098 -1
625 2098 -1
1746 2098 -1
182 2098 -1
2098 2223 -1
150 248 -1
1861 2084 -1
1861 2225 -1
622 1861 -1
1383 1861 -1
2076 2098 -1
248 2076 -1
1004 1108 -1
2071 2208 -1
894 1062 -1
1062 2065 -1
639 1279 -1
177 1279 -1
438 1388 -1
438 1747 -1
438 629 -1
1270 2082 -1
481 2082 -1
1507 2082 -1
1484 2082 -1
431 2082 -1
1270 1385 -1
622 1031 -1
1031 2225 -1
1031 2084 -1
1031 1383 -1
622 2211 -1
1267 2087 -1
1396 1441 -1
1516 2011 -1
472 2011 -1
466 2011 -1
2011 2172 -1
1286 2011 -1
1551 2011 -1
1516 1699 -1
606 1516 -1
1253 2224 -1
656 1253 -1
132 360 -1
1249 2224 -1
656 1249 -1
342 1092 -1
367 1092 -1
448 693 -1
448 1436 -1
867 1062 -1
1400 1793 -1
1143 1400 -1
141 483 -1
483 628 -1
270 2242 -1
350 2242 -1
298 1198 -1
1198 1414 -1
1198 1418 -1
363 1198 -1
1038 1198 -1
1198 1427 -1
247 1198 -1
298 1842 -1
298 1802 -1
181 1878 -1
654 1878 -1
181 1091 -1
181 1798 -1
181 1175 -1
287 982 -1
361 982 -1
263 982 -1
982 1037 -1
982 1053 -1
982 1431 -1
1390 1577 -1
485 1430 -1
432 2088 -1
405 2088 -1
432 976 -1
1409 1746 -1
1409 2080 -1
625 1409 -1
150 1409 -1
182 1409 -1
1409 2223 -1
967 1510 -1
967 1273 -1
967 2162 -1
967 1241 -1
183 1506 -1
183 1494 -1
1530 2080 -1
193 1530 -1
182 1530 -1
618 1530 -1
972 1530 -1
653 1530 -1
1530 2223 -1
625 1530 -1
178 1530 -1
973 1530 -1
150 1530 -1
1399 1530 -1
1530 1746 -1
191 1530 -1
1436 1748 -1
693 1748 -1
1897 2228 -1
1032 2262 -1
1032 2037 -1
240 953 -1
953 1025 -1
387 953 -1
262 953 -1
303 953 -1
240 2226 -1
151 240 -1
1428 1738 -1
1027 1738 -1
1428 2236 -1
163 1428 -1
956 1428 -1
1013 1428 -1
96 254 -1
622 684 -1
684 2225 -1
684 2084 -1
684 1383 -1
368 622 -1
622 1024 -1
81 1021 -1
1021 1717 -1
106 1021 -1
883 1021 -1
925 1021 -1
1021 2047 -1
81 258 -1
962 1278 -1
1278 2075 -1
962 2181 -1
962 1246 -1
493 962 -1
631 2202 -1
837 1764 -1
1012 1431 -1
634 1431 -1
204 1431 -1
146 1431 -1
361 1012 -1
1012 1053 -1
287 1012 -1
631 1420 -1
422 1421 -1
896 1062 -1
956 1229 -1
1229 1738 -1
1229 2236 -1
1013 1229 -1
2095 2122 -1
1281 1733 -1
1496 1733 -1
1541 1733 -1
703 1733 -1
444 2087 -1
963 2193 -1
963 1412 -1
149 1476 -1
1009 1476 -1
1798 2238 -1
1091 2238 -1
1878 2238 -1
1175 2238 -1
632 2200 -1
632 672 -1
632 700 -1
185 411 -1
124 344 -1
1457 2082 -1
1385 1457 -1
2085 2097 -1
978 1277 -1
416 1407 -1
1558 2092 -1
65 326 -1
944 1062 -1
1800 2227 -1
342 1012 -1
367 1012 -1
342 634 -1
204 342 -1
146 342 -1
177 1255 -1
639 1255 -1
1438 1721 -1
1420 2231 -1
70 286 -1
70 1058 -1
70 237 -1
70 1765 -1
345 626 -1
992 1431 -1
361 992 -1
992 1053 -1
287 992 -1
1405 1566 -1
1260 2246 -1
226 1516 -1
226 472 -1
226 466 -1
226 2172 -1
226 1286 -1
226 1551 -1
1264 2086 -1
491 2086 -1
332 612 -1
139 332 -1
625 699 -1
699 2080 -1
193 699 -1
182 699 -1
178 699 -1
618 699 -1
699 972 -1
653 699 -1
699 2223 -1
699 1746 -1
699 973 -1
150 699 -1
699 1399 -1
191 699 -1
623 682 -1
682 2249 -1
682 1381 -1
682 1406 -1
623 2215 -1
424 1404 -1
1862 2073 -1
228 401 -1
401 964 -1
228 1568 -1
228 1480 -1
228 482 -1
228 2189 -1
434 2089 -1
1456 2089 -1
1584 2089 -1
1483 2089 -1
1433 2080 -1
193 1433 -1
182 1433 -1
618 1433 -1
972 1433 -1
653 1433 -1
1433 2223 -1
625 1433 -1
178 1433 -1
973 1433 -1
150 1433 -1
1399 1433 -1
1433 1746 -1
191 1433 -1
1431 2240 -1
361 2240 -1
1053 2240 -1
287 2240 -1
134 1057 -1
129 1057 -1
135 1057 -1
1057 2254 -1
51 1057 -1
1057 1716 -1
1057 1720 -1
959 1451 -1
997 1451 -1
975 1451 -1
450 959 -1
1417 1790 -1
1397 1802 -1
1731 1802 -1
1397 1842 -1
1198 1397 -1
995 1507 -1
1001 1507 -1
481 995 -1
995 1484 -1
995 1270 -1
431 995 -1
967 1514 -1
332 621 -1
332 2233 -1
156 332 -1
1037 1702 -1
361 1702 -1
287 1702 -1
1053 1702 -1
263 1702 -1
980 1408 -1
232 1408 -1
970 1408 -1
611 1408 -1
304 980 -1
677 980 -1
1038 1729 -1
1414 1729 -1
1418 1729 -1
363 1729 -1
1427 1729 -1
247 1729 -1
298 1729 -1
1038 2258 -1
254 705 -1
254 1274 -1
254 1532 -1
254 1271 -1
1408 2079 -1
304 2079 -1
677 2079 -1
1402 1827 -1
986 1827 -1
652 1827 -1
1402 1786 -1
842 1744 -1
851 1744 -1
855 1744 -1
2011 2054 -1
1699 2054 -1
606 2054 -1
1009 1289 -1
149 1289 -1
1009 1532 -1
1009 1271 -1
1996 2096 -1
1394 1793 -1
1143 1394 -1
119 331 -1
119 2212 -1
492 1408 -1
412 1408 -1
304 492 -1
492 677 -1
316 2242 -1
1716 1768 -1
129 1768 -1
134 1768 -1
135 1768 -1
1768 2254 -1
51 1768 -1
1720 1768 -1
258 824 -1
824 1021 -1
131 329 -1
1391 1441 -1
170 1441 -1
682 2244 -1
2215 2244 -1
1283 1742 -1
1009 1263 -1
149 1263 -1
971 1127 -1
971 1887 -1
971 1163 -1
971 1211 -1
971 1863 -1
982 1412 -1
982 2193 -1
345 2225 -1
345 2084 -1
345 622 -1
345 1383 -1
628 1531 -1
141 1531 -1
628 1540 -1
997 1507 -1
959 1507 -1
975 1507 -1
481 997 -1
997 1484 -1
997 1270 -1
431 997 -1
1813 2084 -1
1829 2084 -1
1813 2225 -1
622 1813 -1
1383 1813 -1
1827 2229 -1
1786 2229 -1
154 1827 -1
627 1827 -1
342 404 -1
367 404 -1
485 1429 -1
385 485 -1
1394 2095 -1
1872 2084 -1
1858 2084 -1
1191 2084 -1
2084 2108 -1
1232 2084 -1
2084 2129 -1
1144 2084 -1
1788 2084 -1
1872 2225 -1
622 1872 -1
1383 1872 -1
1874 2096 -1
991 1149 -1
999 1149 -1
991 1819 -1
991 1196 -1
991 1181 -1
985 1424 -1
1011 1265 -1
419 1407 -1
1407 1536 -1
1729 1771 -1
1771 2258 -1
911 1047 -1
421 952 -1
704 857 -1
857 1440 -1
441 857 -1
984 2171 -1
663 2171 -1
968 1544 -1
968 1520 -1
968 1521 -1
479 2096 -1
2096 2176 -1
1264 1742 -1
491 1742 -1
287 956 -1
361 956 -1
263 956 -1
956 1037 -1
956 1053 -1
956 1431 -1
287 1738 -1
287 2236 -1
287 1013 -1
1415 1751 -1
200 1415 -1
1037 1729 -1
361 1729 -1
287 1729 -1
1053 1729 -1
263 1729 -1
1037 2258 -1
995 1460 -1
1001 1460 -1
418 995 -1
995 1579 -1
397 961 -1
292 1746 -1
292 2080 -1
292 625 -1
150 292 -1
182 292 -1
292 2223 -1
390 705 -1
390 1274 -1
390 1532 -1
390 1271 -1
1460 2249 -1
418 2249 -1
1579 2249 -1
1381 1460 -1
623 1460 -1
1245 2072 -1
287 1240 -1
361 1240 -1
263 1240 -1
1037 1240 -1
1053 1240 -1
1240 1431 -1
1290 2082 -1
1290 1385 -1
1031 1722 -1
1722 2211 -1
866 1031 -1
426 1398 -1
984 1579 -1
663 1579 -1
418 984 -1
984 1460 -1
1787 2084 -1
1168 2084 -1
1787 2225 -1
622 1787 -1
1383 1787 -1
1500 2093 -1
1578 2093 -1
1487 2093 -1
1564 2093 -1
1543 2093 -1
986 1421 -1
1402 1421 -1
652 1421 -1
1255 2081 -1
467 2089 -1
1450 2089 -1
240 1086 -1
1025 1086 -1
387 1086 -1
262 1086 -1
303 1086 -1
240 1886 -1
336 2258 -1
336 1729 -1
626 1418 -1
626 1414 -1
298 626 -1
363 626 -1
626 1038 -1
626 1427 -1
247 626 -1
485 1414 -1
485 1418 -1
363 485 -1
485 1038 -1
485 1427 -1
247 485 -1
298 485 -1
978 1580 -1
246 621 -1
246 2233 -1
156 246 -1
1382 1584 -1
1382 1456 -1
434 1382 -1
1382 1483 -1
126 380 -1
49 380 -1
380 906 -1
380 821 -1
380 829 -1
1004 2096 -1
1746 2204 -1
2080 2204 -1
625 2204 -1
150 2204 -1
182 2204 -1
2204 2223 -1
1038 1716 -1
1414 1716 -1
1418 1716 -1
363 1716 -1
1427 1716 -1
247 1716 -1
298 1716 -1
129 1038 -1
134 1038 -1
135 1038 -1
1038 2254 -1
51 1038 -1
1038 1720 -1
1864 2075 -1
962 1864 -1
458 1398 -1
389 819 -1
389 818 -1
389 827 -1
389 1724 -1
1012 1416 -1
634 1416 -1
204 1416 -1
146 1416 -1
1405 2182 -1
1405 1477 -1
272 1730 -1
272 1393 -1
237 625 -1
625 1058 -1
625 1765 -1
625 1770 -1
625 683 -1
625 1423 -1
286 625 -1
237 2080 -1
193 237 -1
182 237 -1
178 237 -1
237 618 -1
237 972 -1
237 653 -1
237 2223 -1
237 1746 -1
237 973 -1
150 237 -1
237 1399 -1
191 237 -1
925 1062 -1
81 1062 -1
883 1062 -1
1062 1717 -1
1062 2047 -1
997 1550 -1
959 1550 -1
975 1550 -1
994 1584 -1
994 1456 -1
434 994 -1
994 1483 -1
258 884 -1
884 1021 -1
258 825 -1
1005 1251 -1
990 1460 -1
197 1460 -1
418 990 -1
990 1579 -1
469 999 -1
469 991 -1
415 982 -1
256 402 -1
256 1444 -1
256 1557 -1
1026 1707 -1
1022 1707 -1
221 1281 -1
221 1496 -1
221 1541 -1
221 703 -1
1393 1468 -1
1468 1730 -1
992 1529 -1
283 1233 -1
1802 2075 -1
1842 2075 -1
1198 2075 -1
962 1802 -1
476 2249 -1
476 1381 -1
476 623 -1
615 1134 -1
615 1120 -1
615 1216 -1
615 1230 -1
1418 1755 -1
1414 1755 -1
298 1755 -1
363 1755 -1
1038 1755 -1
1427 1755 -1
247 1755 -1
1026 1717 -1
1022 1717 -1
81 1026 -1
106 1026 -1
883 1026 -1
925 1026 -1
1026 2047 -1
1464 2089 -1
185 466 -1
185 1286 -1
185 460 -1
185 1516 -1
185 1551 -1
185 1555 -1
185 2167 -1
185 472 -1
185 2172 -1
985 1421 -1
381 642 -1
1406 1510 -1
1381 1510 -1
623 1510 -1
1273 1406 -1
1406 2162 -1
1241 1406 -1
1396 2187 -1
998 1252 -1
1488 2249 -1
1381 1488 -1
623 1488 -1
1892 2094 -1
2094 2101 -1
979 1468 -1
1468 2232 -1
987 1468 -1
968 1574 -1
449 1019 -1
472 994 -1
994 1286 -1
460 994 -1
994 1516 -1
994 1551 -1
466 994 -1
994 1555 -1
994 2167 -1
994 2172 -1
822 1717 -1
856 1717 -1
1717 2060 -1
828 1717 -1
81 822 -1
106 822 -1
822 883 -1
822 925 -1
822 2047 -1
1688 2292 -1
2292 2307 -1
12 2292 -1
1373 2292 -1
22 2292 -1
2191 2218 -1
313 2218 -1
378 2218 -1
2213 2218 -1
690 2218 -1
