1697 2298 1
559 772 1
30 2295 1
1340 1698 1
0 1989 1
790 2014 1
567 1670 1
1342 1675 1
583 1676 1
606 2013 1
770 2003 1
560 811 1
556 802 1
1354 1663 1
596 2026 1
1350 1356 1
585 1694 1
4 1648 1
580 1683 1
4 2294 1
1648 2294 1
799 803 1
793 1365 1
10 592 1
774 803 1
774 799 1
561 1356 1
561 1350 1
767 1681 1
764 1658 1
2009 2307 1
595 2004 1
1652 2019 1
587 802 1
556 587 1
567 2019 1
1670 2019 1
567 1652 1
794 1997 1
610 1997 1
610 794 1
2003 2308 1
770 2308 1
29 595 1
29 2004 1
1666 2308 1
770 1666 1
1666 2003 1
15 2022 1
19 569 1
791 2290 1
575 766 1
797 1990 1
596 1674 1
1674 2026 1
1353 1670 1
1353 2019 1
567 1353 1
783 1366 1
555 578 1
1342 1645 1
1645 1675 1
563 788 1
577 2013 1
577 606 1
593 1370 1
1346 2301 1
2 769 1
25 33 1
9 38 1
768 1363 1
1352 1654 1
585 1663 1
1663 1694 1
585 1354 1
18 1343 1
575 1355 1
766 1355 1
766 2296 1
1355 2296 1
575 2296 1
568 795 1
1358 1999 1
1341 2307 1
1341 2009 1
596 1350 1
1350 2026 1
1350 1674 1
561 596 1
596 1356 1
1335 1649 1
801 2296 1
801 1355 1
766 801 1
575 801 1
771 1358 1
771 1999 1
37 1364 1
1663 2001 1
585 2001 1
1354 2001 1
1694 2001 1
45 807 1
1375 2014 1
790 1375 1
797 2000 1
1990 2000 1
1357 2019 1
1353 1357 1
1357 1652 1
1357 1670 1
567 1357 1
2001 2281 1
585 2281 1
1354 2281 1
1694 2281 1
1663 2281 1
1368 1375 1
790 1368 1
1368 2014 1
1669 2009 1
1669 2307 1
1341 1669 1
793 1344 1
1344 1365 1
19 593 1
569 593 1
19 1370 1
6 1995 1
37 1355 1
1355 1364 1
37 801 1
37 2296 1
37 766 1
37 575 1
576 589 1
580 593 1
593 1683 1
569 580 1
580 1370 1
19 580 1
1338 1687 1
579 1375 1
579 1368 1
579 790 1
579 2014 1
1681 1988 1
767 1988 1
1336 2307 1
1336 2009 1
1336 1341 1
1336 1669 1
31 608 1
786 2297 1
600 2295 1
30 600 1
2010 2015 1
800 2028 1
576 2286 1
589 2286 1
593 800 1
580 800 1
19 800 1
800 1683 1
569 800 1
800 1370 1
593 2028 1
127 2271 1
116 2250 1
63 844 1
86 2060 1
931 941 1
98 814 1
949 2058 1
824 863 1
878 920 1
48 947 1
106 886 1
66 826 1
886 894 1
106 894 1
71 827 1
916 944 1
61 105 1
838 1710 1
941 2039 1
931 2039 1
827 915 1
71 915 1
822 1722 1
63 851 1
844 851 1
841 922 1
107 2043 1
77 1722 1
77 822 1
49 83 1
106 913 1
894 913 1
886 913 1
897 1719 1
851 859 1
844 859 1
63 859 1
78 913 1
78 106 1
78 886 1
78 894 1
2258 2277 1
884 2279 1
115 2049 1
95 938 1
892 946 1
52 898 1
878 2277 1
920 2277 1
878 2258 1
65 2034 1
824 875 1
863 875 1
82 831 1
76 842 1
1714 2269 1
98 828 1
814 828 1
841 879 1
879 922 1
2045 2055 1
93 828 1
93 98 1
93 814 1
909 915 1
827 909 1
71 909 1
62 2273 1
836 2070 1
83 895 1
49 895 1
904 2046 1
868 902 1
57 2059 1
95 845 1
845 938 1
909 1719 1
827 1719 1
915 1719 1
71 1719 1
897 909 1
2250 2260 1
116 2260 1
78 2067 1
913 2067 1
106 2067 1
894 2067 1
886 2067 1
837 920 1
837 2277 1
837 878 1
1710 2043 1
838 2043 1
107 1710 1
824 861 1
861 875 1
861 863 1
947 2038 1
48 2038 1
56 913 1
56 106 1
56 78 1
56 2067 1
56 886 1
56 894 1
63 2035 1
859 2035 1
851 2035 1
844 2035 1
128 2272 1
102 1720 1
49 123 1
83 123 1
123 895 1
852 942 1
128 1719 1
1719 2272 1
128 897 1
71 128 1
128 909 1
128 915 1
128 827 1
871 1703 1
900 1707 1
51 835 1
920 937 1
937 2277 1
878 937 1
837 937 1
136 913 1
106 136 1
78 136 1
136 2067 1
136 886 1
56 136 1
136 894 1
79 844 1
79 859 1
79 851 1
79 2035 1
63 79 1
92 114 1
853 1712 1
815 843 1
907 936 1
49 815 1
123 815 1
83 815 1
815 895 1
49 843 1
886 2279 1
136 2279 1
106 2279 1
78 2279 1
913 2279 1
2067 2279 1
56 2279 1
894 2279 1
884 886 1
849 861 1
824 849 1
849 875 1
849 863 1
828 923 1
98 923 1
93 923 1
814 923 1
226 669 1
984 2223 1
629 986 1
628 1404 1
147 2234 1
981 1380 1
997 1735 1
143 998 1
965 1744 1
223 1403 1
985 2089 1
231 2248 1
977 988 1
642 1730 1
1000 1390 1
981 1391 1
1380 1391 1
211 631 1
137 977 1
137 988 1
194 2076 1
667 1732 1
163 969 1
155 1733 1
977 1749 1
137 1749 1
988 1749 1
162 1743 1
967 968 1
184 2079 1
142 203 1
151 2078 1
203 621 1
142 621 1
152 161 1
210 990 1
615 2221 1
1392 1399 1
955 2221 1
615 955 1
225 1382 1
137 2079 1
977 2079 1
988 2079 1
1749 2079 1
137 184 1
972 1389 1
208 2227 1
984 2229 1
2223 2229 1
634 967 1
634 968 1
173 1402 1
627 670 1
153 1405 1
197 656 1
651 2075 1
660 1007 1
153 985 1
985 1405 1
153 2089 1
141 958 1
171 1396 1
211 971 1
631 971 1
960 2243 1
158 2229 1
158 984 1
158 2223 1
995 1393 1
2222 2239 1
226 1394 1
669 1394 1
177 974 1
613 668 1
987 2074 1
177 1385 1
974 1385 1
624 1741 1
167 2226 1
2222 2242 1
2239 2242 1
173 2249 1
1402 2249 1
619 1758 1
1388 1389 1
972 1388 1
1389 1390 1
1388 1390 1
972 1390 1
1000 1389 1
225 2074 1
1382 2074 1
225 987 1
623 1003 1
998 1386 1
143 1386 1
212 986 1
212 629 1
220 1405 1
153 220 1
220 985 1
663 2083 1
178 973 1
1388 2229 1
972 2229 1
1389 2229 1
1390 2229 1
1388 2223 1
984 1388 1
158 1388 1
626 635 1
216 1734 1
613 2248 1
668 2248 1
231 613 1
615 1761 1
955 1761 1
1761 2221 1
1742 2240 1
220 2222 1
153 2222 1
1405 2222 1
985 2222 1
220 2242 1
220 2239 1
660 2245 1
1007 2245 1
218 656 1
197 218 1
1750 2227 1
208 1750 1
143 214 1
214 1386 1
214 998 1
155 1405 1
1405 1733 1
155 2222 1
155 985 1
153 155 1
155 220 1
628 1390 1
1390 1404 1
628 1000 1
628 1388 1
628 972 1
628 1389 1
628 2229 1
184 2244 1
137 2244 1
2079 2244 1
194 1380 1
1380 2076 1
194 981 1
194 1391 1
2083 2224 1
663 2224 1
1004 2087 1
167 1008 1
1008 2226 1
197 611 1
611 656 1
218 611 1
2086 2234 1
147 2086 1
1036 1773 1
700 1051 1
1024 1060 1
701 1058 1
281 687 1
304 1437 1
351 358 1
277 343 1
1763 2098 1
315 673 1
261 694 1
298 332 1
287 364 1
281 1047 1
687 1047 1
1418 1427 1
318 341 1
1027 1043 1
1038 1049 1
361 675 1
1020 1411 1
244 1413 1
355 1770 1
365 1414 1
308 1048 1
672 1020 1
672 1411 1
234 372 1
345 1054 1
262 2194 1
354 1773 1
354 1036 1
700 2194 1
1051 2194 1
262 700 1
372 699 1
234 699 1
1045 1419 1
375 1435 1
316 371 1
285 2195 1
1061 2209 1
1018 1409 1
281 2099 1
1047 2099 1
687 2099 1
1426 2096 1
379 1025 1
271 368 1
304 1768 1
1437 1768 1
261 340 1
340 694 1
378 1068 1
282 1062 1
278 1017 1
1042 2190 1
330 375 1
330 1435 1
393 1037 1
241 1437 1
241 304 1
241 1768 1
370 2205 1
390 1040 1
323 2205 1
323 370 1
1039 1051 1
1039 2194 1
700 1039 1
350 693 1
373 1429 1
282 1426 1
1062 1426 1
282 2096 1
690 702 1
323 2215 1
370 2215 1
2205 2215 1
347 1762 1
251 347 1
251 1762 1
352 369 1
271 1420 1
368 1420 1
304 391 1
391 1768 1
241 391 1
391 1437 1
239 1409 1
239 1018 1
301 1037 1
301 393 1
1037 2097 1
393 2097 1
301 2097 1
234 327 1
327 699 1
327 372 1
372 1766 1
234 1766 1
699 1766 1
327 1766 1
248 349 1
278 1054 1
1017 1054 1
278 345 1
348 1054 1
345 348 1
278 348 1
348 1017 1
235 319 1
1762 1771 1
347 1771 1
251 1771 1
1046 2212 1
1033 2195 1
285 1033 1
306 387 1
289 691 1
273 1768 1
273 304 1
241 273 1
273 1437 1
273 391 1
1046 2214 1
2212 2214 1
1036 2192 1
354 2192 1
1773 2192 1
695 1055 1
276 1018 1
276 1409 1
239 276 1
361 1432 1
675 1432 1
278 328 1
328 1017 1
328 348 1
328 1054 1
328 345 1
1023 1044 1
243 276 1
243 1409 1
243 1018 1
239 243 1
304 684 1
273 684 1
684 1768 1
391 684 1
241 684 1
684 1437 1
361 1035 1
1035 1432 1
675 1035 1
338 695 1
338 1055 1
374 1767 1
272 681 1
260 335 1
369 377 1
352 377 1
235 323 1
319 323 1
235 370 1
235 2205 1
235 2215 1
1558 1567 1
1461 1521 1
1506 1516 1
1255 1265 1
1449 2183 1
490 2187 1
418 1474 1
703 1547 1
1288 1481 1
438 1511 1
427 1247 1
1256 1563 1
414 2176 1
445 1280 1
439 1539 1
1250 1287 1
1454 1552 1
487 1259 1
425 486 1
1243 1536 1
432 445 1
432 1280 1
2161 2172 1
487 1467 1
1259 1467 1
398 1495 1
1494 1519 1
487 2162 1
1259 2162 1
1467 2162 1
441 1261 1
476 1574 1
1253 1532 1
414 1443 1
1443 2176 1
414 432 1
432 2176 1
432 1443 1
414 1280 1
414 445 1
424 1559 1
414 2164 1
2164 2176 1
1280 2164 1
1443 2164 1
432 2164 1
445 2164 1
1511 2188 1
438 2188 1
441 1242 1
1242 1261 1
1441 1451 1
1457 2168 1
1479 1585 1
449 469 1
397 1288 1
397 1481 1
1472 1539 1
439 1472 1
404 458 1
423 458 1
404 423 1
417 422 1
433 1279 1
1547 1565 1
703 1565 1
1531 1572 1
1243 1571 1
1536 1571 1
424 1446 1
1446 1559 1
456 467 1
406 447 1
489 1556 1
411 418 1
411 1474 1
1530 1543 1
463 2164 1
463 2176 1
463 1280 1
463 1443 1
432 463 1
445 463 1
414 463 1
1570 2172 1
1570 2161 1
402 1483 1
1275 2169 1
420 1513 1
1521 1573 1
1461 1573 1
1473 1498 1
1543 2162 1
1530 2162 1
1259 1543 1
1467 1543 1
487 1543 1
1526 2187 1
490 1526 1
1470 1494 1
1470 1519 1
443 2189 1
1242 1277 1
441 1277 1
1261 1277 1
1515 1542 1
415 1519 1
415 1470 1
415 1494 1
430 470 1
1497 2164 1
1497 2176 1
1280 1497 1
1443 1497 1
463 1497 1
432 1497 1
445 1497 1
414 1497 1
1443 2174 1
2174 2176 1
463 2174 1
432 2174 1
2164 2174 1
1497 2174 1
414 2174 1
1266 2166 1
1516 2162 1
1506 2162 1
487 1516 1
1516 1543 1
1259 1516 1
1516 1530 1
1467 1516 1
1455 2178 1
394 2161 1
394 1570 1
394 2172 1
438 1574 1
1574 2188 1
1511 1574 1
438 476 1
1266 1541 1
1541 2166 1
400 1276 1
456 492 1
467 492 1
2188 2189 1
1574 2189 1
438 2189 1
1511 2189 1
443 2188 1
1274 1537 1
413 1464 1
1261 2160 1
441 2160 1
1242 2160 1
1277 2160 1
1249 1530 1
1249 2162 1
1249 1516 1
1249 1543 1
401 1288 1
401 1481 1
397 401 1
434 485 1
1616 2157 1
1599 1913 1
707 711 1
553 1591 1
1942 1955 1
506 1907 1
1935 1979 1
544 746 1
1922 1965 1
501 1621 1
1960 2153 1
526 1921 1
531 1975 1
1308 2133 1
1588 1939 1
1589 1623 1
1332 1949 1
541 1595 1
1602 1948 1
535 753 1
496 498 1
1327 1963 1
1966 2138 1
726 1587 1
1291 1307 1
1638 1929 1
520 1916 1
1330 1941 1
1604 1635 1
1586 1929 1
1586 1638 1
1633 2149 1
1639 1920 1
740 1971 1
538 1593 1
1296 1601 1
537 713 1
1311 1980 1
548 1637 1
539 1295 1
718 1314 1
1915 1932 1
1297 1621 1
501 1297 1
534 1599 1
534 1913 1
717 1955 1
717 1942 1
750 1975 1
531 750 1
504 510 1
735 1299 1
731 1307 1
731 1291 1
527 740 1
527 1971 1
726 1915 1
1587 1915 1
726 1932 1
522 1625 1
1904 2147 1
1942 2157 1
1955 2157 1
717 2157 1
1616 1942 1
758 1628 1
1296 2154 1
1601 2154 1
1980 2152 1
1311 2152 1
536 1976 1
1588 1598 1
1598 1939 1
724 1321 1
536 758 1
758 1976 1
536 1628 1
502 505 1
1310 1618 1
1315 1917 1
732 1319 1
1607 1634 1
718 1929 1
1314 1929 1
718 1586 1
718 1638 1
1321 1327 1
724 1327 1
1321 1963 1
515 1316 1
715 1611 1
744 2143 1
722 1960 1
722 2153 1
519 1324 1
547 1604 1
547 1635 1
744 1964 1
1964 2143 1
737 1917 1
737 1315 1
1589 1603 1
1603 1623 1
1630 1915 1
1587 1630 1
1630 1932 1
726 1630 1
516 1635 1
516 547 1
516 1604 1
745 1957 1
540 1600 1
1308 1313 1
1313 2133 1
542 2145 1
742 1951 1
511 738 1
1951 1979 1
742 1979 1
1935 1951 1
714 2150 1
1906 1933 1
2136 2154 1
1296 2136 1
1601 2136 1
536 710 1
710 1976 1
710 1628 1
710 758 1
538 1930 1
1593 1930 1
1910 1922 1
1910 1965 1
1308 2152 1
1313 2152 1
2133 2152 1
1308 1980 1
1308 1311 1
1907 1954 1
506 1954 1
1297 1931 1
1621 1931 1
501 1931 1
538 1976 1
1593 1976 1
1930 1976 1
538 710 1
538 758 1
536 538 1
751 1330 1
751 1941 1
1306 1595 1
541 1306 1
546 1938 1
730 1316 1
515 730 1
708 1911 1
1587 2139 1
1915 2139 1
1630 2139 1
726 2139 1
501 1331 1
1297 1331 1
1331 1931 1
1331 1621 1
1166 2117 1
1811 1895 1
1114 1811 1
1114 1895 1
1240 1862 1
1869 1901 1
1104 1897 1
1808 1831 1
1143 1150 1
1201 2126 1
1116 2128 1
1794 1818 1
1076 1835 1
1134 1141 1
1216 1239 1
1122 1239 1
1122 1216 1
1798 1803 1
1088 1217 1
1083 1842 1
1097 1774 1
1152 1826 1
1207 1222 1
1140 1221 1
1102 1789 1
1812 2124 1
1132 1873 1
1112 1814 1
1112 1789 1
1789 1814 1
1102 1112 1
1119 1787 1
1818 1848 1
1794 1848 1
1075 1896 1
1094 1163 1
1145 2123 1
1123 1155 1
1152 1809 1
1809 1826 1
1166 2111 1
2111 2117 1
1862 2120 1
1240 2120 1
1095 2124 1
1095 1812 1
1075 1135 1
1135 1896 1
1188 1846 1
1108 1859 1
1206 1843 1
1196 1873 1
1132 1196 1
1120 1809 1
1120 1152 1
1120 1826 1
1802 1828 1
1182 1782 1
1122 1213 1
1213 1216 1
1213 1239 1
1162 2129 1
1858 1886 1
1132 1780 1
1780 1873 1
1196 1780 1
1083 1877 1
1842 1877 1
1085 1859 1
1085 1108 1
1080 1112 1
1080 1102 1
1080 1789 1
1080 1814 1
1105 1114 1
1105 1811 1
1105 1895 1
1122 1227 1
1216 1227 1
1213 1227 1
1227 1239 1
1082 1111 1
1215 1788 1
1874 2117 1
1166 1874 1
1874 2111 1
1179 2100 1
1858 2113 1
1886 2113 1
2117 2117 1
1222 1892 1
1207 1892 1
1099 1173 1
1783 2118 1
1232 1810 1
1212 1220 1
1190 1795 1
1173 1887 1
1099 1887 1
1809 2127 1
1152 2127 1
1120 2127 1
1826 2127 1
1101 1199 1
1094 1134 1
1134 1163 1
1094 1141 1
1093 1806 1
1833 1897 1
1104 1833 1
1138 1806 1
1093 1138 1
1778 1812 1
1778 2124 1
1095 1778 1
1080 1157 1
1112 1157 1
1157 1814 1
1157 1789 1
1102 1157 1
1784 2120 1
1240 1784 1
1784 1862 1
1816 1843 1
1206 1816 1
1079 1183 1
1868 1897 1
1104 1868 1
1833 1868 1
1780 1871 1
1871 1873 1
1196 1871 1
1132 1871 1
1088 1187 1
1187 1217 1
1817 1870 1
1189 1806 1
1138 1189 1
1093 1189 1
1840 1897 1
1104 1840 1
1833 1840 1
1840 1868 1
1083 1223 1
1223 1842 1
1223 1877 1
1092 1171 1
1196 1828 1
1828 1873 1
1132 1828 1
1780 1828 1
1828 1871 1
1196 1802 1
1074 1855 1
1210 1880 1
1776 1881 1
1094 1826 1
1163 1826 1
1141 1826 1
1134 1826 1
1094 1152 1
1094 1120 1
1094 2127 1
1094 1809 1
1792 1882 1
948 1021 -1
461 1399 -1
461 1392 -1
141 483 -1
483 958 -1
469 1419 -1
449 1419 -1
469 1045 -1
1245 2248 -1
668 1245 -1
613 1245 -1
231 1245 -1
342 1012 -1
1460 2249 -1
1402 1460 -1
173 1460 -1
918 1764 -1
1882 2077 -1
1792 2077 -1
456 975 -1
467 975 -1
492 975 -1
451 1388 -1
451 972 -1
451 1389 -1
451 1390 -1
451 2223 -1
451 628 -1
451 2229 -1
451 984 -1
158 451 -1
1404 2182 -1
628 2182 -1
1390 2182 -1
645 1290 -1
189 1288 -1
189 1481 -1
189 397 -1
189 401 -1
405 957 -1
379 2056 -1
1025 2056 -1
1462 2122 -1
63 375 -1
79 375 -1
375 859 -1
375 851 -1
375 844 -1
375 2035 -1
63 330 -1
63 1435 -1
1386 1578 -1
214 1578 -1
998 1578 -1
143 1578 -1
970 1474 -1
418 970 -1
411 970 -1
968 1507 -1
634 1507 -1
967 1507 -1
1051 1724 -1
1724 2194 -1
700 1724 -1
1039 1724 -1
1394 2122 -1
226 2122 -1
669 2122 -1
1011 1280 -1
463 1011 -1
432 1011 -1
1011 2164 -1
1011 1497 -1
445 1011 -1
414 1011 -1
1009 1245 -1
166 2187 -1
166 490 -1
166 1526 -1
402 1027 -1
1027 1483 -1
402 1043 -1
270 636 -1
242 632 -1
682 2244 -1
184 682 -1
137 682 -1
682 2079 -1
978 1277 -1
978 2160 -1
441 978 -1
978 1242 -1
978 1261 -1
2181 2248 -1
668 2181 -1
613 2181 -1
231 2181 -1
1728 2213 -1
633 1279 -1
433 633 -1
345 666 -1
328 666 -1
348 666 -1
278 666 -1
666 1054 -1
964 2193 -1
425 957 -1
486 957 -1
1383 1500 -1
1389 1793 -1
1000 1793 -1
972 1793 -1
1388 1793 -1
1390 1793 -1
628 1793 -1
1793 2229 -1
446 1391 -1
194 446 -1
446 1380 -1
446 981 -1
1152 1436 -1
1120 1436 -1
1436 1809 -1
1436 1826 -1
1094 1436 -1
1436 2127 -1
963 1435 -1
330 963 -1
375 963 -1
1004 2205 -1
2087 2205 -1
370 1004 -1
323 1004 -1
235 1004 -1
1004 2215 -1
996 1249 -1
996 1530 -1
996 1516 -1
996 2162 -1
996 1543 -1
270 1746 -1
1200 2099 -1
281 1200 -1
687 1200 -1
1047 1200 -1
171 1254 -1
1254 1396 -1
1031 1284 -1
650 1242 -1
650 2160 -1
441 650 -1
650 1261 -1
650 1277 -1
1418 1761 -1
1427 1761 -1
955 1418 -1
1418 2221 -1
615 1418 -1
1401 2161 -1
1401 1570 -1
1401 2172 -1
394 1401 -1
651 1502 -1
1502 2075 -1
278 618 -1
328 618 -1
618 1017 -1
348 618 -1
618 1054 -1
345 618 -1
216 1810 -1
1734 1810 -1
216 1232 -1
625 687 -1
281 625 -1
625 2099 -1
625 1047 -1
148 466 -1
422 1411 -1
417 1411 -1
422 672 -1
422 1020 -1
671 2093 -1
1413 1747 -1
244 1747 -1
445 1171 -1
1171 1280 -1
463 1171 -1
432 1171 -1
1171 2164 -1
1171 1497 -1
414 1171 -1
445 1092 -1
1710 1768 -1
107 1768 -1
1768 2043 -1
838 1768 -1
273 1710 -1
391 1710 -1
684 1710 -1
304 1710 -1
241 1710 -1
1437 1710 -1
492 1001 -1
456 1001 -1
467 1001 -1
1010 1469 -1
148 401 -1
148 1288 -1
148 1481 -1
148 397 -1
963 1416 -1
237 663 -1
237 2224 -1
237 2083 -1
1474 2236 -1
418 2236 -1
411 2236 -1
485 2193 -1
434 2193 -1
342 465 -1
1427 1746 -1
1418 1746 -1
451 1404 -1
72 331 -1
118 254 -1
2090 2097 -1
393 2090 -1
1037 2090 -1
301 2090 -1
1422 1751 -1
407 1010 -1
815 1024 -1
123 1024 -1
49 1024 -1
83 1024 -1
843 1024 -1
895 1024 -1
815 1060 -1
985 2193 -1
2089 2193 -1
2193 2222 -1
153 2193 -1
155 2193 -1
220 2193 -1
1405 2193 -1
279 1731 -1
1408 1733 -1
155 1408 -1
1405 1408 -1
1273 1381 -1
2009 2082 -1
1336 2082 -1
2082 2307 -1
1341 2082 -1
1669 2082 -1
345 2225 -1
328 2225 -1
348 2225 -1
278 2225 -1
1054 2225 -1
342 402 -1
342 1483 -1
1012 1432 -1
1012 1035 -1
361 1012 -1
675 1012 -1
141 395 -1
395 958 -1
471 1401 -1
1399 1461 -1
1392 1461 -1
1399 1521 -1
1399 1573 -1
1013 1262 -1
623 690 -1
690 1003 -1
623 702 -1
1184 1412 -1
378 449 -1
449 1068 -1
378 469 -1
65 241 -1
241 2034 -1
65 391 -1
65 1768 -1
65 684 -1
65 304 -1
65 273 -1
65 1437 -1
984 1573 -1
1388 1573 -1
1573 2229 -1
158 1573 -1
1573 2223 -1
984 1521 -1
984 1461 -1
983 1516 -1
983 1249 -1
983 1506 -1
487 983 -1
983 1543 -1
983 1259 -1
983 2162 -1
983 1530 -1
983 1467 -1
1584 2088 -1
996 1282 -1
1189 1417 -1
1138 1417 -1
1093 1417 -1
1417 1806 -1
484 2096 -1
484 1426 -1
282 484 -1
1021 1440 -1
1009 2180 -1
985 1435 -1
1435 2089 -1
1435 2222 -1
153 1435 -1
155 1435 -1
220 1435 -1
1405 1435 -1
330 985 -1
375 985 -1
450 1089 -1
254 1715 -1
984 1468 -1
1388 1468 -1
1468 2229 -1
158 1468 -1
1468 2223 -1
953 2202 -1
283 985 -1
283 2089 -1
283 2222 -1
153 283 -1
155 283 -1
220 283 -1
283 1405 -1
186 1278 -1
637 682 -1
159 464 -1
370 1085 -1
323 1085 -1
235 1085 -1
1085 2205 -1
1085 2215 -1
370 1859 -1
370 1108 -1
153 1885 -1
1885 2089 -1
1885 2222 -1
985 1885 -1
155 1885 -1
220 1885 -1
1405 1885 -1
57 254 -1
254 2059 -1
422 1420 -1
417 1420 -1
368 422 -1
271 422 -1
1393 1577 -1
995 1577 -1
1390 1574 -1
1000 1574 -1
1388 1574 -1
972 1574 -1
1389 1574 -1
628 1574 -1
1574 2229 -1
1404 1574 -1
1390 2188 -1
476 1390 -1
1390 2189 -1
438 1390 -1
1390 1511 -1
326 1091 -1
480 1384 -1
1255 2072 -1
1265 2072 -1
992 1098 -1
1437 2056 -1
391 2056 -1
1768 2056 -1
241 2056 -1
684 2056 -1
304 2056 -1
273 2056 -1
492 974 -1
456 974 -1
467 974 -1
177 492 -1
492 1385 -1
213 491 -1
1406 1574 -1
1406 2188 -1
476 1406 -1
1406 2189 -1
438 1406 -1
1406 1511 -1
2084 2103 -1
984 1509 -1
1388 1509 -1
1509 2229 -1
158 1509 -1
1509 2223 -1
1744 2009 -1
965 2009 -1
1336 1744 -1
1744 2307 -1
1341 1744 -1
1669 1744 -1
1402 1802 -1
1802 2249 -1
173 1802 -1
1196 1402 -1
1402 1828 -1
966 1424 -1
1874 2079 -1
2079 2117 -1
1166 2079 -1
2079 2111 -1
1874 2244 -1
137 1874 -1
977 1874 -1
1749 1874 -1
184 1874 -1
988 1874 -1
1383 1528 -1
1506 2089 -1
2089 2162 -1
1516 2089 -1
985 1506 -1
153 1506 -1
963 1410 -1
1011 1251 -1
109 259 -1
1758 1798 -1
619 1798 -1
1758 1803 -1
1240 1417 -1
1417 2120 -1
1417 1784 -1
1417 1862 -1
298 1207 -1
332 1207 -1
298 1892 -1
298 1222 -1
150 1852 -1
68 1057 -1
1004 1189 -1
1189 2087 -1
1004 1138 -1
1004 1093 -1
1004 1806 -1
954 1431 -1
446 2249 -1
446 1402 -1
173 446 -1
625 1099 -1
625 1173 -1
625 1887 -1
185 483 -1
962 1257 -1
63 331 -1
79 331 -1
331 859 -1
331 851 -1
331 844 -1
331 2035 -1
421 1426 -1
421 2096 -1
282 421 -1
421 1062 -1
896 1062 -1
282 896 -1
896 1426 -1
413 1388 -1
1388 1464 -1
413 972 -1
413 1389 -1
413 1390 -1
413 2223 -1
413 628 -1
413 2229 -1
413 984 -1
158 413 -1
964 2168 -1
964 1457 -1
1009 1253 -1
1009 1532 -1
624 1453 -1
1453 1741 -1
473 2009 -1
473 1336 -1
473 2307 -1
473 1341 -1
473 1669 -1
1255 2082 -1
1265 2082 -1
186 693 -1
186 350 -1
1269 2248 -1
668 1269 -1
613 1269 -1
231 1269 -1
998 1283 -1
1283 1386 -1
214 1283 -1
143 1283 -1
480 2249 -1
480 1402 -1
173 480 -1
316 614 -1
371 614 -1
621 2208 -1
203 2208 -1
142 2208 -1
473 2082 -1
1121 1436 -1
242 1746 -1
147 1276 -1
1276 2234 -1
1276 2086 -1
147 400 -1
1395 1519 -1
1395 1470 -1
1395 1494 -1
415 1395 -1
1419 2240 -1
1045 2240 -1
1419 1742 -1
461 1432 -1
461 1035 -1
361 461 -1
461 675 -1
1427 1730 -1
1418 1730 -1
642 1427 -1
1432 2085 -1
1035 2085 -1
361 2085 -1
675 2085 -1
433 2079 -1
1279 2079 -1
433 2244 -1
137 433 -1
433 977 -1
433 1749 -1
184 433 -1
433 988 -1
485 963 -1
434 963 -1
1416 2085 -1
650 1243 -1
650 1536 -1
650 1571 -1
995 1446 -1
1393 1446 -1
424 995 -1
995 1559 -1
451 2249 -1
451 1402 -1
173 451 -1
986 1411 -1
212 1411 -1
629 1411 -1
672 986 -1
986 1020 -1
694 2040 -1
340 2040 -1
261 2040 -1
219 1283 -1
1716 2196 -1
1009 1289 -1
979 1577 -1
415 1412 -1
1412 1494 -1
1412 1470 -1
1412 1519 -1
1005 1265 -1
1005 1255 -1
999 1423 -1
298 1123 -1
332 1123 -1
298 1155 -1
317 2240 -1
317 1742 -1
392 2064 -1
1284 2215 -1
370 1284 -1
323 1284 -1
1284 2205 -1
235 1284 -1
1883 2245 -1
660 1883 -1
1007 1883 -1
868 1062 -1
902 1062 -1
282 868 -1
868 1426 -1
400 645 -1
645 1276 -1
996 1243 -1
996 1536 -1
996 1571 -1
998 1245 -1
1245 1386 -1
214 1245 -1
143 1245 -1
274 862 -1
430 964 -1
470 964 -1
1009 1259 -1
1009 1543 -1
1009 2162 -1
1009 1467 -1
1009 1516 -1
487 1009 -1
919 1433 -1
242 2242 -1
220 242 -1
242 2222 -1
242 2239 -1
179 464 -1
996 2184 -1
1051 1719 -1
1719 2194 -1
700 1719 -1
1039 1719 -1
128 1051 -1
897 1051 -1
1051 2272 -1
71 1051 -1
909 1051 -1
915 1051 -1
827 1051 -1
176 464 -1
54 375 -1
54 330 -1
54 1435 -1
307 862 -1
405 973 -1
178 405 -1
1710 1771 -1
107 1771 -1
1771 2043 -1
838 1771 -1
1710 1762 -1
347 1710 -1
251 1710 -1
1464 2096 -1
413 2096 -1
1426 1464 -1
282 1464 -1
1802 2099 -1
1196 2099 -1
1828 2099 -1
281 1802 -1
687 1802 -1
1047 1802 -1
363 881 -1
110 1415 -1
448 2085 -1
458 1403 -1
404 1403 -1
423 1403 -1
223 458 -1
652 1262 -1
977 1420 -1
137 1420 -1
988 1420 -1
1420 1749 -1
1420 2079 -1
368 977 -1
271 977 -1
967 1579 -1
968 1579 -1
634 1579 -1
2075 2102 -1
651 2102 -1
1062 2277 -1
282 2277 -1
1426 2277 -1
920 1062 -1
937 1062 -1
1062 2258 -1
837 1062 -1
878 1062 -1
1584 2228 -1
967 1514 -1
968 1514 -1
634 1514 -1
1568 2082 -1
66 2216 -1
826 2216 -1
381 643 -1
675 2041 -1
1432 2041 -1
361 2041 -1
1035 2041 -1
955 1270 -1
1270 1761 -1
1270 2221 -1
615 1270 -1
400 1111 -1
1111 1276 -1
400 1082 -1
1896 2073 -1
1075 2073 -1
1135 2073 -1
492 988 -1
456 988 -1
467 988 -1
492 977 -1
492 2079 -1
492 1749 -1
137 492 -1
1438 1743 -1
162 1438 -1
485 1089 -1
434 1089 -1
694 2052 -1
340 2052 -1
261 2052 -1
1277 1434 -1
1434 2160 -1
441 1434 -1
1242 1434 -1
1261 1434 -1
1531 2092 -1
1572 2092 -1
1241 2072 -1
992 1414 -1
365 992 -1
444 955 -1
444 1761 -1
444 2221 -1
444 615 -1
1896 2074 -1
1075 2074 -1
1135 2074 -1
225 1896 -1
987 1896 -1
1382 1896 -1
1042 1284 -1
1284 2190 -1
1464 1827 -1
413 1827 -1
1996 2034 -1
65 1996 -1
1037 1729 -1
393 1729 -1
301 1729 -1
1729 2097 -1
1026 1705 -1
1392 2093 -1
1399 2093 -1
628 1531 -1
1000 1531 -1
972 1531 -1
1388 1531 -1
1389 1531 -1
1390 1531 -1
1531 2229 -1
1404 1531 -1
628 1572 -1
693 1840 -1
350 1840 -1
693 1104 -1
693 1897 -1
693 1868 -1
693 1833 -1
1400 2122 -1
1076 2099 -1
1835 2099 -1
281 1076 -1
687 1076 -1
1047 1076 -1
307 848 -1
49 375 -1
123 375 -1
375 815 -1
375 843 -1
83 375 -1
375 895 -1
49 330 -1
49 1435 -1
1464 2089 -1
413 2089 -1
985 1464 -1
153 1464 -1
147 1261 -1
1261 2234 -1
1261 2086 -1
147 2160 -1
147 441 -1
147 1242 -1
147 1277 -1
815 1041 -1
123 1041 -1
49 1041 -1
83 1041 -1
843 1041 -1
895 1041 -1
461 2229 -1
461 1388 -1
461 972 -1
461 1389 -1
461 1390 -1
461 2223 -1
461 628 -1
461 984 -1
158 461 -1
953 1436 -1
421 1412 -1
2011 2034 -1
65 2011 -1
107 259 -1
259 2043 -1
259 1710 -1
89 324 -1
484 1417 -1
1004 1084 -1
1084 2087 -1
2011 2089 -1
985 2011 -1
153 2011 -1
1154 2099 -1
281 1154 -1
687 1154 -1
1047 1154 -1
1427 1751 -1
1418 1751 -1
1432 2179 -1
1035 2179 -1
361 2179 -1
675 2179 -1
405 1008 -1
405 2226 -1
167 405 -1
982 2099 -1
281 982 -1
687 982 -1
982 1047 -1
1004 1141 -1
1141 2087 -1
1004 1826 -1
1004 1094 -1
1004 1134 -1
1738 2204 -1
1848 2075 -1
1818 2075 -1
1794 2075 -1
651 1848 -1
126 1054 -1
126 328 -1
126 345 -1
126 348 -1
126 278 -1
126 1017 -1
1098 1431 -1
146 693 -1
146 350 -1
1285 2200 -1
1556 1703 -1
489 1703 -1
871 1556 -1
1488 2249 -1
1402 1488 -1
173 1488 -1
291 621 -1
203 291 -1
142 291 -1
1401 1464 -1
413 1401 -1
705 1730 -1
642 705 -1
668 1485 -1
1485 2248 -1
613 1485 -1
1396 2187 -1
171 2187 -1
490 1396 -1
1396 1526 -1
278 634 -1
328 634 -1
634 1017 -1
348 634 -1
634 1054 -1
345 634 -1
278 968 -1
278 967 -1
342 2240 -1
342 1742 -1
1401 1462 -1
981 2202 -1
194 2202 -1
1380 2202 -1
1391 2202 -1
1413 1731 -1
244 1731 -1
1403 1441 -1
223 1441 -1
1403 1451 -1
270 623 -1
270 1003 -1
1432 2183 -1
1035 2183 -1
361 2183 -1
675 2183 -1
1432 1449 -1
1408 1580 -1
1418 1735 -1
1427 1735 -1
997 1418 -1
299 662 -1
1004 1426 -1
1426 2087 -1
1004 2096 -1
282 1004 -1
1004 1062 -1
1885 2238 -1
185 401 -1
185 1288 -1
185 1481 -1
185 397 -1
268 1482 -1
988 1476 -1
977 1476 -1
1476 2079 -1
1476 1749 -1
137 1476 -1
307 884 -1
307 886 -1
307 2279 -1
485 1425 -1
434 1425 -1
2209 2238 -1
1061 2238 -1
55 375 -1
55 330 -1
55 1435 -1
1387 1531 -1
1387 1572 -1
1006 1098 -1
1000 1420 -1
628 1420 -1
1389 1420 -1
1390 1420 -1
368 1000 -1
271 1000 -1
203 411 -1
411 621 -1
142 411 -1
203 418 -1
203 1474 -1
313 1750 -1
208 313 -1
313 2227 -1
422 1423 -1
417 1423 -1
1262 1380 -1
194 1262 -1
1262 2076 -1
981 1262 -1
1262 1391 -1
1405 1460 -1
1460 1733 -1
1460 2222 -1
985 1460 -1
153 1460 -1
155 1460 -1
220 1460 -1
469 1414 -1
449 1414 -1
365 469 -1
482 1407 -1
1457 2080 -1
2080 2168 -1
1408 1476 -1
229 2094 -1
278 656 -1
328 656 -1
656 1017 -1
348 656 -1
656 1054 -1
345 656 -1
218 278 -1
278 611 -1
197 278 -1
1417 1888 -1
1437 1730 -1
391 1730 -1
1730 1768 -1
241 1730 -1
684 1730 -1
304 1730 -1
273 1730 -1
642 1437 -1
1006 1414 -1
365 1006 -1
959 1544 -1
2073 2098 -1
1763 2073 -1
639 1279 -1
433 639 -1
1022 2262 -1
969 1430 -1
163 1430 -1
1476 1733 -1
155 1476 -1
1405 1476 -1
1459 1874 -1
1459 2117 -1
1166 1459 -1
1459 2111 -1
287 1201 -1
364 1201 -1
287 2126 -1
407 1379 -1
456 957 -1
467 957 -1
492 957 -1
1011 1246 -1
1880 2084 -1
1210 2084 -1
1389 1577 -1
1000 1577 -1
972 1577 -1
1388 1577 -1
1390 1577 -1
628 1577 -1
1577 2229 -1
627 1262 -1
670 1262 -1
963 1431 -1
106 1433 -1
1433 2279 -1
136 1433 -1
78 1433 -1
913 1433 -1
1433 2067 -1
886 1433 -1
56 1433 -1
894 1433 -1
1459 1827 -1
109 1433 -1
982 1234 -1
1394 1874 -1
226 1874 -1
669 1874 -1
1394 2117 -1
1166 1394 -1
1394 2111 -1
307 889 -1
185 411 -1
185 418 -1
185 1474 -1
216 1805 -1
1734 1805 -1
1433 2087 -1
1004 1433 -1
990 1460 -1
210 1460 -1
1248 1392 -1
1248 1399 -1
380 2172 -1
380 2161 -1
380 1570 -1
380 394 -1
172 1286 -1
2009 2081 -1
1336 2081 -1
2081 2307 -1
1341 2081 -1
1669 2081 -1
407 2249 -1
407 1402 -1
173 407 -1
1171 1744 -1
1092 1744 -1
965 1171 -1
258 908 -1
982 1152 -1
982 1120 -1
982 1809 -1
982 1826 -1
982 1094 -1
982 2127 -1
132 1057 -1
952 1083 -1
952 1842 -1
952 1877 -1
952 1223 -1
446 1379 -1
410 979 -1
1275 2224 -1
2169 2224 -1
1275 2083 -1
663 1275 -1
1282 2072 -1
283 999 -1
2090 2098 -1
1763 2090 -1
983 1454 -1
983 1552 -1
645 2216 -1
414 2249 -1
2176 2249 -1
1280 2249 -1
1443 2249 -1
463 2249 -1
432 2249 -1
2164 2249 -1
1497 2249 -1
445 2249 -1
2174 2249 -1
414 1402 -1
173 414 -1
422 1421 -1
417 1421 -1
420 1432 -1
1432 1513 -1
420 1035 -1
361 420 -1
420 675 -1
254 885 -1
1012 1414 -1
365 1012 -1
397 1408 -1
1288 1408 -1
1408 1481 -1
401 1408 -1
1395 1481 -1
1288 1395 -1
401 1395 -1
397 1395 -1
373 1715 -1
1429 1715 -1
320 1238 -1
1556 1727 -1
489 1727 -1
962 1266 -1
962 1541 -1
962 2166 -1
2075 2209 -1
651 2209 -1
1061 2075 -1
1474 2228 -1
418 2228 -1
411 2228 -1
