44 560 1
8 2284 1
1664 2029 1
42 1655 1
33 565 1
5 1994 1
17 606 1
1364 2287 1
33 1370 1
565 1370 1
807 1681 1
1646 2001 1
585 770 1
1364 2285 1
2285 2287 1
1341 1355 1
1994 2299 1
5 2299 1
573 1666 1
808 1676 1
1335 1350 1
582 2282 1
571 803 1
1346 1668 1
774 1340 1
45 1341 1
45 1355 1
1670 1989 1
27 2294 1
34 569 1
770 1336 1
585 1336 1
583 797 1
557 775 1
1363 1987 1
9 576 1
24 606 1
17 24 1
1340 1355 1
774 1355 1
1340 1341 1
45 1340 1
573 1355 1
1355 1666 1
573 774 1
45 573 1
573 1341 1
573 1340 1
46 2295 1
20 1671 1
812 812 1
34 600 1
569 600 1
31 2280 1
592 1678 1
563 1676 1
563 808 1
602 1679 1
15 1662 1
1682 1699 1
801 2299 1
801 1994 1
5 801 1
572 795 1
565 2015 1
33 2015 1
1370 2015 1
795 1690 1
572 1690 1
1335 2001 1
1350 2001 1
1335 1646 1
2286 2299 1
801 2286 1
1994 2286 1
5 2286 1
559 775 1
557 559 1
9 2023 1
576 2023 1
17 580 1
24 580 1
580 606 1
39 799 1
5 1361 1
801 1361 1
1361 1994 1
1361 2299 1
1361 2286 1
2 4 1
1350 1686 1
1686 2001 1
1335 1686 1
13 565 1
13 33 1
13 1370 1
13 2015 1
5 2028 1
801 2028 1
1994 2028 1
2028 2286 1
1361 2028 1
2028 2299 1
1378 2299 1
801 1378 1
5 1378 1
1378 1994 1
1378 2028 1
1378 2286 1
1361 1378 1
1678 2025 1
592 2025 1
592 812 1
812 2025 1
812 1678 1
596 1677 1
38 1359 1
9 1374 1
576 1374 1
1374 2023 1
584 2006 1
26 784 1
35 1360 1
1362 2004 1
25 600 1
25 569 1
25 34 1
1709 2037 1
888 912 1
1707 1726 1
61 2057 1
121 817 1
1719 1727 1
837 1705 1
63 2063 1
92 2059 1
61 923 1
923 2057 1
108 2038 1
1710 1726 1
1707 1710 1
838 937 1
880 899 1
885 2040 1
130 2061 1
863 1708 1
77 818 1
68 132 1
872 2048 1
56 2034 1
951 2070 1
816 1705 1
816 837 1
859 864 1
884 2278 1
857 863 1
857 1708 1
56 2030 1
2030 2034 1
2035 2050 1
1716 2264 1
856 2061 1
130 856 1
114 2253 1
831 919 1
826 873 1
68 942 1
132 942 1
72 2268 1
1712 2061 1
856 1712 1
130 1712 1
907 1722 1
826 2067 1
873 2067 1
942 2272 1
132 2272 1
68 2272 1
874 910 1
104 913 1
116 2036 1
814 837 1
814 816 1
814 1705 1
913 1728 1
104 1728 1
854 942 1
854 2272 1
132 854 1
68 854 1
892 2037 1
892 1709 1
906 2043 1
120 926 1
50 899 1
50 880 1
56 2276 1
2034 2276 1
2030 2276 1
827 1717 1
91 815 1
948 1707 1
948 1710 1
948 1726 1
87 918 1
939 2253 1
114 939 1
835 2268 1
72 835 1
818 2267 1
77 2267 1
1714 2059 1
92 1714 1
77 855 1
818 855 1
855 2267 1
95 823 1
944 2046 1
816 851 1
851 1705 1
837 851 1
814 851 1
99 863 1
99 857 1
99 1708 1
82 934 1
111 865 1
850 2034 1
56 850 1
850 2276 1
850 2030 1
840 871 1
130 2258 1
856 2258 1
1712 2258 1
2061 2258 1
105 2047 1
893 914 1
73 915 1
100 2274 1
946 2066 1
131 934 1
82 131 1
57 871 1
57 840 1
907 2263 1
1722 2263 1
115 894 1
63 85 1
85 2063 1
1712 2040 1
856 2040 1
130 2040 1
2040 2258 1
2040 2061 1
885 1712 1
615 1388 1
181 1404 1
997 2233 1
622 990 1
655 2233 1
655 997 1
203 2236 1
161 972 1
956 1757 1
1741 2232 1
624 647 1
171 1742 1
990 1381 1
622 1381 1
158 983 1
197 2247 1
620 650 1
188 651 1
648 1393 1
655 1010 1
1010 2233 1
997 1010 1
231 985 1
172 2075 1
152 648 1
152 1393 1
212 2085 1
147 640 1
638 955 1
148 216 1
168 216 1
148 168 1
991 2089 1
982 2230 1
639 980 1
213 961 1
208 990 1
208 1381 1
208 622 1
1757 2233 1
956 2233 1
1010 1757 1
997 1757 1
655 1757 1
227 662 1
2083 2225 1
995 1386 1
160 1383 1
1004 2243 1
969 1754 1
193 1743 1
195 1738 1
984 1003 1
1753 2241 1
657 994 1
662 1741 1
227 1741 1
662 2232 1
160 207 1
207 1383 1
966 975 1
228 2230 1
228 982 1
195 1739 1
1738 1739 1
167 666 1
188 647 1
647 651 1
188 624 1
163 2222 1
153 1394 1
149 988 1
206 2083 1
206 2225 1
647 664 1
624 664 1
651 664 1
188 664 1
976 2248 1
1399 1399 1
175 1759 1
958 2225 1
958 2083 1
206 958 1
198 1734 1
163 1745 1
1745 2222 1
621 2087 1
142 993 1
1747 2233 1
997 1747 1
655 1747 1
1010 1747 1
956 1747 1
1747 1757 1
1013 1405 1
146 1380 1
184 991 1
184 2089 1
976 1750 1
1750 2248 1
652 1761 1
160 657 1
207 657 1
657 1383 1
160 994 1
168 1751 1
216 1751 1
148 1751 1
970 1757 1
970 997 1
655 970 1
970 1010 1
970 1747 1
970 2233 1
956 970 1
985 2247 1
231 2247 1
197 985 1
984 986 1
986 1003 1
2236 2236 1
176 973 1
1390 1738 1
195 1390 1
1390 1739 1
266 284 1
291 358 1
350 1409 1
247 1054 1
343 1418 1
1434 2207 1
341 387 1
271 2193 1
1049 2206 1
260 357 1
344 1055 1
259 2195 1
1055 1056 1
344 1056 1
299 1431 1
282 685 1
303 1422 1
355 391 1
272 1049 1
272 2206 1
1064 1764 1
267 1070 1
1041 1411 1
1029 1056 1
344 1029 1
1029 1055 1
373 1060 1
1020 1038 1
1771 2214 1
1421 2095 1
336 2204 1
303 335 1
335 1422 1
1056 2213 1
344 2213 1
1029 2213 1
1055 2213 1
381 1069 1
1428 2190 1
340 1017 1
258 301 1
275 291 1
275 358 1
1418 1772 1
343 1772 1
292 303 1
292 1422 1
292 335 1
1040 2099 1
325 1068 1
336 1768 1
1768 2204 1
260 678 1
357 678 1
289 380 1
318 332 1
1060 1772 1
373 1772 1
1060 1418 1
343 1060 1
1024 1427 1
672 698 1
1057 1061 1
323 702 1
1040 2193 1
2099 2193 1
271 1040 1
689 1038 1
689 1020 1
1016 1771 1
1016 2214 1
327 354 1
234 348 1
246 336 1
246 1768 1
246 2204 1
306 342 1
253 1773 1
246 272 1
272 336 1
272 1768 1
272 2204 1
246 1049 1
246 2206 1
359 1054 1
247 359 1
681 1763 1
382 383 1
244 691 1
354 1031 1
327 1031 1
362 392 1
308 1437 1
316 324 1
1024 2214 1
1427 2214 1
1016 1024 1
1024 1771 1
1410 1773 1
253 1410 1
696 1041 1
696 1411 1
272 282 1
282 1768 1
282 336 1
246 282 1
282 1049 1
282 2204 1
282 2206 1
272 685 1
340 1026 1
1017 1026 1
317 1020 1
317 689 1
317 1038 1
260 273 1
273 357 1
273 678 1
701 1054 1
359 701 1
247 701 1
1038 2210 1
689 2210 1
1020 2210 1
317 2210 1
447 1554 1
440 485 1
457 1576 1
1549 1583 1
425 1479 1
450 467 1
1444 1480 1
435 1579 1
1491 2181 1
2171 2173 1
1286 1463 1
1250 1443 1
418 1510 1
1277 1280 1
409 1496 1
466 1250 1
466 1443 1
484 1242 1
1462 1485 1
482 1477 1
449 1288 1
483 2187 1
1274 1509 1
1268 2187 1
483 1268 1
1551 1580 1
459 1272 1
1491 1580 1
1580 2181 1
1491 1551 1
1247 1458 1
1278 1583 1
1278 1549 1
395 471 1
1444 1553 1
1480 1553 1
1277 1561 1
1280 1561 1
427 437 1
467 1501 1
450 1501 1
482 2177 1
1477 2177 1
1243 1470 1
438 1457 1
1548 1563 1
436 2169 1
408 1517 1
440 1550 1
485 1550 1
444 1250 1
444 466 1
444 1443 1
1255 1285 1
401 459 1
401 1272 1
1552 1565 1
1500 2163 1
1284 1478 1
442 1277 1
442 1280 1
442 1561 1
1547 1573 1
1501 1518 1
450 1518 1
467 1518 1
1456 1566 1
443 481 1
1562 2178 1
447 2162 1
1554 2162 1
410 1257 1
458 1482 1
1262 1583 1
1262 1549 1
1262 1278 1
400 1285 1
400 1255 1
472 1462 1
472 1485 1
1440 1477 1
1440 2177 1
482 1440 1
1462 1585 1
472 1585 1
1485 1585 1
404 420 1
1450 1576 1
457 1450 1
1286 1503 1
1463 1503 1
465 478 1
446 1581 1
1511 2186 1
396 1500 1
396 2163 1
431 1463 1
431 1286 1
431 1503 1
419 475 1
1474 1485 1
472 1474 1
1474 1585 1
1462 1474 1
2160 2167 1
1459 1534 1
1246 1504 1
412 1475 1
479 1447 1
401 1471 1
1272 1471 1
459 1471 1
405 1274 1
405 1509 1
1564 2180 1
476 1245 1
400 445 1
445 1285 1
445 1255 1
396 1528 1
1528 2163 1
1500 1528 1
452 1562 1
452 2178 1
475 1252 1
419 1252 1
714 1606 1
1303 2157 1
1295 1617 1
499 553 1
1594 1614 1
1318 1589 1
1304 1960 1
726 1302 1
528 552 1
755 2139 1
1969 2133 1
1603 1963 1
549 1940 1
523 2133 1
523 1969 1
526 2155 1
759 1961 1
494 734 1
553 1306 1
499 1306 1
744 1598 1
515 1932 1
1595 1638 1
1925 1926 1
1592 1965 1
737 1970 1
718 742 1
511 1929 1
1593 1943 1
1320 1944 1
1914 2140 1
753 1622 1
711 1961 1
711 759 1
1326 2133 1
1326 1969 1
523 1326 1
514 1310 1
543 2143 1
496 543 1
496 2143 1
500 2131 1
743 1613 1
507 1640 1
1316 1931 1
494 532 1
532 734 1
715 1612 1
742 1637 1
718 1637 1
552 1950 1
528 1950 1
494 1626 1
532 1626 1
734 1626 1
757 1977 1
533 1961 1
533 711 1
533 759 1
1907 2155 1
526 1907 1
1908 1966 1
505 1324 1
517 1968 1
546 1942 1
529 1930 1
754 2136 1
499 1963 1
553 1963 1
1306 1963 1
499 1603 1
542 1598 1
542 744 1
544 1918 1
740 2130 1
722 2132 1
761 1970 1
737 761 1
532 1940 1
1626 1940 1
734 1940 1
494 1940 1
532 549 1
504 1960 1
504 1304 1
494 1938 1
1938 1940 1
1626 1938 1
532 1938 1
734 1938 1
1928 2137 1
1315 2158 1
1930 1962 1
529 1962 1
495 735 1
509 1316 1
509 1931 1
1603 1930 1
1930 1963 1
499 1930 1
529 1603 1
1603 1962 1
552 1596 1
528 1596 1
1596 1950 1
497 1972 1
711 1615 1
1615 1961 1
533 1615 1
759 1615 1
520 1906 1
714 2136 1
1606 2136 1
714 754 1
546 1600 1
1600 1942 1
509 1979 1
1931 1979 1
1316 1979 1
553 554 1
554 1306 1
499 554 1
554 1963 1
1311 1322 1
1602 1980 1
1073 1860 1
1094 2106 1
1197 1888 1
1158 1845 1
1137 1783 1
1071 1812 1
1086 1229 1
1134 1139 1
1793 2122 1
1117 1128 1
1116 1159 1
1138 1237 1
1775 1867 1
1099 1216 1
1078 1776 1
1155 1798 1
1092 1793 1
1092 2122 1
1116 1121 1
1121 1159 1
1080 1107 1
1116 1206 1
1121 1206 1
1159 1206 1
1153 1208 1
1200 2108 1
1207 1232 1
1198 1838 1
1130 1877 1
1076 1166 1
1176 1782 1
1799 1890 1
1131 1197 1
1131 1888 1
1168 1184 1
1849 2113 1
1808 1877 1
1130 1808 1
1120 1169 1
1158 1774 1
1774 1845 1
1863 2103 1
1146 2109 1
1143 1864 1
1104 2118 1
1137 1775 1
1775 1783 1
1137 1867 1
1854 1897 1
1802 1880 1
1148 1225 1
1133 1170 1
1208 1864 1
1153 1864 1
1143 1208 1
1855 1876 1
1078 1127 1
1127 1776 1
1803 2107 1
1222 1852 1
1143 1171 1
1171 1864 1
1171 1208 1
1078 1158 1
1158 1776 1
1127 1158 1
1078 1845 1
1078 1774 1
1082 1169 1
1082 1120 1
1822 1893 1
1182 1893 1
1182 1822 1
1115 1180 1
1154 1809 1
1223 1853 1
1179 1895 1
1112 1883 1
1159 1184 1
1121 1184 1
1116 1184 1
1184 1206 1
1159 1168 1
1088 1817 1
1787 2100 1
1234 1847 1
1078 1212 1
1158 1212 1
1127 1212 1
1212 1774 1
1212 1776 1
1212 1845 1
1135 1860 1
1073 1135 1
1892 1896 1
1081 2103 1
1081 1863 1
1800 1812 1
1071 1800 1
1235 1851 1
1091 1869 1
1114 1161 1
1226 1786 1
1091 1215 1
1215 1869 1
1161 1796 1
1114 1796 1
1119 1239 1
1076 1873 1
1166 1873 1
1814 1837 1
1083 1087 1
1107 1171 1
1080 1171 1
1107 1864 1
1107 1208 1
1107 1143 1
1874 2108 1
1200 1874 1
1227 2103 1
1081 1227 1
1227 1863 1
1147 2106 1
1094 1147 1
1089 2112 1
32 2092 1
2092 2092 1
32 32 1
11 476 1
476 476 1
11 11 1
11 1245 1
182 1284 1
1284 1284 1
182 182 1
182 1478 1
295 1645 1
1645 1645 1
295 295 1
909 1838 1
1838 1838 1
909 909 1
909 1198 1
1477 2267 1
1440 2267 1
2177 2267 1
482 2267 1
2267 2267 1
1477 1477 1
77 1477 1
818 1477 1
855 1477 1
1178 2080 1
2080 2080 1
1178 1178 1
1210 1546 1
1546 1546 1
1210 1210 1
246 611 1
272 611 1
611 611 1
611 1768 1
336 611 1
611 1049 1
282 611 1
611 2204 1
611 2206 1
246 246 1
893 1561 1
1561 1561 1
914 1561 1
893 1280 1
893 893 1
442 893 1
893 1277 1
180 1327 1
1327 1327 1
180 180 1
1201 2141 1
2141 2141 1
1201 1201 1
214 850 1
850 850 1
214 2276 1
214 2030 1
214 2034 1
214 214 1
56 214 1
1825 2193 1
2193 2193 1
1040 1825 1
1825 1825 1
1825 2099 1
271 1825 1
873 2168 1
2168 2168 1
826 2168 1
2067 2168 1
873 873 1
212 823 1
823 2085 1
823 823 1
212 212 1
95 212 1
1704 2285 1
2285 2285 1
1704 1704 1
1364 1704 1
1704 2287 1
293 767 1
767 767 1
293 293 1
51 1336 1
1336 1336 1
51 585 1
51 770 1
51 51 1
1328 1993 1
1993 1993 1
1328 1328 1
297 1932 1
1932 1932 1
297 297 1
297 515 1
334 532 1
532 532 1
334 549 1
334 494 1
334 1938 1
334 1940 1
334 334 1
334 1626 1
334 734 1
1218 2255 1
2255 2255 1
1218 1218 1
11 467 1
467 476 1
467 1245 1
467 467 1
11 450 1
11 1518 1
11 1501 1
339 2222 1
2222 2222 1
339 1745 1
339 339 1
163 339 1
619 1685 1
1685 1685 1
619 619 1
571 1794 1
1794 1794 1
803 1794 1
571 571 1
1198 2201 1
2201 2201 1
909 2201 1
1838 2201 1
1198 1198 1
1085 1636 1
1636 1636 1
1085 1085 1
386 1573 1
1573 1573 1
386 386 1
386 1547 1
198 1049 1
1049 1049 1
1049 1734 1
198 611 1
198 198 1
198 272 1
198 246 1
198 282 1
198 2206 1
1150 1274 1
1274 1274 1
1150 1509 1
1150 1150 1
405 1150 1
558 1118 1
1118 1118 1
558 558 1
1993 2254 1
1328 2254 1
2254 2254 1
456 1022 1
1022 1022 1
456 456 1
184 1132 1
1132 2089 1
1132 1132 1
991 1132 1
184 184 1
2085 2199 1
2199 2199 1
212 2199 1
823 2199 1
2085 2085 1
2193 2278 1
1825 2278 1
2278 2278 1
271 2278 1
1040 2278 1
2099 2278 1
884 2193 1
1278 2237 1
2237 2237 1
1549 2237 1
1262 2237 1
1583 2237 1
1278 1278 1
285 2040 1
2040 2040 1
130 285 1
285 2061 1
285 1712 1
285 2258 1
285 885 1
285 856 1
285 285 1
841 1637 1
1637 1637 1
841 841 1
718 841 1
742 841 1
932 2294 1
2294 2294 1
27 932 1
932 932 1
241 586 1
586 586 1
241 241 1
346 2061 1
2061 2061 1
130 346 1
346 1712 1
346 2040 1
346 2258 1
346 856 1
346 346 1
285 346 1
1890 1914 1
1914 1914 1
1799 1914 1
1890 1890 1
1890 2140 1
233 2257 1
2257 2257 1
233 233 1
182 1983 1
1284 1983 1
1478 1983 1
1983 1983 1
865 1121 1
1121 1121 1
111 1121 1
865 1184 1
865 865 1
865 1159 1
865 1206 1
865 1116 1
332 829 1
829 829 1
318 829 1
332 332 1
295 1486 1
1486 1645 1
1486 1486 1
1020 1271 1
689 1271 1
1271 2210 1
317 1271 1
1038 1271 1
1271 1271 1
1020 1020 1
601 1800 1
1800 1800 1
601 601 1
601 1812 1
601 1071 1
296 1271 1
296 2210 1
296 296 1
296 1038 1
296 689 1
296 1020 1
296 317 1
259 1592 1
1592 1592 1
1592 2195 1
259 259 1
259 1965 1
167 412 1
412 666 1
412 412 1
167 1475 1
167 167 1
355 559 1
559 559 1
391 559 1
355 355 1
355 557 1
355 775 1
1288 2249 1
449 2249 1
2249 2249 1
1288 1288 1
733 2106 1
2106 2106 1
733 1147 1
733 733 1
733 1094 1
377 1638 1
1638 1638 1
377 377 1
377 1595 1
797 1778 1
1778 1778 1
583 1778 1
797 797 1
755 1025 1
1025 1025 1
1025 2139 1
755 755 1
845 2013 1
2013 2013 1
845 845 1
253 646 1
646 1410 1
646 1773 1
646 646 1
253 253 1
545 1476 1
1476 1476 1
545 545 1
1577 1970 1
1970 1970 1
737 1577 1
1577 1577 1
761 1577 1
1698 1791 1
1791 1791 1
1698 1698 1
561 925 1
925 925 1
561 561 1
759 1036 1
1036 1961 1
1036 1615 1
1036 1036 1
533 1036 1
711 1036 1
759 759 1
273 1542 1
1542 1542 1
260 1542 1
357 1542 1
678 1542 1
273 273 1
493 859 1
859 859 1
493 864 1
493 493 1
1308 1729 1
1729 1729 1
1308 1308 1
890 2093 1
2093 2093 1
890 890 1
190 288 1
288 288 1
190 190 1
56 1529 1
1529 2276 1
850 1529 1
1529 2030 1
1529 2034 1
214 1529 1
1529 1529 1
56 56 1
974 2110 1
2110 2110 1
974 974 1
617 939 1
939 939 1
617 617 1
114 617 1
617 2253 1
1568 1613 1
1613 1613 1
1568 1568 1
743 1568 1
186 2001 1
2001 2001 1
186 1350 1
186 1646 1
186 1686 1
186 1335 1
186 186 1
1790 2184 1
2184 2184 1
1790 1790 1
156 2124 1
2124 2124 1
156 156 1
583 836 1
836 1778 1
836 836 1
797 836 1
583 583 1
1292 2025 1
2025 2025 1
592 1292 1
1292 1292 1
812 1292 1
1292 1678 1
33 2059 1
1370 2059 1
2059 2059 1
13 2059 1
565 2059 1
2015 2059 1
33 33 1
33 1714 1
33 92 1
1019 1223 1
1223 1223 1
1019 1019 1
1019 1853 1
2209 2308 1
2308 2308 1
2209 2209 1
283 1638 1
283 283 1
283 377 1
283 1595 1
1328 1529 1
1529 1993 1
1529 2254 1
1328 2276 1
1328 2034 1
1328 2030 1
850 1328 1
214 1328 1
56 1328 1
1821 1923 1
1923 1923 1
1821 1821 1
1553 2020 1
1480 2020 1
2020 2020 1
1444 2020 1
1553 1553 1
50 322 1
322 880 1
322 322 1
322 899 1
50 50 1
995 1728 1
1728 1728 1
1386 1728 1
104 995 1
913 995 1
995 995 1
78 2233 1
2233 2233 1
78 997 1
78 970 1
78 78 1
78 655 1
78 1010 1
78 1747 1
78 956 1
78 1757 1
595 1572 1
1572 1572 1
595 595 1
927 1064 1
1064 1064 1
927 1764 1
927 927 1
157 318 1
318 318 1
157 332 1
157 829 1
157 157 1
357 2262 1
2262 2262 1
273 2262 1
260 2262 1
1542 2262 1
678 2262 1
357 357 1
1868 1966 1
1966 1966 1
1868 1868 1
1868 1908 1
1134 1405 1
1139 1405 1
1405 1405 1
1013 1134 1
1134 1134 1
696 2262 1
1041 2262 1
1411 2262 1
260 696 1
357 696 1
696 1542 1
678 696 1
273 696 1
696 696 1
243 1827 1
1827 1827 1
243 243 1
2004 2115 1
1362 2115 1
2115 2115 1
2004 2004 1
1160 2245 1
2245 2245 1
1160 1160 1
230 1493 1
1493 1493 1
230 230 1
1827 2251 1
243 2251 1
2251 2251 1
854 1239 1
1239 2272 1
68 1239 1
132 1239 1
942 1239 1
1239 1239 1
854 854 1
854 1119 1
462 1181 1
1181 1181 1
462 462 1
575 1426 1
1426 1426 1
575 575 1
617 2023 1
114 2023 1
939 2023 1
2023 2253 1
2023 2023 1
576 617 1
9 617 1
617 1374 1
1035 2225 -1
1035 2083 -1
958 1035 -1
206 1035 -1
151 1169 -1
151 1120 -1
151 1082 -1
1078 1420 -1
1158 1420 -1
1127 1420 -1
1420 1774 -1
1420 1776 -1
1420 1845 -1
1212 1420 -1
524 1148 -1
524 1225 -1
43 84 -1
1241 1911 -1
447 1081 -1
1081 1554 -1
1081 2162 -1
447 1863 -1
447 1227 -1
447 2103 -1
148 1566 -1
216 1566 -1
168 1566 -1
1566 1751 -1
148 1456 -1
683 1958 -1
672 1094 -1
698 1094 -1
672 2106 -1
672 1147 -1
135 1661 -1
355 1589 -1
391 1589 -1
355 1318 -1
1615 2224 -1
1961 2224 -1
759 2224 -1
533 2224 -1
711 2224 -1
1096 1593 -1
1096 1943 -1
1412 2004 -1
1362 1412 -1
1375 1526 -1
2036 2296 -1
116 2296 -1
576 2082 -1
9 2082 -1
1374 2082 -1
2023 2082 -1
1860 2047 -1
1073 2047 -1
1135 2047 -1
105 1860 -1
1490 1954 -1
66 307 -1
212 1524 -1
1524 2085 -1
635 920 -1
922 2223 -1
35 1256 -1
1256 1360 -1
161 1798 -1
972 1798 -1
161 1155 -1
315 1311 -1
315 1322 -1
1269 1979 -1
1269 1931 -1
1269 1316 -1
509 1269 -1
14 1106 -1
1351 1537 -1
832 1164 -1
1184 1672 -1
1168 1672 -1
1121 1672 -1
1116 1672 -1
1206 1672 -1
1159 1672 -1
338 899 -1
338 880 -1
50 338 -1
693 1730 -1
602 1208 -1
1208 1679 -1
602 1864 -1
602 1153 -1
602 1107 -1
602 1171 -1
602 1143 -1
415 985 -1
415 2247 -1
197 415 -1
231 415 -1
374 1845 -1
374 1078 -1
374 1212 -1
374 1774 -1
374 1158 -1
1083 2000 -1
1087 2000 -1
487 652 -1
487 1761 -1
629 1018 -1
2010 2242 -1
189 2300 -1
521 2201 -1
1954 2115 -1
177 1577 -1
82 1369 -1
131 1369 -1
934 1369 -1
758 1010 -1
758 997 -1
758 970 -1
655 758 -1
758 1747 -1
758 2233 -1
758 1757 -1
1857 2060 -1
938 2228 -1
820 1088 -1
820 1817 -1
153 2145 -1
1394 2145 -1
244 2107 -1
691 2107 -1
244 1803 -1
239 1124 -1
1169 1252 -1
1120 1252 -1
1082 1252 -1
475 1169 -1
419 1169 -1
134 1832 -1
370 1945 -1
1099 2080 -1
1216 2080 -1
1126 2185 -1
896 1586 -1
1287 1319 -1
94 1519 -1
431 1850 -1
1503 1850 -1
1286 1850 -1
1463 1850 -1
1605 2006 -1
584 1605 -1
601 1563 -1
601 1548 -1
896 1972 -1
497 896 -1
597 1823 -1
813 1503 -1
431 813 -1
813 1286 -1
813 1463 -1
425 626 -1
626 1479 -1
721 1851 -1
721 1235 -1
1185 2233 -1
997 1185 -1
970 1185 -1
655 1185 -1
1010 1185 -1
1185 1747 -1
956 1185 -1
1185 1757 -1
204 420 -1
204 404 -1
2243 2272 -1
1004 2272 -1
68 2243 -1
132 2243 -1
854 2243 -1
942 2243 -1
757 1709 -1
1709 1977 -1
757 892 -1
757 2037 -1
1348 1720 -1
160 580 -1
580 657 -1
580 994 -1
207 580 -1
580 1383 -1
24 160 -1
17 160 -1
160 606 -1
464 1195 -1
974 1016 -1
974 1024 -1
974 1771 -1
974 2214 -1
1999 2248 -1
976 1999 -1
1750 1999 -1
1389 1990 -1
890 1466 -1
1571 1587 -1
991 1207 -1
184 1207 -1
1207 2089 -1
991 1232 -1
1641 2073 -1
664 2266 -1
624 2266 -1
651 2266 -1
188 2266 -1
647 2266 -1
1355 1803 -1
1666 1803 -1
774 1803 -1
45 1803 -1
1341 1803 -1
1340 1803 -1
573 1803 -1
1355 2107 -1
270 1307 -1
872 1047 -1
1047 2048 -1
554 1466 -1
553 1466 -1
1306 1466 -1
499 1466 -1
1466 1963 -1
1116 1913 -1
1184 1913 -1
1121 1913 -1
1206 1913 -1
1159 1913 -1
539 655 -1
539 997 -1
539 970 -1
539 1010 -1
539 1747 -1
539 2233 -1
539 1757 -1
99 766 -1
766 857 -1
766 1708 -1
766 863 -1
473 1750 -1
473 976 -1
473 2248 -1
1048 1711 -1
565 2270 -1
33 2270 -1
1370 2270 -1
13 2270 -1
2015 2270 -1
585 2182 -1
1336 2182 -1
770 2182 -1
823 2111 -1
95 2111 -1
449 836 -1
836 1288 -1
1768 1821 -1
336 1821 -1
272 1821 -1
282 1821 -1
1821 2204 -1
246 1821 -1
293 793 -1
610 1887 -1
193 2256 -1
1743 2256 -1
684 1139 -1
684 1134 -1
582 630 -1
630 2282 -1
189 857 -1
99 189 -1
189 1708 -1
189 863 -1
64 241 -1
832 1262 -1
832 1549 -1
832 1278 -1
832 1583 -1
223 1327 -1
1537 1650 -1
987 1226 -1
987 1786 -1
927 2096 -1
91 1390 -1
815 1390 -1
91 1738 -1
91 195 -1
91 1739 -1
477 866 -1
1962 2090 -1
529 2090 -1
1930 2090 -1
1603 2090 -1
921 2218 -1
348 1829 -1
234 1829 -1
1025 1561 -1
1025 1280 -1
442 1025 -1
1025 1277 -1
1110 2263 -1
1110 1722 -1
907 1110 -1
182 1904 -1
1686 2112 -1
2001 2112 -1
1350 2112 -1
1335 2112 -1
1089 1686 -1
1422 1918 -1
335 1918 -1
292 1918 -1
303 1918 -1
544 1422 -1
20 677 -1
677 1671 -1
1799 1936 -1
1890 1936 -1
49 1693 -1
165 2035 -1
165 2050 -1
1597 2268 -1
72 1597 -1
835 1597 -1
66 1943 -1
66 1593 -1
1634 1816 -1
1185 1972 -1
497 1185 -1
835 1102 -1
72 1102 -1
1102 2268 -1
468 2224 -1
593 1499 -1
241 396 -1
241 1528 -1
241 2163 -1
241 1500 -1
761 2070 -1
737 2070 -1
1970 2070 -1
761 951 -1
1512 2056 -1
35 874 -1
874 1360 -1
35 910 -1
15 424 -1
424 1662 -1
226 1473 -1
1370 2074 -1
33 2074 -1
13 2074 -1
565 2074 -1
2015 2074 -1
1766 2011 -1
542 1683 -1
744 1683 -1
1598 1683 -1
817 2171 -1
121 2171 -1
817 2173 -1
1703 1927 -1
1200 2290 -1
1874 2290 -1
2108 2290 -1
340 440 -1
440 1017 -1
440 1026 -1
340 485 -1
340 1550 -1
153 1020 -1
1020 1394 -1
153 689 -1
153 2210 -1
153 317 -1
153 1038 -1
10 1123 -1
1696 2204 -1
336 1696 -1
1696 1768 -1
282 1696 -1
246 1696 -1
272 1696 -1
569 1941 -1
600 1941 -1
25 1941 -1
34 1941 -1
986 1320 -1
984 1320 -1
1003 1320 -1
986 1944 -1
304 994 -1
160 304 -1
304 657 -1
1334 2270 -1
730 1766 -1
82 363 -1
131 363 -1
363 934 -1
529 1553 -1
1553 1930 -1
1553 1603 -1
1553 1962 -1
529 1480 -1
529 1444 -1
636 1580 -1
636 1491 -1
636 2181 -1
636 1551 -1
1312 1579 -1
435 1312 -1
724 764 -1
585 1418 -1
1336 1418 -1
770 1418 -1
585 1060 -1
585 1772 -1
343 585 -1
454 2234 -1
714 1579 -1
1579 2136 -1
754 1579 -1
1579 1606 -1
435 714 -1
924 1426 -1
45 1773 -1
1355 1773 -1
1340 1773 -1
1341 1773 -1
573 1773 -1
45 1410 -1
45 253 -1
461 2239 -1
902 1303 -1
902 2157 -1
856 1976 -1
1712 1976 -1
1976 2040 -1
130 1976 -1
1976 2258 -1
1976 2061 -1
103 793 -1
979 1285 -1
400 979 -1
445 979 -1
979 1255 -1
334 608 -1
157 2058 -1
1734 2305 -1
198 2305 -1
1079 2170 -1
374 527 -1
1177 2221 -1
261 1632 -1
481 1906 -1
443 1906 -1
481 520 -1
21 1506 -1
379 1263 -1
320 544 -1
320 1918 -1
976 1602 -1
1602 2248 -1
1602 1750 -1
976 1980 -1
795 1243 -1
1243 1690 -1
572 1243 -1
795 1470 -1
1579 2196 -1
435 2196 -1
337 851 -1
337 816 -1
337 1705 -1
337 837 -1
337 814 -1
671 745 -1
892 1183 -1
1183 2037 -1
1183 1709 -1
597 1931 -1
597 1979 -1
597 1316 -1
509 597 -1
1934 2262 -1
27 1032 -1
1032 2294 -1
1879 1973 -1
747 885 -1
747 2040 -1
747 1712 -1
376 846 -1
981 2213 -1
981 1056 -1
344 981 -1
981 1029 -1
981 1055 -1
1551 2265 -1
1491 2265 -1
1580 2265 -1
93 703 -1
159 2039 -1
185 323 -1
185 702 -1
673 920 -1
486 1884 -1
837 1888 -1
816 1888 -1
1705 1888 -1
851 1888 -1
814 1888 -1
837 1131 -1
837 1197 -1
1066 1631 -1
1153 1417 -1
1208 1417 -1
1417 1864 -1
125 719 -1
204 2114 -1
850 1582 -1
56 1582 -1
1582 2034 -1
1582 2276 -1
1582 2030 -1
1847 1951 -1
1234 1951 -1
3 1331 -1
1420 2179 -1
297 1265 -1
214 363 -1
914 1327 -1
893 1327 -1
535 1876 -1
535 1855 -1
1745 1791 -1
163 1791 -1
1791 2222 -1
1532 1681 -1
807 1532 -1
440 1917 -1
485 1917 -1
1550 1917 -1
1076 1574 -1
1574 1873 -1
1166 1574 -1
528 1434 -1
552 1434 -1
1434 1596 -1
1434 1950 -1
528 2207 -1
1102 1950 -1
552 1102 -1
528 1102 -1
1102 1596 -1
956 1584 -1
1584 2233 -1
970 1584 -1
1584 1747 -1
1584 1757 -1
61 244 -1
244 2057 -1
244 923 -1
61 691 -1
1371 2241 -1
1371 1753 -1
315 1546 -1
566 1545 -1
910 1574 -1
874 1574 -1
538 1845 -1
538 1078 -1
538 1212 -1
538 1774 -1
538 1158 -1
794 1898 -1
1341 1634 -1
1355 1634 -1
1340 1634 -1
45 1634 -1
573 1634 -1
667 2188 -1
1700 1993 -1
963 1366 -1
1844 2265 -1
42 1172 -1
1172 1655 -1
895 1844 -1
670 2003 -1
565 1915 -1
33 1915 -1
1370 1915 -1
13 1915 -1
1915 2015 -1
978 1238 -1
1315 2117 -1
2117 2158 -1
251 495 -1
251 735 -1
653 1018 -1
160 1949 -1
657 1949 -1
994 1949 -1
207 1949 -1
1383 1949 -1
1026 1309 -1
1017 1309 -1
340 1309 -1
807 2190 -1
1681 2190 -1
807 1428 -1
1716 2132 -1
2132 2264 -1
722 1716 -1
521 1362 -1
521 2004 -1
93 464 -1
1458 1605 -1
1247 1605 -1
1077 1551 -1
1077 1491 -1
1077 1580 -1
1306 1872 -1
553 1872 -1
554 1872 -1
499 1872 -1
1872 1963 -1
641 2104 -1
1 447 -1
1 1554 -1
1 2162 -1
439 725 -1
70 1091 -1
70 1869 -1
70 1215 -1
454 1343 -1
781 2273 -1
1177 2272 -1
68 1177 -1
132 1177 -1
854 1177 -1
942 1177 -1
19 418 -1
19 1510 -1
566 2238 -1
563 753 -1
753 808 -1
753 1676 -1
563 1622 -1
557 1418 -1
559 1418 -1
775 1418 -1
557 1060 -1
557 1772 -1
343 557 -1
454 585 -1
454 1336 -1
454 770 -1
100 1652 -1
1652 2274 -1
635 1235 -1
635 1851 -1
1225 2256 -1
1148 2256 -1
21 634 -1
1384 2051 -1
380 1974 -1
289 1974 -1
968 1837 -1
968 1814 -1
1564 1730 -1
1730 2180 -1
301 585 -1
258 585 -1
301 1336 -1
301 770 -1
847 1326 -1
847 1969 -1
523 847 -1
847 2133 -1
169 2257 -1
583 1294 -1
797 1294 -1
661 1450 -1
661 1576 -1
457 661 -1
944 2228 -1
2046 2228 -1
167 1174 -1
666 1174 -1
1404 1922 -1
181 1922 -1
142 1301 -1
993 1301 -1
1350 1815 -1
1815 2001 -1
1686 1815 -1
1335 1815 -1
598 1073 -1
598 1860 -1
598 1135 -1
741 1373 -1
1058 1213 -1
685 2026 -1
272 2026 -1
282 2026 -1
312 1475 -1
312 412 -1
160 804 -1
657 804 -1
804 994 -1
207 804 -1
804 1383 -1
795 835 -1
835 1690 -1
572 835 -1
72 795 -1
795 2268 -1
590 1893 -1
590 1182 -1
590 1822 -1
252 1716 -1
252 2264 -1
1661 2165 -1
1498 1725 -1
1604 1844 -1
677 1198 -1
677 1838 -1
4 1113 -1
2 1113 -1
1410 1624 -1
1624 1773 -1
253 1624 -1
125 1966 -1
125 1908 -1
827 1916 -1
1717 1916 -1
582 663 -1
663 2282 -1
1068 1585 -1
325 1585 -1
472 1068 -1
1068 1474 -1
1068 1485 -1
1068 1462 -1
478 877 -1
465 877 -1
467 1639 -1
450 1639 -1
1501 1639 -1
1518 1639 -1
21 2104 -1
80 582 -1
80 2282 -1
1015 1726 -1
1015 1707 -1
948 1015 -1
1015 1710 -1
307 635 -1
1145 2280 -1
31 1145 -1
372 1115 -1
372 1180 -1
151 1578 -1
1231 1351 -1
349 949 -1
91 1648 -1
815 1648 -1
292 445 -1
335 445 -1
445 1422 -1
303 445 -1
292 400 -1
292 1285 -1
292 1255 -1
1059 2168 -1
1271 1991 -1
1559 1995 -1
1098 2030 -1
56 1098 -1
1098 2034 -1
1098 2276 -1
850 1098 -1
320 401 -1
320 1272 -1
320 459 -1
320 1471 -1
1492 2057 -1
923 1492 -1
61 1492 -1
85 2183 -1
2063 2183 -1
63 2183 -1
1325 2115 -1
743 2082 -1
1613 2082 -1
509 1741 -1
1741 1931 -1
1316 1741 -1
1741 1979 -1
509 2232 -1
227 509 -1
509 662 -1
1020 1288 -1
689 1288 -1
1288 2210 -1
317 1288 -1
1038 1288 -1
449 1020 -1
1212 2218 -1
1158 2218 -1
1127 2218 -1
1774 2218 -1
1776 2218 -1
1845 2218 -1
1078 2218 -1
916 1017 -1
916 1026 -1
340 916 -1
1902 2135 -1
631 2172 -1
1359 1450 -1
38 1450 -1
1359 1576 -1
457 1359 -1
1767 1929 -1
511 1767 -1
110 1905 -1
154 770 -1
154 1336 -1
154 585 -1
23 128 -1
875 966 -1
875 975 -1
1907 1984 -1
1984 2155 -1
526 1984 -1
1226 1691 -1
1691 1786 -1
272 1372 -1
1372 1768 -1
685 1372 -1
336 1372 -1
246 1372 -1
1049 1372 -1
282 1372 -1
1372 2204 -1
1372 2206 -1
1523 2192 -1
560 1740 -1
44 1740 -1
816 1986 -1
1705 1986 -1
851 1986 -1
837 1986 -1
814 1986 -1
971 1790 -1
1131 1519 -1
1519 1888 -1
1197 1519 -1
895 1286 -1
895 1503 -1
431 895 -1
895 1463 -1
766 1291 -1
1695 2174 -1
1937 2010 -1
100 593 -1
593 2274 -1
1323 1708 -1
857 1323 -1
99 1323 -1
863 1323 -1
571 1676 -1
803 1676 -1
571 808 -1
563 571 -1
648 671 -1
152 671 -1
671 1393 -1
1246 1584 -1
1504 1584 -1
181 1740 -1
1404 1740 -1
1584 2167 -1
1584 2160 -1
860 2035 -1
860 2050 -1
1126 1853 -1
1126 1223 -1
1182 1900 -1
1893 1900 -1
1822 1900 -1
60 2070 -1
60 951 -1
849 2032 -1
1399 2079 -1
448 1537 -1
140 1384 -1
1220 1861 -1
1143 1806 -1
1806 1864 -1
1208 1806 -1
1107 1806 -1
1171 1806 -1
