789 800 1
792 1673 1
592 1667 1
1361 1692 1
590 1648 1
1357 1686 1
4 1692 1
4 1361 1
579 590 1
579 1648 1
778 1686 1
778 1357 1
9 1663 1
2029 2285 1
2 47 1
18 1677 1
2 769 1
47 769 1
1653 1986 1
778 794 1
794 1357 1
794 1686 1
1360 1988 1
787 1363 1
556 777 1
2021 2290 1
1365 1681 1
1645 1688 1
4 1993 1
1361 1993 1
1692 1993 1
604 1680 1
1349 2280 1
43 1338 1
587 1343 1
592 1366 1
1366 1667 1
8 2282 1
19 1667 1
19 592 1
19 1366 1
582 779 1
776 1662 1
776 1993 1
1662 1993 1
776 1361 1
776 1692 1
4 776 1
7 577 1
566 1984 1
1348 2293 1
10 2014 1
1659 2303 1
14 34 1
559 2293 1
559 1348 1
1670 1692 1
776 1670 1
1361 1670 1
4 1670 1
1670 1993 1
1346 1365 1
1346 1681 1
45 802 1
556 2306 1
777 2306 1
574 2308 1
1366 1374 1
592 1374 1
19 1374 1
1374 1667 1
562 790 1
1676 1680 1
604 1676 1
767 2011 1
792 810 1
810 1673 1
595 597 1
568 2009 1
20 1367 1
5 2021 1
5 2290 1
1338 2287 1
43 2287 1
592 1691 1
19 1691 1
1667 1691 1
1374 1691 1
1366 1691 1
594 1689 1
797 805 1
804 2015 1
2014 2302 1
10 2302 1
1358 1370 1
598 1350 1
773 1355 1
562 597 1
597 790 1
562 595 1
589 604 1
589 1680 1
589 1676 1
764 1363 1
764 787 1
583 1653 1
583 1986 1
772 1337 1
581 1691 1
581 1667 1
581 592 1
19 581 1
581 1366 1
581 1374 1
1355 1997 1
773 1997 1
594 1366 1
1366 1689 1
594 1667 1
581 594 1
592 594 1
19 594 1
594 1691 1
594 1374 1
578 790 1
562 578 1
578 597 1
39 2284 1
581 2305 1
1667 2305 1
592 2305 1
594 2305 1
19 2305 1
1366 2305 1
1691 2305 1
1374 2305 1
2027 2280 1
1349 2027 1
567 569 1
562 2028 1
578 2028 1
595 2028 1
597 2028 1
790 2028 1
12 1336 1
1986 2285 1
1653 2285 1
583 2285 1
1986 2029 1
597 784 1
578 784 1
784 2028 1
562 784 1
595 784 1
784 790 1
576 1691 1
576 2305 1
576 1667 1
576 581 1
576 592 1
576 594 1
19 576 1
576 1366 1
576 1374 1
599 1362 1
889 2266 1
848 936 1
72 904 1
875 2250 1
846 949 1
60 840 1
112 2055 1
932 1729 1
99 932 1
99 1729 1
77 1713 1
57 1713 1
57 77 1
885 920 1
920 1727 1
885 1727 1
1714 2038 1
935 1703 1
888 891 1
103 2030 1
886 906 1
864 903 1
916 2256 1
904 2253 1
72 2253 1
850 932 1
850 1729 1
99 850 1
91 2269 1
75 2033 1
947 2279 1
83 876 1
83 818 1
818 876 1
892 901 1
121 854 1
2034 2041 1
899 1701 1
894 1719 1
819 928 1
817 2272 1
74 908 1
85 902 1
132 2070 1
66 2256 1
66 916 1
901 916 1
892 916 1
901 2256 1
66 901 1
91 119 1
119 2269 1
54 941 1
2044 2252 1
133 879 1
817 819 1
819 2272 1
817 928 1
887 904 1
72 887 1
887 2253 1
836 2046 1
1704 2043 1
910 1718 1
931 2266 1
889 931 1
79 951 1
103 2056 1
2030 2056 1
64 923 1
829 2275 1
94 2250 1
94 875 1
817 912 1
912 2272 1
912 928 1
819 912 1
61 870 1
906 2264 1
886 2264 1
934 943 1
838 2043 1
838 1704 1
68 91 1
68 2269 1
68 119 1
64 891 1
891 923 1
64 888 1
79 2056 1
951 2056 1
79 2030 1
79 103 1
117 2267 1
84 865 1
121 890 1
854 890 1
59 858 1
59 92 1
92 858 1
881 2254 1
1715 2065 1
1707 2275 1
829 1707 1
61 2064 1
870 2064 1
63 1703 1
63 935 1
1717 2068 1
937 2043 1
937 1704 1
838 937 1
844 1728 1
101 819 1
101 928 1
101 817 1
101 912 1
101 2272 1
875 896 1
896 2250 1
94 896 1
2057 2271 1
846 2254 1
949 2254 1
846 881 1
846 864 1
864 881 1
864 949 1
864 2254 1
846 903 1
850 924 1
924 1729 1
99 924 1
924 932 1
870 897 1
897 2064 1
61 897 1
80 117 1
80 2267 1
132 2045 1
2045 2070 1
816 825 1
2053 2258 1
117 2048 1
80 2048 1
2048 2267 1
103 913 1
913 2056 1
913 2030 1
79 913 1
921 1702 1
926 1705 1
913 2252 1
2056 2252 1
79 2252 1
2030 2252 1
103 2252 1
913 2044 1
883 892 1
883 916 1
883 901 1
835 2276 1
820 1727 1
820 920 1
820 885 1
227 2242 1
622 1012 1
970 1737 1
203 632 1
147 1395 1
619 645 1
231 957 1
1738 1758 1
190 1012 1
190 622 1
975 1403 1
222 1401 1
209 2220 1
616 974 1
183 1389 1
144 1391 1
170 630 1
978 1396 1
647 1744 1
956 2086 1
151 2221 1
168 1760 1
164 1740 1
646 965 1
969 2082 1
193 983 1
612 1386 1
669 2245 1
150 955 1
1006 1741 1
994 1381 1
180 2247 1
640 1756 1
167 191 1
157 965 1
157 646 1
958 1731 1
174 1735 1
212 1398 1
181 2076 1
1007 1401 1
222 1007 1
658 1394 1
154 2236 1
142 185 1
208 1005 1
219 1731 1
219 958 1
157 1009 1
965 1009 1
646 1009 1
180 189 1
189 2247 1
620 630 1
170 620 1
152 1003 1
968 2073 1
213 2077 1
2220 2244 1
209 2244 1
662 2089 1
164 1730 1
1730 1740 1
150 979 1
955 979 1
1001 1389 1
183 1001 1
671 2087 1
956 1389 1
1389 2086 1
956 1001 1
183 956 1
619 962 1
645 962 1
985 1749 1
143 1382 1
613 996 1
228 1380 1
138 2084 1
217 1398 1
212 217 1
195 2234 1
166 663 1
176 985 1
176 1749 1
633 988 1
169 648 1
150 968 1
955 968 1
968 979 1
150 2073 1
232 989 1
149 193 1
149 983 1
2239 2246 1
636 637 1
215 634 1
154 630 1
630 2236 1
154 170 1
154 620 1
1733 2077 1
213 1733 1
957 1751 1
231 1751 1
667 669 1
667 2245 1
613 2231 1
996 2231 1
186 994 1
186 1381 1
195 992 1
992 2234 1
185 1406 1
142 1406 1
973 2075 1
217 1736 1
212 1736 1
1398 1736 1
229 2091 1
184 628 1
614 621 1
648 976 1
169 976 1
187 2083 1
959 2232 1
178 211 1
1741 2091 1
1006 2091 1
229 1741 1
212 1404 1
1404 1736 1
217 1404 1
1398 1404 1
619 1751 1
962 1751 1
645 1751 1
619 957 1
231 619 1
666 1384 1
632 2090 1
203 2090 1
226 974 1
226 616 1
959 1731 1
1731 2232 1
219 959 1
958 959 1
1001 2229 1
956 2229 1
1389 2229 1
183 2229 1
1392 1736 1
217 1392 1
212 1392 1
1392 1398 1
1392 1404 1
629 2078 1
1386 2242 1
612 2242 1
227 1386 1
643 656 1
221 2247 1
180 221 1
189 221 1
235 1035 1
1018 1024 1
348 1064 1
244 1034 1
269 1017 1
258 672 1
1057 1070 1
279 1027 1
284 2202 1
313 353 1
328 1046 1
354 2206 1
1046 1431 1
328 1431 1
370 2214 1
249 1416 1
238 313 1
238 353 1
318 1053 1
238 1421 1
313 1421 1
353 1421 1
352 1407 1
313 1417 1
353 1417 1
1417 1421 1
238 1417 1
354 355 1
355 2206 1
269 298 1
298 1017 1
685 1771 1
1068 2216 1
286 1068 1
286 2216 1
317 327 1
1434 2097 1
314 319 1
293 293 1
264 2217 1
319 337 1
314 337 1
343 386 1
310 387 1
312 1047 1
262 372 1
287 1437 1
354 1431 1
355 1431 1
1431 2206 1
328 354 1
354 1046 1
319 392 1
337 392 1
314 392 1
284 286 1
286 2202 1
284 2216 1
284 1068 1
1413 1434 1
1413 2097 1
327 365 1
317 365 1
245 2095 1
371 2193 1
326 1038 1
336 1056 1
323 342 1
362 389 1
1019 1027 1
279 1019 1
349 2205 1
293 351 1
1048 1067 1
253 365 1
253 317 1
253 327 1
689 1026 1
372 2194 1
262 2194 1
306 361 1
1014 2191 1
366 1044 1
372 1066 1
1066 2194 1
262 1066 1
334 1764 1
677 697 1
1412 2194 1
1066 1412 1
372 1412 1
262 1412 1
697 2213 1
677 2213 1
281 1409 1
675 1408 1
234 360 1
375 702 1
315 375 1
315 702 1
1039 1063 1
685 2207 1
1771 2207 1
273 344 1
348 1410 1
1064 1410 1
245 250 1
250 2095 1
1413 1767 1
1767 2097 1
1434 1767 1
337 353 1
353 392 1
314 353 1
319 353 1
337 1417 1
337 1421 1
238 337 1
313 337 1
1017 1413 1
298 1413 1
269 1413 1
1017 1767 1
1017 2097 1
1017 1434 1
247 268 1
367 385 1
331 675 1
331 1408 1
270 2093 1
1038 1427 1
326 1427 1
305 386 1
305 343 1
286 314 1
314 2216 1
284 314 1
314 2202 1
314 1068 1
286 353 1
286 392 1
286 337 1
286 319 1
310 1427 1
387 1427 1
310 326 1
310 1038 1
366 1431 1
1044 1431 1
354 366 1
355 366 1
328 366 1
366 1046 1
366 2206 1
1033 1035 1
235 1033 1
683 700 1
697 702 1
677 702 1
702 2213 1
315 697 1
375 697 1
344 1413 1
273 1413 1
344 1767 1
298 344 1
269 344 1
344 2097 1
344 1017 1
344 1434 1
1443 1565 1
420 1280 1
1490 1550 1
1461 1563 1
476 486 1
433 447 1
408 1439 1
434 1511 1
420 1523 1
1280 1523 1
1508 1540 1
481 1468 1
451 489 1
418 453 1
403 489 1
403 451 1
1521 1563 1
1461 1521 1
1265 2164 1
1533 2161 1
1242 1271 1
1518 2188 1
1469 1562 1
478 1282 1
440 1538 1
457 1509 1
462 2163 1
408 2174 1
1439 2174 1
1257 1485 1
434 1583 1
1511 1583 1
470 1512 1
1260 2179 1
442 1531 1
403 1258 1
489 1258 1
451 1258 1
443 1570 1
398 1523 1
398 1280 1
398 420 1
476 1247 1
486 1247 1
416 1540 1
416 1508 1
422 1474 1
473 1495 1
412 1452 1
420 477 1
477 1280 1
477 1523 1
398 477 1
1279 1532 1
1492 1550 1
1490 1492 1
443 2162 1
1570 2162 1
455 1461 1
455 1521 1
455 1563 1
485 1280 1
485 1523 1
420 485 1
477 485 1
398 485 1
1519 2182 1
1271 1448 1
1242 1448 1
474 2163 1
462 474 1
412 446 1
446 1452 1
431 1526 1
461 467 1
1510 2165 1
1521 1558 1
1558 1563 1
1461 1558 1
455 1558 1
425 2169 1
1580 2177 1
408 1566 1
1566 2174 1
1439 1566 1
705 1457 1
444 1552 1
454 492 1
1508 1564 1
416 1564 1
1540 1564 1
1450 1491 1
1246 1526 1
431 1246 1
458 469 1
400 1268 1
1262 1573 1
412 2169 1
1452 2169 1
446 2169 1
412 425 1
420 1508 1
1280 1508 1
485 1508 1
398 1508 1
1508 1523 1
477 1508 1
416 420 1
420 1540 1
420 1564 1
396 1563 1
396 1521 1
396 1461 1
396 1558 1
396 455 1
406 1521 1
406 1558 1
406 455 1
396 406 1
406 1461 1
406 1563 1
482 1551 1
486 2165 1
476 2165 1
1247 2165 1
486 1510 1
485 1455 1
1280 1455 1
1455 1508 1
398 1455 1
1455 1523 1
420 1455 1
477 1455 1
450 2175 1
1287 1507 1
432 1559 1
1247 1465 1
476 1465 1
1465 2165 1
486 1465 1
1550 1576 1
1490 1576 1
1492 1576 1
1503 1585 1
399 474 1
399 2163 1
399 462 1
394 1497 1
1257 2182 1
1485 2182 1
1257 1519 1
396 1263 1
1263 1558 1
455 1263 1
1263 1521 1
1263 1461 1
406 1263 1
1263 1563 1
432 460 1
460 1559 1
442 465 1
465 1531 1
1466 1516 1
432 1513 1
460 1513 1
1513 1559 1
708 1603 1
736 1946 1
708 1972 1
1603 1972 1
1621 1904 1
726 1590 1
1292 1956 1
514 724 1
1311 1971 1
512 715 1
762 1608 1
1945 2153 1
537 1320 1
526 754 1
1330 1965 1
1333 1974 1
515 1911 1
1309 1319 1
718 1632 1
533 1978 1
507 1296 1
1309 1310 1
1310 1319 1
712 1923 1
737 1971 1
737 1311 1
538 746 1
1596 1615 1
1297 1981 1
747 1306 1
504 750 1
749 1314 1
1292 1641 1
1641 1956 1
1587 1907 1
518 547 1
1925 2136 1
1310 1314 1
1309 1314 1
1314 1319 1
749 1310 1
497 1630 1
718 1301 1
1301 1632 1
1604 1916 1
749 757 1
757 1314 1
757 1310 1
1966 2146 1
1912 2149 1
706 1614 1
513 1301 1
513 1632 1
513 718 1
747 759 1
759 1306 1
1632 2139 1
513 2139 1
1301 2139 1
718 2139 1
727 1597 1
522 1969 1
1611 2146 1
1611 1966 1
1617 1971 1
737 1617 1
1311 1617 1
707 1950 1
1316 1924 1
539 717 1
1326 2141 1
526 1945 1
754 1945 1
526 2153 1
1626 1966 1
1626 2146 1
1611 1626 1
721 1617 1
721 737 1
721 1971 1
721 1311 1
1608 1954 1
762 1954 1
1610 1963 1
734 1637 1
494 1308 1
756 1962 1
524 1917 1
1610 2150 1
1963 2150 1
760 1971 1
737 760 1
721 760 1
760 1617 1
760 1311 1
747 1630 1
1306 1630 1
759 1630 1
497 747 1
1643 1971 1
737 1643 1
1617 1643 1
721 1643 1
760 1643 1
1311 1643 1
724 1932 1
514 1932 1
1595 1614 1
706 1595 1
522 2130 1
1969 2130 1
521 1330 1
521 1965 1
1916 1961 1
1604 1961 1
1327 1329 1
2130 2145 1
1969 2145 1
522 2145 1
1593 2145 1
1593 1969 1
1593 2130 1
522 1593 1
2136 2145 1
1925 2145 1
522 2136 1
1969 2136 1
2130 2136 1
1593 2136 1
525 737 1
525 721 1
525 1643 1
525 1617 1
525 1971 1
525 760 1
525 1311 1
1919 1978 1
533 1919 1
1907 2157 1
1587 2157 1
498 501 1
1930 2141 1
1326 1930 1
531 2148 1
1932 2136 1
514 2136 1
724 2136 1
1932 2145 1
1925 1932 1
522 1932 1
1932 1969 1
1932 2130 1
1593 1932 1
1315 1590 1
726 1315 1
734 1311 1
1311 1637 1
734 737 1
734 1617 1
734 1643 1
525 734 1
721 734 1
734 1971 1
734 760 1
1304 1943 1
1157 1833 1
1115 1837 1
1073 2122 1
1140 1871 1
1208 1878 1
1178 1231 1
1148 1237 1
1158 1179 1
1121 2112 1
1173 1822 1
1075 1206 1
1104 1118 1
1140 1145 1
1145 1871 1
1167 1889 1
1135 1802 1
1109 1130 1
1804 2117 1
1223 1873 1
1113 1810 1
1238 1852 1
1136 1837 1
1115 1136 1
1140 1795 1
1145 1795 1
1795 1871 1
1222 1838 1
1220 2102 1
1094 2127 1
1082 1212 1
1202 1791 1
1109 1192 1
1130 1192 1
1218 1864 1
1809 1845 1
1168 2125 1
1149 1195 1
1086 1129 1
1118 1782 1
1104 1782 1
1198 1807 1
1781 1877 1
1871 2124 1
1145 2124 1
1795 2124 1
1140 2124 1
1818 1820 1
1138 1813 1
1147 1237 1
1147 1148 1
1075 1220 1
1206 1220 1
1075 2102 1
1116 1776 1
1098 1159 1
1128 1807 1
1128 1198 1
1155 1845 1
1155 1809 1
1786 1823 1
1085 1223 1
1085 1873 1
1887 2112 1
1121 1887 1
1105 2111 1
1088 1119 1
1111 1196 1
1217 1888 1
1072 1101 1
1128 1240 1
1198 1240 1
1240 1807 1
1114 1878 1
1114 1208 1
1199 2120 1
1781 1809 1
1809 1877 1
1155 1781 1
1781 1845 1
1149 1232 1
1195 1232 1
1128 1880 1
1240 1880 1
1198 1880 1
1807 1880 1
1185 1873 1
1085 1185 1
1185 1223 1
1852 2121 1
1238 2121 1
1137 1777 1
1074 1149 1
1074 1232 1
1074 1195 1
1786 1900 1
1823 1900 1
1866 1875 1
1882 2107 1
1076 1862 1
1211 1874 1
1811 2107 1
1811 1882 1
1855 2126 1
1226 1862 1
1076 1226 1
1139 1149 1
1139 1232 1
1074 1139 1
1139 1195 1
1798 1827 1
1135 1173 1
1173 1802 1
1135 1822 1
1775 1791 1
1202 1775 1
1177 1877 1
1177 1809 1
1177 1781 1
1226 1825 1
1076 1825 1
1825 1862 1
1157 1846 1
1833 1846 1
1230 2113 1
1095 2108 1
1811 2114 1
1882 2114 1
2107 2114 1
1230 1779 1
1779 2113 1
1124 1886 1
1078 2118 1
1784 1813 1
1138 1784 1
1890 2112 1
1121 1890 1
1887 1890 1
1132 1219 1
1161 1173 1
1161 1802 1
1161 1822 1
1135 1161 1
1153 1822 1
1153 1161 1
1153 1173 1
1135 1153 1
1818 1871 1
1820 1871 1
1795 1818 1
1818 2124 1
1140 1818 1
1145 1818 1
1136 1165 1
1115 1165 1
1165 1837 1
1795 1829 1
1829 2124 1
1829 1871 1
1140 1829 1
1145 1829 1
1818 1829 1
1193 1813 1
1193 1784 1
1138 1193 1
1237 1813 1
1147 1813 1
1148 1813 1
1193 1237 1
1138 1237 1
1237 1784 1
127 362 -1
127 389 -1
510 659 -1
816 1626 -1
825 1626 -1
816 2146 -1
816 1611 -1
816 1966 -1
751 1760 -1
168 751 -1
811 1917 -1
524 811 -1
797 1472 -1
805 1472 -1
571 1271 -1
571 1448 -1
571 1242 -1
811 1849 -1
84 1888 -1
865 1888 -1
84 1217 -1
895 1803 -1
300 403 -1
300 489 -1
300 1258 -1
300 451 -1
611 947 -1
611 2279 -1
1392 1568 -1
1568 1736 -1
217 1568 -1
212 1568 -1
1398 1568 -1
1404 1568 -1
1464 1883 -1
1630 1680 -1
497 1680 -1
1306 1680 -1
747 1680 -1
759 1680 -1
1630 1676 -1
604 1630 -1
589 1630 -1
1400 1889 -1
1167 1400 -1
472 837 -1
337 721 -1
353 721 -1
392 721 -1
721 1417 -1
721 1421 -1
238 721 -1
313 721 -1
314 721 -1
286 721 -1
319 721 -1
337 737 -1
337 1643 -1
337 525 -1
337 1617 -1
337 1971 -1
337 760 -1
337 734 -1
337 1311 -1
1143 1360 -1
1143 1988 -1
437 1896 -1
1909 2207 -1
1771 1909 -1
685 1909 -1
1256 2043 -1
1256 1704 -1
937 1256 -1
838 1256 -1
515 1514 -1
1514 1911 -1
143 941 -1
941 1382 -1
54 143 -1
749 957 -1
957 1314 -1
757 957 -1
957 1310 -1
619 749 -1
749 1751 -1
231 749 -1
1550 2047 -1
1576 2047 -1
1490 2047 -1
1492 2047 -1
274 520 -1
747 1644 -1
497 1644 -1
1306 1644 -1
1630 1644 -1
759 1644 -1
17 176 -1
17 985 -1
17 1749 -1
375 1375 -1
697 1375 -1
315 1375 -1
702 1375 -1
156 552 -1
1538 1845 -1
440 1845 -1
1538 1809 -1
1155 1538 -1
1538 1781 -1
1401 1636 -1
222 1636 -1
1007 1636 -1
266 1143 -1
767 1463 -1
1463 2011 -1
1591 2254 -1
864 1591 -1
881 1591 -1
949 1591 -1
846 1591 -1
565 1477 -1
528 909 -1
392 551 -1
337 551 -1
314 551 -1
353 551 -1
286 551 -1
319 551 -1
1010 1773 -1
900 952 -1
1860 2177 -1
1580 1860 -1
652 2288 -1
600 1521 -1
600 1558 -1
455 600 -1
396 600 -1
600 1263 -1
600 1461 -1
406 600 -1
600 1563 -1
713 1848 -1
660 1901 -1
25 1203 -1
138 242 -1
242 2084 -1
319 777 -1
392 777 -1
337 777 -1
314 777 -1
286 777 -1
353 777 -1
319 2306 -1
319 556 -1
136 2105 -1
1943 2046 -1
1304 2046 -1
836 1943 -1
1703 1875 -1
63 1875 -1
935 1875 -1
1703 1866 -1
655 1019 -1
655 1027 -1
279 655 -1
1353 2260 -1
483 750 -1
483 504 -1
56 495 -1
614 786 -1
621 786 -1
801 1839 -1
538 1688 -1
746 1688 -1
538 1645 -1
1034 1146 -1
244 1146 -1
33 182 -1
875 1375 -1
896 1375 -1
1375 2250 -1
94 1375 -1
625 2094 -1
1094 2227 -1
2127 2227 -1
1717 2172 -1
2068 2172 -1
729 2207 -1
729 1771 -1
685 729 -1
849 1247 -1
849 1465 -1
476 849 -1
849 2165 -1
486 849 -1
1852 2182 -1
2121 2182 -1
1238 2182 -1
1257 1852 -1
1485 1852 -1
1519 1852 -1
1535 1952 -1
768 1212 -1
768 1082 -1
73 1507 -1
73 1287 -1
1463 1838 -1
1222 1463 -1
1757 1794 -1
1071 1482 -1
1637 1710 -1
734 1710 -1
1311 1710 -1
358 1967 -1
1043 1996 -1
1876 1932 -1
1876 2145 -1
514 1876 -1
1876 1925 -1
522 1876 -1
1876 1969 -1
1876 2130 -1
724 1876 -1
1876 2136 -1
1593 1876 -1
458 914 -1
469 914 -1
452 754 -1
452 1945 -1
452 526 -1
560 1609 -1
1672 2233 -1
143 1545 -1
1382 1545 -1
674 2231 -1
674 996 -1
613 674 -1
872 2193 -1
371 872 -1
728 1988 -1
728 1360 -1
2065 2284 -1
1715 2284 -1
39 2065 -1
283 843 -1
2074 2124 -1
1795 2074 -1
1829 2074 -1
1871 2074 -1
1140 2074 -1
1145 2074 -1
1818 2074 -1
739 1785 -1
458 2043 -1
469 2043 -1
458 1704 -1
458 937 -1
458 838 -1
221 1802 -1
180 1802 -1
189 1802 -1
1802 2247 -1
221 1161 -1
221 1173 -1
221 1135 -1
288 2299 -1
781 1632 -1
513 781 -1
781 2139 -1
781 1301 -1
718 781 -1
1049 1501 -1
813 2094 -1
688 1610 -1
688 1963 -1
688 2150 -1
844 1265 -1
1265 1728 -1
844 2164 -1
1319 1464 -1
1314 1464 -1
1309 1464 -1
1310 1464 -1
802 1001 -1
45 1001 -1
802 2229 -1
802 956 -1
802 1389 -1
183 802 -1
245 1228 -1
250 1228 -1
1228 2095 -1
30 1170 -1
636 673 -1
637 673 -1
1307 1549 -1
234 1440 -1
360 1440 -1
673 1537 -1
1141 1541 -1
956 1322 -1
1322 2229 -1
1001 1322 -1
1322 1389 -1
1322 2086 -1
183 1322 -1
1723 2297 -1
90 705 -1
90 1457 -1
381 2067 -1
643 1787 -1
656 1787 -1
750 2046 -1
504 2046 -1
750 836 -1
897 1795 -1
1795 2064 -1
61 1795 -1
870 1795 -1
897 1829 -1
897 2124 -1
897 1871 -1
897 1140 -1
897 1145 -1
897 1818 -1
657 1589 -1
1762 2174 -1
408 1762 -1
1566 1762 -1
1439 1762 -1
1259 1819 -1
429 847 -1
38 2188 -1
38 1518 -1
727 2104 -1
1597 2104 -1
1106 2099 -1
818 2169 -1
83 2169 -1
876 2169 -1
425 818 -1
818 1452 -1
412 818 -1
446 818 -1
191 2162 -1
167 2162 -1
191 1570 -1
191 443 -1
215 1294 -1
634 1294 -1
393 610 -1
937 1591 -1
1591 1704 -1
1591 2043 -1
838 1591 -1
228 247 -1
247 1380 -1
228 268 -1
2091 2151 -1
229 2151 -1
1006 2151 -1
1741 2151 -1
767 1297 -1
1297 2011 -1
767 1981 -1
499 1715 -1
499 2065 -1
1157 1748 -1
1748 1833 -1
1748 1846 -1
1552 1890 -1
444 1890 -1
1552 2112 -1
1121 1552 -1
1552 1887 -1
1293 1524 -1
639 944 -1
991 1700 -1
1343 1715 -1
587 1715 -1
1343 2065 -1
1164 1273 -1
638 1683 -1
80 2223 -1
2048 2223 -1
2223 2267 -1
117 2223 -1
470 1126 -1
1126 1512 -1
16 2265 -1
1142 2097 -1
344 1142 -1
1017 1142 -1
1142 1434 -1
1142 1413 -1
1142 1767 -1
776 1847 -1
4 1847 -1
1670 1847 -1
1847 1993 -1
1361 1847 -1
1692 1847 -1
1662 1847 -1
1605 2121 -1
1605 1852 -1
1238 1605 -1
1491 1700 -1
1450 1700 -1
231 328 -1
328 619 -1
328 957 -1
328 1751 -1
231 354 -1
231 366 -1
231 1046 -1
231 1431 -1
327 426 -1
253 426 -1
317 426 -1
365 426 -1
303 2113 -1
303 1779 -1
303 1230 -1
1782 2046 -1
1104 2046 -1
1118 2046 -1
836 1782 -1
1607 2223 -1
415 1703 -1
63 415 -1
415 935 -1
1636 2278 -1
915 1749 -1
176 915 -1
915 985 -1
641 1929 -1
289 771 -1
126 495 -1
846 1800 -1
864 1800 -1
881 1800 -1
949 1800 -1
1800 2254 -1
903 1800 -1
273 2278 -1
344 2278 -1
1413 2278 -1
329 1980 -1
725 1844 -1
1330 1754 -1
521 1754 -1
1754 1965 -1
828 1969 -1
828 2145 -1
522 828 -1
828 1932 -1
828 2130 -1
828 2136 -1
828 1593 -1
1408 1722 -1
331 1722 -1
675 1722 -1
782 1708 -1
671 1262 -1
1262 2087 -1
671 1573 -1
1098 1576 -1
1159 1576 -1
1098 1490 -1
1098 1492 -1
1098 1550 -1
606 1837 -1
606 1136 -1
606 1115 -1
606 1165 -1
271 847 -1
298 1316 -1
344 1316 -1
1017 1316 -1
269 1316 -1
1316 1413 -1
298 1924 -1
40 505 -1
594 1901 -1
576 1901 -1
1901 2305 -1
1667 1901 -1
581 1901 -1
592 1901 -1
19 1901 -1
1366 1901 -1
1689 1901 -1
1691 1901 -1
1374 1901 -1
1122 2029 -1
1122 1986 -1
1122 2285 -1
318 1529 -1
1053 1529 -1
920 1195 -1
820 1195 -1
885 1195 -1
1195 1727 -1
920 1232 -1
920 1074 -1
920 1139 -1
920 1149 -1
1393 1652 -1
1668 1964 -1
674 1452 -1
674 2169 -1
412 674 -1
446 674 -1
354 2258 -1
355 2258 -1
328 2258 -1
366 2258 -1
1046 2258 -1
1431 2258 -1
2206 2258 -1
354 2053 -1
952 2034 -1
952 2041 -1
173 562 -1
173 578 -1
173 2028 -1
173 784 -1
173 595 -1
173 597 -1
173 790 -1
2110 2205 -1
349 2110 -1
1208 1365 -1
1114 1365 -1
1365 1878 -1
1208 1681 -1
1208 1346 -1
1929 2011 -1
767 1929 -1
907 1278 -1
442 1930 -1
465 1930 -1
1531 1930 -1
442 2141 -1
442 1326 -1
96 583 -1
96 1986 -1
96 1653 -1
96 2285 -1
433 2074 -1
447 2074 -1
1346 1722 -1
1681 1722 -1
1365 1722 -1
1001 2099 -1
2099 2229 -1
956 2099 -1
1389 2099 -1
183 2099 -1
1284 1370 -1
1284 1358 -1
334 774 -1
774 1764 -1
703 1713 -1
57 703 -1
77 703 -1
254 2152 -1
702 964 -1
964 2213 -1
697 964 -1
315 964 -1
677 964 -1
375 964 -1
829 1656 -1
1656 2275 -1
1656 1707 -1
36 57 -1
36 1713 -1
36 77 -1
386 1635 -1
305 1635 -1
343 1635 -1
667 919 -1
669 919 -1
919 2245 -1
1455 2276 -1
1280 2276 -1
420 2276 -1
485 2276 -1
398 2276 -1
1523 2276 -1
1508 2276 -1
477 2276 -1
835 1455 -1
949 1764 -1
864 1764 -1
1764 2254 -1
846 1764 -1
334 949 -1
245 656 -1
250 656 -1
656 2095 -1
245 643 -1
1456 1781 -1
1177 1456 -1
1456 1809 -1
1155 1456 -1
1456 1877 -1
1456 1845 -1
577 1150 -1
7 1150 -1
942 1736 -1
942 1392 -1
217 942 -1
212 942 -1
942 1398 -1
942 1404 -1
1134 2037 -1
785 2196 -1
1371 2230 -1
151 1644 -1
1644 2221 -1
1185 1380 -1
1380 1873 -1
1085 1380 -1
1223 1380 -1
228 1185 -1
193 1100 -1
149 1100 -1
983 1100 -1
823 1931 -1
1513 2233 -1
432 2233 -1
460 2233 -1
1559 2233 -1
359 1995 -1
60 1409 -1
840 1409 -1
60 281 -1
211 2040 -1
178 2040 -1
186 2002 -1
994 2002 -1
1381 2002 -1
1624 2053 -1
1624 2258 -1
86 1669 -1
523 1439 -1
408 523 -1
523 1566 -1
523 2174 -1
497 1459 -1
747 1459 -1
1459 1630 -1
163 783 -1
1032 1866 -1
1032 1875 -1
808 1298 -1
275 709 -1
71 1486 -1
1088 1665 -1
1119 1665 -1
511 1714 -1
511 2038 -1
544 1775 -1
544 1202 -1
544 1791 -1
212 1529 -1
1529 1736 -1
217 1529 -1
1404 1529 -1
1398 1529 -1
1392 1529 -1
787 2071 -1
1363 2071 -1
764 2071 -1
1011 1661 -1
724 1238 -1
1238 2136 -1
514 1238 -1
1238 1932 -1
724 2121 -1
724 1852 -1
217 822 -1
822 1736 -1
822 1404 -1
212 822 -1
822 1398 -1
822 1392 -1
220 1177 -1
220 1809 -1
220 1877 -1
220 1781 -1
1662 1979 -1
776 1979 -1
1979 1993 -1
457 696 -1
696 1509 -1
87 586 -1
622 2268 -1
1012 2268 -1
190 2268 -1
788 1710 -1
179 1710 -1
597 1845 -1
578 1845 -1
1845 2028 -1
784 1845 -1
562 1845 -1
595 1845 -1
790 1845 -1
597 1809 -1
597 1155 -1
597 1781 -1
715 1860 -1
512 1860 -1
1318 1798 -1
1318 1827 -1
544 640 -1
544 1756 -1
128 139 -1
329 1983 -1
535 1705 -1
535 926 -1
626 1025 -1
430 1365 -1
430 1681 -1
430 1346 -1
1976 2025 -1
940 1966 -1
940 2146 -1
940 1611 -1
940 1626 -1
312 1902 -1
1047 1902 -1
2035 2124 -1
1795 2035 -1
1829 2035 -1
1871 2035 -1
1140 2035 -1
1145 2035 -1
1818 2035 -1
649 791 -1
120 1684 -1
912 1922 -1
1922 2272 -1
817 1922 -1
928 1922 -1
101 1922 -1
819 1922 -1
562 1209 -1
578 1209 -1
1209 2028 -1
784 1209 -1
595 1209 -1
597 1209 -1
790 1209 -1
192 427 -1
709 1195 -1
709 1232 -1
709 1074 -1
709 1139 -1
709 1149 -1
1256 1700 -1
1016 1824 -1
138 1977 -1
1977 2084 -1
353 2183 -1
392 2183 -1
1417 2183 -1
1421 2183 -1
238 2183 -1
337 2183 -1
313 2183 -1
314 2183 -1
286 2183 -1
319 2183 -1
544 1988 -1
544 1360 -1
181 528 -1
528 2076 -1
147 709 -1
709 1395 -1
470 744 -1
744 1512 -1
24 89 -1
1167 2242 -1
1889 2242 -1
1167 1386 -1
227 1167 -1
612 1167 -1
567 2276 -1
569 2276 -1
567 835 -1
1283 1644 -1
1145 1606 -1
1606 1795 -1
1606 1829 -1
1606 2124 -1
1606 1871 -1
1140 1606 -1
1606 1818 -1
1077 2308 -1
574 1077 -1
597 1212 -1
578 1212 -1
1212 2028 -1
784 1212 -1
562 1212 -1
595 1212 -1
790 1212 -1
597 1082 -1
185 379 -1
379 1406 -1
142 379 -1
1770 1945 -1
1770 2153 -1
754 1770 -1
526 1770 -1
551 2041 -1
551 2034 -1
1390 2279 -1
947 1390 -1
202 1278 -1
1115 1426 -1
1136 1426 -1
1426 1837 -1
1165 1426 -1
280 1950 -1
280 707 -1
116 1218 -1
116 1864 -1
536 929 -1
1488 1805 -1
214 1611 -1
214 2146 -1
214 1626 -1
214 1966 -1
428 1759 -1
254 1103 -1
1234 1746 -1
1131 1542 -1
1202 1511 -1
1511 1775 -1
1511 1791 -1
434 1202 -1
1202 1583 -1
287 1345 -1
1345 1437 -1
476 615 -1
615 1465 -1
615 2165 -1
486 615 -1
615 1247 -1
339 1506 -1
18 1827 -1
1677 1827 -1
18 1798 -1
846 2201 -1
864 2201 -1
881 2201 -1
949 2201 -1
2201 2254 -1
903 2201 -1
222 712 -1
712 1401 -1
712 1007 -1
222 1923 -1
523 2187 -1
579 1961 -1
1648 1961 -1
590 1961 -1
579 1604 -1
579 1916 -1
1059 2286 -1
771 1591 -1
1616 2259 -1
562 1245 -1
578 1245 -1
1245 2028 -1
784 1245 -1
595 1245 -1
597 1245 -1
790 1245 -1
136 215 -1
136 634 -1
517 2019 -1
197 466 -1
761 2241 -1
6 1195 -1
6 1232 -1
6 1074 -1
6 1139 -1
6 1149 -1
803 1141 -1
1095 2058 -1
2058 2108 -1
184 1349 -1
628 1349 -1
184 2280 -1
184 2027 -1
435 1917 -1
435 524 -1
1990 2031 -1
376 599 -1
376 1362 -1
621 1905 -1
614 1905 -1
361 1305 -1
306 1305 -1
403 1016 -1
489 1016 -1
1016 1258 -1
451 1016 -1
1674 2032 -1
862 1292 -1
862 1641 -1
862 1956 -1
1596 1878 -1
1615 1878 -1
1208 1596 -1
1114 1596 -1
173 901 -1
173 2256 -1
173 916 -1
66 173 -1
173 883 -1
173 892 -1
238 1741 -1
1417 1741 -1
313 1741 -1
1421 1741 -1
337 1741 -1
353 1741 -1
238 2091 -1
229 238 -1
238 1006 -1
90 2170 -1
1603 2107 -1
1972 2107 -1
708 2107 -1
1603 1882 -1
1603 1811 -1
1603 2114 -1
931 2309 -1
889 2309 -1
2266 2309 -1
779 1605 -1
582 1605 -1
236 1098 -1
236 1159 -1
29 2137 -1
1538 1976 -1
440 1976 -1
1071 1768 -1
444 1116 -1
1116 1552 -1
444 1776 -1
1066 1556 -1
1412 1556 -1
1556 2194 -1
372 1556 -1
262 1556 -1
615 1847 -1
392 1180 -1
337 1180 -1
314 1180 -1
353 1180 -1
286 1180 -1
319 1180 -1
538 2121 -1
746 2121 -1
538 1852 -1
538 1238 -1
949 1137 -1
864 1137 -1
1137 2254 -1
846 1137 -1
949 1777 -1
180 1458 -1
221 1458 -1
189 1458 -1
1458 2247 -1
926 1099 -1
1099 1705 -1
626 1114 -1
626 1208 -1
626 1878 -1
1147 1486 -1
1148 1486 -1
1237 1486 -1
1486 1813 -1
522 578 -1
578 2145 -1
578 1932 -1
578 1969 -1
578 2130 -1
578 2136 -1
578 1593 -1
522 784 -1
522 562 -1
522 2028 -1
522 597 -1
522 790 -1
645 1566 -1
962 1566 -1
619 1566 -1
1566 1751 -1
408 645 -1
645 2174 -1
645 1439 -1
1662 2113 -1
776 2113 -1
1993 2113 -1
1662 1779 -1
1230 1662 -1
596 1726 -1
1876 2005 -1
1795 2161 -1
1829 2161 -1
2124 2161 -1
1871 2161 -1
1140 2161 -1
1145 2161 -1
1818 2161 -1
1533 1795 -1
576 959 -1
959 2305 -1
959 1667 -1
581 959 -1
592 959 -1
594 959 -1
19 959 -1
959 1366 -1
959 1691 -1
959 1374 -1
576 2232 -1
576 1731 -1
576 958 -1
219 576 -1
22 1022 -1
144 1650 -1
1391 1650 -1
2032 2159 -1
927 2122 -1
927 1073 -1
615 1607 -1
574 681 -1
681 2308 -1
874 1884 -1
37 1903 -1
305 605 -1
386 605 -1
343 605 -1
941 2235 -1
54 2235 -1
1127 1552 -1
444 1127 -1
1187 1552 -1
444 1187 -1
695 987 -1
648 865 -1
865 976 -1
169 865 -1
84 648 -1
5 1608 -1
1608 2290 -1
1608 2021 -1
5 762 -1
5 1954 -1
490 686 -1
1039 1644 -1
1063 1644 -1
465 2101 -1
442 2101 -1
1531 2101 -1
605 2148 -1
531 605 -1
105 1478 -1
404 720 -1
101 724 -1
724 928 -1
724 817 -1
724 912 -1
724 819 -1
724 2272 -1
101 2136 -1
101 514 -1
101 1932 -1
790 2051 -1
784 2051 -1
2028 2051 -1
562 2051 -1
578 2051 -1
597 2051 -1
423 1397 -1
413 1032 -1
164 313 -1
313 1730 -1
313 1740 -1
164 353 -1
164 337 -1
164 1421 -1
164 238 -1
164 1417 -1
1467 1972 -1
1467 1603 -1
708 1467 -1
717 1370 -1
539 1370 -1
717 1358 -1
537 1180 -1
1180 1320 -1
32 1006 -1
32 2091 -1
32 1741 -1
1398 1441 -1
1441 1736 -1
217 1441 -1
212 1441 -1
1392 1441 -1
1404 1441 -1
853 1243 -1
189 1648 -1
180 1648 -1
221 1648 -1
1648 2247 -1
189 579 -1
189 590 -1
416 770 -1
770 1508 -1
420 770 -1
770 1540 -1
770 1564 -1
828 2237 -1
1842 2079 -1
208 912 -1
912 1005 -1
208 2272 -1
208 817 -1
208 928 -1
101 208 -1
208 819 -1
347 2299 -1
1073 1270 -1
1270 2122 -1
54 2089 -1
941 2089 -1
54 662 -1
1040 2152 -1
987 1946 -1
736 987 -1
502 2001 -1
915 1143 -1
528 924 -1
528 1729 -1
528 850 -1
99 528 -1
528 932 -1
