15 2308 1
1691 2017 1
779 2008 1
1364 1368 1
1650 1680 1
45 1649 1
15 1673 1
1673 2308 1
40 1359 1
1684 2294 1
772 1665 1
583 1988 1
600 1671 1
1360 1665 1
772 1360 1
797 1670 1
583 2010 1
1988 2010 1
28 1644 1
1348 1670 1
797 1348 1
812 1695 1
10 578 1
1668 2003 1
2001 2013 1
1371 1377 1
39 566 1
8 1354 1
1660 2300 1
1647 2308 1
1647 1673 1
15 1647 1
774 1675 1
1349 2018 1
595 2285 1
13 778 1
38 796 1
39 39 1
603 1984 1
795 1343 1
555 586 1
599 808 1
1686 2027 1
18 556 1
562 2292 1
2018 2286 1
1349 2286 1
1338 2025 1
31 1686 1
31 2027 1
774 2285 1
1675 2285 1
595 774 1
1352 1687 1
770 1672 1
580 1360 1
580 1665 1
580 772 1
1678 1682 1
1360 2028 1
580 2028 1
1665 2028 1
772 2028 1
1679 1680 1
1650 1679 1
1699 2020 1
799 1658 1
791 1647 1
791 1673 1
791 2308 1
15 791 1
1370 1650 1
1370 1680 1
1370 1679 1
782 2020 1
782 1699 1
14 1689 1
569 1689 1
14 569 1
1655 2304 1
1361 1647 1
1361 1673 1
791 1361 1
1361 2308 1
15 1361 1
584 1369 1
1654 2019 1
773 1995 1
1652 2309 1
558 1375 1
1994 2009 1
578 599 1
10 599 1
578 808 1
1670 2292 1
1348 2292 1
797 2292 1
562 1670 1
778 1675 1
13 1675 1
778 2285 1
774 778 1
797 804 1
804 2292 1
804 1348 1
804 1670 1
2016 2286 1
2016 2018 1
1349 2016 1
1 1346 1
1366 2306 1
560 1361 1
560 2308 1
560 1673 1
15 560 1
560 791 1
560 1647 1
18 1341 1
556 1341 1
583 777 1
777 2010 1
777 1988 1
579 2013 1
579 2001 1
6 1351 1
1669 2284 1
1361 1649 1
1649 2308 1
1649 1673 1
15 1649 1
560 1649 1
791 1649 1
1647 1649 1
45 1361 1
564 602 1
1675 1678 1
778 1678 1
1678 2285 1
774 1678 1
13 1678 1
1675 1682 1
572 602 1
564 572 1
1650 2000 1
1680 2000 1
1370 2000 1
1679 2000 1
1375 1667 1
558 1667 1
1677 2019 1
1654 1677 1
6 1348 1
1348 1351 1
6 804 1
6 1670 1
6 2292 1
6 797 1
564 2001 1
602 2001 1
572 2001 1
564 579 1
564 2013 1
1336 1655 1
1336 2304 1
18 1338 1
556 1338 1
1338 1341 1
18 2025 1
77 935 1
69 948 1
60 944 1
73 914 1
65 836 1
122 896 1
1714 2269 1
824 925 1
817 886 1
835 907 1
817 2269 1
886 2269 1
817 1714 1
64 70 1
95 897 1
824 858 1
858 925 1
89 813 1
64 878 1
70 878 1
890 1701 1
2051 2257 1
834 2271 1
870 1718 1
77 2067 1
935 2067 1
838 845 1
48 818 1
874 1701 1
874 890 1
83 855 1
815 2264 1
900 1717 1
133 1712 1
122 876 1
876 896 1
916 928 1
914 2270 1
73 2270 1
1708 2056 1
852 910 1
855 1710 1
83 1710 1
856 2273 1
826 2279 1
849 2043 1
2046 2254 1
856 945 1
945 2273 1
813 2273 1
89 2273 1
813 856 1
813 945 1
97 2045 1
122 830 1
830 896 1
830 876 1
907 2071 1
835 2071 1
856 1711 1
1711 2273 1
813 1711 1
945 1711 1
74 1728 1
925 2272 1
824 2272 1
858 2272 1
814 823 1
833 2262 1
949 1728 1
74 949 1
890 2034 1
874 2034 1
1701 2034 1
856 881 1
881 2273 1
881 1711 1
813 881 1
881 945 1
58 1713 1
870 948 1
948 1718 1
69 870 1
121 856 1
121 2273 1
121 945 1
121 813 1
121 1711 1
121 881 1
818 2053 1
48 2053 1
120 920 1
814 1705 1
823 1705 1
861 1727 1
829 2260 1
854 942 1
856 2057 1
2057 2273 1
945 2057 1
813 2057 1
1711 2057 1
881 2057 1
121 2057 1
883 2038 1
854 937 1
937 942 1
863 873 1
836 2067 1
65 2067 1
77 836 1
836 935 1
940 2262 1
833 940 1
851 2067 1
65 851 1
836 851 1
77 851 1
851 935 1
898 939 1
136 832 1
100 2251 1
941 1708 1
941 2056 1
895 2251 1
100 895 1
107 848 1
940 2257 1
833 2257 1
2257 2262 1
940 2051 1
2035 2256 1
72 914 1
72 73 1
72 2270 1
1705 2060 1
814 2060 1
823 2060 1
875 918 1
915 2265 1
878 942 1
64 942 1
70 942 1
878 937 1
854 878 1
1723 2052 1
125 942 1
64 125 1
70 125 1
125 937 1
125 878 1
125 854 1
83 890 1
890 1710 1
855 890 1
83 1701 1
83 874 1
83 2034 1
57 2261 1
843 2036 1
813 831 1
831 2273 1
831 945 1
831 2057 1
831 1711 1
831 881 1
121 831 1
831 856 1
89 831 1
183 2089 1
1760 2232 1
1749 1751 1
146 148 1
164 982 1
200 995 1
223 2240 1
1732 2223 1
228 2241 1
145 987 1
230 2245 1
670 972 1
155 986 1
229 996 1
653 1734 1
193 1001 1
954 2230 1
656 989 1
168 225 1
190 1392 1
232 1734 1
232 653 1
959 960 1
1388 1732 1
1388 2223 1
160 198 1
171 1740 1
151 2223 1
151 1388 1
151 1732 1
172 2086 1
974 2241 1
228 974 1
160 617 1
198 617 1
667 2085 1
970 2084 1
211 2089 1
183 211 1
224 642 1
628 662 1
226 977 1
626 2233 1
162 2089 1
162 211 1
162 183 1
146 174 1
148 174 1
181 1730 1
186 634 1
1761 2088 1
163 955 1
197 206 1
618 955 1
163 618 1
152 990 1
143 1741 1
184 636 1
177 1754 1
203 2223 1
203 1388 1
203 1732 1
151 203 1
638 2092 1
159 614 1
970 2232 1
2084 2232 1
970 1760 1
657 2220 1
661 2230 1
661 954 1
1013 2083 1
1731 2241 1
228 1731 1
974 1731 1
170 202 1
1382 1397 1
163 210 1
210 618 1
210 955 1
138 2234 1
204 987 1
145 204 1
212 1758 1
181 664 1
664 1730 1
632 968 1
160 621 1
617 621 1
198 621 1
1379 2240 1
223 1379 1
1381 2078 1
205 1740 1
171 205 1
160 1741 1
617 1741 1
621 1741 1
198 1741 1
143 160 1
614 650 1
159 650 1
226 971 1
971 977 1
156 962 1
1008 2241 1
1008 1731 1
228 1008 1
974 1008 1
625 663 1
208 612 1
617 2231 1
160 2231 1
621 2231 1
198 2231 1
1741 2231 1
1393 1737 1
163 2243 1
618 2243 1
955 2243 1
210 2243 1
229 2236 1
996 2236 1
625 2083 1
663 2083 1
625 1013 1
965 1401 1
196 664 1
196 1730 1
181 196 1
184 995 1
636 995 1
184 200 1
147 1743 1
187 219 1
642 1002 1
224 1002 1
976 1738 1
1382 1737 1
1397 1737 1
1382 1393 1
964 1384 1
189 1757 1
164 2076 1
982 2076 1
964 2245 1
1384 2245 1
230 964 1
212 1384 1
1384 1758 1
212 964 1
212 2245 1
1759 1759 1
145 969 1
969 987 1
204 969 1
230 1394 1
964 1394 1
1394 2245 1
219 1397 1
187 1397 1
219 1737 1
219 1382 1
143 2233 1
160 2233 1
1741 2233 1
143 626 1
254 380 1
320 1436 1
344 1419 1
297 2096 1
249 1431 1
266 1043 1
245 2193 1
262 294 1
257 1014 1
254 1055 1
380 1055 1
331 2214 1
287 1026 1
373 681 1
281 312 1
690 1428 1
679 2093 1
250 377 1
1430 2099 1
271 292 1
270 313 1
334 1411 1
273 309 1
681 702 1
373 702 1
697 1058 1
235 268 1
327 2194 1
328 2217 1
244 278 1
358 2211 1
252 368 1
1432 2208 1
2093 2202 1
679 2202 1
242 1430 1
242 2099 1
688 1032 1
1030 1033 1
301 388 1
278 335 1
244 335 1
1062 1762 1
338 350 1
1765 2214 1
331 1765 1
331 2207 1
1765 2207 1
2207 2214 1
363 2196 1
300 697 1
300 1058 1
1031 1060 1
234 1041 1
256 276 1
255 309 1
255 273 1
2196 2202 1
363 2202 1
2093 2196 1
679 2196 1
239 1436 1
239 320 1
326 338 1
326 350 1
1768 2192 1
255 1421 1
273 1421 1
309 1421 1
361 1048 1
686 2214 1
331 686 1
686 1765 1
686 2207 1
249 1069 1
1069 1431 1
310 330 1
1414 2096 1
297 1414 1
346 1424 1
389 391 1
266 702 1
702 1043 1
266 681 1
266 373 1
1028 2217 1
328 1028 1
242 1431 1
1431 2099 1
1430 1431 1
242 249 1
242 1069 1
359 1765 1
331 359 1
359 686 1
359 2214 1
359 2207 1
678 1424 1
346 678 1
295 1039 1
234 1025 1
1025 1041 1
1056 1063 1
312 1056 1
281 1056 1
312 1063 1
1764 2216 1
699 1415 1
259 343 1
234 294 1
294 1041 1
294 1025 1
234 262 1
386 1027 1
348 361 1
348 1048 1
234 1020 1
1020 1041 1
262 1020 1
294 1020 1
1020 1025 1
352 1409 1
279 1767 1
688 1412 1
1032 1412 1
1069 1407 1
249 1407 1
242 1407 1
1407 1431 1
695 2210 1
390 694 1
1769 2198 1
276 363 1
256 363 1
276 2202 1
276 2196 1
345 1034 1
356 701 1
258 1047 1
1427 1434 1
678 1419 1
1419 1424 1
346 1419 1
344 678 1
234 2203 1
1025 2203 1
294 2203 1
262 2203 1
1041 2203 1
1020 2203 1
377 1768 1
250 1768 1
377 2192 1
284 305 1
376 1017 1
378 2219 1
312 312 1
345 700 1
700 1034 1
261 1014 1
257 261 1
297 2196 1
2096 2196 1
1414 2196 1
297 679 1
297 363 1
297 2093 1
276 297 1
297 2202 1
445 448 1
1469 1559 1
454 462 1
1259 1272 1
397 1558 1
1447 1538 1
1276 1288 1
460 1522 1
1485 1558 1
397 1485 1
1452 2170 1
486 1442 1
1252 1287 1
471 1276 1
471 1288 1
1486 1499 1
1443 1575 1
487 1558 1
397 487 1
487 1485 1
1534 1555 1
412 1255 1
1520 1523 1
1491 1570 1
458 1512 1
488 1523 1
488 1520 1
449 1502 1
1508 1584 1
463 1463 1
1480 2181 1
1241 1534 1
1241 1555 1
1458 1505 1
1554 1582 1
1453 1465 1
1264 1273 1
474 475 1
1546 2177 1
434 479 1
1450 2162 1
424 1457 1
477 2177 1
477 1546 1
456 1496 1
1465 1498 1
1453 1498 1
1476 2160 1
491 1554 1
491 1582 1
1245 1277 1
475 1488 1
474 1488 1
460 468 1
468 1522 1
473 1512 1
458 473 1
1266 1552 1
473 1471 1
1471 1512 1
458 1471 1
437 450 1
475 1532 1
1488 1532 1
474 1532 1
444 447 1
430 1479 1
414 1249 1
1287 1534 1
1252 1534 1
1241 1287 1
1287 1555 1
1275 1449 1
1485 1515 1
397 1515 1
1515 1558 1
487 1515 1
1245 1517 1
1277 1517 1
1447 1561 1
1538 1561 1
1264 1461 1
1273 1461 1
1258 1544 1
411 1484 1
417 489 1
1556 1572 1
1444 1448 1
1533 2187 1
1472 1573 1
1257 2166 1
426 475 1
426 1488 1
426 474 1
426 1532 1
1288 1574 1
1276 1574 1
471 1574 1
428 1493 1
1462 1579 1
1445 1499 1
1445 1486 1
1564 1574 1
1288 1564 1
1276 1564 1
471 1564 1
469 1529 1
1268 1475 1
1264 1465 1
1273 1465 1
1461 1465 1
1264 1498 1
1264 1453 1
421 423 1
2162 2185 1
1450 2185 1
427 1511 1
1495 1501 1
1247 1261 1
417 1545 1
489 1545 1
1569 2168 1
1501 2180 1
1495 2180 1
491 1448 1
1448 1554 1
1448 1582 1
491 1444 1
1559 2184 1
1469 2184 1
455 1535 1
1493 1552 1
428 1552 1
1266 1493 1
1483 1548 1
1496 1543 1
456 1543 1
397 1577 1
1515 1577 1
1485 1577 1
1558 1577 1
487 1577 1
406 1518 1
1487 1578 1
452 1537 1
429 1489 1
460 461 1
461 1522 1
461 468 1
461 1544 1
468 1544 1
1522 1544 1
460 1544 1
461 1258 1
1467 2162 1
1467 2185 1
1450 1467 1
466 1249 1
414 466 1
1244 1537 1
452 1244 1
479 1456 1
434 1456 1
1522 1564 1
1544 1564 1
468 1564 1
460 1564 1
461 1564 1
1522 1574 1
1288 1522 1
471 1522 1
1276 1522 1
554 2157 1
526 751 1
1915 2154 1
545 1936 1
1909 1967 1
516 538 1
532 1604 1
1624 1912 1
545 739 1
739 1936 1
1922 2132 1
512 1971 1
1622 1914 1
533 1334 1
745 762 1
515 1309 1
1969 2151 1
530 1918 1
1936 1941 1
545 1941 1
739 1941 1
506 1983 1
726 1593 1
519 2138 1
708 1596 1
736 1595 1
537 741 1
740 741 1
537 740 1
532 711 1
711 1604 1
758 1635 1
1299 1314 1
1617 1937 1
1622 1631 1
1631 1914 1
759 1307 1
507 1611 1
710 730 1
1603 1970 1
1329 1606 1
714 1587 1
719 1323 1
734 1936 1
545 734 1
734 739 1
734 1941 1
1334 1629 1
533 1629 1
1928 2152 1
1611 2131 1
507 2131 1
497 1620 1
1590 2135 1
1608 1943 1
1640 1640 1
1635 1967 1
758 1967 1
1635 1909 1
724 1596 1
708 724 1
524 1334 1
524 533 1
524 1629 1
1954 2157 1
554 1954 1
511 711 1
511 1604 1
511 532 1
496 713 1
520 1636 1
1963 1976 1
503 2135 1
503 1590 1
539 1626 1
1294 1920 1
1312 2135 1
1312 1590 1
503 1312 1
515 706 1
706 1309 1
734 1946 1
1936 1946 1
545 1946 1
739 1946 1
1941 1946 1
1951 1982 1
715 1955 1
1972 2157 1
554 1972 1
1954 1972 1
1319 1971 1
512 1319 1
1608 1938 1
1938 1943 1
504 2150 1
542 1328 1
496 1598 1
713 1598 1
710 1935 1
730 1935 1
503 712 1
712 1312 1
712 1590 1
712 2135 1
1925 2143 1
501 545 1
501 739 1
501 1936 1
501 1941 1
501 1946 1
501 734 1
1329 1912 1
1606 1912 1
1329 1624 1
540 758 1
540 1635 1
540 1967 1
511 1930 1
532 1930 1
1604 1930 1
711 1930 1
1614 1979 1
719 1628 1
1323 1628 1
545 1627 1
739 1627 1
1627 1936 1
1627 1941 1
1627 1946 1
734 1627 1
501 1627 1
1305 1945 1
1909 1955 1
1635 1955 1
1955 1967 1
715 1909 1
1905 1919 1
1319 1935 1
512 1935 1
1935 1971 1
730 1319 1
710 1319 1
759 1302 1
1302 1307 1
729 1293 1
713 742 1
496 742 1
742 1598 1
730 1938 1
1319 1938 1
710 1938 1
1935 1938 1
730 1608 1
730 1943 1
520 1322 1
1322 1636 1
748 1304 1
496 546 1
546 713 1
546 742 1
546 1598 1
1294 2154 1
1920 2154 1
1294 1915 1
1125 1804 1
1193 1197 1
1206 1846 1
1111 1778 1
1147 1902 1
1081 1092 1
1209 1817 1
1076 1124 1
1179 1841 1
1127 1872 1
1152 1822 1
1126 1809 1
1157 1169 1
1120 2104 1
1173 1775 1
1194 2121 1
1789 1853 1
2109 2122 1
1073 1224 1
1886 2113 1
1818 1851 1
1175 2111 1
1113 1855 1
1107 1217 1
1111 1217 1
1217 1778 1
1107 1111 1
1159 1777 1
1079 1775 1
1079 1173 1
1159 1165 1
1165 1777 1
1825 2102 1
1182 1205 1
1774 1891 1
1810 1821 1
2124 2126 1
1852 1885 1
1153 1236 1
1184 1237 1
1218 1871 1
1140 1781 1
1172 1793 1
1118 1168 1
1216 1856 1
1164 1191 1
1203 1889 1
1835 2113 1
1835 1886 1
1103 1867 1
1216 1225 1
1225 1856 1
1818 2124 1
1851 2124 1
1818 2126 1
1074 1189 1
1138 1871 1
1138 1218 1
1225 2113 1
1216 2113 1
1856 2113 1
1225 1835 1
1225 1886 1
1136 1193 1
1136 1197 1
1791 1844 1
1209 1888 1
1817 1888 1
1223 1839 1
1802 2120 1
1077 1106 1
1853 1879 1
1789 1879 1
1161 1216 1
1161 1856 1
1161 1225 1
1161 2113 1
1783 1852 1
1783 1885 1
1076 1123 1
1123 1124 1
1133 1174 1
1233 2111 1
1175 1233 1
1073 1074 1
1074 1224 1
1073 1189 1
1077 1083 1
1083 1106 1
1207 1889 1
1203 1207 1
1167 1190 1
1109 1778 1
1109 1217 1
1109 1111 1
1197 1833 1
1136 1833 1
1193 1833 1
1177 1887 1
1200 1240 1
1113 2123 1
1855 2123 1
1142 1818 1
1142 1851 1
1142 2124 1
1142 2126 1
1188 1776 1
1873 2108 1
1086 1109 1
1086 1217 1
1086 1778 1
1086 1111 1
1090 1214 1
1211 1827 1
1145 1901 1
1117 1882 1
1893 2101 1
1114 1825 1
1114 2102 1
1224 1807 1
1073 1807 1
1074 1807 1
1167 1879 1
1190 1879 1
1167 1853 1
1167 1789 1
1176 1839 1
1176 1223 1
1073 1127 1
1127 1224 1
1074 1127 1
1127 1189 1
1127 1807 1
1073 1872 1
1117 1233 1
1233 1882 1
1117 1175 1
1117 2111 1
1889 2100 1
1203 2100 1
1207 2100 1
1900 2128 1
1146 1883 1
1086 2102 1
1217 2102 1
1778 2102 1
1109 2102 1
1111 2102 1
1086 1825 1
1086 1114 1
2119 2129 1
1159 1215 1
1215 1777 1
1165 1215 1
1158 1839 1
1158 1176 1
1158 1223 1
1157 1894 1
1169 1894 1
1220 1827 1
1211 1220 1
1806 1864 1
1845 1900 1
1845 2128 1
1086 2120 1
1217 2120 1
1825 2120 1
1778 2120 1
1109 2120 1
2102 2120 1
1111 2120 1
1114 2120 1
1086 1802 1
701 1446 -1
356 1446 -1
738 782 -1
738 1699 -1
738 2020 -1
1676 2134 -1
226 731 -1
731 977 -1
731 971 -1
256 1013 -1
363 1013 -1
276 1013 -1
256 625 -1
256 2083 -1
1137 1252 -1
1137 1534 -1
1137 1287 -1
1323 2078 -1
1628 2078 -1
719 2078 -1
1323 1381 -1
799 1781 -1
1658 1781 -1
799 1140 -1
317 2286 -1
317 2016 -1
317 2018 -1
317 1349 -1
1310 1670 -1
1310 1348 -1
6 1310 -1
562 1310 -1
1310 2292 -1
804 1310 -1
797 1310 -1
372 1333 -1
190 1557 -1
1392 1557 -1
534 1090 -1
534 1214 -1
222 465 -1
1138 1678 -1
1218 1678 -1
1678 1871 -1
774 1138 -1
778 1138 -1
1138 1675 -1
13 1138 -1
1138 2285 -1
1138 1682 -1
383 1882 -1
383 1233 -1
383 1117 -1
1742 1919 -1
1742 1905 -1
990 1548 -1
152 1548 -1
990 1483 -1
544 685 -1
1512 2204 -1
473 2204 -1
458 2204 -1
1471 2204 -1
117 2020 -1
117 1699 -1
117 782 -1
1046 1963 -1
1046 1976 -1
241 1528 -1
274 936 -1
101 1444 -1
101 1448 -1
101 491 -1
1544 1697 -1
1258 1697 -1
460 1697 -1
461 1697 -1
1522 1697 -1
468 1697 -1
1564 1697 -1
1236 1248 -1
1153 1248 -1
191 816 -1
118 1880 -1
236 960 -1
236 959 -1
1424 1981 -1
346 1981 -1
1419 1981 -1
678 1981 -1
520 1146 -1
1146 1322 -1
1146 1636 -1
520 1883 -1
1746 2134 -1
891 1141 -1
1727 1805 -1
861 1805 -1
79 1062 -1
79 1762 -1
394 1340 -1
623 731 -1
67 660 -1
163 672 -1
618 672 -1
672 955 -1
210 672 -1
672 2243 -1
60 1023 -1
944 1023 -1
1440 1913 -1
460 1890 -1
1544 1890 -1
1564 1890 -1
1522 1890 -1
468 1890 -1
461 1890 -1
360 419 -1
619 825 -1
1 1240 -1
1240 1346 -1
1 1200 -1
1042 1642 -1
12 2159 -1
814 1278 -1
1278 1705 -1
1278 2060 -1
823 1278 -1
1597 2123 -1
1113 1597 -1
1597 1855 -1
252 561 -1
368 561 -1
1381 1625 -1
1625 2078 -1
1063 2089 -1
1056 2089 -1
312 2089 -1
162 1063 -1
211 1063 -1
183 1063 -1
772 1082 -1
1082 1360 -1
1082 1665 -1
580 1082 -1
1082 2028 -1
345 1459 -1
1034 1459 -1
700 1459 -1
673 1803 -1
326 1982 -1
338 1982 -1
350 1982 -1
326 1951 -1
1889 2156 -1
1203 2156 -1
2100 2156 -1
1207 2156 -1
670 1088 -1
972 1088 -1
506 961 -1
961 1983 -1
1085 2171 -1
645 1410 -1
1606 2071 -1
1912 2071 -1
1329 2071 -1
835 1606 -1
907 1606 -1
13 1019 -1
778 1019 -1
1019 1675 -1
1019 1678 -1
979 1025 -1
979 1041 -1
234 979 -1
979 2203 -1
979 1020 -1
294 979 -1
1285 1328 -1
542 1285 -1
908 1398 -1
165 1570 -1
165 1491 -1
849 2187 -1
2043 2187 -1
849 1533 -1
73 560 -1
72 560 -1
560 914 -1
560 2270 -1
73 2308 -1
73 1649 -1
73 1673 -1
15 73 -1
73 1361 -1
73 791 -1
73 1647 -1
1256 1778 -1
1217 1256 -1
1256 2120 -1
1109 1256 -1
1256 2102 -1
1111 1256 -1
1086 1256 -1
46 1222 -1
679 1542 -1
297 1542 -1
1542 2202 -1
1542 2196 -1
1542 2093 -1
137 1326 -1
41 1626 -1
41 539 -1
859 2105 -1
314 565 -1
223 1776 -1
1776 2240 -1
1379 1776 -1
223 1188 -1
1103 1263 -1
1263 1867 -1
213 2099 -1
213 242 -1
213 1430 -1
213 1431 -1
449 1972 -1
1502 1972 -1
449 554 -1
449 2157 -1
449 1954 -1
570 1494 -1
48 1311 -1
818 1311 -1
1311 2053 -1
483 1418 -1
1788 2220 -1
657 1788 -1
1213 1554 -1
1213 1448 -1
491 1213 -1
1213 1582 -1
45 1013 -1
1013 1649 -1
1013 1361 -1
45 625 -1
45 2083 -1
521 2073 -1
481 1609 -1
227 536 -1
463 790 -1
790 1463 -1
1547 2155 -1
563 1150 -1
820 1293 -1
729 820 -1
969 1336 -1
145 1336 -1
987 1336 -1
204 1336 -1
969 2304 -1
969 1655 -1
968 1123 -1
632 1123 -1
968 1124 -1
968 1076 -1
309 1620 -1
273 1620 -1
1421 1620 -1
255 1620 -1
309 497 -1
1878 2272 -1
824 1878 -1
858 1878 -1
925 1878 -1
610 1052 -1
1595 2234 -1
736 2234 -1
138 1595 -1
1351 2157 -1
1348 2157 -1
6 2157 -1
554 1351 -1
1351 1972 -1
1351 1954 -1
209 1303 -1
33 2085 -1
33 667 -1
1360 1833 -1
580 1833 -1
1665 1833 -1
772 1833 -1
1833 2028 -1
1136 1360 -1
1193 1360 -1
1197 1360 -1
565 878 -1
64 565 -1
70 565 -1
565 937 -1
565 942 -1
565 854 -1
125 565 -1
63 654 -1
1100 1676 -1
624 1992 -1
451 1645 -1
1268 2139 -1
1475 2139 -1
797 1259 -1
1259 2292 -1
1259 1348 -1
6 1259 -1
1259 1670 -1
804 1259 -1
797 1272 -1
18 1623 -1
1623 2025 -1
1338 1623 -1
556 1623 -1
1341 1623 -1
637 1485 -1
637 1577 -1
637 1515 -1
397 637 -1
637 1558 -1
487 637 -1
1540 1884 -1
1320 1678 -1
774 1320 -1
778 1320 -1
1320 1675 -1
13 1320 -1
1320 2285 -1
1320 1682 -1
430 800 -1
800 1479 -1
498 1794 -1
771 1485 -1
771 1577 -1
771 1515 -1
397 771 -1
771 1558 -1
487 771 -1
639 821 -1
314 2300 -1
314 1660 -1
1279 1990 -1
99 1280 -1
1552 2042 -1
1266 2042 -1
428 2042 -1
1493 2042 -1
981 1515 -1
981 1577 -1
487 981 -1
981 1485 -1
981 1558 -1
397 981 -1
24 707 -1
2068 2303 -1
99 998 -1
558 946 -1
946 1667 -1
946 1375 -1
142 541 -1
839 1308 -1
1215 1486 -1
1486 1777 -1
1165 1486 -1
1159 1486 -1
1215 1499 -1
1215 1445 -1
748 1568 -1
1304 1568 -1
1194 2136 -1
2121 2136 -1
1144 1383 -1
322 1224 -1
322 1073 -1
322 1074 -1
322 1127 -1
322 1807 -1
609 671 -1
876 1119 -1
896 1119 -1
122 1119 -1
830 1119 -1
714 1524 -1
1524 1587 -1
1789 1959 -1
1167 1959 -1
1853 1959 -1
1879 1959 -1
95 570 -1
570 897 -1
992 1449 -1
992 1275 -1
169 547 -1
381 913 -1
1477 1835 -1
1477 2113 -1
1477 1886 -1
1225 1477 -1
1095 1332 -1
390 1832 -1
694 1832 -1
437 1805 -1
450 1805 -1
962 1304 -1
156 1304 -1
748 962 -1
760 1870 -1
741 2024 -1
537 2024 -1
740 2024 -1
980 1230 -1
864 1455 -1
1454 1779 -1
548 1822 -1
548 1152 -1
263 2046 -1
263 2254 -1
179 899 -1
2132 2283 -1
1922 2283 -1
973 2173 -1
897 1162 -1
95 1162 -1
205 1233 -1
171 1233 -1
1233 1740 -1
205 1882 -1
205 1175 -1
205 1117 -1
205 2111 -1
872 1743 -1
147 872 -1
1251 2140 -1
1320 2075 -1
991 1026 -1
287 991 -1
487 2208 -1
1577 2208 -1
1515 2208 -1
397 2208 -1
1558 2208 -1
1485 2208 -1
487 1432 -1
954 1152 -1
661 1152 -1
1152 2230 -1
954 1822 -1
1821 2059 -1
1810 2059 -1
474 554 -1
554 1488 -1
426 554 -1
475 554 -1
554 1532 -1
474 1954 -1
474 1972 -1
474 2157 -1
237 739 -1
237 545 -1
237 1936 -1
237 1941 -1
237 1946 -1
237 1627 -1
237 734 -1
237 501 -1
1260 1891 -1
1260 1774 -1
538 1407 -1
516 1407 -1
249 538 -1
242 538 -1
538 1069 -1
538 1431 -1
537 2055 -1
740 2055 -1
741 2055 -1
493 635 -1
189 2308 -1
1757 2308 -1
189 1649 -1
189 1673 -1
189 1647 -1
189 560 -1
189 1361 -1
189 791 -1
15 189 -1
1623 1799 -1
798 2132 -1
798 1922 -1
570 1273 -1
570 1264 -1
570 1465 -1
570 1461 -1
1084 2087 -1
733 1853 -1
733 1167 -1
733 1789 -1
733 1879 -1
411 1091 -1
1091 1484 -1
1558 1832 -1
1577 1832 -1
1515 1832 -1
487 1832 -1
397 1832 -1
1485 1832 -1
36 2176 -1
119 255 -1
119 273 -1
119 309 -1
119 1421 -1
948 1931 -1
69 1931 -1
870 1931 -1
1718 1931 -1
272 1162 -1
1418 1539 -1
433 918 -1
433 875 -1
87 644 -1
2173 2233 -1
160 2173 -1
626 2173 -1
1741 2173 -1
143 2173 -1
1221 1509 -1
1471 1861 -1
1512 1861 -1
473 1861 -1
458 1861 -1
260 1214 -1
260 1090 -1
871 2282 -1
833 2175 -1
2175 2257 -1
940 2175 -1
2175 2262 -1
1127 2168 -1
1189 2168 -1
1224 2168 -1
1807 2168 -1
1872 2168 -1
1073 2168 -1
1074 2168 -1
1127 1569 -1
1508 1761 -1
1584 1761 -1
1508 2088 -1
391 1446 -1
389 1446 -1
538 1022 -1
516 1022 -1
1088 1296 -1
247 1533 -1
247 2187 -1
539 2285 -1
1626 2285 -1
539 778 -1
539 595 -1
539 1675 -1
539 1678 -1
539 774 -1
1360 1887 -1
580 1887 -1
1665 1887 -1
772 1887 -1
1887 2028 -1
1177 1360 -1
615 1939 -1
727 1994 -1
727 2009 -1
468 2014 -1
1544 2014 -1
1564 2014 -1
1522 2014 -1
460 2014 -1
461 2014 -1
1622 2204 -1
1914 2204 -1
1631 2204 -1
1422 1559 -1
1422 2184 -1
1422 1469 -1
1589 1764 -1
1589 2216 -1
1160 1295 -1
1674 2087 -1
1556 1733 -1
1572 1733 -1
1279 1950 -1
1548 1670 -1
1483 1670 -1
1348 1548 -1
6 1548 -1
562 1548 -1
1548 2292 -1
804 1548 -1
797 1548 -1
411 1651 -1
1484 1651 -1
346 1524 -1
1424 1524 -1
1419 1524 -1
678 1524 -1
430 762 -1
762 1479 -1
430 745 -1
665 1071 -1
809 1463 -1
463 809 -1
1113 1549 -1
1549 2123 -1
1549 1855 -1
1145 1440 -1
1440 1901 -1
203 1495 -1
1495 1732 -1
151 1495 -1
1388 1495 -1
1495 2223 -1
203 2180 -1
203 1501 -1
1957 2038 -1
883 1957 -1
596 1225 -1
596 1216 -1
596 1856 -1
596 2113 -1
596 1161 -1
596 1835 -1
596 1886 -1
1544 2124 -1
1258 2124 -1
460 2124 -1
461 2124 -1
1522 2124 -1
468 2124 -1
1564 2124 -1
1544 1818 -1
1544 1851 -1
1142 1544 -1
1544 2126 -1
840 1865 -1
32 1482 -1
1445 1839 -1
1499 1839 -1
1486 1839 -1
1176 1445 -1
1158 1445 -1
1223 1445 -1
1550 1631 -1
1550 1914 -1
1550 1622 -1
654 1680 -1
654 2000 -1
654 1650 -1
654 1370 -1
654 1679 -1
976 1064 -1
1064 1738 -1
362 2047 -1
1594 2256 -1
1594 2035 -1
61 211 -1
61 2089 -1
61 162 -1
61 183 -1
326 938 -1
338 938 -1
350 938 -1
696 1637 -1
1460 1703 -1
1767 2101 -1
279 2101 -1
1767 1893 -1
1070 1289 -1
921 1451 -1
192 1924 -1
541 1214 -1
541 1090 -1
1012 1345 -1
1158 1626 -1
1176 1626 -1
1223 1626 -1
1626 1839 -1
539 1158 -1
844 1913 -1
740 2035 -1
537 2035 -1
741 2035 -1
740 2256 -1
839 1390 -1
704 768 -1
889 1739 -1
306 602 -1
306 572 -1
306 564 -1
306 2001 -1
515 606 -1
606 706 -1
606 1309 -1
1049 2025 -1
1049 1338 -1
18 1049 -1
1599 2066 -1
303 1388 -1
151 303 -1
303 1732 -1
203 303 -1
303 2223 -1
482 886 -1
482 817 -1
482 2269 -1
387 1104 -1
1574 2201 -1
1288 2201 -1
1564 2201 -1
1522 2201 -1
1276 2201 -1
471 2201 -1
513 1277 -1
513 1245 -1
513 1517 -1
160 597 -1
597 1741 -1
198 597 -1
597 617 -1
597 621 -1
143 597 -1
597 2231 -1
597 2233 -1
206 1947 -1
197 1947 -1
818 2169 -1
48 2169 -1
2053 2169 -1
385 1589 -1
68 1426 -1
1443 2221 -1
1575 2221 -1
309 423 -1
273 423 -1
423 1421 -1
255 423 -1
309 421 -1
59 1190 -1
59 1879 -1
59 1167 -1
2 427 -1
2 1511 -1
1904 2230 -1
954 1904 -1
661 1904 -1
2090 2149 -1
589 1714 -1
589 817 -1
589 2269 -1
670 1964 -1
972 1964 -1
1835 2034 -1
2034 2113 -1
1886 2034 -1
1225 2034 -1
890 1835 -1
83 1835 -1
874 1835 -1
1701 1835 -1
2191 2251 -1
100 2191 -1
895 2191 -1
1501 1859 -1
1859 2180 -1
1495 1859 -1
603 2273 -1
1984 2273 -1
603 881 -1
603 2057 -1
603 813 -1
603 1711 -1
603 945 -1
121 603 -1
603 856 -1
89 603 -1
603 831 -1
846 1121 -1
8 1426 -1
1354 1426 -1
998 1810 -1
998 1821 -1
342 1247 -1
342 1261 -1
646 1116 -1
150 1202 -1
1257 1983 -1
1983 2166 -1
506 1257 -1
1335 2244 -1
984 1849 -1
327 842 -1
842 2194 -1
387 1818 -1
387 1851 -1
387 2124 -1
387 1142 -1
387 2126 -1
214 281 -1
214 312 -1
214 1056 -1
414 2135 -1
1249 2135 -1
466 2135 -1
414 1312 -1
414 712 -1
414 1590 -1
414 503 -1
121 1987 -1
1987 2273 -1
945 1987 -1
1987 2057 -1
813 1987 -1
1711 1987 -1
881 1987 -1
856 1987 -1
831 1987 -1
1229 1411 -1
334 1229 -1
1046 2161 -1
342 2301 -1
571 2224 -1
569 1023 -1
1023 1689 -1
14 1023 -1
130 1109 -1
130 1217 -1
130 2120 -1
130 1778 -1
130 2102 -1
130 1111 -1
130 1086 -1
497 2207 -1
1620 2207 -1
359 497 -1
331 497 -1
497 1765 -1
497 2214 -1
497 686 -1
417 1087 -1
489 1087 -1
1087 1545 -1
908 1692 -1
347 1099 -1
307 2016 -1
307 2018 -1
307 1349 -1
307 2286 -1
206 1276 -1
197 1276 -1
206 1288 -1
206 1522 -1
206 1564 -1
206 1574 -1
206 471 -1
1458 1938 -1
1505 1938 -1
710 1458 -1
1319 1458 -1
1458 1608 -1
1458 1935 -1
1458 1943 -1
730 1458 -1
1452 1677 -1
1677 2170 -1
1452 2019 -1
1452 1654 -1
1184 1718 -1
1237 1718 -1
948 1184 -1
870 1184 -1
290 1985 -1
4 1623 -1
1315 2088 -1
1315 1761 -1
387 1158 -1
387 1176 -1
387 1223 -1
387 1839 -1
973 1325 -1
352 1150 -1
1150 1409 -1
1050 1096 -1
1197 1304 -1
1136 1304 -1
1193 1304 -1
1304 1833 -1
748 1197 -1
1446 2084 -1
1446 2232 -1
970 1446 -1
352 1157 -1
1157 1409 -1
352 1169 -1
352 1894 -1
71 378 -1
71 2219 -1
660 2264 -1
660 815 -1
1065 1598 -1
496 1065 -1
713 1065 -1
546 1065 -1
742 1065 -1
1413 1745 -1
916 1883 -1
928 1883 -1
916 1146 -1
865 1528 -1
1496 1629 -1
456 1629 -1
1543 1629 -1
524 1496 -1
533 1496 -1
1334 1496 -1
1610 1805 -1
1479 1735 -1
430 1735 -1
822 1858 -1
977 2269 -1
226 2269 -1
971 2269 -1
817 977 -1
977 1714 -1
886 977 -1
661 1428 -1
954 1428 -1
1428 2230 -1
661 690 -1
1610 2051 -1
1610 2257 -1
940 1610 -1
461 673 -1
673 1544 -1
673 1258 -1
460 673 -1
673 1522 -1
468 673 -1
673 1564 -1
122 2154 -1
896 2154 -1
876 2154 -1
830 2154 -1
122 1920 -1
122 1915 -1
122 1294 -1
1896 2066 -1
94 620 -1
226 1534 -1
977 1534 -1
971 1534 -1
226 1241 -1
226 1555 -1
226 1252 -1
226 1287 -1
1990 2184 -1
1469 1990 -1
1559 1990 -1
534 590 -1
1619 1686 -1
1619 2027 -1
31 1619 -1
162 378 -1
378 2089 -1
211 378 -1
183 378 -1
162 2219 -1
1058 1563 -1
697 1563 -1
300 1563 -1
1951 2020 -1
1982 2020 -1
1699 1951 -1
782 1951 -1
789 1724 -1
334 1292 -1
1292 1411 -1
1539 2127 -1
206 459 -1
197 459 -1
1374 1614 -1
1374 1979 -1
441 2271 -1
441 834 -1
221 292 -1
221 271 -1
15 427 -1
427 2308 -1
427 1649 -1
427 1673 -1
427 1647 -1
427 560 -1
427 1361 -1
427 791 -1
15 1511 -1
117 201 -1
846 1734 -1
232 846 -1
653 846 -1
163 1840 -1
618 1840 -1
955 1840 -1
210 1840 -1
1840 2243 -1
429 1295 -1
1295 1489 -1
1023 1573 -1
1023 1472 -1
1476 2039 -1
2039 2160 -1
447 1319 -1
444 1319 -1
447 512 -1
447 710 -1
447 1935 -1
447 1938 -1
447 1971 -1
447 730 -1
85 1317 -1
316 1944 -1
50 359 -1
50 331 -1
50 2207 -1
50 1765 -1
50 686 -1
50 2214 -1
1362 1910 -1
561 1261 -1
561 1247 -1
140 1335 -1
856 1627 -1
1627 2273 -1
945 1627 -1
1627 2057 -1
813 1627 -1
1627 1711 -1
881 1627 -1
121 1627 -1
831 1627 -1
545 856 -1
739 856 -1
856 1936 -1
856 1941 -1
856 1946 -1
734 856 -1
501 856 -1
1094 2225 -1
168 1704 -1
225 1704 -1
1000 1171 -1
452 1230 -1
1230 1537 -1
1230 1244 -1
1560 1840 -1
163 1630 -1
618 1630 -1
955 1630 -1
210 1630 -1
1630 2243 -1
1655 2152 -1
2152 2304 -1
1336 2152 -1
1655 1928 -1
1467 2078 -1
2078 2185 -1
2078 2162 -1
1450 2078 -1
1381 1467 -1
464 1896 -1
1566 1693 -1
807 1513 -1
19 1318 -1
748 999 -1
999 1304 -1
18 920 -1
920 2025 -1
920 1338 -1
556 920 -1
920 1341 -1
18 120 -1
413 554 -1
413 1954 -1
413 1972 -1
413 2157 -1
750 2200 -1
548 694 -1
390 548 -1
268 1599 -1
235 1599 -1
736 1354 -1
1354 1595 -1
8 736 -1
302 1099 -1
695 1606 -1
1606 2210 -1
695 1912 -1
695 1329 -1
358 515 -1
515 2211 -1
358 706 -1
358 1309 -1
1226 1559 -1
1226 2184 -1
1226 1469 -1
423 826 -1
421 826 -1
423 2279 -1
42 135 -1
822 1882 -1
822 1233 -1
822 1117 -1
123 1279 -1
230 692 -1
692 1394 -1
692 964 -1
692 2245 -1
441 1232 -1
94 1040 -1
47 856 -1
47 2273 -1
47 945 -1
47 2057 -1
47 813 -1
47 1711 -1
47 881 -1
47 121 -1
47 831 -1
63 977 -1
63 226 -1
63 971 -1
1207 2288 -1
1889 2288 -1
1203 2288 -1
2100 2288 -1
1561 1689 -1
1538 1689 -1
1447 1689 -1
569 1561 -1
14 1561 -1
65 664 -1
664 851 -1
664 2067 -1
664 836 -1
65 1730 -1
65 196 -1
65 181 -1
