27 589 1
24 1689 1
30 576 1
592 2295 1
16 1694 1
804 1346 1
10 586 1
20 2009 1
9 579 1
1648 1665 1
563 586 1
10 563 1
1377 2015 1
16 1690 1
1690 1694 1
774 1364 1
24 792 1
792 1689 1
776 2007 1
565 607 1
5 2305 1
782 802 1
37 585 1
9 2309 1
579 2309 1
1373 1677 1
569 591 1
45 587 1
12 2308 1
42 2306 1
603 605 1
1351 2012 1
1374 1676 1
784 1676 1
784 1374 1
6 788 1
24 2284 1
792 2284 1
1689 2284 1
766 2013 1
36 1694 1
16 36 1
36 1690 1
586 771 1
10 771 1
563 771 1
1660 1695 1
575 1341 1
569 1339 1
591 1339 1
19 1365 1
5 1683 1
1683 2305 1
43 792 1
24 43 1
43 1689 1
43 2284 1
595 1987 1
1339 1377 1
569 1377 1
591 1377 1
1339 2015 1
5 1693 1
1693 2305 1
1683 1693 1
804 1351 1
1346 1351 1
804 2012 1
774 1361 1
1361 1364 1
1659 2011 1
596 1680 1
566 2286 1
796 1647 1
1 42 1
1 2306 1
1361 2014 1
1364 2014 1
774 2014 1
2014 2308 1
1361 2308 1
1364 2308 1
774 2308 1
12 2014 1
5 785 1
785 2305 1
785 1683 1
785 1693 1
1649 1653 1
1678 2025 1
601 800 1
10 582 1
582 771 1
582 586 1
563 582 1
786 2001 1
1339 2027 1
569 2027 1
2015 2027 1
1377 2027 1
591 2027 1
6 570 1
570 788 1
1668 2025 1
1668 1678 1
567 2015 1
567 1377 1
567 1339 1
567 2027 1
810 1650 1
10 1675 1
771 1675 1
586 1675 1
563 1675 1
582 1675 1
580 1368 1
28 563 1
28 771 1
28 582 1
28 586 1
28 1675 1
10 28 1
575 2028 1
1341 2028 1
555 2000 1
41 2003 1
35 1341 1
35 2028 1
35 575 1
573 1360 1
575 1358 1
35 1358 1
1358 2028 1
1341 1358 1
1375 2006 1
25 1347 1
1689 1698 1
24 1698 1
792 1698 1
43 1698 1
1698 2284 1
1363 1988 1
4 2300 1
2001 2006 1
786 2006 1
1375 2001 1
12 2299 1
2299 2308 1
2014 2299 1
1357 2299 1
1357 2308 1
12 1357 1
1357 2014 1
603 766 1
605 766 1
603 2013 1
5 2005 1
2005 2305 1
1683 2005 1
1693 2005 1
785 2005 1
1698 2005 1
43 2005 1
2005 2284 1
792 2005 1
24 2005 1
1689 2005 1
1698 2305 1
5 1698 1
785 1698 1
1683 1698 1
1693 1698 1
915 2069 1
127 876 1
854 1708 1
76 1710 1
78 2062 1
838 880 1
99 1703 1
891 2064 1
911 1723 1
869 2260 1
85 916 1
54 116 1
91 821 1
2071 2276 1
846 872 1
75 2071 1
75 2276 1
825 2279 1
108 1716 1
814 864 1
928 2054 1
60 2049 1
70 1706 1
950 1712 1
82 2035 1
49 877 1
867 2065 1
821 2064 1
91 2064 1
821 891 1
59 816 1
85 2062 1
916 2062 1
78 85 1
945 949 1
103 857 1
2259 2266 1
72 854 1
72 1708 1
837 846 1
837 872 1
868 932 1
91 866 1
866 2064 1
821 866 1
1700 1721 1
870 876 1
127 870 1
58 1702 1
1705 2039 1
839 2053 1
109 2041 1
60 1719 1
1719 2049 1
913 2259 1
913 2266 1
70 93 1
93 1706 1
822 894 1
66 869 1
66 2260 1
826 2050 1
59 916 1
816 916 1
59 85 1
59 2062 1
105 2046 1
48 79 1
63 858 1
78 817 1
85 817 1
817 2062 1
103 2253 1
857 2253 1
83 111 1
68 834 1
817 897 1
897 2062 1
85 897 1
78 897 1
82 898 1
898 2035 1
129 931 1
114 2034 1
826 2068 1
2050 2068 1
55 2061 1
90 830 1
851 2270 1
119 868 1
119 932 1
65 129 1
65 931 1
100 2064 1
100 866 1
91 100 1
100 891 1
100 821 1
929 2254 1
88 935 1
887 1713 1
837 935 1
872 935 1
846 935 1
88 837 1
2036 2059 1
950 2273 1
1712 2273 1
886 2045 1
60 907 1
907 2049 1
907 1719 1
932 2050 1
868 2050 1
119 2050 1
826 932 1
932 2068 1
126 906 1
2055 2056 1
881 2042 1
847 2279 1
825 847 1
902 1716 1
108 902 1
2044 2071 1
75 2044 1
2044 2276 1
63 2041 1
858 2041 1
63 109 1
883 2065 1
867 883 1
941 2057 1
110 1703 1
99 110 1
92 94 1
87 924 1
118 1722 1
134 2059 1
134 2036 1
62 2064 1
62 866 1
62 891 1
62 100 1
62 821 1
62 91 1
874 943 1
824 832 1
950 1722 1
1712 1722 1
1722 2273 1
118 950 1
2255 2259 1
913 2255 1
2255 2266 1
2048 2260 1
66 2048 1
869 2048 1
122 847 1
122 825 1
122 2279 1
879 933 1
873 914 1
816 1700 1
59 1700 1
916 1700 1
816 1721 1
137 163 1
213 996 1
200 2085 1
140 651 1
998 2076 1
1010 2084 1
223 642 1
955 2237 1
967 1405 1
140 2229 1
651 2229 1
970 2241 1
993 1748 1
1385 1397 1
1381 1387 1
651 1751 1
140 1751 1
1751 2229 1
141 643 1
145 1750 1
212 2073 1
632 956 1
953 1387 1
953 1381 1
1399 1741 1
619 632 1
619 956 1
140 629 1
629 651 1
629 2229 1
629 1751 1
175 179 1
145 662 1
662 1750 1
213 1739 1
996 1739 1
987 2247 1
957 962 1
613 614 1
197 227 1
646 989 1
1011 1393 1
139 619 1
139 632 1
139 956 1
175 214 1
179 214 1
1010 2226 1
2084 2226 1
1402 2085 1
200 1402 1
219 662 1
145 219 1
219 1750 1
1393 1760 1
1011 1760 1
184 223 1
184 642 1
622 2248 1
616 654 1
162 193 1
211 221 1
182 979 1
2227 2247 1
987 2227 1
640 1402 1
200 640 1
640 2085 1
1396 1761 1
228 2075 1
205 1751 1
205 651 1
140 205 1
205 2229 1
205 629 1
179 961 1
214 961 1
175 961 1
653 2084 1
653 1010 1
653 2226 1
154 2078 1
137 987 1
163 987 1
137 2227 1
137 2247 1
230 2226 1
230 1010 1
230 2084 1
230 653 1
185 1734 1
620 2223 1
151 219 1
145 151 1
151 1750 1
151 662 1
638 1738 1
644 2076 1
644 998 1
145 963 1
219 963 1
662 963 1
963 1750 1
151 963 1
188 1390 1
171 1736 1
187 1000 1
145 160 1
160 963 1
160 1750 1
160 662 1
151 160 1
160 219 1
655 2220 1
210 211 1
210 221 1
156 194 1
630 2249 1
981 1748 1
981 993 1
955 994 1
994 2237 1
159 190 1
626 978 1
1008 2223 1
620 1008 1
615 656 1
1760 2243 1
1393 2243 1
1011 2243 1
997 1382 1
979 1389 1
182 1389 1
196 219 1
160 196 1
196 963 1
196 662 1
145 196 1
196 1750 1
151 196 1
613 1746 1
614 1746 1
212 1393 1
1393 2073 1
212 1760 1
212 1011 1
212 2243 1
969 1741 1
969 1399 1
194 620 1
156 620 1
194 1008 1
194 2223 1
639 960 1
188 2235 1
1390 2235 1
1006 2227 1
137 1006 1
987 1006 1
1006 2247 1
214 639 1
639 961 1
179 639 1
175 639 1
214 960 1
357 1070 1
358 1026 1
369 2219 1
244 1432 1
388 674 1
382 2202 1
252 276 1
298 331 1
339 1416 1
249 382 1
249 2202 1
297 2099 1
1046 2094 1
263 361 1
282 376 1
295 1065 1
1064 1769 1
254 353 1
246 1056 1
1050 2190 1
302 314 1
254 1415 1
353 1415 1
384 695 1
297 2218 1
2099 2218 1
1059 2217 1
1016 1430 1
355 1422 1
247 336 1
1410 2202 1
249 1410 1
382 1410 1
351 1769 1
351 1064 1
286 342 1
260 1769 1
260 1064 1
260 351 1
1055 2191 1
318 677 1
383 695 1
383 384 1
305 315 1
1051 1436 1
247 1027 1
336 1027 1
265 371 1
255 683 1
254 343 1
343 353 1
343 1415 1
387 1038 1
291 327 1
259 684 1
325 326 1
240 308 1
354 2206 1
348 380 1
304 1770 1
392 689 1
673 699 1
272 367 1
286 312 1
312 342 1
283 342 1
283 312 1
283 286 1
362 2204 1
253 270 1
274 1066 1
280 1054 1
696 1436 1
696 1051 1
374 1025 1
378 1435 1
281 1414 1
241 342 1
241 312 1
241 283 1
241 286 1
250 698 1
257 675 1
261 329 1
325 1427 1
326 1427 1
1034 1408 1
287 1411 1
1053 1435 1
378 1053 1
358 2095 1
1026 2095 1
262 313 1
321 325 1
321 1427 1
321 326 1
1059 1425 1
1425 2217 1
256 387 1
256 1038 1
281 316 1
316 1414 1
303 2215 1
692 1430 1
692 1016 1
347 384 1
347 383 1
347 695 1
244 2199 1
1432 2199 1
242 354 1
242 2206 1
339 1025 1
1025 1416 1
339 374 1
347 692 1
384 692 1
692 695 1
383 692 1
347 1430 1
347 1016 1
369 681 1
681 2219 1
242 357 1
354 357 1
357 2206 1
242 1070 1
358 1063 1
1026 1063 1
1063 2095 1
326 2213 1
321 2213 1
1427 2213 1
325 2213 1
268 1069 1
303 677 1
677 2215 1
303 318 1
693 1768 1
342 2206 1
312 2206 1
241 2206 1
283 2206 1
286 2206 1
342 354 1
342 357 1
242 342 1
1026 1054 1
1054 1063 1
358 1054 1
1054 2095 1
280 1026 1
261 337 1
329 337 1
1412 2200 1
294 376 1
282 294 1
1773 2216 1
279 1051 1
279 696 1
279 1436 1
309 2195 1
690 1434 1
311 1407 1
345 1045 1
444 1276 1
1444 2174 1
425 1511 1
426 470 1
438 465 1
475 1517 1
1483 1503 1
441 1475 1
448 1283 1
1488 1509 1
1273 2189 1
485 1563 1
427 1458 1
407 2168 1
1263 1287 1
473 1245 1
1487 1556 1
441 1546 1
1475 1546 1
1259 1466 1
1451 1526 1
403 1556 1
403 1487 1
468 1528 1
1287 1503 1
1263 1503 1
1287 1483 1
1256 1536 1
421 1444 1
421 2174 1
398 450 1
1482 1576 1
397 477 1
440 1245 1
440 473 1
461 1507 1
1471 2178 1
1246 1469 1
397 1576 1
477 1576 1
397 1482 1
1265 1456 1
427 482 1
482 1458 1
1558 1582 1
1452 1509 1
1452 1488 1
403 1260 1
1260 1556 1
1260 1487 1
479 2175 1
1530 1534 1
1256 1474 1
1474 1536 1
1480 1528 1
468 1480 1
471 1494 1
1478 1534 1
1478 1530 1
475 1290 1
1290 1517 1
413 442 1
455 1272 1
481 2186 1
1470 2168 1
407 1470 1
490 705 1
467 1274 1
1280 1522 1
703 1284 1
1489 1528 1
1480 1489 1
468 1489 1
407 1244 1
1244 2168 1
1244 1470 1
400 486 1
1459 1562 1
1456 1473 1
1265 1473 1
395 484 1
423 1526 1
423 1451 1
1482 2168 1
1576 2168 1
397 2168 1
407 1482 1
1244 1482 1
1470 1482 1
471 1516 1
1494 1516 1
415 2161 1
472 1255 1
2170 2184 1
1449 1483 1
1287 1449 1
1449 1503 1
473 1518 1
440 1518 1
1245 1518 1
704 1497 1
1541 2183 1
1439 1441 1
1449 1515 1
1483 1515 1
1503 1515 1
1287 1515 1
1516 1572 1
1494 1572 1
471 1572 1
443 2175 1
443 479 1
447 1266 1
417 461 1
417 1507 1
1262 1495 1
1254 2171 1
1582 2187 1
1558 2187 1
438 2164 1
465 2164 1
1490 1528 1
1480 1490 1
1489 1490 1
468 1490 1
1251 1454 1
1491 1551 1
1456 1555 1
1265 1555 1
1473 1555 1
491 1528 1
491 1480 1
491 1489 1
491 1490 1
468 491 1
1468 2168 1
1468 1576 1
1468 1482 1
397 1468 1
407 1468 1
1244 1468 1
1468 1470 1
458 471 1
458 1572 1
458 1516 1
458 1494 1
1523 2181 1
1531 1549 1
439 1547 1
1484 1530 1
1478 1484 1
1484 1534 1
418 1475 1
418 441 1
418 1546 1
414 1275 1
1255 1263 1
472 1263 1
1255 1503 1
1255 1287 1
1447 1514 1
409 470 1
409 426 1
1256 1441 1
1441 1536 1
1441 1474 1
1256 1439 1
721 1975 1
754 759 1
1619 1973 1
750 1931 1
515 1920 1
529 1635 1
1923 1967 1
545 1933 1
1317 1626 1
1607 1642 1
544 2150 1
511 1930 1
530 1972 1
756 1933 1
545 756 1
522 1637 1
508 2159 1
512 728 1
1320 2153 1
540 545 1
540 756 1
540 1933 1
2135 2150 1
544 2135 1
1610 1953 1
1904 1979 1
531 536 1
1333 2156 1
515 1614 1
1614 1920 1
735 1623 1
550 1642 1
550 1607 1
507 1313 1
756 1924 1
545 1924 1
540 1924 1
1924 1933 1
753 1640 1
754 1948 1
759 1948 1
1968 2141 1
1925 2150 1
544 1925 1
1925 2135 1
522 1596 1
1596 1637 1
1296 1947 1
1916 1950 1
1621 1906 1
1300 1956 1
1909 2142 1
716 1315 1
711 1928 1
2141 2146 1
1968 2146 1
1942 2158 1
1294 2133 1
1315 1632 1
716 1632 1
1321 1637 1
522 1321 1
1321 1596 1
515 741 1
741 1920 1
741 1614 1
1297 1636 1
723 1918 1
1309 1930 1
511 1309 1
1613 1958 1
713 1606 1
716 1323 1
1323 1632 1
1315 1323 1
1298 1586 1
760 1933 1
545 760 1
760 1924 1
756 760 1
540 760 1
532 2130 1
1294 1956 1
1956 2133 1
1294 1300 1
727 1615 1
504 1925 1
504 544 1
504 2150 1
504 2135 1
1308 1970 1
747 1629 1
525 529 1
525 1635 1
498 730 1
1621 1630 1
1630 1906 1
529 1310 1
1310 1635 1
525 1310 1
497 531 1
497 536 1
1299 1925 1
544 1299 1
504 1299 1
1299 2150 1
1299 2135 1
714 2144 1
1628 1965 1
1958 2143 1
1613 2143 1
753 1619 1
1619 1640 1
753 1973 1
523 1944 1
736 1934 1
1930 1943 1
1309 1943 1
511 1943 1
756 2150 1
545 2150 1
1924 2150 1
1933 2150 1
760 2150 1
540 2150 1
544 756 1
756 1925 1
756 1299 1
756 2135 1
504 756 1
1611 2153 1
1320 1611 1
516 750 1
516 1931 1
1593 1638 1
718 2142 1
718 1909 1
523 1962 1
1944 1962 1
547 1950 1
547 1916 1
510 748 1
729 751 1
530 1591 1
1591 1972 1
1971 1983 1
736 1619 1
1619 1934 1
736 1640 1
736 753 1
736 1973 1
741 757 1
757 1920 1
515 757 1
757 1614 1
1925 2146 1
544 2146 1
2146 2150 1
1299 2146 1
756 2146 1
2135 2146 1
504 2146 1
1925 1968 1
1925 2141 1
536 1904 1
497 1904 1
531 1904 1
536 1979 1
1797 1875 1
1149 1166 1
1159 1223 1
1228 1893 1
1121 1831 1
1813 1864 1
1845 1864 1
1813 1845 1
1240 1881 1
1819 1852 1
1080 1873 1
1792 1838 1
1115 1159 1
1115 1223 1
1228 1844 1
1844 1893 1
1232 1797 1
1232 1875 1
1177 2112 1
1125 1232 1
1125 1875 1
1125 1797 1
1106 1230 1
1240 1858 1
1858 1881 1
2103 2104 1
1217 2115 1
1834 1844 1
1228 1834 1
1834 1893 1
1075 1878 1
1200 1814 1
1874 2110 1
1097 1897 1
1126 1806 1
1791 1838 1
1791 1792 1
1133 1183 1
1104 1128 1
1800 1886 1
1118 1817 1
1094 1239 1
1126 1875 1
1806 1875 1
1126 1232 1
1126 1797 1
1125 1126 1
1109 1858 1
1109 1240 1
1109 1881 1
1074 1152 1
1157 1819 1
1157 1852 1
1100 2128 1
1839 1861 1
1807 2103 1
1807 2104 1
1168 1814 1
1168 1200 1
1823 1888 1
1800 1811 1
1811 1886 1
1133 1167 1
1167 1183 1
1839 1897 1
1861 1897 1
1097 1839 1
1211 2110 1
1211 1874 1
1220 1800 1
1220 1811 1
1220 1886 1
1129 1809 1
1100 1151 1
1151 2128 1
1794 1852 1
1794 1819 1
1157 1794 1
1835 1880 1
1785 1874 1
1211 1785 1
1785 2110 1
1083 1782 1
1145 1870 1
1226 1228 1
1226 1834 1
1226 1844 1
1226 1893 1
1089 1129 1
1089 1809 1
1181 1205 1
1162 1826 1
1129 1834 1
1809 1834 1
1089 1834 1
1129 1893 1
1129 1226 1
1129 1228 1
1129 1844 1
1830 1883 1
1165 1822 1
1156 2109 1
1096 1171 1
1779 1784 1
1093 1161 1
1127 1165 1
1127 1822 1
1184 1862 1
1110 1802 1
1872 1899 1
1177 1820 1
1820 2112 1
1097 1126 1
1126 1897 1
1126 1839 1
1097 1797 1
1097 1806 1
1097 1232 1
1097 1875 1
1097 1125 1
1209 1223 1
1115 1209 1
1159 1209 1
1128 1225 1
1104 1225 1
1116 1775 1
1083 1774 1
1774 1782 1
1103 1859 1
1180 1188 1
1774 1885 1
1083 1885 1
1782 1885 1
1098 1223 1
1098 1209 1
1098 1115 1
1098 1159 1
1086 1090 1
1071 1899 1
1071 1872 1
1824 1846 1
1085 1163 1
1108 1206 1
1237 1786 1
1153 1240 1
1153 1881 1
1153 1858 1
1109 1153 1
1794 1817 1
1817 1819 1
1817 1852 1
1157 1817 1
1118 1794 1
1866 1872 1
1866 1899 1
1071 1866 1
1136 1884 1
1787 2119 1
1221 1828 1
1218 2108 1
1151 1784 1
1784 2128 1
1100 1784 1
1151 1779 1
1092 1823 1
1092 1888 1
219 1272 -1
160 1272 -1
963 1272 -1
196 1272 -1
662 1272 -1
145 1272 -1
1272 1750 -1
151 1272 -1
219 455 -1
1384 1802 -1
1110 1384 -1
1474 2228 -1
1256 2228 -1
1536 2228 -1
1441 2228 -1
636 1422 -1
355 636 -1
1003 1574 -1
1389 1519 -1
979 1519 -1
182 1519 -1
250 404 -1
404 698 -1
342 404 -1
354 404 -1
357 404 -1
241 404 -1
242 404 -1
286 404 -1
312 404 -1
283 404 -1
404 2206 -1
1007 1281 -1
237 1747 -1
450 1089 -1
398 1089 -1
450 1129 -1
450 1834 -1
450 1809 -1
1401 1516 -1
458 1401 -1
1401 1572 -1
1401 1494 -1
471 1401 -1
242 623 -1
354 623 -1
623 1070 -1
342 623 -1
357 623 -1
623 2206 -1
332 663 -1
643 2202 -1
141 2202 -1
249 643 -1
643 1410 -1
382 643 -1
639 1269 -1
960 1269 -1
961 1269 -1
179 1269 -1
214 1269 -1
175 1269 -1
407 1379 -1
1379 2168 -1
1379 1468 -1
1379 1482 -1
1244 1379 -1
1379 1470 -1
1264 1742 -1
1828 2074 -1
1221 2074 -1
278 2225 -1
78 360 -1
360 817 -1
85 360 -1
360 2062 -1
360 897 -1
389 888 -1
484 1412 -1
395 1412 -1
484 2200 -1
422 1407 -1
311 422 -1
49 331 -1
331 877 -1
49 298 -1
2209 2238 -1
186 1277 -1
476 1404 -1
987 1577 -1
137 1577 -1
1577 2227 -1
163 1577 -1
1006 1577 -1
1577 2247 -1
986 1421 -1
389 2254 -1
389 929 -1
380 2277 -1
348 2277 -1
422 1420 -1
390 705 -1
390 490 -1
968 1514 -1
968 1447 -1
1556 1726 -1
403 1726 -1
1260 1726 -1
1487 1726 -1
1222 1436 -1
696 1222 -1
1051 1222 -1
279 1222 -1
982 1415 -1
353 982 -1
254 982 -1
343 982 -1
1021 1556 -1
403 1021 -1
1021 1260 -1
1021 1487 -1
1398 2097 -1
1790 2088 -1
469 1419 -1
902 1047 -1
108 1047 -1
1047 1716 -1
1798 2094 -1
1046 1798 -1
1026 1465 -1
280 1465 -1
1063 1465 -1
1054 1465 -1
358 1465 -1
1465 2095 -1
1051 1707 -1
696 1707 -1
1436 1707 -1
279 1707 -1
466 2089 -1
1002 1584 -1
421 956 -1
956 1444 -1
956 2174 -1
421 632 -1
421 619 -1
139 421 -1
250 1150 -1
698 1150 -1
332 1747 -1
189 1288 -1
298 402 -1
331 402 -1
421 2205 -1
1444 2205 -1
2174 2205 -1
955 2009 -1
994 2009 -1
2009 2237 -1
20 955 -1
378 465 -1
465 1435 -1
465 1053 -1
378 2164 -1
378 438 -1
242 2242 -1
354 2242 -1
1070 2242 -1
342 2242 -1
357 2242 -1
2206 2242 -1
1413 1731 -1
919 1744 -1
694 2062 -1
694 897 -1
78 694 -1
694 817 -1
694 916 -1
85 694 -1
59 694 -1
1009 1244 -1
1009 2168 -1
1009 1482 -1
1009 1468 -1
1009 1470 -1
407 1009 -1
352 632 -1
352 619 -1
352 956 -1
139 352 -1
432 1393 -1
432 1760 -1
432 2073 -1
432 1011 -1
212 432 -1
432 2243 -1
1007 1257 -1
1200 2099 -1
1168 2099 -1
1814 2099 -1
297 1200 -1
1200 2218 -1
1811 2209 -1
1800 2209 -1
1220 2209 -1
1886 2209 -1
336 2258 -1
1027 2258 -1
247 2258 -1
1009 1251 -1
1009 1454 -1
1005 1250 -1
1250 2224 -1
2011 2034 -1
1659 2034 -1
114 2011 -1
404 1057 -1
278 666 -1
1021 2172 -1
1750 2204 -1
160 2204 -1
963 2204 -1
196 2204 -1
145 2204 -1
662 2204 -1
151 2204 -1
219 2204 -1
362 1750 -1
2093 2238 -1
1464 2122 -1
855 1024 -1
1408 1476 -1
1034 1476 -1
298 1122 -1
331 1122 -1
1498 2091 -1
643 1420 -1
141 1420 -1
628 1558 -1
628 2187 -1
628 1582 -1
997 1574 -1
1382 1574 -1
237 625 -1
237 623 -1
389 2277 -1
1222 2099 -1
297 1222 -1
1222 2218 -1
973 1529 -1
704 906 -1
906 1497 -1
126 704 -1
616 2209 -1
654 2209 -1
1383 1528 -1
1383 1480 -1
1383 1489 -1
1383 1490 -1
491 1383 -1
468 1383 -1
116 344 -1
54 344 -1
448 2083 -1
1283 2083 -1
484 1004 -1
395 1004 -1
352 1284 -1
352 703 -1
1019 1477 -1
1418 1739 -1
996 1418 -1
213 1418 -1
1012 2169 -1
1413 1746 -1
613 1413 -1
614 1413 -1
1768 2055 -1
693 2055 -1
1768 2056 -1
963 1414 -1
160 1414 -1
196 1414 -1
662 1414 -1
145 1414 -1
1414 1750 -1
151 1414 -1
219 1414 -1
281 963 -1
316 963 -1
992 1414 -1
281 992 -1
316 992 -1
2090 2209 -1
968 1577 -1
467 2122 -1
1274 2122 -1
181 693 -1
181 1768 -1
1393 1474 -1
1474 1760 -1
1474 2073 -1
1011 1474 -1
212 1474 -1
1474 2243 -1
1256 1393 -1
1393 1536 -1
1393 1441 -1
979 1577 -1
1389 1577 -1
182 1577 -1
409 2205 -1
426 2205 -1
470 2205 -1
1454 1996 -1
1251 1996 -1
1401 1564 -1
981 1204 -1
993 1204 -1
1204 1748 -1
55 331 -1
331 2061 -1
55 298 -1
1005 1286 -1
444 1744 -1
1276 1744 -1
203 491 -1
203 1528 -1
203 1480 -1
203 1490 -1
203 468 -1
203 1489 -1
1051 1556 -1
696 1556 -1
1436 1556 -1
279 1556 -1
403 1051 -1
1051 1260 -1
1051 1487 -1
969 1430 -1
1430 1741 -1
1399 1430 -1
969 1016 -1
347 969 -1
692 969 -1
1749 2094 -1
1046 1749 -1
1733 2209 -1
2011 2173 -1
1659 2173 -1
148 491 -1
148 1528 -1
148 1480 -1
148 1490 -1
148 468 -1
148 1489 -1
1000 1137 -1
187 1137 -1
1828 2232 -1
1221 2232 -1
967 1521 -1
1405 1521 -1
458 993 -1
993 1516 -1
993 1572 -1
993 1494 -1
471 993 -1
458 1748 -1
458 981 -1
1706 1771 -1
93 1771 -1
70 1771 -1
450 2240 -1
398 2240 -1
625 1154 -1
967 1554 -1
1405 1554 -1
1530 2082 -1
1484 2082 -1
1478 2082 -1
1534 2082 -1
473 2270 -1
440 2270 -1
1245 2270 -1
1518 2270 -1
473 851 -1
686 1274 -1
467 686 -1
998 1262 -1
644 1262 -1
1262 2076 -1
998 1495 -1
480 2249 -1
480 630 -1
149 1278 -1
978 1277 -1
626 1277 -1
2079 2122 -1
627 2098 -1
989 2189 -1
646 2189 -1
989 1273 -1
1062 2172 -1
450 980 -1
398 980 -1
467 2088 -1
1274 2088 -1
131 360 -1
342 430 -1
354 430 -1
357 430 -1
241 430 -1
242 430 -1
286 430 -1
312 430 -1
283 430 -1
430 2206 -1
145 1506 -1
160 1506 -1
963 1506 -1
196 1506 -1
1506 1750 -1
662 1506 -1
151 1506 -1
219 1506 -1
472 970 -1
970 1263 -1
970 1255 -1
472 2241 -1
1004 1417 -1
1379 2182 -1
1395 1577 -1
996 1275 -1
1275 1739 -1
213 1275 -1
414 996 -1
1005 1263 -1
472 1005 -1
1005 1503 -1
1005 1255 -1
1005 1287 -1
1026 1703 -1
280 1703 -1
1063 1703 -1
1054 1703 -1
358 1703 -1
1703 2095 -1
99 1026 -1
110 1026 -1
1030 1465 -1
148 411 -1
242 663 -1
354 663 -1
663 1070 -1
342 663 -1
357 663 -1
663 2206 -1
1459 1793 -1
1562 1793 -1
470 1405 -1
409 1405 -1
426 1405 -1
470 967 -1
1384 1900 -1
1397 1441 -1
1385 1441 -1
1256 1397 -1
1397 1536 -1
1397 1474 -1
1397 1439 -1
662 2208 -1
160 2208 -1
963 2208 -1
196 2208 -1
145 2208 -1
1750 2208 -1
151 2208 -1
219 2208 -1
1386 1578 -1
1828 2076 -1
1221 2076 -1
644 1828 -1
998 1828 -1
994 1793 -1
955 1793 -1
1793 2237 -1
615 1099 -1
656 1099 -1
1418 1748 -1
993 1418 -1
981 1418 -1
1405 2182 -1
967 2182 -1
664 1558 -1
664 2187 -1
664 1582 -1
406 1407 -1
311 406 -1
1001 2202 -1
249 1001 -1
1001 1410 -1
382 1001 -1
842 1433 -1
492 973 -1
432 2228 -1
1859 2094 -1
1103 2094 -1
1046 1859 -1
209 2216 -1
209 1773 -1
991 1284 -1
703 991 -1
485 969 -1
969 1563 -1
485 1741 -1
485 1399 -1
1242 1737 -1
448 2209 -1
1283 2209 -1
448 1864 -1
1283 1864 -1
448 1813 -1
448 1845 -1
168 1254 -1
168 2171 -1
381 620 -1
381 1008 -1
194 381 -1
156 381 -1
381 2223 -1
259 473 -1
473 684 -1
259 440 -1
259 1245 -1
259 1518 -1
997 1514 -1
1382 1514 -1
997 1447 -1
438 1405 -1
465 1405 -1
1405 2164 -1
438 967 -1
1413 1747 -1
1002 2189 -1
1002 1273 -1
1393 1875 -1
1760 1875 -1
1875 2073 -1
1011 1875 -1
212 1875 -1
1875 2243 -1
1393 1797 -1
1126 1393 -1
1097 1393 -1
1393 1806 -1
1232 1393 -1
1125 1393 -1
378 449 -1
449 1435 -1
449 1053 -1
380 925 -1
348 925 -1
1784 2075 -1
2075 2128 -1
1779 2075 -1
1100 2075 -1
1151 2075 -1
228 1784 -1
693 1840 -1
1768 1840 -1
278 632 -1
278 619 -1
278 956 -1
139 278 -1
1721 2213 -1
816 2213 -1
1700 2213 -1
321 1721 -1
1427 1721 -1
325 1721 -1
326 1721 -1
2209 2232 -1
954 1431 -1
1882 2238 -1
984 1509 -1
984 1488 -1
984 1452 -1
1070 1497 -1
242 1497 -1
357 1497 -1
704 1070 -1
392 662 -1
662 689 -1
160 392 -1
392 963 -1
196 392 -1
145 392 -1
392 1750 -1
151 392 -1
219 392 -1
613 1279 -1
1279 1746 -1
614 1279 -1
470 2249 -1
409 2249 -1
426 2249 -1
470 630 -1
259 1111 -1
684 1111 -1
1428 1738 -1
638 1428 -1
1021 1482 -1
1021 1576 -1
1021 1468 -1
397 1021 -1
407 1021 -1
1021 2168 -1
1021 1244 -1
1021 1470 -1
1279 1381 -1
953 1279 -1
1279 1387 -1
1121 1436 -1
1436 1831 -1
696 1121 -1
1051 1121 -1
279 1121 -1
1396 1472 -1
1472 1761 -1
472 994 -1
994 1263 -1
994 1255 -1
472 955 -1
472 2237 -1
472 1400 -1
1263 1400 -1
1255 1400 -1
988 1137 -1
78 374 -1
374 817 -1
85 374 -1
374 2062 -1
374 897 -1
78 1025 -1
78 339 -1
150 1870 -1
150 1145 -1
1005 1246 -1
1005 1469 -1
1004 1083 -1
1004 1774 -1
1004 1782 -1
1004 1885 -1
2182 2249 -1
630 2182 -1
1269 2248 -1
622 1269 -1
971 1098 -1
971 1209 -1
971 1115 -1
971 1159 -1
971 1223 -1
181 2097 -1
979 1481 -1
1389 1481 -1
182 1481 -1
205 1254 -1
629 1254 -1
651 1254 -1
140 1254 -1
1254 2229 -1
1254 1751 -1
205 2171 -1
461 1399 -1
417 1399 -1
1399 1507 -1
461 969 -1
461 1741 -1
1401 1829 -1
283 2113 -1
312 2113 -1
241 2113 -1
286 2113 -1
342 2113 -1
2113 2206 -1
1401 1793 -1
118 254 -1
254 1722 -1
254 950 -1
118 353 -1
118 343 -1
118 1415 -1
1414 2168 -1
281 2168 -1
316 2168 -1
1414 1576 -1
1414 1468 -1
1414 1482 -1
397 1414 -1
407 1414 -1
1244 1414 -1
1414 1470 -1
241 2040 -1
312 2040 -1
2040 2206 -1
283 2040 -1
286 2040 -1
342 2040 -1
78 375 -1
375 817 -1
85 375 -1
375 2062 -1
375 897 -1
2193 2240 -1
1008 1431 -1
194 1431 -1
620 1431 -1
1431 2223 -1
1430 2240 -1
1016 2240 -1
347 2240 -1
692 2240 -1
225 401 -1
283 485 -1
312 485 -1
241 485 -1
286 485 -1
342 485 -1
485 2206 -1
283 1563 -1
1010 1487 -1
1487 2226 -1
1487 2084 -1
653 1487 -1
230 1487 -1
1010 1260 -1
403 1010 -1
1010 1556 -1
1897 2085 -1
1097 2085 -1
1861 2085 -1
1126 2085 -1
1839 2085 -1
200 1897 -1
640 1897 -1
1402 1897 -1
160 401 -1
401 963 -1
196 401 -1
401 1750 -1
145 401 -1
401 662 -1
151 401 -1
219 401 -1
1189 2096 -1
1438 1721 -1
816 1438 -1
1438 1700 -1
982 1164 -1
110 1415 -1
99 1415 -1
1415 1703 -1
110 353 -1
110 254 -1
110 343 -1
992 1529 -1
390 1285 -1
451 1398 -1
259 638 -1
638 684 -1
259 1738 -1
651 1558 -1
629 1558 -1
205 1558 -1
140 1558 -1
1558 2229 -1
1558 1751 -1
651 2187 -1
651 1582 -1
615 1134 -1
656 1134 -1
379 612 -1
270 612 -1
253 612 -1
966 1431 -1
963 1431 -1
160 1431 -1
196 1431 -1
662 1431 -1
145 1431 -1
1431 1750 -1
151 1431 -1
219 1431 -1
1026 2172 -1
280 2172 -1
1063 2172 -1
1054 2172 -1
358 2172 -1
2095 2172 -1
1880 2084 -1
1835 2084 -1
1010 1880 -1
1880 2226 -1
230 1880 -1
653 1880 -1
434 2122 -1
1427 1743 -1
321 1743 -1
325 1743 -1
326 1743 -1
1743 2213 -1
1864 2075 -1
1813 2075 -1
1845 2075 -1
228 1864 -1
1021 2166 -1
438 1388 -1
465 1388 -1
1388 2164 -1
241 662 -1
312 662 -1
662 2206 -1
283 662 -1
286 662 -1
342 662 -1
160 241 -1
241 963 -1
196 241 -1
145 241 -1
241 1750 -1
151 241 -1
219 241 -1
862 1063 -1
862 1026 -1
862 1054 -1
358 862 -1
862 2095 -1
342 1210 -1
354 1210 -1
357 1210 -1
241 1210 -1
242 1210 -1
286 1210 -1
312 1210 -1
283 1210 -1
1210 2206 -1
1400 2095 -1
1026 1400 -1
1054 1400 -1
358 1400 -1
1063 1400 -1
342 1085 -1
354 1085 -1
357 1085 -1
241 1085 -1
242 1085 -1
286 1085 -1
312 1085 -1
283 1085 -1
1085 2206 -1
342 1163 -1
392 2060 -1
689 2060 -1
856 1764 -1
1171 2216 -1
1096 2216 -1
1171 1773 -1
428 1407 -1
311 428 -1
241 1234 -1
312 1234 -1
1234 2206 -1
283 1234 -1
286 1234 -1
342 1234 -1
952 1083 -1
952 1774 -1
952 1782 -1
952 1885 -1
467 983 -1
983 1274 -1
78 286 -1
286 817 -1
85 286 -1
286 2062 -1
286 897 -1
78 312 -1
78 241 -1
78 283 -1
78 2206 -1
78 342 -1
389 819 -1
1062 2277 -1
1459 2228 -1
1562 2228 -1
422 1423 -1
422 2231 -1
1413 1750 -1
160 1413 -1
963 1413 -1
196 1413 -1
145 1413 -1
662 1413 -1
151 1413 -1
219 1413 -1
967 1577 -1
1405 1577 -1
996 1269 -1
1269 1739 -1
213 1269 -1
2078 2094 -1
154 2094 -1
1046 2078 -1
279 1743 -1
696 1743 -1
1051 1743 -1
1436 1743 -1
998 1243 -1
644 1243 -1
1243 2076 -1
214 401 -1
401 639 -1
401 961 -1
179 401 -1
401 960 -1
175 401 -1
1011 1258 -1
1258 1760 -1
1258 1393 -1
1258 2243 -1
212 1258 -1
1793 2079 -1
2091 2173 -1
705 2204 -1
490 2204 -1
362 705 -1
1283 1742 -1
448 1742 -1
199 1262 -1
199 1495 -1
389 916 -1
389 816 -1
59 389 -1
389 1700 -1
85 389 -1
389 2062 -1
380 866 -1
348 866 -1
380 2064 -1
91 380 -1
100 380 -1
380 821 -1
62 380 -1
982 1099 -1
2073 2209 -1
1393 2209 -1
212 2209 -1
979 1468 -1
1389 1468 -1
182 1468 -1
979 1576 -1
979 1482 -1
397 979 -1
407 979 -1
979 2168 -1
979 1244 -1
979 1470 -1
2096 2122 -1
1270 2082 -1
242 612 -1
354 612 -1
612 1070 -1
342 612 -1
357 612 -1
612 2206 -1
467 2228 -1
1274 2228 -1
2081 2094 -1
1046 2081 -1
1430 2168 -1
1016 2168 -1
347 2168 -1
692 2168 -1
1430 1576 -1
1430 1468 -1
1430 1482 -1
397 1430 -1
407 1430 -1
1244 1430 -1
1430 1470 -1
203 411 -1
1111 1744 -1
221 1260 -1
210 1260 -1
211 1260 -1
221 403 -1
221 1556 -1
221 1487 -1
2044 2208 -1
75 2208 -1
2208 2276 -1
2071 2208 -1
186 693 -1
186 1768 -1
118 347 -1
347 1722 -1
347 950 -1
118 384 -1
118 692 -1
118 1430 -1
118 695 -1
118 1016 -1
118 383 -1
662 693 -1
160 693 -1
693 963 -1
196 693 -1
145 693 -1
693 1750 -1
151 693 -1
219 693 -1
662 1768 -1
625 687 -1
631 1420 -1
639 1273 -1
960 1273 -1
961 1273 -1
179 1273 -1
214 1273 -1
175 1273 -1
639 2189 -1
1464 2096 -1
229 2093 -1
2075 2102 -1
228 2102 -1
1584 1875 -1
1584 1797 -1
1126 1584 -1
1097 1584 -1
1584 1806 -1
1232 1584 -1
1125 1584 -1
619 1418 -1
632 1418 -1
139 1418 -1
956 1418 -1
1432 2083 -1
244 2083 -1
2083 2199 -1
1252 1737 -1
1390 1510 -1
1510 2235 -1
188 1510 -1
2168 2240 -1
1576 2240 -1
1468 2240 -1
1482 2240 -1
397 2240 -1
407 2240 -1
1244 2240 -1
1470 2240 -1
203 395 -1
203 484 -1
1418 1757 -1
432 1401 -1
970 1793 -1
1793 2241 -1
2009 2081 -1
20 2081 -1
332 642 -1
184 332 -1
223 332 -1
1434 2232 -1
690 2232 -1
281 632 -1
316 632 -1
632 1414 -1
281 619 -1
281 956 -1
139 281 -1
992 1098 -1
992 1209 -1
992 1115 -1
992 1159 -1
992 1223 -1
342 963 -1
354 963 -1
357 963 -1
242 963 -1
286 963 -1
312 963 -1
283 963 -1
963 2206 -1
160 342 -1
196 342 -1
145 342 -1
342 1750 -1
151 342 -1
219 342 -1
1874 2088 -1
1785 2088 -1
1211 2088 -1
2088 2110 -1
622 696 -1
696 2248 -1
622 1051 -1
622 1436 -1
279 622 -1
1582 2228 -1
2187 2228 -1
1558 2228 -1
458 1398 -1
1398 1516 -1
1398 1572 -1
1398 1494 -1
471 1398 -1
334 2177 -1
1026 1717 -1
280 1717 -1
1063 1717 -1
1054 1717 -1
358 1717 -1
1717 2095 -1
445 1171 -1
445 1096 -1
632 2200 -1
619 2200 -1
956 2200 -1
139 2200 -1
632 1412 -1
1099 2099 -1
297 1099 -1
1099 2218 -1
1462 1827 -1
2075 2098 -1
228 2098 -1
192 1266 -1
192 447 -1
976 2169 -1
316 614 -1
281 614 -1
614 1414 -1
316 1746 -1
316 613 -1
287 1229 -1
1229 1411 -1
1395 1481 -1
274 884 -1
884 1066 -1
1245 1381 -1
440 1381 -1
473 1381 -1
1381 1518 -1
953 1245 -1
1245 1387 -1
