1654 1686 1
23 1676 1
586 790 1
809 1366 1
559 600 1
570 2024 1
589 2023 1
1355 1692 1
583 1358 1
580 1694 1
772 1652 1
21 582 1
771 1996 1
555 1668 1
3 809 1
3 1366 1
2004 2307 1
556 1367 1
810 2281 1
588 2309 1
3 777 1
777 809 1
777 1366 1
805 1361 1
1342 1682 1
30 1337 1
793 1362 1
29 789 1
573 2023 1
573 589 1
1997 2301 1
1677 1694 1
580 1677 1
1989 2295 1
1696 1991 1
1656 2004 1
1656 2307 1
591 796 1
10 1349 1
1658 1990 1
1337 2011 1
30 2011 1
1668 1988 1
555 1988 1
24 1661 1
9 1351 1
559 1661 1
600 1661 1
24 559 1
2285 2309 1
588 2285 1
563 573 1
563 589 1
563 2023 1
807 1647 1
811 1370 1
21 1684 1
582 1684 1
2027 2281 1
810 2027 1
558 771 1
558 1996 1
15 2012 1
1674 2306 1
1370 1652 1
811 1652 1
772 1370 1
15 1993 1
1993 2012 1
25 1662 1
8 1651 1
562 2281 1
562 810 1
562 2027 1
11 31 1
1677 2308 1
580 2308 1
1694 2308 1
769 1984 1
578 1665 1
585 785 1
607 1378 1
562 1993 1
1993 2281 1
810 1993 1
1993 2027 1
15 562 1
562 2012 1
1367 2280 1
556 2280 1
3 560 1
560 809 1
560 1366 1
560 777 1
4 12 1
1359 1992 1
2304 2308 1
580 2304 1
1677 2304 1
1694 2304 1
38 1647 1
38 807 1
47 1660 1
583 1376 1
1358 1376 1
1351 1991 1
9 1991 1
1351 1696 1
785 1994 1
585 1994 1
807 1654 1
38 1654 1
1647 1654 1
807 1686 1
606 796 1
591 606 1
4 1994 1
12 1994 1
4 785 1
4 585 1
1368 1668 1
555 1368 1
1368 1988 1
769 1357 1
1357 1984 1
3 7 1
7 560 1
7 809 1
7 1366 1
7 777 1
1658 1995 1
1990 1995 1
610 1372 1
46 2020 1
798 1984 1
769 798 1
798 1357 1
1360 2013 1
807 1653 1
1653 1686 1
1653 1654 1
38 1653 1
1647 1653 1
1377 2002 1
1992 2307 1
1359 2307 1
1656 1992 1
1992 2004 1
1654 2304 1
38 2304 1
807 2304 1
1647 2304 1
1653 2304 1
1686 2304 1
580 1654 1
1654 1677 1
1654 2308 1
1654 1694 1
571 790 1
571 586 1
26 37 1
9 768 1
768 1991 1
768 1351 1
561 766 1
1335 1666 1
22 798 1
22 1984 1
22 769 1
22 1357 1
770 1697 1
42 783 1
0 23 1
0 1676 1
10 1648 1
1349 1648 1
597 1677 1
597 2304 1
597 2308 1
597 1654 1
580 597 1
597 1694 1
563 1679 1
1679 2023 1
573 1679 1
589 1679 1
1336 2284 1
785 2022 1
585 2022 1
1994 2022 1
4 2022 1
562 1359 1
1359 2281 1
810 1359 1
1359 2027 1
15 1359 1
1359 1993 1
1359 2012 1
562 2307 1
562 1992 1
795 1665 1
578 795 1
1353 2304 1
580 1353 1
1353 1686 1
38 1353 1
807 1353 1
1353 1677 1
1353 1647 1
1353 1653 1
1353 1654 1
1353 2308 1
1353 1694 1
597 1353 1
811 2018 1
1370 2018 1
1652 2018 1
591 2026 1
796 2026 1
606 2026 1
17 24 1
17 1661 1
17 559 1
2017 2286 1
1364 1644 1
564 2023 1
563 564 1
564 1679 1
564 589 1
564 573 1
800 1668 1
800 1368 1
555 800 1
800 1988 1
41 796 1
41 2026 1
41 606 1
41 591 1
46 790 1
790 2020 1
46 586 1
46 571 1
763 2027 1
763 2281 1
763 810 1
763 1359 1
562 763 1
763 1993 1
65 114 1
814 907 1
921 1727 1
902 1723 1
61 914 1
128 856 1
820 2265 1
127 895 1
947 1726 1
108 2260 1
70 2263 1
68 2068 1
949 1720 1
98 906 1
834 941 1
85 816 1
881 2049 1
868 1702 1
1707 1711 1
122 820 1
122 2265 1
51 901 1
880 1723 1
880 902 1
1719 2047 1
82 2037 1
107 2036 1
68 831 1
831 2068 1
854 1703 1
892 919 1
126 2060 1
133 823 1
110 123 1
919 2038 1
892 2038 1
1722 2258 1
1709 2252 1
875 2274 1
819 854 1
819 1703 1
98 872 1
872 906 1
106 944 1
73 1725 1
101 114 1
65 101 1
1718 2038 1
892 1718 1
919 1718 1
83 2064 1
926 2034 1
819 1721 1
854 1721 1
1703 1721 1
51 837 1
837 901 1
855 917 1
101 1709 1
65 1709 1
114 1709 1
101 2252 1
837 2258 1
51 2258 1
901 2258 1
837 1722 1
835 2039 1
73 76 1
76 1725 1
818 848 1
2041 2274 1
875 2041 1
124 124 1
886 2251 1
839 1727 1
839 921 1
130 2065 1
76 875 1
73 875 1
875 1725 1
76 2041 1
76 2274 1
886 2253 1
2251 2253 1
818 1714 1
848 1714 1
84 945 1
64 813 1
882 896 1
2069 2071 1
823 2070 1
133 2070 1
861 898 1
865 1708 1
57 1703 1
57 1721 1
57 819 1
57 854 1
941 1701 1
834 1701 1
104 927 1
58 2260 1
58 108 1
94 2069 1
94 2071 1
887 2067 1
77 97 1
83 838 1
838 2064 1
910 1709 1
65 910 1
114 910 1
910 2252 1
101 910 1
932 937 1
50 111 1
86 848 1
86 818 1
86 1714 1
111 2035 1
50 2035 1
59 125 1
74 1716 1
826 876 1
118 944 1
106 118 1
868 949 1
949 1702 1
868 1720 1
2038 2264 1
892 2264 1
1718 2264 1
919 2264 1
853 2274 1
853 2041 1
853 875 1
76 853 1
881 1711 1
1711 2049 1
881 1707 1
909 1714 1
848 909 1
818 909 1
86 909 1
1701 2254 1
834 2254 1
941 2254 1
134 868 1
134 1720 1
134 949 1
134 1702 1
858 875 1
858 2274 1
73 858 1
76 858 1
853 858 1
858 2041 1
858 1725 1
80 842 1
126 2273 1
2060 2273 1
934 2271 1
63 2272 1
64 891 1
813 891 1
1725 2275 1
73 2275 1
858 2275 1
875 2275 1
76 2275 1
820 1718 1
1718 2265 1
122 1718 1
820 2038 1
820 919 1
820 2264 1
820 892 1
1703 2255 1
1721 2255 1
819 2255 1
854 2255 1
57 2255 1
59 858 1
125 858 1
59 2274 1
59 2275 1
59 73 1
59 875 1
59 76 1
59 853 1
59 2041 1
59 1725 1
850 897 1
2042 2071 1
2042 2069 1
94 2042 1
2045 2252 1
1709 2045 1
910 2045 1
101 2045 1
113 1720 1
113 868 1
113 949 1
113 134 1
72 834 1
72 941 1
72 2254 1
72 1701 1
886 932 1
932 2251 1
932 2253 1
886 937 1
863 877 1
889 1728 1
93 121 1
119 1727 1
119 921 1
119 839 1
117 919 1
117 2038 1
117 820 1
117 1718 1
117 2264 1
117 892 1
948 2064 1
83 948 1
838 948 1
57 2250 1
1703 2250 1
2250 2255 1
819 2250 1
854 2250 1
1721 2250 1
63 838 1
838 2272 1
63 2064 1
63 83 1
63 948 1
874 929 1
942 1706 1
816 2275 1
85 2275 1
73 816 1
816 875 1
76 816 1
816 858 1
59 816 1
816 1725 1
214 985 1
165 1735 1
171 2077 1
159 2225 1
138 160 1
644 670 1
221 1000 1
638 2246 1
662 1750 1
1004 2089 1
144 1386 1
227 970 1
214 997 1
985 997 1
165 221 1
221 1735 1
165 1000 1
197 1756 1
184 1393 1
190 639 1
636 978 1
219 2083 1
975 1000 1
221 975 1
165 975 1
181 1745 1
163 230 1
211 954 1
647 1394 1
961 2223 1
177 958 1
149 2237 1
205 2075 1
203 1732 1
977 1389 1
148 1396 1
166 189 1
153 642 1
227 1396 1
970 1396 1
148 227 1
140 2088 1
175 980 1
231 1400 1
175 1757 1
980 1757 1
955 1738 1
163 1759 1
230 1759 1
2223 2237 1
961 2237 1
149 2223 1
967 2221 1
203 668 1
668 1732 1
228 642 1
153 228 1
187 980 1
187 1757 1
175 187 1
217 1397 1
219 999 1
999 2083 1
635 1741 1
171 974 1
974 2077 1
176 2074 1
152 1383 1
965 983 1
200 977 1
200 1389 1
1402 2092 1
2078 2237 1
961 2078 1
149 2078 1
2078 2223 1
669 995 1
997 1395 1
985 1395 1
214 1395 1
1406 2241 1
2081 2241 1
1406 2081 1
1756 2245 1
197 2245 1
141 188 1
625 970 1
227 625 1
625 1396 1
209 618 1
144 644 1
644 1386 1
144 670 1
953 1389 1
200 953 1
953 977 1
139 2091 1
149 2222 1
2222 2237 1
2078 2222 1
2222 2223 1
162 190 1
162 639 1
670 2083 1
144 2083 1
644 2083 1
219 670 1
670 999 1
1009 2247 1
667 2238 1
143 959 1
227 1004 1
148 1004 1
970 1004 1
1004 1396 1
625 1004 1
227 2089 1
1003 1386 1
144 1003 1
644 1003 1
1004 1738 1
227 1738 1
1738 2089 1
970 1738 1
625 1738 1
148 1738 1
1396 1738 1
955 1004 1
145 1394 1
145 647 1
173 644 1
173 2083 1
173 1386 1
173 1003 1
144 173 1
173 670 1
163 641 1
230 641 1
641 1759 1
149 645 1
645 2222 1
645 2237 1
645 2078 1
645 2223 1
207 2080 1
151 193 1
671 1754 1
957 965 1
957 983 1
956 1009 1
956 2247 1
615 1397 1
217 615 1
207 997 1
997 2080 1
207 985 1
207 1395 1
207 214 1
983 1403 1
965 1403 1
957 1403 1
215 662 1
215 1750 1
170 1394 1
145 170 1
170 647 1
153 638 1
638 642 1
228 638 1
153 2246 1
139 1397 1
1397 2091 1
139 217 1
139 615 1
618 995 1
209 995 1
618 669 1
160 1741 1
138 1741 1
160 635 1
657 662 1
657 1750 1
215 657 1
617 987 1
191 2090 1
953 2249 1
200 2249 1
977 2249 1
1389 2249 1
232 1730 1
615 1745 1
217 1745 1
139 1745 1
1397 1745 1
181 615 1
992 1751 1
145 169 1
169 1394 1
169 170 1
169 647 1
195 2242 1
668 2234 1
203 2234 1
1732 2234 1
217 224 1
224 1745 1
139 224 1
224 1397 1
224 615 1
643 1397 1
224 643 1
139 643 1
615 643 1
643 2091 1
643 1745 1
217 643 1
617 2223 1
987 2223 1
617 961 1
617 645 1
617 2222 1
149 617 1
617 2237 1
617 2078 1
176 1740 1
1740 2074 1
138 962 1
160 962 1
962 1741 1
1004 2232 1
227 2232 1
2089 2232 1
970 2232 1
625 2232 1
148 2232 1
1396 2232 1
955 2232 1
1738 2232 1
183 1004 1
183 227 1
183 2089 1
183 970 1
183 625 1
148 183 1
183 2232 1
183 1396 1
183 955 1
183 1738 1
384 691 1
323 1039 1
306 1028 1
267 391 1
381 693 1
317 1436 1
678 1765 1
290 1069 1
292 368 1
262 697 1
387 2195 1
385 1016 1
2096 2216 1
1019 1417 1
1070 2202 1
1041 2099 1
234 2198 1
300 1026 1
376 698 1
273 316 1
328 1036 1
333 2214 1
376 2218 1
698 2218 1
290 1437 1
1069 1437 1
236 359 1
692 1422 1
237 676 1
390 1048 1
1034 1058 1
678 694 1
694 1765 1
694 1410 1
1410 1765 1
678 1410 1
319 2214 1
319 333 1
1427 2193 1
361 684 1
266 322 1
322 688 1
266 688 1
1025 1438 1
385 2191 1
1016 2191 1
253 318 1
275 1024 1
1014 1424 1
301 390 1
301 1048 1
368 1063 1
292 1063 1
356 373 1
1435 2215 1
1026 2219 1
300 2219 1
263 1437 1
263 290 1
263 1069 1
686 1762 1
319 1054 1
333 1054 1
1054 2214 1
382 1046 1
353 361 1
353 684 1
279 2204 1
689 1016 1
385 689 1
689 2191 1
252 1418 1
1019 1030 1
1030 1417 1
1422 2212 1
692 2212 1
686 1024 1
1024 1762 1
275 686 1
265 371 1
1030 1035 1
1035 1417 1
1019 1035 1
1070 1428 1
1428 2202 1
242 1056 1
257 1767 1
362 1436 1
317 362 1
263 1431 1
290 1431 1
1431 1437 1
1069 1431 1
280 1023 1
357 1767 1
257 357 1
698 1767 1
376 1767 1
1767 2218 1
257 698 1
357 698 1
320 2201 1
692 2216 1
2212 2216 1
1422 2216 1
692 2096 1
238 701 1
1045 1057 1
389 692 1
389 2216 1
389 2096 1
389 2212 1
389 1422 1
238 351 1
351 701 1
257 1042 1
698 1042 1
357 1042 1
1042 1767 1
1028 1066 1
306 1066 1
308 325 1
1043 1066 1
306 1043 1
1028 1043 1
265 360 1
360 371 1
1041 1434 1
1434 2099 1
277 695 1
254 1767 1
254 257 1
254 357 1
254 2218 1
254 1042 1
254 376 1
254 698 1
1015 1057 1
1015 1045 1
359 2216 1
236 2216 1
359 2212 1
359 389 1
359 1422 1
359 2096 1
359 692 1
251 360 1
251 265 1
251 371 1
381 1413 1
693 1413 1
1056 2214 1
242 2214 1
333 1056 1
1054 1056 1
319 1056 1
2094 2217 1
372 1047 1
696 1042 1
257 696 1
357 696 1
696 1767 1
696 698 1
254 696 1
1037 1061 1
354 1069 1
290 354 1
354 1431 1
354 1437 1
263 354 1
308 2190 1
325 2190 1
295 355 1
257 2200 1
357 2200 1
1767 2200 1
1042 2200 1
696 2200 1
698 2200 1
254 2200 1
1429 2099 1
1041 1429 1
1429 1434 1
288 304 1
370 1030 1
370 1035 1
370 1417 1
370 1019 1
701 1409 1
238 1409 1
351 1409 1
377 1773 1
684 1424 1
361 1424 1
353 1424 1
684 1014 1
674 1414 1
332 2219 1
332 1026 1
300 332 1
328 1060 1
1036 1060 1
257 368 1
357 368 1
368 1767 1
368 2200 1
368 1042 1
368 696 1
368 698 1
254 368 1
257 292 1
257 1063 1
262 390 1
390 697 1
262 1048 1
262 301 1
242 250 1
250 1056 1
250 2214 1
235 347 1
306 2213 1
1066 2213 1
1043 2213 1
1028 2213 1
368 1764 1
257 1764 1
292 1764 1
357 1764 1
1764 1767 1
1063 1764 1
696 1764 1
1042 1764 1
1764 2200 1
698 1764 1
254 1764 1
1020 2093 1
312 328 1
312 1060 1
312 1036 1
1030 2197 1
1035 2197 1
1417 2197 1
370 2197 1
1019 2197 1
246 311 1
241 2195 1
241 387 1
473 1558 1
408 467 1
1580 2166 1
434 1533 1
433 1585 1
485 1548 1
463 1467 1
1458 1539 1
437 1554 1
442 1512 1
1545 1580 1
1545 2166 1
409 440 1
468 1277 1
1447 2174 1
1441 1524 1
1478 1529 1
475 1286 1
1278 1445 1
1516 2178 1
1472 1498 1
1452 2180 1
449 2186 1
1443 2173 1
444 447 1
469 2167 1
1271 1286 1
475 1271 1
488 1246 1
464 1258 1
1439 1449 1
1495 1512 1
442 1495 1
1252 1518 1
1242 1509 1
444 2170 1
447 2170 1
400 1524 1
400 1441 1
441 2179 1
1250 1470 1
435 1514 1
401 2187 1
462 1505 1
1288 1514 1
435 1288 1
1554 2176 1
437 2176 1
1501 2189 1
476 1279 1
460 1249 1
1243 1444 1
490 1275 1
441 1533 1
1533 2179 1
434 441 1
1503 1570 1
416 464 1
416 1258 1
2172 2187 1
401 2172 1
1245 2175 1
458 2172 1
401 458 1
458 2187 1
1552 2182 1
404 453 1
449 704 1
704 2186 1
1525 1566 1
1266 1531 1
1462 1529 1
1462 1478 1
475 1279 1
1279 1286 1
1271 1279 1
475 476 1
1469 1566 1
1469 1525 1
1290 1473 1
447 482 1
482 2170 1
444 482 1
1446 2164 1
1261 1482 1
416 2174 1
464 2174 1
1258 2174 1
416 1447 1
1537 2179 1
441 1537 1
1533 1537 1
1278 1472 1
1445 1472 1
1278 1498 1
455 2179 1
441 455 1
455 1533 1
455 1537 1
1289 1442 1
1514 1530 1
1288 1530 1
435 1530 1
1448 2171 1
421 422 1
421 1560 1
422 1560 1
405 1574 1
463 1242 1
1242 1467 1
463 1509 1
1440 1452 1
1440 2180 1
475 1493 1
1279 1493 1
476 1493 1
1286 1493 1
1271 1493 1
1279 1287 1
1286 1287 1
1287 1493 1
1271 1287 1
475 1287 1
476 1287 1
469 483 1
483 2167 1
401 1458 1
458 1458 1
1458 2187 1
1458 2172 1
401 1539 1
395 1549 1
406 1260 1
395 482 1
482 1549 1
395 2170 1
395 444 1
395 447 1
1478 1505 1
1505 1529 1
1462 1505 1
462 1478 1
1254 1569 1
1539 2185 1
401 2185 1
1458 2185 1
1503 1522 1
1522 1570 1
414 1286 1
414 1287 1
414 1493 1
414 1271 1
414 475 1
414 1279 1
1274 2187 1
401 1274 1
458 1274 1
1274 2172 1
1274 1458 1
1506 2163 1
1539 1574 1
401 1574 1
1458 1574 1
1574 2185 1
405 1539 1
482 1486 1
395 1486 1
1486 1549 1
1486 2170 1
444 1486 1
447 1486 1
1267 1499 1
487 1582 1
1543 2170 1
482 1543 1
395 1543 1
1486 1543 1
444 1543 1
447 1543 1
455 2183 1
441 2183 1
2179 2183 1
1533 2183 1
1537 2183 1
463 492 1
492 1242 1
492 1467 1
492 1509 1
413 483 1
413 469 1
413 2167 1
413 447 1
447 483 1
447 469 1
447 2167 1
413 482 1
413 1543 1
395 413 1
413 1486 1
413 2170 1
413 444 1
484 491 1
400 1494 1
1441 1494 1
1494 1524 1
419 472 1
1515 2169 1
405 1288 1
1288 1539 1
1288 1574 1
405 1514 1
405 435 1
405 1530 1
1446 1455 1
1455 2164 1
489 1266 1
489 1531 1
438 459 1
1537 2162 1
2162 2179 1
2162 2183 1
455 2162 1
441 2162 1
1533 2162 1
1516 1538 1
1538 2178 1
1276 1453 1
1267 2184 1
1499 2184 1
1501 2171 1
2171 2189 1
1448 1501 1
414 1446 1
1286 1446 1
1287 1446 1
1446 1493 1
1271 1446 1
475 1446 1
1279 1446 1
414 1455 1
414 2164 1
435 2166 1
1288 2166 1
1514 2166 1
1530 2166 1
405 2166 1
435 1545 1
435 1580 1
551 1298 1
1609 1620 1
1914 2135 1
531 1591 1
1293 1586 1
729 1320 1
1942 1958 1
730 1627 1
540 732 1
537 1963 1
748 2159 1
1299 1973 1
730 1321 1
1321 1627 1
756 1292 1
1589 1626 1
1589 2142 1
1626 2142 1
747 1973 1
747 1299 1
1909 1935 1
1313 1638 1
544 1638 1
544 1313 1
1636 1944 1
762 1315 1
720 2131 1
1604 1935 1
1604 1909 1
1296 1597 1
1308 1617 1
728 1938 1
729 1594 1
1320 1594 1
547 553 1
506 1961 1
549 1330 1
525 1925 1
762 2141 1
1315 2141 1
732 1300 1
540 1300 1
1603 1634 1
730 1316 1
1316 1321 1
1316 1627 1
1959 1972 1
716 1614 1
517 550 1
526 1949 1
524 2155 1
527 1626 1
527 1589 1
527 2142 1
1907 1908 1
500 1593 1
1621 1643 1
1323 1978 1
507 1312 1
509 1309 1
540 1639 1
1300 1639 1
732 1639 1
757 1602 1
515 1983 1
1593 2144 1
500 2144 1
511 2144 1
511 1593 1
500 511 1
1334 2132 1
532 736 1
1635 2147 1
731 744 1
1327 2139 1
536 546 1
509 1331 1
1309 1331 1
1308 1316 1
1316 1617 1
1308 1321 1
730 1308 1
1308 1627 1
1302 1977 1
724 737 1
499 1910 1
1612 1637 1
1616 2155 1
524 1616 1
1941 2138 1
515 1604 1
1604 1983 1
515 1909 1
515 1935 1
538 1944 1
538 1636 1
718 1609 1
718 1620 1
727 1967 1
726 735 1
1331 1959 1
509 1959 1
1309 1959 1
1331 1972 1
1598 1980 1
1934 1957 1
1608 1970 1
709 1930 1
732 1604 1
1300 1604 1
540 1604 1
1604 1639 1
515 732 1
732 1935 1
732 1909 1
732 1983 1
712 1923 1
550 551 1
517 551 1
550 1298 1
515 1948 1
1604 1948 1
1935 1948 1
1909 1948 1
732 1948 1
1948 1983 1
504 1307 1
545 1909 1
515 545 1
545 1604 1
545 1948 1
545 1935 1
545 732 1
515 1930 1
545 1930 1
1604 1930 1
1930 1948 1
1930 1935 1
1909 1930 1
732 1930 1
1930 1983 1
515 709 1
1928 1949 1
526 1928 1
526 2159 1
1928 2159 1
1949 2159 1
526 748 1
1927 2148 1
527 1905 1
1626 1905 1
1589 1905 1
1905 2142 1
512 747 1
512 1299 1
512 1973 1
1904 1955 1
512 1975 1
1299 1975 1
747 1975 1
1973 1975 1
541 1623 1
552 1941 1
552 2138 1
749 759 1
553 2138 1
547 2138 1
552 553 1
553 1941 1
501 730 1
501 1321 1
501 1627 1
501 1316 1
501 1308 1
1590 2139 1
1327 1590 1
707 1611 1
1315 2156 1
762 2156 1
2141 2156 1
513 1316 1
513 1321 1
513 1617 1
501 513 1
513 730 1
513 1627 1
513 1308 1
553 725 1
552 725 1
725 2138 1
547 725 1
725 1941 1
1925 2139 1
525 2139 1
1590 1925 1
1327 1925 1
527 751 1
751 1905 1
751 1626 1
751 1589 1
751 2142 1
1587 2151 1
1304 1938 1
728 1304 1
1905 1938 1
751 1938 1
1589 1938 1
1626 1938 1
527 1938 1
1938 2142 1
1304 1905 1
728 1905 1
708 755 1
541 1946 1
1623 1946 1
1327 2159 1
2139 2159 1
1925 2159 1
1590 2159 1
1327 1928 1
748 1327 1
526 1327 1
1327 1949 1
1612 1981 1
1637 1981 1
511 1955 1
1955 2144 1
1593 1955 1
500 1955 1
511 1904 1
1315 1904 1
762 1904 1
1904 2156 1
1904 2141 1
1315 1955 1
511 1315 1
743 2139 1
743 1925 1
525 743 1
743 2159 1
743 1590 1
743 1327 1
1640 1924 1
494 1591 1
494 531 1
504 742 1
742 1307 1
1234 1238 1
1076 1839 1
1130 1860 1
1110 1187 1
1146 1181 1
1831 1878 1
1079 1897 1
1789 1848 1
1160 2124 1
1814 1858 1
1119 2111 1
1080 1864 1
1179 1793 1
1145 1155 1
1853 2107 1
1210 1875 1
1830 1873 1
1211 1901 1
1089 1895 1
1201 1785 1
1107 1201 1
1107 1785 1
1775 1783 1
1141 1207 1
1790 1797 1
1089 1188 1
1188 1895 1
1077 1167 1
1199 1870 1
1156 1160 1
1156 2124 1
1821 1870 1
1199 1821 1
1143 1868 1
1076 1215 1
1215 1839 1
1822 1853 1
1822 2107 1
1127 1233 1
1138 1223 1
1073 1161 1
1106 1818 1
1832 2124 1
1160 1832 1
1156 1832 1
1077 1134 1
1134 1167 1
1082 1140 1
1786 2111 1
1119 1786 1
1090 1798 1
1213 2109 1
1117 1158 1
1787 1823 1
1224 1872 1
1212 1800 1
1230 1901 1
1211 1230 1
1187 1785 1
1110 1785 1
1187 1201 1
1107 1187 1
1170 1785 1
1170 1201 1
1107 1170 1
1170 1187 1
1110 1170 1
1231 1799 1
1160 1203 1
1203 1832 1
1156 1203 1
1203 2124 1
1190 1829 1
1227 1891 1
1793 2103 1
1179 2103 1
1819 1845 1
1135 1854 1
1195 1222 1
1138 1829 1
1223 1829 1
1138 1190 1
1778 1887 1
1198 2106 1
1126 1129 1
1776 1868 1
1143 1776 1
1175 1846 1
1817 1893 1
1853 1865 1
1865 2107 1
1822 1865 1
1203 1800 1
1160 1800 1
1800 1832 1
1800 2124 1
1156 1800 1
1203 1212 1
1783 1884 1
1775 1884 1
1075 1080 1
1075 1864 1
1208 1783 1
1208 1884 1
1208 1775 1
1168 1883 1
1139 1837 1
1817 1896 1
1893 1896 1
1189 1837 1
1139 1189 1
1082 1811 1
1140 1811 1
1199 1208 1
1208 1821 1
1208 1870 1
1199 1775 1
1199 1783 1
1199 1884 1
1119 1790 1
1786 1790 1
1790 2111 1
1119 1797 1
1078 1811 1
1078 1082 1
1078 1140 1
1127 1206 1
1206 1233 1
1077 1114 1
1114 1134 1
1114 1167 1
1189 2125 1
1139 2125 1
1837 2125 1
1167 1902 1
1114 1902 1
1077 1902 1
1134 1902 1
1083 1790 1
1083 1786 1
1083 2111 1
1083 1797 1
1083 1119 1
1071 1199 1
1071 1870 1
1071 1775 1
1071 1783 1
1071 1208 1
1071 1884 1
1071 1821 1
1078 1194 1
1082 1194 1
1194 1811 1
1140 1194 1
1231 1881 1
1799 1881 1
1830 2129 1
1873 2129 1
1075 1165 1
1080 1165 1
1165 1864 1
1200 1889 1
1235 1779 1
2102 2116 1
1073 1143 1
1143 1161 1
1073 1776 1
1073 1868 1
1148 1239 1
1112 1225 1
1230 1870 1
1211 1870 1
1870 1901 1
1199 1230 1
1071 1230 1
1208 1230 1
1230 1821 1
1089 1785 1
1188 1785 1
1785 1895 1
1089 1187 1
1089 1201 1
1089 1170 1
1089 1107 1
1089 1110 1
1807 2100 1
1158 1173 1
1117 1173 1
1204 1209 1
1216 2106 1
1198 1216 1
1113 1900 1
1071 1087 1
1087 1870 1
1087 1775 1
1087 1230 1
1087 1783 1
1087 1208 1
1087 1199 1
1087 1884 1
1087 1821 1
1120 1178 1
1186 1193 1
1074 2125 1
1074 1139 1
1074 1189 1
1074 1837 1
1777 2129 1
1777 1873 1
1777 1830 1
1148 1186 1
1186 1239 1
1148 1193 1
1182 2114 1
1793 1889 1
1179 1889 1
1889 2103 1
1200 1793 1
1780 1788 1
1853 1893 1
1865 1893 1
1893 2107 1
1822 1893 1
1853 1896 1
1817 1853 1
1124 1879 1
1094 1865 1
1094 2107 1
1094 1853 1
1094 1822 1
1094 1893 1
1228 1848 1
1228 1789 1
1136 1817 1
1136 1896 1
1136 1893 1
1136 1853 1
1133 2123 1
1209 1229 1
1204 1229 1
1782 1853 1
1782 1893 1
1094 1782 1
1782 1896 1
1782 1865 1
1136 1782 1
1782 1817 1
1782 2107 1
1782 1822 1
1245 2087 -1
2087 2175 -1
476 1379 -1
1287 1379 -1
475 1379 -1
1379 1493 -1
1279 1379 -1
966 2183 -1
966 1537 -1
966 2179 -1
455 966 -1
966 2162 -1
441 966 -1
966 1533 -1
448 2098 -1
2098 2127 -1
1896 2097 -1
1136 2097 -1
1817 2097 -1
1893 2097 -1
1782 2097 -1
1853 2097 -1
1530 2081 -1
1288 2081 -1
1514 2081 -1
435 2081 -1
405 2081 -1
2081 2166 -1
1530 2241 -1
1406 1530 -1
1391 1900 -1
1113 1391 -1
967 1577 -1
1577 2221 -1
183 1516 -1
227 1516 -1
1516 2089 -1
970 1516 -1
1004 1516 -1
625 1516 -1
148 1516 -1
1516 2232 -1
1396 1516 -1
955 1516 -1
1516 1738 -1
183 2178 -1
183 1538 -1
272 2242 -1
195 272 -1
1393 1474 -1
184 1474 -1
1248 2081 -1
1248 2241 -1
1248 1406 -1
1401 1793 -1
1200 1401 -1
1401 1889 -1
1179 1401 -1
1401 2103 -1
973 1529 -1
973 1505 -1
973 1462 -1
973 1478 -1
467 1874 -1
408 1874 -1
866 1062 -1
974 1423 -1
171 1423 -1
1423 2077 -1
332 637 -1
637 1026 -1
637 2219 -1
300 637 -1
1290 2072 -1
1473 2072 -1
49 286 -1
357 956 -1
257 956 -1
956 1764 -1
956 1767 -1
368 956 -1
956 2200 -1
956 1042 -1
696 956 -1
698 956 -1
254 956 -1
357 1009 -1
357 2247 -1
1396 1528 -1
227 1528 -1
1528 1738 -1
1004 1528 -1
625 1528 -1
148 1528 -1
183 1528 -1
1528 2232 -1
970 1528 -1
1000 2202 -1
975 2202 -1
221 2202 -1
165 2202 -1
1000 1428 -1
1000 1070 -1
389 894 -1
894 2212 -1
359 894 -1
894 2216 -1
894 1422 -1
894 2096 -1
692 894 -1
994 1521 -1
1437 1750 -1
354 1750 -1
290 1750 -1
1431 1750 -1
1069 1750 -1
263 1750 -1
657 1437 -1
662 1437 -1
215 1437 -1
2081 2094 -1
2094 2241 -1
1406 2094 -1
2081 2217 -1
990 1469 -1
990 1525 -1
990 1566 -1
229 2099 -1
229 1041 -1
229 1434 -1
229 1429 -1
1290 2082 -1
1473 2082 -1
1013 1248 -1
1398 1802 -1
283 2011 -1
283 1337 -1
30 283 -1
1432 2179 -1
1432 1537 -1
455 1432 -1
1432 2183 -1
1432 2162 -1
441 1432 -1
1432 1533 -1
1386 1472 -1
144 1472 -1
1003 1472 -1
644 1472 -1
173 1472 -1
1386 1498 -1
1386 1445 -1
1278 1386 -1
172 1261 -1
172 1482 -1
334 1482 -1
334 1261 -1
1418 1748 -1
252 1748 -1
178 1254 -1
178 1569 -1
446 1391 -1
166 1531 -1
189 1531 -1
166 489 -1
166 1266 -1
241 1099 -1
1099 2195 -1
387 1099 -1
2079 2095 -1
131 360 -1
131 265 -1
131 371 -1
131 251 -1
484 2205 -1
491 2205 -1
1403 1802 -1
957 1802 -1
965 1802 -1
983 1802 -1
1462 2091 -1
1529 2091 -1
1478 2091 -1
1505 2091 -1
139 1462 -1
643 1462 -1
1397 1462 -1
313 1285 -1
824 1063 -1
368 824 -1
257 824 -1
292 824 -1
824 1764 -1
997 1514 -1
1514 2080 -1
985 1514 -1
1395 1514 -1
214 1514 -1
207 1514 -1
997 1288 -1
997 1530 -1
435 997 -1
405 997 -1
997 2166 -1
1283 2086 -1
172 1266 -1
172 489 -1
172 1531 -1
1403 1441 -1
957 1441 -1
965 1441 -1
983 1441 -1
400 1403 -1
1403 1524 -1
1403 1494 -1
118 347 -1
347 944 -1
106 347 -1
118 235 -1
1416 2085 -1
451 1391 -1
2083 2168 -1
644 2168 -1
999 2168 -1
173 2168 -1
144 2168 -1
219 2168 -1
670 2168 -1
1828 2074 -1
176 1828 -1
1740 1828 -1
165 401 -1
401 1000 -1
401 975 -1
221 401 -1
401 1735 -1
165 1539 -1
165 1574 -1
165 2185 -1
165 458 -1
165 2187 -1
165 1458 -1
165 1274 -1
165 2172 -1
286 2278 -1
415 1415 -1
1004 1426 -1
227 1426 -1
1426 2089 -1
970 1426 -1
625 1426 -1
148 1426 -1
183 1426 -1
1426 2232 -1
1396 1426 -1
955 1426 -1
1426 1738 -1
485 1414 -1
1414 1548 -1
485 674 -1
637 1422 -1
637 2216 -1
637 2212 -1
637 692 -1
389 637 -1
359 637 -1
994 1875 -1
994 1210 -1
242 621 -1
621 1056 -1
250 621 -1
621 2214 -1
421 1426 -1
1426 1560 -1
422 1426 -1
193 401 -1
151 401 -1
193 1539 -1
193 1574 -1
193 2185 -1
193 458 -1
193 2187 -1
193 1458 -1
193 1274 -1
193 2172 -1
993 1580 -1
993 1545 -1
435 993 -1
993 2166 -1
270 2244 -1
472 1394 -1
419 1394 -1
145 472 -1
170 472 -1
169 472 -1
472 647 -1
631 1420 -1
1051 1727 -1
921 1051 -1
119 1051 -1
839 1051 -1
401 2220 -1
1539 2220 -1
1574 2220 -1
2185 2220 -1
458 2220 -1
2187 2220 -1
1458 2220 -1
1274 2220 -1
2172 2220 -1
1393 1459 -1
184 1459 -1
651 1558 -1
473 651 -1
469 2011 -1
447 2011 -1
483 2011 -1
413 2011 -1
2011 2167 -1
469 1337 -1
30 469 -1
1499 2249 -1
2184 2249 -1
1267 2249 -1
200 1499 -1
953 1499 -1
1389 1499 -1
977 1499 -1
2088 2161 -1
140 2161 -1
148 411 -1
227 411 -1
411 1738 -1
411 1004 -1
411 1396 -1
183 411 -1
411 2232 -1
412 1407 -1
1382 1584 -1
1710 1771 -1
1011 1258 -1
464 1011 -1
416 1011 -1
1011 2174 -1
982 1158 -1
982 1117 -1
982 1173 -1
448 2097 -1
1787 2084 -1
1823 2084 -1
1802 2232 -1
227 1802 -1
1802 2089 -1
970 1802 -1
1004 1802 -1
625 1802 -1
148 1802 -1
183 1802 -1
1396 1802 -1
955 1802 -1
1738 1802 -1
262 1285 -1
1048 1285 -1
697 1285 -1
301 1285 -1
390 1285 -1
637 682 -1
1872 2084 -1
1224 2084 -1
380 923 -1
1389 2189 -1
200 2189 -1
977 2189 -1
2189 2249 -1
953 2189 -1
1389 2171 -1
1389 1501 -1
1099 2093 -1
1020 1099 -1
2080 2181 -1
997 2181 -1
207 2181 -1
126 331 -1
331 2273 -1
331 2060 -1
485 2085 -1
1548 2085 -1
1419 2240 -1
407 1010 -1
1000 1420 -1
975 1420 -1
221 1420 -1
165 1420 -1
1409 1743 -1
701 1743 -1
238 1743 -1
351 1743 -1
1417 1874 -1
1035 1874 -1
370 1874 -1
1019 1874 -1
1874 2197 -1
1030 1874 -1
381 621 -1
621 693 -1
621 1413 -1
424 995 -1
209 424 -1
424 618 -1
424 669 -1
342 465 -1
1390 1521 -1
992 2183 -1
1751 2183 -1
992 1537 -1
992 2179 -1
455 992 -1
992 2162 -1
441 992 -1
992 1533 -1
258 871 -1
1051 1723 -1
880 1051 -1
902 1051 -1
414 1379 -1
1379 1446 -1
1286 1379 -1
1379 1455 -1
1379 2164 -1
1271 1379 -1
842 1433 -1
80 1433 -1
1021 2172 -1
401 1021 -1
458 1021 -1
1021 2187 -1
1021 1458 -1
1021 1274 -1
381 662 -1
662 693 -1
662 1413 -1
381 657 -1
381 1750 -1
215 381 -1
862 1063 -1
368 862 -1
257 862 -1
292 862 -1
862 1764 -1
1768 2262 -1
250 1170 -1
1056 1170 -1
242 1170 -1
1170 2214 -1
250 1089 -1
250 1187 -1
250 1201 -1
250 1107 -1
250 1110 -1
250 1785 -1
994 2189 -1
994 2171 -1
994 1501 -1
989 1468 -1
279 1750 -1
1750 2204 -1
279 657 -1
279 662 -1
215 279 -1
1403 2188 -1
957 2188 -1
965 2188 -1
983 2188 -1
967 1451 -1
1451 2221 -1
655 1264 -1
397 1408 -1
1255 2081 -1
1255 2241 -1
1255 1406 -1
1004 1181 -1
227 1181 -1
1181 2089 -1
970 1181 -1
625 1181 -1
148 1181 -1
183 1181 -1
1181 2232 -1
1181 1396 -1
955 1181 -1
1181 1738 -1
1004 1146 -1
958 1414 -1
177 1414 -1
674 958 -1
150 1855 -1
434 1874 -1
441 1874 -1
1533 1874 -1
1862 2074 -1
176 1862 -1
1740 1862 -1
292 1724 -1
368 1724 -1
257 1724 -1
1724 1764 -1
1063 1724 -1
458 1408 -1
401 1408 -1
1408 1458 -1
1408 2187 -1
1408 2172 -1
1274 1408 -1
966 1431 -1
354 966 -1
290 966 -1
966 1069 -1
966 1437 -1
263 966 -1
978 1476 -1
636 1476 -1
150 1870 -1
150 1901 -1
150 1199 -1
150 1230 -1
150 1071 -1
150 1208 -1
150 1211 -1
150 1821 -1
150 1087 -1
1038 1706 -1
942 1038 -1
980 1411 -1
187 1411 -1
1411 1757 -1
175 1411 -1
166 2187 -1
189 2187 -1
166 401 -1
166 458 -1
166 2172 -1
166 1458 -1
166 1274 -1
1012 1431 -1
354 1012 -1
290 1012 -1
1012 1069 -1
1012 1437 -1
263 1012 -1
1424 2240 -1
361 2240 -1
684 2240 -1
1014 2240 -1
353 2240 -1
1828 2075 -1
205 1828 -1
1389 1875 -1
200 1875 -1
977 1875 -1
1875 2249 -1
953 1875 -1
1210 1389 -1
292 1743 -1
368 1743 -1
257 1743 -1
1743 1764 -1
1063 1743 -1
237 625 -1
625 676 -1
227 237 -1
237 970 -1
237 1004 -1
237 1396 -1
183 237 -1
237 2232 -1
237 1738 -1
287 1215 -1
287 1076 -1
287 1839 -1
1385 2182 -1
1385 1552 -1
1437 1743 -1
354 1743 -1
290 1743 -1
1431 1743 -1
1069 1743 -1
263 1743 -1
1388 2188 -1
455 2205 -1
1537 2205 -1
2179 2205 -1
2183 2205 -1
2162 2205 -1
441 2205 -1
1533 2205 -1
292 1717 -1
368 1717 -1
257 1717 -1
1717 1764 -1
1063 1717 -1
1026 1727 -1
332 1727 -1
1727 2219 -1
300 1727 -1
921 1026 -1
119 1026 -1
839 1026 -1
636 1422 -1
978 1422 -1
636 2216 -1
636 2212 -1
636 692 -1
389 636 -1
359 636 -1
281 621 -1
172 1276 -1
172 1453 -1
1404 1446 -1
1286 1404 -1
1287 1404 -1
1404 1455 -1
1404 2164 -1
1404 1493 -1
1271 1404 -1
475 1404 -1
414 1404 -1
1279 1404 -1
69 324 -1
438 990 -1
459 990 -1
314 1715 -1
192 1266 -1
192 489 -1
192 1531 -1
389 891 -1
891 2212 -1
359 891 -1
891 2216 -1
891 1422 -1
891 2096 -1
692 891 -1
64 389 -1
389 813 -1
1397 2188 -1
224 2188 -1
139 2188 -1
615 2188 -1
2091 2188 -1
1745 2188 -1
643 2188 -1
217 2188 -1
662 702 -1
657 702 -1
702 1750 -1
215 702 -1
250 1207 -1
1056 1207 -1
242 1207 -1
1207 2214 -1
250 1141 -1
1582 2088 -1
487 2088 -1
140 1582 -1
389 2254 -1
2212 2254 -1
359 2254 -1
2216 2254 -1
1422 2254 -1
2096 2254 -1
692 2254 -1
72 389 -1
389 834 -1
389 1701 -1
389 941 -1
317 485 -1
362 485 -1
485 1436 -1
317 1548 -1
969 1429 -1
969 1041 -1
969 1434 -1
969 2099 -1
1477 2215 -1
1435 1477 -1
1277 1434 -1
468 1434 -1
1041 1277 -1
1277 2099 -1
1277 1429 -1
1022 2262 -1
1454 2091 -1
139 1454 -1
643 1454 -1
1397 1454 -1
291 621 -1
1530 2087 -1
1288 2087 -1
1514 2087 -1
435 2087 -1
405 2087 -1
2087 2166 -1
175 464 -1
187 464 -1
464 980 -1
464 1757 -1
175 416 -1
175 1258 -1
175 2174 -1
624 1531 -1
489 624 -1
624 1266 -1
1408 1733 -1
203 466 -1
466 668 -1
466 2234 -1
466 1732 -1
258 897 -1
258 850 -1
107 259 -1
259 2036 -1
1897 2095 -1
1079 2095 -1
307 848 -1
307 818 -1
307 1714 -1
86 307 -1
307 909 -1
1474 2088 -1
140 1474 -1
469 1233 -1
447 1233 -1
483 1233 -1
413 1233 -1
1233 2167 -1
469 1206 -1
469 1127 -1
480 1010 -1
986 1423 -1
964 1424 -1
361 964 -1
684 964 -1
964 1014 -1
353 964 -1
1401 1464 -1
176 2209 -1
2074 2209 -1
1740 2209 -1
1474 2228 -1
974 2202 -1
171 2202 -1
2077 2202 -1
974 1428 -1
974 1070 -1
241 1121 -1
1121 2195 -1
387 1121 -1
466 2091 -1
139 466 -1
466 643 -1
466 1397 -1
2011 2031 -1
1337 2031 -1
30 2031 -1
148 483 -1
227 483 -1
483 1738 -1
483 1004 -1
483 1396 -1
183 483 -1
483 2232 -1
148 413 -1
148 447 -1
148 469 -1
148 2167 -1
392 2067 -1
392 887 -1
664 1558 -1
473 664 -1
1262 1386 -1
144 1262 -1
1003 1262 -1
644 1262 -1
173 1262 -1
703 1021 -1
2095 2229 -1
1874 2095 -1
418 1407 -1
995 1492 -1
209 1492 -1
618 1492 -1
669 1492 -1
147 1276 -1
147 1453 -1
1390 1573 -1
954 2169 -1
211 2169 -1
954 1515 -1
1383 1528 -1
152 1528 -1
246 1732 -1
311 1732 -1
246 2234 -1
203 246 -1
246 668 -1
493 2236 -1
955 1270 -1
1270 2232 -1
1270 1738 -1
1004 1270 -1
183 1270 -1
2095 2122 -1
475 1002 -1
1002 1446 -1
1002 1286 -1
1002 1287 -1
1002 1493 -1
1002 1271 -1
476 1002 -1
414 1002 -1
1002 1279 -1
448 2011 -1
448 1337 -1
30 448 -1
278 618 -1
209 278 -1
278 995 -1
278 669 -1
1051 1703 -1
1051 2250 -1
1051 2255 -1
819 1051 -1
854 1051 -1
57 1051 -1
1051 1721 -1
378 404 -1
378 453 -1
216 1822 -1
216 1893 -1
216 1094 -1
216 1865 -1
216 1782 -1
216 2107 -1
216 1853 -1
982 1144 -1
403 1399 -1
1897 2097 -1
1079 2097 -1
1399 2095 -1
995 1446 -1
209 1446 -1
618 1446 -1
669 1446 -1
995 1286 -1
995 1287 -1
995 1455 -1
995 2164 -1
995 1493 -1
995 1271 -1
475 995 -1
414 995 -1
995 1279 -1
1413 1743 -1
381 1743 -1
693 1743 -1
485 1425 -1
1425 1548 -1
1408 1802 -1
461 2085 -1
96 254 -1
96 257 -1
96 2200 -1
96 1764 -1
96 357 -1
96 1767 -1
96 2218 -1
96 368 -1
96 696 -1
96 1042 -1
96 376 -1
96 698 -1
237 2244 -1
676 2244 -1
259 1171 -1
964 1432 -1
389 888 -1
888 2212 -1
359 888 -1
888 2216 -1
888 1422 -1
888 2096 -1
692 888 -1
1422 1747 -1
1747 2216 -1
1747 2212 -1
692 1747 -1
389 1747 -1
359 1747 -1
107 389 -1
389 2036 -1
107 2212 -1
107 359 -1
107 2216 -1
107 1422 -1
107 2096 -1
107 692 -1
221 1278 -1
1000 1278 -1
975 1278 -1
165 1278 -1
1278 1735 -1
221 1472 -1
221 1498 -1
221 1445 -1
1702 1771 -1
868 1771 -1
949 1771 -1
134 1771 -1
1438 1750 -1
1025 1750 -1
657 1438 -1
662 1438 -1
215 1438 -1
2090 2209 -1
191 2209 -1
996 2184 -1
996 1267 -1
996 1499 -1
625 1154 -1
227 1154 -1
970 1154 -1
1004 1154 -1
1154 1396 -1
183 1154 -1
1154 2232 -1
1154 1738 -1
92 2009 -1
2180 2224 -1
1440 2224 -1
1452 2224 -1
241 1234 -1
1234 2195 -1
387 1234 -1
241 1238 -1
2074 2127 -1
176 2127 -1
1740 2127 -1
625 687 -1
227 687 -1
687 970 -1
687 1004 -1
687 1396 -1
183 687 -1
687 2232 -1
687 1738 -1
298 1122 -1
147 1288 -1
147 1539 -1
147 1574 -1
147 1514 -1
147 435 -1
147 405 -1
147 2166 -1
147 1530 -1
427 1407 -1
240 1285 -1
1011 1282 -1
148 466 -1
227 466 -1
466 1738 -1
466 1004 -1
466 1396 -1
183 466 -1
466 2232 -1
240 632 -1
1457 2082 -1
980 1423 -1
187 1423 -1
1423 1757 -1
175 1423 -1
1390 1510 -1
663 682 -1
686 1274 -1
1024 1274 -1
1274 1762 -1
275 1274 -1
401 686 -1
458 686 -1
686 2187 -1
686 2172 -1
686 1458 -1
380 2250 -1
380 1703 -1
380 2255 -1
380 819 -1
380 854 -1
380 1721 -1
57 380 -1
415 952 -1
967 1510 -1
1510 2221 -1
2084 2110 -1
485 1423 -1
1423 1548 -1
1413 1746 -1
381 1746 -1
693 1746 -1
1254 2239 -1
1569 2239 -1
705 1413 -1
381 705 -1
693 705 -1
184 1262 -1
1262 1393 -1
1506 1996 -1
1996 2163 -1
771 1506 -1
558 1506 -1
2083 2173 -1
644 2173 -1
999 2173 -1
173 2173 -1
144 2173 -1
219 2173 -1
670 2173 -1
1443 2083 -1
1746 2204 -1
279 1746 -1
1556 2267 -1
1121 1436 -1
362 1121 -1
317 1121 -1
445 1171 -1
209 1255 -1
618 1255 -1
995 1255 -1
389 916 -1
916 2212 -1
359 916 -1
916 2216 -1
916 1422 -1
916 2096 -1
692 916 -1
1388 1572 -1
989 1577 -1
407 1384 -1
632 2200 -1
257 632 -1
632 1764 -1
357 632 -1
632 1767 -1
368 632 -1
632 1042 -1
632 696 -1
632 698 -1
254 632 -1
693 1840 -1
381 1840 -1
1413 1840 -1
1738 2204 -1
227 2204 -1
2089 2204 -1
970 2204 -1
1004 2204 -1
625 2204 -1
148 2204 -1
183 2204 -1
2204 2232 -1
1396 2204 -1
955 2204 -1
279 1738 -1
450 2085 -1
1401 1874 -1
1006 1529 -1
1006 1505 -1
1006 1462 -1
1006 1478 -1
1152 2099 -1
1041 1152 -1
1152 1434 -1
1152 1429 -1
1391 2097 -1
1830 2084 -1
1873 2084 -1
1777 2084 -1
2084 2129 -1
237 632 -1
632 676 -1
919 1744 -1
1744 2038 -1
820 1744 -1
117 1744 -1
1718 1744 -1
1744 2264 -1
892 1744 -1
131 286 -1
983 1516 -1
1403 1516 -1
965 1516 -1
957 1516 -1
983 2178 -1
983 1538 -1
1398 2097 -1
426 1391 -1
1264 2086 -1
471 1401 -1
345 634 -1
1716 1771 -1
74 1771 -1
65 241 -1
114 241 -1
101 241 -1
241 910 -1
241 1709 -1
65 2195 -1
65 387 -1
1427 1730 -1
1730 2193 -1
232 1427 -1
332 1747 -1
1026 1747 -1
1747 2219 -1
300 1747 -1
1253 2248 -1
858 1047 -1
1047 2274 -1
1047 2275 -1
73 1047 -1
875 1047 -1
76 1047 -1
125 1047 -1
816 1047 -1
853 1047 -1
1047 2041 -1
59 1047 -1
1047 1725 -1
372 858 -1
406 1407 -1
1260 1407 -1
1285 2199 -1
1419 2085 -1
1401 1462 -1
1401 1529 -1
1401 1478 -1
1401 1505 -1
2090 2097 -1
191 2097 -1
1383 1828 -1
152 1828 -1
1402 1897 -1
1897 2092 -1
1079 1402 -1
1556 1718 -1
820 1556 -1
117 1556 -1
1556 2038 -1
919 1556 -1
1556 2264 -1
1556 2265 -1
122 1556 -1
892 1556 -1
972 1577 -1
1390 1582 -1
487 1390 -1
1184 1412 -1
1408 2090 -1
191 1408 -1
1896 2098 -1
1136 2098 -1
1817 2098 -1
1893 2098 -1
1782 2098 -1
1853 2098 -1
173 464 -1
464 2083 -1
464 644 -1
464 1386 -1
464 1003 -1
144 464 -1
464 670 -1
173 416 -1
173 1258 -1
173 2174 -1
109 2009 -1
1088 2216 -1
1088 2212 -1
389 1088 -1
359 1088 -1
236 1088 -1
1088 1422 -1
1088 2096 -1
692 1088 -1
633 1252 -1
633 1518 -1
918 1764 -1
257 918 -1
292 918 -1
357 918 -1
918 1063 -1
918 1767 -1
368 918 -1
918 2200 -1
918 1042 -1
696 918 -1
698 918 -1
254 918 -1
89 324 -1
1855 2238 -1
667 1855 -1
461 1399 -1
1038 1729 -1
1389 1584 -1
200 1584 -1
977 1584 -1
1584 2249 -1
953 1584 -1
1802 2090 -1
191 1802 -1
624 1485 -1
1822 2094 -1
1893 2094 -1
1094 2094 -1
1865 2094 -1
1782 2094 -1
2094 2107 -1
1853 2094 -1
1822 2217 -1
1802 2075 -1
205 1802 -1
473 2082 -1
1558 2082 -1
1013 1271 -1
1013 1446 -1
1013 1286 -1
1013 1287 -1
1013 1493 -1
475 1013 -1
414 1013 -1
1013 1279 -1
1454 2083 -1
644 1454 -1
999 1454 -1
173 1454 -1
144 1454 -1
219 1454 -1
670 1454 -1
432 994 -1
1827 2088 -1
140 1827 -1
1009 2181 -1
956 2181 -1
2181 2247 -1
1011 1250 -1
1011 1470 -1
485 964 -1
964 1548 -1
148 395 -1
227 395 -1
395 1738 -1
395 1004 -1
395 1396 -1
183 395 -1
395 2232 -1
148 482 -1
148 1543 -1
148 1549 -1
148 1486 -1
148 2170 -1
148 444 -1
65 324 -1
114 324 -1
101 324 -1
324 910 -1
324 1709 -1
422 2231 -1
1560 2231 -1
421 2231 -1
426 1398 -1
1488 2249 -1
200 1488 -1
953 1488 -1
1389 1488 -1
977 1488 -1
998 1279 -1
998 1446 -1
998 1286 -1
998 1287 -1
998 1493 -1
998 1271 -1
475 998 -1
476 998 -1
414 998 -1
2011 2173 -1
1337 2173 -1
30 2173 -1
1443 2011 -1
1430 2168 -1
959 1574 -1
143 1574 -1
959 1539 -1
959 1288 -1
959 2185 -1
401 959 -1
959 1458 -1
405 959 -1
1384 1900 -1
1113 1384 -1
1882 2094 -1
1882 2217 -1
428 1407 -1
404 1713 -1
453 1713 -1
996 1269 -1
1008 1414 -1
674 1008 -1
1019 1274 -1
1274 1417 -1
370 1274 -1
1035 1274 -1
1274 2197 -1
1030 1274 -1
401 1019 -1
458 1019 -1
1019 2187 -1
1019 2172 -1
1019 1458 -1
1438 1743 -1
1025 1743 -1
1892 2227 -1
397 961 -1
397 617 -1
397 2237 -1
397 2078 -1
397 2223 -1
639 1279 -1
162 1279 -1
190 1279 -1
639 1446 -1
639 1286 -1
639 1287 -1
639 1493 -1
639 1271 -1
475 639 -1
476 639 -1
414 639 -1
392 662 -1
392 657 -1
392 1750 -1
215 392 -1
403 1401 -1
966 2169 -1
966 1515 -1
985 1435 -1
1395 1435 -1
997 1435 -1
214 1435 -1
207 1435 -1
985 2215 -1
1245 2072 -1
2072 2175 -1
1241 2080 -1
997 1241 -1
207 1241 -1
106 2009 -1
944 2009 -1
118 2009 -1
888 1062 -1
480 990 -1
967 1563 -1
1563 2221 -1
998 2184 -1
998 1267 -1
998 1499 -1
54 375 -1
967 1574 -1
1574 2221 -1
967 1539 -1
967 1288 -1
967 2185 -1
401 967 -1
967 1458 -1
405 967 -1
342 963 -1
345 619 -1
81 1021 -1
446 2249 -1
200 446 -1
446 953 -1
446 1389 -1
446 977 -1
444 645 -1
482 645 -1
645 1543 -1
395 645 -1
645 1486 -1
645 2170 -1
413 645 -1
447 645 -1
444 617 -1
444 2222 -1
444 2223 -1
149 444 -1
444 2237 -1
444 2078 -1
1885 2238 -1
667 1885 -1
624 1578 -1
430 964 -1
254 1721 -1
257 1721 -1
1721 2200 -1
1721 1764 -1
357 1721 -1
1721 1767 -1
1721 2218 -1
368 1721 -1
696 1721 -1
1042 1721 -1
376 1721 -1
698 1721 -1
254 1703 -1
254 2250 -1
254 2255 -1
254 819 -1
254 854 -1
57 254 -1
979 2189 -1
979 2171 -1
979 1501 -1
615 1154 -1
224 1154 -1
643 1154 -1
139 1154 -1
1154 1745 -1
1154 1397 -1
217 1154 -1
181 1154 -1
1437 1731 -1
354 1731 -1
290 1731 -1
1431 1731 -1
1069 1731 -1
263 1731 -1
1427 1731 -1
1731 2193 -1
705 1715 -1
1859 2094 -1
1859 2217 -1
1394 1466 -1
145 1466 -1
170 1466 -1
169 1466 -1
647 1466 -1
467 2088 -1
408 2088 -1
140 467 -1
1222 2099 -1
1195 2099 -1
1041 1222 -1
1222 1434 -1
1222 1429 -1
474 1408 -1
693 980 -1
381 980 -1
980 1413 -1
187 693 -1
693 1757 -1
175 693 -1
979 1577 -1
1393 1875 -1
184 1875 -1
1210 1393 -1
1413 1751 -1
381 1751 -1
693 1751 -1
992 1413 -1
352 1086 -1
982 1152 -1
278 619 -1
970 1459 -1
227 1459 -1
1459 1738 -1
1004 1459 -1
625 1459 -1
1396 1459 -1
183 1459 -1
1459 2232 -1
485 2240 -1
1548 2240 -1
690 2244 -1
163 693 -1
641 693 -1
230 693 -1
693 1759 -1
163 381 -1
163 1413 -1
618 1031 -1
209 1031 -1
995 1031 -1
669 1031 -1
625 699 -1
227 699 -1
699 970 -1
699 1004 -1
699 1396 -1
183 699 -1
699 2232 -1
699 1738 -1
474 973 -1
334 402 -1
370 1117 -1
1117 1417 -1
1035 1117 -1
1117 2197 -1
1030 1117 -1
1019 1117 -1
370 1173 -1
370 1158 -1
1279 2248 -1
1446 2248 -1
1286 2248 -1
1287 2248 -1
1493 2248 -1
1271 2248 -1
475 2248 -1
476 2248 -1
414 2248 -1
1005 1265 -1
964 1430 -1
1436 1748 -1
362 1748 -1
317 1748 -1
426 1379 -1
1804 2084 -1
242 1746 -1
1056 1746 -1
250 1746 -1
1746 2214 -1
160 401 -1
401 962 -1
138 401 -1
401 635 -1
401 1741 -1
160 1539 -1
160 1574 -1
160 2185 -1
160 458 -1
160 2187 -1
160 1458 -1
160 1274 -1
160 2172 -1
1010 1487 -1
390 618 -1
618 1048 -1
618 697 -1
301 618 -1
262 618 -1
209 390 -1
390 995 -1
390 669 -1
1006 1431 -1
354 1006 -1
290 1006 -1
1006 1069 -1
1006 1437 -1
263 1006 -1
815 1041 -1
815 1434 -1
815 2099 -1
815 1429 -1
458 1397 -1
401 1397 -1
1397 1458 -1
1397 2187 -1
1397 2172 -1
1274 1397 -1
224 458 -1
139 458 -1
458 615 -1
458 2091 -1
458 1745 -1
458 643 -1
217 458 -1
2089 2173 -1
2173 2232 -1
1738 2173 -1
227 2173 -1
1004 2173 -1
183 2173 -1
1443 2089 -1
965 1254 -1
1254 1403 -1
957 1254 -1
983 1254 -1
965 1569 -1
278 634 -1
682 2060 -1
682 2273 -1
126 682 -1
219 1262 -1
1262 2083 -1
670 1262 -1
999 1262 -1
320 1086 -1
1086 2201 -1
979 1573 -1
1867 2245 -1
1756 1867 -1
197 1867 -1
416 1407 -1
464 1407 -1
1258 1407 -1
1407 2174 -1
1407 1447 -1
992 1098 -1
1098 1751 -1
291 631 -1
1822 2077 -1
1893 2077 -1
1094 2077 -1
1865 2077 -1
1782 2077 -1
2077 2107 -1
1853 2077 -1
171 1822 -1
974 1822 -1
1002 1584 -1
643 1420 -1
224 1420 -1
139 1420 -1
615 1420 -1
1420 2091 -1
1420 1745 -1
1397 1420 -1
217 1420 -1
911 1024 -1
911 1762 -1
275 911 -1
686 911 -1
979 1514 -1
979 1288 -1
979 1530 -1
435 979 -1
405 979 -1
979 2166 -1
493 1002 -1
270 621 -1
2208 2269 -1
987 1582 -1
617 1582 -1
1582 2223 -1
487 987 -1
1031 1247 -1
999 1414 -1
1414 2083 -1
219 1414 -1
670 1414 -1
674 999 -1
1400 1897 -1
231 1897 -1
1079 1400 -1
1402 1827 -1
1827 2092 -1
1390 1563 -1
1011 1249 -1
460 1011 -1
469 1012 -1
447 1012 -1
483 1012 -1
413 1012 -1
1012 2167 -1
1056 1748 -1
1748 2214 -1
333 1748 -1
242 1748 -1
250 1748 -1
1054 1748 -1
319 1748 -1
655 1867 -1
456 1407 -1
1012 1416 -1
450 1227 -1
450 1891 -1
404 1019 -1
453 1019 -1
404 1417 -1
370 404 -1
404 1035 -1
404 2197 -1
404 1030 -1
451 2249 -1
200 451 -1
451 953 -1
451 1389 -1
451 977 -1
66 259 -1
141 411 -1
188 411 -1
1288 2234 -1
1539 2234 -1
1574 2234 -1
1514 2234 -1
435 2234 -1
405 2234 -1
2166 2234 -1
1530 2234 -1
1288 1732 -1
203 1288 -1
668 1288 -1
1013 1253 -1
971 1517 -1
332 1743 -1
1026 1743 -1
1743 2219 -1
300 1743 -1
964 1429 -1
964 1041 -1
964 1434 -1
964 2099 -1
958 1425 -1
177 1425 -1
2074 2100 -1
176 2100 -1
1740 2100 -1
1807 2074 -1
1032 1702 -1
868 1032 -1
949 1032 -1
134 1032 -1
246 621 -1
311 621 -1
434 1401 -1
441 1401 -1
1401 1533 -1
