559 1369 1
1679 2002 1
1696 2301 1
557 765 1
593 1347 1
1350 2003 1
14 1985 1
772 808 1
40 1362 1
1655 2000 1
1374 1651 1
572 2009 1
555 1669 1
1377 1697 1
1667 2288 1
590 2005 1
591 2014 1
784 1355 1
1365 1376 1
2 44 1
566 2291 1
35 1348 1
787 1361 1
557 1664 1
765 1664 1
606 2013 1
1341 1374 1
1341 1651 1
45 797 1
2003 2017 1
1350 2017 1
767 1375 1
2304 2307 1
5 2301 1
5 1696 1
567 799 1
3 1683 1
1348 1696 1
35 1696 1
1348 2301 1
5 1348 1
11 595 1
2280 2283 1
41 1645 1
782 1356 1
565 595 1
11 565 1
6 2005 1
6 590 1
1679 2006 1
2002 2006 1
557 606 1
606 1664 1
606 765 1
557 2013 1
578 578 1
2017 2024 1
2003 2024 1
1350 2024 1
587 2010 1
562 1678 1
1994 2023 1
1346 1368 1
786 1671 1
42 1648 1
567 2286 1
799 2286 1
16 1360 1
2280 2300 1
2283 2300 1
799 1651 1
1651 2286 1
567 1651 1
799 1341 1
799 1374 1
1344 2022 1
573 2295 1
40 771 1
771 1362 1
1663 1985 1
14 1663 1
1656 1669 1
555 1656 1
574 773 1
1357 2020 1
583 791 1
1698 2307 1
1698 2304 1
769 1668 1
16 1692 1
1360 1692 1
24 808 1
24 772 1
18 810 1
7 1985 1
7 14 1
7 1663 1
30 1668 1
30 769 1
38 564 1
19 2001 1
1997 2004 1
44 580 1
2 580 1
590 777 1
777 2005 1
6 777 1
575 610 1
1999 2014 1
591 1999 1
562 1377 1
1377 1678 1
562 1697 1
603 2282 1
47 589 1
8 1690 1
37 2023 1
37 1994 1
21 1646 1
1371 1680 1
767 1341 1
1341 1375 1
767 1651 1
767 1374 1
767 799 1
34 790 1
25 1688 1
590 2302 1
777 2302 1
2005 2302 1
6 2302 1
602 765 1
602 1664 1
557 602 1
602 606 1
2004 2299 1
1997 2299 1
8 2293 1
1690 2293 1
593 1649 1
1347 1649 1
1987 2289 1
1645 2004 1
41 2004 1
1645 2299 1
1645 1997 1
2282 2301 1
603 2301 1
1696 2282 1
1348 2282 1
5 2282 1
9 793 1
1649 1659 1
593 1659 1
1347 1659 1
597 1675 1
1994 1996 1
37 1996 1
1996 2023 1
41 765 1
765 2004 1
765 1645 1
41 1664 1
41 557 1
41 602 1
41 606 1
72 2051 1
1704 1728 1
876 881 1
85 814 1
119 818 1
110 817 1
815 852 1
133 2264 1
848 907 1
86 920 1
133 933 1
933 2264 1
862 2056 1
65 1700 1
49 121 1
71 876 1
71 881 1
950 2256 1
98 816 1
863 928 1
128 934 1
902 1718 1
902 2257 1
1718 2257 1
917 917 1
57 62 1
50 882 1
109 1705 1
867 2034 1
86 103 1
103 920 1
876 942 1
881 942 1
71 942 1
906 2031 1
836 2042 1
893 2071 1
52 1714 1
79 821 1
840 2056 1
840 862 1
826 2061 1
827 900 1
98 132 1
132 816 1
914 926 1
888 1723 1
885 946 1
58 905 1
883 942 1
881 883 1
876 883 1
71 883 1
75 941 1
829 885 1
829 946 1
951 2070 1
881 922 1
883 922 1
876 922 1
922 942 1
71 922 1
884 2253 1
103 873 1
873 920 1
86 873 1
108 132 1
108 816 1
98 108 1
1707 2033 1
875 894 1
935 2059 1
75 2268 1
941 2268 1
92 857 1
133 940 1
940 2264 1
933 940 1
842 2068 1
840 911 1
911 2056 1
862 911 1
902 2064 1
2064 2257 1
1718 2064 1
817 910 1
110 910 1
65 2264 1
1700 2264 1
65 940 1
65 133 1
65 933 1
866 934 1
128 866 1
945 2049 1
930 2039 1
914 2051 1
926 2051 1
72 914 1
101 887 1
63 1703 1
900 1702 1
827 1702 1
86 2032 1
920 2032 1
873 2032 1
103 2032 1
824 899 1
101 820 1
820 887 1
872 941 1
75 872 1
872 2268 1
95 930 1
95 2039 1
822 879 1
67 128 1
67 866 1
67 934 1
818 861 1
119 861 1
874 882 1
50 874 1
67 881 1
128 881 1
866 881 1
881 934 1
67 71 1
67 876 1
67 942 1
67 883 1
67 922 1
845 857 1
92 845 1
822 936 1
879 936 1
75 116 1
116 872 1
116 2268 1
116 941 1
64 95 1
64 930 1
64 2039 1
100 837 1
124 135 1
77 80 1
48 101 1
48 820 1
48 887 1
83 855 1
62 821 1
57 821 1
62 79 1
907 2043 1
848 2043 1
2256 2259 1
950 2259 1
891 933 1
891 2264 1
65 891 1
891 940 1
133 891 1
104 2262 1
942 951 1
67 951 1
71 951 1
876 951 1
881 951 1
883 951 1
922 951 1
942 2070 1
169 981 1
967 969 1
646 958 1
195 644 1
1741 2245 1
175 613 1
159 225 1
166 1001 1
208 638 1
958 1745 1
646 1745 1
653 2220 1
627 1007 1
974 1404 1
669 2085 1
169 983 1
981 983 1
639 2089 1
985 2082 1
665 2247 1
154 1738 1
630 1387 1
613 1760 1
175 1760 1
978 2230 1
962 970 1
157 171 1
142 666 1
198 625 1
641 954 1
611 634 1
638 2090 1
208 2090 1
654 1756 1
614 965 1
954 1753 1
641 1753 1
956 1743 1
139 224 1
200 621 1
229 1384 1
217 1735 1
1387 2220 1
630 2220 1
653 1387 1
209 621 1
200 209 1
146 1738 1
146 154 1
2222 2223 1
2086 2243 1
140 220 1
183 647 1
962 998 1
970 998 1
204 1002 1
1742 1744 1
197 224 1
139 197 1
203 636 1
177 956 1
177 1743 1
137 640 1
995 2224 1
1011 1399 1
953 975 1
164 1746 1
2076 2249 1
976 1745 1
646 976 1
958 976 1
142 626 1
626 666 1
153 229 1
153 1384 1
226 670 1
160 616 1
631 650 1
213 2074 1
624 1404 1
624 974 1
153 177 1
177 1384 1
177 229 1
153 956 1
153 1743 1
1748 2220 1
1387 1748 1
653 1748 1
630 1748 1
157 192 1
171 192 1
196 639 1
196 2089 1
230 954 1
230 641 1
230 1753 1
617 987 1
636 1741 1
203 1741 1
636 2245 1
204 630 1
630 1002 1
204 1748 1
204 1387 1
204 2220 1
652 1751 1
617 652 1
652 987 1
617 1751 1
145 975 1
145 953 1
984 1397 1
204 1751 1
1002 1751 1
1387 1751 1
1751 2220 1
1748 1751 1
630 1751 1
204 652 1
204 617 1
984 1385 1
1385 1397 1
227 2085 1
227 669 1
190 621 1
190 200 1
190 209 1
1755 2233 1
186 986 1
1000 1730 1
191 646 1
191 976 1
191 1745 1
191 958 1
653 2242 1
1748 2242 1
1387 2242 1
2220 2242 1
617 2249 1
204 2249 1
987 2249 1
652 2249 1
1751 2249 1
617 2076 1
192 1743 1
171 1743 1
157 1743 1
177 192 1
153 192 1
192 956 1
185 1730 1
185 1000 1
666 2083 1
626 2083 1
142 2083 1
157 620 1
192 620 1
171 620 1
620 1743 1
626 1381 1
666 1381 1
1381 2083 1
142 1381 1
152 197 1
152 224 1
139 152 1
284 1067 1
254 385 1
1055 1423 1
365 380 1
389 694 1
245 291 1
325 1414 1
235 300 1
320 363 1
292 2190 1
294 690 1
272 347 1
277 2214 1
672 1418 1
289 318 1
326 338 1
286 673 1
282 361 1
275 2217 1
277 1015 1
1015 2214 1
253 2216 1
1417 1433 1
358 1427 1
263 1064 1
273 697 1
358 1036 1
1036 1427 1
239 688 1
299 2095 1
233 2093 1
365 697 1
380 697 1
273 365 1
327 1034 1
277 310 1
310 2214 1
310 1015 1
356 1773 1
290 1430 1
280 302 1
286 1422 1
673 1422 1
313 324 1
260 284 1
260 1067 1
360 2199 1
1017 1428 1
689 2197 1
387 1426 1
247 309 1
1038 1060 1
1019 1021 1
285 371 1
241 1422 1
241 673 1
241 286 1
350 360 1
350 2199 1
360 1068 1
350 1068 1
1068 2199 1
370 2199 1
360 370 1
370 1068 1
350 370 1
250 370 1
250 360 1
250 1068 1
250 350 1
250 2199 1
690 1433 1
294 1433 1
690 1417 1
244 2207 1
242 700 1
313 673 1
324 673 1
241 313 1
313 1422 1
286 313 1
357 2094 1
302 1767 1
280 1767 1
330 387 1
330 1426 1
1038 1415 1
1060 1415 1
350 677 1
360 677 1
677 1068 1
370 677 1
677 2199 1
250 677 1
236 298 1
259 1022 1
247 1423 1
309 1423 1
247 1055 1
1062 1410 1
366 696 1
379 1026 1
349 1409 1
1419 1424 1
247 2097 1
1055 2097 1
309 2097 1
1423 2097 1
294 352 1
352 1433 1
352 690 1
1421 1771 1
296 373 1
381 1409 1
349 381 1
241 2093 1
673 2093 1
286 2093 1
1422 2093 1
313 2093 1
233 241 1
314 2211 1
691 1428 1
691 1017 1
351 381 1
351 1409 1
349 351 1
292 2099 1
2099 2190 1
317 335 1
330 362 1
362 1426 1
362 387 1
280 1028 1
302 1028 1
1028 1767 1
288 1053 1
365 2097 1
697 2097 1
380 2097 1
273 2097 1
365 1423 1
309 365 1
247 365 1
365 1055 1
307 702 1
339 388 1
1029 1771 1
1029 1421 1
256 283 1
2207 2209 1
244 2209 1
306 1765 1
268 1424 1
268 1419 1
246 296 1
246 373 1
295 1429 1
312 1064 1
263 312 1
1425 2190 1
1425 2099 1
292 1425 1
1047 2217 1
275 1047 1
1469 1500 1
1472 2171 1
459 1565 1
1264 2170 1
428 1508 1
454 1279 1
1251 1519 1
1461 1471 1
1478 1536 1
1560 2160 1
407 1451 1
447 457 1
413 448 1
1506 2167 1
703 2170 1
703 1264 1
1453 1494 1
1279 1524 1
454 1524 1
1521 1577 1
1470 2169 1
1284 2168 1
479 1279 1
479 1524 1
454 479 1
493 1524 1
479 493 1
454 493 1
493 1279 1
455 1480 1
420 1564 1
1264 1549 1
1549 2170 1
703 1549 1
445 1479 1
394 1267 1
1508 1525 1
428 1525 1
1285 1452 1
1446 1497 1
424 1493 1
443 1246 1
458 2184 1
1460 1557 1
396 1453 1
396 1494 1
439 476 1
491 1570 1
422 1495 1
476 2178 1
439 2178 1
419 1467 1
442 2170 1
442 1264 1
442 1549 1
442 703 1
1276 1552 1
447 1469 1
457 1469 1
447 1500 1
1558 2165 1
1561 1571 1
409 1443 1
1478 1544 1
1536 1544 1
1244 1509 1
1492 1558 1
1492 2165 1
423 1524 1
423 479 1
423 493 1
423 454 1
423 1279 1
1547 2182 1
457 492 1
492 1469 1
447 492 1
1507 1552 1
1276 1507 1
1251 1541 1
1519 1541 1
483 2184 1
458 483 1
1555 2175 1
431 1573 1
1485 2166 1
1278 1444 1
467 472 1
1277 1550 1
433 1248 1
444 1521 1
444 1577 1
473 2170 1
473 1264 1
442 473 1
473 1549 1
473 703 1
1565 1575 1
459 1575 1
464 2172 1
450 1283 1
1555 1584 1
1584 2175 1
434 1545 1
416 1569 1
404 1461 1
404 1471 1
492 1489 1
457 1489 1
1469 1489 1
447 1489 1
1281 1533 1
1483 1544 1
1483 1536 1
1478 1483 1
1440 1526 1
1483 1566 1
1544 1566 1
1536 1566 1
1478 1566 1
1559 2171 1
1472 1559 1
703 1537 1
1537 1549 1
1264 1537 1
473 1537 1
1537 2170 1
442 1537 1
1575 2169 1
459 2169 1
1565 2169 1
1470 1575 1
449 1539 1
493 1527 1
454 1527 1
423 1527 1
1524 1527 1
479 1527 1
1279 1527 1
396 2172 1
1453 2172 1
1494 2172 1
396 464 1
439 1269 1
1269 2178 1
476 1269 1
475 482 1
411 1458 1
1268 2168 1
1268 1284 1
1283 1453 1
450 1453 1
1283 2172 1
396 1283 1
1283 1494 1
419 1450 1
1450 1467 1
448 1550 1
413 1550 1
448 1277 1
453 1523 1
1491 1551 1
1252 1282 1
427 1552 1
427 1507 1
427 1276 1
1965 2159 1
743 1589 1
536 1939 1
716 1306 1
1294 1333 1
745 1303 1
1611 1956 1
748 1956 1
748 1611 1
1618 2157 1
1607 1944 1
760 1314 1
1601 1981 1
535 1295 1
494 1317 1
1301 1309 1
506 1942 1
1608 1911 1
501 1981 1
501 1601 1
513 733 1
1978 2149 1
1904 2137 1
717 1609 1
1627 2133 1
543 1625 1
728 1964 1
518 527 1
1920 2148 1
552 745 1
552 1303 1
761 1957 1
1603 1634 1
1614 1922 1
545 1953 1
523 1629 1
720 1630 1
1330 2156 1
731 734 1
531 1619 1
539 1593 1
1295 1973 1
535 1973 1
748 1600 1
1600 1611 1
1600 1956 1
1592 1613 1
1932 2139 1
1918 1931 1
709 1953 1
545 709 1
1291 1301 1
1291 1309 1
506 519 1
519 1942 1
1334 1625 1
543 1334 1
1587 1638 1
499 1940 1
713 1601 1
713 1981 1
501 713 1
744 1632 1
1311 2155 1
1334 1966 1
1625 1966 1
543 1966 1
742 1595 1
525 2153 1
712 1918 1
712 1931 1
511 530 1
496 1940 1
496 499 1
745 1324 1
552 1324 1
1303 1324 1
504 1643 1
494 1957 1
1317 1957 1
494 761 1
726 1959 1
532 727 1
495 507 1
1315 2144 1
1329 1934 1
751 1909 1
741 1960 1
516 551 1
537 1940 1
496 537 1
499 537 1
512 1918 1
512 712 1
512 1931 1
517 1926 1
1918 1973 1
712 1973 1
512 1973 1
1931 1973 1
1295 1918 1
535 1918 1
1291 1618 1
1301 1618 1
1309 1618 1
1291 2157 1
516 1598 1
551 1598 1
1617 1630 1
720 1617 1
1314 1915 1
760 1915 1
522 730 1
760 1601 1
1314 1601 1
1601 1915 1
713 760 1
501 760 1
760 1981 1
503 505 1
1304 2137 1
1304 1904 1
1329 1607 1
1607 1934 1
1329 1944 1
1969 2132 1
546 726 1
546 1959 1
737 1333 1
737 1294 1
538 1318 1
1314 1979 1
760 1979 1
1601 1979 1
1915 1979 1
1334 1638 1
1625 1638 1
1638 1966 1
543 1638 1
1334 1587 1
723 760 1
723 1601 1
723 1314 1
723 1979 1
713 723 1
501 723 1
723 1915 1
723 1981 1
1591 1604 1
1594 1910 1
508 2141 1
1627 2132 1
2132 2133 1
1627 1969 1
1600 1941 1
1941 1956 1
1611 1941 1
748 1941 1
495 2142 1
507 2142 1
1909 1930 1
751 1930 1
518 1606 1
527 1606 1
1627 1911 1
1911 1969 1
1911 2132 1
1911 2133 1
1608 1627 1
1848 2102 1
1190 1225 1
1090 1135 1
1155 1199 1
1820 1898 1
2103 2128 1
1138 1797 1
1071 1820 1
1071 1898 1
1082 1815 1
1230 1827 1
1097 1109 1
1142 1775 1
1164 1223 1
1228 1231 1
1813 2106 1
1818 1872 1
1842 1860 1
1112 1799 1
1779 1849 1
1145 2102 1
1145 1848 1
1188 1876 1
1155 1161 1
1161 1199 1
1175 1210 1
1207 1779 1
1207 1849 1
1222 1808 1
1089 1879 1
1156 1903 1
1196 2121 1
1190 1194 1
1194 1225 1
1849 1881 1
1779 1881 1
1207 1881 1
1133 1863 1
1180 1221 1
1796 1859 1
1846 1865 1
1133 1225 1
1225 1863 1
1133 1194 1
1133 1190 1
1120 1874 1
1858 2112 1
1195 1856 1
1846 1894 1
1865 1894 1
1227 1790 1
1775 1800 1
1142 1800 1
1804 1823 1
1162 2124 1
1835 2108 1
1866 2120 1
1182 2107 1
1845 1864 1
1832 2118 1
1140 1847 1
1813 1894 1
1894 2106 1
1813 1865 1
1813 1846 1
1227 2110 1
1790 2110 1
1778 1812 1
1075 1184 1
1180 1780 1
1221 1780 1
1099 1786 1
1803 2101 1
1114 2104 1
1833 1842 1
1833 1860 1
1181 1887 1
1219 1796 1
1219 1859 1
1139 1796 1
1139 1859 1
1139 1219 1
1190 1852 1
1225 1852 1
1194 1852 1
1133 1852 1
1112 1145 1
1145 1799 1
1112 1848 1
1112 2102 1
1169 1875 1
1871 2122 1
1089 1150 1
1150 1879 1
1232 1778 1
1232 1812 1
1777 1796 1
1139 1777 1
1777 1859 1
1219 1777 1
1137 1228 1
1137 1231 1
1200 1837 1
1161 1829 1
1155 1829 1
1199 1829 1
1846 1887 1
1865 1887 1
1813 1887 1
1887 1894 1
1181 1846 1
1115 1225 1
1115 1190 1
1115 1863 1
1115 1194 1
1115 1133 1
1115 1852 1
1183 1815 1
1082 1183 1
1134 1898 1
1134 1820 1
1071 1134 1
1089 2103 1
1150 2103 1
1879 2103 1
1089 2128 1
1082 1875 1
1183 1875 1
1815 1875 1
1082 1169 1
1867 2118 1
1832 1867 1
1148 1857 1
1174 2115 1
1804 2102 1
1823 2102 1
1804 1848 1
1145 1804 1
1112 1804 1
1846 1869 1
1869 1894 1
1865 1869 1
1813 1869 1
1181 1869 1
1869 1887 1
1777 1790 1
1790 1859 1
1139 1790 1
1790 1796 1
1219 1790 1
1227 1777 1
1777 2110 1
1178 1224 1
1190 1828 1
1225 1828 1
1194 1828 1
1133 1828 1
1115 1828 1
1828 1852 1
1172 1874 1
1120 1172 1
2101 2103 1
1803 2103 1
1089 2101 1
2101 2128 1
1879 2101 1
1150 2101 1
29 220 -1
29 140 -1
1242 2007 -1
1941 2183 -1
1600 2183 -1
748 2183 -1
1611 2183 -1
1956 2183 -1
646 1807 -1
976 1807 -1
1745 1807 -1
958 1807 -1
191 1807 -1
892 1056 -1
1816 2179 -1
320 1124 -1
363 1124 -1
367 492 -1
367 457 -1
367 1489 -1
367 1469 -1
367 447 -1
801 1893 -1
276 514 -1
512 2183 -1
712 2183 -1
1931 2183 -1
1973 2183 -1
1918 2183 -1
325 1454 -1
1414 1454 -1
967 1175 -1
969 1175 -1
967 1210 -1
738 1151 -1
1774 2278 -1
500 1584 -1
500 1555 -1
500 2175 -1
359 1200 -1
359 1837 -1
527 827 -1
827 1606 -1
518 827 -1
527 900 -1
527 1702 -1
449 2068 -1
1539 2068 -1
449 842 -1
1129 1377 -1
1129 1697 -1
562 1129 -1
1129 1678 -1
1055 1566 -1
1566 2097 -1
247 1566 -1
365 1566 -1
1423 1566 -1
1055 1544 -1
1055 1536 -1
1055 1483 -1
1055 1478 -1
1146 1668 -1
769 1146 -1
30 1146 -1
194 764 -1
1407 1727 -1
293 583 -1
293 791 -1
494 2020 -1
761 2020 -1
1317 2020 -1
1957 2020 -1
494 1357 -1
30 1108 -1
769 1108 -1
1108 1668 -1
488 910 -1
488 817 -1
110 488 -1
138 1438 -1
975 2177 -1
953 2177 -1
145 2177 -1
75 1049 -1
872 1049 -1
116 1049 -1
1049 2268 -1
941 1049 -1
62 809 -1
57 809 -1
809 821 -1
79 809 -1
4 918 -1
1055 1257 -1
1257 2097 -1
247 1257 -1
365 1257 -1
1257 1423 -1
1407 1970 -1
59 1879 -1
59 1089 -1
59 2101 -1
59 1150 -1
59 2103 -1
223 601 -1
640 1256 -1
137 1256 -1
9 1849 -1
793 1849 -1
9 1881 -1
9 1779 -1
9 1207 -1
276 1615 -1
794 1583 -1
358 1490 -1
1427 1490 -1
1036 1490 -1
1605 2069 -1
888 1323 -1
1323 1723 -1
392 863 -1
392 928 -1
153 1787 -1
192 1787 -1
229 1787 -1
1384 1787 -1
1743 1787 -1
177 1787 -1
956 1787 -1
136 453 -1
136 1523 -1
1483 2194 -1
1544 2194 -1
1536 2194 -1
1566 2194 -1
1478 2194 -1
647 1805 -1
183 1805 -1
359 1519 -1
359 1251 -1
359 1541 -1
493 1790 -1
454 1790 -1
423 1790 -1
1524 1790 -1
1527 1790 -1
479 1790 -1
1279 1790 -1
493 1859 -1
493 1796 -1
493 1219 -1
493 1227 -1
493 1777 -1
493 1139 -1
493 2110 -1
586 1005 -1
362 1454 -1
330 1454 -1
387 1454 -1
1426 1454 -1
1024 1483 -1
1024 1544 -1
1024 1536 -1
1024 1566 -1
1024 1478 -1
760 776 -1
776 1601 -1
776 1314 -1
776 1979 -1
713 776 -1
723 776 -1
501 776 -1
776 1915 -1
776 1981 -1
965 2100 -1
614 2100 -1
232 1823 -1
232 1804 -1
232 2102 -1
1172 1428 -1
1120 1428 -1
1428 1874 -1
1017 1172 -1
691 1172 -1
642 2173 -1
321 2015 -1
161 929 -1
880 2244 -1
393 908 -1
1647 2082 -1
985 1647 -1
542 1345 -1
465 2137 -1
465 1904 -1
465 1304 -1
466 753 -1
1126 1260 -1
390 605 -1
173 413 -1
173 448 -1
173 1550 -1
453 2013 -1
1523 2013 -1
453 557 -1
453 606 -1
648 2270 -1
798 1572 -1
561 1205 -1
412 1632 -1
412 744 -1
364 1663 -1
364 1985 -1
14 364 -1
7 364 -1
1098 2261 -1
511 1059 -1
530 1059 -1
459 1609 -1
1609 2169 -1
1565 1609 -1
1575 1609 -1
459 717 -1
500 1708 -1
2246 2278 -1
1419 2132 -1
1424 2132 -1
268 2132 -1
1419 1969 -1
1419 1627 -1
1419 2133 -1
1419 1911 -1
1308 1585 -1
1386 1576 -1
736 825 -1
571 712 -1
512 571 -1
571 1931 -1
571 1973 -1
571 1918 -1
1115 2301 -1
1828 2301 -1
1190 2301 -1
1863 2301 -1
1225 2301 -1
1194 2301 -1
1133 2301 -1
1852 2301 -1
1115 1696 -1
1115 2282 -1
603 1115 -1
1115 1348 -1
5 1115 -1
602 1406 -1
1406 1664 -1
41 1406 -1
765 1406 -1
606 1406 -1
557 1406 -1
1881 2183 -1
1849 2183 -1
1779 2183 -1
1207 2183 -1
444 1840 -1
1521 1840 -1
1577 1840 -1
123 1977 -1
1125 1371 -1
1125 1680 -1
1235 2198 -1
78 1556 -1
699 1754 -1
259 2259 -1
1022 2259 -1
259 2256 -1
259 950 -1
715 1413 -1
139 1105 -1
224 1105 -1
152 1105 -1
197 1105 -1
1666 1922 -1
1614 1666 -1
131 2215 -1
1772 1810 -1
1761 2046 -1
231 318 -1
231 289 -1
1405 1642 -1
628 1883 -1
434 515 -1
515 1545 -1
1439 2238 -1
875 1526 -1
894 1526 -1
875 1440 -1
1835 2178 -1
2108 2178 -1
476 1835 -1
1269 1835 -1
439 1835 -1
1110 1455 -1
587 1097 -1
1097 2010 -1
587 1109 -1
1058 1774 -1
72 176 -1
176 914 -1
176 2051 -1
617 1967 -1
652 1967 -1
1967 2249 -1
204 1967 -1
1751 1967 -1
987 1967 -1
1967 2076 -1
256 504 -1
283 504 -1
256 1643 -1
1569 2032 -1
416 2032 -1
920 1569 -1
873 1569 -1
86 1569 -1
103 1569 -1
2061 2301 -1
826 2301 -1
1696 2061 -1
2061 2282 -1
603 2061 -1
1348 2061 -1
5 2061 -1
183 2261 -1
647 2261 -1
1099 2095 -1
1786 2095 -1
299 1099 -1
645 1202 -1
457 1890 -1
1489 1890 -1
492 1890 -1
1469 1890 -1
447 1890 -1
724 2111 -1
29 413 -1
29 448 -1
29 1550 -1
394 1929 -1
1267 1929 -1
234 1721 -1
808 1184 -1
24 1184 -1
772 1184 -1
808 1075 -1
1055 2115 -1
2097 2115 -1
247 2115 -1
365 2115 -1
1423 2115 -1
1055 1174 -1
488 1217 -1
362 1146 -1
330 1146 -1
387 1146 -1
1146 1426 -1
181 363 -1
181 320 -1
839 1500 -1
839 1469 -1
447 839 -1
1831 2298 -1
1875 1989 -1
1169 1989 -1
1082 1989 -1
1815 1989 -1
1183 1989 -1
207 508 -1
207 2141 -1
479 526 -1
454 526 -1
423 526 -1
493 526 -1
526 1524 -1
526 1527 -1
526 1279 -1
1643 1750 -1
504 1750 -1
54 1066 -1
599 1091 -1
352 1221 -1
1221 1433 -1
690 1221 -1
294 1221 -1
352 1780 -1
352 1180 -1
369 1713 -1
1129 2225 -1
672 1643 -1
1418 1643 -1
504 672 -1
902 2300 -1
2064 2300 -1
2257 2300 -1
1718 2300 -1
902 2280 -1
902 2283 -1
541 1687 -1
126 1496 -1
981 1432 -1
169 1432 -1
983 1432 -1
206 1888 -1
632 2162 -1
212 365 -1
212 273 -1
212 1423 -1
212 2097 -1
212 309 -1
212 247 -1
212 697 -1
212 380 -1
212 1055 -1
1505 1723 -1
888 1505 -1
1201 1366 -1
1893 1912 -1
412 2130 -1
2 524 -1
524 580 -1
44 524 -1
243 2132 -1
243 1969 -1
243 1627 -1
243 2133 -1
243 1911 -1
177 1274 -1
192 1274 -1
229 1274 -1
1274 1384 -1
1274 1743 -1
153 1274 -1
956 1274 -1
12 332 -1
1760 1941 -1
613 1941 -1
175 1941 -1
1600 1760 -1
748 1760 -1
1611 1760 -1
1760 1956 -1
879 2301 -1
936 2301 -1
822 2301 -1
879 1696 -1
879 2282 -1
603 879 -1
879 1348 -1
5 879 -1
569 1105 -1
712 778 -1
512 778 -1
778 1931 -1
778 1973 -1
778 1918 -1
329 956 -1
153 329 -1
177 329 -1
192 329 -1
329 1743 -1
1179 2044 -1
55 319 -1
1585 1992 -1
1168 2049 -1
945 1168 -1
181 1826 -1
119 619 -1
619 818 -1
619 861 -1
45 211 -1
211 797 -1
879 1868 -1
936 1868 -1
822 1868 -1
245 565 -1
291 565 -1
11 245 -1
245 595 -1
1033 2047 -1
1518 1663 -1
1518 1985 -1
14 1518 -1
7 1518 -1
1725 1736 -1
211 1205 -1
199 887 -1
48 199 -1
199 820 -1
101 199 -1
473 678 -1
678 1537 -1
678 1549 -1
678 1264 -1
678 2170 -1
442 678 -1
678 703 -1
316 2304 -1
316 1698 -1
316 2307 -1
1651 2125 -1
2125 2286 -1
567 2125 -1
799 2125 -1
1341 2125 -1
1374 2125 -1
767 2125 -1
1050 1610 -1
671 940 -1
671 2264 -1
65 671 -1
671 891 -1
133 671 -1
671 933 -1
1386 2192 -1
155 1436 -1
256 2239 -1
283 2239 -1
1246 1415 -1
443 1415 -1
1060 1246 -1
1038 1246 -1
796 1592 -1
796 1613 -1
15 1169 -1
15 1082 -1
15 1875 -1
1153 1676 -1
1322 2241 -1
1169 1406 -1
1082 1406 -1
1406 1875 -1
225 311 -1
159 311 -1
1213 1388 -1
1081 1683 -1
3 1081 -1
639 1896 -1
1896 2089 -1
196 1896 -1
861 1947 -1
818 1947 -1
119 1947 -1
1238 2073 -1
1588 1766 -1
913 1342 -1
929 1333 -1
737 929 -1
929 1294 -1
804 1763 -1
1239 2250 -1
121 2242 -1
49 2242 -1
121 2220 -1
121 1387 -1
121 1748 -1
121 653 -1
561 1590 -1
472 967 -1
467 967 -1
472 969 -1
409 1196 -1
1196 1443 -1
409 2121 -1
1844 1974 -1
175 1881 -1
1760 1881 -1
613 1881 -1
175 1849 -1
175 1779 -1
175 1207 -1
782 861 -1
861 1356 -1
782 818 -1
119 782 -1
131 1772 -1
1558 2205 -1
1492 2205 -1
2165 2205 -1
1706 1901 -1
567 1268 -1
1268 1651 -1
1268 2286 -1
799 1268 -1
567 2168 -1
567 1284 -1
442 2245 -1
1537 2245 -1
1549 2245 -1
1264 2245 -1
473 2245 -1
2170 2245 -1
703 2245 -1
442 636 -1
442 1741 -1
449 1775 -1
1539 1775 -1
449 1800 -1
449 1142 -1
1356 2186 -1
782 2186 -1
1087 1690 -1
8 1087 -1
1087 2293 -1
70 2306 -1
247 1454 -1
1454 2097 -1
1055 1454 -1
365 1454 -1
309 1454 -1
1423 1454 -1
946 2140 -1
885 2140 -1
829 2140 -1
1024 1531 -1
352 997 -1
997 1433 -1
690 997 -1
294 997 -1
457 911 -1
911 1489 -1
492 911 -1
911 1469 -1
447 911 -1
457 840 -1
457 2056 -1
457 862 -1
102 460 -1
364 891 -1
364 2264 -1
65 364 -1
364 940 -1
364 933 -1
133 364 -1
1183 2028 -1
1082 2028 -1
1875 2028 -1
1815 2028 -1
254 1609 -1
385 1609 -1
254 717 -1
941 1095 -1
872 1095 -1
116 1095 -1
75 1095 -1
1095 2268 -1
1035 1154 -1
1116 1746 -1
164 1116 -1
805 2266 -1
70 2226 -1
703 755 -1
755 1537 -1
755 1549 -1
755 1264 -1
473 755 -1
755 2170 -1
442 755 -1
33 1525 -1
33 428 -1
33 1508 -1
574 1071 -1
773 1071 -1
574 1898 -1
574 1820 -1
574 1134 -1
792 1035 -1
1193 1737 -1
39 1039 -1
1753 2154 -1
641 2154 -1
954 2154 -1
230 2154 -1
1258 1730 -1
1000 1258 -1
185 1258 -1
435 1317 -1
435 1957 -1
435 494 -1
1785 2031 -1
906 1785 -1
801 1381 -1
626 801 -1
801 2083 -1
666 801 -1
142 801 -1
1271 1876 -1
1188 1271 -1
571 1383 -1
1263 1758 -1
444 2027 -1
1521 2027 -1
1577 2027 -1
822 1801 -1
936 1801 -1
879 1801 -1
12 1561 -1
12 1571 -1
557 1155 -1
1155 1664 -1
41 1155 -1
1155 2013 -1
602 1155 -1
765 1155 -1
606 1155 -1
557 1161 -1
557 1829 -1
557 1199 -1
943 1963 -1
581 1710 -1
966 1462 -1
1313 1759 -1
41 2207 -1
1664 2207 -1
557 2207 -1
1645 2207 -1
2004 2207 -1
602 2207 -1
765 2207 -1
606 2207 -1
41 2209 -1
41 244 -1
433 1106 -1
1106 1248 -1
548 2168 -1
548 1268 -1
548 1284 -1
1240 1593 -1
539 1240 -1
793 2079 -1
9 2079 -1
1192 2060 -1
12 1891 -1
669 2119 -1
227 2119 -1
2085 2119 -1
1025 1251 -1
1025 1541 -1
1025 1519 -1
423 1411 -1
454 1411 -1
493 1411 -1
1411 1524 -1
1411 1527 -1
479 1411 -1
1279 1411 -1
418 1409 -1
351 418 -1
349 418 -1
381 418 -1
145 1131 -1
953 1131 -1
975 1131 -1
437 1875 -1
437 1169 -1
437 1082 -1
437 1815 -1
437 1183 -1
1174 1913 -1
1913 2115 -1
685 2083 -1
666 685 -1
626 685 -1
142 685 -1
685 1381 -1
410 711 -1
922 1424 -1
67 1424 -1
71 1424 -1
876 1424 -1
942 1424 -1
881 1424 -1
883 1424 -1
951 1424 -1
922 1419 -1
268 922 -1
661 726 -1
546 661 -1
661 1959 -1
105 522 -1
105 730 -1
897 1837 -1
897 1200 -1
1432 2276 -1
1603 2192 -1
1634 2192 -1
82 597 -1
82 1675 -1
2132 2260 -1
1969 2260 -1
1627 2260 -1
2133 2260 -1
1911 2260 -1
337 717 -1
337 1609 -1
1375 1725 -1
1341 1725 -1
767 1725 -1
381 1918 -1
1409 1918 -1
349 1918 -1
351 1918 -1
381 512 -1
381 712 -1
381 1931 -1
381 1295 -1
381 1973 -1
381 535 -1
1108 1706 -1
911 2010 -1
840 2010 -1
2010 2056 -1
862 2010 -1
587 911 -1
676 2297 -1
212 1434 -1
971 1148 -1
971 1857 -1
1083 1524 -1
454 1083 -1
423 1083 -1
493 1083 -1
1083 1527 -1
1083 1279 -1
479 1083 -1
2 897 -1
580 897 -1
44 897 -1
281 2244 -1
1846 2167 -1
1894 2167 -1
1865 2167 -1
1869 2167 -1
1813 2167 -1
1181 2167 -1
1887 2167 -1
1506 1846 -1
19 1842 -1
1842 2001 -1
19 1833 -1
19 1860 -1
977 1108 -1
667 680 -1
1192 1361 -1
787 1192 -1
763 860 -1
705 2212 -1
65 2012 -1
1700 2012 -1
133 2012 -1
940 2012 -1
2012 2264 -1
891 2012 -1
933 2012 -1
648 2095 -1
299 648 -1
538 2114 -1
1318 2114 -1
387 2225 -1
1426 2225 -1
362 2225 -1
330 2225 -1
1120 1532 -1
1532 1874 -1
1172 1532 -1
164 1695 -1
1695 1746 -1
1403 1906 -1
2022 2094 -1
1344 2094 -1
357 2022 -1
1241 1821 -1
279 1604 -1
279 1591 -1
550 2059 -1
550 935 -1
500 2094 -1
357 500 -1
917 1423 -1
917 2097 -1
247 917 -1
365 917 -1
309 917 -1
917 1055 -1
418 1346 -1
418 1368 -1
463 1764 -1
480 1859 -1
480 1139 -1
480 1219 -1
480 1796 -1
480 1790 -1
480 1777 -1
1556 2068 -1
842 1556 -1
865 1558 -1
865 1492 -1
865 2165 -1
555 1863 -1
1656 1863 -1
1669 1863 -1
555 1225 -1
555 1115 -1
555 1133 -1
135 349 -1
124 349 -1
135 1409 -1
135 381 -1
135 351 -1
442 1636 -1
1537 1636 -1
1549 1636 -1
1264 1636 -1
473 1636 -1
1636 2170 -1
703 1636 -1
666 1056 -1
626 1056 -1
1056 2083 -1
1056 1381 -1
142 1056 -1
851 1488 -1
2020 2123 -1
1357 2123 -1
187 1949 -1
1602 1991 -1
474 528 -1
156 849 -1
222 1890 -1
1286 2149 -1
1286 1978 -1
1443 2075 -1
409 2075 -1
683 1794 -1
190 379 -1
200 379 -1
209 379 -1
379 621 -1
190 1026 -1
362 1327 -1
330 1327 -1
387 1327 -1
1327 1426 -1
1455 1641 -1
16 1478 -1
1360 1478 -1
1478 1692 -1
16 1536 -1
16 1544 -1
16 1483 -1
16 1566 -1
542 1461 -1
404 542 -1
542 1471 -1
335 849 -1
317 849 -1
192 591 -1
171 591 -1
591 620 -1
591 1743 -1
177 591 -1
153 591 -1
591 956 -1
157 591 -1
192 2014 -1
192 1999 -1
65 1421 -1
1421 1700 -1
133 1421 -1
940 1421 -1
1421 2264 -1
891 1421 -1
933 1421 -1
65 1771 -1
65 1029 -1
1002 1827 -1
204 1827 -1
630 1827 -1
1751 1827 -1
1002 1230 -1
1686 2201 -1
899 1948 -1
824 1948 -1
642 2016 -1
332 1216 -1
244 2278 -1
2209 2278 -1
2207 2278 -1
197 869 -1
224 869 -1
152 869 -1
139 869 -1
401 646 -1
401 976 -1
401 1745 -1
401 958 -1
191 401 -1
572 1238 -1
1238 2009 -1
283 2154 -1
256 2154 -1
1404 1656 -1
624 1656 -1
974 1656 -1
555 1404 -1
1404 1669 -1
436 511 -1
436 530 -1
153 687 -1
192 687 -1
229 687 -1
687 1384 -1
687 1743 -1
177 687 -1
687 956 -1
201 1826 -1
480 2225 -1
56 2305 -1
814 1183 -1
85 1183 -1
814 1082 -1
814 1875 -1
814 1815 -1
701 1741 -1
203 701 -1
636 701 -1
701 2245 -1
1006 1808 -1
1006 1222 -1
1246 2278 -1
443 2278 -1
1038 1384 -1
1060 1384 -1
1384 1415 -1
153 1038 -1
229 1038 -1
177 1038 -1
379 657 -1
657 1026 -1
1412 1535 -1
2079 2097 -1
365 2079 -1
1423 2079 -1
273 2079 -1
309 2079 -1
247 2079 -1
697 2079 -1
380 2079 -1
1055 2079 -1
1800 1978 -1
1142 1978 -1
1775 1978 -1
1800 2149 -1
1849 1948 -1
1881 1948 -1
1779 1948 -1
1207 1948 -1
744 2160 -1
1632 2160 -1
744 1560 -1
1521 2252 -1
1577 2252 -1
444 2252 -1
1600 1839 -1
1839 1956 -1
1611 1839 -1
748 1839 -1
1839 1941 -1
944 1858 -1
944 2112 -1
58 667 -1
667 905 -1
430 1934 -1
430 1329 -1
430 1607 -1
376 1629 -1
376 523 -1
2193 2249 -1
617 2193 -1
652 2193 -1
204 2193 -1
1751 2193 -1
987 2193 -1
2076 2193 -1
1261 2131 -1
1682 1734 -1
98 1941 -1
816 1941 -1
108 1941 -1
132 1941 -1
98 1600 -1
98 748 -1
98 1611 -1
98 1956 -1
193 2098 -1
132 446 -1
446 816 -1
98 446 -1
108 446 -1
123 1933 -1
382 401 -1
1024 1845 -1
1024 1864 -1
355 397 -1
1355 1780 -1
784 1780 -1
1180 1355 -1
1221 1355 -1
983 1078 -1
169 1078 -1
981 1078 -1
1191 2231 -1
562 1594 -1
1377 1594 -1
1594 1678 -1
1594 1697 -1
562 1910 -1
276 771 -1
40 276 -1
276 1362 -1
521 2268 -1
521 872 -1
75 521 -1
116 521 -1
521 941 -1
410 2230 -1
410 978 -1
464 926 -1
396 926 -1
926 2172 -1
464 914 -1
464 2051 -1
1551 1979 -1
1491 1979 -1
760 1551 -1
1551 1601 -1
1314 1551 -1
1551 1915 -1
723 1551 -1
168 267 -1
820 1767 -1
48 1767 -1
101 1767 -1
887 1767 -1
280 820 -1
820 1028 -1
302 820 -1
