604 606 1
1336 1646 1
1662 1679 1
27 568 1
1 1354 1
792 1371 1
12 22 1
43 1661 1
1672 2026 1
25 1358 1
599 804 1
569 2285 1
607 1996 1
1686 1984 1
1365 2293 1
770 1995 1
5 1659 1
557 2304 1
776 1651 1
40 1993 1
2025 2028 1
2292 2298 1
1357 2302 1
598 2006 1
14 576 1
1686 2027 1
1984 2027 1
602 1696 1
573 800 1
786 1989 1
12 1999 1
22 1999 1
763 1348 1
1657 1691 1
30 1352 1
5 1687 1
1659 1687 1
1378 2298 1
1378 2292 1
33 601 1
18 44 1
810 1655 1
1348 2295 1
763 2295 1
27 1673 1
568 1673 1
1337 1344 1
773 795 1
1989 2012 1
786 2012 1
16 1993 1
16 40 1
14 2295 1
576 2295 1
14 763 1
14 1348 1
604 796 1
606 796 1
47 602 1
47 1696 1
0 17 1
768 2308 1
1342 1647 1
2002 2307 1
595 2298 1
595 1378 1
595 2292 1
804 1357 1
599 1357 1
804 2302 1
812 1660 1
576 801 1
14 801 1
801 2295 1
1350 1990 1
1357 1696 1
804 1696 1
1696 2302 1
599 1696 1
47 1357 1
602 1357 1
22 2001 1
12 2001 1
1999 2001 1
576 580 1
580 801 1
14 580 1
580 2295 1
791 1658 1
6 1343 1
811 2286 1
12 565 1
565 2001 1
22 565 1
565 1999 1
565 2293 1
2001 2293 1
12 2293 1
22 2293 1
1999 2293 1
565 1365 1
796 1987 1
604 1987 1
606 1987 1
574 1694 1
2020 2307 1
2002 2020 1
580 2018 1
576 2018 1
801 2018 1
14 2018 1
2018 2295 1
776 2026 1
1651 2026 1
776 1672 1
804 1352 1
1352 1696 1
1352 1357 1
1352 2302 1
599 1352 1
30 804 1
26 604 1
26 1987 1
26 796 1
26 606 1
1375 2008 1
1648 2300 1
558 2006 1
558 598 1
22 605 1
12 605 1
605 1999 1
605 2001 1
605 2293 1
565 605 1
8 797 1
1362 1667 1
1353 1368 1
803 2007 1
33 2016 1
601 2016 1
1364 1657 1
1364 1691 1
11 20 1
2001 2284 1
12 2284 1
1999 2284 1
2284 2293 1
22 2284 1
605 2284 1
565 2284 1
0 2290 1
17 2290 1
14 2290 1
576 2290 1
801 2290 1
2018 2290 1
1348 2290 1
2290 2295 1
580 2290 1
763 2290 1
0 14 1
14 17 1
42 772 1
14 33 1
33 576 1
33 801 1
33 2018 1
33 1348 1
0 33 1
17 33 1
33 2290 1
33 2295 1
33 580 1
33 763 1
14 2016 1
14 601 1
92 102 1
73 1701 1
134 2273 1
836 2062 1
93 824 1
945 1713 1
1705 1724 1
872 2269 1
1723 2251 1
63 909 1
90 2277 1
135 858 1
114 1714 1
74 882 1
59 2059 1
903 2060 1
2045 2264 1
850 875 1
1711 2040 1
58 2266 1
851 2057 1
820 947 1
55 932 1
820 2069 1
947 2069 1
115 2270 1
117 883 1
90 871 1
871 2277 1
1717 2265 1
2041 2048 1
902 947 1
820 902 1
902 2069 1
101 2031 1
865 2040 1
865 1711 1
129 2278 1
896 1721 1
857 2052 1
921 1718 1
899 2033 1
824 2047 1
93 2047 1
1701 1725 1
73 1725 1
116 2030 1
101 2268 1
2031 2268 1
849 2253 1
81 114 1
81 1714 1
876 897 1
115 898 1
898 2270 1
911 2050 1
122 1719 1
832 2262 1
910 2252 1
98 2047 1
98 824 1
93 98 1
69 1723 1
69 2251 1
838 925 1
850 917 1
875 917 1
60 2061 1
899 950 1
950 2033 1
1705 2048 1
1724 2048 1
1705 2041 1
894 1725 1
73 894 1
894 1701 1
130 865 1
130 2040 1
130 1711 1
136 890 1
89 1705 1
89 2048 1
89 2041 1
89 1724 1
73 2031 1
1701 2031 1
894 2031 1
1725 2031 1
73 101 1
73 2268 1
845 946 1
840 2047 1
824 840 1
98 840 1
93 840 1
816 2053 1
113 2064 1
904 2065 1
906 2046 1
881 929 1
881 2252 1
929 2252 1
881 910 1
132 860 1
87 98 1
87 824 1
87 840 1
87 93 1
87 2047 1
80 833 1
133 2035 1
98 913 1
840 913 1
87 913 1
824 913 1
93 913 1
913 2047 1
882 1727 1
74 1727 1
853 879 1
51 125 1
81 2052 1
114 2052 1
1714 2052 1
81 857 1
944 2268 1
73 944 1
101 944 1
944 2031 1
911 912 1
912 2050 1
931 2064 1
113 931 1
848 908 1
92 2049 1
102 2049 1
49 2055 1
67 815 1
125 2055 1
51 2055 1
49 125 1
105 2032 1
48 2053 1
48 816 1
92 855 1
855 2049 1
102 855 1
123 1721 1
123 896 1
826 2032 1
105 826 1
85 855 1
85 2049 1
85 92 1
85 102 1
95 907 1
89 2036 1
2036 2048 1
1705 2036 1
1724 2036 1
2036 2041 1
950 1701 1
1701 2033 1
899 1701 1
73 950 1
950 2031 1
950 1725 1
894 950 1
667 1383 1
621 958 1
222 1746 1
231 988 1
164 967 1
172 612 1
155 667 1
155 1383 1
671 1402 1
189 2081 1
219 1388 1
978 2089 1
201 209 1
181 1760 1
230 1387 1
211 978 1
211 2089 1
999 2088 1
637 671 1
637 1402 1
1391 2247 1
628 668 1
972 1399 1
1387 1760 1
230 1760 1
181 1387 1
146 1399 1
146 972 1
180 632 1
1005 2249 1
223 1403 1
149 987 1
649 998 1
200 970 1
963 1399 1
146 963 1
963 972 1
185 984 1
640 2236 1
1732 2088 1
999 1732 1
187 1393 1
178 183 1
618 2221 1
973 2240 1
650 979 1
190 2231 1
202 954 1
614 1406 1
645 1732 1
645 2088 1
645 999 1
634 658 1
1001 1403 1
223 1001 1
975 1392 1
992 1008 1
167 2242 1
189 1387 1
1387 2081 1
189 1760 1
181 189 1
189 230 1
991 2223 1
221 987 1
149 221 1
172 1394 1
612 1394 1
169 171 1
172 617 1
617 1394 1
612 617 1
632 640 1
180 640 1
632 2236 1
211 989 1
989 2089 1
978 989 1
217 625 1
227 617 1
227 612 1
227 1394 1
172 227 1
205 2229 1
145 194 1
202 219 1
219 954 1
202 1388 1
640 989 1
632 989 1
180 989 1
989 2236 1
640 2089 1
640 978 1
211 640 1
180 211 1
211 632 1
180 2089 1
180 978 1
227 2226 1
617 2226 1
1394 2226 1
172 2226 1
612 2226 1
172 185 1
185 227 1
185 612 1
185 617 1
185 2226 1
185 1394 1
172 984 1
653 1383 1
653 667 1
155 653 1
996 2249 1
996 1005 1
661 959 1
198 624 1
230 973 1
973 1760 1
973 1387 1
189 973 1
230 2240 1
668 2090 1
628 2090 1
142 1741 1
164 1006 1
967 1006 1
667 1733 1
155 1733 1
653 1733 1
1383 1733 1
1405 1750 1
217 1006 1
625 1006 1
164 217 1
217 967 1
995 2227 1
623 2088 1
623 1732 1
623 645 1
623 999 1
188 211 1
188 640 1
188 2089 1
188 978 1
180 188 1
188 632 1
188 989 1
1004 2237 1
211 216 1
216 640 1
216 2089 1
216 978 1
180 216 1
216 632 1
188 216 1
216 989 1
172 221 1
221 227 1
221 612 1
221 617 1
221 2226 1
221 1394 1
221 984 1
185 221 1
149 172 1
172 987 1
278 334 1
262 686 1
243 299 1
303 310 1
239 2191 1
679 1772 1
679 1030 1
1030 1772 1
260 2095 1
361 1040 1
321 392 1
1060 1772 1
1030 1060 1
679 1060 1
318 1417 1
264 1022 1
683 1050 1
258 342 1
348 690 1
1052 1428 1
256 1420 1
1069 2215 1
2202 2205 1
1031 1057 1
297 345 1
287 2200 1
376 1064 1
362 2205 1
362 2202 1
1024 1417 1
318 1024 1
355 2094 1
672 2210 1
234 1770 1
289 1061 1
1427 2209 1
234 235 1
235 1770 1
330 391 1
322 1054 1
246 1771 1
236 336 1
280 1433 1
281 305 1
307 338 1
684 2217 1
1438 2099 1
291 307 1
291 338 1
699 1034 1
335 1035 1
1413 2190 1
321 672 1
392 672 1
321 2210 1
287 1425 1
1425 2200 1
234 1416 1
1416 1770 1
235 1416 1
336 1066 1
236 1066 1
1049 1063 1
696 2094 1
355 696 1
271 294 1
355 1052 1
696 1052 1
1052 2094 1
355 1428 1
1031 1431 1
1057 1431 1
363 2203 1
1020 1060 1
1020 1772 1
1020 1030 1
679 1020 1
277 382 1
1058 1766 1
2094 2208 1
696 2208 1
355 2208 1
1052 2208 1
1026 2214 1
334 1037 1
278 1037 1
287 319 1
319 2200 1
319 1425 1
267 1067 1
233 2210 1
233 672 1
233 321 1
696 1772 1
1772 2208 1
355 1772 1
1052 1772 1
1772 2094 1
696 1060 1
696 1030 1
679 696 1
696 1020 1
368 679 1
368 1060 1
368 1030 1
368 1772 1
368 696 1
368 1020 1
338 342 1
291 342 1
307 342 1
258 338 1
246 698 1
698 1771 1
389 1407 1
1028 1057 1
1028 1431 1
1028 1031 1
366 1037 1
278 366 1
334 366 1
265 338 1
265 291 1
258 265 1
265 307 1
265 342 1
322 2196 1
1054 2196 1
274 700 1
278 1415 1
366 1415 1
1037 1415 1
334 1415 1
692 1058 1
692 1766 1
267 691 1
691 1067 1
686 1050 1
262 1050 1
683 686 1
341 683 1
341 1050 1
341 686 1
1063 1773 1
1049 1773 1
254 326 1
327 1426 1
238 276 1
345 389 1
297 389 1
345 1407 1
323 369 1
1031 2212 1
1057 2212 1
1028 2212 1
1431 2212 1
233 1428 1
672 1428 1
321 1428 1
1428 2210 1
233 355 1
233 1052 1
266 1427 1
266 2209 1
1051 2212 1
1051 1057 1
1051 1431 1
1028 1051 1
1031 1051 1
404 445 1
1519 1546 1
1577 2173 1
416 435 1
1497 1533 1
1540 1572 1
1267 1271 1
1478 2183 1
417 1539 1
463 1481 1
490 1540 1
490 1572 1
489 2184 1
477 486 1
395 1583 1
1254 1574 1
1456 1583 1
395 1456 1
409 460 1
1443 1537 1
480 1247 1
1470 1474 1
474 1536 1
394 470 1
435 2180 1
416 2180 1
1441 1562 1
1573 2171 1
1253 1529 1
423 469 1
465 1271 1
465 1267 1
1268 1504 1
1451 1502 1
1529 1546 1
1253 1546 1
1519 1529 1
463 473 1
473 1481 1
409 1277 1
460 1277 1
448 1468 1
464 1284 1
485 1279 1
1475 2170 1
473 1571 1
1481 1571 1
463 1571 1
1486 1510 1
1472 1516 1
417 451 1
451 1539 1
441 1279 1
441 485 1
394 477 1
470 477 1
394 486 1
1443 1552 1
1537 1552 1
459 1522 1
1454 1515 1
433 1520 1
1266 1451 1
1266 1502 1
427 1251 1
420 1524 1
1502 1563 1
1266 1563 1
1451 1563 1
456 485 1
441 456 1
456 1279 1
440 489 1
440 2184 1
1542 2184 1
440 1542 1
489 1542 1
441 1271 1
456 1271 1
485 1271 1
1271 1279 1
441 465 1
441 1267 1
454 1254 1
454 1574 1
1244 1439 1
1256 1279 1
456 1256 1
441 1256 1
485 1256 1
1256 1271 1
435 1254 1
416 1254 1
1254 2180 1
435 454 1
435 1574 1
1275 1471 1
440 473 1
473 2184 1
473 489 1
473 1542 1
440 1571 1
440 1481 1
440 463 1
1254 1441 1
416 1441 1
1441 2180 1
1441 1574 1
454 1441 1
435 1441 1
1254 1562 1
457 1462 1
455 1546 1
455 1529 1
455 1253 1
455 1519 1
1471 1504 1
1275 1504 1
1268 1471 1
416 451 1
451 1441 1
435 451 1
451 2180 1
451 1254 1
416 417 1
416 1539 1
1282 1445 1
1557 1563 1
1266 1557 1
1451 1557 1
1502 1557 1
1453 1558 1
1454 1465 1
1465 1515 1
1258 1568 1
493 1585 1
398 1273 1
492 2166 1
416 1502 1
1441 1502 1
451 1502 1
1502 2180 1
1254 1502 1
417 1502 1
1502 1539 1
435 1502 1
416 1451 1
416 1266 1
416 1557 1
416 1563 1
419 1445 1
419 1282 1
450 2171 1
450 1573 1
413 417 1
413 416 1
413 1539 1
413 1502 1
413 451 1
1476 2165 1
406 1509 1
1466 1569 1
455 1544 1
1529 1544 1
1544 1546 1
1253 1544 1
1519 1544 1
1297 2156 1
1610 1620 1
1954 2145 1
536 740 1
494 1923 1
1611 1955 1
751 1620 1
751 1610 1
1308 1907 1
724 1294 1
1597 1603 1
532 1909 1
511 1607 1
1631 2132 1
1944 2136 1
1915 1980 1
1933 2140 1
514 1960 1
545 1611 1
545 1955 1
737 1957 1
1321 1939 1
499 1629 1
1305 1923 1
494 1305 1
507 1331 1
542 2133 1
714 1954 1
714 2145 1
1616 1933 1
1616 2140 1
758 1905 1
1609 1929 1
518 530 1
727 1961 1
1314 1920 1
1948 2158 1
740 1908 1
536 1908 1
1318 1331 1
507 1318 1
757 1612 1
721 1611 1
545 721 1
721 1955 1
1593 1630 1
498 718 1
542 1603 1
1603 2133 1
542 1597 1
538 724 1
538 1294 1
504 762 1
762 1327 1
504 1327 1
511 747 1
747 1607 1
518 1905 1
530 1905 1
518 758 1
532 1619 1
1619 1909 1
1302 2153 1
1324 1949 1
530 2134 1
1905 2134 1
518 2134 1
554 1947 1
1292 2135 1
526 736 1
1905 1963 1
530 1963 1
1963 2134 1
518 1963 1
758 1963 1
708 1963 1
708 758 1
518 708 1
708 1905 1
530 708 1
708 2134 1
529 1926 1
747 1922 1
1607 1922 1
511 1922 1
550 1635 1
1295 2155 1
542 720 1
720 1603 1
720 2133 1
720 1597 1
1313 2135 1
1292 1313 1
709 1923 1
709 1305 1
494 709 1
1635 2137 1
550 2137 1
1636 2147 1
1631 1642 1
1642 2132 1
2144 2147 1
1636 2144 1
732 755 1
522 710 1
1329 1331 1
507 1329 1
1318 1329 1
719 722 1
712 1913 1
513 1592 1
715 1634 1
1304 2158 1
1304 1948 1
527 1637 1
1619 1941 1
532 1941 1
1909 1941 1
1637 2140 1
527 2140 1
1616 1637 1
1637 1933 1
524 1979 1
750 1610 1
750 1620 1
750 751 1
1329 2131 1
1331 2131 1
1318 2131 1
507 2131 1
745 760 1
526 730 1
730 736 1
1620 2133 1
1610 2133 1
750 2133 1
751 2133 1
1603 1620 1
720 1620 1
542 1620 1
552 1629 1
499 552 1
1312 1607 1
1312 1922 1
747 1312 1
511 1312 1
1920 1965 1
1314 1965 1
548 1931 1
721 1934 1
545 1934 1
1611 1934 1
1934 1955 1
758 1626 1
1626 1905 1
1626 1963 1
708 1626 1
518 1626 1
1951 1962 1
503 1622 1
1312 1638 1
1638 1922 1
747 1638 1
511 1638 1
1607 1638 1
1210 1222 1
1227 1864 1
1830 1877 1
1134 1831 1
1144 1864 1
1144 1227 1
1811 1841 1
1818 1823 1
1159 1228 1
1212 1236 1
1192 1890 1
1782 1868 1
1100 1780 1
1114 2119 1
1119 2111 1
1839 1868 1
1782 1839 1
1197 1851 1
1220 1823 1
1220 1818 1
1185 1888 1
1218 1888 1
1185 1218 1
1842 1899 1
1145 1827 1
1201 1898 1
1148 1876 1
1139 1152 1
1097 2114 1
1896 2128 1
1218 1852 1
1852 1888 1
1185 1852 1
1783 1874 1
1774 1868 1
1774 1782 1
1774 1839 1
1193 1881 1
1175 1783 1
1175 1874 1
1169 1219 1
1129 1221 1
2105 2127 1
1125 1902 1
1072 1876 1
1072 1148 1
1868 2124 1
1774 2124 1
1782 2124 1
1839 2124 1
1128 1220 1
1128 1818 1
1128 1823 1
1225 2113 1
1238 2110 1
1215 1869 1
1155 1818 1
1128 1155 1
1155 1220 1
1155 1823 1
1142 2103 1
1114 1794 1
1794 2119 1
1211 1801 1
1079 1083 1
1194 1834 1
1779 1848 1
1876 1877 1
1072 1877 1
1148 1877 1
1830 1876 1
1077 1154 1
1165 1848 1
1165 1779 1
1167 1900 1
1819 1840 1
1084 1197 1
1084 1851 1
1164 1205 1
1841 1881 1
1811 1881 1
1193 1841 1
2117 2127 1
2105 2117 1
1819 2102 1
1840 2102 1
1132 1877 1
1072 1132 1
1132 1148 1
1132 1876 1
1132 1830 1
1231 1796 1
1123 1847 1
1898 1899 1
1201 1899 1
1842 1898 1
1101 1170 1
1181 1805 1
1101 1223 1
1170 1223 1
1099 2101 1
1825 1826 1
1131 1837 1
1234 1864 1
1144 1234 1
1227 1234 1
1089 1831 1
1089 1134 1
1214 1783 1
1214 1874 1
1175 1214 1
1148 1873 1
1072 1873 1
1132 1873 1
1873 1876 1
1873 1877 1
1074 1229 1
1118 1201 1
1118 1898 1
1118 1899 1
1234 1790 1
1790 1864 1
1144 1790 1
1227 1790 1
1215 1847 1
1847 1869 1
1123 1215 1
1209 1826 1
1209 1825 1
1076 1222 1
1076 1210 1
1187 1778 1
1072 1089 1
1089 1132 1
1089 1873 1
1089 1876 1
1089 1877 1
1089 1148 1
1072 1831 1
1072 1134 1
1149 1832 1
1866 2115 1
1200 1805 1
1181 1200 1
1825 1890 1
1209 1890 1
1826 1890 1
1192 1825 1
1820 2106 1
1897 2119 1
1114 1897 1
1794 1897 1
1201 1893 1
1893 1898 1
1893 1899 1
1118 1893 1
1073 1886 1
1202 2113 1
1202 1225 1
1230 2126 1
1205 1870 1
1164 1870 1
1096 1117 1
1847 2102 1
1123 2102 1
1869 2102 1
1215 2102 1
1840 1847 1
1819 1847 1
456 957 -1
957 1256 -1
441 957 -1
957 1271 -1
485 957 -1
957 1279 -1
1419 2168 -1
640 1262 -1
188 1262 -1
1262 2089 -1
216 1262 -1
978 1262 -1
211 1262 -1
180 1262 -1
632 1262 -1
1262 2236 -1
989 1262 -1
662 702 -1
1434 1733 -1
667 1434 -1
155 1434 -1
653 1434 -1
1383 1434 -1
332 1750 -1
332 1405 -1
1393 1474 -1
187 1474 -1
1393 1470 -1
223 693 -1
693 1001 -1
693 1403 -1
1464 2228 -1
1529 2223 -1
1544 2223 -1
1546 2223 -1
455 2223 -1
1253 2223 -1
1519 2223 -1
991 1529 -1
1271 1381 -1
485 1381 -1
456 1381 -1
465 1381 -1
1267 1381 -1
441 1381 -1
1256 1381 -1
1279 1381 -1
814 1024 -1
814 1417 -1
318 814 -1
1189 2096 -1
381 663 -1
970 1582 -1
200 1582 -1
109 2009 -1
389 944 -1
345 944 -1
297 944 -1
944 1407 -1
73 389 -1
389 2268 -1
101 389 -1
389 2031 -1
986 1420 -1
256 986 -1
66 1433 -1
66 280 -1
1278 1380 -1
1011 1251 -1
427 1011 -1
1003 1554 -1
964 1429 -1
1459 2122 -1
965 1278 -1
1404 1511 -1
1414 2168 -1
413 1388 -1
416 1388 -1
417 1388 -1
1388 1539 -1
1388 1502 -1
451 1388 -1
202 413 -1
219 413 -1
49 331 -1
125 331 -1
331 2055 -1
1002 1474 -1
1002 1470 -1
1003 1573 -1
450 1003 -1
1003 2171 -1
283 2240 -1
283 973 -1
230 283 -1
623 1422 -1
1422 2088 -1
1422 1732 -1
645 1422 -1
999 1422 -1
705 2204 -1
1290 2087 -1
270 2242 -1
167 270 -1
472 2236 -1
472 640 -1
472 632 -1
472 989 -1
474 973 -1
973 1536 -1
474 2240 -1
474 1760 -1
474 1387 -1
189 474 -1
230 474 -1
411 2089 -1
411 640 -1
411 978 -1
211 411 -1
180 411 -1
216 411 -1
188 411 -1
411 989 -1
1242 2086 -1
1278 1434 -1
643 2202 -1
362 643 -1
643 2205 -1
469 1432 -1
423 1432 -1
1564 2091 -1
1242 2248 -1
485 980 -1
456 980 -1
441 980 -1
980 1271 -1
980 1256 -1
980 1279 -1
1070 1247 -1
480 1070 -1
1245 2248 -1
992 2169 -1
1008 2169 -1
404 1057 -1
445 1057 -1
404 1051 -1
404 2212 -1
404 1431 -1
404 1028 -1
404 1031 -1
998 1273 -1
649 1273 -1
398 998 -1
405 1897 -1
405 1114 -1
405 1794 -1
405 2119 -1
1462 1888 -1
457 1888 -1
1185 1462 -1
1218 1462 -1
1462 1852 -1
422 1001 -1
422 1403 -1
223 422 -1
451 1398 -1
416 1398 -1
417 1398 -1
1398 1539 -1
1398 2180 -1
1254 1398 -1
1398 1441 -1
435 1398 -1
413 1398 -1
1398 1502 -1
287 1201 -1
1201 2200 -1
1201 1425 -1
319 1201 -1
287 1898 -1
287 1899 -1
287 1893 -1
287 1118 -1
246 663 -1
663 698 -1
663 1771 -1
299 614 -1
243 614 -1
299 1406 -1
2074 2209 -1
266 2074 -1
1427 2074 -1
69 324 -1
324 1723 -1
324 2251 -1
389 923 -1
345 923 -1
297 923 -1
923 1407 -1
392 2060 -1
672 2060 -1
321 2060 -1
392 903 -1
472 1394 -1
227 472 -1
472 612 -1
472 617 -1
172 472 -1
472 2226 -1
185 472 -1
221 472 -1
1852 2238 -1
1888 2238 -1
1185 2238 -1
1218 2238 -1
1031 1285 -1
1051 1285 -1
1057 1285 -1
1285 2212 -1
1028 1285 -1
1285 1431 -1
1418 2247 -1
1391 1418 -1
370 1135 -1
130 375 -1
375 2040 -1
375 865 -1
375 1711 -1
645 1088 -1
1088 2088 -1
623 1088 -1
1088 1732 -1
999 1088 -1
2096 2122 -1
485 969 -1
456 969 -1
441 969 -1
969 1271 -1
969 1256 -1
969 1279 -1
432 1874 -1
432 1175 -1
432 1214 -1
432 1783 -1
472 970 -1
200 472 -1
1002 1535 -1
370 1137 -1
1430 2240 -1
973 1430 -1
230 1430 -1
1009 1287 -1
1399 1827 -1
146 1827 -1
963 1827 -1
972 1827 -1
1145 1399 -1
1002 1875 -1
995 1499 -1
1499 2227 -1
1564 2011 -1
866 1062 -1
2078 2094 -1
696 2078 -1
2078 2208 -1
355 2078 -1
1052 2078 -1
1772 2078 -1
1403 1900 -1
1001 1900 -1
223 1900 -1
1167 1403 -1
1825 2227 -1
1192 2227 -1
1209 2227 -1
1826 2227 -1
1890 2227 -1
995 1825 -1
357 482 -1
690 2244 -1
348 2244 -1
1011 1280 -1
1500 2093 -1
1551 2236 -1
640 1551 -1
632 1551 -1
989 1551 -1
2011 2168 -1
2196 2262 -1
322 2262 -1
1054 2262 -1
832 2196 -1
991 1197 -1
1197 2223 -1
991 1851 -1
991 1084 -1
1012 1416 -1
234 1012 -1
235 1012 -1
1012 1770 -1
1389 1573 -1
450 1389 -1
1389 2171 -1
983 1790 -1
983 1864 -1
983 1144 -1
983 1234 -1
983 1227 -1
425 954 -1
202 425 -1
219 425 -1
259 919 -1
1009 1249 -1
1070 1274 -1
370 1170 -1
370 1101 -1
370 1223 -1
1405 1487 -1
1487 1750 -1
966 1517 -1
298 1123 -1
298 1215 -1
298 2102 -1
298 1847 -1
995 2171 -1
2171 2227 -1
450 995 -1
995 1573 -1
1258 2224 -1
1568 2224 -1
431 2082 -1
287 1184 -1
1184 2200 -1
1184 1425 -1
319 1184 -1
1037 1710 -1
366 1710 -1
278 1710 -1
334 1710 -1
1415 1710 -1
2084 2110 -1
1238 2084 -1
389 703 -1
345 703 -1
297 703 -1
703 1407 -1
148 401 -1
1019 1482 -1
65 699 -1
65 1034 -1
230 1056 -1
1056 1760 -1
1056 2240 -1
1056 1387 -1
189 1056 -1
973 1056 -1
242 612 -1
227 242 -1
242 617 -1
172 242 -1
242 2226 -1
242 1394 -1
185 242 -1
221 242 -1
116 324 -1
324 2030 -1
1415 1731 -1
334 1731 -1
366 1731 -1
278 1731 -1
1037 1731 -1
1393 2189 -1
187 2189 -1
919 1744 -1
78 360 -1
1395 1514 -1
291 1284 -1
265 1284 -1
338 1284 -1
307 1284 -1
342 1284 -1
291 464 -1
342 1168 -1
307 1168 -1
258 1168 -1
291 1168 -1
338 1168 -1
265 1168 -1
1283 2086 -1
141 491 -1
456 975 -1
975 1256 -1
441 975 -1
975 1271 -1
485 975 -1
975 1279 -1
456 1392 -1
1406 1542 -1
614 1542 -1
1406 2184 -1
440 1406 -1
473 1406 -1
489 1406 -1
700 1153 -1
274 1153 -1
1874 2205 -1
1175 2205 -1
1214 2205 -1
1783 2205 -1
1874 2202 -1
362 1874 -1
240 953 -1
956 1223 -1
956 1170 -1
956 1101 -1
1010 1568 -1
1010 1258 -1
1387 1528 -1
1528 1760 -1
1528 2081 -1
230 1528 -1
973 1528 -1
181 1528 -1
189 1528 -1
1790 2095 -1
1864 2095 -1
1144 2095 -1
1234 2095 -1
1227 2095 -1
260 1790 -1
342 402 -1
307 402 -1
258 402 -1
291 402 -1
338 402 -1
265 402 -1
174 1260 -1
705 1730 -1
1389 1875 -1
381 614 -1
381 1406 -1
451 1404 -1
416 1404 -1
417 1404 -1
1404 1539 -1
1404 2180 -1
1254 1404 -1
1404 1441 -1
435 1404 -1
413 1404 -1
1404 1502 -1
997 1554 -1
254 705 -1
326 705 -1
978 1540 -1
640 1540 -1
1540 2089 -1
211 1540 -1
180 1540 -1
216 1540 -1
188 1540 -1
989 1540 -1
490 978 -1
978 1572 -1
1009 1253 -1
1009 1544 -1
1009 1529 -1
1009 1546 -1
455 1009 -1
110 326 -1
110 254 -1
415 1415 -1
334 415 -1
366 415 -1
278 415 -1
415 1037 -1
855 1024 -1
1024 2049 -1
92 1024 -1
85 1024 -1
102 1024 -1
855 1417 -1
318 855 -1
1556 1727 -1
882 1556 -1
74 1556 -1
461 1383 -1
461 667 -1
155 461 -1
461 653 -1
461 1733 -1
1281 1733 -1
667 1281 -1
155 1281 -1
653 1281 -1
1281 1383 -1
1289 2224 -1
445 1111 -1
404 1111 -1
2057 2208 -1
851 2208 -1
696 2057 -1
1772 2057 -1
355 2057 -1
1052 2057 -1
2057 2094 -1
1005 1261 -1
1261 2249 -1
996 1261 -1
694 2040 -1
694 865 -1
130 694 -1
694 1711 -1
381 631 -1
380 894 -1
73 380 -1
380 2031 -1
380 1725 -1
380 950 -1
380 1701 -1
316 612 -1
227 316 -1
316 617 -1
172 316 -1
316 2226 -1
316 1394 -1
185 316 -1
221 316 -1
871 1063 -1
90 1063 -1
1063 2277 -1
871 1049 -1
871 1773 -1
457 2205 -1
1462 2205 -1
457 2202 -1
362 457 -1
971 1098 -1
842 2216 -1
1768 2033 -1
899 1768 -1
1701 1768 -1
950 1768 -1
1011 1269 -1
963 1425 -1
146 1425 -1
972 1425 -1
1399 1425 -1
963 2200 -1
319 963 -1
287 963 -1
979 1474 -1
650 1474 -1
979 1470 -1
1399 1793 -1
146 1793 -1
963 1793 -1
972 1793 -1
1285 1722 -1
996 1282 -1
1282 2249 -1
1005 1282 -1
419 996 -1
996 1445 -1
1875 2228 -1
1277 1434 -1
409 1434 -1
460 1434 -1
1428 1731 -1
672 1731 -1
321 1731 -1
1731 2210 -1
355 1731 -1
233 1731 -1
1052 1731 -1
317 1012 -1
1802 2090 -1
628 1802 -1
668 1802 -1
153 1826 -1
153 1825 -1
153 1890 -1
153 1209 -1
282 1171 -1
985 1431 -1
985 1051 -1
985 1057 -1
985 2212 -1
985 1028 -1
985 1031 -1
616 1434 -1
1010 1460 -1
1403 1528 -1
1001 1528 -1
223 1528 -1
237 632 -1
237 640 -1
188 237 -1
211 237 -1
180 237 -1
216 237 -1
237 2236 -1
237 989 -1
655 1282 -1
419 655 -1
655 1445 -1
250 1135 -1
211 1434 -1
640 1434 -1
1434 2089 -1
216 1434 -1
978 1434 -1
180 1434 -1
632 1434 -1
188 1434 -1
989 1434 -1
1401 1459 -1
258 824 -1
265 824 -1
338 824 -1
342 824 -1
98 258 -1
258 840 -1
258 913 -1
87 258 -1
93 258 -1
258 2047 -1
1405 1460 -1
1460 1750 -1
169 1260 -1
171 1260 -1
1008 1529 -1
992 1529 -1
1008 1544 -1
1008 1546 -1
455 1008 -1
1008 1253 -1
1008 1519 -1
952 2205 -1
952 2202 -1
362 952 -1
469 2083 -1
423 2083 -1
1011 1289 -1
978 1278 -1
640 1278 -1
1278 2089 -1
211 1278 -1
180 1278 -1
216 1278 -1
188 1278 -1
989 1278 -1
1278 1733 -1
667 1278 -1
155 1278 -1
653 1278 -1
1278 1383 -1
1416 2011 -1
234 2011 -1
235 2011 -1
1770 2011 -1
1827 2088 -1
1145 2088 -1
623 1827 -1
1732 1827 -1
645 1827 -1
999 1827 -1
470 1010 -1
394 1010 -1
477 1010 -1
448 980 -1
980 1468 -1
272 1747 -1
1277 1733 -1
409 1733 -1
460 1733 -1
667 1277 -1
155 1277 -1
653 1277 -1
1277 1383 -1
1391 1831 -1
1831 2247 -1
1072 1391 -1
1089 1391 -1
1134 1391 -1
1200 2099 -1
1805 2099 -1
1181 2099 -1
1200 1438 -1
219 1271 -1
202 1271 -1
1271 1388 -1
954 1271 -1
219 485 -1
219 456 -1
219 465 -1
219 1267 -1
219 441 -1
219 1256 -1
219 1279 -1
174 1254 -1
174 416 -1
174 1441 -1
174 451 -1
174 2180 -1
174 1574 -1
174 454 -1
174 435 -1
174 1562 -1
174 1502 -1
962 1257 -1
1382 2189 -1
972 1544 -1
146 1544 -1
963 1544 -1
1399 1544 -1
972 1529 -1
972 1546 -1
972 1519 -1
972 1253 -1
455 972 -1
1283 1737 -1
485 1425 -1
456 1425 -1
441 1425 -1
1271 1425 -1
1256 1425 -1
1279 1425 -1
485 2200 -1
319 485 -1
287 485 -1
439 1744 -1
1261 2234 -1
1418 1735 -1
216 1810 -1
640 1810 -1
1810 2089 -1
978 1810 -1
211 1810 -1
180 1810 -1
632 1810 -1
188 1810 -1
989 1810 -1
389 868 -1
345 868 -1
297 868 -1
868 1407 -1
1038 1702 -1
894 1062 -1
73 1062 -1
1062 2031 -1
1062 1725 -1
950 1062 -1
1062 1701 -1
958 1424 -1
621 1424 -1
258 871 -1
265 871 -1
338 871 -1
342 871 -1
90 258 -1
258 2277 -1
474 1408 -1
1408 1536 -1
392 2040 -1
672 2040 -1
321 2040 -1
392 865 -1
130 392 -1
392 1711 -1
1408 1802 -1
181 464 -1
464 1760 -1
464 1387 -1
189 464 -1
181 1284 -1
995 1555 -1
1555 2227 -1
969 1057 -1
969 1051 -1
969 2212 -1
969 1431 -1
969 1028 -1
969 1031 -1
1792 2084 -1
1416 2083 -1
234 2083 -1
235 2083 -1
1770 2083 -1
472 1002 -1
480 1385 -1
1247 1385 -1
407 2249 -1
407 996 -1
407 1005 -1
171 1288 -1
169 1288 -1
342 1207 -1
307 1207 -1
258 1207 -1
291 1207 -1
338 1207 -1
265 1207 -1
827 1433 -1
280 827 -1
1996 2091 -1
607 2091 -1
902 1047 -1
947 1047 -1
820 1047 -1
1047 2069 -1
1747 2204 -1
1859 2094 -1
696 1859 -1
1859 2208 -1
355 1859 -1
1052 1859 -1
1772 1859 -1
1875 2189 -1
998 2181 -1
649 2181 -1
271 1135 -1
294 1135 -1
450 2083 -1
2083 2171 -1
1573 2083 -1
1275 2224 -1
1504 2224 -1
1471 2224 -1
286 2261 -1
438 1404 -1
953 2200 -1
953 1425 -1
319 953 -1
287 953 -1
1388 1578 -1
202 1578 -1
219 1578 -1
999 2168 -1
2088 2168 -1
1732 2168 -1
645 2168 -1
623 2168 -1
107 2216 -1
994 1451 -1
416 994 -1
994 1266 -1
994 1563 -1
994 1557 -1
994 1502 -1
1021 1465 -1
1021 1515 -1
1021 1454 -1
1802 2209 -1
266 1802 -1
1427 1802 -1
320 1204 -1
132 1054 -1
860 1054 -1
132 322 -1
132 2196 -1
1740 2094 -1
696 1740 -1
1740 2208 -1
355 1740 -1
1052 1740 -1
1740 1772 -1
1030 2261 -1
1060 2261 -1
679 2261 -1
1772 2261 -1
368 2261 -1
696 2261 -1
1020 2261 -1
1111 1744 -1
272 612 -1
227 272 -1
272 617 -1
172 272 -1
272 2226 -1
272 1394 -1
185 272 -1
221 272 -1
1288 2237 -1
1004 1288 -1
65 326 -1
65 254 -1
615 1436 -1
422 1423 -1
1042 1284 -1
464 1042 -1
132 1057 -1
860 1057 -1
132 1051 -1
132 2212 -1
132 1431 -1
132 1028 -1
132 1031 -1
434 1888 -1
434 1185 -1
434 1218 -1
434 1852 -1
1386 2187 -1
1012 1431 -1
1012 1051 -1
1012 1057 -1
1012 2212 -1
1012 1028 -1
1012 1031 -1
1438 1728 -1
1728 2099 -1
484 982 -1
1874 2228 -1
1175 2228 -1
1214 2228 -1
1783 2228 -1
378 1482 -1
1418 1746 -1
222 1418 -1
948 1030 -1
948 1060 -1
679 948 -1
948 1772 -1
368 948 -1
696 948 -1
948 1020 -1
990 1469 -1
980 1423 -1
1184 1436 -1
482 977 -1
625 1164 -1
217 1164 -1
1006 1164 -1
625 1205 -1
625 1870 -1
952 1209 -1
952 1825 -1
952 1826 -1
952 1890 -1
150 2209 -1
150 266 -1
150 1427 -1
1222 1415 -1
1210 1415 -1
1076 1415 -1
334 1222 -1
366 1222 -1
278 1222 -1
1037 1222 -1
493 1394 -1
1394 1585 -1
227 493 -1
493 612 -1
493 617 -1
172 493 -1
493 2226 -1
185 493 -1
221 493 -1
380 867 -1
1009 1265 -1
475 2236 -1
475 640 -1
475 632 -1
475 989 -1
1066 1482 -1
336 1482 -1
236 1482 -1
409 1417 -1
460 1417 -1
1277 1417 -1
409 1024 -1
318 409 -1
2076 2209 -1
266 2076 -1
1427 2076 -1
1061 1207 -1
289 1207 -1
998 1253 -1
649 1253 -1
998 1544 -1
998 1529 -1
998 1546 -1
455 998 -1
389 919 -1
345 919 -1
297 919 -1
919 1407 -1
149 1476 -1
987 1476 -1
172 1476 -1
221 1476 -1
149 2165 -1
405 999 -1
405 2088 -1
405 1732 -1
405 645 -1
405 623 -1
1189 1417 -1
1024 1189 -1
318 1189 -1
1413 1746 -1
1746 2190 -1
222 1413 -1
1019 1247 -1
480 1019 -1
627 1262 -1
307 884 -1
265 884 -1
338 884 -1
291 884 -1
342 884 -1
1565 2082 -1
461 2085 -1
1433 2009 -1
280 2009 -1
1397 1525 -1
615 1112 -1
1428 1746 -1
672 1746 -1
321 1746 -1
1746 2210 -1
355 1746 -1
233 1746 -1
1052 1746 -1
222 1428 -1
2184 2248 -1
440 2248 -1
489 2248 -1
1542 2248 -1
473 2248 -1
1492 2249 -1
996 1492 -1
1005 1492 -1
1426 1996 -1
327 1996 -1
607 1426 -1
1429 2240 -1
973 1429 -1
230 1429 -1
1270 1754 -1
403 2229 -1
205 403 -1
183 1506 -1
178 1506 -1
132 331 -1
331 860 -1
954 2169 -1
202 2169 -1
219 2169 -1
1897 2097 -1
1114 2097 -1
1794 2097 -1
2097 2119 -1
448 693 -1
693 1468 -1
461 2229 -1
205 461 -1
955 2009 -1
434 1790 -1
434 1864 -1
434 1144 -1
434 1234 -1
434 1227 -1
987 1579 -1
172 1579 -1
149 1579 -1
221 1579 -1
1462 2095 -1
457 2095 -1
260 1462 -1
209 1255 -1
201 1255 -1
421 1426 -1
327 421 -1
63 286 -1
286 909 -1
988 1407 -1
231 1407 -1
345 988 -1
389 988 -1
2090 2098 -1
628 2098 -1
668 2098 -1
968 1579 -1
357 402 -1
345 656 -1
297 656 -1
389 656 -1
656 1407 -1
1827 2228 -1
1145 2228 -1
278 634 -1
366 634 -1
634 1037 -1
334 634 -1
634 1415 -1
278 658 -1
1401 2161 -1
478 1388 -1
202 478 -1
219 478 -1
1556 1718 -1
921 1556 -1
1111 2009 -1
389 891 -1
345 891 -1
297 891 -1
891 1407 -1
390 618 -1
390 2221 -1
985 1425 -1
985 2200 -1
319 985 -1
287 985 -1
149 1260 -1
987 1260 -1
172 1260 -1
221 1260 -1
981 2202 -1
362 981 -1
981 2205 -1
119 1057 -1
119 1051 -1
119 2212 -1
119 1431 -1
119 1028 -1
119 1031 -1
704 906 -1
704 2046 -1
287 1239 -1
1239 2200 -1
1239 1425 -1
319 1239 -1
2073 2209 -1
266 2073 -1
1427 2073 -1
985 1410 -1
1417 2084 -1
1024 2084 -1
318 2084 -1
621 697 -1
697 958 -1
1401 1827 -1
1145 1401 -1
693 980 -1
1255 2087 -1
980 1233 -1
2085 2095 -1
260 2085 -1
1413 1731 -1
1731 2190 -1
217 1260 -1
625 1260 -1
164 1260 -1
1006 1260 -1
967 1260 -1
