0 1359 1
5 2287 1
2013 2015 1
568 1998 1
564 569 1
796 798 1
771 2029 1
569 1370 1
564 1370 1
1658 2296 1
786 2009 1
794 2002 1
1677 1998 1
568 1677 1
1683 2290 1
571 2000 1
555 590 1
766 2302 1
1690 2014 1
567 1349 1
786 812 1
812 2009 1
1342 1987 1
785 2028 1
28 590 1
28 555 1
3 2283 1
768 2005 1
787 1341 1
561 2307 1
585 605 1
584 1650 1
566 1372 1
601 1672 1
1668 2014 1
1668 1690 1
6 1673 1
1348 1698 1
788 811 1
2282 2299 1
1667 2023 1
781 1338 1
1345 1660 1
1990 2285 1
1654 1655 1
1343 2305 1
591 1369 1
2 1373 1
16 763 1
607 788 1
607 811 1
9 561 1
9 2307 1
604 2029 1
604 771 1
0 769 1
769 1359 1
1342 2025 1
1987 2025 1
1355 1361 1
22 791 1
597 2301 1
587 1661 1
26 2284 1
1654 1693 1
1655 1693 1
559 1345 1
559 1660 1
44 2004 1
1370 2003 1
569 2003 1
564 2003 1
7 579 1
6 1335 1
1335 1673 1
567 1370 1
1349 1370 1
567 569 1
567 2003 1
564 567 1
781 2002 1
1338 2002 1
781 794 1
42 780 1
562 809 1
601 1651 1
1651 1672 1
771 1367 1
604 1367 1
1367 2029 1
9 43 1
43 561 1
43 2307 1
33 1342 1
33 2025 1
33 1987 1
582 810 1
799 2021 1
23 600 1
582 1649 1
810 1649 1
782 1678 1
1352 1651 1
1352 1672 1
601 1352 1
46 589 1
610 790 1
573 1368 1
1378 2303 1
12 1373 1
2 12 1
34 1339 1
25 2021 1
25 799 1
794 810 1
810 2002 1
781 810 1
794 1649 1
582 794 1
560 767 1
1669 1987 1
1669 2025 1
1342 1669 1
33 1669 1
19 568 1
19 1677 1
19 1998 1
576 1670 1
601 1357 1
1357 1672 1
1352 1357 1
1357 1651 1
47 2291 1
1682 2294 1
0 1692 1
769 1692 1
1359 1692 1
560 1995 1
767 1995 1
591 598 1
598 1369 1
2013 2291 1
2015 2291 1
47 2013 1
1699 1999 1
562 2296 1
809 2296 1
562 1658 1
1646 1689 1
14 607 1
14 811 1
14 788 1
586 1669 1
586 2025 1
586 1987 1
586 1342 1
33 586 1
1357 1644 1
1644 1672 1
601 1644 1
1352 1644 1
1644 1651 1
773 1664 1
1338 2026 1
2002 2026 1
781 2026 1
914 2056 1
890 1727 1
90 1700 1
817 867 1
823 2252 1
126 843 1
826 895 1
816 1711 1
2040 2063 1
2260 2265 1
133 2031 1
884 918 1
72 106 1
124 868 1
881 931 1
135 906 1
2035 2055 1
85 99 1
2266 2279 1
1703 2278 1
69 2253 1
831 2070 1
69 100 1
100 2253 1
125 2261 1
840 1715 1
910 1700 1
90 910 1
94 2055 1
94 2035 1
941 2057 1
57 887 1
893 2031 1
133 893 1
2039 2047 1
111 2277 1
76 119 1
1709 2266 1
1709 2279 1
72 2260 1
106 2260 1
72 2265 1
859 1704 1
863 873 1
860 2257 1
844 2049 1
912 1727 1
890 912 1
98 2035 1
94 98 1
98 2055 1
101 890 1
101 912 1
101 1727 1
2035 2058 1
98 2058 1
94 2058 1
2055 2058 1
842 2251 1
122 2277 1
111 122 1
865 1709 1
865 2266 1
865 2279 1
1711 2268 1
816 2268 1
885 2267 1
71 81 1
878 1726 1
76 117 1
117 119 1
106 2069 1
72 2069 1
2069 2260 1
911 942 1
89 2271 1
87 901 1
126 820 1
820 843 1
113 1709 1
113 865 1
113 2266 1
113 2279 1
120 941 1
120 2057 1
884 2254 1
918 2254 1
99 940 1
85 940 1
97 2064 1
101 2048 1
912 2048 1
890 2048 1
1727 2048 1
938 2253 1
100 938 1
69 938 1
840 1728 1
1715 1728 1
83 911 1
83 942 1
103 123 1
2265 2267 1
72 2267 1
2260 2267 1
885 2265 1
848 2049 1
844 848 1
2033 2261 1
125 2033 1
2044 2260 1
72 2044 1
106 2044 1
2044 2069 1
2044 2265 1
2044 2267 1
1704 1713 1
859 1713 1
108 114 1
2059 2261 1
2033 2059 1
125 2059 1
814 903 1
2050 2279 1
865 2050 1
2050 2266 1
1709 2050 1
113 2050 1
856 876 1
866 2060 1
70 125 1
70 2033 1
70 2059 1
70 2261 1
50 882 1
53 815 1
55 2059 1
55 2033 1
55 2261 1
55 70 1
55 125 1
876 926 1
856 926 1
892 922 1
131 2276 1
127 921 1
859 941 1
941 1704 1
941 1713 1
120 859 1
859 2057 1
825 839 1
82 82 1
61 82 1
71 887 1
81 887 1
57 71 1
872 1706 1
2262 2274 1
1705 2264 1
818 866 1
818 2060 1
844 2050 1
848 2050 1
2049 2050 1
844 865 1
844 2279 1
844 1709 1
113 844 1
844 2266 1
197 1012 1
188 671 1
173 2249 1
143 624 1
665 993 1
190 637 1
172 1754 1
956 1741 1
1744 1758 1
986 988 1
187 222 1
966 2230 1
170 194 1
1394 1756 1
217 1002 1
998 1757 1
146 164 1
639 1748 1
1731 2080 1
195 977 1
205 2224 1
214 1397 1
1384 2081 1
211 1393 1
999 2222 1
162 961 1
216 1738 1
185 640 1
149 648 1
162 1741 1
961 1741 1
162 956 1
204 1380 1
963 973 1
201 1392 1
228 649 1
178 998 1
178 1757 1
137 150 1
1005 2227 1
216 643 1
643 1738 1
624 966 1
143 966 1
624 2230 1
209 2076 1
209 1013 1
1013 2076 1
180 211 1
180 1393 1
1759 2085 1
629 1745 1
162 2234 1
961 2234 1
956 2234 1
1741 2234 1
640 966 1
185 966 1
624 640 1
640 2230 1
143 640 1
151 208 1
153 668 1
177 2078 1
143 1013 1
624 1013 1
640 1013 1
966 1013 1
143 209 1
143 2076 1
195 626 1
626 977 1
666 1403 1
979 2090 1
163 628 1
2224 2228 1
205 2228 1
618 667 1
1394 1737 1
1737 1756 1
183 615 1
998 1392 1
178 1392 1
1392 1757 1
201 998 1
646 647 1
193 976 1
182 1379 1
640 2224 1
966 2224 1
143 2224 1
624 2224 1
1013 2224 1
2224 2230 1
185 2224 1
205 640 1
640 2228 1
641 2083 1
624 2089 1
640 2089 1
966 2089 1
143 2089 1
2089 2224 1
1013 2089 1
2089 2230 1
953 2079 1
1395 1752 1
622 1761 1
969 2076 1
209 969 1
969 1013 1
143 969 1
1395 2091 1
1752 2091 1
144 168 1
613 1760 1
186 2235 1
626 987 1
977 987 1
195 987 1
221 1403 1
221 666 1
188 1751 1
671 1751 1
652 1404 1
989 1398 1
957 974 1
662 2072 1
627 963 1
627 973 1
651 2234 1
651 961 1
162 651 1
651 956 1
651 1741 1
625 976 1
193 625 1
187 2086 1
222 2086 1
648 2230 1
149 2230 1
640 648 1
648 2224 1
648 966 1
648 2089 1
624 648 1
2082 2231 1
669 1012 1
197 669 1
993 1747 1
665 1747 1
2221 2229 1
215 636 1
974 1751 1
957 1751 1
188 974 1
671 974 1
616 2091 1
616 1752 1
616 1395 1
220 620 1
186 971 1
971 2235 1
190 1732 1
637 1732 1
251 384 1
286 2196 1
258 1024 1
304 2193 1
1051 2213 1
363 1033 1
281 324 1
1014 2200 1
310 329 1
236 1018 1
287 1034 1
283 331 1
683 1063 1
340 1438 1
1033 2094 1
363 2094 1
248 1764 1
323 378 1
304 2212 1
2193 2212 1
679 1411 1
1434 2200 1
1014 1434 1
692 1069 1
245 1058 1
361 673 1
702 1057 1
350 1413 1
680 1773 1
347 2193 1
304 347 1
347 2212 1
325 1056 1
285 360 1
343 2094 1
343 1033 1
343 363 1
291 684 1
233 1434 1
233 2200 1
233 1014 1
337 683 1
337 1063 1
244 304 1
244 2193 1
244 347 1
244 2212 1
354 1065 1
321 329 1
310 321 1
1022 2207 1
282 693 1
241 2203 1
675 1019 1
1047 1425 1
323 2199 1
378 2199 1
1037 1058 1
245 1037 1
341 2096 1
290 1768 1
328 677 1
296 324 1
281 296 1
687 1069 1
687 692 1
319 695 1
237 292 1
288 1055 1
308 369 1
267 1041 1
1049 1056 1
325 1049 1
333 689 1
289 674 1
297 1420 1
347 1765 1
304 1765 1
1765 2193 1
1765 2212 1
244 1765 1
298 363 1
298 1033 1
298 2094 1
298 343 1
260 677 1
260 328 1
1021 1032 1
256 1038 1
264 1032 1
264 1021 1
676 685 1
313 1038 1
256 313 1
273 1407 1
310 369 1
329 369 1
321 369 1
308 310 1
343 1438 1
1033 1438 1
298 1438 1
363 1438 1
1438 2094 1
340 343 1
306 328 1
260 306 1
306 677 1
353 695 1
319 353 1
316 360 1
285 316 1
284 1027 1
393 2205 1
355 687 1
355 692 1
355 1069 1
234 1766 1
354 358 1
358 1065 1
234 702 1
702 1766 1
234 1057 1
287 352 1
352 1034 1
1055 1056 1
288 1056 1
1049 1055 1
325 1055 1
354 677 1
677 1065 1
358 677 1
260 354 1
328 354 1
306 354 1
297 688 1
688 1420 1
247 1028 1
363 692 1
692 1033 1
298 692 1
692 2094 1
343 692 1
692 1438 1
355 363 1
363 1069 1
363 687 1
2201 2218 1
691 2203 1
241 691 1
345 2197 1
242 687 1
242 363 1
242 355 1
242 692 1
242 1069 1
289 1023 1
674 1023 1
247 701 1
701 1028 1
318 321 1
318 329 1
310 318 1
318 369 1
257 1063 1
257 337 1
257 683 1
1280 2189 1
450 1525 1
705 1487 1
419 1446 1
401 1251 1
1266 1448 1
402 1287 1
428 1553 1
2183 2184 1
423 1275 1
448 1537 1
473 1504 1
703 2164 1
1266 1515 1
1448 1515 1
1465 1560 1
1469 1500 1
454 1509 1
460 1526 1
1440 1562 1
1276 1520 1
703 1285 1
1285 2164 1
405 422 1
1273 1445 1
474 1258 1
417 1280 1
417 2189 1
1470 2175 1
485 489 1
409 1279 1
456 1555 1
431 1540 1
452 462 1
1444 2169 1
464 2162 1
1459 1504 1
473 1459 1
407 443 1
1471 1521 1
479 1246 1
1477 1535 1
1474 1497 1
468 1522 1
1509 1535 1
454 1535 1
1477 1509 1
458 1557 1
424 1476 1
468 1468 1
1468 1522 1
1448 1555 1
1266 1555 1
1515 1555 1
456 1448 1
1517 2163 1
1483 1560 1
1465 1483 1
1281 1492 1
1509 1580 1
1477 1580 1
454 1580 1
1535 1580 1
1552 1575 1
1509 1568 1
1568 1580 1
1477 1568 1
454 1568 1
1535 1568 1
1265 1578 1
1246 1252 1
479 1252 1
1251 1505 1
401 1505 1
1539 1559 1
401 1256 1
1256 1505 1
1251 1256 1
413 1576 1
463 1257 1
449 1281 1
449 1492 1
442 1280 1
417 442 1
442 2189 1
1506 2170 1
447 1551 1
1485 1538 1
1280 1492 1
417 1492 1
442 1492 1
1492 2189 1
1280 1281 1
449 1280 1
1450 1497 1
1450 1474 1
1465 1540 1
1540 1560 1
1483 1540 1
431 1465 1
703 1459 1
1459 2164 1
1285 1459 1
703 1504 1
473 703 1
1254 1475 1
431 1458 1
1458 1465 1
1458 1540 1
1475 1516 1
1254 1516 1
1518 1531 1
1507 1568 1
1507 1509 1
454 1507 1
1477 1507 1
1507 1580 1
1507 1535 1
1290 1476 1
424 1290 1
703 1531 1
1504 1531 1
1285 1531 1
1459 1531 1
1531 2164 1
473 1531 1
703 1518 1
1470 1573 1
1573 2175 1
403 1498 1
1565 1574 1
1275 1549 1
423 1549 1
2174 2189 1
1280 2174 1
417 2174 1
442 2174 1
1492 2174 1
401 469 1
469 1256 1
469 1505 1
469 1251 1
478 2165 1
493 1560 1
493 1465 1
493 1483 1
493 1540 1
2172 2181 1
404 424 1
404 1290 1
404 1476 1
401 1248 1
1248 1256 1
1248 1505 1
1248 1251 1
469 1248 1
470 491 1
1462 1585 1
438 1559 1
438 1539 1
1537 2183 1
448 2183 1
1537 2184 1
471 1504 1
471 473 1
471 1459 1
471 1531 1
471 703 1
711 1946 1
507 744 1
530 1591 1
740 1972 1
1917 1936 1
757 1914 1
715 1922 1
748 2146 1
1604 1961 1
1328 1619 1
746 1965 1
499 730 1
720 1943 1
543 1296 1
1599 2157 1
717 1602 1
748 1954 1
1954 2146 1
498 1968 1
761 1909 1
1301 1910 1
729 1309 1
731 746 1
731 1965 1
1642 1953 1
496 1608 1
547 1923 1
1934 1954 1
1934 2146 1
748 1934 1
1605 1973 1
734 738 1
1604 2144 1
1961 2144 1
1911 1922 1
715 1911 1
737 2134 1
1965 2156 1
746 2156 1
731 2156 1
1326 2131 1
523 1332 1
548 1626 1
744 1611 1
507 1611 1
717 745 1
745 1602 1
1633 1968 1
498 1633 1
495 714 1
1634 1930 1
718 1302 1
548 1948 1
1626 1948 1
1911 1919 1
1919 1922 1
715 1919 1
1949 2142 1
515 1950 1
1308 1596 1
1906 1969 1
733 2140 1
1615 1947 1
711 2147 1
1946 2147 1
524 526 1
754 1941 1
1598 1930 1
1598 1634 1
1932 2154 1
1616 2142 1
1616 1949 1
732 1601 1
723 1626 1
723 1948 1
548 723 1
503 1319 1
1909 2153 1
761 2153 1
1588 2131 1
1326 1588 1
507 2133 1
744 2133 1
1611 2133 1
495 747 1
714 747 1
553 718 1
553 1302 1
748 1627 1
1627 2146 1
1627 1954 1
1627 1934 1
721 1911 1
721 1922 1
715 721 1
721 1919 1
706 2142 1
706 1616 1
706 1949 1
494 1938 1
2149 2149 1
537 1981 1
497 1620 1
1312 1635 1
738 1966 1
734 1966 1
1638 1939 1
1628 1629 1
760 2133 1
744 760 1
760 1611 1
507 760 1
1930 1933 1
1634 1933 1
1598 1933 1
510 1948 1
510 1626 1
510 723 1
510 548 1
1295 1955 1
535 1590 1
1308 1316 1
1316 1596 1
1599 2154 1
2154 2157 1
1599 1932 1
1638 2133 1
1939 2133 1
744 1638 1
1611 1638 1
760 1638 1
507 1638 1
723 736 1
548 736 1
736 1626 1
736 1948 1
510 736 1
1635 1912 1
1312 1912 1
728 1292 1
505 1632 1
1613 1928 1
544 550 1
1627 2132 1
2132 2146 1
748 2132 1
1954 2132 1
1934 2132 1
1955 2134 1
1295 2134 1
737 1955 1
519 2133 1
519 1638 1
519 744 1
519 1611 1
519 1939 1
519 760 1
507 519 1
502 1596 1
502 1316 1
502 1308 1
523 535 1
535 1332 1
523 1590 1
1910 1916 1
1301 1916 1
1108 1783 1
1145 1778 1
1220 2101 1
1833 2127 1
1189 1195 1
1807 1886 1
1120 1139 1
1202 1839 1
1104 1165 1
1774 2123 1
1071 1879 1
1147 1236 1
1075 1214 1
1215 1812 1
1114 1141 1
1202 1209 1
1209 1839 1
1787 1892 1
1213 1783 1
1108 1213 1
1861 1876 1
1150 1189 1
1150 1195 1
1111 1881 1
1120 1813 1
1139 1813 1
1815 1817 1
1784 1877 1
1132 1183 1
1118 1207 1
1140 1872 1
1183 1774 1
1132 1774 1
1183 2123 1
1140 2105 1
1872 2105 1
1171 1774 1
1171 2123 1
1132 1171 1
1171 1183 1
1808 1863 1
1188 1892 1
1188 1787 1
1877 1894 1
1784 1894 1
1212 1858 1
1791 2112 1
1105 1842 1
1112 1151 1
1080 1081 1
1212 1899 1
1858 1899 1
1160 1849 1
1155 1790 1
1202 1798 1
1209 1798 1
1798 1839 1
1100 1181 1
1849 1875 1
1160 1875 1
1157 2116 1
1179 1183 1
1179 2123 1
1132 1179 1
1179 1774 1
1171 1179 1
1823 1848 1
1093 1096 1
1814 1847 1
1203 2118 1
1087 1788 1
1077 1188 1
1077 1787 1
1077 1892 1
1131 1774 1
1131 2123 1
1131 1132 1
1131 1171 1
1131 1179 1
1131 1183 1
1142 1861 1
1142 1876 1
1120 1880 1
1139 1880 1
1813 1880 1
1088 1166 1
1189 1237 1
1195 1237 1
1150 1237 1
1121 1217 1
1806 2123 1
1131 1806 1
1171 1806 1
1774 1806 1
1179 1806 1
1183 1806 1
1150 1206 1
1195 1206 1
1189 1206 1
1206 1237 1
1089 1846 1
1197 1810 1
1151 1782 1
1112 1782 1
1775 1835 1
1149 1848 1
1149 1823 1
1823 1899 1
1848 1899 1
1149 1899 1
1823 1858 1
1212 1823 1
1802 2106 1
1158 1844 1
1076 1818 1
1098 1820 1
1075 1854 1
1214 1854 1
2111 2127 1
1833 2111 1
1815 1855 1
1817 1855 1
1227 1834 1
1193 1896 1
1807 1855 1
1855 1886 1
1807 1817 1
1807 1815 1
1154 1778 1
1145 1154 1
1090 1817 1
1090 1807 1
1090 1855 1
1090 1815 1
1803 2120 1
1089 1159 1
1159 1846 1
1148 2114 1
1200 2125 1
1781 2123 1
1131 1781 1
1781 1806 1
1171 1781 1
1774 1781 1
1179 1781 1
1183 1781 1
2121 2127 1
1833 2121 1
2111 2121 1
1102 1881 1
1102 1111 1
1163 2117 1
1128 2109 1
1079 1901 1
1216 1233 1
1868 1878 1
1781 1852 1
1852 2123 1
1131 1852 1
1774 1852 1
1171 1852 1
1806 1852 1
1179 1852 1
1183 1852 1
1118 1882 1
1207 1882 1
78 360 -1
78 316 -1
78 285 -1
974 1423 -1
671 1423 -1
188 1423 -1
957 1423 -1
1423 1751 -1
314 1728 -1
314 840 -1
314 1715 -1
1383 1897 -1
1706 1771 -1
872 1771 -1
72 360 -1
106 360 -1
360 2260 -1
360 2069 -1
360 2265 -1
360 2267 -1
360 2044 -1
72 316 -1
72 285 -1
1070 1534 -1
1418 1731 -1
1418 2080 -1
242 1750 -1
355 1750 -1
363 1750 -1
692 1750 -1
1069 1750 -1
687 1750 -1
381 642 -1
439 1744 -1
439 1758 -1
1506 1996 -1
1996 2170 -1
192 1278 -1
705 1413 -1
1413 1487 -1
350 705 -1
2074 2127 -1
1833 2074 -1
2074 2121 -1
2074 2111 -1
1002 1875 -1
217 1875 -1
1002 1160 -1
1002 1849 -1
994 1584 -1
1030 1465 -1
1030 1540 -1
1030 1483 -1
493 1030 -1
431 1030 -1
1030 1458 -1
1030 1560 -1
1793 2228 -1
1793 2224 -1
640 1793 -1
205 1793 -1
1111 2216 -1
1881 2216 -1
1102 2216 -1
242 623 -1
355 623 -1
363 623 -1
623 692 -1
623 1069 -1
623 687 -1
450 2083 -1
1525 2083 -1
450 641 -1
274 862 -1
1007 1434 -1
1007 2200 -1
233 1007 -1
1007 1014 -1
422 1407 -1
405 1407 -1
273 422 -1
1011 1289 -1
625 699 -1
699 976 -1
193 699 -1
389 819 -1
1282 2245 -1
615 1228 -1
183 1228 -1
106 1433 -1
72 1433 -1
1433 2044 -1
1433 2260 -1
1433 2069 -1
1403 1900 -1
666 1900 -1
221 1900 -1
259 638 -1
451 2249 -1
173 451 -1
1399 1461 -1
1026 1711 -1
816 1026 -1
1026 2268 -1
148 395 -1
283 1227 -1
331 1227 -1
283 1834 -1
1802 2090 -1
2090 2106 -1
979 1802 -1
988 1476 -1
986 1476 -1
424 988 -1
988 1290 -1
404 988 -1
174 1254 -1
174 1475 -1
174 1516 -1
1272 1742 -1
954 2169 -1
954 1444 -1
982 1415 -1
1413 1739 -1
350 1739 -1
229 2094 -1
229 1033 -1
229 298 -1
229 363 -1
229 692 -1
229 343 -1
229 1438 -1
983 2122 -1
625 1222 -1
976 1222 -1
193 1222 -1
991 1580 -1
991 1568 -1
991 1507 -1
991 1509 -1
454 991 -1
991 1477 -1
991 1535 -1
480 990 -1
636 1420 -1
215 1420 -1
636 688 -1
297 636 -1
1189 1426 -1
1195 1426 -1
1237 1426 -1
1150 1426 -1
1206 1426 -1
2011 2031 -1
133 2011 -1
893 2011 -1
1051 1717 -1
1717 2213 -1
1386 2167 -1
2196 2262 -1
286 2262 -1
2196 2274 -1
693 978 -1
282 978 -1
414 1379 -1
182 414 -1
651 1508 -1
961 1508 -1
1508 2234 -1
956 1508 -1
162 1508 -1
1508 1741 -1
389 2277 -1
122 389 -1
111 389 -1
156 1260 -1
1279 1742 -1
409 1742 -1
623 1422 -1
1459 1875 -1
1504 1875 -1
1285 1875 -1
1875 2164 -1
471 1875 -1
473 1875 -1
1531 1875 -1
703 1875 -1
1160 1459 -1
1459 1849 -1
107 389 -1
434 1417 -1
627 2093 -1
963 2093 -1
973 2093 -1
451 1388 -1
986 2202 -1
988 2202 -1
995 1499 -1
298 1160 -1
1033 1160 -1
363 1160 -1
1160 2094 -1
692 1160 -1
343 1160 -1
1160 1438 -1
298 1849 -1
298 1875 -1
2073 2098 -1
1395 1474 -1
1474 1752 -1
616 1474 -1
1474 2091 -1
1395 1497 -1
1395 1450 -1
209 2216 -1
969 2216 -1
2076 2216 -1
1013 2216 -1
143 2216 -1
1383 2209 -1
185 401 -1
401 640 -1
401 2224 -1
401 966 -1
185 1256 -1
185 1505 -1
185 1251 -1
185 469 -1
185 1248 -1
1401 1874 -1
89 1018 -1
1018 2271 -1
89 236 -1
370 1150 -1
370 1195 -1
370 1189 -1
370 1206 -1
370 1237 -1
278 2225 -1
1401 1790 -1
1155 1401 -1
55 286 -1
286 2033 -1
286 2059 -1
286 2261 -1
70 286 -1
125 286 -1
55 2196 -1
250 404 -1
250 424 -1
250 1290 -1
250 1476 -1
1394 1897 -1
1737 1897 -1
1756 1897 -1
332 663 -1
896 1062 -1
1184 1412 -1
1896 2075 -1
1193 2075 -1
693 1864 -1
282 1864 -1
995 1555 -1
456 995 -1
995 1448 -1
995 1266 -1
995 1515 -1
1268 2224 -1
640 1268 -1
966 1268 -1
648 1268 -1
1268 2089 -1
205 1268 -1
143 1268 -1
624 1268 -1
1268 2228 -1
1013 1268 -1
1268 2230 -1
185 1268 -1
1005 1265 -1
1265 2227 -1
1005 1578 -1
972 1487 -1
705 972 -1
1388 1515 -1
1388 1448 -1
1266 1388 -1
1388 1555 -1
326 1228 -1
952 1081 -1
952 1080 -1
181 2097 -1
614 702 -1
614 1057 -1
234 614 -1
614 1766 -1
1164 1415 -1
1001 2202 -1
282 1171 -1
693 1171 -1
282 2123 -1
282 1131 -1
282 1132 -1
282 1774 -1
282 1781 -1
282 1806 -1
282 1179 -1
282 1852 -1
282 1183 -1
1737 2184 -1
1394 2184 -1
1756 2184 -1
1537 1737 -1
1737 2183 -1
853 1024 -1
258 853 -1
446 1397 -1
214 446 -1
2089 2095 -1
640 2095 -1
2095 2224 -1
966 2095 -1
648 2095 -1
143 2095 -1
624 2095 -1
1013 2095 -1
2095 2230 -1
152 1260 -1
493 2236 -1
1560 2236 -1
1465 2236 -1
1483 2236 -1
1540 2236 -1
78 286 -1
78 2196 -1
430 1012 -1
197 430 -1
430 669 -1
999 1430 -1
1430 2222 -1
969 1414 -1
209 1414 -1
1414 2076 -1
1013 1414 -1
143 1414 -1
185 466 -1
466 640 -1
466 2224 -1
466 966 -1
1284 2215 -1
1276 2234 -1
1520 2234 -1
961 1276 -1
162 1276 -1
651 1276 -1
956 1276 -1
1276 1741 -1
1758 2094 -1
1744 2094 -1
1033 1758 -1
298 1758 -1
363 1758 -1
692 1758 -1
343 1758 -1
1438 1758 -1
1404 1446 -1
652 1446 -1
419 1404 -1
625 1436 -1
976 1436 -1
193 1436 -1
342 430 -1
465 2223 -1
983 1790 -1
983 1155 -1
1011 1251 -1
1011 1256 -1
401 1011 -1
1011 1248 -1
469 1011 -1
1011 1505 -1
1464 1874 -1
1248 2248 -1
1256 2248 -1
401 2248 -1
1251 2248 -1
469 2248 -1
1505 2248 -1
205 1254 -1
1254 2224 -1
640 1254 -1
1254 2228 -1
205 1475 -1
205 1516 -1
141 401 -1
141 1256 -1
141 1505 -1
141 1251 -1
141 469 -1
141 1248 -1
1875 2088 -1
1160 2088 -1
1849 2088 -1
1419 2085 -1
1419 1759 -1
1390 1514 -1
1006 1431 -1
451 1397 -1
214 451 -1
1241 2081 -1
1241 1384 -1
1729 1768 -1
290 1729 -1
485 969 -1
489 969 -1
209 485 -1
485 2076 -1
485 1013 -1
143 485 -1
668 1508 -1
153 1508 -1
967 1550 -1
624 1485 -1
640 1485 -1
966 1485 -1
648 1485 -1
1485 2089 -1
143 1485 -1
1485 2224 -1
1013 1485 -1
1485 2230 -1
624 1538 -1
639 1243 -1
1243 1748 -1
938 1047 -1
100 1047 -1
1047 2253 -1
69 1047 -1
938 1425 -1
457 2205 -1
393 457 -1
265 705 -1
265 1487 -1
1996 2089 -1
640 1996 -1
1996 2224 -1
966 1996 -1
648 1996 -1
143 1996 -1
624 1996 -1
1013 1996 -1
1996 2230 -1
150 1855 -1
137 1855 -1
150 1817 -1
150 1090 -1
150 1807 -1
150 1886 -1
150 1815 -1
1431 1529 -1
2084 2126 -1
652 1434 -1
1404 1434 -1
652 2200 -1
233 652 -1
652 1014 -1
65 326 -1
444 2080 -1
444 1731 -1
392 2040 -1
392 2063 -1
1828 2074 -1
492 1420 -1
492 688 -1
297 492 -1
405 1416 -1
422 1416 -1
651 2167 -1
961 2167 -1
2167 2234 -1
956 2167 -1
162 2167 -1
1741 2167 -1
969 1431 -1
209 1431 -1
1431 2076 -1
1013 1431 -1
143 1431 -1
998 1248 -1
1248 1392 -1
201 1248 -1
178 1248 -1
1248 1757 -1
998 1256 -1
401 998 -1
998 1251 -1
469 998 -1
998 1505 -1
1828 2075 -1
1004 2096 -1
341 1004 -1
379 2056 -1
379 914 -1
970 1582 -1
1874 2095 -1
2182 2249 -1
173 2182 -1
1836 2093 -1
1408 1476 -1
424 1408 -1
1290 1408 -1
404 1408 -1
334 404 -1
334 424 -1
334 1290 -1
334 1476 -1
1408 1733 -1
1290 2080 -1
424 2080 -1
404 2080 -1
1476 2080 -1
1290 1731 -1
472 1394 -1
472 1737 -1
472 1756 -1
2011 2095 -1
1823 2084 -1
1848 2084 -1
1858 2084 -1
1899 2084 -1
1212 2084 -1
1149 2084 -1
1085 2231 -1
1085 2082 -1
54 360 -1
54 316 -1
54 285 -1
1401 1827 -1
1121 1436 -1
1217 1436 -1
1418 1735 -1
615 1164 -1
183 1164 -1
1013 1279 -1
640 1279 -1
1279 2224 -1
966 1279 -1
1279 2089 -1
143 1279 -1
624 1279 -1
209 1279 -1
969 1279 -1
1279 2076 -1
409 1013 -1
639 1264 -1
1264 1748 -1
625 1164 -1
976 1164 -1
193 1164 -1
352 1086 -1
1034 1086 -1
287 1086 -1
1403 1528 -1
666 1528 -1
221 1528 -1
1896 2074 -1
1193 2074 -1
622 684 -1
684 1761 -1
291 622 -1
446 1385 -1
283 1104 -1
331 1104 -1
283 1165 -1
639 1242 -1
1242 1748 -1
1383 1441 -1
704 1060 -1
1001 1420 -1
688 1001 -1
297 1001 -1
1892 2227 -1
1787 2227 -1
1188 2227 -1
1077 2227 -1
1005 1892 -1
1407 2186 -1
273 2186 -1
705 2204 -1
1487 2204 -1
1811 2098 -1
1245 2080 -1
1245 1731 -1
381 621 -1
124 324 -1
324 868 -1
124 296 -1
124 281 -1
993 1802 -1
665 1802 -1
1747 1802 -1
993 2106 -1
467 1827 -1
431 645 -1
645 1465 -1
645 1458 -1
645 1540 -1
2074 2093 -1
2084 2110 -1
65 699 -1
1897 2229 -1
1897 2221 -1
1802 2099 -1
2099 2106 -1
1051 1705 -1
1705 2213 -1
1051 2264 -1
216 1805 -1
1738 1805 -1
643 1805 -1
450 999 -1
999 1525 -1
450 2222 -1
207 1254 -1
207 1475 -1
207 1516 -1
124 344 -1
344 868 -1
431 2080 -1
1465 2080 -1
1458 2080 -1
1540 2080 -1
431 1731 -1
411 2089 -1
411 640 -1
411 2224 -1
411 966 -1
411 648 -1
143 411 -1
411 624 -1
411 1013 -1
411 2230 -1
1506 2089 -1
2089 2170 -1
640 1506 -1
1506 2224 -1
966 1506 -1
648 1506 -1
143 1506 -1
624 1506 -1
1013 1506 -1
1506 2230 -1
655 1785 -1
994 1535 -1
994 1568 -1
994 1507 -1
994 1477 -1
454 994 -1
994 1580 -1
994 1509 -1
1783 2084 -1
1108 2084 -1
1213 2084 -1
81 1021 -1
887 1021 -1
71 1021 -1
81 1032 -1
81 264 -1
981 2202 -1
51 326 -1
1005 1257 -1
1257 2227 -1
463 1005 -1
1432 2179 -1
431 2081 -1
1465 2081 -1
1458 2081 -1
1540 2081 -1
431 1384 -1
1262 1381 -1
451 1385 -1
2011 2168 -1
1259 2248 -1
967 1579 -1
472 1400 -1
283 2168 -1
331 2168 -1
1229 2205 -1
393 1229 -1
1822 2077 -1
655 2181 -1
655 2172 -1
1269 2224 -1
640 1269 -1
966 1269 -1
648 1269 -1
1269 2089 -1
205 1269 -1
143 1269 -1
624 1269 -1
1269 2228 -1
1013 1269 -1
1269 2230 -1
185 1269 -1
1081 1426 -1
1080 1426 -1
381 663 -1
627 2209 -1
963 2209 -1
973 2209 -1
450 1012 -1
1012 1525 -1
197 450 -1
450 669 -1
1389 1582 -1
240 621 -1
241 1234 -1
1234 2203 -1
691 1234 -1
283 985 -1
331 985 -1
313 1285 -1
256 1285 -1
1038 1285 -1
313 1459 -1
313 2164 -1
313 1531 -1
313 703 -1
407 1379 -1
443 1379 -1
182 407 -1
1492 2249 -1
1280 2249 -1
1281 2249 -1
417 2249 -1
2189 2249 -1
449 2249 -1
442 2249 -1
2174 2249 -1
173 1492 -1
147 1288 -1
615 1091 -1
183 1091 -1
1882 2238 -1
1118 2238 -1
1207 2238 -1
181 2209 -1
1386 1472 -1
472 1389 -1
380 923 -1
342 969 -1
209 342 -1
342 2076 -1
342 1013 -1
143 342 -1
1021 1455 -1
1032 1455 -1
264 1455 -1
1244 2248 -1
118 254 -1
1263 1381 -1
655 1264 -1
466 2235 -1
186 466 -1
466 971 -1
1005 1276 -1
1276 2227 -1
1005 1520 -1
996 1244 -1
456 988 -1
988 1448 -1
988 1555 -1
456 986 -1
1476 1732 -1
424 1732 -1
1290 1732 -1
404 1732 -1
637 1476 -1
190 1476 -1
395 2235 -1
186 395 -1
395 971 -1
274 884 -1
274 2254 -1
274 918 -1
476 1405 -1
89 336 -1
336 2271 -1
1400 1827 -1
237 2242 -1
292 2242 -1
1023 1285 -1
289 1285 -1
674 1285 -1
1023 1459 -1
1023 2164 -1
1023 1531 -1
703 1023 -1
963 2193 -1
627 2193 -1
973 2193 -1
304 963 -1
244 963 -1
347 963 -1
963 2212 -1
963 1765 -1
1010 1487 -1
705 1010 -1
979 1577 -1
1577 2090 -1
1388 1502 -1
219 1272 -1
1438 1721 -1
1033 1721 -1
298 1721 -1
363 1721 -1
1721 2094 -1
340 1721 -1
343 1721 -1
692 1721 -1
995 1507 -1
995 1568 -1
995 1509 -1
454 995 -1
995 1477 -1
995 1580 -1
995 1535 -1
378 1482 -1
323 1482 -1
1482 2199 -1
2073 2097 -1
317 1012 -1
197 317 -1
317 669 -1
286 2278 -1
2196 2278 -1
286 1703 -1
1401 1462 -1
1401 1585 -1
203 466 -1
1464 2088 -1
1382 1582 -1
668 1578 -1
153 1578 -1
668 1265 -1
449 1019 -1
1019 1280 -1
1019 1281 -1
1019 1492 -1
449 675 -1
461 1399 -1
1252 2248 -1
1246 2248 -1
479 2248 -1
287 1189 -1
352 1189 -1
1034 1189 -1
287 1195 -1
287 1237 -1
287 1150 -1
287 1206 -1
700 1153 -1
668 1558 -1
153 1558 -1
389 944 -1
1530 2087 -1
2011 2173 -1
1437 1751 -1
188 1437 -1
957 1437 -1
974 1437 -1
671 1437 -1
982 1099 -1
292 1724 -1
237 1724 -1
1500 2099 -1
1469 2099 -1
327 1728 -1
327 840 -1
327 1715 -1
292 1720 -1
237 1720 -1
1254 2246 -1
1475 2246 -1
1516 2246 -1
1396 1434 -1
1396 2200 -1
233 1396 -1
1014 1396 -1
148 466 -1
967 1450 -1
967 1497 -1
967 1474 -1
66 2216 -1
1004 1141 -1
1004 1114 -1
186 1260 -1
1260 2235 -1
971 1260 -1
434 2011 -1
422 975 -1
405 975 -1
983 1564 -1
326 982 -1
405 999 -1
422 999 -1
405 2222 -1
1481 2236 -1
1584 2228 -1
1584 2224 -1
640 1584 -1
205 1584 -1
124 326 -1
326 868 -1
241 1121 -1
1121 2203 -1
691 1121 -1
241 1217 -1
628 1558 -1
163 1558 -1
55 331 -1
331 2033 -1
331 2059 -1
331 2261 -1
70 331 -1
125 331 -1
55 283 -1
199 1262 -1
345 2225 -1
2197 2225 -1
78 375 -1
386 1159 -1
386 1089 -1
386 1846 -1
2094 2238 -1
1033 2238 -1
298 2238 -1
363 2238 -1
692 2238 -1
343 2238 -1
1438 2238 -1
923 2009 -1
786 923 -1
812 923 -1
213 466 -1
317 2240 -1
1245 2087 -1
1409 1743 -1
1491 2089 -1
640 1491 -1
1491 2224 -1
966 1491 -1
648 1491 -1
143 1491 -1
624 1491 -1
1013 1491 -1
1491 2230 -1
1189 2205 -1
1195 2205 -1
1237 2205 -1
1150 2205 -1
1206 2205 -1
393 1189 -1
635 1279 -1
409 635 -1
974 2202 -1
671 2202 -1
188 2202 -1
957 2202 -1
1751 2202 -1
467 2122 -1
2097 2232 -1
1457 2080 -1
1457 1731 -1
618 684 -1
667 684 -1
291 618 -1
986 1436 -1
988 1436 -1
317 969 -1
209 317 -1
317 2076 -1
317 1013 -1
143 317 -1
458 1403 -1
1403 1557 -1
458 666 -1
221 458 -1
472 1382 -1
409 2205 -1
1279 2205 -1
393 409 -1
650 1271 -1
153 1826 -1
668 1826 -1
1892 2094 -1
1787 2094 -1
1188 2094 -1
1077 2094 -1
1033 1892 -1
298 1892 -1
363 1892 -1
692 1892 -1
343 1892 -1
1438 1892 -1
990 2182 -1
480 1403 -1
480 666 -1
221 480 -1
1385 2182 -1
1009 1276 -1
1009 1520 -1
998 1269 -1
1269 1392 -1
201 1269 -1
178 1269 -1
1269 1757 -1
357 402 -1
357 1287 -1
1403 1494 -1
666 1494 -1
221 1494 -1
1862 2074 -1
332 636 -1
215 332 -1
141 466 -1
993 2097 -1
665 2097 -1
1747 2097 -1
971 1431 -1
186 1431 -1
1431 2235 -1
1242 2086 -1
187 1242 -1
222 1242 -1
430 961 -1
162 430 -1
430 651 -1
430 1741 -1
430 2234 -1
986 1422 -1
988 1422 -1
990 1487 -1
705 990 -1
370 1170 -1
705 1730 -1
1487 1730 -1
444 2087 -1
1009 1265 -1
1009 1578 -1
270 2242 -1
997 1544 -1
172 1266 -1
1266 1754 -1
172 1448 -1
172 1555 -1
172 1515 -1
254 2266 -1
254 865 -1
254 2050 -1
254 2279 -1
254 844 -1
254 1709 -1
113 254 -1
1402 1827 -1
996 1287 -1
402 996 -1
334 1482 -1
982 1234 -1
1427 1746 -1
307 862 -1
1388 1488 -1
1406 1451 -1
956 1108 -1
162 1108 -1
651 1108 -1
1108 1741 -1
1108 2234 -1
956 1213 -1
956 1783 -1
1021 1534 -1
1032 1534 -1
264 1534 -1
237 621 -1
292 621 -1
650 1242 -1
1031 1722 -1
185 411 -1
458 1398 -1
1398 1557 -1
458 989 -1
181 1878 -1
181 1868 -1
242 637 -1
355 637 -1
363 637 -1
637 692 -1
637 1069 -1
637 687 -1
242 1732 -1
190 242 -1
1498 2089 -1
403 2089 -1
640 1498 -1
1498 2224 -1
966 1498 -1
648 1498 -1
143 1498 -1
624 1498 -1
1013 1498 -1
1498 2230 -1
469 963 -1
963 1256 -1
401 963 -1
963 1251 -1
963 1248 -1
963 1505 -1
469 627 -1
469 973 -1
955 2009 -1
786 955 -1
812 955 -1
1397 1528 -1
214 1528 -1
968 1574 -1
968 1565 -1
1222 1436 -1
965 1277 -1
1394 2095 -1
1737 2095 -1
1756 2095 -1
432 2088 -1
621 2208 -1
1013 1244 -1
640 1244 -1
1244 2224 -1
966 1244 -1
1244 2089 -1
143 1244 -1
624 1244 -1
209 1244 -1
969 1244 -1
1244 2076 -1
925 1062 -1
1716 1768 -1
290 1716 -1
392 2064 -1
97 392 -1
1819 2084 -1
1432 2083 -1
641 1432 -1
409 2096 -1
1279 2096 -1
341 409 -1
467 983 -1
