780 1368 1
796 1365 1
36 2028 1
564 2300 1
18 2302 1
1675 1695 1
1653 1680 1
556 1341 1
39 1687 1
600 1676 1
18 1681 1
1681 2302 1
1371 2027 1
1355 1699 1
792 1646 1
812 1364 1
577 2013 1
1659 1697 1
604 789 1
6 1343 1
21 776 1
26 780 1
26 1368 1
4 2029 1
33 796 1
33 1365 1
1352 1669 1
46 1989 1
591 1996 1
45 565 1
800 1694 1
1345 1686 1
778 1369 1
803 2286 1
589 603 1
31 1662 1
572 810 1
794 2302 1
794 1681 1
18 794 1
1350 1672 1
17 803 1
17 2286 1
13 1351 1
1 30 1
1363 1997 1
2 1340 1
606 2028 1
36 606 1
6 563 1
563 1343 1
792 1654 1
1646 1654 1
1358 1371 1
1358 2027 1
793 1685 1
606 1348 1
36 1348 1
1348 2028 1
28 1357 1
2018 2280 1
795 2303 1
589 2308 1
603 2308 1
1679 2303 1
795 1679 1
598 1675 1
598 1695 1
32 2013 1
32 577 1
1339 1658 1
2285 2301 1
5 1353 1
586 1375 1
556 767 1
767 1341 1
791 1336 1
1342 2005 1
1658 1985 1
1339 1985 1
573 2016 1
597 2013 1
32 597 1
577 597 1
858 886 1
2061 2066 1
950 2039 1
841 917 1
860 947 1
123 856 1
104 123 1
104 856 1
125 131 1
814 898 1
836 1714 1
87 116 1
52 2068 1
81 915 1
101 115 1
828 849 1
52 2054 1
2054 2068 1
68 925 1
2042 2054 1
2042 2068 1
52 2042 1
58 2071 1
95 2035 1
2054 2064 1
2064 2068 1
2042 2064 1
52 2064 1
817 822 1
64 75 1
118 125 1
118 131 1
851 1722 1
915 2254 1
81 2254 1
102 883 1
888 929 1
62 2056 1
1715 2042 1
1715 2064 1
52 1715 1
1715 2068 1
1715 2054 1
69 849 1
69 828 1
866 903 1
58 113 1
113 2071 1
849 2040 1
828 2040 1
69 2040 1
849 934 1
934 2040 1
828 934 1
69 934 1
67 914 1
120 933 1
132 2271 1
825 1712 1
124 900 1
905 1719 1
829 897 1
109 2053 1
92 130 1
813 1706 1
2063 2253 1
69 1726 1
1726 2040 1
849 1726 1
828 1726 1
934 1726 1
846 850 1
889 2062 1
825 870 1
870 1712 1
817 868 1
822 868 1
107 2069 1
921 1727 1
48 101 1
48 115 1
87 891 1
116 891 1
159 192 1
180 1384 1
171 210 1
151 652 1
2080 2245 1
2231 2239 1
147 1745 1
193 968 1
966 1007 1
146 972 1
1388 1733 1
617 962 1
611 979 1
958 1758 1
224 1752 1
165 987 1
633 1405 1
1752 2243 1
224 2243 1
138 656 1
230 619 1
617 651 1
651 962 1
657 962 1
617 657 1
651 657 1
671 1012 1
174 223 1
223 2247 1
174 2247 1
170 655 1
655 1007 1
170 1007 1
655 966 1
195 2222 1
641 652 1
151 641 1
225 638 1
140 1379 1
173 1010 1
624 998 1
203 971 1
171 637 1
210 637 1
221 979 1
221 611 1
991 1399 1
640 1749 1
643 1386 1
645 661 1
668 2074 1
966 1001 1
655 1001 1
1001 1007 1
1732 1754 1
175 1005 1
158 613 1
140 142 1
142 1379 1
193 1383 1
968 1383 1
621 2087 1
228 2224 1
169 201 1
157 977 1
988 1753 1
643 1006 1
1006 1386 1
205 2083 1
644 2249 1
228 627 1
627 2224 1
1382 2247 1
174 1382 1
223 1382 1
664 974 1
973 2226 1
970 1382 1
223 970 1
174 970 1
970 2247 1
209 645 1
209 661 1
245 1058 1
367 692 1
266 291 1
345 1057 1
264 676 1
299 1418 1
379 389 1
672 692 1
367 672 1
1054 2201 1
253 337 1
388 1410 1
288 1036 1
699 1053 1
2195 2206 1
2095 2218 1
251 1433 1
297 1047 1
387 2207 1
305 1766 1
327 2211 1
676 1771 1
264 1771 1
280 295 1
300 1058 1
245 300 1
309 310 1
673 684 1
359 1771 1
264 359 1
359 676 1
245 2096 1
1058 2096 1
300 2096 1
296 1045 1
295 674 1
280 674 1
362 377 1
274 2190 1
259 683 1
233 299 1
233 1418 1
261 350 1
1029 2204 1
328 688 1
236 1016 1
316 1025 1
685 685 1
360 676 1
264 360 1
360 1771 1
359 360 1
360 1411 1
264 1411 1
1411 1771 1
676 1411 1
359 1411 1
682 2096 1
682 1058 1
300 682 1
245 682 1
244 314 1
233 368 1
368 1418 1
299 368 1
694 1767 1
251 1059 1
1059 1433 1
238 389 1
238 379 1
356 383 1
1064 1069 1
264 304 1
304 1411 1
304 676 1
304 359 1
304 360 1
304 1771 1
281 1043 1
372 2218 1
372 2095 1
693 1423 1
483 491 1
1284 1449 1
447 1518 1
1550 1552 1
426 1547 1
1242 1265 1
418 489 1
1285 1581 1
486 1283 1
1448 1470 1
427 436 1
1274 1460 1
1492 1582 1
2167 2170 1
1451 1473 1
1289 1493 1
1244 1256 1
1494 2179 1
424 1286 1
414 435 1
1463 2178 1
1245 1541 1
465 2164 1
475 1545 1
1254 1524 1
1453 1454 1
399 1483 1
475 1544 1
1544 1545 1
487 1504 1
431 1267 1
1485 1526 1
405 1551 1
486 1464 1
1283 1464 1
435 1479 1
414 1479 1
449 1517 1
416 459 1
1248 2187 1
472 1444 1
1445 1528 1
473 1262 1
449 451 1
451 1517 1
1549 1562 1
1541 1544 1
1245 1544 1
1541 1545 1
475 1541 1
1469 1512 1
444 1450 1
397 2163 1
413 483 1
413 491 1
1441 1514 1
457 1471 1
480 1473 1
480 1451 1
1242 1576 1
1265 1576 1
407 471 1
435 1585 1
414 1585 1
1479 1585 1
1569 2162 1
435 1565 1
1565 1585 1
414 1565 1
1479 1565 1
1270 1277 1
403 464 1
1279 1544 1
1279 1545 1
475 1279 1
1279 1541 1
1245 1279 1
1258 1580 1
1567 1576 1
1265 1567 1
1242 1567 1
1575 2174 1
718 739 1
723 1906 1
1938 1965 1
706 1927 1
1599 1958 1
1329 2153 1
1319 1959 1
552 1640 1
539 549 1
1615 1908 1
532 2156 1
1330 1613 1
717 1325 1
524 749 1
529 1934 1
1302 2157 1
728 1621 1
540 1961 1
542 1905 1
706 1586 1
1586 1927 1
712 1970 1
760 1940 1
759 1973 1
762 1953 1
528 717 1
528 1325 1
552 736 1
736 1640 1
1611 1621 1
728 1611 1
713 1939 1
1601 2155 1
719 2130 1
755 757 1
1615 1928 1
1908 1928 1
721 1967 1
498 1604 1
509 729 1
548 1307 1
523 1637 1
1325 1915 1
528 1915 1
717 1915 1
1330 1603 1
1603 1613 1
501 724 1
548 1326 1
1307 1326 1
506 532 1
506 2156 1
1924 2144 1
1293 1600 1
1612 1911 1
553 1635 1
714 1291 1
539 543 1
543 549 1
1317 1643 1
1291 1944 1
714 1944 1
1628 1964 1
742 760 1
742 1940 1
546 1936 1
1975 2158 1
498 713 1
713 1604 1
498 1939 1
1588 1910 1
1323 1626 1
521 1909 1
1932 1952 1
509 542 1
542 729 1
509 1905 1
1915 2146 1
528 2146 1
1325 2146 1
717 2146 1
1642 2139 1
1122 1799 1
1190 2102 1
1149 1181 1
1136 1210 1
1074 1837 1
1113 2128 1
1801 1825 1
1132 2126 1
1780 1831 1
1108 1177 1
1900 2126 1
1132 1900 1
1073 1777 1
1151 1867 1
1071 1170 1
1071 1158 1
1158 1170 1
1087 2117 1
1110 1849 1
1232 1833 1
1890 1890 1
1831 1898 1
1780 1898 1
1887 2111 1
1792 1864 1
1168 1813 1
1118 1902 1
1121 1805 1
1847 1893 1
1835 1851 1
1153 1860 1
1889 2127 1
1121 2118 1
1805 2118 1
1127 1203 1
1080 1872 1
1153 1847 1
1847 1860 1
1153 1893 1
1875 1879 1
1214 1843 1
1093 1141 1
1075 1861 1
1111 1840 1
1858 2125 1
1100 1171 1
1109 1803 1
1811 1862 1
1121 1879 1
1805 1879 1
1879 2118 1
1121 1875 1
2108 2122 1
1779 1839 1
1797 2125 1
1797 1858 1
1209 1814 1
1089 1167 1
1097 1215 1
1140 1179 1
1095 1120 1
1777 1871 1
1073 1871 1
1792 1867 1
1864 1867 1
1151 1792 1
1134 1789 1
1095 1799 1
1120 1799 1
1095 1122 1
1212 1876 1
1187 1895 1
1220 1893 1
1153 1220 1
1220 1847 1
1877 2119 1
1820 1868 1
1232 1881 1
1833 1881 1
1811 2118 1
1862 2118 1
1121 1811 1
1805 1811 1
1811 1879 1
357 442 -1
237 625 -1
980 1414 -1
952 1229 -1
66 259 -1
66 683 -1
183 464 -1
183 403 -1
967 1549 -1
967 1562 -1
480 990 -1
990 1473 -1
990 1451 -1
271 402 -1
1289 2224 -1
1493 2224 -1
627 1289 -1
228 1289 -1
972 1507 -1
146 1507 -1
106 1433 -1
106 1059 -1
106 251 -1
990 2182 -1
1406 1573 -1
952 1215 -1
952 1097 -1
336 897 -1
336 829 -1
1021 1512 -1
1021 1469 -1
1003 1542 -1
1390 1521 -1
258 908 -1
1397 2187 -1
1248 1397 -1
1437 1746 -1
693 1840 -1
1423 1840 -1
693 1111 -1
693 1118 -1
1118 1423 -1
693 1902 -1
1395 1573 -1
2122 2228 -1
2108 2228 -1
199 1434 -1
181 1864 -1
181 1792 -1
181 1867 -1
272 1730 -1
185 483 -1
185 491 -1
185 413 -1
2078 2093 -1
2079 2095 -1
2079 2218 -1
372 2079 -1
1168 1431 -1
1431 1813 -1
968 1573 -1
193 1573 -1
1383 1573 -1
1388 1531 -1
1531 1733 -1
1397 1900 -1
1132 1397 -1
1397 2126 -1
1398 1802 -1
960 1407 -1
978 1540 -1
1874 2161 -1
1245 2086 -1
1544 2086 -1
1541 2086 -1
1279 2086 -1
1418 1746 -1
368 1746 -1
233 1746 -1
299 1746 -1
438 1379 -1
140 438 -1
142 438 -1
469 963 -1
1009 1286 -1
424 1009 -1
625 1152 -1
446 1397 -1
1847 2084 -1
1153 2084 -1
1860 2084 -1
1893 2084 -1
1220 2084 -1
615 1228 -1
2072 2181 -1
969 2193 -1
392 2060 -1
1403 2188 -1
448 1864 -1
448 1792 -1
448 1867 -1
1402 1802 -1
1007 1278 -1
1001 1278 -1
170 1278 -1
966 1278 -1
655 1278 -1
2196 2262 -1
469 1012 -1
469 671 -1
485 1233 -1
381 623 -1
282 1744 -1
625 1154 -1
1085 2231 -1
1085 2239 -1
972 1544 -1
146 1544 -1
972 1545 -1
972 1279 -1
475 972 -1
972 1541 -1
972 1245 -1
1002 2189 -1
131 286 -1
125 286 -1
118 286 -1
192 1266 -1
159 1266 -1
704 1438 -1
1019 2177 -1
438 1010 -1
173 438 -1
1002 1521 -1
226 464 -1
226 403 -1
952 1219 -1
268 1482 -1
2085 2097 -1
1459 1793 -1
1896 2098 -1
177 1270 -1
177 1277 -1
996 1283 -1
996 1464 -1
486 996 -1
990 1460 -1
990 1274 -1
1009 1265 -1
1009 1576 -1
1009 1242 -1
1009 1567 -1
141 483 -1
141 491 -1
141 413 -1
1005 1261 -1
175 1261 -1
1281 1434 -1
389 919 -1
379 919 -1
238 919 -1
451 1397 -1
449 1397 -1
1397 1517 -1
446 990 -1
226 1516 -1
1283 1742 -1
1464 1742 -1
486 1742 -1
1100 2168 -1
1171 2168 -1
426 1379 -1
1379 1547 -1
140 426 -1
142 426 -1
63 374 -1
401 2235 -1
1026 1717 -1
49 360 -1
49 1411 -1
49 676 -1
49 359 -1
49 264 -1
49 1771 -1
49 304 -1
181 464 -1
181 403 -1
403 1400 -1
464 1400 -1
983 1454 -1
983 1453 -1
166 1528 -1
166 1445 -1
438 1385 -1
919 1744 -1
458 1400 -1
855 1047 -1
297 855 -1
458 1398 -1
1802 2099 -1
270 614 -1
991 1284 -1
1284 1399 -1
991 1449 -1
1434 2090 -1
980 1408 -1
447 2082 -1
1518 2082 -1
465 2223 -1
2164 2223 -1
1241 2081 -1
1070 1534 -1
476 1379 -1
140 476 -1
142 476 -1
437 1407 -1
983 2161 -1
1288 2234 -1
976 1529 -1
938 1047 -1
297 938 -1
152 1260 -1
989 1582 -1
989 1492 -1
704 906 -1
1422 1747 -1
956 1229 -1
182 1260 -1
461 1399 -1
461 991 -1
824 1764 -1
989 1577 -1
243 402 -1
992 1529 -1
1386 2167 -1
643 2167 -1
1006 2167 -1
1386 2170 -1
118 1764 -1
131 1764 -1
125 1764 -1
624 1531 -1
998 1531 -1
380 703 -1
1013 1269 -1
1019 1482 -1
1019 1274 -1
1019 1460 -1
1005 1281 -1
175 1281 -1
1401 1464 -1
1283 1401 -1
486 1401 -1
492 977 -1
157 492 -1
974 1423 -1
664 1423 -1
693 974 -1
130 1030 -1
92 1030 -1
1399 1464 -1
991 1464 -1
1283 1399 -1
486 1399 -1
1242 2248 -1
1576 2248 -1
1265 2248 -1
1567 2248 -1
2088 2189 -1
1404 1483 -1
399 1404 -1
1418 2247 -1
368 2247 -1
233 2247 -1
299 2247 -1
970 1418 -1
1382 1418 -1
174 1418 -1
223 1418 -1
1026 1714 -1
836 1026 -1
996 1258 -1
996 1580 -1
999 1430 -1
631 2202 -1
1896 2209 -1
1403 2187 -1
1248 1403 -1
213 466 -1
54 375 -1
1264 2245 -1
1264 2080 -1
1388 1502 -1
1502 1733 -1
1003 1544 -1
1003 1545 -1
1003 1279 -1
475 1003 -1
1003 1541 -1
1003 1245 -1
492 1408 -1
1390 2189 -1
635 1279 -1
635 1544 -1
635 1545 -1
475 635 -1
635 1541 -1
635 1245 -1
283 985 -1
1389 1875 -1
1121 1389 -1
1389 1879 -1
2062 2208 -1
889 2208 -1
1003 1574 -1
964 1429 -1
2040 2208 -1
849 2208 -1
828 2208 -1
69 2208 -1
934 2208 -1
1726 2208 -1
964 1419 -1
405 985 -1
985 1551 -1
966 1431 -1
1001 1431 -1
655 1431 -1
1007 1431 -1
995 1566 -1
171 1288 -1
210 1288 -1
637 1288 -1
902 1047 -1
297 902 -1
126 331 -1
461 1383 -1
461 968 -1
193 461 -1
1389 1468 -1
1776 2084 -1
1429 2240 -1
132 1054 -1
1054 2271 -1
132 2201 -1
966 1529 -1
1001 1529 -1
655 1529 -1
1007 1529 -1
1388 1442 -1
1442 1733 -1
1285 2199 -1
1581 2199 -1
1823 2084 -1
241 1154 -1
467 2088 -1
422 975 -1
373 1274 -1
373 1460 -1
231 693 -1
231 1423 -1
456 975 -1
952 1181 -1
952 1149 -1
219 1262 -1
219 473 -1
203 411 -1
411 971 -1
983 1464 -1
983 1283 -1
486 983 -1
1747 2204 -1
1029 1747 -1
265 704 -1
332 614 -1
110 1415 -1
621 697 -1
697 2087 -1
473 2082 -1
1262 2082 -1
1005 1257 -1
175 1257 -1
1396 1441 -1
1396 1514 -1
971 1424 -1
203 1424 -1
421 2205 -1
991 1580 -1
1399 1580 -1
991 1258 -1
638 1270 -1
225 1270 -1
638 1277 -1
815 1047 -1
297 815 -1
985 1419 -1
1011 1246 -1
281 632 -1
632 1043 -1
868 1062 -1
817 1062 -1
822 1062 -1
1500 2093 -1
995 1503 -1
342 465 -1
342 2164 -1
455 2096 -1
455 1058 -1
300 455 -1
245 455 -1
455 682 -1
1716 2196 -1
283 485 -1
1021 1477 -1
1164 1436 -1
998 1242 -1
624 1242 -1
998 1576 -1
998 1265 -1
998 1567 -1
448 693 -1
448 1423 -1
995 1478 -1
1390 1574 -1
475 2236 -1
1544 2236 -1
1545 2236 -1
1541 2236 -1
1279 2236 -1
419 1407 -1
985 1432 -1
1401 1462 -1
402 1027 -1
380 868 -1
380 817 -1
380 822 -1
983 2173 -1
410 979 -1
410 611 -1
221 410 -1
1051 1705 -1
1382 1584 -1
970 1584 -1
223 1584 -1
174 1584 -1
1584 2247 -1
456 2240 -1
2011 2031 -1
429 1405 -1
429 633 -1
326 1134 -1
326 1789 -1
124 364 -1
364 900 -1
1454 2089 -1
1453 2089 -1
1013 1252 -1
313 1730 -1
1396 1528 -1
1396 1445 -1
837 1764 -1
492 957 -1
282 638 -1
225 282 -1
967 1554 -1
1897 2097 -1
270 2244 -1
209 259 -1
259 645 -1
259 661 -1
209 683 -1
1564 2122 -1
1564 2108 -1
332 621 -1
332 2087 -1
1551 2236 -1
405 2236 -1
1892 2094 -1
952 1109 -1
952 1803 -1
1154 1436 -1
451 1404 -1
449 1404 -1
1404 1517 -1
334 404 -1
400 2009 -1
980 2168 -1
1012 1432 -1
671 1432 -1
448 1878 -1
1403 1802 -1
444 1111 -1
1111 1450 -1
444 1840 -1
972 2171 -1
146 2171 -1
456 988 -1
456 1753 -1
616 1828 -1
985 2193 -1
1004 1229 -1
380 2270 -1
1418 1739 -1
368 1739 -1
233 1739 -1
299 1739 -1
996 1289 -1
996 1493 -1
982 1099 -1
645 1530 -1
209 1530 -1
661 1530 -1
1390 1573 -1
1431 2169 -1
1406 1514 -1
1406 1441 -1
1243 1742 -1
287 1177 -1
287 1108 -1
979 1514 -1
611 1514 -1
221 1514 -1
979 1441 -1
316 612 -1
612 1025 -1
967 1563 -1
963 2193 -1
1081 2096 -1
1058 1081 -1
300 1081 -1
245 1081 -1
682 1081 -1
1111 1744 -1
1744 1840 -1
982 1164 -1
282 1111 -1
282 1840 -1
1005 1246 -1
175 1246 -1
241 982 -1
425 975 -1
1002 1535 -1
458 1399 -1
458 991 -1
1464 1874 -1
1283 1874 -1
486 1874 -1
637 682 -1
210 682 -1
171 682 -1
637 2096 -1
637 1058 -1
300 637 -1
245 637 -1
1264 1742 -1
221 1281 -1
611 1281 -1
979 1281 -1
633 1279 -1
1279 1405 -1
633 1544 -1
633 1545 -1
475 633 -1
633 1541 -1
633 1245 -1
292 1717 -1
858 1047 -1
886 1047 -1
297 858 -1
624 1508 -1
998 1508 -1
342 404 -1
1556 1718 -1
2011 2054 -1
2011 2064 -1
2011 2068 -1
2011 2042 -1
1715 2011 -1
52 2011 -1
