1645 2009 1
1699 2028 1
26 2021 1
35 47 1
23 1663 1
0 560 1
1687 1986 1
558 1377 1
576 1991 1
589 594 1
2295 2304 1
791 1997 1
581 2027 1
811 2291 1
765 807 1
800 2284 1
1377 1656 1
558 1656 1
1352 1372 1
1339 1342 1
12 1365 1
595 793 1
1348 1361 1
580 793 1
580 595 1
763 2281 1
765 1350 1
807 1350 1
1699 2307 1
2028 2307 1
581 2281 1
2027 2281 1
581 763 1
1677 1687 1
1677 1986 1
775 2300 1
599 2304 1
599 2295 1
583 1339 1
583 1342 1
41 559 1
786 1678 1
555 2017 1
800 1990 1
1990 2284 1
774 2011 1
30 1348 1
30 1361 1
783 2296 1
29 568 1
29 1654 1
568 1654 1
1356 1677 1
1356 1986 1
1356 1687 1
578 807 1
578 765 1
578 1350 1
21 1343 1
600 1357 1
11 777 1
574 2284 1
574 800 1
574 1990 1
792 1343 1
21 792 1
15 573 1
4 1689 1
25 600 1
25 1357 1
787 1378 1
576 1375 1
1375 1991 1
775 2004 1
2004 2300 1
35 588 1
47 588 1
575 1985 1
774 2304 1
2011 2304 1
599 774 1
774 2295 1
2288 2299 1
1371 1645 1
1371 2009 1
588 2299 1
35 2299 1
47 2299 1
588 2288 1
767 2023 1
30 2309 1
1361 2309 1
1348 2309 1
608 1699 1
608 2307 1
608 2028 1
561 2293 1
18 610 1
33 2015 1
31 2027 1
31 2281 1
31 581 1
3 34 1
587 1662 1
566 583 1
566 1339 1
566 1342 1
1354 2299 1
1354 2288 1
35 1354 1
588 1354 1
47 1354 1
789 790 1
581 2014 1
31 2014 1
2014 2281 1
2014 2027 1
763 2014 1
43 587 1
43 1662 1
23 2293 1
1663 2293 1
23 561 1
590 2009 1
590 1371 1
590 1645 1
29 787 1
568 787 1
787 1654 1
29 1378 1
596 1373 1
798 1993 1
21 2004 1
792 2004 1
1343 2004 1
21 2300 1
21 775 1
795 2029 1
794 1340 1
607 2016 1
1365 1697 1
12 1697 1
27 1645 1
27 2009 1
27 1371 1
27 590 1
805 2296 1
783 805 1
35 597 1
597 1354 1
597 2299 1
588 597 1
47 597 1
1692 2287 1
1368 1675 1
564 782 1
610 1694 1
18 1694 1
800 801 1
801 2284 1
574 801 1
801 1990 1
1345 1652 1
2280 2290 1
557 810 1
915 949 1
110 2276 1
113 908 1
78 2071 1
77 112 1
897 2252 1
932 2041 1
844 2059 1
903 932 1
903 2041 1
864 926 1
70 124 1
86 103 1
52 2035 1
110 923 1
923 2276 1
833 2279 1
866 907 1
60 856 1
926 2060 1
864 2060 1
84 950 1
876 2030 1
60 2058 1
856 2058 1
69 2039 1
822 2055 1
125 886 1
61 101 1
78 832 1
832 2071 1
81 2030 1
81 876 1
79 2041 1
79 932 1
79 903 1
823 1722 1
95 865 1
928 2055 1
822 928 1
87 893 1
2043 2250 1
97 2042 1
1713 2270 1
122 2051 1
851 862 1
845 1712 1
134 2064 1
48 1715 1
129 130 1
859 2049 1
89 126 1
815 822 1
815 928 1
815 2055 1
923 925 1
925 2276 1
110 925 1
115 906 1
90 945 1
866 889 1
889 907 1
888 924 1
836 862 1
836 851 1
73 1721 1
104 1700 1
818 1725 1
878 1719 1
854 1721 1
73 854 1
839 876 1
81 839 1
839 2030 1
62 69 1
62 2039 1
1722 2265 1
823 2265 1
852 920 1
942 2049 1
859 942 1
913 1728 1
850 885 1
52 860 1
860 2035 1
829 861 1
893 911 1
87 911 1
1717 2067 1
78 826 1
826 832 1
826 2071 1
117 926 1
117 864 1
117 2060 1
890 2066 1
919 2255 1
825 894 1
946 2064 1
134 946 1
68 105 1
844 2252 1
2059 2252 1
844 897 1
135 913 1
135 1728 1
66 826 1
66 832 1
66 78 1
66 2071 1
2063 2268 1
866 2062 1
889 2062 1
907 2062 1
1728 2033 1
913 2033 1
135 2033 1
854 2269 1
1721 2269 1
73 2269 1
121 841 1
113 136 1
136 908 1
2041 2253 1
79 2253 1
932 2253 1
903 2253 1
111 2065 1
82 825 1
82 894 1
1719 2070 1
878 2070 1
112 873 1
77 873 1
1703 1716 1
840 875 1
61 103 1
101 103 1
61 86 1
817 882 1
855 914 1
878 918 1
918 2070 1
918 1719 1
122 920 1
920 2051 1
122 852 1
941 2273 1
65 2066 1
65 890 1
75 97 1
75 2042 1
889 2254 1
866 2254 1
907 2254 1
2062 2254 1
92 922 1
83 2266 1
866 2265 1
889 2265 1
907 2265 1
2254 2265 1
2062 2265 1
823 866 1
866 1722 1
166 634 1
185 1402 1
1383 2224 1
969 2240 1
220 2245 1
211 2087 1
169 975 1
144 1384 1
189 997 1
213 995 1
2223 2237 1
199 1396 1
977 2088 1
626 1746 1
225 1754 1
1736 1748 1
664 1406 1
643 992 1
1732 1752 1
629 630 1
165 664 1
165 1406 1
164 1010 1
211 2239 1
2087 2239 1
138 229 1
1399 2236 1
622 1400 1
219 998 1
977 1399 1
1399 2088 1
977 2236 1
170 1753 1
631 1000 1
635 2080 1
1382 1733 1
148 980 1
185 196 1
196 1402 1
617 1403 1
655 1736 1
655 1748 1
149 2226 1
210 983 1
663 2227 1
196 653 1
185 653 1
653 1402 1
976 988 1
627 1405 1
621 666 1
180 2073 1
179 988 1
179 976 1
229 2222 1
138 2222 1
160 1740 1
665 991 1
980 1397 1
148 1397 1
210 2227 1
983 2227 1
210 663 1
973 1756 1
150 2092 1
651 960 1
146 195 1
973 2238 1
1756 2238 1
984 989 1
200 1747 1
975 1004 1
169 1004 1
988 2230 1
976 2230 1
179 2230 1
975 1753 1
169 1753 1
1004 1753 1
170 975 1
1013 1743 1
641 1397 1
148 641 1
641 980 1
187 620 1
646 2082 1
641 957 1
957 980 1
148 957 1
957 1397 1
1389 2241 1
194 955 1
167 2244 1
661 1386 1
182 980 1
182 641 1
148 182 1
182 1397 1
182 957 1
195 632 1
146 632 1
979 1758 1
181 990 1
1386 2221 1
661 2221 1
169 1754 1
1753 1754 1
1004 1754 1
975 1754 1
169 225 1
970 980 1
641 970 1
148 970 1
970 1397 1
182 970 1
957 970 1
988 2221 1
976 2221 1
179 2221 1
2221 2230 1
988 1386 1
661 988 1
195 2241 1
632 2241 1
146 2241 1
195 1389 1
187 1388 1
620 1388 1
652 1403 1
617 652 1
955 1381 1
194 1381 1
192 1397 1
192 641 1
192 970 1
148 192 1
182 192 1
192 980 1
192 957 1
159 2235 1
182 1731 1
192 1731 1
641 1731 1
970 1731 1
148 1731 1
1397 1731 1
980 1731 1
957 1731 1
213 616 1
616 995 1
216 647 1
149 963 1
963 2226 1
229 2244 1
138 2244 1
2222 2244 1
167 229 1
979 1730 1
1730 1758 1
181 995 1
990 995 1
181 616 1
181 213 1
181 639 1
616 639 1
639 995 1
213 639 1
639 990 1
257 2200 1
240 376 1
320 1416 1
316 2095 1
1417 2196 1
262 282 1
262 358 1
282 358 1
366 1411 1
374 381 1
686 1069 1
677 1046 1
272 371 1
323 334 1
1425 1432 1
239 287 1
253 686 1
253 1069 1
356 1421 1
306 378 1
384 389 1
262 1769 1
282 1769 1
358 1769 1
1064 1067 1
253 361 1
361 1069 1
361 686 1
307 700 1
246 1418 1
254 2201 1
237 1049 1
314 1422 1
1423 2207 1
376 1410 1
240 1410 1
314 698 1
698 1422 1
1020 2203 1
292 1064 1
292 1067 1
290 1438 1
1033 1429 1
372 1066 1
1064 2200 1
1067 2200 1
292 2200 1
257 1064 1
1421 1426 1
356 1426 1
299 1045 1
325 337 1
1061 1409 1
1419 2202 1
236 1431 1
280 311 1
253 362 1
361 362 1
362 1069 1
362 686 1
265 358 1
265 1769 1
265 282 1
262 265 1
284 1034 1
677 2214 1
1046 2214 1
1039 2206 1
1052 1056 1
691 695 1
387 1032 1
354 2209 1
378 1420 1
306 1420 1
262 1407 1
1407 1769 1
282 1407 1
358 1407 1
265 1407 1
1063 1412 1
301 678 1
383 2218 1
369 682 1
249 1020 1
249 2203 1
275 1054 1
306 381 1
378 381 1
381 1420 1
306 374 1
373 1068 1
675 1770 1
680 1412 1
680 1063 1
1421 2209 1
1426 2209 1
356 2209 1
354 1421 1
258 2190 1
329 1063 1
329 680 1
329 1412 1
1421 2201 1
2201 2209 1
1426 2201 1
356 2201 1
354 2201 1
254 1421 1
373 1416 1
1068 1416 1
320 373 1
359 693 1
673 694 1
338 2201 1
338 2209 1
338 354 1
338 356 1
338 1421 1
338 1426 1
254 338 1
299 327 1
327 1045 1
1024 1409 1
1024 1061 1
376 1424 1
240 1424 1
1410 1424 1
237 1437 1
1049 1437 1
349 2208 1
672 1763 1
1768 2207 1
1423 1768 1
680 1067 1
329 1067 1
1067 1412 1
1063 1067 1
680 1064 1
680 2200 1
292 680 1
312 1429 1
312 1033 1
686 1044 1
361 1044 1
362 1044 1
1044 1069 1
253 1044 1
294 355 1
309 1409 1
309 1024 1
309 1061 1
680 691 1
691 1412 1
691 1063 1
691 1064 1
329 691 1
691 1067 1
691 2200 1
292 691 1
680 695 1
289 681 1
673 2211 1
694 2211 1
322 1068 1
322 1416 1
322 373 1
1448 1467 1
482 2173 1
1473 1477 1
409 1558 1
437 437 1
1260 1276 1
1453 1571 1
482 1571 1
1571 2173 1
482 1453 1
1462 1580 1
1528 2183 1
1290 1481 1
1501 1564 1
1513 1556 1
414 1529 1
421 1462 1
421 1580 1
427 448 1
1497 2161 1
415 1241 1
1475 1483 1
1252 1471 1
484 1502 1
1268 1542 1
447 1554 1
1264 1568 1
1528 1560 1
1560 2183 1
1485 1544 1
403 1520 1
413 482 1
413 1571 1
413 2173 1
413 1453 1
461 1519 1
402 2171 1
1575 1579 1
1256 2161 1
1256 1497 1
403 475 1
475 1520 1
471 2189 1
1242 1579 1
1242 1575 1
1267 1519 1
461 1267 1
1246 1486 1
408 1494 1
1271 1489 1
445 1267 1
445 461 1
445 1519 1
403 1483 1
1483 1520 1
475 1483 1
403 1475 1
457 1270 1
434 1507 1
394 1517 1
404 1545 1
1572 2177 1
1465 2180 1
1248 1269 1
1246 1493 1
1486 1493 1
407 1570 1
1572 1573 1
1573 2177 1
1564 1583 1
1501 1583 1
1248 1569 1
1269 1569 1
419 434 1
419 1507 1
2176 2180 1
1465 2176 1
1493 1494 1
1486 1494 1
1246 1494 1
408 1493 1
1266 1489 1
1266 1271 1
474 1528 1
474 1560 1
474 2183 1
1278 1549 1
446 1448 1
446 1467 1
411 1287 1
1273 1562 1
455 1510 1
1446 1562 1
1273 1446 1
401 408 1
401 1493 1
401 1494 1
463 2172 1
445 1255 1
1255 1267 1
461 1255 1
1255 1519 1
1456 2174 1
418 461 1
418 1255 1
418 1267 1
418 445 1
418 1519 1
459 1544 1
459 1485 1
1524 1570 1
407 1524 1
475 1511 1
1511 1520 1
403 1511 1
1483 1511 1
1453 1539 1
482 1539 1
1539 1571 1
413 1539 1
432 1248 1
432 1569 1
432 1269 1
405 2161 1
405 1256 1
405 1497 1
493 2178 1
424 1530 1
478 2185 1
422 1498 1
1247 1281 1
1259 1564 1
1259 1501 1
1259 1583 1
1255 1505 1
418 1505 1
461 1505 1
1505 1519 1
1267 1505 1
445 1505 1
493 1535 1
1535 2178 1
405 1575 1
1256 1575 1
1575 2161 1
1497 1575 1
405 1579 1
405 1242 1
412 414 1
412 1529 1
470 1534 1
424 1578 1
1530 1578 1
1444 2176 1
1444 1465 1
1444 2180 1
1250 1549 1
1250 1278 1
398 427 1
398 448 1
395 448 1
395 427 1
395 398 1
1490 2185 1
478 1490 1
1307 1328 1
727 751 1
546 2147 1
525 2138 1
530 1959 1
1595 1617 1
1639 1928 1
720 1972 1
755 1624 1
754 1614 1
520 1979 1
529 712 1
724 749 1
506 1321 1
715 737 1
1642 1921 1
1311 1314 1
1641 1958 1
539 1599 1
543 1640 1
524 2155 1
1320 2145 1
1334 1588 1
715 2150 1
737 2150 1
1586 1627 1
1637 2137 1
1961 2139 1
1311 1312 1
1312 1314 1
1907 1961 1
1907 2139 1
1607 1609 1
1311 1927 1
1312 1927 1
1314 1927 1
1291 1639 1
1291 1928 1
1334 1631 1
1588 1631 1
757 1590 1
1918 2144 1
712 735 1
529 735 1
742 1628 1
1908 1934 1
511 1586 1
511 1627 1
750 1623 1
521 2134 1
741 1935 1
509 1594 1
1929 2130 1
731 1328 1
731 1307 1
539 1302 1
1302 1599 1
1631 1636 1
1588 1636 1
1334 1636 1
1598 1937 1
1305 1965 1
504 1316 1
1334 1927 1
1636 1927 1
1588 1927 1
1631 1927 1
1312 1334 1
1314 1334 1
1311 1334 1
516 1624 1
516 755 1
762 1908 1
762 1934 1
1299 1625 1
501 1942 1
715 724 1
724 737 1
724 2150 1
715 749 1
521 531 1
531 2134 1
731 1953 1
1328 1953 1
1307 1953 1
1606 2144 1
1606 1918 1
1301 2157 1
720 724 1
724 1972 1
720 737 1
720 2150 1
715 720 1
720 749 1
1301 1935 1
1935 2157 1
741 1301 1
1981 1983 1
505 1974 1
734 1304 1
549 1966 1
506 509 1
509 1321 1
506 1594 1
541 751 1
541 727 1
1302 2147 1
539 2147 1
1599 2147 1
546 1302 1
1323 2136 1
537 1908 1
537 762 1
537 1934 1
1321 1944 1
506 1944 1
509 1944 1
497 2143 1
1307 1622 1
1328 1622 1
1622 1953 1
731 1622 1
755 1910 1
1624 1910 1
516 1910 1
736 739 1
1586 1933 1
1627 1933 1
511 1933 1
499 536 1
1640 1921 1
543 1921 1
1640 1642 1
1917 2134 1
521 1917 1
531 1917 1
1597 2145 1
1320 1597 1
1621 1937 1
1598 1621 1
515 1923 1
527 1315 1
1637 1928 1
1928 2137 1
1291 1637 1
1637 1639 1
507 510 1
717 719 1
1945 1975 1
514 1334 1
514 1312 1
514 1314 1
514 1636 1
514 1927 1
514 1588 1
514 1311 1
514 1631 1
734 1590 1
1304 1590 1
734 757 1
1918 1982 1
1982 2144 1
1606 1982 1
747 2154 1
1941 2139 1
1941 1961 1
1907 1941 1
1827 1899 1
1229 1776 1
1104 1208 1
1117 1182 1
1131 1843 1
1205 1877 1
1889 2112 1
1121 1169 1
1073 1187 1
1102 1225 1
1111 2120 1
1796 1819 1
1086 1894 1
1144 2128 1
1135 1833 1
1789 1847 1
1119 2117 1
1204 1802 1
1779 1837 1
1088 1788 1
1073 1843 1
1187 1843 1
1073 1131 1
1178 1219 1
1123 2122 1
1878 2122 1
1123 1878 1
1149 2113 1
1088 1172 1
1172 1788 1
1138 1893 1
1825 1850 1
1108 1894 1
1086 1108 1
1223 1781 1
1078 1223 1
1078 1781 1
1204 1897 1
1802 1897 1
1085 1122 1
1076 1790 1
1122 1848 1
1085 1848 1
1201 1831 1
1161 1888 1
1147 1177 1
1206 1780 1
1796 1805 1
1805 1819 1
1130 1146 1
1090 1139 1
1106 1818 1
1883 1895 1
1192 1200 1
1087 2126 1
1159 1825 1
1159 1850 1
1823 1828 1
1079 1108 1
1079 1086 1
1079 1894 1
1134 1817 1
1872 2106 1
1216 1225 1
1102 1216 1
1814 1846 1
1120 1887 1
1794 1878 1
1794 2122 1
1123 1794 1
1197 1231 1
1186 1857 1
1786 2103 1
1076 2113 1
1790 2113 1
1076 1149 1
1130 1135 1
1135 1146 1
1130 1833 1
1812 2121 1
1100 1146 1
1100 1130 1
1100 1135 1
1226 2127 1
1171 1826 1
1175 2108 1
1178 1789 1
1219 1789 1
1178 1847 1
1190 1840 1
1234 2110 1
1079 1836 1
1108 1836 1
1836 1894 1
1086 1836 1
1220 1811 1
1173 1204 1
1173 1897 1
1173 1802 1
1142 1858 1
1120 1864 1
1864 1887 1
1120 1851 1
1851 1864 1
1851 1887 1
1201 1868 1
1831 1868 1
1852 2128 1
1144 1852 1
1084 1200 1
1084 1192 1
1099 1864 1
1099 1120 1
1099 1851 1
1099 1887 1
1145 1790 1
1145 2113 1
1076 1145 1
1822 1902 1
1092 1851 1
1092 1120 1
1092 1864 1
1092 1099 1
1092 1887 1
1121 1223 1
1169 1223 1
1121 1781 1
1078 1121 1
1137 1202 1
1186 1811 1
1811 1857 1
1186 1220 1
1088 1791 1
1172 1791 1
1788 1791 1
1123 1825 1
1825 2122 1
1794 1825 1
1825 1878 1
1123 1159 1
1123 1850 1
1096 1173 1
1096 1897 1
1096 1802 1
1096 1204 1
1169 1812 1
1121 1812 1
1223 1812 1
1169 2121 1
1217 1220 1
1186 1217 1
1217 1811 1
1155 1211 1
1098 1891 1
1084 1859 1
1200 1859 1
1192 1859 1
1118 1223 1
1118 1121 1
1118 1169 1
1118 1812 1
1118 1781 1
1078 1118 1
1836 2115 1
1108 2115 1
1086 2115 1
1894 2115 1
1079 2115 1
258 2258 -1
2190 2258 -1
984 1468 -1
989 1468 -1
1009 1257 -1
1003 1542 -1
1003 1268 -1
1417 2084 -1
2084 2196 -1
126 331 -1
89 331 -1
1768 2262 -1
1423 2262 -1
2207 2262 -1
229 2093 -1
138 2093 -1
2093 2244 -1
2093 2222 -1
167 2093 -1
401 2221 -1
408 2221 -1
1493 2221 -1
1494 2221 -1
401 1386 -1
401 976 -1
179 401 -1
401 661 -1
401 2230 -1
401 988 -1
971 1529 -1
412 971 -1
414 971 -1
405 977 -1
977 1575 -1
977 1256 -1
977 1579 -1
977 2161 -1
977 1497 -1
977 1242 -1
405 2088 -1
405 2236 -1
405 1399 -1
971 1431 -1
236 971 -1
621 2208 -1
666 2208 -1
349 621 -1
2078 2209 -1
354 2078 -1
356 2078 -1
1421 2078 -1
1426 2078 -1
338 2078 -1
2078 2201 -1
1391 1441 -1
332 632 -1
332 2241 -1
146 332 -1
195 332 -1
270 663 -1
210 270 -1
270 2227 -1
1260 1732 -1
1276 1732 -1
1260 1752 -1
998 1279 -1
219 1279 -1
458 1403 -1
458 617 -1
458 652 -1
1792 2084 -1
1273 2248 -1
1562 2248 -1
1446 2248 -1
386 1159 -1
386 1825 -1
386 1850 -1
386 1123 -1
287 1240 -1
239 1240 -1
1401 2161 -1
1256 1401 -1
1401 1497 -1
405 1401 -1
1401 1575 -1
612 682 -1
369 612 -1
397 2223 -1
397 2237 -1
1826 2227 -1
1171 2227 -1
210 1826 -1
983 1826 -1
663 1826 -1
1464 2095 -1
316 1464 -1
405 958 -1
958 1575 -1
958 1256 -1
958 1579 -1
958 2161 -1
958 1497 -1
958 1242 -1
639 1272 -1
616 1272 -1
995 1272 -1
181 1272 -1
990 1272 -1
213 1272 -1
1394 1793 -1
150 1882 -1
1882 2092 -1
997 1544 -1
189 1544 -1
459 997 -1
997 1485 -1
430 961 -1
287 1081 -1
239 1081 -1
1240 1426 -1
1240 2209 -1
338 1240 -1
356 1240 -1
1240 1421 -1
1240 2201 -1
2169 2223 -1
2169 2237 -1
1428 1750 -1
965 1277 -1
141 401 -1
141 408 -1
141 1493 -1
141 1494 -1
1426 1996 -1
1996 2209 -1
338 1996 -1
356 1996 -1
1421 1996 -1
1996 2201 -1
956 1084 -1
956 1200 -1
956 1192 -1
956 1859 -1
213 395 -1
395 616 -1
395 995 -1
181 395 -1
395 639 -1
213 448 -1
213 427 -1
213 398 -1
964 1429 -1
312 964 -1
964 1033 -1
2182 2249 -1
485 1421 -1
485 2209 -1
354 485 -1
356 485 -1
338 485 -1
485 1426 -1
485 2201 -1
254 485 -1
1003 1514 -1
631 1420 -1
1000 1420 -1
378 631 -1
306 631 -1
381 631 -1
1278 1733 -1
1250 1733 -1
1549 1733 -1
1278 1382 -1
250 1150 -1
1000 1137 -1
631 1137 -1
1000 1202 -1
49 360 -1
381 636 -1
306 636 -1
636 1420 -1
378 636 -1
374 636 -1
492 973 -1
492 1756 -1
492 2238 -1
96 1764 -1
405 980 -1
980 1575 -1
980 1256 -1
980 1579 -1
980 2161 -1
980 1497 -1
980 1242 -1
192 405 -1
405 641 -1
405 1731 -1
405 970 -1
148 405 -1
405 1397 -1
182 405 -1
405 957 -1
1396 1528 -1
199 1528 -1
1396 1560 -1
474 1396 -1
1396 2183 -1
429 2249 -1
392 621 -1
392 666 -1
962 1276 -1
962 1260 -1
615 1153 -1
631 1422 -1
1000 1422 -1
314 631 -1
631 698 -1
425 1407 -1
425 1769 -1
282 425 -1
358 425 -1
262 425 -1
265 425 -1
953 1436 -1
1864 2075 -1
1120 2075 -1
1099 2075 -1
1851 2075 -1
1092 2075 -1
1887 2075 -1
1252 2248 -1
1471 2248 -1
1859 2094 -1
1200 2094 -1
1192 2094 -1
1084 2094 -1
1824 2084 -1
183 1506 -1
149 1260 -1
1260 2226 -1
963 1260 -1
149 1276 -1
380 868 -1
422 1420 -1
1420 1498 -1
378 422 -1
306 422 -1
381 422 -1
326 625 -1
1819 2084 -1
1796 2084 -1
1805 2084 -1
970 1577 -1
192 1577 -1
641 1577 -1
1577 1731 -1
148 1577 -1
1397 1577 -1
182 1577 -1
980 1577 -1
957 1577 -1
183 448 -1
183 427 -1
183 395 -1
183 398 -1
979 1468 -1
1468 1730 -1
1468 1758 -1
332 1747 -1
200 332 -1
1402 1466 -1
185 1466 -1
196 1466 -1
653 1466 -1
307 862 -1
700 862 -1
307 851 -1
307 836 -1
470 990 -1
990 1534 -1
470 995 -1
181 470 -1
470 639 -1
1255 2082 -1
1505 2082 -1
418 2082 -1
461 2082 -1
1519 2082 -1
1267 2082 -1
445 2082 -1
646 1255 -1
316 2242 -1
2095 2242 -1
439 1407 -1
439 1769 -1
282 439 -1
358 439 -1
262 439 -1
265 439 -1
199 1434 -1
1396 1434 -1
342 2240 -1
342 969 -1
1413 1743 -1
1013 1413 -1
642 1476 -1
283 2240 -1
283 969 -1
952 1081 -1
145 464 -1
990 1460 -1
995 1460 -1
181 1460 -1
639 1460 -1
628 1531 -1
268 1482 -1
332 614 -1
181 2098 -1
616 2098 -1
995 2098 -1
213 2098 -1
990 2098 -1
639 2098 -1
2089 2173 -1
482 2089 -1
1571 2089 -1
413 2089 -1
1026 1717 -1
1026 2067 -1
407 1404 -1
1404 1570 -1
1404 1524 -1
404 1019 -1
1019 1545 -1
246 663 -1
663 1418 -1
210 246 -1
246 2227 -1
638 2009 -1
27 638 -1
638 1371 -1
638 1645 -1
590 638 -1
624 1558 -1
409 624 -1
1032 1716 -1
387 1716 -1
1032 1703 -1
434 2095 -1
1507 2095 -1
419 2095 -1
316 434 -1
434 2089 -1
1507 2089 -1
419 2089 -1
51 344 -1
615 1134 -1
615 1817 -1
1177 2099 -1
1147 2099 -1
467 2122 -1
467 1825 -1
467 1794 -1
467 1123 -1
467 1878 -1
2079 2122 -1
1825 2079 -1
1794 2079 -1
1123 2079 -1
1878 2079 -1
856 1764 -1
1764 2058 -1
60 1764 -1
1416 2011 -1
320 2011 -1
322 2011 -1
1068 2011 -1
373 2011 -1
1416 2304 -1
774 1416 -1
1038 1716 -1
1038 1703 -1
1031 1497 -1
1031 1256 -1
1031 2161 -1
405 1031 -1
1031 1575 -1
1286 2234 -1
373 1285 -1
1285 1416 -1
320 1285 -1
322 1285 -1
1068 1285 -1
470 1385 -1
1385 1534 -1
415 982 -1
982 1241 -1
476 1384 -1
144 476 -1
430 964 -1
1011 1246 -1
1011 1494 -1
1011 1493 -1
1011 1486 -1
970 1793 -1
192 1793 -1
641 1793 -1
1731 1793 -1
148 1793 -1
1397 1793 -1
182 1793 -1
980 1793 -1
957 1793 -1
1262 1387 -1
317 2038 -1
226 464 -1
952 1083 -1
1406 1510 -1
664 1510 -1
165 1510 -1
455 1406 -1
1285 2199 -1
1037 1710 -1
438 1404 -1
2073 2093 -1
180 2093 -1
181 2097 -1
616 2097 -1
995 2097 -1
213 2097 -1
990 2097 -1
639 2097 -1
991 1580 -1
665 1580 -1
421 991 -1
991 1462 -1
1405 1487 -1
627 1487 -1
1021 1482 -1
1385 1499 -1
1793 2088 -1
977 1793 -1
1399 1793 -1
693 1840 -1
359 1840 -1
693 1190 -1
655 2181 -1
1736 2181 -1
1748 2181 -1
982 1152 -1
150 1870 -1
1870 2092 -1
1255 2072 -1
1505 2072 -1
418 2072 -1
461 2072 -1
1519 2072 -1
1267 2072 -1
445 2072 -1
1397 1802 -1
192 1802 -1
641 1802 -1
1731 1802 -1
970 1802 -1
148 1802 -1
182 1802 -1
980 1802 -1
957 1802 -1
1096 1397 -1
1397 1897 -1
1204 1397 -1
1173 1397 -1
185 411 -1
411 1402 -1
196 411 -1
411 653 -1
185 1287 -1
960 1420 -1
651 1420 -1
378 960 -1
306 960 -1
381 960 -1
1392 1500 -1
1012 1529 -1
412 1012 -1
414 1012 -1
381 621 -1
306 621 -1
621 1420 -1
378 621 -1
374 621 -1
381 666 -1
390 618 -1
400 1171 -1
400 1826 -1
370 1135 -1
370 1833 -1
370 1130 -1
370 1100 -1
370 1146 -1
1400 1466 -1
622 1466 -1
1011 1251 -1
1270 1754 -1
457 1754 -1
225 1270 -1
1270 1753 -1
975 1270 -1
1004 1270 -1
169 1270 -1
150 2094 -1
2092 2094 -1
450 1233 -1
977 1407 -1
1407 2088 -1
1407 2236 -1
1399 1407 -1
977 1769 -1
282 977 -1
358 977 -1
262 977 -1
265 977 -1
994 1793 -1
131 329 -1
131 680 -1
131 1067 -1
131 1412 -1
131 691 -1
131 1063 -1
1243 2248 -1
962 1434 -1
686 1284 -1
361 1284 -1
362 1284 -1
1044 1284 -1
1069 1284 -1
253 1284 -1
422 974 -1
974 1498 -1
1051 1719 -1
1051 2070 -1
878 1051 -1
918 1051 -1
995 1555 -1
616 1555 -1
639 1555 -1
213 1555 -1
990 1555 -1
181 1555 -1
283 2168 -1
258 871 -1
871 2190 -1
1728 2213 -1
913 2213 -1
2033 2213 -1
135 2213 -1
1005 1263 -1
149 1476 -1
1476 2226 -1
963 1476 -1
959 1577 -1
246 631 -1
631 1418 -1
246 1000 -1
2078 2094 -1
378 404 -1
306 404 -1
404 1420 -1
381 404 -1
378 1545 -1
1013 1263 -1
1263 1743 -1
425 976 -1
179 425 -1
425 988 -1
425 2221 -1
425 2230 -1
2075 2209 -1
354 2075 -1
356 2075 -1
1421 2075 -1
1426 2075 -1
338 2075 -1
2075 2201 -1
1402 2122 -1
185 2122 -1
196 2122 -1
653 2122 -1
1402 1825 -1
1402 1794 -1
1123 1402 -1
1402 1878 -1
1021 2166 -1
1408 2090 -1
327 1728 -1
299 1728 -1
1045 1728 -1
327 913 -1
327 2033 -1
135 327 -1
345 626 -1
345 1746 -1
414 1385 -1
1385 1529 -1
412 1385 -1
177 1255 -1
177 1505 -1
177 418 -1
177 461 -1
177 1519 -1
177 1267 -1
177 445 -1
622 1285 -1
1285 1400 -1
219 1264 -1
998 1264 -1
219 1568 -1
615 1222 -1
655 1788 -1
1736 1788 -1
1748 1788 -1
655 1088 -1
655 1172 -1
655 1791 -1
1388 1494 -1
187 1494 -1
620 1494 -1
408 1388 -1
401 1388 -1
1246 1388 -1
1388 1493 -1
1388 1486 -1
640 1434 -1
1811 2075 -1
1857 2075 -1
1186 2075 -1
1220 2075 -1
1217 2075 -1
1000 2202 -1
631 2202 -1
1000 1419 -1
395 2089 -1
448 2089 -1
427 2089 -1
398 2089 -1
492 1420 -1
378 492 -1
306 492 -1
381 492 -1
1437 1731 -1
1049 1731 -1
237 1731 -1
192 1437 -1
641 1437 -1
970 1437 -1
148 1437 -1
1397 1437 -1
182 1437 -1
980 1437 -1
957 1437 -1
1276 2237 -1
1260 2237 -1
1276 2223 -1
1031 1722 -1
1031 2265 -1
866 1031 -1
823 1031 -1
1825 2227 -1
1794 2227 -1
1123 2227 -1
1159 2227 -1
2122 2227 -1
1878 2227 -1
1850 2227 -1
210 1825 -1
983 1825 -1
663 1825 -1
100 344 -1
1413 1750 -1
1023 1285 -1
2184 2224 -1
1383 2184 -1
425 1429 -1
312 425 -1
425 1033 -1
985 2193 -1
1259 2248 -1
1564 2248 -1
1501 2248 -1
1583 2248 -1
148 483 -1
192 483 -1
483 641 -1
483 1731 -1
483 970 -1
483 980 -1
483 1397 -1
182 483 -1
483 957 -1
979 1474 -1
1474 1730 -1
1474 1758 -1
1582 2088 -1
977 1582 -1
1399 1582 -1
217 1260 -1
217 1276 -1
150 1852 -1
1852 2092 -1
150 2128 -1
150 1144 -1
150 2093 -1
2092 2093 -1
995 1484 -1
616 1484 -1
639 1484 -1
213 1484 -1
990 1484 -1
181 1484 -1
1009 1259 -1
1009 1564 -1
1009 1501 -1
1009 1583 -1
1402 1827 -1
185 1827 -1
196 1827 -1
653 1827 -1
1402 1899 -1
628 2167 -1
704 2213 -1
317 1012 -1
1409 1746 -1
1024 1746 -1
1061 1746 -1
309 1746 -1
626 1409 -1
1401 1462 -1
1401 1580 -1
421 1401 -1
1413 1747 -1
200 1413 -1
1262 1380 -1
485 2085 -1
1793 2236 -1
1011 1256 -1
1011 2161 -1
1011 1575 -1
405 1011 -1
1011 1497 -1
954 2169 -1
327 1721 -1
299 1721 -1
1045 1721 -1
73 327 -1
327 2269 -1
327 854 -1
615 1436 -1
1009 1289 -1
1012 1432 -1
1012 1425 -1
1491 2089 -1
637 1422 -1
314 637 -1
637 698 -1
126 360 -1
89 360 -1
389 894 -1
384 894 -1
389 825 -1
82 389 -1
380 894 -1
380 825 -1
82 380 -1
2057 2208 -1
349 2057 -1
1275 2086 -1
2161 2229 -1
1256 2229 -1
1497 2229 -1
405 2229 -1
1575 2229 -1
1418 1761 -1
246 1761 -1
149 1278 -1
1278 2226 -1
963 1278 -1
149 1250 -1
149 1549 -1
1897 2229 -1
1096 2229 -1
1802 2229 -1
1204 2229 -1
1173 2229 -1
1498 2089 -1
422 2089 -1
451 1385 -1
176 241 -1
384 704 -1
389 704 -1
1404 2182 -1
1773 2262 -1
1710 1771 -1
693 2227 -1
359 2227 -1
210 693 -1
693 983 -1
663 693 -1
163 693 -1
163 359 -1
65 326 -1
326 2066 -1
326 890 -1
1121 1415 -1
1223 1415 -1
1169 1415 -1
1415 1812 -1
1415 1781 -1
1078 1415 -1
1118 1415 -1
1388 2187 -1
187 2187 -1
620 2187 -1
434 1827 -1
1507 1827 -1
419 1827 -1
434 1899 -1
389 2270 -1
384 2270 -1
389 1713 -1
166 451 -1
451 634 -1
952 2106 -1
952 1872 -1
982 1121 -1
982 1223 -1
982 1169 -1
982 1812 -1
982 1781 -1
982 1078 -1
982 1118 -1
456 1429 -1
312 456 -1
456 1033 -1
1835 2094 -1
332 1746 -1
332 626 -1
652 1262 -1
617 1262 -1
1262 1403 -1
1418 1755 -1
246 1755 -1
270 2242 -1
963 1416 -1
1416 2226 -1
149 1416 -1
320 963 -1
322 963 -1
963 1068 -1
373 963 -1
389 909 -1
384 909 -1
147 1288 -1
993 1802 -1
993 1096 -1
993 1897 -1
993 1204 -1
993 1173 -1
1008 1425 -1
1008 1432 -1
1406 1550 -1
664 1550 -1
165 1550 -1
1282 2245 -1
220 1282 -1
694 2062 -1
673 2062 -1
2062 2211 -1
694 889 -1
694 866 -1
694 907 -1
694 2254 -1
694 2265 -1
189 1288 -1
997 1288 -1
469 1012 -1
1418 1757 -1
246 1757 -1
1009 2180 -1
1009 2176 -1
1009 1465 -1
1009 1444 -1
994 1474 -1
911 1047 -1
893 1047 -1
87 1047 -1
1400 1827 -1
622 1827 -1
1400 1899 -1
456 1435 -1
1531 2092 -1
150 1531 -1
1002 1521 -1
963 1414 -1
1414 2226 -1
149 1414 -1
1281 1749 -1
1247 1749 -1
254 1715 -1
1715 2201 -1
338 1715 -1
1421 1715 -1
48 254 -1
614 682 -1
369 614 -1
980 2168 -1
192 2168 -1
641 2168 -1
1731 2168 -1
970 2168 -1
148 2168 -1
1397 2168 -1
182 2168 -1
957 2168 -1
389 2254 -1
384 2254 -1
389 889 -1
389 866 -1
389 907 -1
389 2062 -1
389 2265 -1
968 1579 -1
968 1242 -1
405 968 -1
968 1575 -1
404 1057 -1
1057 1545 -1
995 1446 -1
616 1446 -1
639 1446 -1
213 1446 -1
990 1446 -1
181 1446 -1
995 1273 -1
995 1562 -1
1381 2181 -1
194 2181 -1
955 2181 -1
1880 2084 -1
246 632 -1
632 1418 -1
246 2241 -1
146 246 -1
195 246 -1
261 704 -1
299 632 -1
632 1045 -1
327 632 -1
299 2241 -1
146 299 -1
195 299 -1
65 699 -1
699 2066 -1
699 890 -1
986 2202 -1
986 1419 -1
1491 1996 -1
451 1398 -1
1875 2189 -1
471 1875 -1
1428 1747 -1
200 1428 -1
474 1408 -1
1408 1528 -1
1408 1560 -1
1408 2183 -1
451 1404 -1
967 1451 -1
643 693 -1
693 992 -1
359 643 -1
700 1153 -1
307 1153 -1
1007 1434 -1
1508 2092 -1
150 1508 -1
219 1243 -1
998 1243 -1
1397 2187 -1
192 2187 -1
641 2187 -1
1731 2187 -1
970 2187 -1
148 2187 -1
182 2187 -1
980 2187 -1
957 2187 -1
450 1432 -1
450 1425 -1
1409 1731 -1
1024 1731 -1
1061 1731 -1
309 1731 -1
192 1409 -1
641 1409 -1
970 1409 -1
148 1409 -1
1397 1409 -1
182 1409 -1
980 1409 -1
957 1409 -1
144 1254 -1
1254 1384 -1
639 1264 -1
616 1264 -1
995 1264 -1
181 1264 -1
990 1264 -1
213 1264 -1
639 1568 -1
990 1487 -1
995 1487 -1
181 1487 -1
639 1487 -1
480 990 -1
480 995 -1
181 480 -1
480 639 -1
959 1542 -1
959 1268 -1
1021 1512 -1
314 705 -1
698 705 -1
705 1422 -1
919 1744 -1
1744 2255 -1
237 1747 -1
1049 1747 -1
1437 1747 -1
200 237 -1
448 2098 -1
427 2098 -1
395 2098 -1
398 2098 -1
287 1184 -1
239 1184 -1
974 1423 -1
974 1768 -1
974 2207 -1
59 1764 -1
1464 1827 -1
1464 1899 -1
469 1432 -1
469 1425 -1
444 1744 -1
357 963 -1
357 2226 -1
149 357 -1
1768 2033 -1
1423 2033 -1
2033 2207 -1
1728 1768 -1
913 1768 -1
135 1768 -1
466 2091 -1
1070 1477 -1
1070 1473 -1
1005 1276 -1
1005 1260 -1
181 693 -1
616 693 -1
693 995 -1
213 693 -1
693 990 -1
639 693 -1
181 359 -1
1414 2168 -1
467 2088 -1
467 977 -1
467 1399 -1
1389 1474 -1
1474 2241 -1
195 1474 -1
944 1062 -1
972 1484 -1
493 1394 -1
1394 2178 -1
1394 1535 -1
824 1063 -1
680 824 -1
329 824 -1
824 1067 -1
824 1412 -1
691 824 -1
415 952 -1
952 1241 -1
326 1153 -1
694 2040 -1
673 2040 -1
2040 2211 -1
1481 2236 -1
1290 2236 -1
977 1481 -1
1399 1481 -1
704 870 -1
150 1885 -1
1885 2092 -1
298 1198 -1
475 1002 -1
1002 1520 -1
403 1002 -1
1002 1483 -1
1002 1511 -1
909 1062 -1
130 1030 -1
129 1030 -1
1521 2236 -1
977 1521 -1
1399 1521 -1
465 1713 -1
465 2270 -1
1390 1474 -1
842 1744 -1
242 621 -1
242 666 -1
364 2258 -1
1388 1518 -1
187 1518 -1
620 1518 -1
1290 2087 -1
1481 2087 -1
211 1290 -1
1290 2239 -1
448 693 -1
427 693 -1
395 693 -1
398 693 -1
359 448 -1
456 957 -1
192 456 -1
456 641 -1
456 1731 -1
456 970 -1
148 456 -1
456 1397 -1
182 456 -1
456 980 -1
1398 1831 -1
1201 1398 -1
1398 1868 -1
2076 2209 -1
354 2076 -1
356 2076 -1
1421 2076 -1
1426 2076 -1
338 2076 -1
2076 2201 -1
