49 331 -1
51 324 -1
51 344 -1
54 331 -1
57 254 -1
57 347 -1
63 331 -1
65 699 -1
65 344 -1
65 324 -1
66 389 -1
66 1433 -1
66 1744 -1
69 324 -1
69 344 -1
72 331 -1
78 331 -1
89 364 -1
89 336 -1
92 1433 -1
92 389 -1
99 347 -1
99 254 -1
100 324 -1
100 344 -1
106 1433 -1
107 389 -1
109 1433 -1
109 2009 -1
109 389 -1
109 1744 -1
109 282 -1
110 324 -1
110 344 -1
116 324 -1
116 344 -1
119 331 -1
124 324 -1
124 344 -1
126 331 -1
126 360 -1
132 331 -1
132 360 -1
141 401 -1
145 464 -1
148 401 -1
149 1260 -1
149 1278 -1
150 1870 -1
150 1855 -1
150 1882 -1
150 1798 -1
150 1885 -1
150 1832 -1
150 1852 -1
153 1800 -1
153 1898 -1
153 1892 -1
153 1826 -1
153 1885 -1
153 1825 -1
156 1260 -1
159 464 -1
163 1278 -1
166 451 -1
166 1528 -1
166 2187 -1
166 1531 -1
169 1260 -1
170 693 -1
172 1276 -1
173 464 -1
175 464 -1
176 464 -1
176 2209 -1
177 1270 -1
177 1290 -1
177 1255 -1
179 693 -1
179 464 -1
181 448 -1
181 1864 -1
181 2209 -1
181 2098 -1
181 2097 -1
181 1878 -1
183 464 -1
183 448 -1
183 1506 -1
183 1498 -1
183 1516 -1
184 1262 -1
185 401 -1
186 1260 -1
186 1278 -1
194 464 -1
194 448 -1
199 1434 -1
199 1262 -1
203 401 -1
204 464 -1
206 464 -1
209 1270 -1
209 1290 -1
209 282 -1
209 1433 -1
209 1254 -1
209 1255 -1
209 1530 -1
211 1262 -1
211 1434 -1
213 401 -1
216 2094 -1
216 1810 -1
216 1859 -1
216 2119 -1
216 1822 -1
216 1805 -1
219 1272 -1
219 1264 -1
219 1242 -1
219 1283 -1
219 2184 -1
219 1279 -1
219 1243 -1
219 1271 -1
221 1278 -1
223 693 -1
224 693 -1
226 464 -1
226 448 -1
226 1516 -1
229 2093 -1
229 1836 -1
229 1863 -1
229 1248 -1
229 1434 -1
229 2099 -1
229 2094 -1
230 1056 -1
231 693 -1
237 612 -1
237 2242 -1
237 621 -1
237 623 -1
237 663 -1
237 2244 -1
237 614 -1
237 632 -1
237 636 -1
237 631 -1
237 637 -1
240 1086 -1
240 621 -1
240 953 -1
240 632 -1
241 625 -1
241 1222 -1
241 1099 -1
241 1234 -1
241 1152 -1
65 241 -1
241 1177 -1
241 982 -1
241 1154 -1
241 662 -1
241 2040 -1
176 241 -1
241 1121 -1
242 2242 -1
242 612 -1
242 632 -1
242 621 -1
242 614 -1
242 1746 -1
242 623 -1
246 621 -1
246 631 -1
246 632 -1
246 953 -1
246 623 -1
246 663 -1
246 2244 -1
250 402 -1
250 1207 -1
250 1135 -1
250 1170 -1
250 1150 -1
254 885 -1
254 905 -1
254 898 -1
254 924 -1
254 1715 -1
254 1728 -1
254 1721 -1
118 254 -1
254 2266 -1
96 254 -1
95 254 -1
258 862 -1
258 884 -1
258 848 -1
258 824 -1
258 897 -1
258 908 -1
258 2258 -1
258 889 -1
258 871 -1
258 856 -1
259 1088 -1
259 1111 -1
259 1171 -1
259 1744 -1
107 259 -1
259 645 -1
259 473 -1
259 638 -1
109 259 -1
209 259 -1
66 259 -1
259 919 -1
259 842 -1
270 612 -1
270 2242 -1
270 621 -1
270 632 -1
270 614 -1
270 623 -1
270 636 -1
270 663 -1
270 2244 -1
270 631 -1
271 1170 -1
271 1135 -1
271 1115 -1
271 1150 -1
272 2242 -1
272 612 -1
272 1747 -1
272 1746 -1
274 862 -1
274 884 -1
274 848 -1
274 824 -1
274 897 -1
274 2258 -1
274 908 -1
274 889 -1
89 277 -1
124 277 -1
278 632 -1
278 619 -1
278 634 -1
278 656 -1
278 622 -1
278 2225 -1
278 666 -1
278 618 -1
279 1731 -1
281 632 -1
281 612 -1
282 638 -1
282 1744 -1
282 645 -1
282 1111 -1
282 1171 -1
283 469 -1
283 2168 -1
283 450 -1
283 485 -1
283 1012 -1
283 980 -1
283 985 -1
283 963 -1
283 2240 -1
283 964 -1
283 1233 -1
283 1104 -1
283 999 -1
283 1227 -1
283 2113 -1
286 2261 -1
130 286 -1
55 286 -1
70 286 -1
78 286 -1
63 286 -1
131 286 -1
49 286 -1
54 286 -1
72 286 -1
286 2278 -1
108 286 -1
287 1229 -1
287 1189 -1
287 1190 -1
287 1177 -1
287 1240 -1
287 1239 -1
287 1083 -1
287 982 -1
287 1004 -1
287 1114 -1
287 1181 -1
287 1158 -1
287 1215 -1
287 1192 -1
287 1081 -1
287 1184 -1
287 1232 -1
287 1201 -1
291 621 -1
291 632 -1
291 631 -1
292 1746 -1
292 1729 -1
292 1716 -1
292 1724 -1
292 1723 -1
292 1717 -1
292 1720 -1
298 1123 -1
298 1150 -1
298 1135 -1
298 1160 -1
298 1210 -1
298 1207 -1
298 1213 -1
298 1085 -1
298 1115 -1
298 2111 -1
298 1206 -1
298 1198 -1
298 1116 -1
298 1220 -1
298 1072 -1
298 1224 -1
298 1122 -1
299 614 -1
299 662 -1
299 632 -1
299 621 -1
307 862 -1
307 824 -1
307 848 -1
307 884 -1
307 2258 -1
307 908 -1
307 897 -1
314 1728 -1
314 1715 -1
314 1721 -1
316 612 -1
316 2242 -1
316 614 -1
317 485 -1
317 963 -1
317 2240 -1
317 964 -1
317 2168 -1
317 469 -1
317 450 -1
317 985 -1
317 2038 -1
317 1012 -1
317 969 -1
320 1159 -1
320 1204 -1
320 1086 -1
320 1238 -1
103 324 -1
89 324 -1
324 625 -1
116 326 -1
326 1091 -1
69 326 -1
124 326 -1
100 326 -1
89 326 -1
110 326 -1
51 326 -1
326 1228 -1
65 326 -1
103 326 -1
326 1134 -1
326 1153 -1
326 625 -1
326 982 -1
327 1728 -1
327 1715 -1
327 1721 -1
130 329 -1
329 2261 -1
131 329 -1
55 329 -1
49 329 -1
78 329 -1
131 331 -1
70 331 -1
55 331 -1
332 631 -1
332 636 -1
332 2242 -1
332 612 -1
332 623 -1
332 637 -1
332 663 -1
332 2244 -1
332 621 -1
332 1747 -1
332 614 -1
332 953 -1
332 1746 -1
334 402 -1
336 908 -1
336 2258 -1
336 897 -1
124 336 -1
342 963 -1
342 2240 -1
342 964 -1
342 1207 -1
342 1012 -1
342 969 -1
342 985 -1
342 1085 -1
342 1210 -1
342 1098 -1
342 1168 -1
342 992 -1
342 1092 -1
342 1116 -1
342 1183 -1
103 344 -1
89 344 -1
344 625 -1
345 622 -1
345 618 -1
345 619 -1
345 656 -1
345 634 -1
345 666 -1
345 2225 -1
345 632 -1
345 626 -1
347 1738 -1
347 2266 -1
118 347 -1
350 621 -1
352 621 -1
352 632 -1
352 1086 -1
357 969 -1
357 963 -1
357 482 -1
357 964 -1
357 2240 -1
72 360 -1
54 360 -1
131 360 -1
49 360 -1
63 360 -1
78 360 -1
363 881 -1
124 364 -1
364 2258 -1
364 908 -1
370 1135 -1
370 1115 -1
370 1150 -1
370 1170 -1
370 1143 -1
370 1207 -1
370 1123 -1
370 1085 -1
370 1137 -1
370 1117 -1
373 1728 -1
373 1715 -1
63 374 -1
49 374 -1
78 374 -1
72 374 -1
70 374 -1
49 375 -1
78 375 -1
63 375 -1
131 375 -1
130 375 -1
375 2261 -1
72 375 -1
55 375 -1
54 375 -1
378 402 -1
379 621 -1
379 632 -1
379 612 -1
379 2242 -1
379 2056 -1
379 1731 -1
380 868 -1
380 2277 -1
380 894 -1
380 909 -1
380 867 -1
380 866 -1
380 888 -1
380 896 -1
380 891 -1
380 925 -1
380 923 -1
126 380 -1
132 380 -1
380 2250 -1
381 621 -1
381 631 -1
381 663 -1
381 2244 -1
381 620 -1
381 623 -1
381 614 -1
381 637 -1
381 642 -1
381 636 -1
381 2242 -1
381 612 -1
381 632 -1
383 1750 -1
386 1159 -1
389 923 -1
389 866 -1
389 888 -1
389 925 -1
389 896 -1
389 819 -1
389 867 -1
389 842 -1
389 919 -1
389 909 -1
389 894 -1
389 826 -1
389 2250 -1
389 1744 -1
389 2277 -1
390 618 -1
390 622 -1
392 2040 -1
392 2062 -1
392 2044 -1
392 2071 -1
392 2060 -1
392 2057 -1
392 621 -1
392 662 -1
392 2064 -1
392 2269 -1
392 2048 -1
392 2067 -1
392 631 -1
394 1401 -1
395 2235 -1
213 395 -1
141 395 -1
395 2089 -1
148 395 -1
185 395 -1
203 395 -1
397 2079 -1
397 961 -1
397 2223 -1
397 1408 -1
398 1407 -1
400 2082 -1
400 645 -1
400 1111 -1
400 1171 -1
400 955 -1
401 2235 -1
215 401 -1
191 401 -1
214 401 -1
202 401 -1
165 401 -1
227 401 -1
218 401 -1
160 401 -1
228 401 -1
401 2220 -1
225 401 -1
193 401 -1
401 2221 -1
402 1057 -1
256 402 -1
342 402 -1
370 402 -1
402 1027 -1
357 402 -1
271 402 -1
298 402 -1
402 1061 -1
402 2195 -1
243 402 -1
238 402 -1
403 1401 -1
403 1399 -1
403 2229 -1
403 1400 -1
334 404 -1
378 404 -1
250 404 -1
404 1066 -1
342 404 -1
404 1057 -1
404 1713 -1
404 1019 -1
405 958 -1
405 999 -1
405 957 -1
405 1430 -1
405 1008 -1
405 985 -1
405 975 -1
405 977 -1
405 973 -1
405 980 -1
405 1416 -1
405 976 -1
405 1414 -1
405 974 -1
405 966 -1
406 1407 -1
407 990 -1
407 1385 -1
407 2249 -1
407 1010 -1
407 1404 -1
409 1417 -1
409 2096 -1
409 2205 -1
409 1426 -1
410 979 -1
411 2089 -1
213 411 -1
411 2235 -1
141 411 -1
148 411 -1
185 411 -1
203 411 -1
412 1407 -1
413 1388 -1
414 990 -1
414 1010 -1
414 2249 -1
414 1385 -1
414 1379 -1
415 982 -1
415 1004 -1
415 1412 -1
415 1436 -1
415 952 -1
415 1415 -1
415 2099 -1
416 1407 -1
417 1388 -1
418 1407 -1
419 1407 -1
420 1432 -1
421 1004 -1
421 952 -1
421 1412 -1
421 1426 -1
421 2205 -1
421 982 -1
421 956 -1
422 977 -1
422 974 -1
422 1001 -1
422 2231 -1
422 2202 -1
422 1420 -1
422 957 -1
422 988 -1
422 975 -1
422 973 -1
425 975 -1
425 1407 -1
425 957 -1
425 958 -1
425 1008 -1
425 1429 -1
425 977 -1
426 1403 -1
426 1397 -1
426 1391 -1
426 1379 -1
427 1407 -1
428 1407 -1
428 977 -1
430 961 -1
430 2223 -1
430 1012 -1
430 1432 -1
342 430 -1
430 2240 -1
430 964 -1
431 2082 -1
431 955 -1
431 645 -1
432 1401 -1
432 1393 -1
432 2088 -1
432 2228 -1
432 1874 -1
432 994 -1
434 1401 -1
434 983 -1
434 1827 -1
434 2122 -1
434 2089 -1
434 2091 -1
434 2095 -1
434 1888 -1
434 1874 -1
434 1790 -1
435 1171 -1
435 1111 -1
435 966 -1
437 1407 -1
439 1744 -1
389 439 -1
439 1407 -1
442 1407 -1
357 442 -1
444 2082 -1
444 645 -1
444 955 -1
444 1744 -1
445 1171 -1
445 1111 -1
446 1379 -1
446 1010 -1
446 990 -1
446 1403 -1
446 1385 -1
446 2249 -1
446 1405 -1
446 1384 -1
446 1391 -1
446 1398 -1
446 1397 -1
447 2082 -1
448 2085 -1
448 2091 -1
448 2083 -1
448 2075 -1
448 2097 -1
448 1897 -1
448 980 -1
448 1864 -1
448 2073 -1
448 2209 -1
448 2098 -1
448 1878 -1
449 1066 -1
449 1019 -1
334 449 -1
378 449 -1
450 980 -1
450 1233 -1
450 1089 -1
450 1012 -1
450 2113 -1
450 1227 -1
450 985 -1
450 1100 -1
450 2240 -1
450 964 -1
450 999 -1
450 963 -1
450 1430 -1
450 1103 -1
450 1142 -1
451 1391 -1
451 1397 -1
451 1403 -1
451 1398 -1
451 1384 -1
451 1388 -1
451 1379 -1
451 2249 -1
451 1385 -1
451 1386 -1
451 990 -1
451 1405 -1
451 1404 -1
456 1407 -1
456 1429 -1
456 975 -1
456 957 -1
456 977 -1
456 2240 -1
456 964 -1
456 958 -1
456 988 -1
457 2205 -1
457 1426 -1
458 993 -1
458 1402 -1
458 1398 -1
458 1383 -1
458 1897 -1
458 1394 -1
458 1399 -1
458 2229 -1
458 1400 -1
458 1403 -1
458 1397 -1
460 2089 -1
460 2091 -1
461 993 -1
461 1399 -1
461 1402 -1
461 1897 -1
461 1383 -1
461 2229 -1
461 1400 -1
461 1394 -1
461 1432 -1
462 1407 -1
464 2091 -1
181 464 -1
465 1057 -1
250 465 -1
465 1713 -1
334 465 -1
378 465 -1
342 465 -1
357 465 -1
465 2223 -1
465 961 -1
256 465 -1
466 2235 -1
213 466 -1
141 466 -1
148 466 -1
185 466 -1
466 2089 -1
203 466 -1
466 2091 -1
467 1401 -1
467 983 -1
467 2088 -1
467 2228 -1
467 1874 -1
467 1827 -1
467 2122 -1
467 1400 -1
467 2229 -1
469 980 -1
469 999 -1
469 1430 -1
469 1416 -1
469 985 -1
469 1414 -1
469 1012 -1
469 1233 -1
469 963 -1
469 2085 -1
469 2240 -1
469 964 -1
469 1419 -1
469 1100 -1
471 2089 -1
471 2091 -1
471 1401 -1
471 983 -1
472 2236 -1
472 1002 -1
472 979 -1
472 1389 -1
472 994 -1
472 970 -1
472 1382 -1
472 1395 -1
472 1393 -1
473 2082 -1
473 645 -1
474 973 -1
476 990 -1
476 1010 -1
476 2249 -1
476 1385 -1
476 1405 -1
476 1379 -1
476 1404 -1
478 1388 -1
480 990 -1
480 1404 -1
480 1385 -1
480 2249 -1
482 1407 -1
482 1429 -1
482 975 -1
482 977 -1
482 988 -1
482 957 -1
483 2089 -1
483 2235 -1
213 483 -1
141 483 -1
148 483 -1
185 483 -1
203 483 -1
484 1004 -1
484 1426 -1
484 2205 -1
484 1412 -1
484 2096 -1
484 952 -1
484 2099 -1
484 982 -1
484 1417 -1
485 980 -1
485 985 -1
485 1430 -1
485 1233 -1
485 1416 -1
485 1012 -1
485 2240 -1
485 964 -1
485 963 -1
485 999 -1
485 1419 -1
485 1227 -1
485 2113 -1
485 1414 -1
485 1089 -1
485 969 -1
490 1406 -1
490 1390 -1
213 491 -1
491 2235 -1
141 491 -1
148 491 -1
491 2089 -1
185 491 -1
203 491 -1
492 977 -1
492 974 -1
492 973 -1
492 957 -1
492 2202 -1
492 1420 -1
492 988 -1
492 2231 -1
492 1001 -1
493 1002 -1
493 2236 -1
493 1394 -1
613 1279 -1
613 1271 -1
615 1134 -1
615 1112 -1
615 1153 -1
615 1091 -1
615 1056 -1
615 1154 -1
615 1099 -1
615 1164 -1
615 1436 -1
615 1222 -1
615 1228 -1
615 2093 -1
615 1234 -1
616 1434 -1
616 1828 -1
616 2209 -1
621 682 -1
281 621 -1
623 682 -1
624 1531 -1
624 1558 -1
624 1508 -1
624 1453 -1
624 2167 -1
624 1578 -1
624 1502 -1
624 1485 -1
625 1436 -1
625 1222 -1
625 1164 -1
625 1154 -1
625 1415 -1
625 1099 -1
625 1152 -1
625 1121 -1
237 625 -1
627 1434 -1
627 1828 -1
627 1262 -1
628 1558 -1
628 1508 -1
628 1531 -1
628 1578 -1
628 2167 -1
628 1502 -1
631 682 -1
631 1420 -1
332 632 -1
633 1279 -1
633 1252 -1
635 1279 -1
636 682 -1
242 636 -1
636 2202 -1
270 637 -1
242 637 -1
638 1433 -1
638 1270 -1
638 1290 -1
639 1272 -1
639 1279 -1
639 1243 -1
639 1242 -1
639 1271 -1
639 2184 -1
639 1283 -1
639 1264 -1
639 1269 -1
639 1273 -1
640 1262 -1
345 641 -1
332 642 -1
643 1420 -1
643 2202 -1
381 643 -1
645 1530 -1
645 1111 -1
645 1171 -1
645 1290 -1
645 1270 -1
645 1565 -1
645 1088 -1
647 1434 -1
647 1262 -1
650 1272 -1
650 1279 -1
650 1262 -1
650 1243 -1
650 1242 -1
650 1271 -1
650 2184 -1
651 1558 -1
651 1508 -1
651 1531 -1
651 2167 -1
651 1578 -1
651 1502 -1
652 1262 -1
655 1245 -1
655 2181 -1
655 1788 -1
655 1282 -1
655 1264 -1
655 1883 -1
655 1785 -1
655 1867 -1
381 662 -1
662 682 -1
663 682 -1
242 663 -1
664 1531 -1
664 1558 -1
664 1508 -1
668 1558 -1
668 1508 -1
668 1531 -1
668 1453 -1
668 1502 -1
668 2167 -1
668 1578 -1
668 1485 -1
671 1056 -1
675 2041 -1
682 2244 -1
637 682 -1
682 2242 -1
612 682 -1
614 682 -1
618 684 -1
622 684 -1
684 2041 -1
686 1274 -1
625 687 -1
625 688 -1
631 690 -1
621 690 -1
690 2244 -1
663 690 -1
623 690 -1
636 690 -1
690 953 -1
690 2060 -1
662 693 -1
149 693 -1
186 693 -1
693 1864 -1
643 693 -1
146 693 -1
222 693 -1
153 693 -1
693 2227 -1
693 978 -1
448 693 -1
693 980 -1
181 693 -1
163 693 -1
693 2128 -1
693 1118 -1
693 1840 -1
693 2241 -1
694 2062 -1
694 2040 -1
694 2044 -1
694 2052 -1
694 2042 -1
694 1711 -1
696 1285 -1
696 1274 -1
618 696 -1
622 696 -1
641 696 -1
621 697 -1
625 699 -1
700 1153 -1
100 700 -1
662 702 -1
614 702 -1
703 1062 -1
703 1021 -1
389 703 -1
380 703 -1
256 703 -1
703 1026 -1
265 704 -1
314 704 -1
704 1438 -1
704 1721 -1
384 704 -1
327 704 -1
704 2213 -1
261 704 -1
704 870 -1
704 1060 -1
340 704 -1
704 1715 -1
704 906 -1
254 704 -1
704 857 -1
244 704 -1
705 1438 -1
705 1413 -1
705 2204 -1
314 705 -1
384 705 -1
705 1730 -1
705 1750 -1
705 1721 -1
261 705 -1
705 2213 -1
327 705 -1
265 705 -1
705 1715 -1
390 705 -1
254 705 -1
340 705 -1
705 1428 -1
827 1433 -1
837 1764 -1
842 1433 -1
866 1062 -1
867 1062 -1
868 1062 -1
389 868 -1
875 1433 -1
888 1062 -1
307 889 -1
891 1062 -1
389 891 -1
894 1062 -1
896 1062 -1
909 1062 -1
389 916 -1
919 1433 -1
923 1062 -1
925 1062 -1
380 944 -1
944 1062 -1
389 944 -1
473 944 -1
952 1084 -1
952 1223 -1
952 1108 -1
952 1109 -1
952 1229 -1
952 1181 -1
952 2106 -1
952 1141 -1
952 1412 -1
952 1209 -1
952 1083 -1
952 1215 -1
952 1081 -1
952 1219 -1
953 1420 -1
953 2202 -1
953 1423 -1
425 954 -1
405 954 -1
954 1431 -1
955 1270 -1
955 1255 -1
955 1530 -1
955 1290 -1
955 1241 -1
955 1433 -1
956 1412 -1
287 956 -1
956 1084 -1
956 1229 -1
956 1223 -1
357 956 -1
956 1109 -1
956 1108 -1
415 956 -1
956 1181 -1
956 1081 -1
956 1429 -1
958 1414 -1
958 1430 -1
958 1431 -1
959 1544 -1
959 1573 -1
959 1574 -1
959 1542 -1
959 1514 -1
959 1451 -1
959 1507 -1
959 1577 -1
959 1550 -1
960 1420 -1
960 2202 -1
962 1281 -1
962 1257 -1
962 1278 -1
962 1266 -1
962 1276 -1
962 1261 -1
963 1430 -1
963 1414 -1
963 1429 -1
963 1431 -1
963 1425 -1
963 1416 -1
964 1430 -1
964 1414 -1
964 1429 -1
964 1431 -1
964 1416 -1
964 1425 -1
965 1278 -1
966 1431 -1
425 966 -1
967 1574 -1
967 1573 -1
967 1544 -1
967 1542 -1
967 1514 -1
967 1451 -1
967 1550 -1
967 1554 -1
967 1507 -1
967 1521 -1
968 1544 -1
968 1573 -1
968 1574 -1
968 1542 -1
968 1577 -1
968 1579 -1
968 1507 -1
968 1514 -1
968 1451 -1
969 1430 -1
969 1414 -1
969 1429 -1
969 1431 -1
969 1425 -1
970 1582 -1
970 1577 -1
970 1474 -1
970 2189 -1
970 1584 -1
970 1468 -1
971 1431 -1
971 1168 -1
971 1098 -1
971 1414 -1
971 1127 -1
972 1579 -1
972 2171 -1
972 1478 -1
972 1484 -1
972 1544 -1
972 1507 -1
972 1468 -1
972 1573 -1
972 1577 -1
972 1499 -1
972 1487 -1
974 2202 -1
974 1420 -1
425 976 -1
977 1430 -1
978 1580 -1
978 1476 -1
978 1540 -1
978 1260 -1
978 1278 -1
978 1277 -1
461 978 -1
978 1441 -1
979 1481 -1
979 1577 -1
979 1551 -1
979 1519 -1
979 1573 -1
979 1514 -1
979 1468 -1
979 1582 -1
979 1584 -1
980 1430 -1
980 2168 -1
980 1414 -1
980 1227 -1
980 2113 -1
980 1233 -1
980 1103 -1
981 2202 -1
981 1420 -1
982 1222 -1
982 1436 -1
982 1152 -1
982 1121 -1
982 1184 -1
982 1412 -1
982 1099 -1
982 1154 -1
982 1164 -1
982 1415 -1
982 1167 -1
982 1144 -1
982 1158 -1
982 2099 -1
982 1190 -1
982 1234 -1
983 2161 -1
983 1459 -1
983 2122 -1
983 1827 -1
983 1462 -1
983 1464 -1
983 1790 -1
983 1516 -1
983 1582 -1
984 1579 -1
984 1544 -1
984 2171 -1
984 1478 -1
984 1484 -1
984 1507 -1
984 1573 -1
984 1577 -1
984 1468 -1
985 1430 -1
985 1414 -1
985 1416 -1
985 1429 -1
985 1431 -1
985 1425 -1
986 1420 -1
986 2202 -1
986 1423 -1
332 986 -1
987 1577 -1
987 1468 -1
987 1582 -1
987 1573 -1
987 1579 -1
988 1420 -1
988 2202 -1
988 1137 -1
988 1085 -1
989 1582 -1
989 1468 -1
989 1577 -1
989 1474 -1
989 2189 -1
989 1584 -1
989 1459 -1
990 2182 -1
438 990 -1
990 1460 -1
429 990 -1
470 990 -1
990 1487 -1
991 1476 -1
246 991 -1
991 1580 -1
991 1197 -1
991 1149 -1
992 1431 -1
992 1168 -1
992 1098 -1
992 1414 -1
993 1802 -1
993 1897 -1
993 2097 -1
446 993 -1
993 1831 -1
994 1535 -1
994 1584 -1
994 2189 -1
994 1474 -1
994 1875 -1
994 1521 -1
994 1793 -1
994 1451 -1
475 994 -1
995 1484 -1
995 2171 -1
995 1478 -1
995 1499 -1
995 1487 -1
995 1555 -1
995 1503 -1
424 995 -1
995 2174 -1
995 1483 -1
470 995 -1
995 1559 -1
995 1579 -1
995 1492 -1
995 1446 -1
995 1460 -1
995 1507 -1
996 1280 -1
996 1249 -1
996 1289 -1
996 1253 -1
996 2180 -1
996 1258 -1
996 1256 -1
996 1287 -1
996 1269 -1
996 1275 -1
996 1244 -1
996 1268 -1
996 1283 -1
996 2184 -1
996 1282 -1
996 1242 -1
996 1243 -1
997 1573 -1
997 1544 -1
997 1574 -1
997 1514 -1
997 1542 -1
997 1550 -1
997 1451 -1
997 1507 -1
997 1554 -1
997 1450 -1
998 1273 -1
998 1279 -1
998 1252 -1
998 1243 -1
998 1271 -1
998 1272 -1
998 1269 -1
998 1244 -1
998 1253 -1
998 2180 -1
998 1242 -1
998 1283 -1
998 2184 -1
999 1430 -1
999 1414 -1
1000 2202 -1
1000 1420 -1
1000 1137 -1
1001 2202 -1
1001 1420 -1
1001 1085 -1
1002 1584 -1
1002 2189 -1
1002 1535 -1
1002 1551 -1
1002 1481 -1
1002 1474 -1
1002 1521 -1
475 1002 -1
1002 1514 -1
1003 1544 -1
1003 1573 -1
1003 1574 -1
1003 1514 -1
1003 1542 -1
1003 1507 -1
1003 1550 -1
1003 1451 -1
1003 1577 -1
1003 1554 -1
1004 2205 -1
1004 1426 -1
1004 1412 -1
1004 1229 -1
1004 1081 -1
1004 1084 -1
1004 1108 -1
1004 1181 -1
1004 1189 -1
1004 1215 -1
1004 1240 -1
1004 1083 -1
1004 1141 -1
1005 1281 -1
1005 1276 -1
1005 1257 -1
1005 1266 -1
1005 1251 -1
1005 1261 -1
1005 1265 -1
1005 1286 -1
1005 1278 -1
1005 1288 -1
1005 1263 -1
1005 1246 -1
1005 1250 -1
1005 1259 -1
1006 1431 -1
1006 1168 -1
1006 1098 -1
1006 1414 -1
1006 1127 -1
1007 1434 -1
1007 1278 -1
1007 1281 -1
1007 1262 -1
1007 1257 -1
1008 1431 -1
1008 1414 -1
1008 1430 -1
1008 1416 -1
1008 1425 -1
1009 1265 -1
1009 1246 -1
1009 1287 -1
1009 1259 -1
1009 1244 -1
1009 1250 -1
1009 1256 -1
1009 1258 -1
1009 1249 -1
1009 1251 -1
1009 1273 -1
1009 2180 -1
1009 1253 -1
1009 1280 -1
1009 1289 -1
480 1010 -1
1010 2182 -1
438 1010 -1
1010 1460 -1
429 1010 -1
1010 1487 -1
470 1010 -1
1011 1256 -1
1011 1287 -1
1011 1258 -1
1011 1250 -1
1011 1249 -1
1011 1280 -1
1011 1265 -1
1011 1246 -1
1011 1289 -1
1011 1244 -1
1011 1253 -1
1011 2180 -1
1011 1259 -1
1011 1269 -1
1011 1282 -1
1011 1273 -1
1012 1430 -1
1012 1414 -1
1012 1431 -1
1012 1416 -1
1012 1429 -1
1013 1252 -1
1013 1273 -1
1013 1279 -1
1013 1271 -1
1013 1269 -1
1013 1244 -1
1013 1259 -1
1013 1243 -1
1013 1253 -1
1013 2180 -1
1013 1272 -1
1013 1262 -1
89 1018 -1
948 1021 -1
835 1021 -1
81 1021 -1
1022 1702 -1
1022 2262 -1
1022 1709 -1
922 1024 -1
815 1024 -1
911 1024 -1
938 1024 -1
853 1024 -1
855 1024 -1
814 1024 -1
1026 1705 -1
1026 1711 -1
1026 1727 -1
1026 1703 -1
1026 1719 -1
1026 1707 -1
1026 2267 -1
948 1026 -1
1026 1717 -1
1026 1723 -1
1026 1724 -1
1026 1714 -1
948 1030 -1
130 1030 -1
1030 2261 -1
55 1030 -1
1031 1285 -1
1031 1274 -1
618 1031 -1
622 1031 -1
1031 1722 -1
1032 1702 -1
1032 2262 -1
1032 1716 -1
1037 1729 -1
1037 1716 -1
1037 2262 -1
1037 1702 -1
1037 1706 -1
1037 1710 -1
1038 1729 -1
1038 1716 -1
1038 1710 -1
1038 1706 -1
1038 2262 -1
1038 1702 -1
1038 1712 -1
922 1041 -1
855 1041 -1
815 1041 -1
938 1041 -1
911 1041 -1
943 1041 -1
855 1047 -1
858 1047 -1
922 1047 -1
821 1047 -1
911 1047 -1
902 1047 -1
815 1047 -1
938 1047 -1
1051 1705 -1
1051 1727 -1
1051 1703 -1
1051 1711 -1
1051 1707 -1
1051 2267 -1
1051 1719 -1
1051 1723 -1
1051 1717 -1
1051 1724 -1
126 1054 -1
132 1054 -1
72 1054 -1
1056 1748 -1
1056 1738 -1
102 1057 -1
68 1057 -1
134 1057 -1
119 1057 -1
132 1057 -1
969 1057 -1
1061 1207 -1
1062 2277 -1
862 1063 -1
824 1063 -1
837 1063 -1
918 1063 -1
871 1063 -1
856 1063 -1
1070 1274 -1
326 1080 -1
1081 2205 -1
1081 1426 -1
1081 1417 -1
1081 2096 -1
1111 1744 -1
444 1111 -1
953 1130 -1
1164 1436 -1
1171 1744 -1
981 1204 -1
1222 1436 -1
1241 2072 -1
1241 2087 -1
1242 1737 -1
1242 2248 -1
1243 2248 -1
1243 1737 -1
1009 1245 -1
998 1245 -1
1245 2248 -1
1245 1381 -1
1070 1247 -1
1031 1247 -1
686 1247 -1
1247 2215 -1
696 1247 -1
1042 1247 -1
1019 1247 -1
1067 1247 -1
1023 1247 -1
1248 1392 -1
1248 1381 -1
1013 1248 -1
1248 2248 -1
998 1248 -1
1249 2224 -1
1250 2224 -1
996 1250 -1
1011 1251 -1
1252 2248 -1
1252 1381 -1
1252 1737 -1
1252 1742 -1
207 1254 -1
178 1254 -1
144 1254 -1
217 1254 -1
1254 1754 -1
168 1254 -1
1254 2239 -1
205 1254 -1
965 1254 -1
171 1254 -1
189 1254 -1
1254 2237 -1
174 1254 -1
1254 2246 -1
649 1254 -1
1255 2072 -1
1255 2087 -1
1255 2081 -1
1255 2082 -1
1256 2224 -1
1009 1257 -1
1258 2224 -1
1259 2248 -1
998 1259 -1
965 1260 -1
163 1260 -1
217 1260 -1
221 1260 -1
174 1260 -1
1260 2246 -1
649 1260 -1
182 1260 -1
208 1260 -1
222 1260 -1
152 1260 -1
197 1260 -1
1009 1261 -1
172 1261 -1
147 1261 -1
1261 2234 -1
1262 1381 -1
1262 1387 -1
998 1262 -1
1262 2248 -1
1262 1396 -1
1262 1434 -1
1262 1386 -1
219 1262 -1
1009 1263 -1
1013 1263 -1
1263 1381 -1
1264 1737 -1
1264 2086 -1
1264 1742 -1
965 1266 -1
1007 1266 -1
172 1266 -1
192 1266 -1
1031 1267 -1
1070 1267 -1
1267 2087 -1
1269 2248 -1
1270 2072 -1
1270 2087 -1
1270 2082 -1
1270 2081 -1
1270 1754 -1
1271 1737 -1
1271 2248 -1
1272 1737 -1
1272 2248 -1
1272 1742 -1
1273 2248 -1
1274 2215 -1
1042 1274 -1
1067 1274 -1
1023 1274 -1
373 1274 -1
1019 1274 -1
390 1274 -1
1021 1274 -1
351 1274 -1
1009 1276 -1
147 1276 -1
1276 2234 -1
1276 2237 -1
1005 1277 -1
962 1277 -1
1277 1434 -1
149 1277 -1
186 1277 -1
965 1277 -1
163 1277 -1
1277 1733 -1
1278 1434 -1
192 1278 -1
1279 1737 -1
1279 2248 -1
1279 1742 -1
1280 2224 -1
965 1281 -1
1281 1434 -1
221 1281 -1
1283 1737 -1
1283 2248 -1
1031 1284 -1
1070 1284 -1
696 1284 -1
1284 2215 -1
686 1284 -1
1284 1732 -1
1019 1284 -1
1042 1284 -1
991 1284 -1
352 1284 -1
291 1284 -1
390 1285 -1
373 1285 -1
1285 2215 -1
686 1285 -1
1023 1285 -1
1285 1428 -1
618 1285 -1
313 1285 -1
1285 2200 -1
240 1285 -1
262 1285 -1
1285 2199 -1
622 1285 -1
1285 1725 -1
1285 1722 -1
1285 1700 -1
1009 1286 -1
147 1286 -1
1286 2234 -1
1011 1286 -1
172 1286 -1
1287 2224 -1
1288 2234 -1
147 1288 -1
1288 2237 -1
189 1288 -1
172 1288 -1
171 1288 -1
1009 1288 -1
1289 2224 -1
1290 2087 -1
1290 2082 -1
1290 2072 -1
1290 2080 -1
1290 1433 -1
1290 2081 -1
407 1379 -1
480 1379 -1
1379 2182 -1
438 1379 -1
1380 1434 -1
1262 1380 -1
1380 2094 -1
1281 1380 -1
1278 1380 -1
1273 1381 -1
1271 1381 -1
1279 1381 -1
1382 1577 -1
1382 1584 -1
1382 2189 -1
1382 1582 -1
1382 1468 -1
1382 1474 -1
1382 1573 -1
1382 1521 -1
1383 1802 -1
1383 1441 -1
1383 2097 -1
1383 1525 -1
1383 1828 -1
1383 2098 -1
1383 2209 -1
1383 1528 -1
1383 2187 -1
426 1383 -1
1383 1580 -1
1384 2182 -1
480 1384 -1
476 1384 -1
407 1384 -1
1385 2182 -1
438 1385 -1
429 1385 -1
470 1385 -1
1385 1460 -1
1385 1488 -1
1385 1492 -1
1385 1499 -1
1386 2187 -1
1386 1528 -1
1386 1472 -1
1386 1531 -1
1386 1441 -1
1386 2167 -1
1386 1578 -1
1387 2187 -1
1387 1528 -1
1387 1531 -1
1388 1453 -1
1388 1442 -1
1388 1515 -1
487 1388 -1
441 1388 -1
1388 1502 -1
1388 1485 -1
1388 1541 -1
1388 1508 -1
1388 1488 -1
1388 1558 -1
1388 1505 -1
1388 2182 -1
480 1388 -1
438 1388 -1
1388 1518 -1
1389 1577 -1
1389 1582 -1
1389 1481 -1
1389 1468 -1
1389 1573 -1
1389 2189 -1
1389 1584 -1
1389 1519 -1
1390 1577 -1
1390 1573 -1
1390 1521 -1
1390 1451 -1
1390 1542 -1
1390 1574 -1
1390 1514 -1
1390 1468 -1
1390 1554 -1
1391 1528 -1
1391 2187 -1
1391 1802 -1
1392 2093 -1
1392 1500 -1
1392 2094 -1
1392 1434 -1
1278 1392 -1
1393 1582 -1
1393 1584 -1
1393 2189 -1
1393 1474 -1
1393 1577 -1
1393 1468 -1
1393 1459 -1
1394 1897 -1
1394 2122 -1
1394 1827 -1
1394 2095 -1
1394 1874 -1
1394 1793 -1
472 1394 -1
1394 1466 -1
1395 1577 -1
1395 1573 -1
1395 1514 -1
1395 1468 -1
1395 1544 -1
1395 1542 -1
1395 1507 -1
1396 1434 -1
1396 1528 -1
1396 2187 -1
1396 1441 -1
1396 1472 -1
1396 1525 -1
1397 1528 -1
1397 2187 -1
1397 1441 -1
1397 1802 -1
1398 1802 -1
426 1398 -1
1398 1831 -1
1399 1897 -1
1399 1827 -1
1399 2122 -1
1399 2095 -1
1399 1874 -1
1399 1466 -1
1399 1793 -1
1399 1461 -1
1400 1827 -1
1400 2122 -1
1400 1897 -1
1400 2095 -1
1400 1874 -1
1400 1793 -1
1400 1466 -1
472 1400 -1
1401 2161 -1
1401 1874 -1
1401 1459 -1
1401 1464 -1
1401 1462 -1
1401 2122 -1
1401 1827 -1
1401 1888 -1
1401 1829 -1
1401 2095 -1
1401 1793 -1
1401 1790 -1
1401 1875 -1
1402 1897 -1
1402 2122 -1
1402 1827 -1
1402 2095 -1
1402 1802 -1
1402 1466 -1
1403 2182 -1
480 1403 -1
476 1403 -1
438 1404 -1
1404 2182 -1
1404 1483 -1
1404 2174 -1
429 1404 -1
424 1404 -1
1404 1492 -1
1404 1446 -1
1404 1488 -1
470 1404 -1
1404 1511 -1
1404 1499 -1
1405 2182 -1
480 1405 -1
407 1405 -1
438 1405 -1
470 1405 -1
1405 1460 -1
1405 1566 -1
429 1405 -1
1405 1487 -1
1405 1499 -1
1406 1510 -1
1406 1451 -1
1406 1549 -1
1406 1563 -1
1406 1521 -1
1406 1450 -1
1406 1542 -1
1406 1554 -1
1406 1574 -1
1406 1550 -1
1406 1514 -1
1406 1573 -1
422 1407 -1
1407 2186 -1
492 1407 -1
977 1407 -1
988 1407 -1
960 1407 -1
492 1408 -1
1408 2090 -1
1408 2232 -1
474 1408 -1
1408 1580 -1
461 1408 -1
458 1408 -1
1408 1733 -1
1383 1408 -1
405 1408 -1
1408 2085 -1
1408 1897 -1
422 1408 -1
1408 1802 -1
1408 1476 -1
980 1408 -1
1409 1731 -1
1409 1746 -1
1409 1743 -1
1409 1751 -1
1409 1750 -1
1409 1747 -1
1409 1730 -1
485 1410 -1
963 1410 -1
985 1410 -1
969 1410 -1
1410 2240 -1
964 1410 -1
485 1411 -1
986 1411 -1
953 1411 -1
980 1411 -1
999 1411 -1
422 1411 -1
1229 1412 -1
1083 1412 -1
1184 1412 -1
1413 1731 -1
1413 1743 -1
1413 1750 -1
1413 1730 -1
1413 1746 -1
1413 1747 -1
1413 1751 -1
1413 1739 -1
1414 2240 -1
1414 2168 -1
1415 1738 -1
1222 1415 -1
1415 1743 -1
1164 1415 -1
1415 1747 -1
1415 1751 -1
1121 1415 -1
1415 1746 -1
110 1415 -1
1415 1731 -1
958 1416 -1
1416 2240 -1
1416 2168 -1
1189 1417 -1
1133 1417 -1
1417 1827 -1
1417 2122 -1
1417 1790 -1
1417 1874 -1
1004 1417 -1
479 1417 -1
1417 1462 -1
1240 1417 -1
1417 1888 -1
434 1417 -1
1418 1757 -1
1418 1731 -1
1418 1755 -1
1418 1739 -1
1418 1760 -1
1418 1761 -1
667 1418 -1
1418 1735 -1
1418 2247 -1
1418 1746 -1
619 1418 -1
626 1418 -1
1418 1756 -1
985 1419 -1
963 1419 -1
1419 2240 -1
964 1419 -1
1420 2231 -1
977 1420 -1
636 1420 -1
953 1421 -1
986 1421 -1
485 1421 -1
422 1421 -1
963 1421 -1
456 1421 -1
985 1421 -1
953 1422 -1
986 1422 -1
631 1422 -1
636 1422 -1
960 1422 -1
623 1422 -1
637 1422 -1
1422 1747 -1
422 1423 -1
960 1423 -1
974 1423 -1
980 1423 -1
999 1423 -1
485 1423 -1
1008 1424 -1
985 1424 -1
958 1424 -1
992 1424 -1
1006 1424 -1
966 1424 -1
964 1424 -1
1424 2240 -1
971 1424 -1
1425 2240 -1
958 1425 -1
1012 1425 -1
485 1425 -1
455 1426 -1
1189 1426 -1
952 1426 -1
1229 1426 -1
1240 1426 -1
479 1426 -1
1426 1874 -1
1427 1743 -1
1427 1731 -1
1427 1750 -1
1427 1730 -1
1427 1747 -1
1427 1746 -1
1427 1751 -1
1428 1731 -1
1428 1746 -1
1428 1750 -1
1428 1751 -1
1428 1743 -1
1428 1730 -1
1428 1747 -1
1429 2240 -1
485 1429 -1
1430 2240 -1
1431 2240 -1
1098 1431 -1
1168 1431 -1
985 1432 -1
1432 2240 -1
964 1432 -1
1012 1432 -1
485 1432 -1
963 1432 -1
450 1432 -1
469 1432 -1
1432 2168 -1
1433 1744 -1
1433 2273 -1
645 1433 -1
1434 2078 -1
640 1434 -1
1386 1434 -1
962 1434 -1
1381 1434 -1
1387 1434 -1
652 1434 -1
1257 1434 -1
485 1435 -1
963 1435 -1
1435 2240 -1
964 1435 -1
985 1435 -1
1012 1435 -1
456 1435 -1
1436 1738 -1
1121 1436 -1
1152 1436 -1
1154 1436 -1
1099 1436 -1
1167 1436 -1
1436 1748 -1
1184 1436 -1
953 1436 -1
986 1436 -1
1437 1731 -1
1437 1743 -1
1437 1747 -1
1437 1746 -1
1437 1751 -1
1437 1750 -1
1437 1730 -1
1437 2056 -1
1438 1715 -1
1438 1728 -1
1438 1721 -1
1438 1731 -1
1438 1750 -1
1438 1743 -1
1439 2082 -1
645 1439 -1
1021 1440 -1
1391 1441 -1
1403 1441 -1
967 1450 -1
1454 2089 -1
1454 2091 -1
1454 2011 -1
983 1454 -1
1454 2083 -1
1031 1455 -1
1021 1455 -1
1457 2082 -1
1459 2228 -1
1459 2088 -1
1459 1875 -1
1459 1793 -1
970 1459 -1
1459 1874 -1
1459 2122 -1
1459 1827 -1
1462 2089 -1
1462 2122 -1
1462 1827 -1
1462 1874 -1
1462 2095 -1
1462 1888 -1
1462 2088 -1
1464 1874 -1
1464 2122 -1
1464 1827 -1
1464 2095 -1
1464 2088 -1
1464 2228 -1
1399 1464 -1
1021 1465 -1
1026 1465 -1
1030 1465 -1
995 1468 -1
1405 1468 -1
990 1469 -1
1010 1469 -1
1388 1472 -1
1389 1474 -1
987 1474 -1
1390 1474 -1
979 1474 -1
1474 2236 -1
1395 1474 -1
1476 1732 -1
1476 1733 -1
643 1476 -1
149 1476 -1
988 1476 -1
1383 1476 -1
642 1476 -1
1070 1477 -1
1031 1477 -1
1019 1477 -1
1021 1477 -1
1477 2215 -1
686 1477 -1
1395 1481 -1
334 1482 -1
1066 1482 -1
1019 1482 -1
378 1482 -1
250 1482 -1
268 1482 -1
1021 1482 -1
982 1490 -1
1491 2089 -1
1491 2091 -1
1397 1494 -1
1388 1494 -1
1403 1494 -1
995 1496 -1
1070 1497 -1
1031 1497 -1
1498 2089 -1
1498 2091 -1
1500 2099 -1
1383 1500 -1
1506 2089 -1
1506 2091 -1
194 1506 -1
145 1506 -1
984 1509 -1
967 1510 -1
1390 1510 -1
997 1510 -1
1021 1512 -1
1516 2091 -1
1516 2089 -1
1401 1516 -1
1516 2122 -1
966 1517 -1
1432 1517 -1
992 1517 -1
971 1517 -1
1395 1519 -1
1397 1525 -1
1403 1525 -1
1391 1525 -1
1388 1528 -1
1403 1528 -1
1529 2223 -1
961 1529 -1
971 1529 -1
966 1529 -1
976 1529 -1
992 1529 -1
1006 1529 -1
1012 1529 -1
954 1529 -1
1008 1529 -1
1168 1529 -1
973 1529 -1
1431 1529 -1
1530 2082 -1
1388 1531 -1
1021 1534 -1
1070 1534 -1
1042 1534 -1
1031 1534 -1
1535 2236 -1
995 1544 -1
1390 1549 -1
967 1549 -1
997 1549 -1
1051 1556 -1
1021 1556 -1
1556 1708 -1
1556 1703 -1
1556 1726 -1
1556 2267 -1
1556 1707 -1
1026 1556 -1
1556 1727 -1
1556 1718 -1
1556 1719 -1
282 1556 -1
967 1563 -1
1390 1563 -1
1564 2089 -1
1564 2091 -1
983 1564 -1
1401 1564 -1
1564 2122 -1
1564 1827 -1
1565 2082 -1
995 1566 -1
1568 2082 -1
990 1568 -1
1010 1568 -1
1388 1572 -1
967 1577 -1
1388 1578 -1
967 1579 -1
993 1580 -1
1395 1582 -1
1582 2088 -1
1582 2228 -1
1390 1582 -1
1582 2236 -1
1584 2236 -1
1390 1584 -1
1701 1768 -1
1037 1701 -1
1715 2213 -1
1037 1722 -1
1037 1725 -1
1728 2213 -1
332 1730 -1
1730 2204 -1
272 1730 -1
313 1730 -1
279 1730 -1
242 1730 -1
1731 2204 -1
332 1731 -1
1277 1732 -1
1260 1732 -1
246 1732 -1
1434 1733 -1
1278 1733 -1
1733 2098 -1
1733 2209 -1
1281 1733 -1
1737 2184 -1
1437 1738 -1
1409 1738 -1
1428 1738 -1
1427 1738 -1
1418 1738 -1
1413 1738 -1
1738 2204 -1
1271 1742 -1
1243 1742 -1
1242 1742 -1
1283 1742 -1
1742 2184 -1
1743 2204 -1
272 1743 -1
332 1743 -1
279 1743 -1
292 1743 -1
842 1744 -1
919 1744 -1
270 1746 -1
237 1746 -1
270 1747 -1
237 1747 -1
242 1747 -1
1418 1748 -1
1434 1749 -1
1749 2094 -1
1281 1749 -1
332 1750 -1
272 1750 -1
1750 2204 -1
313 1750 -1
279 1750 -1
242 1750 -1
292 1751 -1
1418 1751 -1
1422 1751 -1
1751 2204 -1
332 1751 -1
1758 2094 -1
1758 1810 -1
1758 2119 -1
1758 1859 -1
1758 1805 -1
1758 1798 -1
1758 1882 -1
95 1764 -1
96 1764 -1
79 1764 -1
856 1764 -1
118 1764 -1
1764 2266 -1
59 1764 -1
824 1764 -1
918 1764 -1
1702 1768 -1
1768 2262 -1
1768 2033 -1
1706 1768 -1
1710 1768 -1
1768 2055 -1
1716 1768 -1
1729 1768 -1
1716 1771 -1
1729 1771 -1
1706 1771 -1
1704 1771 -1
1710 1771 -1
1771 2262 -1
1702 1771 -1
1773 2262 -1
1702 1773 -1
1793 2228 -1
1793 2088 -1
1793 2229 -1
1793 2236 -1
1002 1793 -1
1793 2189 -1
1584 1793 -1
1393 1793 -1
970 1793 -1
1389 1793 -1
1802 2097 -1
1403 1802 -1
1384 1802 -1
1802 2209 -1
1802 2098 -1
1802 2075 -1
458 1802 -1
1827 2095 -1
1827 2229 -1
1827 2228 -1
1827 2088 -1
1827 2161 -1
1828 2078 -1
1828 2097 -1
1828 2209 -1
1391 1831 -1
1384 1831 -1
1397 1831 -1
1403 1831 -1
1836 2093 -1
1863 2093 -1
1874 2095 -1
1874 2228 -1
1874 2088 -1
1874 2229 -1
1874 2161 -1
1875 2228 -1
1875 2088 -1
1584 1875 -1
1875 2189 -1
1474 1875 -1
1875 2236 -1
1002 1875 -1
1393 1875 -1
1389 1875 -1
1897 2229 -1
1897 2095 -1
1398 1897 -1
1897 2097 -1
1897 2228 -1
1897 2088 -1
405 1897 -1
1383 1897 -1
983 1897 -1
1398 1900 -1
1391 1900 -1
1384 1900 -1
1397 1900 -1
1403 1900 -1
1996 2096 -1
1417 1996 -1
1996 2031 -1
1996 2089 -1
1426 1996 -1
1996 2205 -1
1498 1996 -1
1996 2034 -1
1996 2091 -1
1454 1996 -1
1996 2173 -1
1506 1996 -1
1491 1996 -1
107 2009 -1
473 2009 -1
919 2009 -1
92 2009 -1
400 2009 -1
66 2009 -1
842 2009 -1
2009 2082 -1
638 2009 -1
1433 2009 -1
955 2009 -1
923 2009 -1
819 2009 -1
106 2009 -1
1744 2009 -1
2009 2081 -1
645 2009 -1
1111 2009 -1
2011 2083 -1
1464 2011 -1
2011 2173 -1
2011 2085 -1
448 2011 -1
2011 2095 -1
2011 2168 -1
469 2011 -1
2011 2031 -1
283 2011 -1
1416 2011 -1
1516 2011 -1
2011 2054 -1
1414 2011 -1
434 2011 -1
1462 2011 -1
2011 2034 -1
1564 2011 -1
2040 2208 -1
682 2044 -1
2044 2208 -1
682 2060 -1
2062 2208 -1
682 2071 -1
1245 2072 -1
2072 2181 -1
1282 2072 -1
1258 2072 -1
2073 2209 -1
2073 2098 -1
2073 2097 -1
1896 2073 -1
1862 2073 -1
2074 2097 -1
2074 2209 -1
2074 2098 -1
1828 2074 -1
1896 2074 -1
1862 2074 -1
2074 2100 -1
2074 2127 -1
2075 2097 -1
2075 2098 -1
2075 2209 -1
1896 2075 -1
2075 2102 -1
1848 2075 -1
2075 2115 -1
1784 2075 -1
1864 2075 -1
1828 2075 -1
2075 2127 -1
1811 2075 -1
2076 2097 -1
2076 2209 -1
2076 2098 -1
1828 2076 -1
1896 2076 -1
1862 2076 -1
2076 2100 -1
2076 2127 -1
2077 2094 -1
1798 2077 -1
1882 2077 -1
1835 2077 -1
1822 2077 -1
2078 2098 -1
2078 2209 -1
2078 2097 -1
433 2079 -1
1461 2079 -1
1570 2079 -1
1408 2079 -1
1520 2079 -1
2079 2095 -1
1874 2079 -1
1211 2079 -1
1432 2079 -1
2079 2122 -1
1827 2079 -1
461 2079 -1
440 2079 -1
1793 2079 -1
450 2079 -1
1255 2080 -1
1270 2080 -1
1241 2080 -1
1457 2080 -1
1277 2080 -1
1530 2080 -1
431 2080 -1
444 2080 -1
1433 2080 -1
1245 2080 -1
2080 2181 -1
1241 2081 -1
2081 2093 -1
431 2081 -1
1530 2081 -1
1248 2081 -1
2081 2094 -1
1241 2082 -1
469 2083 -1
2083 2168 -1
283 2083 -1
450 2083 -1
485 2083 -1
1416 2083 -1
2083 2095 -1
1432 2083 -1
1516 2083 -1
2083 2173 -1
1414 2083 -1
1417 2084 -1
1792 2084 -1
1880 2084 -1
2084 2103 -1
1830 2084 -1
2084 2110 -1
1813 2084 -1
1804 2084 -1
1819 2084 -1
1782 2084 -1
1861 2084 -1
1783 2084 -1
1847 2084 -1
2084 2126 -1
1872 2084 -1
1824 2084 -1
1776 2084 -1
1787 2084 -1
1823 2084 -1
2085 2168 -1
1897 2085 -1
485 2085 -1
450 2085 -1
1432 2085 -1
2085 2097 -1
461 2085 -1
1416 2085 -1
1419 2085 -1
2085 2095 -1
283 2085 -1
1283 2086 -1
2086 2184 -1
1242 2086 -1
1268 2086 -1
1272 2086 -1
1282 2086 -1
1275 2086 -1
1245 2086 -1
2086 2181 -1
1243 2086 -1
431 2087 -1
1530 2087 -1
1457 2087 -1
444 2087 -1
1277 2087 -1
1433 2087 -1
1434 2087 -1
1245 2087 -1
2088 2122 -1
1474 2088 -1
1790 2088 -1
2088 2189 -1
1584 2088 -1
2089 2173 -1
1464 2089 -1
2089 2161 -1
467 2089 -1
2011 2089 -1
2089 2095 -1
2090 2098 -1
2090 2209 -1
2090 2097 -1
1828 2090 -1
1802 2090 -1
1434 2090 -1
2091 2173 -1
1462 2091 -1
1531 2092 -1
1558 2092 -1
1453 2092 -1
1508 2092 -1
2078 2093 -1
2073 2093 -1
2093 2238 -1
150 2093 -1
2076 2093 -1
2074 2093 -1
627 2093 -1
1099 2093 -1
671 2093 -1
1500 2093 -1
1798 2094 -1
1882 2094 -1
627 2094 -1
1835 2094 -1
1822 2094 -1
2078 2094 -1
150 2094 -1
2094 2238 -1
1859 2094 -1
2094 2119 -1
1892 2094 -1
1740 2094 -1
1788 2094 -1
1810 2094 -1
1844 2094 -1
2095 2122 -1
2095 2229 -1
1790 2095 -1
2095 2228 -1
2088 2095 -1
1793 2095 -1
1875 2095 -1
1004 2096 -1
455 2096 -1
1874 2096 -1
1827 2096 -1
2096 2122 -1
457 2096 -1
479 2096 -1
1464 2096 -1
1189 2096 -1
1462 2096 -1
1401 2096 -1
1398 2097 -1
1896 2097 -1
2097 2127 -1
1811 2097 -1
1391 2097 -1
1397 2097 -1
1828 2098 -1
616 2098 -1
627 2098 -1
2098 2232 -1
2098 2238 -1
150 2098 -1
2098 2127 -1
1811 2098 -1
1896 2098 -1
1222 2099 -1
1152 2099 -1
1177 2099 -1
1076 2099 -1
1099 2099 -1
1121 2099 -1
1802 2099 -1
1200 2099 -1
1158 2099 -1
1154 2099 -1
2122 2229 -1
2122 2228 -1
2122 2161 -1
2088 2161 -1
2161 2228 -1
1400 2161 -1
2161 2229 -1
1021 2166 -1
1388 2167 -1
999 2168 -1
1430 2168 -1
985 2168 -1
1012 2168 -1
1233 2168 -1
963 2168 -1
2168 2240 -1
964 2168 -1
1419 2168 -1
1100 2168 -1
2169 2223 -1
961 2169 -1
971 2169 -1
966 2169 -1
976 2169 -1
992 2169 -1
1006 2169 -1
1012 2169 -1
954 2169 -1
1008 2169 -1
1168 2169 -1
973 2169 -1
1431 2169 -1
1062 2172 -1
1021 2172 -1
389 2172 -1
380 2172 -1
256 2172 -1
1026 2172 -1
983 2173 -1
1066 2177 -1
1019 2177 -1
334 2177 -1
378 2177 -1
1432 2179 -1
1009 2181 -1
998 2181 -1
2181 2248 -1
1381 2181 -1
2182 2249 -1
966 2183 -1
1432 2183 -1
992 2183 -1
971 2183 -1
2184 2248 -1
1388 2187 -1
1403 2187 -1
1397 2188 -1
1388 2188 -1
1403 2188 -1
2189 2236 -1
979 2189 -1
1390 2189 -1
485 2193 -1
963 2193 -1
985 2193 -1
969 2193 -1
2193 2240 -1
964 2193 -1
1207 2195 -1
1702 2196 -1
2196 2262 -1
1716 2196 -1
1086 2200 -1
621 2200 -1
953 2200 -1
632 2200 -1
2202 2231 -1
631 2202 -1
977 2202 -1
1746 2204 -1
1747 2204 -1
1739 2204 -1
455 2205 -1
1189 2205 -1
952 2205 -1
1229 2205 -1
1240 2205 -1
479 2205 -1
1874 2205 -1
2071 2208 -1
2060 2208 -1
2057 2208 -1
621 2208 -1
662 2208 -1
2064 2208 -1
2208 2269 -1
2048 2208 -1
2067 2208 -1
631 2208 -1
627 2209 -1
2209 2232 -1
2209 2238 -1
150 2209 -1
2127 2209 -1
1811 2209 -1
1896 2209 -1
1721 2213 -1
1088 2216 -1
1111 2216 -1
1171 2216 -1
1744 2216 -1
107 2216 -1
645 2216 -1
473 2216 -1
638 2216 -1
109 2216 -1
209 2216 -1
66 2216 -1
919 2216 -1
842 2216 -1
1253 2224 -1
2180 2224 -1
1269 2224 -1
1275 2224 -1
1244 2224 -1
1268 2224 -1
1283 2224 -1
2184 2224 -1
1282 2224 -1
1242 2224 -1
1243 2224 -1
1800 2227 -1
1898 2227 -1
1892 2227 -1
1826 2227 -1
1885 2227 -1
1825 2227 -1
1474 2228 -1
1790 2228 -1
2189 2228 -1
1584 2228 -1
1466 2229 -1
472 2229 -1
1085 2231 -1
2097 2232 -1
1828 2232 -1
1802 2232 -1
1434 2232 -1
1551 2236 -1
1481 2236 -1
1521 2236 -1
475 2236 -1
1514 2236 -1
1870 2238 -1
1855 2238 -1
1882 2238 -1
1798 2238 -1
1885 2238 -1
1832 2238 -1
1852 2238 -1
281 2242 -1
242 2244 -1
1245 2245 -1
2181 2245 -1
1788 2245 -1
1282 2245 -1
1264 2245 -1
1883 2245 -1
1785 2245 -1
1867 2245 -1
1244 2248 -1
1253 2248 -1
2180 2248 -1
438 2249 -1
429 2249 -1
470 2249 -1
1460 2249 -1
1488 2249 -1
1492 2249 -1
1499 2249 -1
389 2254 -1
380 2270 -1
1062 2270 -1
389 2270 -1
473 2270 -1
