1686 1694 1
569 603 1
1338 1368 1
11 1373 1
594 1696 1
558 2024 1
564 789 1
1654 2024 1
558 1654 1
26 1346 1
1653 1685 1
10 769 1
44 589 1
1372 2022 1
18 1998 1
39 593 1
1338 1672 1
1368 1672 1
776 1992 1
1673 1992 1
776 1673 1
1678 2295 1
34 562 1
22 603 1
22 569 1
792 1340 1
32 793 1
555 1340 1
555 792 1
786 1341 1
1667 2281 1
25 1647 1
588 1649 1
602 779 1
807 1683 1
43 43 1
1349 1686 1
1349 1694 1
47 576 1
10 1685 1
769 1685 1
10 1653 1
556 1984 1
15 1694 1
15 1349 1
15 1686 1
810 2291 1
782 807 1
782 1683 1
13 812 1
569 2309 1
603 2309 1
22 2309 1
25 560 1
560 1647 1
792 1665 1
555 1665 1
1340 1665 1
571 2007 1
30 2010 1
559 785 1
1658 1691 1
560 783 1
25 783 1
783 1647 1
15 559 1
559 1686 1
559 1349 1
559 1694 1
15 785 1
577 773 1
2006 2006 1
8 23 1
1654 2309 1
2024 2309 1
558 2309 1
22 1654 1
569 1654 1
603 1654 1
784 1369 1
608 1657 1
581 764 1
45 601 1
559 2289 1
1349 2289 1
15 2289 1
785 2289 1
1686 2289 1
1694 2289 1
1992 2291 1
776 2291 1
1673 2291 1
810 1992 1
806 2297 1
764 765 1
581 765 1
783 1692 1
560 1692 1
25 1692 1
1647 1692 1
595 798 1
2027 2290 1
1358 2020 1
605 1652 1
579 580 1
24 1688 1
583 2023 1
2004 2006 1
1688 2023 1
24 2023 1
583 1688 1
794 1674 1
1655 2307 1
1657 1665 1
608 1665 1
792 1657 1
555 1657 1
1340 1657 1
776 779 1
779 1992 1
779 1673 1
779 2291 1
602 776 1
775 2011 1
11 1648 1
1373 1648 1
2019 2304 1
13 1360 1
812 1360 1
30 1684 1
1684 2010 1
807 1371 1
1371 1683 1
782 1371 1
573 1699 1
1653 1686 1
10 1686 1
1685 1686 1
1349 1653 1
559 1653 1
1653 2289 1
15 1653 1
1653 1694 1
0 23 1
0 8 1
1370 2010 1
1370 1684 1
30 1370 1
585 2006 1
585 2004 1
607 1373 1
607 1648 1
11 607 1
605 1984 1
1652 1984 1
556 605 1
561 2012 1
570 798 1
570 595 1
790 1670 1
573 2290 1
1699 2290 1
573 2027 1
806 1663 1
1663 2297 1
923 1726 1
828 860 1
916 2059 1
835 1722 1
842 886 1
827 2267 1
881 947 1
133 1726 1
133 923 1
872 940 1
102 1721 1
816 840 1
49 887 1
845 2265 1
845 1700 1
1700 2265 1
136 813 1
899 1704 1
828 2069 1
860 2069 1
108 876 1
56 872 1
56 940 1
93 120 1
902 915 1
96 116 1
926 2276 1
814 947 1
814 881 1
2051 2062 1
866 933 1
851 2071 1
106 920 1
61 820 1
880 1719 1
54 60 1
51 882 1
73 937 1
2046 2279 1
51 939 1
882 939 1
819 819 1
886 889 1
842 889 1
68 873 1
89 815 1
94 107 1
949 1718 1
61 876 1
820 876 1
61 108 1
863 898 1
813 1727 1
136 1727 1
813 852 1
136 852 1
852 1727 1
59 942 1
2053 2065 1
882 2250 1
51 2250 1
939 2250 1
823 913 1
73 816 1
816 937 1
73 840 1
814 814 1
916 1701 1
1701 2059 1
82 2039 1
861 867 1
827 833 1
833 2267 1
92 1705 1
2274 2277 1
1703 2266 1
76 929 1
1726 2056 1
923 2056 1
133 2056 1
913 2061 1
823 2061 1
891 2068 1
827 940 1
833 940 1
940 2267 1
827 872 1
56 827 1
119 834 1
1711 2050 1
75 830 1
837 1701 1
837 2059 1
837 916 1
131 858 1
813 942 1
136 942 1
852 942 1
942 1727 1
59 813 1
87 820 1
87 876 1
61 87 1
859 882 1
859 2250 1
51 859 1
859 939 1
95 835 1
95 1722 1
813 2251 1
136 2251 1
942 2251 1
852 2251 1
59 2251 1
1727 2251 1
829 1728 1
62 66 1
939 942 1
859 942 1
882 942 1
51 942 1
942 2250 1
136 939 1
939 2251 1
813 939 1
852 939 1
59 939 1
939 1727 1
111 866 1
111 933 1
53 2063 1
127 2061 1
127 913 1
127 823 1
94 849 1
107 849 1
70 833 1
70 827 1
70 940 1
70 2267 1
884 917 1
73 890 1
816 890 1
890 937 1
840 890 1
2054 2263 1
837 851 1
851 2059 1
851 916 1
851 1701 1
837 2071 1
72 896 1
860 2061 1
828 2061 1
2061 2069 1
860 913 1
823 860 1
127 860 1
94 2265 1
849 2265 1
107 2265 1
94 1700 1
94 845 1
879 2063 1
53 879 1
981 1005 1
656 960 1
140 1752 1
986 1755 1
174 642 1
184 617 1
172 197 1
172 618 1
197 618 1
653 959 1
150 1736 1
228 2223 1
668 2074 1
657 1380 1
663 2232 1
1756 2080 1
614 2075 1
184 983 1
617 983 1
218 1011 1
188 996 1
155 628 1
967 1760 1
187 1750 1
146 967 1
146 1760 1
991 2082 1
957 1397 1
991 1394 1
1394 2082 1
1004 2237 1
959 1398 1
653 1398 1
648 959 1
648 653 1
648 1398 1
142 207 1
204 966 1
1749 2233 1
222 960 1
222 656 1
209 1742 1
204 1013 1
966 1013 1
655 2233 1
655 1749 1
636 649 1
213 2079 1
190 194 1
662 666 1
195 2228 1
203 207 1
142 203 1
198 232 1
170 2246 1
169 1752 1
140 169 1
985 1743 1
197 206 1
206 618 1
172 206 1
959 1401 1
648 1401 1
653 1401 1
1398 1401 1
631 1404 1
176 2249 1
638 2084 1
232 1387 1
198 1387 1
220 611 1
152 952 1
199 970 1
186 1403 1
1009 2229 1
1732 1746 1
152 1744 1
952 1744 1
161 983 1
161 184 1
161 617 1
638 2230 1
2084 2230 1
648 1396 1
1396 1401 1
653 1396 1
1396 1398 1
959 1396 1
172 952 1
618 952 1
197 952 1
206 952 1
172 1744 1
152 172 1
613 1752 1
169 613 1
140 613 1
190 965 1
194 965 1
183 1731 1
165 2080 1
165 1756 1
171 2238 1
164 1397 1
164 957 1
231 652 1
215 669 1
229 1000 1
165 621 1
621 2080 1
621 1756 1
166 963 1
211 661 1
668 1753 1
1753 2074 1
225 634 1
225 617 1
617 634 1
184 225 1
161 225 1
225 983 1
230 658 1
1730 2231 1
221 1385 1
630 1393 1
1384 2077 1
221 1402 1
1385 1402 1
174 182 1
182 642 1
143 166 1
143 963 1
646 2230 1
646 2084 1
638 646 1
666 1007 1
662 1007 1
664 1741 1
1743 2228 1
985 2228 1
195 1743 1
145 1736 1
145 150 1
645 2248 1
2227 2236 1
657 1401 1
1380 1401 1
648 657 1
653 657 1
657 1396 1
657 1398 1
657 959 1
163 1004 1
163 2237 1
650 979 1
175 1397 1
164 175 1
175 957 1
195 2085 1
2085 2228 1
1743 2085 1
649 1758 1
636 1758 1
1395 1755 1
986 1395 1
674 1056 1
1021 1414 1
361 2195 1
255 269 1
309 1766 1
672 1019 1
1408 2094 1
1427 1764 1
1413 2199 1
1034 1771 1
349 682 1
315 330 1
383 1407 1
282 1046 1
694 1048 1
255 1062 1
269 1062 1
334 2206 1
288 1773 1
238 322 1
359 2097 1
336 1055 1
1771 2093 1
1034 2093 1
371 384 1
236 346 1
345 352 1
1047 1067 1
283 1066 1
278 1416 1
280 1054 1
360 2098 1
239 694 1
239 1048 1
247 694 1
247 1048 1
239 247 1
340 2210 1
697 1019 1
672 697 1
255 1766 1
269 1766 1
1062 1766 1
255 309 1
320 2212 1
292 379 1
293 310 1
393 2215 1
297 1764 1
297 1427 1
386 1435 1
276 317 1
369 1763 1
1014 1054 1
280 1014 1
682 1024 1
349 1024 1
381 1427 1
297 381 1
381 1764 1
291 336 1
291 1055 1
1425 2201 1
290 1029 1
2192 2212 1
320 2192 1
334 1016 1
1016 2206 1
375 1412 1
1021 1034 1
1034 1414 1
1021 1771 1
1021 2093 1
276 1771 1
317 1771 1
276 1034 1
276 2093 1
276 1021 1
1029 2192 1
290 2192 1
320 1029 1
1029 2212 1
305 1043 1
371 673 1
384 673 1
1038 1052 1
333 675 1
300 320 1
300 2192 1
300 2212 1
300 1029 1
264 1764 1
264 297 1
264 1427 1
264 381 1
1026 1412 1
375 1026 1
2203 2212 1
320 2203 1
2192 2203 1
300 2203 1
1029 2203 1
273 1046 1
273 282 1
300 315 1
315 320 1
315 2212 1
315 1029 1
315 2192 1
315 2203 1
300 330 1
1049 2093 1
1034 1049 1
1049 1771 1
276 1049 1
1021 1049 1
275 1040 1
380 1041 1
350 1032 1
696 2215 1
393 696 1
244 329 1
1426 2190 1
343 1428 1
263 358 1
312 365 1
346 682 1
236 682 1
346 1024 1
346 349 1
278 366 1
366 1416 1
335 674 1
335 1056 1
1770 2205 1
325 355 1
277 288 1
277 1773 1
355 2206 1
325 2206 1
355 1016 1
334 355 1
294 326 1
339 371 1
339 384 1
339 673 1
299 312 1
299 365 1
253 283 1
253 1066 1
249 374 1
307 2202 1
308 1428 1
308 343 1
1053 2216 1
379 1049 1
292 1049 1
379 1034 1
379 1771 1
379 2093 1
276 379 1
379 1021 1
256 328 1
1053 1059 1
1059 2216 1
1286 1441 1
448 1449 1
1517 2164 1
1520 2186 1
1464 1562 1
1261 1582 1
1284 1505 1
1254 1513 1
424 1530 1
418 1577 1
1508 1556 1
1553 2170 1
1476 1555 1
1256 1276 1
1471 1528 1
485 1489 1
1252 1263 1
471 1546 1
409 1481 1
394 493 1
398 1487 1
431 1496 1
1512 1556 1
1508 1512 1
1447 1569 1
448 1575 1
1449 1575 1
467 1534 1
424 1250 1
1250 1530 1
1279 1453 1
1471 1481 1
1481 1528 1
409 1471 1
468 1258 1
417 1446 1
448 1251 1
1251 1449 1
1251 1575 1
451 1544 1
1253 1452 1
1570 2172 1
476 1256 1
476 1276 1
1562 2188 1
1464 2188 1
1250 1456 1
424 1456 1
1456 1530 1
1255 2160 1
440 492 1
1251 1541 1
448 1541 1
1449 1541 1
1541 1575 1
406 1253 1
406 1452 1
428 1511 1
1557 2164 1
1517 1557 1
400 443 1
394 424 1
424 493 1
394 1456 1
394 1530 1
394 1250 1
1504 2175 1
477 1472 1
1284 2178 1
1505 2178 1
396 1273 1
1493 2185 1
1268 1552 1
1580 2177 1
470 1521 1
1246 1488 1
484 2181 1
474 2178 1
474 1505 1
474 1284 1
1528 1585 1
1481 1585 1
1471 1585 1
1499 1584 1
1443 2164 1
1443 1517 1
1443 1557 1
1248 1544 1
451 1248 1
1446 1570 1
417 1570 1
1446 2172 1
431 2165 1
1496 2165 1
444 1255 1
444 2160 1
1494 1535 1
436 469 1
446 1249 1
2182 2185 1
1493 2182 1
1247 1249 1
446 1247 1
488 1286 1
488 1441 1
402 1526 1
1450 1480 1
1261 2162 1
1582 2162 1
1566 1573 1
1457 2177 1
1457 1580 1
1242 1257 1
452 1287 1
1266 1280 1
1516 2176 1
1493 1547 1
1547 2185 1
1547 2182 1
491 1249 1
446 491 1
491 1247 1
1461 2165 1
1461 1496 1
431 1461 1
453 1258 1
453 468 1
1505 1519 1
1519 2178 1
1284 1519 1
474 1519 1
471 477 1
477 1546 1
471 1472 1
439 1459 1
1472 1549 1
477 1549 1
471 1549 1
476 1465 1
1256 1465 1
1276 1465 1
445 468 1
445 1258 1
445 453 1
430 488 1
430 1441 1
430 1286 1
399 460 1
483 1499 1
483 1584 1
1546 1551 1
477 1551 1
471 1551 1
1280 1552 1
1266 1552 1
1268 1280 1
477 1536 1
1472 1536 1
1536 1546 1
1536 1549 1
1536 1551 1
471 1536 1
394 436 1
436 1250 1
424 436 1
436 493 1
436 1456 1
436 1530 1
394 469 1
1961 2144 1
736 1930 1
1613 1968 1
511 1597 1
496 502 1
737 2145 1
1311 1322 1
506 733 1
735 1908 1
1589 1910 1
711 1919 1
719 1592 1
2143 2147 1
1935 1970 1
519 523 1
1913 1959 1
756 1588 1
523 525 1
519 525 1
544 2139 1
1308 1637 1
732 1920 1
1293 1606 1
1957 2133 1
1306 1609 1
523 2150 1
525 2150 1
519 2150 1
1314 1589 1
1314 1910 1
718 1624 1
545 1294 1
715 2144 1
715 1961 1
753 1966 1
710 735 1
710 1908 1
755 2140 1
1612 1638 1
1320 1613 1
1320 1968 1
517 1603 1
739 1979 1
1614 1626 1
1915 1979 1
739 1915 1
1929 1950 1
533 1923 1
709 2131 1
724 1298 1
505 544 1
505 2139 1
731 1619 1
495 1945 1
1307 1629 1
729 1642 1
720 727 1
548 1946 1
547 1330 1
501 508 1
721 1307 1
721 1629 1
1635 2136 1
1641 1918 1
711 1615 1
1615 1919 1
1924 1967 1
1314 1619 1
1589 1619 1
1619 1910 1
731 1314 1
512 1328 1
531 2136 1
531 1635 1
715 754 1
754 2144 1
754 1961 1
1323 1616 1
1299 1631 1
1586 2144 1
1586 1961 1
754 1586 1
715 1586 1
731 1295 1
1295 1314 1
1295 1619 1
713 1905 1
759 1928 1
753 2137 1
1966 2137 1
760 1311 1
760 1322 1
529 1298 1
529 724 1
1916 1958 1
707 1607 1
1906 1967 1
1906 1924 1
1600 2146 1
1588 1592 1
756 1592 1
719 1588 1
1915 1939 1
1939 1979 1
739 1939 1
728 1628 1
1923 2159 1
533 2159 1
502 1307 1
496 1307 1
502 721 1
502 1629 1
541 544 1
505 541 1
541 2139 1
1919 1919 1
1911 1979 1
1911 1915 1
739 1911 1
1911 1939 1
1598 1954 1
545 1333 1
1294 1333 1
2130 2143 1
2130 2147 1
746 1291 1
715 762 1
762 2144 1
762 1961 1
754 762 1
762 1586 1
527 1325 1
515 1607 1
515 707 1
734 1924 1
734 1906 1
734 1967 1
539 1913 1
539 1959 1
761 1973 1
508 1309 1
501 1309 1
524 723 1
1621 1623 1
1316 1586 1
1316 2144 1
1316 1961 1
715 1316 1
754 1316 1
762 1316 1
520 549 1
1596 1906 1
1596 1924 1
734 1596 1
1596 1967 1
525 725 1
523 725 1
725 2150 1
519 725 1
531 756 1
756 2136 1
756 1635 1
531 1592 1
531 1588 1
752 1622 1
1078 1807 1
1154 1218 1
1872 1883 1
1180 1877 1
1157 1162 1
1829 1880 1
1874 2102 1
1117 1861 1
1834 1873 1
1873 1899 1
1834 1899 1
1113 1224 1
1184 1867 1
1076 1836 1
1103 1843 1
1158 1163 1
1077 1227 1
1101 1235 1
1203 1889 1
1192 1828 1
1082 1206 1
1138 1891 1
1813 1834 1
1813 1873 1
1813 1899 1
1102 1813 1
1102 1873 1
1102 1834 1
1102 1899 1
1119 1902 1
1183 1859 1
1167 1869 1
1861 1862 1
1117 1862 1
1881 2100 1
1140 1177 1
1194 1903 1
1171 2124 1
1143 1812 1
1816 1848 1
1080 1110 1
1103 1108 1
1108 1843 1
1198 1886 1
1104 1872 1
1104 1883 1
1089 1128 1
1098 1101 1
1098 1235 1
1161 1790 1
1109 1160 1
1803 1838 1
1140 1794 1
1177 1794 1
1174 1826 1
1803 1887 1
1838 1887 1
1845 1862 1
1845 1861 1
1117 1845 1
1131 1231 1
1105 1890 1
1899 2108 1
1873 2108 1
1834 2108 1
1813 2108 1
1102 2108 1
1900 2101 1
1075 2127 1
1075 2128 1
2127 2128 1
1084 2114 1
1890 2113 1
1105 2113 1
1182 1200 1
1083 1829 1
1083 1880 1
1197 1857 1
1853 1859 1
1183 1853 1
1080 1132 1
1110 1132 1
1139 1227 1
1077 1139 1
1193 1869 1
1167 1193 1
1232 1800 1
1167 1840 1
1193 1840 1
1840 1869 1
1891 2100 1
1138 2100 1
1881 1891 1
1889 2111 1
1203 2111 1
1110 1192 1
1080 1192 1
1132 1192 1
1110 1828 1
1814 1825 1
1149 1850 1
1126 1788 1
1169 1843 1
1108 1169 1
1103 1169 1
1084 1101 1
1101 2114 1
1084 1098 1
1084 1235 1
1176 1205 1
1153 1876 1
1205 1861 1
1176 1861 1
1117 1205 1
1205 1862 1
1205 1845 1
1150 1808 1
1137 1183 1
1137 1859 1
1137 1853 1
1075 1104 1
1104 2128 1
1104 2127 1
1075 1872 1
1075 1883 1
1864 2124 1
1171 1864 1
1186 1222 1
1183 1192 1
1137 1192 1
1192 1859 1
1192 1853 1
1183 1828 1
1132 1183 1
1110 1183 1
1080 1183 1
1116 1901 1
1142 1238 1
1085 1814 1
1085 1825 1
1182 1832 1
1200 1832 1
1790 1897 1
1161 1897 1
1118 1834 1
1118 1899 1
1102 1118 1
1118 1873 1
1118 1813 1
1118 2108 1
1811 1827 1
1160 1843 1
1109 1843 1
1160 1169 1
1108 1160 1
1103 1160 1
1848 1883 1
1816 1883 1
1848 1872 1
1104 1848 1
1075 1848 1
1091 1095 1
1100 1874 1
1100 2102 1
1108 1835 1
1160 1835 1
1169 1835 1
1835 1843 1
1103 1835 1
690 1121 -1
1553 1869 -1
1869 2170 -1
1553 1840 -1
1193 1553 -1
1167 1553 -1
651 1702 -1
661 1135 -1
211 1135 -1
102 1157 -1
1157 1721 -1
102 1162 -1
1060 2060 -1
932 1329 -1
623 1686 -1
623 1349 -1
10 623 -1
559 623 -1
623 2289 -1
623 1653 -1
15 623 -1
623 1694 -1
623 1685 -1
1668 1838 -1
1668 1803 -1
1668 1887 -1
1521 2031 -1
470 2031 -1
106 768 -1
768 920 -1
1045 1283 -1
247 1777 -1
1048 1777 -1
694 1777 -1
239 1777 -1
643 1477 -1
578 2125 -1
54 1107 -1
60 1107 -1
1845 2029 -1
1205 2029 -1
1861 2029 -1
1862 2029 -1
1117 2029 -1
245 2060 -1
288 1497 -1
1497 1773 -1
277 1497 -1
50 1425 -1
50 2201 -1
438 1719 -1
438 880 -1
443 1190 -1
400 1190 -1
213 275 -1
275 2079 -1
213 1040 -1
638 2128 -1
2084 2128 -1
646 2128 -1
2128 2230 -1
638 1104 -1
638 1075 -1
638 2127 -1
422 673 -1
384 422 -1
339 422 -1
371 422 -1
1025 2168 -1
1897 2264 -1
1161 2264 -1
1790 2264 -1
470 2096 -1
1521 2096 -1
1865 2171 -1
1677 1929 -1
1677 1950 -1
4 490 -1
939 1390 -1
59 1390 -1
136 1390 -1
1390 2250 -1
1390 2251 -1
813 1390 -1
942 1390 -1
882 1390 -1
51 1390 -1
852 1390 -1
859 1390 -1
1390 1727 -1
213 1088 -1
1088 2079 -1
116 180 -1
96 180 -1
728 812 -1
812 1628 -1
728 1360 -1
13 728 -1
706 1822 -1
81 1619 -1
81 1314 -1
81 731 -1
81 1589 -1
81 1910 -1
81 1295 -1
393 806 -1
696 806 -1
806 2215 -1
393 2297 -1
393 1663 -1
865 953 -1
1491 1975 -1
360 1867 -1
1867 2098 -1
360 1184 -1
1542 1952 -1
720 1375 -1
727 1375 -1
111 726 -1
726 866 -1
726 933 -1
1929 2208 -1
1950 2208 -1
1183 1362 -1
1362 1859 -1
1362 1828 -1
1192 1362 -1
1132 1362 -1
1137 1362 -1
1110 1362 -1
1080 1362 -1
1362 1853 -1
905 1046 -1
273 905 -1
282 905 -1
809 1053 -1
809 2216 -1
809 1059 -1
249 1165 -1
374 1165 -1
1447 1977 -1
1569 1977 -1
1201 1280 -1
1201 1552 -1
1201 1266 -1
1201 1268 -1
86 1175 -1
11 1430 -1
1430 1648 -1
1373 1430 -1
607 1430 -1
1032 1277 -1
350 1277 -1
1287 2112 -1
452 2112 -1
63 1178 -1
554 959 -1
554 648 -1
554 653 -1
554 657 -1
554 1396 -1
554 1398 -1
554 1401 -1
627 1220 -1
517 1215 -1
1215 1603 -1
326 833 -1
294 833 -1
326 827 -1
326 940 -1
70 326 -1
326 2267 -1
256 486 -1
328 486 -1
1615 2249 -1
1919 2249 -1
711 2249 -1
176 1615 -1
48 1190 -1
1893 2040 -1
273 2225 -1
282 2225 -1
1046 2225 -1
1703 2026 -1
2026 2266 -1
346 1569 -1
1024 1569 -1
682 1569 -1
236 1569 -1
349 1569 -1
346 1447 -1
1344 1494 -1
1344 1535 -1
896 2196 -1
72 2196 -1
501 679 -1
508 679 -1
679 1309 -1
722 1809 -1
1568 1712 -1
352 1230 -1
345 1230 -1
1970 2246 -1
1935 2246 -1
170 1970 -1
250 2081 -1
748 1734 -1
272 1231 -1
272 1131 -1
1648 1931 -1
11 1931 -1
1373 1931 -1
607 1931 -1
685 1518 -1
161 589 -1
184 589 -1
589 617 -1
225 589 -1
589 983 -1
44 161 -1
352 1552 -1
345 1552 -1
352 1280 -1
352 1266 -1
352 1268 -1
1171 2274 -1
1864 2274 -1
2124 2274 -1
1171 2277 -1
435 1967 -1
435 1596 -1
435 1906 -1
435 1924 -1
435 734 -1
131 1029 -1
858 1029 -1
131 320 -1
131 290 -1
131 315 -1
131 2212 -1
131 300 -1
131 2192 -1
131 2203 -1
1735 1955 -1
381 2243 -1
264 2243 -1
297 2243 -1
1427 2243 -1
1764 2243 -1
277 745 -1
288 745 -1
745 1773 -1
620 1988 -1
39 1060 -1
593 1060 -1
259 1097 -1
541 1893 -1
544 1893 -1
505 1893 -1
1893 2139 -1
263 1262 -1
358 1262 -1
270 831 -1
1300 2258 -1
1265 1379 -1
600 1904 -1
396 594 -1
594 1273 -1
396 1696 -1
231 1586 -1
652 1586 -1
231 2144 -1
231 1316 -1
231 1961 -1
231 715 -1
231 754 -1
231 762 -1
818 1670 -1
790 818 -1
1529 1825 -1
1085 1529 -1
1529 1814 -1
906 2146 -1
906 1600 -1
315 1168 -1
320 1168 -1
1168 2212 -1
1029 1168 -1
330 1168 -1
300 1168 -1
1168 2192 -1
1168 2203 -1
1372 2095 -1
2022 2095 -1
992 2278 -1
631 778 -1
778 1404 -1
292 853 -1
853 1049 -1
379 853 -1
1238 1295 -1
1142 1295 -1
1238 1314 -1
731 1238 -1
1238 1619 -1
874 1464 -1
874 1562 -1
874 2188 -1
1016 1901 -1
355 1901 -1
1901 2206 -1
334 1901 -1
1016 1116 -1
598 1140 -1
598 1177 -1
598 1794 -1
792 2143 -1
1665 2143 -1
555 2143 -1
1340 2143 -1
1657 2143 -1
792 2130 -1
792 2147 -1
379 1339 -1
292 1339 -1
1034 1339 -1
1339 1771 -1
1339 2093 -1
276 1339 -1
1049 1339 -1
1021 1339 -1
1001 1661 -1
164 1149 -1
175 1149 -1
1149 1397 -1
957 1149 -1
164 1850 -1
247 2272 -1
1048 2272 -1
694 2272 -1
239 2272 -1
833 1053 -1
827 1053 -1
940 1053 -1
70 1053 -1
1053 2267 -1
833 2216 -1
833 1059 -1
771 1035 -1
1545 1973 -1
761 1545 -1
84 754 -1
84 2144 -1
84 1316 -1
84 1961 -1
84 715 -1
84 1586 -1
84 762 -1
1471 1861 -1
1528 1861 -1
1481 1861 -1
1585 1861 -1
409 1861 -1
1176 1471 -1
1205 1471 -1
1117 1471 -1
1471 1862 -1
1471 1845 -1
819 1603 -1
517 819 -1
220 287 -1
287 611 -1
410 611 -1
220 410 -1
240 554 -1
795 1433 -1
257 1205 -1
257 1176 -1
257 1845 -1
257 1861 -1
257 1862 -1
257 1117 -1
552 1230 -1
1735 2066 -1
719 2198 -1
1592 2198 -1
1588 2198 -1
910 1348 -1
248 2223 -1
228 248 -1
700 934 -1
802 1170 -1
1091 1415 -1
1095 1415 -1
61 1907 -1
876 1907 -1
820 1907 -1
108 1907 -1
87 1907 -1
601 1723 -1
45 1723 -1
310 1187 -1
293 1187 -1
1003 1683 -1
1003 1371 -1
782 1003 -1
807 1003 -1
1080 1772 -1
1192 1772 -1
1132 1772 -1
1110 1772 -1
1183 1772 -1
348 887 -1
49 348 -1
1442 2217 -1
530 2267 -1
530 833 -1
530 827 -1
530 940 -1
70 530 -1
1587 2070 -1
338 1544 -1
338 1248 -1
338 451 -1
345 1883 -1
352 1883 -1
345 1872 -1
345 1104 -1
345 1075 -1
345 1816 -1
345 1848 -1
1116 2229 -1
1901 2229 -1
1009 1116 -1
687 2181 -1
484 687 -1
821 1216 -1
203 2258 -1
142 2258 -1
207 2258 -1
945 1118 -1
945 1834 -1
945 1899 -1
945 1102 -1
945 1873 -1
945 1813 -1
945 2108 -1
881 2304 -1
947 2304 -1
814 2304 -1
881 2019 -1
91 705 -1
186 248 -1
248 1403 -1
1307 1890 -1
496 1890 -1
721 1890 -1
1629 1890 -1
502 1890 -1
1105 1307 -1
1307 2113 -1
938 1351 -1
193 472 -1
1606 1713 -1
1293 1713 -1
1674 1708 -1
794 1708 -1
274 740 -1
1112 1241 -1
387 1493 -1
387 2185 -1
387 1547 -1
387 2182 -1
764 1891 -1
581 1891 -1
765 1891 -1
764 1881 -1
764 1138 -1
764 2100 -1
687 1869 -1
687 1840 -1
687 1193 -1
687 1167 -1
317 1087 -1
1087 1771 -1
276 1087 -1
702 1197 -1
702 1857 -1
231 1848 -1
652 1848 -1
231 1816 -1
231 1872 -1
231 1104 -1
231 1883 -1
231 1075 -1
1277 2150 -1
725 1277 -1
523 1277 -1
525 1277 -1
519 1277 -1
460 1591 -1
399 1591 -1
729 1039 -1
1039 1642 -1
34 1779 -1
562 1779 -1
810 1721 -1
1721 1992 -1
1721 2291 -1
102 810 -1
881 1302 -1
947 1302 -1
814 1302 -1
250 1091 -1
250 1095 -1
677 1535 -1
677 1494 -1
1297 2265 -1
849 1297 -1
107 1297 -1
1297 1700 -1
845 1297 -1
94 1297 -1
345 1359 -1
352 1359 -1
74 2243 -1
1536 1841 -1
1472 1841 -1
1546 1841 -1
1549 1841 -1
1551 1841 -1
471 1841 -1
477 1841 -1
498 2009 -1
1002 1131 -1
1002 1231 -1
447 1198 -1
447 1886 -1
59 1917 -1
939 1917 -1
1917 2251 -1
813 1917 -1
942 1917 -1
310 1379 -1
293 1379 -1
34 1385 -1
562 1385 -1
34 1402 -1
34 221 -1
385 950 -1
488 2243 -1
1441 2243 -1
430 2243 -1
1286 2243 -1
715 2202 -1
2144 2202 -1
1316 2202 -1
1961 2202 -1
1586 2202 -1
754 2202 -1
762 2202 -1
307 715 -1
288 1321 -1
1321 1773 -1
277 1321 -1
550 957 -1
164 550 -1
550 1397 -1
175 550 -1
180 1661 -1
249 1442 -1
374 1442 -1
1312 2076 -1
77 1661 -1
234 1156 -1
315 2290 -1
320 2290 -1
2212 2290 -1
1029 2290 -1
330 2290 -1
300 2290 -1
2192 2290 -1
2203 2290 -1
315 1699 -1
315 2027 -1
315 573 -1
275 1502 -1
1040 1502 -1
1529 2061 -1
828 1529 -1
913 1529 -1
1529 2069 -1
823 1529 -1
860 1529 -1
127 1529 -1
1744 1885 -1
152 1885 -1
952 1885 -1
172 1885 -1
1359 1861 -1
1176 1359 -1
1205 1359 -1
1117 1359 -1
1359 1862 -1
1359 1845 -1
1268 1337 -1
1337 1552 -1
1280 1337 -1
1506 1893 -1
542 998 -1
614 1824 -1
1824 2075 -1
803 1063 -1
1705 1942 -1
92 1942 -1
111 2306 -1
866 2306 -1
933 2306 -1
601 851 -1
45 851 -1
601 1701 -1
601 2059 -1
601 916 -1
601 837 -1
601 2071 -1
973 1319 -1
1157 2083 -1
1162 2083 -1
175 1800 -1
164 1800 -1
1397 1800 -1
957 1800 -1
175 1232 -1
516 1712 -1
461 1123 -1
170 900 -1
900 2246 -1
302 514 -1
552 1756 -1
552 2080 -1
165 552 -1
552 621 -1
1236 2283 -1
321 1369 -1
321 784 -1
228 1969 -1
1969 2223 -1
43 979 -1
43 650 -1
329 2274 -1
244 2274 -1
329 2277 -1
479 841 -1
819 1336 -1
2108 2148 -1
1834 2148 -1
1899 2148 -1
1102 2148 -1
1873 2148 -1
1813 2148 -1
1118 2148 -1
191 449 -1
1016 1318 -1
355 1318 -1
1318 2206 -1
334 1318 -1
770 2131 -1
709 770 -1
719 1556 -1
1556 1592 -1
1556 1588 -1
719 1512 -1
719 1508 -1
129 1321 -1
358 1141 -1
263 1141 -1
1165 1766 -1
269 1165 -1
309 1165 -1
1062 1165 -1
255 1165 -1
1110 1521 -1
1080 1521 -1
1192 1521 -1
1183 1521 -1
1132 1521 -1
1521 1828 -1
470 1110 -1
667 925 -1
90 1381 -1
1410 1529 -1
265 796 -1
399 846 -1
460 846 -1
1184 2080 -1
1867 2080 -1
1184 1756 -1
165 1184 -1
621 1184 -1
144 1864 -1
144 1171 -1
144 2124 -1
455 2238 -1
171 455 -1
294 1637 -1
326 1637 -1
294 1308 -1
138 1233 -1
1378 1883 -1
1378 1872 -1
1104 1378 -1
1075 1378 -1
1378 1816 -1
1378 1848 -1
415 1109 -1
415 1160 -1
415 1843 -1
801 1497 -1
415 1184 -1
415 1867 -1
176 453 -1
453 2249 -1
176 1258 -1
176 468 -1
176 445 -1
242 731 -1
242 1314 -1
242 1619 -1
242 1295 -1
419 1808 -1
419 1150 -1
115 2309 -1
22 115 -1
115 2024 -1
115 558 -1
115 1654 -1
115 569 -1
115 603 -1
873 1536 -1
68 1536 -1
873 1472 -1
873 1546 -1
873 1549 -1
873 1551 -1
471 873 -1
477 873 -1
318 1803 -1
318 1838 -1
318 1887 -1
534 1822 -1
1519 1602 -1
1505 1602 -1
1602 2178 -1
1284 1602 -1
474 1602 -1
1103 1495 -1
1160 1495 -1
1169 1495 -1
1495 1843 -1
1108 1495 -1
1495 1835 -1
1038 1151 -1
1052 1151 -1
599 1745 -1
1272 2044 -1
884 1006 -1
917 1006 -1
1704 1995 -1
899 1995 -1
811 2246 -1
170 811 -1
1826 1952 -1
1174 1952 -1
440 1918 -1
492 1918 -1
440 1641 -1
765 1403 -1
764 1403 -1
581 1403 -1
186 765 -1
59 1819 -1
939 1819 -1
1819 2251 -1
813 1819 -1
942 1819 -1
728 2049 -1
1628 2049 -1
1227 2276 -1
1139 2276 -1
1077 2276 -1
926 1227 -1
1103 1732 -1
1160 1732 -1
1169 1732 -1
1732 1843 -1
1108 1732 -1
1732 1835 -1
1103 1746 -1
583 1136 -1
1136 1688 -1
1136 2023 -1
1457 1772 -1
1772 2177 -1
1580 1772 -1
995 2069 -1
860 995 -1
828 995 -1
995 2061 -1
380 1840 -1
1041 1840 -1
380 1193 -1
380 1869 -1
380 1167 -1
93 1817 -1
120 1817 -1
590 1244 -1
1595 2210 -1
340 1595 -1
742 1818 -1
626 1983 -1
171 1100 -1
1100 2238 -1
171 1874 -1
171 2102 -1
122 997 -1
409 532 -1
532 1481 -1
532 1471 -1
667 1328 -1
512 667 -1
824 1050 -1
1261 1768 -1
1768 2162 -1
1582 1768 -1
1167 1550 -1
1550 1840 -1
1193 1550 -1
1550 1869 -1
1734 2274 -1
1734 2277 -1
1025 1092 -1
1929 2074 -1
1950 2074 -1
1753 1929 -1
668 1929 -1
439 2094 -1
1459 2094 -1
439 1408 -1
277 1938 -1
288 1938 -1
1773 1938 -1
394 1621 -1
1250 1621 -1
424 1621 -1
493 1621 -1
1456 1621 -1
436 1621 -1
469 1621 -1
1530 1621 -1
394 1623 -1
1396 1426 -1
648 1426 -1
653 1426 -1
657 1426 -1
1398 1426 -1
1401 1426 -1
959 1426 -1
1396 2190 -1
807 1797 -1
1371 1797 -1
1683 1797 -1
782 1797 -1
1867 2238 -1
1184 2238 -1
171 1867 -1
1171 2230 -1
1864 2230 -1
2124 2230 -1
1171 2084 -1
646 1171 -1
638 1171 -1
1277 1414 -1
1034 1277 -1
1021 1277 -1
781 1914 -1
238 1837 -1
322 1837 -1
634 1377 -1
225 1377 -1
617 1377 -1
155 2191 -1
628 2191 -1
665 1116 -1
665 1901 -1
618 1256 -1
952 1256 -1
172 1256 -1
197 1256 -1
206 1256 -1
476 618 -1
618 1276 -1
618 1465 -1
183 1543 -1
1543 1731 -1
196 2117 -1
64 800 -1
529 2206 -1
1298 2206 -1
724 2206 -1
529 1016 -1
355 529 -1
325 529 -1
334 529 -1
161 1951 -1
184 1951 -1
617 1951 -1
225 1951 -1
983 1951 -1
231 2054 -1
652 2054 -1
231 2263 -1
394 577 -1
577 1250 -1
424 577 -1
493 577 -1
577 1456 -1
436 577 -1
469 577 -1
577 1530 -1
394 773 -1
960 2290 -1
656 2290 -1
222 2290 -1
960 1699 -1
960 2027 -1
573 960 -1
973 1627 -1
661 1609 -1
211 1609 -1
661 1306 -1
995 1906 -1
995 1596 -1
995 1924 -1
734 995 -1
995 1967 -1
875 1073 -1
47 1919 -1
576 1919 -1
47 1615 -1
47 711 -1
1038 1078 -1
1052 1078 -1
1038 1807 -1
620 2133 -1
620 1957 -1
1272 1801 -1
1014 1870 -1
280 1870 -1
1054 1870 -1
865 1874 -1
865 1100 -1
865 2102 -1
1245 1656 -1
630 1982 -1
1393 1982 -1
1130 2219 -1
920 2297 -1
106 2297 -1
806 920 -1
920 1663 -1
758 874 -1
747 1045 -1
1254 1945 -1
1513 1945 -1
495 1254 -1
1126 1334 -1
1334 1788 -1
1682 1982 -1
2034 2280 -1
610 1046 -1
273 610 -1
282 610 -1
192 739 -1
192 1915 -1
192 1979 -1
192 1939 -1
192 1911 -1
380 894 -1
894 1041 -1
1302 1456 -1
424 1302 -1
1250 1302 -1
436 1302 -1
1302 1530 -1
394 1302 -1
950 1620 -1
182 1324 -1
642 1324 -1
174 1324 -1
1945 2017 -1
495 2017 -1
0 683 -1
8 683 -1
23 683 -1
588 882 -1
882 1649 -1
588 859 -1
588 2250 -1
51 588 -1
588 939 -1
588 942 -1
1301 1351 -1
886 1090 -1
889 1090 -1
842 1090 -1
783 1857 -1
560 1857 -1
25 1857 -1
1692 1857 -1
1647 1857 -1
783 1197 -1
148 1433 -1
539 1466 -1
1466 1913 -1
1466 1959 -1
1593 2005 -1
285 973 -1
734 865 -1
865 1596 -1
865 1906 -1
865 1924 -1
865 1967 -1
1441 1994 -1
488 1994 -1
430 1994 -1
1286 1994 -1
1227 2050 -1
1139 2050 -1
1077 2050 -1
1227 1711 -1
183 1898 -1
1731 1898 -1
1288 2017 -1
1311 1466 -1
760 1466 -1
1322 1466 -1
704 1927 -1
1165 2184 -1
1030 1730 -1
1030 2231 -1
1401 2035 -1
1380 2035 -1
648 2035 -1
653 2035 -1
657 2035 -1
1396 2035 -1
1398 2035 -1
959 2035 -1
661 1134 -1
211 1134 -1
616 864 -1
1367 2245 -1
1210 2032 -1
918 2202 -1
307 918 -1
1656 2219 -1
579 1253 -1
580 1253 -1
579 1452 -1
406 579 -1
178 1276 -1
178 1256 -1
178 1465 -1
178 476 -1
623 1845 -1
623 1205 -1
623 1861 -1
623 1862 -1
623 1117 -1
767 2213 -1
45 1139 -1
601 1139 -1
45 1227 -1
45 1077 -1
98 279 -1
636 2203 -1
649 2203 -1
1758 2203 -1
320 636 -1
636 2212 -1
636 1029 -1
300 636 -1
636 2192 -1
315 636 -1
1431 2244 -1
856 1841 -1
157 1969 -1
898 1558 -1
863 1558 -1
601 635 -1
45 635 -1
453 1138 -1
1138 1258 -1
468 1138 -1
445 1138 -1
453 1891 -1
453 2100 -1
2023 2273 -1
1688 2273 -1
24 2273 -1
583 2273 -1
902 1330 -1
915 1330 -1
547 902 -1
935 1786 -1
10 1599 -1
769 1599 -1
1599 1685 -1
1599 1686 -1
1599 1653 -1
1449 2114 -1
448 2114 -1
1251 2114 -1
1541 2114 -1
1575 2114 -1
1084 1449 -1
1101 1449 -1
1458 1872 -1
1104 1458 -1
1075 1458 -1
1458 1883 -1
1458 1848 -1
1375 1481 -1
1375 1528 -1
409 1375 -1
1375 1585 -1
1375 1471 -1
396 755 -1
755 1273 -1
396 2140 -1
1290 1854 -1
123 376 -1
210 1864 -1
210 1171 -1
210 2124 -1
1275 1405 -1
164 2110 -1
175 2110 -1
1397 2110 -1
957 2110 -1
211 1797 -1
661 1797 -1
1748 2158 -1
130 1402 -1
130 1385 -1
130 221 -1
