796 1370 1
1993 2014 1
1664 1683 1
37 2011 1
20 597 1
593 1666 1
1679 2280 1
4 1335 1
793 1996 1
39 2017 1
555 2287 1
580 606 1
771 2023 1
41 581 1
571 2009 1
793 2010 1
1996 2010 1
1369 2284 1
32 790 1
555 1998 1
1998 2287 1
19 1995 1
1 1350 1
581 1648 1
41 1648 1
39 776 1
776 2017 1
565 1660 1
21 1667 1
1362 2009 1
571 1362 1
1362 1998 1
1998 2009 1
571 1998 1
555 1362 1
1362 2287 1
1375 2289 1
2018 2303 1
563 1989 1
1359 2302 1
583 593 1
583 1666 1
17 2022 1
35 561 1
591 2007 1
764 1649 1
33 1680 1
1661 2014 1
1661 1993 1
1369 1375 1
1375 2284 1
1369 2289 1
1697 2286 1
803 2304 1
583 791 1
593 791 1
791 1666 1
780 1358 1
29 1693 1
775 2304 1
775 803 1
770 783 1
1661 2004 1
1993 2004 1
2004 2014 1
18 1358 1
18 780 1
557 2281 1
1676 2012 1
1360 2302 1
1359 1360 1
35 2021 1
561 2021 1
47 803 1
47 2304 1
47 775 1
561 1995 1
35 1995 1
1995 2021 1
19 561 1
0 1655 1
1 811 1
811 1350 1
1342 1984 1
1656 1685 1
1350 1668 1
1 1668 1
811 1668 1
603 1660 1
565 603 1
1343 1371 1
1677 1688 1
786 1376 1
1344 2006 1
34 805 1
567 2011 1
37 567 1
1363 2298 1
577 2284 1
577 1369 1
577 1375 1
581 1660 1
1648 1660 1
41 1660 1
581 603 1
565 581 1
1648 2009 1
41 2009 1
1660 2009 1
581 2009 1
1648 1998 1
1362 1648 1
571 1648 1
774 2024 1
581 785 1
41 785 1
785 1648 1
565 785 1
785 2009 1
603 785 1
785 1660 1
2022 2299 1
17 2299 1
580 797 1
606 797 1
19 1375 1
561 1375 1
1375 1995 1
19 577 1
19 2284 1
19 2289 1
19 1369 1
1650 1997 1
597 1356 1
20 1356 1
47 2305 1
2304 2305 1
803 2305 1
775 2305 1
1674 2299 1
17 1674 1
1674 2022 1
560 2286 1
560 1697 1
1992 2020 1
765 1369 1
577 765 1
765 2284 1
765 2289 1
19 765 1
765 1375 1
25 1369 1
25 577 1
25 2284 1
25 2289 1
19 25 1
25 765 1
25 1375 1
584 779 1
36 1341 1
47 597 1
597 2304 1
597 2305 1
597 803 1
597 775 1
47 1356 1
20 47 1
107 829 1
879 1710 1
58 907 1
917 945 1
902 2259 1
65 907 1
58 65 1
893 2057 1
823 1720 1
941 949 1
875 927 1
835 859 1
822 2252 1
85 134 1
126 863 1
889 889 1
1707 2071 1
904 936 1
55 2060 1
64 73 1
1703 2032 1
78 135 1
2044 2071 1
1707 2044 1
878 2046 1
823 932 1
932 1720 1
878 1714 1
1714 2046 1
64 912 1
73 912 1
53 878 1
53 1714 1
53 2046 1
1700 2069 1
1706 2274 1
1709 2278 1
136 893 1
136 2057 1
880 2071 1
880 1707 1
880 2044 1
129 913 1
129 1709 1
913 1709 1
129 2278 1
870 880 1
870 1707 1
870 2044 1
870 2071 1
910 2050 1
919 923 1
2041 2274 1
1706 2041 1
54 946 1
75 935 1
91 2055 1
870 2057 1
880 2057 1
1707 2057 1
2044 2057 1
2057 2071 1
136 870 1
870 893 1
815 951 1
2053 2271 1
2037 2048 1
119 2268 1
882 2037 1
882 2048 1
59 889 1
84 128 1
2270 2277 1
941 2069 1
949 2069 1
941 1700 1
2034 2051 1
82 116 1
50 887 1
907 2277 1
65 2277 1
58 2277 1
907 2270 1
936 2264 1
904 2264 1
2064 2262 1
69 98 1
91 933 1
933 2055 1
876 1720 1
876 932 1
823 876 1
2069 2278 1
1700 2278 1
941 2278 1
949 2278 1
129 2069 1
1709 2069 1
838 917 1
838 945 1
98 941 1
69 941 1
98 1700 1
98 2278 1
98 949 1
98 2069 1
913 938 1
129 938 1
938 1709 1
850 1724 1
1701 2250 1
883 1711 1
863 951 1
126 951 1
815 863 1
113 827 1
840 2260 1
100 827 1
100 113 1
950 1701 1
950 2250 1
871 900 1
863 1727 1
815 1727 1
126 1727 1
951 1727 1
57 2039 1
2038 2053 1
2038 2271 1
62 892 1
870 1713 1
136 1713 1
1713 2057 1
1707 1713 1
880 1713 1
1713 2071 1
1713 2044 1
893 1713 1
88 2253 1
83 1707 1
83 870 1
83 2057 1
83 880 1
83 1713 1
83 2071 1
83 2044 1
881 912 1
64 881 1
73 881 1
1726 2061 1
875 2043 1
927 2043 1
121 1707 1
121 870 1
121 2057 1
121 880 1
121 1713 1
83 121 1
121 2071 1
121 2044 1
878 925 1
925 1714 1
53 925 1
925 2046 1
103 2065 1
976 1382 1
209 630 1
200 1736 1
642 993 1
211 2225 1
663 1381 1
182 2083 1
223 2243 1
1753 2075 1
1750 1756 1
660 1396 1
1004 1013 1
671 966 1
956 2223 1
220 1754 1
170 2249 1
1755 2236 1
168 1393 1
1761 2223 1
956 1761 1
195 223 1
195 2243 1
145 1009 1
2082 2085 1
642 1743 1
993 1743 1
1380 1738 1
634 1746 1
996 1398 1
2072 2225 1
211 2072 1
227 1013 1
227 1004 1
163 1756 1
163 1750 1
213 1010 1
2084 2220 1
157 1005 1
223 1393 1
1393 2243 1
195 1393 1
168 223 1
953 1013 1
227 953 1
953 1004 1
646 665 1
991 1379 1
211 2085 1
2072 2085 1
2085 2225 1
211 2082 1
168 1388 1
1388 1393 1
223 1388 1
175 1386 1
2235 2242 1
629 644 1
626 1747 1
2086 2247 1
197 2074 1
1752 2232 1
981 1755 1
981 2236 1
226 651 1
203 2220 1
203 2084 1
620 652 1
206 216 1
140 229 1
231 626 1
231 1747 1
223 2089 1
2089 2243 1
168 2089 1
1388 2089 1
1393 2089 1
195 2089 1
151 2091 1
1390 1750 1
163 1390 1
1390 1756 1
230 1759 1
1000 2232 1
1000 1752 1
981 2237 1
1755 2237 1
2236 2237 1
192 957 1
956 2239 1
1761 2239 1
2223 2239 1
1402 2229 1
652 958 1
620 958 1
638 660 1
638 1396 1
612 996 1
612 1398 1
989 1390 1
163 989 1
989 1756 1
989 1750 1
643 1736 1
200 643 1
147 229 1
140 147 1
213 2234 1
1010 2234 1
636 965 1
183 1394 1
221 971 1
206 2080 1
216 2080 1
211 1757 1
1757 2072 1
1757 2225 1
1757 2082 1
1757 2085 1
158 666 1
970 972 1
167 2234 1
167 1010 1
167 213 1
182 199 1
199 2083 1
204 1757 1
204 2082 1
204 2085 1
204 2225 1
204 211 1
204 2072 1
190 639 1
996 1754 1
612 1754 1
1398 1754 1
220 996 1
962 1398 1
612 962 1
962 1754 1
962 996 1
1005 1731 1
157 1731 1
621 662 1
995 2236 1
995 1755 1
981 995 1
995 2237 1
170 1009 1
1009 2249 1
145 170 1
1012 1755 1
995 1012 1
1012 2236 1
981 1012 1
1012 2237 1
182 2229 1
2083 2229 1
199 2229 1
182 1402 1
625 1761 1
625 2239 1
625 956 1
625 2223 1
165 612 1
165 1754 1
165 996 1
165 962 1
165 1398 1
246 327 1
303 2097 1
272 372 1
245 312 1
1040 1042 1
363 2211 1
311 2201 1
1044 1417 1
287 1022 1
304 323 1
275 1425 1
676 701 1
356 1037 1
343 1431 1
696 1411 1
286 380 1
246 294 1
294 327 1
319 353 1
237 382 1
359 1040 1
359 1042 1
359 1026 1
1026 1040 1
1026 1042 1
237 1438 1
382 1438 1
309 390 1
1056 1070 1
323 2197 1
304 2197 1
1066 2097 1
303 1066 1
252 360 1
264 356 1
264 1037 1
254 1049 1
306 369 1
2209 2218 1
392 679 1
673 1034 1
1027 1433 1
321 1062 1
368 697 1
246 251 1
251 294 1
251 327 1
256 1417 1
256 1044 1
370 1764 1
267 690 1
259 345 1
274 349 1
378 1028 1
264 322 1
322 356 1
322 1037 1
276 1025 1
297 1040 1
297 1042 1
297 1026 1
297 359 1
362 2211 1
362 363 1
378 2210 1
1028 2210 1
315 694 1
308 1765 1
362 698 1
363 698 1
698 2211 1
335 1766 1
247 697 1
247 368 1
379 687 1
1055 1419 1
1063 1419 1
1055 1063 1
1025 2095 1
276 2095 1
285 387 1
258 693 1
295 309 1
295 390 1
385 699 1
2208 2209 1
2208 2218 1
672 679 1
392 672 1
283 1416 1
325 675 1
389 696 1
389 1411 1
315 1049 1
694 1049 1
254 315 1
298 1034 1
298 673 1
265 324 1
254 385 1
385 1049 1
315 385 1
254 699 1
1412 1434 1
243 281 1
234 257 1
342 347 1
269 1767 1
247 684 1
368 684 1
684 697 1
692 1437 1
234 269 1
257 269 1
234 1767 1
1041 1057 1
379 681 1
681 687 1
256 320 1
320 1417 1
320 1044 1
391 1014 1
677 702 1
249 380 1
249 286 1
308 701 1
701 1765 1
308 676 1
294 388 1
251 388 1
246 388 1
327 388 1
1045 1435 1
330 355 1
1422 2208 1
1422 2209 1
1422 2218 1
384 2094 1
672 1061 1
392 1061 1
679 1061 1
313 2096 1
371 1029 1
362 2209 1
363 2209 1
698 2209 1
2209 2211 1
362 2208 1
362 2218 1
362 1422 1
295 1428 1
309 1428 1
390 1428 1
251 1062 1
388 1062 1
294 1062 1
246 1062 1
327 1062 1
251 321 1
1025 1027 1
276 1027 1
1027 2095 1
1025 1433 1
1416 1768 1
283 1768 1
437 1510 1
1526 1566 1
443 1521 1
463 1584 1
1539 1552 1
1513 2178 1
476 1522 1
1483 1578 1
398 1267 1
450 1551 1
1447 1469 1
1288 1443 1
703 1518 1
1483 2182 1
1578 2182 1
1253 1482 1
491 1558 1
448 1462 1
1264 1279 1
401 1570 1
1540 1571 1
407 2188 1
427 473 1
454 1567 1
465 1518 1
465 703 1
1280 1440 1
458 1269 1
395 397 1
1457 1506 1
1274 1499 1
413 2168 1
1551 2187 1
450 2187 1
451 1474 1
461 1575 1
1274 1478 1
1478 1499 1
457 459 1
409 1474 1
409 451 1
1286 1491 1
432 2189 1
1242 1560 1
1265 2170 1
1569 2178 1
1513 1569 1
434 1257 1
1481 1567 1
454 1481 1
1467 1469 1
1447 1467 1
1445 1520 1
1246 1478 1
1246 1274 1
1246 1499 1
1474 1485 1
409 1485 1
451 1485 1
1524 1538 1
1545 1564 1
1558 1558 1
1260 1452 1
401 403 1
403 1570 1
457 1585 1
459 1585 1
1478 1481 1
1274 1481 1
1481 1499 1
1246 1481 1
454 1478 1
1478 1567 1
424 437 1
424 1510 1
399 491 1
399 1558 1
703 1546 1
465 1546 1
1518 1546 1
462 1256 1
1497 1559 1
1460 1572 1
1246 2173 1
1481 2173 1
1274 2173 1
1499 2173 1
1478 2173 1
417 2169 1
487 1249 1
447 1470 1
1509 1535 1
1490 1570 1
401 1490 1
403 1490 1
450 1448 1
1448 2187 1
1448 1551 1
1256 1265 1
462 1265 1
1256 2170 1
1275 1583 1
420 1508 1
1498 2171 1
1273 1461 1
448 1445 1
1445 1462 1
448 1520 1
1495 1570 1
401 1495 1
1490 1495 1
403 1495 1
454 470 1
470 1481 1
470 1478 1
470 1567 1
1287 1509 1
1287 1535 1
492 1482 1
492 1253 1
1517 2179 1
1548 1551 1
1448 1548 1
450 1548 1
1548 2187 1
476 1284 1
1284 1522 1
474 1484 1
1446 2177 1
1280 1498 1
1440 1498 1
1280 2171 1
1460 1524 1
1524 1572 1
1460 1538 1
1480 1541 1
1260 1488 1
1452 1488 1
399 478 1
478 491 1
478 1558 1
1447 1474 1
1467 1474 1
1469 1474 1
451 1447 1
1447 1485 1
409 1447 1
1497 1538 1
1538 1559 1
1460 1497 1
1497 1524 1
405 474 1
405 1484 1
1524 2161 1
1572 2161 1
1538 2161 1
1460 2161 1
1497 2161 1
1440 1446 1
1280 1446 1
1446 1498 1
1440 2177 1
408 1543 1
1464 1584 1
463 1464 1
1921 1971 1
512 2133 1
1293 1605 1
714 1909 1
541 1980 1
746 1296 1
532 728 1
507 523 1
540 2134 1
514 1612 1
541 727 1
727 1980 1
1924 2134 1
540 1924 1
726 1305 1
512 1970 1
1970 2133 1
1910 1930 1
751 1329 1
1312 1318 1
504 730 1
536 1980 1
536 541 1
536 727 1
512 1599 1
1599 1970 1
1599 2133 1
720 1643 1
1612 1916 1
514 1916 1
709 1321 1
759 1954 1
495 1611 1
1907 2147 1
1297 1315 1
715 1308 1
522 1960 1
1307 2143 1
1912 1948 1
504 1618 1
730 1618 1
550 1323 1
740 2139 1
1979 2156 1
551 1602 1
708 2144 1
1912 2153 1
1948 2153 1
500 756 1
1296 1330 1
746 1330 1
1963 1983 1
496 2135 1
734 1608 1
503 1963 1
503 1983 1
532 1932 1
728 1932 1
729 1299 1
1602 1906 1
551 1906 1
528 1318 1
528 1312 1
1911 1944 1
1333 1970 1
512 1333 1
1333 2133 1
1333 1599 1
1332 1944 1
1332 1911 1
745 1929 1
717 1975 1
497 1943 1
1951 2150 1
761 2151 1
1602 1944 1
1906 1944 1
551 1944 1
1332 1602 1
1602 1911 1
731 1982 1
521 1301 1
1625 1932 1
728 1625 1
532 1625 1
498 1969 1
1301 1907 1
521 1907 1
1301 2147 1
725 1586 1
752 1629 1
722 1905 1
1616 1922 1
536 1981 1
1980 1981 1
541 1981 1
727 1981 1
715 1617 1
1308 1617 1
756 1922 1
500 1922 1
756 1616 1
499 523 1
499 507 1
533 1311 1
1586 1620 1
725 1620 1
1291 1327 1
715 720 1
720 1617 1
720 1308 1
715 1643 1
1329 1638 1
751 1638 1
755 2134 1
755 1924 1
540 755 1
1308 1634 1
720 1634 1
1617 1634 1
715 1634 1
713 1619 1
506 522 1
506 1960 1
1315 1627 1
1297 1627 1
725 1639 1
1586 1639 1
1620 1639 1
1616 2158 1
1922 2158 1
756 2158 1
1315 2157 1
1297 2157 1
1627 2157 1
747 1981 1
536 747 1
747 1980 1
541 747 1
727 747 1
500 749 1
749 1922 1
749 756 1
532 1925 1
728 1925 1
1625 1925 1
1925 1932 1
714 1302 1
1302 1909 1
1622 1623 1
548 1962 1
1599 2151 1
512 2151 1
1970 2151 1
2133 2151 1
1333 2151 1
761 1599 1
516 761 1
516 1599 1
516 2151 1
1612 1628 1
514 1628 1
1628 1916 1
738 1955 1
1333 2137 1
512 2137 1
2137 2151 1
1970 2137 1
2133 2137 1
1599 2137 1
1118 1119 1
1184 1855 1
1079 1810 1
1088 1225 1
1240 1855 1
1184 1240 1
1150 1810 1
1079 1150 1
1147 2119 1
1080 1837 1
1125 1239 1
1886 2127 1
1098 1890 1
1826 1831 1
1177 1191 1
1115 1862 1
1134 1179 1
1119 1827 1
1118 1827 1
1092 1210 1
1127 1878 1
2112 2123 1
1088 2102 1
1225 2102 1
1184 1195 1
1195 1240 1
1195 1855 1
1194 1794 1
1130 1232 1
1205 1805 1
1784 1806 1
1113 1842 1
1080 1894 1
1837 1894 1
1856 1893 1
1137 1806 1
1137 1784 1
1085 1229 1
1192 1883 1
1800 2117 1
1085 1804 1
1229 1804 1
1233 1854 1
1144 1204 1
1124 1210 1
1092 1124 1
1139 1210 1
1124 1139 1
1092 1139 1
1154 1788 1
1091 1109 1
1072 1234 1
1175 2110 1
1823 1844 1
1878 2108 1
1127 2108 1
1228 2106 1
1239 1817 1
1125 1817 1
1099 1848 1
1187 1842 1
1113 1187 1
1151 1854 1
1151 1233 1
1775 2114 1
1120 1785 1
1126 1795 1
1888 1893 1
1856 1888 1
1195 1844 1
1184 1844 1
1240 1844 1
1844 1855 1
1195 1823 1
1876 1897 1
1144 1157 1
1157 1204 1
1169 1189 1
1859 2126 1
1109 1218 1
1091 1218 1
1139 1148 1
1092 1148 1
1148 1210 1
1124 1148 1
1782 1877 1
1171 1202 1
1149 2104 1
1217 1780 1
1103 2122 1
1089 1091 1
1089 1218 1
1089 1109 1
1814 1844 1
1184 1814 1
1195 1814 1
1240 1814 1
1814 1823 1
1814 1855 1
1182 2129 1
1133 1790 1
1145 1822 1
1171 1215 1
1202 1215 1
1147 1205 1
1205 2119 1
1147 1805 1
1846 1901 1
1896 2128 1
1122 1161 1
1896 2101 1
2101 2128 1
1237 1886 1
1237 2127 1
1150 1235 1
1235 1810 1
1079 1235 1
1855 2101 1
1184 2101 1
1195 2101 1
1844 2101 1
1814 2101 1
1240 2101 1
1855 1896 1
1855 2128 1
1232 1840 1
1130 1840 1
1120 1774 1
1774 1785 1
1826 1846 1
1831 1846 1
1826 1901 1
1180 1893 1
1180 1856 1
1180 1888 1
1110 1850 1
1786 2108 1
1786 1878 1
1127 1786 1
1094 1120 1
1094 1785 1
1094 1774 1
1086 1093 1
1159 1204 1
1144 1159 1
1157 1159 1
1828 2101 1
1184 1828 1
1828 1896 1
1195 1828 1
1828 2128 1
1828 1844 1
1814 1828 1
1240 1828 1
1828 1855 1
1163 1169 1
1163 1189 1
1171 1900 1
1202 1900 1
1215 1900 1
1811 1898 1
1102 1811 1
1102 1898 1
1131 1165 1
1172 2116 1
1039 1666 -1
593 1039 -1
791 1039 -1
583 1039 -1
1338 1883 -1
1192 1338 -1
554 985 -1
1235 1382 -1
1382 1810 -1
1150 1382 -1
1079 1382 -1
976 1235 -1
170 1228 -1
145 1228 -1
1228 2249 -1
1009 1228 -1
170 2106 -1
1333 1455 -1
512 1455 -1
1455 2151 -1
1455 1970 -1
1455 2133 -1
1455 2137 -1
1455 1599 -1
622 1645 -1
888 1224 -1
131 777 -1
603 2208 -1
785 2208 -1
1660 2208 -1
565 2208 -1
581 2208 -1
603 2209 -1
603 2218 -1
362 603 -1
603 1422 -1
1759 1805 -1
230 1805 -1
1147 1759 -1
1205 1759 -1
636 805 -1
805 965 -1
34 636 -1
470 1710 -1
1481 1710 -1
1478 1710 -1
454 1710 -1
1567 1710 -1
470 879 -1
497 1846 -1
1846 1943 -1
497 1826 -1
497 1901 -1
497 1831 -1
381 1675 -1
388 1520 -1
1062 1520 -1
251 1520 -1
246 1520 -1
294 1520 -1
327 1520 -1
388 448 -1
388 1445 -1
822 1940 -1
1940 2252 -1
304 1910 -1
323 1910 -1
1910 2197 -1
304 1930 -1
782 2143 -1
782 1307 -1
65 1247 -1
58 1247 -1
907 1247 -1
1247 2277 -1
2013 2032 -1
1703 2013 -1
23 2210 -1
23 378 -1
23 1028 -1
179 414 -1
38 1429 -1
1534 1979 -1
1534 2156 -1
1420 1844 -1
1184 1420 -1
1420 1828 -1
1195 1420 -1
1420 2101 -1
1420 1814 -1
1240 1420 -1
1420 1823 -1
1420 1855 -1
225 2167 -1
996 1593 -1
962 1593 -1
612 1593 -1
165 1593 -1
1398 1593 -1
1593 1754 -1
220 1593 -1
511 1170 -1
1043 2000 -1
835 1224 -1
859 1224 -1
726 1493 -1
1305 1493 -1
192 1701 -1
957 1701 -1
192 2250 -1
192 950 -1
1542 1947 -1
62 615 -1
615 892 -1
756 1715 -1
1616 1715 -1
1715 1922 -1
500 1715 -1
749 1715 -1
1715 2158 -1
45 2184 -1
84 1841 -1
128 1841 -1
178 594 -1
703 2226 -1
465 2226 -1
1546 2226 -1
1518 2226 -1
951 1061 -1
863 1061 -1
1061 1727 -1
126 1061 -1
815 1061 -1
672 951 -1
392 951 -1
679 951 -1
856 1690 -1
1175 1525 -1
1525 2110 -1
1043 1487 -1
2208 2246 -1
2209 2246 -1
2218 2246 -1
362 2246 -1
1422 2246 -1
537 1381 -1
537 663 -1
277 2153 -1
277 1912 -1
277 1948 -1
431 1043 -1
610 1781 -1
3 1761 -1
3 625 -1
3 2239 -1
3 956 -1
3 2223 -1
109 1546 -1
109 465 -1
109 1518 -1
109 703 -1
1354 1953 -1
630 2284 -1
209 2284 -1
577 630 -1
19 630 -1
25 630 -1
630 1369 -1
630 765 -1
630 1375 -1
493 991 -1
493 1379 -1
696 2234 -1
1411 2234 -1
389 2234 -1
696 1010 -1
213 696 -1
167 696 -1
171 818 -1
277 450 -1
277 1448 -1
277 2187 -1
277 1548 -1
277 1551 -1
380 486 -1
249 486 -1
286 486 -1
340 1541 -1
340 1480 -1
341 564 -1
90 1209 -1
231 258 -1
258 626 -1
258 1747 -1
231 693 -1
635 1790 -1
635 1133 -1
251 2013 -1
321 2013 -1
388 2013 -1
294 2013 -1
1062 2013 -1
327 2013 -1
246 2013 -1
159 1029 -1
159 371 -1
1178 2285 -1
1020 1446 -1
1020 1440 -1
1020 2177 -1
1020 1498 -1
1020 1280 -1
1101 1975 -1
717 1101 -1
960 1968 -1
760 1250 -1
645 1431 -1
343 645 -1
1612 1805 -1
1628 1805 -1
514 1805 -1
1805 1916 -1
1147 1612 -1
1205 1612 -1
576 915 -1
965 1781 -1
636 1781 -1
255 2007 -1
255 591 -1
1179 1721 -1
1134 1721 -1
1782 2061 -1
1877 2061 -1
1726 1782 -1
406 2307 -1
176 1355 -1
290 2257 -1
490 1970 -1
490 512 -1
490 2151 -1
490 1333 -1
490 2137 -1
490 1599 -1
490 2133 -1
1510 2052 -1
424 2052 -1
437 2052 -1
162 768 -1
636 1126 -1
965 1126 -1
636 1795 -1
359 917 -1
917 1040 -1
297 917 -1
917 1042 -1
917 1026 -1
359 945 -1
359 838 -1
1170 1289 -1
298 2124 -1
673 2124 -1
1034 2124 -1
1029 1206 -1
371 1206 -1
641 1677 -1
641 1688 -1
1782 2154 -1
1877 2154 -1
214 801 -1
1383 1769 -1
426 1370 -1
426 796 -1
554 1883 -1
554 1192 -1
1902 1945 -1
1261 2140 -1
519 2167 -1
701 1276 -1
308 1276 -1
676 1276 -1
1276 1765 -1
1476 2124 -1
1215 1702 -1
1202 1702 -1
1171 1702 -1
1702 1900 -1
1025 1368 -1
1368 1433 -1
1027 1368 -1
276 1368 -1
1368 2095 -1
992 1357 -1
952 1037 -1
264 952 -1
322 952 -1
356 952 -1
284 967 -1
524 1169 -1
524 1163 -1
524 1189 -1
1399 2106 -1
1228 1399 -1
1183 1746 -1
634 1183 -1
548 938 -1
938 1962 -1
548 913 -1
548 1709 -1
129 548 -1
1332 1381 -1
1381 1944 -1
1381 1602 -1
1381 1911 -1
663 1332 -1
930 1862 -1
930 1115 -1
305 570 -1
134 1345 -1
85 1345 -1
225 1191 -1
225 1177 -1
122 766 -1
958 1854 -1
620 1854 -1
652 1854 -1
958 1233 -1
958 1151 -1
554 1048 -1
27 1802 -1
1032 1146 -1
105 1092 -1
105 1148 -1
105 1210 -1
105 1139 -1
105 1124 -1
505 963 -1
1073 1909 -1
714 1073 -1
1073 1302 -1
1276 1438 -1
237 1276 -1
382 1276 -1
1414 1667 -1
21 1414 -1
679 922 -1
392 922 -1
672 922 -1
922 1061 -1
1037 1572 -1
264 1572 -1
322 1572 -1
356 1572 -1
1037 1524 -1
1037 1460 -1
1037 2161 -1
1166 2047 -1
1272 1921 -1
1272 1971 -1
612 744 -1
744 1754 -1
744 996 -1
744 962 -1
744 1398 -1
165 744 -1
1144 1941 -1
1204 1941 -1
1157 1941 -1
1159 1941 -1
827 1623 -1
113 1623 -1
100 1623 -1
827 1622 -1
1755 1818 -1
1012 1818 -1
995 1818 -1
1818 2236 -1
981 1818 -1
1818 2237 -1
1588 2212 -1
588 1287 -1
588 1509 -1
588 1535 -1
1613 1762 -1
1145 1727 -1
1727 1822 -1
815 1145 -1
951 1145 -1
126 1145 -1
863 1145 -1
1390 1582 -1
163 1582 -1
1582 1756 -1
989 1582 -1
1582 1750 -1
423 2034 -1
423 2051 -1
1303 1656 -1
1303 1685 -1
1511 2009 -1
581 1511 -1
41 1511 -1
1511 1998 -1
1511 1648 -1
785 1511 -1
1362 1511 -1
571 1511 -1
1511 1660 -1
670 1966 -1
3 1739 -1
501 2218 -1
501 2208 -1
501 2209 -1
362 501 -1
501 1422 -1
229 1207 -1
147 1207 -1
140 1207 -1
1926 2216 -1
1079 1468 -1
1468 1810 -1
1235 1468 -1
1150 1468 -1
273 2031 -1
364 2267 -1
1805 2270 -1
1147 2270 -1
1205 2270 -1
907 1805 -1
1805 2277 -1
1628 1853 -1
1853 1916 -1
514 1853 -1
1612 1853 -1
702 2109 -1
677 2109 -1
153 920 -1
111 1921 -1
111 1971 -1
1280 1914 -1
1440 1914 -1
1498 1914 -1
1914 2171 -1
1446 1914 -1
1445 1990 -1
1520 1990 -1
448 1990 -1
1462 1990 -1
743 1806 -1
743 1784 -1
743 1137 -1
799 1499 -1
799 1481 -1
799 1274 -1
799 1246 -1
799 1478 -1
799 2173 -1
447 1887 -1
1470 1887 -1
1094 1302 -1
1120 1302 -1
1302 1785 -1
1302 1774 -1
714 1094 -1
1094 1909 -1
1366 1562 -1
85 1249 -1
134 1249 -1
85 487 -1
310 1255 -1
812 865 -1
1118 2170 -1
1827 2170 -1
1119 2170 -1
1118 1256 -1
1118 1265 -1
1697 2212 -1
560 2212 -1
2212 2286 -1
1277 1730 -1
706 1701 -1
706 2250 -1
706 950 -1
1074 1301 -1
521 1074 -1
1074 2147 -1
1074 1907 -1
1520 1597 -1
448 1597 -1
1445 1597 -1
114 1680 -1
33 114 -1
181 1034 -1
181 673 -1
181 298 -1
618 1305 -1
618 726 -1
1547 1798 -1
99 1985 -1
1344 1537 -1
1537 2006 -1
957 2184 -1
192 2184 -1
654 1814 -1
654 1184 -1
654 1828 -1
654 1195 -1
654 1844 -1
654 2101 -1
654 1240 -1
654 1823 -1
654 1855 -1
1347 1722 -1
1081 1526 -1
1081 1566 -1
1014 2254 -1
391 2254 -1
894 1978 -1
1769 1905 -1
722 1769 -1
537 1895 -1
701 1234 -1
308 1234 -1
676 1234 -1
1234 1765 -1
701 1072 -1
223 1350 -1
1350 2243 -1
168 1350 -1
1350 2089 -1
1350 1388 -1
1350 1393 -1
195 1350 -1
1 223 -1
223 811 -1
223 1668 -1
230 463 -1
463 1759 -1
230 1584 -1
230 1464 -1
1127 2011 -1
1786 2011 -1
2011 2108 -1
1878 2011 -1
37 1127 -1
567 1127 -1
466 838 -1
466 945 -1
466 917 -1
1565 2110 -1
1175 1565 -1
560 1238 -1
1238 1697 -1
1238 2286 -1
80 1267 -1
80 398 -1
794 994 -1
639 2140 -1
190 2140 -1
221 1527 -1
971 1527 -1
486 1596 -1
212 2303 -1
212 2018 -1
522 2249 -1
1960 2249 -1
506 2249 -1
522 1009 -1
170 522 -1
162 772 -1
873 1496 -1
1071 1280 -1
1071 1440 -1
1071 1498 -1
1071 2171 -1
1071 1446 -1
1037 1215 -1
264 1215 -1
322 1215 -1
356 1215 -1
1037 1202 -1
1037 1171 -1
1037 1900 -1
210 570 -1
930 2195 -1
288 2016 -1
542 621 -1
542 662 -1
1406 2104 -1
1149 1406 -1
1018 1642 -1
600 1453 -1
22 1016 -1
719 1805 -1
719 1147 -1
719 1205 -1
1158 1990 -1
1786 1915 -1
1915 2108 -1
1878 1915 -1
1127 1915 -1
866 2113 -1
1105 1986 -1
935 1232 -1
75 1232 -1
935 1840 -1
935 1130 -1
80 254 -1
80 1049 -1
80 315 -1
80 699 -1
80 385 -1
1 699 -1
699 811 -1
699 1668 -1
699 1350 -1
1 385 -1
1 254 -1
1589 1871 -1
53 1759 -1
1714 1759 -1
1759 2046 -1
878 1759 -1
925 1759 -1
53 230 -1
267 1489 -1
690 1489 -1
937 1828 -1
937 1184 -1
937 1896 -1
937 1195 -1
937 2128 -1
937 1844 -1
937 2101 -1
937 1814 -1
937 1240 -1
937 1855 -1
1204 2197 -1
1144 2197 -1
1157 2197 -1
1159 2197 -1
304 1204 -1
323 1204 -1
1304 1898 -1
1304 1811 -1
1102 1304 -1
96 1250 -1
9 89 -1
659 2033 -1
779 1891 -1
584 1891 -1
1744 2118 -1
1280 2253 -1
1440 2253 -1
1498 2253 -1
2171 2253 -1
1446 2253 -1
88 1280 -1
352 958 -1
352 620 -1
352 652 -1
1377 1577 -1
402 1159 -1
402 1144 -1
402 1204 -1
402 1157 -1
529 2233 -1
27 91 -1
27 933 -1
27 2055 -1
718 2088 -1
410 1338 -1
545 562 -1
1714 1804 -1
925 1804 -1
1804 2046 -1
878 1804 -1
53 1804 -1
1085 1714 -1
1229 1714 -1
389 2150 -1
696 2150 -1
1411 2150 -1
389 1951 -1
166 295 -1
166 1428 -1
166 309 -1
166 390 -1
1335 1530 -1
4 1530 -1
1053 1162 -1
140 925 -1
147 925 -1
229 925 -1
140 2046 -1
140 1714 -1
53 140 -1
140 878 -1
189 2184 -1
345 2246 -1
259 2246 -1
354 865 -1
457 1618 -1
1585 1618 -1
459 1618 -1
457 504 -1
457 730 -1
1874 2218 -1
1874 2208 -1
1874 2209 -1
362 1874 -1
1422 1874 -1
726 2161 -1
1305 2161 -1
726 1572 -1
726 1538 -1
726 1460 -1
726 1524 -1
726 1497 -1
381 465 -1
381 1546 -1
381 1518 -1
381 703 -1
1205 1706 -1
1147 1706 -1
1706 1805 -1
1706 2119 -1
1205 2041 -1
1205 2274 -1
332 942 -1
1770 1907 -1
521 1770 -1
1770 2147 -1
1301 1770 -1
1192 1967 -1
1883 1967 -1
56 1848 -1
56 1099 -1
1408 1651 -1
218 2007 -1
218 591 -1
654 2117 -1
654 1800 -1
12 1513 -1
12 1569 -1
12 2178 -1
98 2233 -1
1700 2233 -1
69 2233 -1
2233 2278 -1
941 2233 -1
949 2233 -1
2069 2233 -1
80 1944 -1
80 1602 -1
80 551 -1
80 1332 -1
80 1906 -1
80 1911 -1
561 653 -1
19 653 -1
35 653 -1
653 2021 -1
653 1995 -1
653 1375 -1
1278 1385 -1
1165 2036 -1
1131 2036 -1
401 2215 -1
1570 2215 -1
403 2215 -1
1490 2215 -1
1495 2215 -1
33 437 -1
437 1680 -1
33 424 -1
33 1510 -1
665 2110 -1
646 2110 -1
665 1175 -1
1571 1765 -1
1540 1765 -1
308 1571 -1
701 1571 -1
1000 1884 -1
1884 2232 -1
1752 1884 -1
710 874 -1
1124 2151 -1
1148 2151 -1
1210 2151 -1
1139 2151 -1
1092 2151 -1
512 1124 -1
516 1124 -1
1124 1970 -1
1124 1333 -1
1124 2137 -1
761 1124 -1
1124 1599 -1
1124 2133 -1
216 2121 -1
2080 2121 -1
206 2121 -1
161 1325 -1
41 1951 -1
1648 1951 -1
1951 2009 -1
1660 1951 -1
581 1951 -1
785 1951 -1
41 2150 -1
1098 1389 -1
1389 1890 -1
1059 1112 -1
204 594 -1
594 2082 -1
594 2085 -1
594 2225 -1
211 594 -1
594 2072 -1
594 1757 -1
723 2108 -1
723 1786 -1
723 1878 -1
723 1127 -1
422 568 -1
768 984 -1
1061 1855 -1
672 1855 -1
392 1855 -1
679 1855 -1
1061 1184 -1
1061 1828 -1
1061 1896 -1
1061 1195 -1
1061 2128 -1
1061 1844 -1
1061 2101 -1
1061 1814 -1
1061 1240 -1
1049 1365 -1
385 1365 -1
315 1365 -1
694 1365 -1
254 1365 -1
694 858 -1
858 1049 -1
315 858 -1
199 551 -1
551 2083 -1
551 2229 -1
182 551 -1
199 1944 -1
199 1602 -1
199 1906 -1
1899 2291 -1
1667 2145 -1
21 2145 -1
583 1925 -1
593 1925 -1
1666 1925 -1
791 1925 -1
583 728 -1
583 1625 -1
583 1932 -1
532 583 -1
1442 1692 -1
900 1885 -1
871 1885 -1
366 1484 -1
366 474 -1
366 405 -1
475 636 -1
475 965 -1
356 1914 -1
264 1914 -1
322 1914 -1
1037 1914 -1
253 1074 -1
744 1487 -1
180 1288 -1
180 1443 -1
24 1181 -1
1543 1800 -1
408 1800 -1
1543 2117 -1
467 981 -1
467 1012 -1
467 1755 -1
467 2236 -1
467 2237 -1
467 995 -1
146 1937 -1
1871 2060 -1
55 1871 -1
514 1074 -1
1074 1628 -1
1074 1916 -1
1074 1612 -1
458 1965 -1
1269 1965 -1
1017 1120 -1
1017 1785 -1
1017 1094 -1
1017 1774 -1
1539 1804 -1
1552 1804 -1
1085 1539 -1
1229 1539 -1
1211 2160 -1
46 1709 -1
46 129 -1
46 938 -1
46 2069 -1
46 2278 -1
46 913 -1
629 1173 -1
644 1173 -1
362 2005 -1
2005 2208 -1
2005 2209 -1
2005 2211 -1
2005 2218 -1
363 2005 -1
1422 2005 -1
698 2005 -1
1413 2258 -1
925 1300 -1
1300 2046 -1
1300 1714 -1
53 1300 -1
878 1300 -1
39 2239 -1
776 2239 -1
2017 2239 -1
39 1761 -1
39 956 -1
39 625 -1
39 2223 -1
269 1185 -1
257 1185 -1
234 1185 -1
1185 1767 -1
79 2239 -1
79 1761 -1
79 956 -1
79 625 -1
79 2223 -1
1413 1575 -1
461 1413 -1
1051 1285 -1
1503 2098 -1
890 1887 -1
489 1784 -1
489 1137 -1
489 1806 -1
302 1233 -1
302 1854 -1
302 1151 -1
200 1678 -1
1678 1736 -1
643 1678 -1
1560 2065 -1
1242 2065 -1
103 1560 -1
369 857 -1
306 857 -1
1237 1351 -1
1351 1886 -1
1351 2127 -1
412 497 -1
412 1943 -1
205 1513 -1
205 1569 -1
205 2178 -1
1070 2255 -1
1056 2255 -1
834 2195 -1
526 1433 -1
526 1025 -1
526 1027 -1
82 779 -1
116 779 -1
82 584 -1
112 281 -1
112 243 -1
680 1925 -1
680 728 -1
680 1625 -1
680 1932 -1
532 680 -1
245 2224 -1
312 2224 -1
943 1411 -1
696 943 -1
389 943 -1
418 1981 -1
418 536 -1
418 747 -1
418 1980 -1
418 541 -1
418 727 -1
292 402 -1
548 622 -1
622 1962 -1
267 1316 -1
690 1316 -1
361 486 -1
100 1744 -1
113 1744 -1
827 1744 -1
1383 1691 -1
50 2020 -1
887 2020 -1
50 1992 -1
805 1733 -1
34 1733 -1
313 1177 -1
1177 2096 -1
313 1191 -1
1340 2222 -1
970 1954 -1
972 1954 -1
759 970 -1
1768 2155 -1
1416 2155 -1
283 2155 -1
346 1865 -1
1025 1782 -1
1433 1782 -1
1027 1782 -1
276 1782 -1
1782 2095 -1
1025 1877 -1
1421 2265 -1
7 1053 -1
162 1161 -1
162 1122 -1
1615 2186 -1
193 1566 -1
193 1526 -1
833 1224 -1
1785 1994 -1
1120 1994 -1
1094 1994 -1
1774 1994 -1
356 1450 -1
264 1450 -1
322 1450 -1
1037 1450 -1
380 528 -1
249 528 -1
286 528 -1
380 1312 -1
380 1318 -1
1759 2178 -1
230 2178 -1
1513 1759 -1
1569 1759 -1
738 1099 -1
1099 1955 -1
738 1848 -1
2033 2176 -1
1184 2043 -1
1828 2043 -1
1195 2043 -1
1844 2043 -1
2043 2101 -1
1814 2043 -1
1240 2043 -1
1855 2043 -1
875 1184 -1
927 1184 -1
808 2041 -1
808 2274 -1
808 1706 -1
549 1406 -1
635 1408 -1
554 2126 -1
554 1859 -1
1143 1930 -1
1143 1910 -1
1709 2226 -1
129 2226 -1
938 2226 -1
2069 2226 -1
2226 2278 -1
913 2226 -1
1706 1938 -1
1938 2041 -1
1938 2274 -1
1090 1699 -1
666 2046 -1
158 2046 -1
666 1714 -1
53 666 -1
666 878 -1
666 925 -1
72 1130 -1
72 1232 -1
72 1840 -1
45 670 -1
259 1536 -1
345 1536 -1
203 316 -1
316 2084 -1
316 2220 -1
26 1484 -1
26 474 -1
26 405 -1
876 1171 -1
1171 1720 -1
932 1171 -1
823 1171 -1
876 1202 -1
876 1900 -1
876 1215 -1
1069 1554 -1
853 955 -1
109 668 -1
1290 1700 -1
98 1290 -1
1290 2069 -1
1290 2278 -1
941 1290 -1
1556 1908 -1
1689 1888 -1
1689 1856 -1
1180 1689 -1
1689 1893 -1
760 1719 -1
958 1287 -1
620 1287 -1
652 1287 -1
958 1509 -1
958 1535 -1
1858 2065 -1
103 1858 -1
1583 2277 -1
1275 2277 -1
65 1583 -1
58 1583 -1
907 1583 -1
1583 2270 -1
1922 2080 -1
1616 2080 -1
500 2080 -1
756 2080 -1
749 2080 -1
2080 2158 -1
216 1922 -1
206 1922 -1
1292 2103 -1
1854 2307 -1
1233 2307 -1
1151 2307 -1
