2290 2301 1
763 2013 1
765 2305 1
1645 2028 1
795 1337 1
572 784 1
2012 2299 1
1369 1694 1
30 2283 1
594 1647 1
578 1677 1
781 1651 1
776 2005 1
776 1658 1
1658 2005 1
1349 2306 1
1348 1644 1
5 1351 1
32 1347 1
567 2009 1
559 2020 1
810 2290 1
810 2301 1
2002 2026 1
589 1693 1
600 2010 1
2014 2307 1
2283 2305 1
30 2305 1
765 2283 1
573 2299 1
573 2012 1
31 1363 1
603 1667 1
575 587 1
1988 2016 1
579 1985 1
806 1684 1
560 781 1
560 1651 1
14 786 1
897 915 1
839 2271 1
78 107 1
83 2055 1
93 2278 1
50 2278 1
50 93 1
846 871 1
71 833 1
1702 2038 1
2032 2279 1
875 2273 1
55 949 1
133 1703 1
80 2071 1
136 816 1
882 936 1
921 951 1
882 2262 1
936 2262 1
115 850 1
944 1716 1
96 849 1
55 835 1
835 949 1
833 2032 1
71 2032 1
833 2279 1
133 861 1
861 1703 1
53 832 1
877 1700 1
50 2041 1
93 2041 1
2041 2278 1
1705 1718 1
131 830 1
854 2063 1
886 1727 1
813 853 1
101 814 1
1009 2092 1
1379 2233 1
169 1004 1
644 2232 1
625 2081 1
140 1742 1
2221 2224 1
142 2084 1
180 962 1
151 192 1
659 1740 1
616 639 1
168 2221 1
168 2224 1
651 984 1
153 627 1
641 998 1
1009 1730 1
1730 2092 1
628 966 1
639 2234 1
616 2234 1
181 201 1
192 624 1
151 624 1
988 1730 1
988 1009 1
988 2092 1
2223 2226 1
614 623 1
171 643 1
615 1751 1
213 627 1
153 213 1
630 2078 1
986 1759 1
158 660 1
189 2224 1
168 189 1
189 2221 1
141 185 1
292 2192 1
672 1770 1
329 1044 1
268 288 1
246 347 1
1407 2196 1
316 1019 1
236 676 1
283 1765 1
282 700 1
353 355 1
258 1436 1
1017 1069 1
681 2194 1
248 337 1
295 360 1
268 2203 1
288 2203 1
332 347 1
246 332 1
265 1424 1
370 1411 1
1016 2214 1
284 361 1
683 1044 1
329 683 1
388 1423 1
382 684 1
692 1420 1
363 1063 1
340 2211 1
690 1427 1
379 1432 1
676 1031 1
236 1031 1
681 1407 1
1407 2194 1
681 2196 1
352 358 1
247 316 1
247 1019 1
1528 1548 1
1275 1456 1
1470 1518 1
408 435 1
1244 2166 1
1279 1502 1
1540 2162 1
1467 2172 1
1290 1566 1
1248 1249 1
441 1537 1
417 473 1
404 1243 1
1456 2161 1
1275 2161 1
470 1261 1
1477 2180 1
1500 1560 1
1255 1259 1
442 1559 1
493 2178 1
425 1568 1
403 1511 1
398 1448 1
409 1580 1
438 476 1
1567 1581 1
2160 2179 1
401 436 1
417 472 1
472 473 1
2164 2185 1
1511 2178 1
403 2178 1
493 1511 1
1454 1501 1
448 1523 1
1508 1518 1
1470 1508 1
1261 1560 1
470 1560 1
1261 1500 1
710 1616 1
713 1640 1
2145 2152 1
720 1950 1
531 1643 1
754 1964 1
1291 1982 1
1296 2142 1
496 746 1
525 725 1
521 1608 1
527 534 1
760 1607 1
1910 1917 1
1953 2152 1
1953 2145 1
551 1606 1
743 1618 1
494 544 1
722 1929 1
744 2147 1
738 1600 1
708 1590 1
1917 2155 1
1910 2155 1
1633 1907 1
515 534 1
515 527 1
1942 2147 1
744 1942 1
709 762 1
1940 1967 1
512 712 1
495 553 1
726 1961 1
1323 1953 1
1323 2152 1
1323 2145 1
505 1603 1
2142 2154 1
1296 2154 1
1095 1782 1
1129 1780 1
1073 1158 1
1155 1830 1
1128 1811 1
1111 1145 1
1822 1872 1
1862 2115 1
1123 1891 1
1092 1174 1
1796 1807 1
1169 1888 1
1120 1879 1
1164 2123 1
1125 1233 1
1101 1787 1
1139 1797 1
1124 1807 1
1124 1796 1
1169 1203 1
1203 1888 1
1786 1899 1
1092 1222 1
1174 1222 1
1218 2122 1
1226 1799 1
1079 1861 1
1174 1828 1
1092 1828 1
1222 1828 1
1086 1839 1
1077 1149 1
1092 1097 1
1097 1828 1
1097 1222 1
1097 1174 1
1133 1803 1
1084 1146 1
1858 2107 1
1138 1796 1
1124 1138 1
1138 1807 1
35 1109 -1
87 710 -1
87 1616 -1
13 489 -1
1287 1331 -1
568 1155 -1
568 1830 -1
1540 2194 -1
2162 2194 -1
681 1540 -1
1407 1540 -1
275 554 -1
11 1707 -1
520 1469 -1
1138 2093 -1
1124 2093 -1
1796 2093 -1
1807 2093 -1
1052 1503 -1
829 1176 -1
1736 2116 -1
334 940 -1
1651 1844 -1
560 1844 -1
781 1844 -1
577 2144 -1
583 1109 -1
1053 1098 -1
1244 1619 -1
1619 2166 -1
592 1865 -1
1341 1487 -1
89 586 -1
1203 1992 -1
1888 1992 -1
1169 1992 -1
229 1996 -1
1166 1481 -1
1014 1746 -1
301 929 -1
1407 1624 -1
681 1624 -1
1624 2194 -1
1624 2196 -1
1569 1667 -1
603 1569 -1
36 1577 -1
27 1476 -1
137 1020 -1
768 2220 -1
363 1856 -1
1063 1856 -1
1680 1955 -1
926 1067 -1
1465 1762 -1
330 1400 -1
1634 1727 -1
886 1634 -1
1030 1681 -1
483 582 -1
481 2219 -1
2174 2204 -1
142 1441 -1
1441 2084 -1
366 801 -1
496 786 -1
746 786 -1
14 496 -1
422 1850 -1
258 1457 -1
1436 1457 -1
299 1990 -1
59 1761 -1
1632 2072 -1
555 1316 -1
369 643 -1
171 369 -1
549 1840 -1
1543 2126 -1
149 566 -1
1363 1805 -1
31 1805 -1
770 898 -1
752 2195 -1
1200 1972 -1
449 2079 -1
609 1948 -1
1226 2142 -1
1799 2142 -1
1226 1296 -1
1226 2154 -1
1090 2295 -1
347 2255 -1
332 2255 -1
246 2255 -1
354 615 -1
354 1751 -1
1503 2195 -1
1233 1709 -1
1125 1709 -1
59 299 -1
1493 1863 -1
1314 1886 -1
96 1214 -1
849 1214 -1
475 1723 -1
209 868 -1
437 2074 -1
804 1845 -1
1317 1505 -1
554 2203 -1
288 554 -1
268 554 -1
114 1972 -1
956 1086 -1
956 1839 -1
2005 2171 -1
776 2171 -1
1658 2171 -1
265 1405 -1
1405 1424 -1
1153 2160 -1
1153 2179 -1
166 1813 -1
34 1982 -1
34 1291 -1
357 1612 -1
759 1059 -1
1045 1626 -1
694 1989 -1
700 772 -1
282 772 -1
507 2234 -1
507 616 -1
507 639 -1
1214 2161 -1
1214 1456 -1
1214 1275 -1
792 1082 -1
678 1924 -1
594 1324 -1
1324 1647 -1
794 2218 -1
251 1272 -1
300 605 -1
310 1688 -1
25 689 -1
150 426 -1
860 1537 -1
441 860 -1
196 1638 -1
1336 2227 -1
787 1980 -1
15 1281 -1
160 699 -1
785 1838 -1
409 1141 -1
1141 1580 -1
361 1222 -1
284 1222 -1
361 1828 -1
361 1092 -1
361 1174 -1
361 1097 -1
739 1432 -1
379 739 -1
493 606 -1
606 2178 -1
606 1511 -1
128 1275 -1
128 1456 -1
128 2161 -1
1615 2235 -1
873 1349 -1
873 2306 -1
1664 2173 -1
228 765 -1
228 2305 -1
228 2283 -1
1914 2029 -1
729 1568 -1
425 729 -1
286 1736 -1
550 1527 -1
1365 2223 -1
1365 2226 -1
1522 1998 -1
1308 1483 -1
965 1637 -1
821 1435 -1
829 1287 -1
887 1225 -1
1807 2079 -1
1124 2079 -1
1138 2079 -1
1796 2079 -1
683 2051 -1
329 2051 -1
1044 2051 -1
683 2279 -1
329 2279 -1
1044 2279 -1
683 2032 -1
683 833 -1
61 1938 -1
245 844 -1
11 943 -1
962 1513 -1
180 1513 -1
1111 1670 -1
1145 1670 -1
1494 2246 -1
376 991 -1
1557 2001 -1
1451 2030 -1
23 138 -1
631 751 -1
43 97 -1
135 358 -1
135 352 -1
808 1878 -1
111 1608 -1
111 521 -1
584 715 -1
133 1294 -1
861 1294 -1
1294 1703 -1
1473 1717 -1
517 2218 -1
1100 2269 -1
1497 1787 -1
1101 1497 -1
603 680 -1
680 1667 -1
1511 2089 -1
2089 2178 -1
403 2089 -1
493 2089 -1
179 723 -1
1271 1873 -1
190 2131 -1
1283 2256 -1
799 1019 -1
316 799 -1
247 799 -1
1131 1767 -1
1019 2116 -1
316 2116 -1
247 2116 -1
269 2256 -1
273 787 -1
1360 1418 -1
1328 1400 -1
151 316 -1
192 316 -1
316 624 -1
151 1019 -1
151 247 -1
214 935 -1
265 1680 -1
1424 1680 -1
948 2100 -1
84 1381 -1
1633 2261 -1
1907 2261 -1
945 1459 -1
79 1841 -1
425 975 -1
975 1568 -1
902 1503 -1
826 2148 -1
559 1498 -1
1498 2020 -1
1903 2090 -1
581 1524 -1
172 436 -1
172 401 -1
715 2036 -1
1827 2245 -1
639 1493 -1
616 1493 -1
1493 2234 -1
334 1885 -1
1218 1935 -1
1935 2122 -1
685 1315 -1
243 1954 -1
562 2232 -1
562 644 -1
