24 1689 1
1654 2004 1
19 1376 1
1658 2293 1
18 1368 1
8 1348 1
780 1336 1
24 811 1
811 1689 1
607 1371 1
1 600 1
807 2306 1
7 1996 1
564 1996 1
7 564 1
590 1695 1
590 1365 1
1365 1695 1
775 2013 1
583 1693 1
582 2287 1
776 2015 1
799 2297 1
2024 2284 1
773 780 1
773 1336 1
6 807 1
6 2306 1
20 763 1
593 1691 1
801 1688 1
24 578 1
578 1689 1
578 811 1
4 1672 1
46 1990 1
565 785 1
9 2291 1
6 602 1
602 2306 1
602 807 1
1373 1699 1
558 1346 1
1376 2283 1
19 2283 1
786 2296 1
42 1353 1
557 774 1
1660 2306 1
602 1660 1
6 1660 1
807 1660 1
785 1651 1
565 1651 1
39 589 1
1371 2287 1
607 2287 1
582 1371 1
601 1688 1
601 801 1
46 2021 1
1990 2021 1
1374 2019 1
769 1346 1
558 769 1
764 2286 1
766 2009 1
44 775 1
44 2013 1
593 2001 1
1691 2001 1
1662 1688 1
801 1662 1
601 1662 1
13 771 1
1360 2290 1
770 776 1
770 2015 1
1677 1999 1
558 1674 1
769 1674 1
1346 1674 1
604 1693 1
583 604 1
564 2019 1
1996 2019 1
7 2019 1
564 1374 1
20 1991 1
763 1991 1
571 765 1
1650 1678 1
584 2018 1
1657 1691 1
593 1657 1
1657 2001 1
784 2297 1
784 799 1
1345 1372 1
9 580 1
580 2291 1
1350 2299 1
20 588 1
588 763 1
588 1991 1
796 1376 1
19 796 1
796 2283 1
1339 1986 1
571 794 1
765 794 1
46 792 1
792 2021 1
792 1990 1
597 810 1
582 1996 1
1371 1996 1
1996 2287 1
582 2019 1
7 582 1
564 582 1
1997 1997 1
581 1688 1
581 801 1
581 1662 1
581 601 1
38 1676 1
806 1354 1
8 769 1
769 1348 1
8 1346 1
8 1674 1
8 558 1
1366 2022 1
1695 1988 1
1365 1988 1
590 1988 1
804 1689 1
24 804 1
578 804 1
804 811 1
1346 1669 1
8 1669 1
769 1669 1
1669 1674 1
558 1669 1
773 791 1
791 1336 1
780 791 1
38 2282 1
1676 2282 1
1675 1984 1
45 2302 1
767 789 1
773 1689 1
1336 1689 1
780 1689 1
791 1689 1
578 773 1
773 804 1
773 811 1
24 773 1
2004 2285 1
1654 2285 1
1341 1377 1
876 2062 1
59 126 1
128 922 1
2037 2251 1
82 951 1
116 2258 1
53 870 1
84 2269 1
105 864 1
84 129 1
129 2269 1
132 879 1
842 925 1
881 1715 1
1703 2039 1
934 2268 1
851 917 1
874 2069 1
925 2039 1
842 2039 1
925 1703 1
70 938 1
51 910 1
75 924 1
123 2052 1
902 909 1
827 893 1
115 933 1
90 2051 1
95 839 1
922 2062 1
128 2062 1
876 922 1
940 2069 1
874 940 1
69 2069 1
69 874 1
69 940 1
942 1729 1
2277 2279 1
117 883 1
131 862 1
933 2273 1
115 2273 1
119 2277 1
119 2279 1
72 829 1
2048 2051 1
90 2048 1
120 1707 1
845 2054 1
93 108 1
864 876 1
105 876 1
864 922 1
864 2062 1
51 821 1
821 910 1
830 2033 1
123 132 1
132 2052 1
123 879 1
863 1715 1
863 881 1
82 867 1
867 951 1
56 78 1
64 94 1
864 1701 1
105 1701 1
922 1701 1
876 1701 1
1701 2062 1
947 2270 1
846 900 1
103 1712 1
58 940 1
58 874 1
58 2069 1
58 69 1
52 2261 1
2031 2263 1
846 857 1
857 900 1
942 2269 1
1729 2269 1
129 942 1
84 942 1
831 933 1
831 2273 1
115 831 1
96 839 1
95 96 1
93 931 1
108 931 1
905 2279 1
905 2277 1
119 905 1
54 2066 1
843 2278 1
842 2046 1
925 2046 1
2039 2046 1
90 872 1
872 2048 1
872 2051 1
127 848 1
58 84 1
84 874 1
84 940 1
84 2069 1
69 84 1
58 129 1
58 942 1
58 2269 1
824 893 1
824 827 1
101 819 1
2032 2046 1
842 2032 1
925 2032 1
2032 2039 1
54 74 1
74 2066 1
1708 2068 1
133 832 1
2054 2068 1
845 2068 1
1708 2054 1
905 2058 1
119 2058 1
2058 2277 1
2058 2279 1
850 932 1
829 923 1
72 923 1
896 949 1
51 120 1
120 821 1
120 910 1
51 1707 1
78 817 1
56 817 1
900 2051 1
857 2051 1
846 2051 1
900 2048 1
872 900 1
90 900 1
940 942 1
69 942 1
874 942 1
942 2069 1
940 1729 1
129 940 1
940 2269 1
60 932 1
60 850 1
825 905 1
825 2058 1
119 825 1
825 2277 1
825 2279 1
887 1712 1
103 887 1
639 663 1
199 625 1
187 2077 1
229 637 1
972 977 1
654 1403 1
209 958 1
2244 2248 1
968 2091 1
206 969 1
1760 2087 1
188 1000 1
193 616 1
195 640 1
643 1746 1
227 661 1
205 1384 1
232 670 1
147 626 1
623 1742 1
973 1003 1
997 2087 1
997 1760 1
1007 1385 1
225 632 1
228 981 1
205 2248 1
1384 2248 1
205 2244 1
174 651 1
622 664 1
208 664 1
208 622 1
988 1388 1
613 618 1
198 224 1
642 1396 1
188 627 1
627 1000 1
205 958 1
958 1384 1
958 2248 1
958 2244 1
205 209 1
640 657 1
195 657 1
190 2220 1
139 202 1
172 2220 1
172 190 1
191 1399 1
140 1735 1
211 1005 1
1392 1750 1
643 1403 1
1403 1746 1
643 654 1
154 964 1
2079 2240 1
660 1382 1
220 651 1
174 220 1
1386 2249 1
229 657 1
637 657 1
229 640 1
195 229 1
1001 1757 1
141 971 1
202 215 1
139 215 1
956 2222 1
625 1387 1
199 1387 1
973 2247 1
1003 2247 1
956 1734 1
1734 2222 1
1404 2077 1
187 1404 1
1747 1748 1
215 229 1
202 229 1
139 229 1
215 640 1
195 215 1
215 657 1
215 637 1
1383 2239 1
212 1739 1
1402 1734 1
956 1402 1
1402 2222 1
1403 1755 1
1746 1755 1
643 1755 1
654 1755 1
146 960 1
206 2091 1
969 2091 1
206 968 1
1402 1751 1
956 1751 1
1751 2222 1
1734 1751 1
650 1732 1
996 1759 1
992 2076 1
986 2081 1
140 646 1
646 1735 1
658 981 1
228 658 1
146 961 1
960 961 1
995 1381 1
140 2221 1
646 2221 1
1735 2221 1
221 665 1
202 991 1
139 991 1
229 991 1
215 991 1
654 1740 1
1403 1740 1
643 1740 1
1740 1755 1
210 1001 1
210 1757 1
1750 2237 1
1392 2237 1
975 991 1
202 975 1
139 975 1
229 975 1
215 975 1
648 2228 1
1007 1394 1
1385 1394 1
174 1743 1
651 1743 1
220 1743 1
630 971 1
141 630 1
191 230 1
230 1399 1
631 1383 1
631 2239 1
959 2088 1
224 2245 1
198 2245 1
182 631 1
182 2239 1
182 1383 1
150 655 1
1008 2074 1
150 2078 1
655 2078 1
620 663 1
620 639 1
200 965 1
180 979 1
141 1392 1
971 1392 1
630 1392 1
141 2237 1
141 1750 1
286 1063 1
385 1046 1
327 1431 1
321 1422 1
279 385 1
279 1046 1
257 694 1
380 2207 1
337 1038 1
260 1436 1
335 1407 1
316 385 1
316 1046 1
279 316 1
279 1418 1
385 1418 1
316 1418 1
1046 1418 1
371 1762 1
1037 1434 1
364 1020 1
255 2095 1
256 278 1
307 372 1
256 317 1
278 317 1
234 280 1
323 1023 1
695 2214 1
243 2190 1
268 1017 1
234 283 1
280 283 1
311 323 1
311 1023 1
287 358 1
308 2202 1
245 350 1
275 693 1
257 1054 1
694 1054 1
385 1422 1
1418 1422 1
316 1422 1
1046 1422 1
279 1422 1
321 385 1
309 1067 1
314 2094 1
256 1061 1
317 1061 1
278 1061 1
689 1033 1
370 694 1
257 370 1
370 1054 1
256 337 1
317 337 1
278 337 1
337 1061 1
256 1038 1
696 1029 1
1438 1765 1
1049 1429 1
345 2208 1
1763 2198 1
280 292 1
234 292 1
283 292 1
269 389 1
336 2208 1
336 345 1
382 1056 1
245 1062 1
350 1062 1
323 334 1
311 334 1
334 1023 1
368 1059 1
301 373 1
674 2215 1
282 2202 1
282 308 1
242 1766 1
309 1407 1
1067 1407 1
309 335 1
302 377 1
283 338 1
280 338 1
234 338 1
292 338 1
340 388 1
301 333 1
333 373 1
321 351 1
351 385 1
351 1422 1
306 698 1
1424 2202 1
282 1424 1
308 1424 1
1066 1430 1
270 1019 1
1028 1773 1
387 696 1
387 1029 1
307 2200 1
372 2200 1
1038 2095 1
256 2095 1
337 2095 1
255 1038 1
702 1423 1
262 325 1
340 340 1
1026 1772 1
314 1763 1
1763 2094 1
314 2198 1
1068 1417 1
317 1034 1
256 1034 1
337 1034 1
1034 1061 1
278 1034 1
1055 2200 1
307 1055 1
372 1055 1
1023 2205 1
323 2205 1
334 2205 1
311 2205 1
697 1062 1
245 697 1
350 697 1
385 1028 1
321 1028 1
1028 1418 1
1028 1422 1
1028 1046 1
279 1028 1
316 1028 1
351 1028 1
385 1773 1
255 1427 1
1038 1427 1
1427 2095 1
264 1022 1
262 1017 1
325 1017 1
262 268 1
266 2205 1
266 311 1
266 323 1
266 334 1
266 1023 1
1044 1061 1
256 1044 1
1034 1044 1
337 1044 1
278 1044 1
317 1044 1
2098 2208 1
336 2098 1
345 2098 1
487 1261 1
2171 2186 1
399 458 1
1254 2181 1
445 1285 1
432 471 1
453 1246 1
1547 2166 1
460 1541 1
1556 2163 1
1528 2180 1
1454 2161 1
1247 1492 1
1243 1546 1
435 1485 1
1556 2165 1
2163 2165 1
705 1263 1
446 1527 1
412 1564 1
422 452 1
1446 1580 1
421 1439 1
479 1241 1
394 455 1
429 1511 1
449 1504 1
1476 1580 1
1446 1476 1
421 445 1
445 1439 1
421 1285 1
489 1253 1
1283 1542 1
415 1478 1
478 2172 1
1274 1582 1
430 1535 1
1491 1540 1
399 1451 1
458 1451 1
704 1487 1
1243 1571 1
1546 1571 1
411 1272 1
416 487 1
416 1261 1
416 448 1
448 1261 1
448 487 1
1486 2172 1
478 1486 1
410 443 1
454 1525 1
410 2177 1
443 2177 1
464 1523 1
1459 1507 1
477 1447 1
430 1533 1
1533 1535 1
1463 2170 1
1243 2184 1
1546 2184 1
1571 2184 1
1277 1585 1
1495 1565 1
1264 2168 1
487 1516 1
416 1516 1
448 1516 1
1261 1516 1
1460 1573 1
426 1276 1
1443 2179 1
480 1585 1
480 1277 1
454 2168 1
1525 2168 1
454 1264 1
1460 1506 1
1506 1573 1
1514 1518 1
1507 2186 1
1459 2186 1
1507 2171 1
1287 1483 1
1276 1471 1
426 1471 1
450 484 1
406 1488 1
474 1539 1
458 1562 1
1451 1562 1
399 1562 1
1441 1487 1
704 1441 1
489 1484 1
1253 1484 1
1244 1279 1
1276 1287 1
426 1287 1
1287 1471 1
1276 1483 1
396 1477 1
490 1282 1
1273 1283 1
1273 1542 1
483 1453 1
1514 1528 1
1518 1528 1
1514 2180 1
1255 1261 1
416 1255 1
448 1255 1
1255 1516 1
487 1255 1
1242 2182 1
472 1289 1
1252 1456 1
425 1543 1
1252 2162 1
1456 2162 1
462 1546 1
462 2184 1
462 1571 1
462 1243 1
437 487 1
416 437 1
437 448 1
437 1255 1
437 1516 1
437 1261 1
472 481 1
481 1289 1
434 467 1
1485 1560 1
435 1560 1
1259 1572 1
492 1510 1
1576 2161 1
1454 1576 1
416 1575 1
448 1575 1
1255 1575 1
487 1575 1
1516 1575 1
1261 1575 1
437 1575 1
1529 2162 1
1456 1529 1
1252 1529 1
1265 1521 1
404 1274 1
404 1582 1
426 1549 1
1287 1549 1
1276 1549 1
1471 1549 1
1473 2181 1
1254 1473 1
416 2181 1
448 2181 1
1255 2181 1
1575 2181 1
487 2181 1
1516 2181 1
1261 2181 1
437 2181 1
416 1473 1
416 1254 1
540 717 1
709 754 1
1293 1918 1
552 1639 1
545 709 1
545 754 1
1606 2150 1
553 2143 1
758 1295 1
536 1590 1
528 1317 1
1305 2156 1
1305 1611 1
1611 2156 1
720 757 1
1630 2150 1
1606 1630 1
713 1930 1
1629 1642 1
736 1950 1
523 753 1
1324 2133 1
1624 1940 1
729 1938 1
512 1304 1
497 1983 1
1924 1961 1
732 1301 1
495 1632 1
1599 1919 1
1939 2133 1
1324 1939 1
752 1302 1
508 1315 1
758 2154 1
1295 2154 1
1623 1624 1
1623 1940 1
519 1301 1
519 732 1
744 1642 1
744 1629 1
512 1325 1
1304 1325 1
760 2151 1
755 1912 1
1948 2153 1
544 1956 1
501 1962 1
511 755 1
511 1912 1
1314 1621 1
1320 1953 1
709 1969 1
545 1969 1
754 1969 1
514 541 1
761 2142 1
525 733 1
1326 1634 1
499 741 1
551 1964 1
537 759 1
508 714 1
714 1315 1
716 721 1
732 1911 1
1301 1911 1
519 1911 1
718 2131 1
1588 1940 1
1588 1624 1
1588 1623 1
528 1321 1
1317 1321 1
1977 2151 1
760 1977 1
518 1304 1
512 518 1
518 1325 1
1635 1964 1
551 1635 1
495 1622 1
1622 1632 1
1605 2131 1
718 1605 1
753 1960 1
523 1960 1
1907 1921 1
1605 1637 1
1637 2131 1
718 1637 1
527 1930 1
527 713 1
1640 2144 1
501 1606 1
1606 1962 1
501 1630 1
501 2150 1
529 1314 1
529 1621 1
1931 1980 1
1586 2138 1
540 1922 1
717 1922 1
542 1294 1
747 1611 1
747 1305 1
747 2156 1
1321 1636 1
528 1636 1
1317 1636 1
547 1603 1
548 1914 1
499 1295 1
741 1295 1
499 2154 1
499 758 1
1605 1943 1
1943 2131 1
1637 1943 1
718 1943 1
1957 2141 1
1926 1927 1
1293 1587 1
1587 1918 1
1596 1907 1
1596 1921 1
1953 2153 1
1320 2153 1
1948 1953 1
758 2155 1
2154 2155 1
499 2155 1
1295 2155 1
1642 1946 1
744 1946 1
1629 1946 1
750 752 1
750 1302 1
1620 1939 1
1324 1620 1
1620 2133 1
1608 2147 1
739 1598 1
1598 1967 1
739 1967 1
760 1331 1
1331 1977 1
1331 2151 1
499 1331 1
741 1331 1
1331 2154 1
1331 2155 1
1295 1331 1
758 1331 1
499 2151 1
499 760 1
499 1977 1
1302 1325 1
752 1325 1
750 1325 1
512 1302 1
518 1302 1
1302 1304 1
1187 1813 1
1075 1779 1
1239 1856 1
1093 2103 1
1144 1791 1
1794 2101 1
1088 2126 1
1076 1897 1
1073 1164 1
1079 1221 1
1212 1887 1
1177 1236 1
1082 1223 1
1156 1204 1
1106 1827 1
1187 1811 1
1811 1813 1
1127 1825 1
1101 1845 1
1207 1830 1
1093 2100 1
2100 2103 1
1228 1850 1
1093 1801 1
1801 2100 1
1801 2103 1
1118 1196 1
1108 1776 1
1140 1200 1
1782 1877 1
1158 1896 1
1899 2122 1
1121 1809 1
1171 2120 1
1842 1852 1
1119 1784 1
1785 1816 1
1903 2102 1
1178 1874 1
1077 1186 1
1118 1790 1
1196 1790 1
1074 1130 1
1783 1783 1
1216 2109 1
1086 1156 1
1086 1204 1
1118 1900 1
1196 1900 1
1790 1900 1
1170 2114 1
1158 1879 1
1879 1896 1
1131 1866 1
1847 1902 1
1224 1874 1
1178 1224 1
1124 1890 1
1093 1193 1
1193 1801 1
1193 2100 1
1193 2103 1
1184 1211 1
1225 1880 1
1078 1129 1
1133 1810 1
1078 1216 1
1129 1216 1
1078 2109 1
1190 1847 1
1190 1902 1
1132 1857 1
1119 1882 1
1784 1882 1
1847 2128 1
1190 2128 1
1902 2128 1
1183 1893 1
1098 1870 1
1179 1809 1
1121 1179 1
1093 1146 1
1146 1801 1
1146 2100 1
1146 1193 1
1146 2103 1
1208 1786 1
1805 1806 1
1099 1828 1
1188 1873 1
1815 2117 1
1093 1869 1
1801 1869 1
1869 2103 1
1869 2100 1
1193 1869 1
1146 1869 1
1166 1185 1
1110 2104 1
1079 1116 1
1116 1221 1
1847 2117 1
2117 2128 1
1190 2117 1
1902 2117 1
1815 1847 1
1201 1204 1
1156 1201 1
1086 1201 1
1159 1167 1
1224 1828 1
1828 1874 1
1178 1828 1
1099 1224 1
1200 1834 1
1140 1834 1
1136 1140 1
1136 1200 1
1136 1834 1
1154 1178 1
1154 1224 1
1154 1874 1
1154 1828 1
1146 1840 1
1093 1840 1
1801 1840 1
1840 1869 1
1840 2100 1
1840 2103 1
1193 1840 1
1093 1156 1
1156 1801 1
1156 2103 1
1156 1869 1
1156 1840 1
1156 2100 1
1156 1193 1
1146 1156 1
1093 1201 1
1093 1204 1
1086 1093 1
1125 1814 1
1083 1840 1
1083 1156 1
1083 1093 1
1083 1801 1
1083 1869 1
1083 2100 1
1083 2103 1
1083 1193 1
1083 1146 1
1221 1233 1
1116 1233 1
1079 1233 1
1178 1237 1
1224 1237 1
1237 1874 1
1237 1828 1
1154 1237 1
1151 1883 1
1188 1231 1
1231 1873 1
1801 1883 1
1156 1883 1
1093 1883 1
1193 1883 1
1869 1883 1
1840 1883 1
1883 2100 1
1883 2103 1
1146 1883 1
1083 1883 1
1151 1801 1
616 1828 -1
193 1828 -1
616 1154 -1
616 1224 -1
616 1099 -1
616 1874 -1
616 1237 -1
616 1178 -1
1409 1731 -1
2169 2223 -1
278 618 -1
256 618 -1
618 1061 -1
618 1034 -1
337 618 -1
618 1044 -1
317 618 -1
278 613 -1
1862 2074 -1
1008 1862 -1
703 1026 -1
703 1772 -1
492 1407 -1
1407 1510 -1
492 1067 -1
309 492 -1
335 492 -1
147 1276 -1
626 1276 -1
147 426 -1
147 1287 -1
147 1549 -1
147 1483 -1
147 1471 -1
1398 1900 -1
1196 1398 -1
1398 1790 -1
1118 1398 -1
1121 2099 -1
1809 2099 -1
1179 2099 -1
150 1855 -1
1855 2078 -1
655 1855 -1
1387 1528 -1
625 1528 -1
199 1528 -1
1387 1514 -1
1387 2180 -1
1387 1518 -1
643 1420 -1
1420 1755 -1
1420 1746 -1
1403 1420 -1
1420 1740 -1
654 1420 -1
983 2122 -1
983 1899 -1
432 2088 -1
471 2088 -1
432 959 -1
2083 2168 -1
1264 2083 -1
1525 2083 -1
454 2083 -1
110 1415 -1
69 324 -1
324 874 -1
324 940 -1
324 942 -1
84 324 -1
324 2069 -1
58 324 -1
1401 1829 -1
959 1514 -1
1514 2088 -1
959 1528 -1
959 2180 -1
959 1518 -1
824 1063 -1
827 1063 -1
893 1063 -1
286 824 -1
2078 2098 -1
150 2098 -1
655 2098 -1
2078 2208 -1
336 2078 -1
345 2078 -1
272 1743 -1
272 651 -1
220 272 -1
174 272 -1
216 2094 -1
216 314 -1
216 1763 -1
1013 1262 -1
1422 1747 -1
321 1747 -1
1028 1747 -1
385 1747 -1
1418 1747 -1
1046 1747 -1
279 1747 -1
316 1747 -1
351 1747 -1
1422 1748 -1
165 401 -1
1390 1577 -1
1395 1573 -1
1395 1506 -1
1395 1460 -1
1758 2094 -1
314 1758 -1
1758 1763 -1
390 1274 -1
390 404 -1
390 1582 -1
307 908 -1
908 2200 -1
372 908 -1
908 1055 -1
971 1098 -1
1098 1392 -1
141 1098 -1
630 1098 -1
971 1870 -1
960 1422 -1
961 1422 -1
146 1422 -1
321 960 -1
960 1028 -1
385 960 -1
960 1418 -1
960 1046 -1
279 960 -1
316 960 -1
351 960 -1
482 977 -1
482 972 -1
982 1121 -1
982 1809 -1
982 1179 -1
645 1171 -1
645 2120 -1
624 1558 -1
970 1793 -1
1273 2248 -1
1283 2248 -1
1542 2248 -1
1273 1384 -1
1273 2244 -1
205 1273 -1
958 1273 -1
425 957 -1
957 1543 -1
298 1122 -1
1382 1468 -1
660 1468 -1
1171 1744 -1
1744 2120 -1
1385 1460 -1
1394 1460 -1
1007 1460 -1
1385 1506 -1
1385 1573 -1
1783 2084 -1
467 2089 -1
434 2089 -1
1011 1244 -1
1011 1279 -1
642 1476 -1
1396 1476 -1
642 1580 -1
642 1446 -1
461 1897 -1
461 1076 -1
650 1271 -1
1271 1732 -1
1457 2082 -1
126 1054 -1
59 1054 -1
126 257 -1
126 370 -1
126 694 -1
283 1012 -1
280 1012 -1
234 1012 -1
292 1012 -1
338 1012 -1
116 344 -1
344 2258 -1
995 2174 -1
1381 2174 -1
956 1081 -1
1081 1402 -1
1081 1734 -1
1081 2222 -1
1081 1751 -1
911 1041 -1
996 1280 -1
1280 1759 -1
219 1243 -1
219 2184 -1
219 1546 -1
219 1571 -1
219 462 -1
2193 2240 -1
2079 2193 -1
431 2081 -1
431 986 -1
1397 1831 -1
342 992 -1
342 2076 -1
230 1056 -1
1056 1399 -1
191 1056 -1
230 382 -1
2078 2209 -1
150 2209 -1
655 2209 -1
1000 1420 -1
627 1420 -1
188 1420 -1
446 1010 -1
1010 1527 -1
1066 2177 -1
1430 2177 -1
410 1066 -1
443 1066 -1
2075 2209 -1
357 969 -1
357 2091 -1
206 357 -1
967 1579 -1
983 2173 -1
1418 2247 -1
385 2247 -1
1028 2247 -1
1422 2247 -1
1046 2247 -1
279 2247 -1
316 2247 -1
1003 1418 -1
973 1418 -1
381 636 -1
81 1021 -1
984 1573 -1
984 1506 -1
984 1460 -1
132 360 -1
123 360 -1
360 2052 -1
360 879 -1
979 1573 -1
180 1573 -1
979 1506 -1
979 1460 -1
1395 1544 -1
965 1260 -1
200 1260 -1
397 1408 -1
1409 1730 -1
364 908 -1
908 1020 -1
615 1099 -1
615 1224 -1
615 1828 -1
1010 1469 -1
352 621 -1
1516 2083 -1
416 2083 -1
448 2083 -1
2083 2181 -1
1255 2083 -1
1575 2083 -1
487 2083 -1
1261 2083 -1
437 2083 -1
259 473 -1
1729 1771 -1
940 1771 -1
1771 2269 -1
942 1771 -1
1565 2082 -1
1495 2082 -1
627 2094 -1
1000 2094 -1
188 2094 -1
314 627 -1
627 1763 -1
986 1436 -1
1436 2081 -1
260 986 -1
65 324 -1
485 1227 -1
1389 2189 -1
1437 1731 -1
1409 1743 -1
651 1409 -1
220 1409 -1
174 1409 -1
476 1385 -1
476 1394 -1
476 1007 -1
407 1385 -1
407 1394 -1
407 1007 -1
954 1431 -1
327 954 -1
446 1403 -1
1403 1527 -1
446 1755 -1
446 1746 -1
446 643 -1
446 1740 -1
446 654 -1
299 632 -1
225 299 -1
237 621 -1
1417 1996 -1
1068 1996 -1
1417 2019 -1
582 1417 -1
7 1417 -1
1417 2287 -1
564 1417 -1
1371 1417 -1
963 1430 -1
963 1066 -1
1432 2083 -1
153 1885 -1
342 1183 -1
342 1893 -1
964 2168 -1
154 2168 -1
964 1264 -1
964 1525 -1
454 964 -1
282 638 -1
638 1424 -1
638 2202 -1
308 638 -1
1391 1900 -1
1196 1391 -1
1391 1790 -1
1118 1391 -1
982 1436 -1
260 982 -1
237 623 -1
237 1742 -1
202 401 -1
139 401 -1
401 975 -1
229 401 -1
401 991 -1
215 401 -1
1492 2249 -1
1247 2249 -1
1386 1492 -1
118 1764 -1
1285 1700 -1
445 1700 -1
421 1700 -1
63 331 -1
2084 2126 -1
1088 2084 -1
422 1408 -1
452 1408 -1
1005 1281 -1
211 1281 -1
1408 1897 -1
1076 1408 -1
381 632 -1
225 381 -1
955 1530 -1
2127 2209 -1
1385 2182 -1
1394 2182 -1
1007 2182 -1
1242 1385 -1
456 977 -1
456 972 -1
682 2244 -1
682 2248 -1
205 682 -1
682 958 -1
1285 1722 -1
445 1722 -1
421 1722 -1
1009 1259 -1
1009 1572 -1
994 1875 -1
216 2119 -1
469 964 -1
154 469 -1
124 336 -1
124 2208 -1
124 345 -1
124 2098 -1
458 1400 -1
1400 1562 -1
1400 1451 -1
399 1400 -1
1427 1730 -1
1730 2095 -1
1038 1730 -1
255 1730 -1
1437 1751 -1
1402 1437 -1
956 1437 -1
1437 1734 -1
1437 2222 -1
1427 1746 -1
1746 2095 -1
1038 1746 -1
255 1746 -1
1403 1427 -1
643 1427 -1
1427 1755 -1
980 1227 -1
118 347 -1
194 464 -1
194 1523 -1
103 344 -1
344 1712 -1
344 887 -1
998 1271 -1
1885 2238 -1
1556 1719 -1
1719 2163 -1
1719 2165 -1
256 2172 -1
1061 2172 -1
1034 2172 -1
1038 2172 -1
2095 2172 -1
337 2172 -1
1044 2172 -1
278 2172 -1
317 2172 -1
256 1486 -1
256 478 -1
1023 1285 -1
266 1285 -1
323 1285 -1
1285 2205 -1
334 1285 -1
311 1285 -1
445 1023 -1
421 1023 -1
434 1827 -1
467 1827 -1
434 1106 -1
421 1412 -1
1285 1412 -1
445 1412 -1
1412 1439 -1
650 1242 -1
1242 1732 -1
650 2182 -1
258 824 -1
258 827 -1
258 893 -1
1584 2228 -1
648 1584 -1
1287 2224 -1
426 2224 -1
1483 2224 -1
1276 2224 -1
1549 2224 -1
1471 2224 -1
317 485 -1
256 485 -1
485 1061 -1
485 1034 -1
337 485 -1
485 1044 -1
278 485 -1
1026 1724 -1
1724 1772 -1
345 626 -1
626 2208 -1
336 626 -1
626 2098 -1
147 345 -1
972 1468 -1
977 1468 -1
956 1412 -1
1402 1412 -1
1412 1734 -1
1412 2222 -1
1412 1751 -1
1290 2080 -1
448 2011 -1
416 2011 -1
2011 2181 -1
1255 2011 -1
1575 2011 -1
487 2011 -1
1516 2011 -1
1261 2011 -1
437 2011 -1
1243 2248 -1
2184 2248 -1
1546 2248 -1
1571 2248 -1
462 2248 -1
1243 1384 -1
1243 2244 -1
205 1243 -1
958 1243 -1
1005 1263 -1
211 1263 -1
705 1005 -1
370 1170 -1
257 1170 -1
1054 1170 -1
694 1170 -1
370 2114 -1
1243 2224 -1
2184 2224 -1
1546 2224 -1
1571 2224 -1
462 2224 -1
108 286 -1
286 931 -1
93 286 -1
108 1063 -1
985 1410 -1
2080 2181 -1
416 2080 -1
1473 2080 -1
487 2080 -1
1254 2080 -1
1575 2080 -1
1255 2080 -1
1516 2080 -1
1261 2080 -1
448 2080 -1
437 2080 -1
191 401 -1
230 401 -1
401 1399 -1
1396 1525 -1
642 1525 -1
1396 2168 -1
454 1396 -1
1459 1875 -1
1875 2186 -1
1507 1875 -1
379 2056 -1
1396 1441 -1
642 1441 -1
704 1396 -1
1396 1487 -1
199 1434 -1
625 1434 -1
1387 1434 -1
199 1037 -1
1282 2086 -1
490 2086 -1
964 1429 -1
154 1429 -1
964 1049 -1
1896 2098 -1
1158 2098 -1
1879 2098 -1
1896 2208 -1
336 1896 -1
345 1896 -1
625 1222 -1
1222 1387 -1
199 1222 -1
911 1047 -1
1730 2204 -1
866 1062 -1
697 866 -1
245 866 -1
350 866 -1
668 1508 -1
314 1728 -1
1728 1763 -1
1728 2198 -1
1728 2094 -1
1415 1751 -1
1402 1415 -1
956 1415 -1
1415 1734 -1
1415 2222 -1
246 663 -1
246 620 -1
246 639 -1
209 259 -1
205 259 -1
259 958 -1
1491 2091 -1
1540 2091 -1
968 1491 -1
969 1491 -1
206 1491 -1
445 1111 -1
1111 1439 -1
1111 1285 -1
421 1111 -1
1390 1510 -1
492 1390 -1
1261 2234 -1
416 2234 -1
448 2234 -1
2181 2234 -1
1255 2234 -1
1575 2234 -1
487 2234 -1
1516 2234 -1
437 2234 -1
451 1391 -1
1005 1277 -1
211 1277 -1
480 1005 -1
1005 1585 -1
700 1153 -1
1434 1749 -1
1037 1749 -1
704 906 -1
906 1441 -1
906 1487 -1
989 1474 -1
995 1478 -1
1381 1478 -1
415 995 -1
420 1432 -1
342 465 -1
373 1728 -1
301 1728 -1
333 1728 -1
1435 2240 -1
1435 2079 -1
1398 2097 -1
434 983 -1
467 983 -1
964 1419 -1
154 1419 -1
425 1429 -1
1429 1543 -1
425 1049 -1
1418 1755 -1
385 1755 -1
1028 1755 -1
1422 1755 -1
1046 1755 -1
279 1755 -1
316 1755 -1
1418 1740 -1
1418 1746 -1
1403 1418 -1
643 1418 -1
654 1418 -1
171 1254 -1
171 416 -1
171 1473 -1
171 2181 -1
1731 2204 -1
350 621 -1
621 697 -1
245 621 -1
621 1062 -1
425 1008 -1
1008 1543 -1
425 2074 -1
405 973 -1
405 1003 -1
405 2247 -1
1437 1747 -1
1437 1748 -1
1418 1760 -1
385 1760 -1
1028 1760 -1
1422 1760 -1
1046 1760 -1
279 1760 -1
316 1760 -1
997 1418 -1
1418 2087 -1
2085 2095 -1
256 2085 -1
337 2085 -1
1427 2085 -1
1038 2085 -1
255 2085 -1
469 999 -1
450 985 -1
484 985 -1
997 1549 -1
1549 1760 -1
1549 2087 -1
426 997 -1
997 1471 -1
997 1276 -1
997 1287 -1
952 2106 -1
997 1450 -1
1450 1760 -1
1450 2087 -1
1395 1542 -1
1273 1395 -1
1283 1395 -1
451 1384 -1
451 2248 -1
205 451 -1
451 958 -1
332 621 -1
1398 1831 -1
649 1254 -1
416 649 -1
649 1473 -1
649 2181 -1
1011 1249 -1
1383 2187 -1
631 2187 -1
182 2187 -1
2187 2239 -1
1556 1726 -1
1726 2163 -1
1726 2165 -1
390 618 -1
390 613 -1
1268 2224 -1
1184 1412 -1
1211 1412 -1
307 889 -1
889 2200 -1
372 889 -1
889 1055 -1
1862 2076 -1
992 1862 -1
237 632 -1
225 237 -1
1406 1554 -1
237 625 -1
237 1387 -1
199 237 -1
1012 1431 -1
327 1012 -1
1253 2224 -1
489 2224 -1
1484 2224 -1
1556 2267 -1
2163 2267 -1
2165 2267 -1
185 491 -1
1051 1724 -1
287 1158 -1
358 1158 -1
287 1896 -1
287 1879 -1
938 1024 -1
70 1024 -1
96 1764 -1
95 1764 -1
839 1764 -1
455 1426 -1
394 1426 -1
1003 1577 -1
973 1577 -1
1577 2247 -1
705 1413 -1
1263 1413 -1
472 1382 -1
1289 1382 -1
481 1382 -1
472 660 -1
953 1436 -1
260 953 -1
401 2235 -1
480 2249 -1
1585 2249 -1
1277 2249 -1
480 1386 -1
480 1385 -1
1385 1585 -1
1277 1385 -1
480 1394 -1
480 1007 -1
963 1429 -1
963 1049 -1
403 1400 -1
2044 2208 -1
336 2044 -1
345 2044 -1
2044 2098 -1
364 2258 -1
1020 2258 -1
116 364 -1
991 1284 -1
202 1284 -1
139 1284 -1
229 1284 -1
975 1284 -1
215 1284 -1
962 1261 -1
416 962 -1
448 962 -1
962 2181 -1
962 1255 -1
962 1575 -1
487 962 -1
962 1516 -1
437 962 -1
624 1502 -1
172 1266 -1
1266 2220 -1
190 1266 -1
1413 1750 -1
1392 1413 -1
1413 2237 -1
141 1413 -1
469 1432 -1
219 1242 -1
219 2182 -1
1432 2183 -1
278 622 -1
256 622 -1
622 1061 -1
622 1034 -1
337 622 -1
622 1044 -1
317 622 -1
278 664 -1
208 278 -1
1038 1729 -1
256 1729 -1
337 1729 -1
255 1729 -1
1427 1729 -1
1729 2095 -1
940 1038 -1
1038 2269 -1
942 1038 -1
1279 1737 -1
1244 1737 -1
1413 1730 -1
1011 2180 -1
1011 1528 -1
1011 1514 -1
291 632 -1
225 291 -1
1401 1874 -1
1224 1401 -1
1178 1401 -1
1401 1828 -1
1154 1401 -1
1237 1401 -1
1454 2083 -1
1576 2083 -1
2083 2161 -1
668 1558 -1
1383 1828 -1
631 1828 -1
182 1828 -1
1828 2239 -1
1154 1383 -1
1224 1383 -1
1099 1383 -1
1383 1874 -1
1237 1383 -1
1178 1383 -1
1277 1434 -1
480 1434 -1
1434 1585 -1
1037 1277 -1
1000 2202 -1
627 2202 -1
188 2202 -1
1000 1424 -1
282 1000 -1
308 1000 -1
1019 1477 -1
270 1477 -1
396 1019 -1
298 1160 -1
1390 1563 -1
451 990 -1
209 282 -1
205 282 -1
282 958 -1
209 1424 -1
209 2202 -1
209 308 -1
2074 2093 -1
1008 2093 -1
998 1283 -1
998 1273 -1
998 1542 -1
1386 2167 -1
2167 2249 -1
985 1431 -1
327 985 -1
1415 1746 -1
1403 1415 -1
643 1415 -1
1415 1755 -1
855 1024 -1
982 1154 -1
982 1224 -1
982 1178 -1
982 1828 -1
982 1874 -1
982 1237 -1
461 1408 -1
389 866 -1
269 866 -1
1400 1466 -1
1283 2086 -1
1273 2086 -1
1542 2086 -1
342 430 -1
342 1533 -1
342 1535 -1
185 401 -1
51 324 -1
120 324 -1
324 1707 -1
324 821 -1
324 910 -1
645 1111 -1
1393 1459 -1
1393 2186 -1
1393 1507 -1
1386 2187 -1
2187 2249 -1
225 401 -1
401 632 -1
317 963 -1
256 963 -1
963 1061 -1
963 1034 -1
337 963 -1
963 1044 -1
278 963 -1
493 1002 -1
163 1278 -1
425 975 -1
975 1543 -1
202 425 -1
139 425 -1
229 425 -1
215 425 -1
425 991 -1
480 1388 -1
1388 1585 -1
1277 1388 -1
480 988 -1
1051 1717 -1
317 964 -1
256 964 -1
964 1061 -1
964 1034 -1
337 964 -1
964 1044 -1
278 964 -1
154 317 -1
1011 1280 -1
1021 1477 -1
396 1021 -1
962 1434 -1
962 1037 -1
1121 1436 -1
1436 1809 -1
1179 1436 -1
260 1121 -1
219 1262 -1
982 1164 -1
982 1073 -1
962 1281 -1
466 2091 -1
466 968 -1
466 969 -1
206 466 -1
956 1429 -1
1402 1429 -1
1429 1734 -1
1429 2222 -1
1429 1751 -1
956 1049 -1
1400 2122 -1
1400 1899 -1
2181 2245 -1
416 2245 -1
1473 2245 -1
487 2245 -1
1254 2245 -1
1575 2245 -1
1255 2245 -1
1516 2245 -1
1261 2245 -1
448 2245 -1
437 2245 -1
224 2181 -1
198 2181 -1
110 324 -1
227 401 -1
401 661 -1
130 286 -1
130 1063 -1
1008 1425 -1
1425 2074 -1
1742 2184 -1
623 2184 -1
1571 1742 -1
1546 1742 -1
1243 1742 -1
462 1742 -1
636 690 -1
241 625 -1
241 1387 -1
199 241 -1
1406 1574 -1
483 2089 -1
1453 2089 -1
242 1750 -1
1750 1766 -1
242 1392 -1
242 2237 -1
141 242 -1
2086 2181 -1
416 2086 -1
1473 2086 -1
487 2086 -1
1254 2086 -1
1575 2086 -1
1255 2086 -1
1516 2086 -1
1261 2086 -1
448 2086 -1
437 2086 -1
175 464 -1
175 1523 -1
1516 2089 -1
416 2089 -1
448 2089 -1
2089 2181 -1
1255 2089 -1
1575 2089 -1
487 2089 -1
1261 2089 -1
437 2089 -1
1009 1288 -1
292 1717 -1
280 1717 -1
234 1717 -1
283 1717 -1
338 1717 -1
1254 1754 -1
416 1754 -1
1473 1754 -1
1754 2181 -1
148 395 -1
705 1721 -1
1263 1721 -1
425 976 -1
976 1543 -1
992 2183 -1
2076 2183 -1
983 1454 -1
983 1576 -1
983 2161 -1
425 958 -1
958 1543 -1
425 1384 -1
209 425 -1
425 2248 -1
205 425 -1
425 2244 -1
1462 2011 -1
332 1743 -1
332 651 -1
220 332 -1
174 332 -1
1388 1502 -1
988 1502 -1
953 1421 -1
963 1410 -1
1012 1430 -1
1012 1066 -1
1270 2072 -1
1827 2096 -1
1106 2096 -1
472 2236 -1
1289 2236 -1
481 2236 -1
1429 2240 -1
1049 2240 -1
1429 2079 -1
421 1004 -1
1004 1285 -1
445 1004 -1
1004 1439 -1
1758 2119 -1
965 1254 -1
200 1254 -1
416 965 -1
965 1473 -1
965 2181 -1
147 1286 -1
626 1286 -1
1002 1514 -1
1002 1528 -1
1002 2180 -1
1002 1518 -1
431 645 -1
256 465 -1
465 1061 -1
465 1034 -1
465 1038 -1
465 2095 -1
337 465 -1
465 1044 -1
278 465 -1
317 465 -1
1875 2088 -1
959 1875 -1
668 1531 -1
985 1432 -1
997 1554 -1
1554 1760 -1
1554 2087 -1
389 703 -1
269 703 -1
147 1261 -1
626 1261 -1
147 416 -1
147 448 -1
147 2181 -1
147 1255 -1
147 1575 -1
147 487 -1
147 1516 -1
147 437 -1
1003 1550 -1
973 1550 -1
1550 2247 -1
1793 2088 -1
959 1793 -1
1009 1251 -1
1133 1417 -1
1417 1810 -1
1068 1133 -1
1386 1578 -1
1578 2249 -1
1403 2182 -1
1755 2182 -1
1746 2182 -1
643 2182 -1
1740 2182 -1
654 2182 -1
1242 1403 -1
