794 2003 1
558 2300 1
1699 1699 1
1354 1697 1
800 2282 1
1354 2293 1
1697 2293 1
769 1658 1
1373 2017 1
1375 2007 1
584 598 1
1374 1666 1
802 2280 1
597 1356 1
810 1668 1
600 1663 1
773 2302 1
567 590 1
9 2010 1
27 2017 1
27 1373 1
593 599 1
1688 1691 1
597 2026 1
1356 2026 1
771 1997 1
29 804 1
2286 2303 1
1366 2286 1
1366 2303 1
573 583 1
609 1665 1
1345 1672 1
16 1375 1
16 2007 1
1668 2009 1
810 2009 1
1993 2027 1
1670 1670 1
610 790 1
559 580 1
793 1648 1
579 1687 1
18 807 1
763 1359 1
14 23 1
590 1674 1
567 1674 1
594 1371 1
26 34 1
36 558 1
36 2300 1
555 593 1
555 599 1
583 2028 1
573 2028 1
16 17 1
17 2007 1
17 1375 1
566 807 1
18 566 1
803 1339 1
1356 1679 1
1679 2026 1
597 1679 1
582 1682 1
573 2289 1
2028 2289 1
583 2289 1
558 1656 1
36 1656 1
1656 2300 1
1362 1689 1
32 803 1
32 1339 1
1373 2013 1
2013 2017 1
27 2013 1
569 808 1
595 1985 1
610 1658 1
790 1658 1
610 769 1
1370 1696 1
35 586 1
607 788 1
14 2016 1
23 2016 1
1364 2289 1
1364 2028 1
573 1364 1
583 1364 1
800 1674 1
1674 2282 1
590 800 1
567 800 1
1353 1997 1
771 1353 1
16 1669 1
17 1669 1
1669 2007 1
1375 1669 1
596 1995 1
564 2020 1
6 1667 1
41 567 1
41 800 1
41 1674 1
41 590 1
1367 1368 1
1343 1646 1
47 809 1
792 2007 1
16 792 1
17 792 1
792 1669 1
792 1375 1
772 1348 1
786 2002 1
807 2295 1
18 2295 1
566 2295 1
571 2000 1
1357 1365 1
42 2306 1
4 1993 1
4 2027 1
601 1657 1
9 780 1
780 2010 1
1646 2014 1
1343 2014 1
574 2309 1
807 2006 1
18 2006 1
566 2006 1
2006 2295 1
570 1662 1
41 2309 1
800 2309 1
1674 2309 1
590 2309 1
567 2309 1
41 574 1
18 801 1
801 2295 1
801 2006 1
566 801 1
801 807 1
575 2292 1
46 1356 1
46 2026 1
46 597 1
46 1679 1
785 2011 1
569 2025 1
808 2025 1
1355 2001 1
785 1345 1
1345 2011 1
785 1672 1
786 1696 1
1696 2002 1
786 1370 1
582 1346 1
1346 1682 1
1353 2015 1
771 2015 1
1997 2015 1
573 590 1
590 1364 1
590 2289 1
590 2028 1
583 590 1
573 800 1
573 2309 1
41 573 1
573 1674 1
567 573 1
784 800 1
784 2309 1
41 784 1
784 2282 1
590 784 1
573 784 1
567 784 1
784 1674 1
10 784 1
10 800 1
10 2309 1
10 1674 1
10 41 1
10 2282 1
10 590 1
10 567 1
10 573 1
41 1990 1
800 1990 1
1990 2309 1
1674 1990 1
590 1990 1
784 1990 1
10 1990 1
567 1990 1
573 1990 1
574 1990 1
14 2002 1
2002 2016 1
23 2002 1
14 1696 1
14 786 1
566 2015 1
801 2015 1
807 2015 1
18 2015 1
2006 2015 1
2015 2295 1
566 771 1
566 1353 1
566 1997 1
1686 2302 1
773 1686 1
783 2025 1
783 808 1
569 783 1
607 1340 1
788 1340 1
30 1664 1
772 777 1
777 1348 1
609 2025 1
1665 2025 1
609 808 1
569 609 1
609 783 1
1368 1673 1
1367 1673 1
776 776 1
1335 2296 1
22 1686 1
22 773 1
22 2302 1
803 1644 1
32 1644 1
1339 1644 1
771 2016 1
1353 2016 1
1997 2016 1
566 2016 1
2015 2016 1
14 771 1
771 2002 1
23 771 1
109 920 1
854 904 1
118 907 1
85 2050 1
1712 2052 1
828 2275 1
826 2030 1
820 2059 1
114 884 1
898 2256 1
101 874 1
72 877 1
133 936 1
917 1728 1
109 2250 1
920 2250 1
887 2066 1
840 891 1
74 836 1
123 923 1
1719 2259 1
818 854 1
818 904 1
81 131 1
830 879 1
83 90 1
843 2070 1
929 2263 1
91 852 1
121 814 1
927 1719 1
927 2259 1
2062 2069 1
835 1729 1
946 2039 1
114 127 1
127 884 1
817 950 1
1716 2057 1
864 930 1
902 2263 1
902 929 1
1728 2250 1
917 2250 1
920 1728 1
109 1728 1
119 933 1
103 884 1
103 114 1
103 127 1
72 86 1
86 877 1
847 2052 1
847 1712 1
855 939 1
845 895 1
73 1710 1
66 940 1
1703 1713 1
815 2255 1
930 2263 1
864 2263 1
929 930 1
902 930 1
1714 2278 1
823 857 1
97 887 1
97 2066 1
54 2273 1
829 1719 1
829 2259 1
829 927 1
849 2070 1
843 849 1
98 132 1
816 915 1
949 1702 1
92 909 1
64 117 1
842 866 1
102 876 1
855 882 1
882 939 1
72 84 1
84 877 1
84 86 1
846 2053 1
822 2278 1
822 1714 1
823 1705 1
857 1705 1
91 2045 1
852 2045 1
822 2061 1
1714 2061 1
2061 2278 1
941 2268 1
105 1726 1
56 865 1
79 830 1
79 879 1
129 2262 1
821 863 1
113 2256 1
113 898 1
864 943 1
930 943 1
943 2263 1
1723 2273 1
54 1723 1
932 2068 1
115 2269 1
817 836 1
836 950 1
74 817 1
929 1709 1
930 1709 1
902 1709 1
1709 2263 1
899 944 1
857 2057 1
1705 2057 1
823 2057 1
857 1716 1
66 852 1
852 940 1
66 91 1
66 2045 1
53 2250 1
53 920 1
53 1728 1
53 109 1
53 917 1
69 945 1
100 947 1
928 2265 1
128 891 1
128 840 1
907 2273 1
118 2273 1
907 1723 1
54 907 1
83 2252 1
90 2252 1
60 2273 1
60 1723 1
60 907 1
60 118 1
54 60 1
2030 2270 1
826 2270 1
2068 2270 1
932 2270 1
826 2068 1
2030 2068 1
847 941 1
941 1712 1
941 2052 1
847 2268 1
114 920 1
103 920 1
884 920 1
127 920 1
114 1728 1
114 2250 1
109 114 1
53 114 1
923 2038 1
123 2038 1
50 1719 1
50 2259 1
50 829 1
50 927 1
814 858 1
121 858 1
838 949 1
838 1702 1
49 891 1
49 840 1
49 128 1
77 859 1
947 2041 1
100 2041 1
857 912 1
912 1705 1
912 1716 1
912 2057 1
823 912 1
886 1718 1
849 883 1
843 883 1
883 2070 1
117 913 1
64 913 1
879 894 1
830 894 1
79 894 1
79 2043 1
894 2043 1
830 2043 1
879 2043 1
88 2064 1
63 2271 1
124 833 1
51 921 1
93 2044 1
830 1724 1
79 1724 1
1724 2043 1
894 1724 1
879 1724 1
949 2061 1
838 2061 1
1702 2061 1
949 2278 1
949 1714 1
822 949 1
121 2065 1
858 2065 1
814 2065 1
864 2255 1
930 2255 1
943 2255 1
2255 2263 1
815 864 1
49 951 1
840 951 1
128 951 1
891 951 1
136 1726 1
105 136 1
848 2279 1
814 819 1
121 819 1
819 858 1
819 2065 1
117 2069 1
64 2069 1
913 2069 1
117 2062 1
55 1713 1
55 1703 1
91 2258 1
66 2258 1
852 2258 1
2045 2258 1
1700 2258 1
66 1700 1
91 1700 1
852 1700 1
1700 2045 1
140 2238 1
173 661 1
195 955 1
161 1755 1
152 1752 1
187 627 1
182 212 1
157 1379 1
217 664 1
952 1006 1
192 2222 1
954 1404 1
149 958 1
141 1730 1
972 1383 1
164 207 1
659 661 1
173 659 1
185 1745 1
1731 2090 1
662 1394 1
163 2226 1
1382 1742 1
649 959 1
1389 2087 1
659 966 1
661 966 1
173 966 1
150 646 1
998 1385 1
1387 1732 1
228 1742 1
228 1382 1
967 1380 1
198 659 1
198 661 1
198 966 1
173 198 1
1379 1383 1
157 1383 1
972 1379 1
162 955 1
162 195 1
202 204 1
166 986 1
208 655 1
634 2232 1
147 213 1
655 1739 1
208 1739 1
960 2226 1
163 960 1
230 1383 1
230 1379 1
230 972 1
157 230 1
146 633 1
200 964 1
2077 2080 1
1009 2227 1
176 639 1
1739 1750 1
208 1750 1
655 1750 1
984 2247 1
671 671 1
1404 2076 1
954 2076 1
645 966 1
645 659 1
645 661 1
198 645 1
173 645 1
1000 1748 1
227 1395 1
147 1753 1
213 1753 1
635 1386 1
637 996 1
173 1013 1
966 1013 1
198 1013 1
645 1013 1
659 1013 1
661 1013 1
664 2078 1
217 2078 1
620 2246 1
150 2245 1
646 2245 1
165 993 1
1732 1738 1
1387 1738 1
1735 2235 1
1008 2240 1
161 637 1
637 1755 1
161 996 1
645 2220 1
966 2220 1
198 2220 1
173 2220 1
659 2220 1
1013 2220 1
661 2220 1
668 1001 1
612 2229 1
1753 2081 1
147 2081 1
213 2081 1
203 955 1
162 203 1
195 203 1
177 966 1
177 645 1
177 198 1
177 2220 1
173 177 1
177 659 1
177 1013 1
177 661 1
960 2241 1
2226 2241 1
163 2241 1
177 1004 1
645 1004 1
198 1004 1
1004 2220 1
173 1004 1
659 1004 1
1004 1013 1
966 1004 1
661 1004 1
141 623 1
623 1730 1
196 963 1
1382 1730 1
228 1730 1
1730 1742 1
141 1382 1
623 1382 1
146 1395 1
633 1395 1
146 227 1
965 2227 1
965 1009 1
648 952 1
648 1006 1
209 1748 1
209 1000 1
963 1008 1
196 1008 1
963 2240 1
143 2072 1
207 2082 1
164 2082 1
187 197 1
197 627 1
617 2072 1
143 617 1
1003 1754 1
199 959 1
199 649 1
611 2249 1
203 213 1
162 213 1
213 955 1
195 213 1
203 2081 1
147 203 1
203 1753 1
153 187 1
153 627 1
153 197 1
194 209 1
194 1000 1
194 1748 1
169 1747 1
232 611 1
232 2249 1
1390 2074 1
186 618 1
1012 2236 1
177 1392 1
645 1392 1
198 1392 1
1004 1392 1
1392 2220 1
173 1392 1
659 1392 1
1013 1392 1
966 1392 1
661 1392 1
168 1742 1
168 1730 1
168 228 1
168 1382 1
1000 1384 1
209 1384 1
194 1384 1
1384 1748 1
186 953 1
618 953 1
966 2073 1
645 2073 1
198 2073 1
1004 2073 1
2073 2220 1
173 2073 1
1392 2073 1
177 2073 1
659 2073 1
1013 2073 1
661 2073 1
655 1008 1
208 1008 1
1008 1739 1
1008 1750 1
655 2240 1
655 963 1
196 655 1
1000 2075 1
1384 2075 1
209 2075 1
194 2075 1
1748 2075 1
205 226 1
139 995 1
213 2247 1
2081 2247 1
162 2247 1
195 2247 1
203 2247 1
147 2247 1
1753 2247 1
955 2247 1
213 984 1
139 975 1
975 995 1
172 232 1
172 2249 1
172 611 1
153 1731 1
627 1731 1
187 1731 1
197 1731 1
153 2090 1
247 1024 1
266 366 1
328 1059 1
257 1048 1
322 2096 1
312 343 1
310 702 1
360 1041 1
346 1062 1
365 2219 1
682 1433 1
270 1767 1
314 388 1
1046 1070 1
349 381 1
258 2211 1
1067 1427 1
693 1407 1
293 693 1
293 1407 1
334 1030 1
277 678 1
675 691 1
269 304 1
338 356 1
323 1021 1
319 674 1
234 1058 1
272 1066 1
341 678 1
277 341 1
366 1063 1
266 1063 1
265 328 1
265 1059 1
701 2213 1
322 1436 1
1436 2096 1
694 1041 1
360 694 1
1429 2198 1
354 1432 1
286 1424 1
355 2211 1
258 355 1
1064 1430 1
1022 2196 1
264 377 1
1048 2205 1
257 2205 1
299 381 1
299 349 1
685 1772 1
258 2095 1
355 2095 1
2095 2211 1
264 1016 1
377 1016 1
367 1015 1
289 688 1
262 1021 1
262 323 1
290 2211 1
258 290 1
290 355 1
290 2095 1
336 1066 1
272 336 1
337 358 1
349 696 1
299 696 1
381 696 1
694 2206 1
360 2206 1
1041 2206 1
696 1018 1
299 1018 1
349 1018 1
381 1018 1
1016 2200 1
264 2200 1
377 2200 1
675 1431 1
691 1431 1
260 279 1
288 364 1
244 1434 1
250 1422 1
273 2212 1
368 1057 1
327 379 1
297 677 1
372 1409 1
244 1041 1
1041 1434 1
244 360 1
244 2206 1
244 694 1
345 1038 1
242 686 1
1419 2093 1
268 2196 1
268 1022 1
348 1044 1
258 347 1
347 355 1
290 347 1
347 2211 1
347 2095 1
1042 1430 1
1042 1064 1
295 373 1
1061 2093 1
1061 1419 1
1053 1424 1
286 1053 1
681 702 1
310 681 1
261 2094 1
323 2201 1
1021 2201 1
262 2201 1
1021 1428 1
1428 2201 1
323 1428 1
262 1428 1
1431 1769 1
675 1769 1
691 1769 1
369 1422 1
250 369 1
327 2217 1
379 2217 1
296 1420 1
280 378 1
2201 2217 1
323 2217 1
1428 2217 1
1021 2217 1
262 2217 1
327 2201 1
379 2201 1
262 1416 1
323 1416 1
1416 2217 1
1416 1428 1
1416 2201 1
1021 1416 1
329 1410 1
300 1436 1
300 2096 1
300 322 1
1417 2203 1
352 1024 1
247 352 1
391 2215 1
1762 2219 1
365 1762 1
687 2198 1
687 1429 1
1427 2190 1
1067 2190 1
301 2216 1
366 1773 1
266 1773 1
1063 1773 1
279 1427 1
260 1427 1
279 1067 1
279 2190 1
290 1069 1
258 1069 1
355 1069 1
1069 2095 1
1069 2211 1
347 1069 1
1050 1419 1
1050 2093 1
1050 1061 1
702 1014 1
681 1014 1
310 1014 1
276 685 1
276 1772 1
273 2215 1
2212 2215 1
273 391 1
269 1421 1
304 1421 1
1020 2212 1
273 1020 1
1020 2215 1
1415 1423 1
275 347 1
258 275 1
275 355 1
275 290 1
275 1069 1
275 2095 1
275 2211 1
1034 1413 1
329 1407 1
1407 1410 1
329 693 1
293 329 1
1066 2215 1
272 2215 1
336 2215 1
1066 2212 1
391 1066 1
273 1066 1
1020 1066 1
304 348 1
269 348 1
348 1421 1
304 1044 1
312 702 1
343 702 1
312 681 1
312 1014 1
310 312 1
311 675 1
311 1769 1
311 691 1
311 1431 1
269 1765 1
304 1765 1
348 1765 1
1421 1765 1
384 1020 1
273 384 1
384 1066 1
384 2212 1
384 2215 1
372 1425 1
1409 1425 1
380 1433 1
380 682 1
389 1763 1
262 320 1
320 323 1
320 1416 1
320 2217 1
320 1428 1
320 2201 1
320 1021 1
254 2217 1
254 320 1
254 323 1
254 262 1
254 327 1
254 1416 1
254 1428 1
254 2201 1
254 379 1
254 1021 1
1444 1552 1
1280 2189 1
1446 1470 1
1517 1550 1
1493 2180 1
1250 1486 1
1501 2166 1
441 1270 1
1529 1548 1
1481 1582 1
1448 1519 1
460 1473 1
402 1242 1
469 476 1
1267 2183 1
404 474 1
468 1478 1
482 703 1
463 1535 1
1581 2180 1
1493 1581 1
1451 1520 1
431 476 1
431 469 1
1260 1514 1
422 2165 1
481 1583 1
1269 1529 1
1269 1548 1
1449 1533 1
491 1286 1
1250 1267 1
1267 1486 1
1250 2183 1
1556 2171 1
1270 1519 1
441 1519 1
1270 1448 1
1527 1552 1
1444 1527 1
1493 2173 1
2173 2180 1
1581 2173 1
418 459 1
1524 1540 1
1472 1538 1
436 1538 1
436 1472 1
460 1485 1
1473 1485 1
1468 1505 1
401 1464 1
435 1552 1
435 1444 1
435 1527 1
421 471 1
421 1489 1
471 1489 1
411 1540 1
411 1524 1
455 1251 1
433 2166 1
433 1501 1
444 486 1
450 1570 1
1502 2166 1
433 1502 1
1501 1502 1
1258 1461 1
1470 2165 1
1446 2165 1
422 1470 1
451 1282 1
1243 1564 1
407 2173 1
407 2180 1
407 1493 1
407 1581 1
469 1506 1
476 1506 1
431 1506 1
398 437 1
403 1463 1
1271 1547 1
433 1517 1
1502 1517 1
1501 1517 1
1517 2166 1
433 1550 1
1290 1456 1
1259 1547 1
1259 1271 1
428 1269 1
428 1529 1
428 1548 1
490 1281 1
420 1577 1
1243 1287 1
1287 1564 1
1472 2169 1
1538 2169 1
436 2169 1
1244 1469 1
1561 2164 1
1453 1544 1
475 1580 1
1252 2178 1
1501 1514 1
433 1514 1
1502 1514 1
1514 2166 1
1514 1517 1
1260 1501 1
419 1533 1
419 1449 1
485 1284 1
1467 1480 1
1450 1579 1
479 1562 1
437 1470 1
398 1470 1
437 2165 1
437 1446 1
422 437 1
1525 1571 1
1288 1502 1
1288 1514 1
1288 1517 1
433 1288 1
1288 2166 1
1288 1501 1
456 1558 1
414 2178 1
414 1252 1
418 420 1
420 459 1
418 1577 1
449 1439 1
1264 1279 1
1501 1577 1
1288 1577 1
1514 1577 1
1260 1577 1
1517 1577 1
433 1577 1
1577 2166 1
1502 1577 1
418 1501 1
420 1501 1
459 1578 1
418 1578 1
420 1578 1
432 1251 1
432 455 1
415 1487 1
482 1496 1
703 1496 1
419 1516 1
1449 1516 1
1516 1533 1
462 1259 1
462 1547 1
462 1271 1
463 1524 1
1524 1535 1
411 463 1
463 1540 1
1287 1458 1
1243 1458 1
1458 1564 1
428 1546 1
1529 1546 1
1546 1548 1
1269 1546 1
1241 1455 1
430 1467 1
430 1480 1
1571 2188 1
1525 2188 1
1271 1276 1
1276 1547 1
462 1276 1
1259 1276 1
1475 2183 1
1250 1475 1
1267 1475 1
411 1249 1
1249 1524 1
1249 1540 1
463 1249 1
1249 1495 1
1495 1540 1
411 1495 1
1495 1524 1
463 1495 1
423 2173 1
407 423 1
423 2180 1
423 1493 1
423 1581 1
469 1579 1
1506 1579 1
476 1579 1
431 1579 1
469 1450 1
1266 1577 1
418 1266 1
420 1266 1
1266 1288 1
1266 1514 1
1260 1266 1
1266 1517 1
433 1266 1
1266 2166 1
1266 1501 1
1266 1502 1
437 1540 1
422 1540 1
1446 1540 1
398 1540 1
1540 2165 1
1470 1540 1
437 1249 1
437 463 1
437 1524 1
437 1495 1
411 437 1
432 1551 1
1251 1551 1
455 1551 1
402 445 1
445 1242 1
426 1511 1
459 1290 1
418 1290 1
420 1290 1
1290 1578 1
459 1456 1
1514 1575 1
1288 1575 1
1575 1577 1
1260 1575 1
1517 1575 1
433 1575 1
1266 1575 1
1575 2166 1
1501 1575 1
1502 1575 1
708 1331 1
726 1622 1
522 2139 1
534 723 1
518 1973 1
1961 2133 1
1950 2134 1
547 1945 1
730 743 1
754 1312 1
747 2149 1
713 1945 1
547 713 1
500 1600 1
720 1621 1
517 716 1
1957 2135 1
495 1321 1
520 728 1
1306 1943 1
501 547 1
501 1945 1
501 713 1
1619 1946 1
1319 1329 1
536 1916 1
524 1904 1
747 1626 1
1626 2149 1
1296 1982 1
1940 1943 1
1306 1940 1
1593 1955 1
746 1332 1
738 2159 1
706 1309 1
731 2148 1
1295 2159 1
738 1295 1
510 529 1
1942 2145 1
1622 1921 1
726 1921 1
742 1603 1
552 1938 1
551 1958 1
517 743 1
716 743 1
517 730 1
1620 2130 1
1331 1982 1
708 1982 1
1296 1331 1
515 1606 1
523 1607 1
753 1970 1
1322 1595 1
1924 1954 1
757 1943 1
757 1306 1
757 1940 1
1932 2159 1
738 1932 1
1295 1932 1
509 1921 1
509 726 1
509 1622 1
548 2133 1
548 1961 1
534 1976 1
723 1976 1
729 1950 1
729 2134 1
505 717 1
534 1606 1
1606 1976 1
723 1606 1
515 534 1
718 1600 1
500 718 1
1301 1921 1
726 1301 1
1301 1622 1
509 1301 1
1320 1912 1
1637 1962 1
501 1980 1
1945 1980 1
547 1980 1
713 1980 1
1910 1969 1
1963 2156 1
753 1325 1
1325 1970 1
757 1939 1
1306 1939 1
1939 1940 1
1939 1943 1
530 726 1
530 1921 1
509 530 1
530 1622 1
530 1301 1
517 1957 1
730 1957 1
716 1957 1
743 1957 1
517 2135 1
738 1639 1
1295 1639 1
1639 1932 1
1639 2159 1
514 722 1
756 1955 1
756 1593 1
1333 1623 1
1321 1919 1
495 1919 1
501 520 1
520 1945 1
520 547 1
520 1980 1
520 713 1
501 728 1
1306 1593 1
1593 1939 1
1593 1940 1
757 1593 1
1593 1943 1
1306 1955 1
756 1306 1
1586 1593 1
1586 1955 1
1586 1939 1
1586 1940 1
757 1586 1
1586 1943 1
756 1586 1
1306 1586 1
750 1962 1
750 1637 1
744 1321 1
744 1919 1
495 744 1
502 1624 1
522 1933 1
1933 2139 1
712 1928 1
507 738 1
507 1639 1
507 1295 1
507 1932 1
507 2159 1
714 1979 1
1330 1967 1
496 1627 1
710 1943 1
710 1586 1
710 1939 1
710 1940 1
710 757 1
710 1593 1
710 1306 1
1293 1618 1
548 1593 1
1593 1961 1
1593 2133 1
548 1955 1
548 710 1
548 1586 1
548 1939 1
548 1940 1
548 757 1
548 1943 1
548 756 1
548 1306 1
755 1981 1
713 1297 1
547 1297 1
520 1297 1
501 1297 1
1297 1945 1
1297 1980 1
1593 2147 1
1955 2147 1
548 2147 1
710 2147 1
1961 2147 1
1586 2147 1
1939 2147 1
1940 2147 1
757 2147 1
1943 2147 1
756 2147 1
1306 2147 1
2133 2147 1
752 1632 1
1329 1597 1
1319 1597 1
1293 1934 1
1618 1934 1
1320 1621 1
1621 1912 1
720 1320 1
759 1317 1
537 734 1
748 1965 1
1324 1329 1
1324 1597 1
1319 1324 1
1613 1906 1
1293 2149 1
1618 2149 1
1934 2149 1
1293 1626 1
747 1293 1
709 1316 1
550 1624 1
502 550 1
1957 2139 1
517 2139 1
743 2139 1
716 2139 1
2135 2139 1
730 2139 1
522 1957 1
1933 1957 1
712 713 1
713 1928 1
547 712 1
520 712 1
712 1297 1
501 712 1
712 1945 1
712 1980 1
730 1976 1
1957 1976 1
1976 2139 1
517 1976 1
743 1976 1
730 1606 1
723 730 1
534 730 1
740 1625 1
500 1305 1
1305 1600 1
718 1305 1
1144 1789 1
1170 1850 1
1212 1821 1
1103 2110 1
1142 1797 1
1113 1148 1
1155 1236 1
1188 1830 1
1099 1789 1
1099 1144 1
1147 1842 1
1176 1204 1
1082 2110 1
1082 1103 1
1098 1236 1
1098 1155 1
1171 1175 1
1152 1859 1
1203 1845 1
1100 1146 1
1105 1175 1
1105 1171 1
1877 1903 1
1785 2100 1
1226 1861 1
1097 1805 1
1194 1777 1
1083 2100 1
1083 1785 1
1789 1805 1
1144 1805 1
1099 1805 1
1097 1789 1
1077 1785 1
1077 1083 1
1077 2100 1
1889 2128 1
1119 1225 1
1092 1103 1
1082 1092 1
1092 2110 1
1782 2100 1
1782 1785 1
1083 1782 1
1077 1782 1
1167 1231 1
1084 2115 1
1131 1203 1
1131 1845 1
1128 1842 1
1128 1147 1
1218 1237 1
1181 1834 1
1115 1194 1
1115 1777 1
1175 1198 1
1105 1198 1
1171 1198 1
1089 2129 1
1093 1843 1
1825 1835 1
1103 1778 1
1082 1778 1
1092 1778 1
1778 2110 1
1191 2103 1
1099 1205 1
1144 1205 1
1205 1789 1
1205 1805 1
1186 1240 1
1110 1878 1
1841 1845 1
1131 1841 1
1203 1841 1
1101 1134 1
1095 2100 1
1095 1785 1
1083 1095 1
1077 1095 1
1095 1782 1
1102 1774 1
1219 1898 1
1100 1115 1
1115 1146 1
1100 1777 1
1100 1194 1
1142 1226 1
1226 1797 1
1142 1861 1
1818 1878 1
1110 1818 1
1166 1183 1
1778 2107 1
1082 2107 1
1092 2107 1
2107 2110 1
1103 2107 1
1152 1181 1
1181 1859 1
1152 1834 1
1111 1132 1
1896 2105 1
1196 1832 1
1165 1238 1
1114 1124 1
1828 1899 1
1137 1197 1
1074 1862 1
1207 1798 1
1109 1781 1
1854 1869 1
1074 1100 1
1100 1862 1
1074 1194 1
1074 1777 1
1074 1146 1
1074 1115 1
1187 2115 1
1084 1187 1
1238 2107 1
1165 2107 1
1092 1238 1
1103 1238 1
1238 1778 1
1082 1238 1
1238 2110 1
1877 2106 1
1903 2106 1
1202 1799 1
1132 1879 1
1111 1879 1
1834 1857 1
1152 1857 1
1181 1857 1
1168 1176 1
1168 1204 1
1148 1851 1
1113 1851 1
1847 2126 1
1162 1821 1
1162 1212 1
1161 1776 1
1071 1091 1
1226 1802 1
1802 1861 1
1142 1802 1
1797 1802 1
1209 1212 1
1162 1209 1
1209 1821 1
1222 2129 1
1089 1222 1
1205 1898 1
1144 1898 1
1099 1898 1
1789 1898 1
1805 1898 1
1205 1219 1
1093 1892 1
1843 1892 1
1826 1834 1
1152 1826 1
1826 1857 1
1181 1826 1
1815 1821 1
1209 1815 1
1162 1815 1
1212 1815 1
1143 1214 1
1093 1121 1
1121 1843 1
1121 1892 1
1140 1201 1
1797 1817 1
1226 1817 1
1802 1817 1
1142 1817 1
1122 1861 1
1122 1226 1
1122 1802 1
1122 1142 1
1874 2112 1
1196 1801 1
1801 1832 1
1208 1800 1
1126 1786 1
1839 2103 1
1191 1839 1
1232 1792 1
1855 2108 1
1084 1212 1
1212 2115 1
1187 1212 1
1084 1162 1
1084 1815 1
1084 1209 1
1084 1821 1
1182 2121 1
1796 1868 1
1234 1803 1
1073 1147 1
1073 1128 1
1073 1842 1
1156 1862 1
1074 1156 1
1100 1156 1
1170 2109 1
1850 2109 1
1159 1796 1
1159 1868 1
1139 1824 1
1138 1806 1
1211 2107 1
1092 1211 1
1165 1211 1
1103 1211 1
1211 1778 1
1211 1238 1
1082 1211 1
1211 2110 1
1089 1141 1
1141 2129 1
1141 1222 1
1074 1212 1
1156 1212 1
1212 1862 1
1194 1212 1
1100 1212 1
1212 1777 1
1146 1212 1
1115 1212 1
1074 2115 1
1074 1162 1
1074 1187 1
1074 1815 1
1074 1209 1
1074 1084 1
1074 1821 1
1196 1203 1
1203 1832 1
1203 1801 1
1131 1196 1
1196 1841 1
1196 1845 1
1079 1216 1
1236 1902 1
1098 1902 1
1155 1902 1
1157 1514 -1
1157 1575 -1
1157 1288 -1
1157 1577 -1
1157 1260 -1
1157 1517 -1
433 1157 -1
1157 1266 -1
1157 2166 -1
1157 1501 -1
1157 1502 -1
518 690 -1
690 1973 -1
889 1584 -1
1282 1305 -1
451 1305 -1
1282 1600 -1
500 1282 -1
718 1282 -1
1792 2297 -1
1232 2297 -1
1673 2089 -1
1368 2089 -1
1367 2089 -1
963 1804 -1
1008 1804 -1
1804 2240 -1
196 1804 -1
655 1804 -1
70 1310 -1
1233 1251 -1
432 1233 -1
1233 1551 -1
455 1233 -1
696 1552 -1
1018 1552 -1
299 1552 -1
349 1552 -1
381 1552 -1
435 696 -1
696 1444 -1
696 1527 -1
555 1176 -1
593 1176 -1
599 1176 -1
555 1168 -1
555 1204 -1
879 1749 -1
1749 2043 -1
1724 1749 -1
894 1749 -1
830 1749 -1
79 1749 -1
2023 2114 -1
473 570 -1
473 1662 -1
1062 1275 -1
346 1275 -1
919 1126 -1
919 1786 -1
570 1613 -1
1613 1662 -1
570 1906 -1
701 2042 -1
2042 2213 -1
340 572 -1
165 2138 -1
993 2138 -1
110 479 -1
110 1562 -1
635 1518 -1
1386 1518 -1
1590 2047 -1
43 892 -1
913 2073 -1
64 2073 -1
117 2073 -1
2069 2073 -1
645 913 -1
198 913 -1
913 1004 -1
913 2220 -1
173 913 -1
913 1392 -1
177 913 -1
659 913 -1
913 1013 -1
913 966 -1
661 913 -1
1 693 -1
1 329 -1
1 293 -1
1 1407 -1
65 442 -1
1499 1853 -1
1196 1501 -1
1501 1832 -1
1501 1801 -1
1131 1501 -1
1501 1841 -1
1203 1501 -1
1501 1845 -1
418 1196 -1
420 1196 -1
1196 1575 -1
1196 1288 -1
1196 1577 -1
1196 1514 -1
1196 1260 -1
1196 1517 -1
433 1196 -1
1196 1266 -1
1196 2166 -1
1196 1502 -1
649 1263 -1
199 1263 -1
959 1263 -1
204 686 -1
202 686 -1
204 242 -1
1840 2137 -1
459 1766 -1
1456 1766 -1
418 1766 -1
1290 1766 -1
420 1766 -1
1578 1766 -1
1209 2057 -1
1212 2057 -1
1162 2057 -1
1074 2057 -1
1815 2057 -1
1084 2057 -1
1821 2057 -1
912 1209 -1
857 1209 -1
823 1209 -1
1209 1716 -1
1209 1705 -1
762 1201 -1
762 1140 -1
471 686 -1
686 1489 -1
421 686 -1
242 471 -1
741 840 -1
128 741 -1
49 741 -1
741 891 -1
741 951 -1
795 2142 -1
822 2226 -1
1714 2226 -1
2061 2226 -1
2226 2278 -1
949 2226 -1
822 960 -1
822 2241 -1
163 822 -1
892 2097 -1
453 737 -1
283 746 -1
283 1332 -1
114 1530 -1
1530 1728 -1
103 1530 -1
1530 2250 -1
109 1530 -1
884 1530 -1
53 1530 -1
920 1530 -1
127 1530 -1
252 814 -1
121 252 -1
252 858 -1
252 819 -1
252 2065 -1
835 1373 -1
1373 1729 -1
835 2017 -1
27 835 -1
835 2013 -1
828 1598 -1
1598 2275 -1
734 2181 -1
537 2181 -1
918 1912 -1
918 1320 -1
918 1621 -1
515 1200 -1
534 1200 -1
1200 1606 -1
505 884 -1
717 884 -1
505 920 -1
114 505 -1
103 505 -1
127 505 -1
337 841 -1
358 841 -1
11 474 -1
11 404 -1
438 1431 -1
438 1769 -1
438 675 -1
438 691 -1
311 438 -1
889 1634 -1
1801 1967 -1
1832 1967 -1
1203 1967 -1
1196 1967 -1
1330 1801 -1
607 2199 -1
1340 2199 -1
788 2199 -1
182 840 -1
212 840 -1
128 182 -1
49 182 -1
182 891 -1
182 951 -1
648 840 -1
840 952 -1
840 1006 -1
128 648 -1
49 648 -1
648 891 -1
648 951 -1
647 677 -1
297 647 -1
1347 1870 -1
275 1474 -1
258 1474 -1
355 1474 -1
290 1474 -1
1474 2095 -1
1069 1474 -1
1474 2211 -1
347 1474 -1
1148 2042 -1
1113 2042 -1
1851 2042 -1
44 1045 -1
494 1421 -1
304 494 -1
348 494 -1
269 494 -1
494 1765 -1
744 1166 -1
1166 1321 -1
495 1166 -1
1166 1919 -1
744 1183 -1
389 1827 -1
1763 1827 -1
865 1984 -1
56 1984 -1
730 1500 -1
1500 1957 -1
1500 1606 -1
743 1500 -1
723 1500 -1
534 1500 -1
1500 1976 -1
1500 2139 -1
517 1500 -1
94 1498 -1
315 412 -1
339 893 -1
1290 1670 -1
1456 1670 -1
418 1670 -1
459 1670 -1
420 1670 -1
1578 1670 -1
527 1206 -1
477 1976 -1
477 1957 -1
477 1606 -1
477 743 -1
477 723 -1
477 534 -1
477 730 -1
477 2139 -1
477 517 -1
797 1460 -1
552 1381 -1
1381 1938 -1
585 990 -1
563 1889 -1
563 2128 -1
601 847 -1
847 1657 -1
601 1712 -1
601 2268 -1
601 2052 -1
601 941 -1
1894 1904 -1
524 1894 -1
840 1380 -1
128 1380 -1
49 1380 -1
891 1380 -1
951 1380 -1
840 967 -1
150 1971 -1
1971 2245 -1
646 1971 -1
844 1119 -1
844 1225 -1
129 1953 -1
1953 2262 -1
1593 2056 -1
1955 2056 -1
548 2056 -1
710 2056 -1
1961 2056 -1
1586 2056 -1
1939 2056 -1
1940 2056 -1
757 2056 -1
1943 2056 -1
756 2056 -1
1306 2056 -1
2056 2147 -1
2056 2133 -1
211 810 -1
211 2009 -1
211 1668 -1
817 1170 -1
74 1170 -1
836 1170 -1
950 1170 -1
817 1850 -1
817 2109 -1
396 1939 -1
396 2147 -1
396 548 -1
396 710 -1
396 1586 -1
396 1940 -1
396 757 -1
396 1943 -1
396 1593 -1
396 1306 -1
1229 1582 -1
1229 1481 -1
109 1211 -1
920 1211 -1
1211 1728 -1
1211 2250 -1
114 1211 -1
53 1211 -1
109 1092 -1
109 1165 -1
109 1103 -1
109 1778 -1
109 1238 -1
109 1082 -1
109 2107 -1
109 2110 -1
1342 2066 -1
97 1342 -1
887 1342 -1
8 295 -1
8 373 -1
142 788 -1
142 1340 -1
142 607 -1
1100 1404 -1
1156 1404 -1
1404 1862 -1
1194 1404 -1
1404 1777 -1
1074 1404 -1
1146 1404 -1
1115 1404 -1
1212 1404 -1
954 1100 -1
1100 2076 -1
64 1864 -1
913 1864 -1
117 1864 -1
1864 2069 -1
616 1613 -1
616 1906 -1
1980 2042 -1
547 2042 -1
520 2042 -1
713 2042 -1
712 2042 -1
1297 2042 -1
501 2042 -1
1945 2042 -1
1369 2123 -1
1261 1983 -1
1337 1534 -1
875 1388 -1
2067 2194 -1
495 1230 -1
744 1230 -1
1230 1321 -1
1230 1919 -1
1576 2087 -1
1389 1576 -1
1109 1620 -1
1620 1781 -1
1109 2130 -1
580 949 -1
559 949 -1
580 838 -1
580 2278 -1
580 2061 -1
580 1702 -1
580 1714 -1
580 822 -1
800 1950 -1
1950 2309 -1
1950 1990 -1
41 1950 -1
1950 2282 -1
590 1950 -1
573 1950 -1
784 1950 -1
10 1950 -1
567 1950 -1
1674 1950 -1
729 800 -1
800 2134 -1
22 1634 -1
1634 2302 -1
773 1634 -1
1634 1686 -1
669 2017 -1
27 669 -1
669 1373 -1
669 2013 -1
752 1710 -1
1632 1710 -1
73 752 -1
1266 1804 -1
418 1804 -1
420 1804 -1
1575 1804 -1
1288 1804 -1
1577 1804 -1
1514 1804 -1
1260 1804 -1
1517 1804 -1
433 1804 -1
1804 2166 -1
1501 1804 -1
1502 1804 -1
646 1810 -1
1810 2245 -1
150 1810 -1
389 2304 -1
1763 2304 -1
148 302 -1
965 1608 -1
1009 1608 -1
1608 2227 -1
117 2144 -1
64 2144 -1
913 2144 -1
2069 2144 -1
2062 2144 -1
1666 1758 -1
1374 1758 -1
975 1553 -1
139 1553 -1
995 1553 -1
1818 2076 -1
1110 2076 -1
1878 2076 -1
954 1818 -1
1404 1818 -1
822 997 -1
997 1714 -1
997 2061 -1
997 2278 -1
949 997 -1
1163 1638 -1
1428 1627 -1
320 1627 -1
323 1627 -1
262 1627 -1
1416 1627 -1
1627 2217 -1
1627 2201 -1
1021 1627 -1
254 1627 -1
496 1428 -1
729 1531 -1
1531 2134 -1
1531 1950 -1
360 670 -1
670 1041 -1
244 670 -1
670 2206 -1
670 694 -1
418 1916 -1
420 1916 -1
1577 1916 -1
1578 1916 -1
459 1916 -1
1266 1916 -1
1290 1916 -1
1501 1916 -1
418 536 -1
294 1695 -1
102 1081 -1
876 1081 -1
150 1365 -1
1365 2245 -1
646 1365 -1
150 1357 -1
40 1802 -1
40 1122 -1
40 1861 -1
40 1226 -1
40 1142 -1
40 1817 -1
40 1797 -1
524 1199 -1
1199 1904 -1
1917 2244 -1
101 612 -1
612 874 -1
101 2229 -1
692 2308 -1
866 979 -1
842 979 -1
943 1480 -1
864 1480 -1
930 1480 -1
1480 2255 -1
1480 2263 -1
943 1467 -1
430 943 -1
612 1119 -1
1119 2229 -1
612 1225 -1
26 845 -1
34 845 -1
26 895 -1
1587 1710 -1
73 1587 -1
481 1919 -1
1583 1919 -1
481 744 -1
481 1321 -1
481 495 -1
1797 2277 -1
1817 2277 -1
1226 2277 -1
1802 2277 -1
1142 2277 -1
741 811 -1
784 1078 -1
800 1078 -1
1078 2309 -1
1078 1674 -1
41 1078 -1
1078 2282 -1
590 1078 -1
10 1078 -1
567 1078 -1
1078 1990 -1
573 1078 -1
1007 2281 -1
1883 1906 -1
1613 1883 -1
670 1717 -1
713 2017 -1
547 2017 -1
520 2017 -1
712 2017 -1
1297 2017 -1
1928 2017 -1
501 2017 -1
1945 2017 -1
1980 2017 -1
27 713 -1
713 1373 -1
713 2013 -1
311 2140 -1
1769 2140 -1
675 2140 -1
691 2140 -1
1431 2140 -1
719 1381 -1
60 2100 -1
2100 2273 -1
1723 2100 -1
907 2100 -1
54 2100 -1
118 2100 -1
60 1785 -1
60 1083 -1
60 1077 -1
60 1782 -1
60 1095 -1
1427 1640 -1
1067 1640 -1
260 1640 -1
1640 2190 -1
279 1640 -1
733 839 -1
1098 1577 -1
1155 1577 -1
1236 1577 -1
1577 1902 -1
418 1098 -1
420 1098 -1
1098 1575 -1
1098 1288 -1
1098 1514 -1
1098 1260 -1
1098 1517 -1
433 1098 -1
1098 1266 -1
1098 2166 -1
1098 1501 -1
1098 1502 -1
470 1779 -1
1469 2217 -1
1244 2217 -1
320 1469 -1
323 1469 -1
262 1469 -1
327 1469 -1
1416 1469 -1
1428 1469 -1
1469 2201 -1
379 1469 -1
1021 1469 -1
254 1469 -1
639 1357 -1
176 1357 -1
639 1365 -1
1422 1814 -1
369 1814 -1
250 1814 -1
1691 1744 -1
1688 1744 -1
960 1308 -1
1308 2241 -1
1308 2226 -1
163 1308 -1
730 802 -1
802 1957 -1
802 1606 -1
743 802 -1
723 802 -1
534 802 -1
802 1976 -1
802 2139 -1
517 802 -1
730 2280 -1
415 1923 -1
1487 1923 -1
818 2137 -1
904 2137 -1
854 2137 -1
221 1982 -1
221 1296 -1
221 1331 -1
221 708 -1
1686 1876 -1
22 1876 -1
773 1876 -1
1876 2302 -1
616 829 -1
50 616 -1
616 2259 -1
616 927 -1
616 1719 -1
1053 1213 -1
1213 1424 -1
286 1213 -1
542 558 -1
542 1656 -1
36 542 -1
542 2300 -1
1359 1617 -1
763 1617 -1
173 1261 -1
1261 1392 -1
966 1261 -1
198 1261 -1
1004 1261 -1
1261 2220 -1
645 1261 -1
177 1261 -1
659 1261 -1
1013 1261 -1
1261 2073 -1
661 1261 -1
1224 2014 -1
1224 1646 -1
1224 1343 -1
1709 2006 -1
929 2006 -1
930 2006 -1
902 2006 -1
2006 2263 -1
801 1709 -1
807 1709 -1
18 1709 -1
566 1709 -1
1709 2295 -1
1709 2015 -1
868 1064 -1
868 1042 -1
868 1430 -1
1740 1973 -1
518 1740 -1
2166 2273 -1
1575 2273 -1
1288 2273 -1
1577 2273 -1
1514 2273 -1
1517 2273 -1
433 2273 -1
1266 2273 -1
1501 2273 -1
1502 2273 -1
60 2166 -1
1723 2166 -1
907 2166 -1
118 2166 -1
54 2166 -1
29 65 -1
65 804 -1
230 741 -1
741 1379 -1
741 972 -1
157 741 -1
741 1383 -1
366 2107 -1
266 2107 -1
1773 2107 -1
1063 2107 -1
366 1092 -1
366 1165 -1
366 1103 -1
366 1778 -1
366 1238 -1
366 1082 -1
366 1211 -1
366 2110 -1
128 265 -1
265 840 -1
49 265 -1
265 891 -1
265 951 -1
128 328 -1
128 1059 -1
123 780 -1
780 923 -1
780 2038 -1
9 123 -1
123 2010 -1
27 2150 -1
2017 2150 -1
1373 2150 -1
2013 2150 -1
1194 2097 -1
1777 2097 -1
1074 2097 -1
1115 2097 -1
1100 2097 -1
1212 2097 -1
969 1119 -1
969 1225 -1
369 1074 -1
250 1074 -1
1074 1422 -1
369 2115 -1
369 1156 -1
369 1862 -1
369 1084 -1
369 1194 -1
369 1100 -1
369 1821 -1
369 1777 -1
369 1187 -1
369 1815 -1
369 1209 -1
369 1146 -1
369 1115 -1
369 1212 -1
369 1162 -1
262 396 -1
320 396 -1
323 396 -1
396 1416 -1
396 2217 -1
396 1428 -1
396 2201 -1
396 1021 -1
254 396 -1
539 2111 -1
121 407 -1
407 2065 -1
407 858 -1
407 819 -1
407 814 -1
121 423 -1
121 1581 -1
121 2180 -1
121 2173 -1
121 1493 -1
1947 2281 -1
1504 1752 -1
152 1504 -1
611 1462 -1
232 1462 -1
1462 2249 -1
172 1462 -1
1575 1730 -1
1288 1730 -1
1577 1730 -1
1514 1730 -1
1260 1730 -1
1517 1730 -1
433 1730 -1
1266 1730 -1
1730 2166 -1
1501 1730 -1
1502 1730 -1
228 1575 -1
1382 1575 -1
168 1575 -1
141 1575 -1
1575 1742 -1
623 1575 -1
1336 1926 -1
389 1659 -1
1659 1763 -1
707 2307 -1
6 2060 -1
1667 2060 -1
33 1473 -1
33 460 -1
33 1485 -1
1516 1894 -1
1449 1894 -1
419 1894 -1
1533 1894 -1
178 2159 -1
178 738 -1
178 1639 -1
178 1932 -1
178 507 -1
178 1295 -1
9 723 -1
723 2010 -1
723 780 -1
9 1976 -1
9 730 -1
9 1606 -1
9 534 -1
247 1465 -1
1024 1465 -1
352 1465 -1
15 1060 -1
900 1284 -1
485 900 -1
182 1782 -1
212 1782 -1
182 1785 -1
182 1083 -1
182 2100 -1
182 1077 -1
182 1095 -1
513 1687 -1
513 579 -1
63 2201 -1
2201 2271 -1
63 320 -1
63 323 -1
63 262 -1
63 327 -1
63 1416 -1
63 2217 -1
63 1428 -1
63 379 -1
63 1021 -1
63 254 -1
1219 1469 -1
1469 1898 -1
1205 1469 -1
1219 1244 -1
1088 2004 -1
1132 1600 -1
1600 1879 -1
1111 1600 -1
1132 1305 -1
500 1132 -1
718 1132 -1
1503 1755 -1
161 1503 -1
637 1503 -1
963 1594 -1
1008 1594 -1
1594 2240 -1
196 1594 -1
655 1594 -1
1059 1949 -1
328 1949 -1
265 1949 -1
806 1209 -1
806 1212 -1
806 1162 -1
806 1074 -1
806 1815 -1
806 1084 -1
806 1821 -1
637 752 -1
161 752 -1
752 1755 -1
752 996 -1
637 1632 -1
1025 1147 -1
1025 1128 -1
1025 1073 -1
1025 1842 -1
170 2000 -1
170 571 -1
154 1992 -1
1461 1698 -1
1258 1698 -1
531 1837 -1
591 1971 -1
1129 1905 -1
144 592 -1
603 1802 -1
603 1122 -1
603 1861 -1
603 1226 -1
603 1142 -1
603 1817 -1
603 1797 -1
1076 1773 -1
266 1076 -1
366 1076 -1
1063 1076 -1
134 358 -1
134 337 -1
1463 2293 -1
403 2293 -1
1463 1697 -1
1354 1463 -1
1554 1886 -1
1485 1706 -1
1473 1706 -1
460 1706 -1
626 1907 -1
331 2175 -1
319 724 -1
674 724 -1
653 1920 -1
1153 1607 -1
523 1153 -1
523 1385 -1
1385 1607 -1
523 998 -1
102 1993 -1
876 1993 -1
102 2027 -1
4 102 -1
1448 2090 -1
1270 2090 -1
1519 2090 -1
153 1448 -1
1448 1731 -1
400 2268 -1
400 941 -1
400 847 -1
1159 1647 -1
1647 1868 -1
1647 1796 -1
29 1575 -1
804 1575 -1
29 1288 -1
29 1577 -1
29 1514 -1
29 1260 -1
29 1517 -1
29 433 -1
29 1266 -1
29 2166 -1
29 1501 -1
29 1502 -1
305 738 -1
305 1639 -1
305 1295 -1
305 1932 -1
305 507 -1
305 2159 -1
632 1863 -1
479 977 -1
977 1562 -1
1482 2016 -1
771 1482 -1
1353 1482 -1
1482 1997 -1
14 1482 -1
1482 2002 -1
566 1482 -1
23 1482 -1
1482 2015 -1
782 2061 -1
782 2278 -1
782 838 -1
782 1702 -1
782 1714 -1
782 949 -1
782 822 -1
867 1303 -1
180 1111 -1
180 1132 -1
180 1879 -1
688 1312 -1
289 1312 -1
688 754 -1
109 1897 -1
920 1897 -1
1728 1897 -1
1897 2250 -1
114 1897 -1
53 1897 -1
899 1943 -1
944 1943 -1
899 2147 -1
548 899 -1
710 899 -1
899 1586 -1
899 1939 -1
899 1940 -1
757 899 -1
899 1593 -1
899 1306 -1
1048 1095 -1
257 1095 -1
1095 2205 -1
1048 1785 -1
1048 1083 -1
1048 2100 -1
1048 1077 -1
1048 1782 -1
44 2242 -1
555 1806 -1
593 1806 -1
599 1806 -1
555 1138 -1
138 2276 -1
1639 2074 -1
738 2074 -1
2074 2159 -1
1932 2074 -1
507 2074 -1
1295 2074 -1
1390 1639 -1
1016 2051 -1
264 2051 -1
377 2051 -1
2051 2200 -1
95 1455 -1
95 1241 -1
183 730 -1
183 1957 -1
183 1606 -1
183 743 -1
183 723 -1
183 534 -1
183 1976 -1
183 2139 -1
183 517 -1
390 494 -1
1484 1958 -1
551 1484 -1
358 2303 -1
337 2303 -1
358 1366 -1
358 2286 -1
762 1894 -1
905 1912 -1
905 1320 -1
905 1621 -1
344 2256 -1
113 344 -1
344 898 -1
1201 1386 -1
1140 1386 -1
635 1201 -1
1238 1273 -1
1211 1273 -1
1092 1273 -1
1165 1273 -1
1103 1273 -1
1273 1778 -1
1082 1273 -1
1273 2107 -1
1273 2110 -1
316 2294 -1
119 1563 -1
933 1563 -1
1064 1675 -1
1042 1675 -1
1430 1675 -1
686 1799 -1
242 1799 -1
686 1202 -1
997 1099 -1
997 1144 -1
997 1205 -1
997 1898 -1
997 1789 -1
997 1805 -1
730 1159 -1
1159 1957 -1
1159 1606 -1
743 1159 -1
723 1159 -1
534 1159 -1
1159 1976 -1
1159 2139 -1
517 1159 -1
730 1868 -1
730 1796 -1
315 1134 -1
315 1101 -1
1240 2056 -1
1186 2056 -1
64 1609 -1
913 1609 -1
117 1609 -1
1609 2069 -1
589 1173 -1
262 2188 -1
320 2188 -1
323 2188 -1
1416 2188 -1
2188 2217 -1
1428 2188 -1
2188 2201 -1
1021 2188 -1
254 2188 -1
262 1571 -1
262 1525 -1
474 761 -1
404 761 -1
261 1926 -1
1926 2094 -1
2191 2225 -1
1573 1733 -1
1819 2137 -1
906 1041 -1
360 906 -1
906 1434 -1
244 906 -1
906 2206 -1
694 906 -1
332 1532 -1
232 464 -1
464 2249 -1
464 611 -1
172 464 -1
747 1103 -1
1103 1626 -1
1103 2149 -1
1103 1293 -1
747 1211 -1
747 1092 -1
747 1778 -1
747 1238 -1
747 1082 -1
747 2107 -1
747 2110 -1
94 576 -1
1699 1804 -1
867 2281 -1
1060 1865 -1
1249 1651 -1
1540 1651 -1
463 1651 -1
1524 1651 -1
437 1651 -1
1495 1651 -1
411 1651 -1
1238 1904 -1
1211 1904 -1
1092 1904 -1
1165 1904 -1
1103 1904 -1
1778 1904 -1
1082 1904 -1
1904 2107 -1
1904 2110 -1
524 1238 -1
285 2300 -1
285 1656 -1
36 285 -1
285 558 -1
24 2184 -1
52 1347 -1
377 2290 -1
264 2290 -1
1016 2290 -1
2200 2290 -1
1129 1453 -1
1129 1544 -1
262 1981 -1
320 1981 -1
323 1981 -1
1416 1981 -1
1981 2217 -1
1428 1981 -1
1981 2201 -1
1021 1981 -1
254 1981 -1
262 755 -1
442 1292 -1
1095 2066 -1
1785 2066 -1
1083 2066 -1
2066 2100 -1
1077 2066 -1
1782 2066 -1
97 1095 -1
887 1095 -1
882 1202 -1
939 1202 -1
855 1202 -1
882 1799 -1
887 1171 -1
97 1171 -1
1171 2066 -1
887 1105 -1
887 1198 -1
887 1175 -1
2123 2192 -1
2143 2210 -1
1515 1822 -1
283 734 -1
283 537 -1
338 418 -1
356 418 -1
338 420 -1
338 1577 -1
338 1578 -1
338 459 -1
338 1266 -1
338 1290 -1
338 1501 -1
132 1916 -1
98 1916 -1
132 536 -1
198 1252 -1
645 1252 -1
966 1252 -1
1004 1252 -1
1252 2220 -1
173 1252 -1
1252 1392 -1
177 1252 -1
659 1252 -1
1013 1252 -1
1252 2073 -1
661 1252 -1
198 2178 -1
198 414 -1
717 1381 -1
505 1381 -1
655 1200 -1
1200 2240 -1
1008 1200 -1
963 1200 -1
196 1200 -1
1200 1739 -1
208 1200 -1
1200 1750 -1
1712 1951 -1
1951 2052 -1
941 1951 -1
847 1951 -1
30 319 -1
319 1664 -1
30 674 -1
484 1630 -1
1605 2259 -1
50 1605 -1
927 1605 -1
829 1605 -1
1605 1719 -1
566 1862 -1
1862 2016 -1
801 1862 -1
771 1862 -1
807 1862 -1
1353 1862 -1
1862 1997 -1
18 1862 -1
1862 2006 -1
1862 2295 -1
1862 2015 -1
566 1156 -1
566 1074 -1
566 1212 -1
566 1100 -1
585 1175 -1
585 1105 -1
585 1171 -1
585 1198 -1
129 478 -1
478 2262 -1
1156 2166 -1
1212 2166 -1
1074 2166 -1
1100 2166 -1
1862 2166 -1
1156 1575 -1
1156 1288 -1
1156 1577 -1
1156 1514 -1
1156 1517 -1
433 1156 -1
1156 1266 -1
1156 1501 -1
1156 1502 -1
582 1280 -1
1280 1682 -1
1280 1346 -1
582 2189 -1
810 1216 -1
1216 2009 -1
1216 1668 -1
810 1079 -1
675 751 -1
751 1769 -1
691 751 -1
311 751 -1
751 1431 -1
262 1204 -1
320 1204 -1
323 1204 -1
1204 1416 -1
1204 2217 -1
1204 1428 -1
1204 2201 -1
1021 1204 -1
254 1204 -1
262 1176 -1
262 1168 -1
1240 2097 -1
1186 2097 -1
375 1363 -1
906 1886 -1
1957 2162 -1
517 2162 -1
743 2162 -1
522 2162 -1
716 2162 -1
1933 2162 -1
2135 2162 -1
1976 2162 -1
730 2162 -1
2139 2162 -1
66 1502 -1
1502 1700 -1
940 1502 -1
1502 2258 -1
852 1502 -1
91 1502 -1
1502 2045 -1
66 1575 -1
66 1288 -1
66 1577 -1
66 1514 -1
66 1517 -1
66 433 -1
66 1266 -1
66 2166 -1
66 1501 -1
78 1441 -1
249 611 -1
232 249 -1
249 2249 -1
172 249 -1
84 505 -1
72 505 -1
505 877 -1
86 505 -1
84 717 -1
1429 2127 -1
2127 2198 -1
687 2127 -1
1282 1634 -1
451 1634 -1
190 2263 -1
190 864 -1
190 929 -1
190 930 -1
190 902 -1
190 1709 -1
190 943 -1
190 2255 -1
1240 1920 -1
1186 1920 -1
772 2122 -1
777 2122 -1
1348 2122 -1
1261 1933 -1
522 1261 -1
1261 2139 -1
1261 1957 -1
1473 2259 -1
460 2259 -1
1485 2259 -1
50 1473 -1
927 1473 -1
829 1473 -1
1473 1719 -1
429 1150 -1
642 1590 -1
594 1551 -1
1371 1551 -1
432 594 -1
594 1251 -1
455 594 -1
1688 1778 -1
1691 1778 -1
1211 1688 -1
1092 1688 -1
1103 1688 -1
1238 1688 -1
1082 1688 -1
1688 2107 -1
1688 2110 -1
78 1613 -1
78 1906 -1
446 1397 -1
1390 2022 -1
2022 2074 -1
587 1770 -1
258 1392 -1
290 1392 -1
355 1392 -1
275 1392 -1
1069 1392 -1
1392 2095 -1
1392 2211 -1
347 1392 -1
258 645 -1
198 258 -1
258 1004 -1
258 2220 -1
173 258 -1
177 258 -1
258 659 -1
258 1013 -1
258 966 -1
258 2073 -1
258 661 -1
378 604 -1
280 604 -1
552 1407 -1
1407 1938 -1
329 552 -1
552 1410 -1
552 693 -1
293 552 -1
618 1992 -1
953 1992 -1
186 1992 -1
146 1912 -1
633 1912 -1
1395 1912 -1
227 1912 -1
146 1320 -1
146 1621 -1
131 790 -1
81 790 -1
131 610 -1
131 1658 -1
1479 2215 -1
384 1479 -1
336 1479 -1
1479 2212 -1
391 1479 -1
1066 1479 -1
272 1479 -1
273 1479 -1
1020 1479 -1
835 1652 -1
1652 1729 -1
330 2233 -1
846 1108 -1
1108 2053 -1
1377 2053 -1
846 1377 -1
1016 2090 -1
264 2090 -1
377 2090 -1
2090 2200 -1
153 1016 -1
1016 1731 -1
109 1249 -1
920 1249 -1
1249 1728 -1
1249 2250 -1
114 1249 -1
53 1249 -1
109 1540 -1
109 463 -1
109 1524 -1
109 437 -1
109 1495 -1
109 411 -1
921 2114 -1
51 2114 -1
672 1532 -1
138 1610 -1
1225 1478 -1
1119 1478 -1
468 1225 -1
219 2289 -1
219 1364 -1
219 2028 -1
219 573 -1
219 590 -1
219 583 -1
675 1835 -1
1769 1835 -1
691 1835 -1
311 1835 -1
1431 1835 -1
675 1825 -1
94 1914 -1
2172 2200 -1
1016 2172 -1
264 2172 -1
377 2172 -1
471 1159 -1
1159 1489 -1
421 1159 -1
471 1868 -1
471 1796 -1
2195 2286 -1
1366 2195 -1
2195 2303 -1
314 1599 -1
388 1599 -1
118 1315 -1
1315 2273 -1
907 1315 -1
60 1315 -1
1286 2288 -1
491 2288 -1
431 661 -1
661 1506 -1
661 1579 -1
476 661 -1
469 661 -1
431 966 -1
198 431 -1
431 1004 -1
431 2220 -1
173 431 -1
431 1392 -1
177 431 -1
431 659 -1
431 1013 -1
431 2073 -1
431 645 -1
131 2020 -1
81 2020 -1
131 564 -1
520 791 -1
547 791 -1
712 791 -1
713 791 -1
791 1297 -1
501 791 -1
728 791 -1
791 1945 -1
791 1980 -1
59 1845 -1
59 1131 -1
59 1203 -1
59 1196 -1
59 1841 -1
257 1777 -1
1048 1777 -1
1777 2205 -1
257 1212 -1
257 1194 -1
257 1115 -1
257 1100 -1
257 1074 -1
2079 2275 -1
828 2079 -1
400 627 -1
153 400 -1
187 400 -1
197 400 -1
400 1731 -1
59 1397 -1
1187 1710 -1
1212 1710 -1
1074 1710 -1
1710 2115 -1
1084 1710 -1
73 1187 -1
1684 2275 -1
828 1684 -1
759 1061 -1
1061 1317 -1
759 1050 -1
759 1419 -1
759 2093 -1
770 1004 -1
645 770 -1
198 770 -1
770 2220 -1
173 770 -1
770 1392 -1
177 770 -1
659 770 -1
770 1013 -1
770 966 -1
770 2073 -1
661 770 -1
1099 2238 -1
1144 2238 -1
1205 2238 -1
1898 2238 -1
1789 2238 -1
1805 2238 -1
140 1099 -1
157 2148 -1
1379 2148 -1
230 2148 -1
1383 2148 -1
157 731 -1
1659 1832 -1
1659 1801 -1
1203 1659 -1
1196 1659 -1
387 2140 -1
153 1199 -1
627 1199 -1
1199 2090 -1
187 1199 -1
197 1199 -1
1199 1731 -1
718 1092 -1
1092 1600 -1
1092 1305 -1
500 1092 -1
718 1211 -1
718 1103 -1
718 1778 -1
718 1238 -1
718 1082 -1
718 2107 -1
718 2110 -1
1863 2239 -1
80 1994 -1
1115 2017 -1
1194 2017 -1
1100 2017 -1
1777 2017 -1
1074 2017 -1
1146 2017 -1
1212 2017 -1
27 1115 -1
1115 1373 -1
1115 2013 -1
1277 2086 -1
83 758 -1
90 758 -1
758 2252 -1
777 2213 -1
1348 2213 -1
772 2213 -1
701 777 -1
1141 1682 -1
1089 1682 -1
1222 1682 -1
1682 2129 -1
1141 1346 -1
582 1141 -1
134 1540 -1
134 1249 -1
134 1446 -1
134 422 -1
134 398 -1
134 463 -1
134 1524 -1
134 437 -1
134 1495 -1
134 411 -1
134 1470 -1
134 2165 -1
362 1760 -1
813 2016 -1
771 813 -1
813 1353 -1
813 1997 -1
14 813 -1
813 2002 -1
566 813 -1
23 813 -1
813 2015 -1
149 1953 -1
958 1953 -1
550 946 -1
946 1624 -1
502 946 -1
550 2039 -1
250 2083 -1
369 2083 -1
1422 2083 -1
1044 1812 -1
304 1812 -1
348 1812 -1
23 1137 -1
1137 2016 -1
1137 2002 -1
771 1137 -1
14 1137 -1
23 1197 -1
