609 780 1
9 1335 1
18 20 1
799 1345 1
2293 2298 1
584 592 1
796 1340 1
16 583 1
31 811 1
5 1652 1
784 2283 1
557 770 1
776 796 1
776 1340 1
1644 2288 1
1350 2306 1
1651 2303 1
1672 2023 1
2006 2022 1
594 1335 1
9 594 1
1681 2001 1
783 1372 1
27 2296 1
15 563 1
1695 2305 1
8 36 1
796 803 1
776 803 1
803 1340 1
1657 1668 1
18 566 1
20 566 1
793 1355 1
566 811 1
18 811 1
20 811 1
31 566 1
608 1353 1
31 1665 1
811 1665 1
566 1665 1
599 1370 1
1357 1994 1
794 2004 1
808 1370 1
599 808 1
5 1685 1
1652 1685 1
28 1673 1
591 604 1
31 1683 1
1665 1683 1
811 1683 1
566 1683 1
610 2013 1
797 2306 1
797 1350 1
1341 1376 1
1993 2309 1
1340 1673 1
776 1673 1
803 1673 1
796 1673 1
28 1340 1
11 572 1
1362 1655 1
1998 2002 1
30 1348 1
797 808 1
808 2306 1
808 1350 1
797 1370 1
599 797 1
0 809 1
610 2029 1
2013 2029 1
1354 1661 1
583 1998 1
16 1998 1
583 2002 1
1373 1650 1
80 913 1
949 2044 1
881 914 1
843 894 1
820 909 1
49 76 1
131 2267 1
836 946 1
834 2270 1
82 2067 1
894 897 1
843 897 1
867 895 1
95 945 1
932 946 1
836 932 1
838 922 1
102 880 1
59 926 1
879 2277 1
132 922 1
132 838 1
826 2270 1
826 834 1
841 908 1
77 905 1
1709 1718 1
77 1706 1
905 1706 1
842 2250 1
99 2049 1
898 2275 1
843 2273 1
897 2273 1
894 2273 1
855 1718 1
855 1709 1
852 948 1
52 823 1
94 2272 1
69 108 1
1722 2048 1
875 2031 1
838 2268 1
922 2268 1
132 2268 1
815 2041 1
826 928 1
834 928 1
928 2270 1
2052 2259 1
862 2059 1
81 918 1
93 834 1
93 928 1
93 826 1
93 2270 1
1720 2044 1
949 1720 1
56 822 1
132 1711 1
922 1711 1
1711 2268 1
838 1711 1
2264 2277 1
879 2264 1
59 2058 1
926 2058 1
65 1728 1
56 2039 1
822 2039 1
939 2265 1
849 1704 1
925 1728 1
65 925 1
856 2063 1
872 2252 1
2038 2065 1
128 927 1
846 923 1
73 942 1
127 870 1
178 2088 1
957 981 1
611 615 1
665 2243 1
661 2080 1
186 225 1
1395 2091 1
1402 1732 1
652 1736 1
164 1748 1
195 996 1
624 660 1
155 228 1
952 2085 1
190 224 1
983 1753 1
993 1746 1
155 1735 1
228 1735 1
1003 2226 1
218 1751 1
643 655 1
993 1383 1
1383 1746 1
971 1013 1
1758 2078 1
989 1732 1
989 1402 1
1009 1406 1
158 224 1
158 190 1
177 984 1
150 665 1
150 2243 1
172 645 1
215 629 1
180 2088 1
178 180 1
971 2247 1
1013 2247 1
1384 2082 1
218 964 1
964 1751 1
206 1381 1
1379 2088 1
178 1379 1
180 1379 1
227 1760 1
642 665 1
642 2243 1
150 642 1
184 185 1
970 1386 1
621 1403 1
140 199 1
142 653 1
161 1003 1
161 2226 1
224 627 1
158 627 1
190 627 1
226 623 1
205 1758 1
205 2078 1
668 1745 1
196 990 1
201 2231 1
644 656 1
983 2081 1
1753 2081 1
990 2243 1
196 2243 1
665 990 1
642 990 1
150 990 1
1006 1379 1
1006 2088 1
178 1006 1
180 1006 1
633 2080 1
633 661 1
646 1013 1
646 971 1
646 2247 1
295 335 1
1019 2216 1
328 357 1
1427 2211 1
1762 2213 1
377 698 1
1069 2212 1
358 1407 1
384 2211 1
384 1427 1
357 688 1
328 688 1
244 2200 1
677 684 1
376 1070 1
239 242 1
380 2191 1
309 320 1
234 1054 1
700 701 1
337 352 1
249 341 1
1061 1430 1
318 1055 1
1416 2201 1
252 698 1
252 377 1
305 371 1
301 1427 1
301 384 1
301 2211 1
674 2212 1
674 1069 1
356 1021 1
695 2206 1
278 1052 1
328 1412 1
688 1412 1
357 1412 1
1047 2214 1
263 2211 1
263 384 1
263 1427 1
263 301 1
690 2209 1
1016 1407 1
358 1016 1
373 1014 1
236 344 1
311 1420 1
253 295 1
253 335 1
679 2098 1
284 378 1
261 1415 1
291 1056 1
281 1412 1
281 328 1
281 688 1
281 357 1
258 282 1
252 308 1
308 377 1
308 698 1
1025 1051 1
378 2208 1
284 2208 1
377 1020 1
308 1020 1
698 1020 1
252 1020 1
234 262 1
262 1054 1
1016 2191 1
358 2191 1
1407 2191 1
380 1016 1
238 684 1
238 677 1
363 393 1
1048 1052 1
278 1048 1
1258 2171 1
476 1512 1
425 1517 1
1439 1569 1
395 487 1
396 1446 1
1494 2170 1
483 2163 1
400 1465 1
1466 1563 1
426 2164 1
1254 2170 1
1254 1494 1
408 1585 1
404 2171 1
404 1258 1
403 1577 1
417 1544 1
470 490 1
1461 1555 1
484 2165 1
426 431 1
431 2164 1
1269 1503 1
1253 1584 1
399 418 1
1567 1577 1
403 1567 1
1253 2178 1
1584 2178 1
1450 1469 1
476 1259 1
1259 1512 1
422 1457 1
436 447 1
1547 2174 1
425 487 1
487 1517 1
395 425 1
1450 1538 1
1469 1538 1
1259 1507 1
1507 1512 1
476 1507 1
1460 1461 1
1460 1555 1
456 1247 1
1290 1454 1
703 1507 1
703 1512 1
703 1259 1
476 703 1
1459 1495 1
429 465 1
484 491 1
491 2165 1
1540 2185 1
400 1447 1
1447 1465 1
406 1255 1
458 1450 1
458 1538 1
458 1469 1
491 1476 1
484 1476 1
1476 2165 1
406 465 1
465 1255 1
406 429 1
401 1273 1
447 1585 1
436 1585 1
408 447 1
427 485 1
405 1488 1
1578 1582 1
1266 1278 1
456 1457 1
1247 1457 1
422 456 1
434 1467 1
454 1452 1
1916 1959 1
1932 1954 1
1309 1952 1
1934 1968 1
1319 1958 1
1314 1930 1
1326 1588 1
1641 2148 1
495 2152 1
1621 2150 1
761 1311 1
527 536 1
1933 2150 1
1621 1933 1
499 740 1
1640 1924 1
499 1925 1
740 1925 1
499 2146 1
740 2146 1
1925 2146 1
519 1630 1
1327 1333 1
1912 1964 1
521 755 1
535 706 1
511 1330 1
519 706 1
706 1630 1
519 535 1
754 1308 1
744 1966 1
1589 1916 1
1589 1959 1
727 1905 1
1322 1917 1
1625 1970 1
724 743 1
1611 1927 1
753 1327 1
753 1333 1
494 1922 1
1613 1631 1
547 720 1
494 1614 1
1614 1922 1
1296 2136 1
1952 1956 1
1309 1956 1
528 755 1
521 528 1
1295 2148 1
1295 1641 1
721 760 1
505 532 1
747 1614 1
747 1922 1
494 747 1
1595 2143 1
759 1304 1
737 744 1
737 1966 1
541 2142 1
1313 1333 1
753 1313 1
1313 1327 1
1325 1935 1
743 1643 1
724 1643 1
1327 2144 1
753 2144 1
1333 2144 1
1313 2144 1
1296 1311 1
1311 2136 1
761 1296 1
1630 1912 1
706 1912 1
519 1912 1
1630 1964 1
755 1325 1
528 1325 1
521 1325 1
755 1935 1
1137 2124 1
1190 1879 1
1181 1828 1
1106 1805 1
1191 1234 1
1184 1872 1
1814 1857 1
1073 1222 1
1119 1834 1
1236 1830 1
1240 1815 1
1865 1900 1
1182 1894 1
1092 2117 1
1098 1146 1
1804 1818 1
1796 1858 1
1215 1799 1
1075 1805 1
1075 1106 1
1140 1839 1
1834 1847 1
1119 1847 1
1122 1883 1
1081 1826 1
1781 2123 1
1084 1848 1
1855 2106 1
1236 1887 1
1830 1887 1
1832 1856 1
1853 2114 1
1829 1872 1
1184 1829 1
1829 1851 1
1851 1872 1
1184 1851 1
1226 2115 1
1119 1127 1
1127 1834 1
1127 1847 1
1162 1206 1
1844 1869 1
1832 1896 1
1856 1896 1
1185 2112 1
1161 1798 1
1789 2108 1
1152 2103 1
1238 1797 1
1132 1169 1
1194 1894 1
1182 1194 1
1096 1813 1
1210 1234 1
1191 1210 1
1205 1228 1
1791 1828 1
1181 1791 1
1106 1111 1
1075 1111 1
1111 1805 1
1232 1831 1
1085 1810 1
1183 1784 1
1882 2125 1
1197 1236 1
1197 1830 1
1197 1887 1
1125 2117 1
1092 1125 1
1237 2129 1
1073 1843 1
1222 1843 1
1782 2103 1
1152 1782 1
1192 1855 1
1192 2106 1
1132 1868 1
1169 1868 1
1848 2123 1
1084 2123 1
1781 1848 1
854 1851 -1
854 1872 -1
854 1184 -1
854 1829 -1
718 1228 -1
718 1205 -1
1111 1483 -1
1106 1483 -1
1075 1483 -1
1483 1805 -1
155 1424 -1
228 1424 -1
1424 1735 -1
1910 2076 -1
1058 1167 -1
95 1058 -1
945 1058 -1
795 1109 -1
282 732 -1
258 732 -1
231 2186 -1
122 166 -1
1645 1902 -1
68 1662 -1
1463 2155 -1
59 1184 -1
1184 2058 -1
926 1184 -1
59 1872 -1
59 1851 -1
59 1829 -1
931 1553 -1
488 1890 -1
1467 1803 -1
434 1803 -1
1178 1313 -1
1178 2144 -1
753 1178 -1
1178 1333 -1
1178 1327 -1
701 1580 -1
700 1580 -1
842 1260 -1
1260 2250 -1
131 1778 -1
1778 2267 -1
1056 1539 -1
291 1539 -1
827 2230 -1
1257 1850 -1
1222 1976 -1
1073 1976 -1
1843 1976 -1
105 1175 -1
87 1247 -1
87 456 -1
87 1457 -1
72 2094 -1
2001 2120 -1
1681 2120 -1
135 405 -1
135 1488 -1
1416 1832 -1
1832 2201 -1
1416 1856 -1
1416 1896 -1
137 767 -1
518 1153 -1
948 1066 -1
852 1066 -1
344 1085 -1
236 1085 -1
344 1810 -1
970 1418 -1
1386 1418 -1
50 1974 -1
1042 1383 -1
993 1042 -1
1042 1746 -1
1940 2057 -1
965 1416 -1
965 2201 -1
1433 2255 -1
957 1119 -1
981 1119 -1
957 1834 -1
957 1127 -1
957 1847 -1
742 1077 -1
634 2054 -1
607 1061 -1
607 1430 -1
2117 2279 -1
1092 2279 -1
1125 2279 -1
388 604 -1
388 591 -1
183 769 -1
94 1321 -1
1321 2272 -1
1500 1830 -1
1236 1500 -1
1197 1500 -1
1500 1887 -1
883 1495 -1
883 1459 -1
605 2224 -1
322 1625 -1
322 1970 -1
534 2235 -1
304 2283 -1
304 784 -1
1717 2228 -1
385 1864 -1
1040 1125 -1
1040 1092 -1
1040 2117 -1
915 1511 -1
452 1438 -1
573 1855 -1
573 1192 -1
573 2106 -1
329 1780 -1
657 1776 -1
1761 2153 -1
36 2105 -1
8 2105 -1
330 1826 -1
330 1081 -1
1507 1887 -1
1512 1887 -1
1259 1887 -1
476 1887 -1
703 1887 -1
1236 1507 -1
1197 1507 -1
1507 1830 -1
1395 1543 -1
1543 2091 -1
441 783 -1
441 1372 -1
1122 1997 -1
1883 1997 -1
287 1405 -1
405 668 -1
668 1488 -1
405 1745 -1
1799 2133 -1
1215 2133 -1
983 1254 -1
1254 1753 -1
1254 2081 -1
983 2170 -1
983 1494 -1
261 986 -1
986 1415 -1
1507 1785 -1
1512 1785 -1
1259 1785 -1
476 1785 -1
703 1785 -1
1579 2003 -1
623 1212 -1
226 1212 -1
1180 1276 -1
651 830 -1
944 1922 -1
747 944 -1
944 1614 -1
494 944 -1
30 2110 -1
1348 2110 -1
658 1248 -1
976 1823 -1
749 1670 -1
524 782 -1
290 1309 -1
290 1952 -1
290 1956 -1
1110 2082 -1
1110 1384 -1
853 1199 -1
298 2173 -1
1643 2169 -1
724 2169 -1
743 2169 -1
409 1774 -1
1384 1934 -1
1934 2082 -1
1384 1968 -1
1486 2003 -1
812 1278 -1
812 1266 -1
211 811 -1
211 1665 -1
18 211 -1
211 1683 -1
20 211 -1
211 566 -1
31 211 -1
1670 2276 -1
221 1589 -1
221 1916 -1
221 1959 -1
1287 1860 -1
686 1938 -1
326 1285 -1
84 2011 -1
1191 1284 -1
1234 1284 -1
1210 1284 -1
1246 1940 -1
44 2069 -1
97 150 -1
97 665 -1
97 642 -1
97 2243 -1
97 990 -1
395 1795 -1
425 1795 -1
487 1795 -1
376 906 -1
906 1070 -1
1533 1586 -1
621 713 -1
713 1403 -1
46 502 -1
416 2019 -1
240 1737 -1
221 1281 -1
1204 1293 -1
1826 2095 -1
1081 2095 -1
887 1194 -1
887 1182 -1
887 1894 -1
298 1330 -1
298 511 -1
332 712 -1
155 1320 -1
228 1320 -1
1320 1735 -1
1141 1680 -1
671 1536 -1
1242 1728 -1
65 1242 -1
925 1242 -1
75 631 -1
369 1008 -1
544 1286 -1
957 1458 -1
981 1458 -1
1107 1724 -1
1509 2091 -1
1395 1509 -1
1762 2257 -1
2213 2257 -1
580 1159 -1
1670 1798 -1
1161 1670 -1
851 2241 -1
1242 1902 -1
1816 1969 -1
563 1612 -1
15 1612 -1
349 2044 -1
349 1720 -1
349 949 -1
468 1991 -1
64 294 -1
1209 1512 -1
1209 1259 -1
476 1209 -1
703 1209 -1
1209 1507 -1
842 1171 -1
1171 2250 -1
1688 2073 -1
161 2218 -1
2218 2226 -1
1003 2218 -1
1499 1771 -1
528 1841 -1
521 1841 -1
755 1841 -1
1325 1841 -1
188 924 -1
808 1156 -1
1156 1370 -1
1156 2306 -1
797 1156 -1
1156 1350 -1
599 1156 -1
769 2103 -1
769 1152 -1
769 1782 -1
1642 2190 -1
491 2142 -1
1476 2142 -1
484 2142 -1
2142 2165 -1
491 541 -1
749 2269 -1
845 1868 -1
845 1169 -1
845 1132 -1
552 2020 -1
85 258 -1
85 282 -1
198 905 -1
198 1706 -1
77 198 -1
1142 1975 -1
1306 1691 -1
847 2289 -1
982 1850 -1
28 1838 -1
1673 1838 -1
1340 1838 -1
275 1806 -1
1386 2097 -1
970 2097 -1
58 667 -1
1429 2256 -1
694 1981 -1
620 757 -1
887 1567 -1
887 1577 -1
403 887 -1
861 2249 -1
1789 2263 -1
2108 2263 -1
1832 2083 -1
1856 2083 -1
1896 2083 -1
60 386 -1
521 2294 -1
528 2294 -1
755 2294 -1
1325 2294 -1
1032 2235 -1
171 2156 -1
1093 1381 -1
206 1093 -1
1232 1645 -1
1645 1831 -1
155 821 -1
228 821 -1
821 1735 -1
867 1895 -1
895 1895 -1
611 1487 -1
615 1487 -1
1673 1859 -1
776 1859 -1
1340 1859 -1
803 1859 -1
28 1859 -1
796 1859 -1
803 2192 -1
776 2192 -1
1340 2192 -1
796 2192 -1
1673 2192 -1
1334 1764 -1
1076 1439 -1
1076 1569 -1
1800 2246 -1
525 1338 -1
1229 1527 -1
1370 2140 -1
808 2140 -1
797 2140 -1
599 2140 -1
509 990 -1
509 665 -1
509 642 -1
509 2243 -1
196 509 -1
150 509 -1
1940 2041 -1
815 1940 -1
829 1119 -1
829 1834 -1
829 1127 -1
829 1847 -1
623 828 -1
226 828 -1
1173 1948 -1
256 1473 -1
624 2107 -1
660 2107 -1
2050 2073 -1
221 463 -1
620 1562 -1
1096 1427 -1
1427 1813 -1
384 1096 -1
1096 2211 -1
301 1096 -1
263 1096 -1
368 713 -1
84 2003 -1
639 1169 -1
639 1868 -1
639 1132 -1
1982 2033 -1
455 1417 -1
423 825 -1
1299 1655 -1
1299 1362 -1
1211 1504 -1
24 1430 -1
24 1061 -1
1252 1694 -1
451 1848 -1
451 2123 -1
451 1084 -1
451 1781 -1
895 1172 -1
867 1172 -1
793 1024 -1
1024 1355 -1
213 2283 -1
213 784 -1
434 1656 -1
1467 1656 -1
870 1801 -1
127 1801 -1
1093 2038 -1
1093 2065 -1
1804 1959 -1
1818 1959 -1
1804 1916 -1
1589 1804 -1
687 719 -1
353 990 -1
353 665 -1
353 642 -1
353 2243 -1
196 353 -1
150 353 -1
58 474 -1
370 501 -1
1055 1958 -1
318 1958 -1
1055 1319 -1
355 1212 -1
205 1194 -1
1194 2078 -1
1194 1758 -1
205 1182 -1
205 1894 -1
953 1454 -1
953 1290 -1
670 902 -1
542 1189 -1
1079 1277 -1
684 1723 -1
677 1723 -1
238 1723 -1
902 995 -1
265 2180 -1
1461 1955 -1
1555 1955 -1
1460 1955 -1
1157 1398 -1
96 2222 -1
619 805 -1
554 1098 -1
554 1146 -1
598 995 -1
668 1534 -1
1534 1745 -1
1476 1692 -1
491 1692 -1
484 1692 -1
1692 2165 -1
1327 1787 -1
1787 2144 -1
753 1787 -1
1333 1787 -1
1313 1787 -1
272 1096 -1
272 1813 -1
841 1173 -1
908 1173 -1
425 719 -1
395 719 -1
719 1517 -1
487 719 -1
704 1135 -1
311 1011 -1
1011 1420 -1
411 684 -1
411 677 -1
238 411 -1
443 1197 -1
443 1236 -1
443 1830 -1
443 1887 -1
3 215 -1
3 629 -1
344 892 -1
236 892 -1
485 1927 -1
427 1927 -1
485 1611 -1
416 1726 -1
78 392 -1
1954 2016 -1
1932 2016 -1
512 2309 -1
512 1993 -1
511 1412 -1
1330 1412 -1
328 511 -1
511 688 -1
357 511 -1
281 511 -1
933 2196 -1
829 1663 -1
645 1911 -1
172 1911 -1
37 62 -1
54 1324 -1
1538 1902 -1
458 1902 -1
1450 1902 -1
1469 1902 -1
1423 2151 -1
11 1488 -1
572 1488 -1
11 405 -1
1604 1796 -1
1604 1858 -1
1437 2237 -1
1260 1810 -1
1085 1260 -1
467 613 -1
75 1040 -1
72 1881 -1
114 300 -1
601 2123 -1
601 1848 -1
601 1084 -1
601 1781 -1
646 1989 -1
971 1989 -1
1013 1989 -1
1989 2247 -1
1024 1674 -1
212 1680 -1
588 1640 -1
588 1924 -1
618 1111 -1
618 1106 -1
618 1075 -1
618 1805 -1
1815 2078 -1
1240 2078 -1
205 1815 -1
1758 1815 -1
159 1815 -1
159 1240 -1
578 1788 -1
225 2200 -1
186 2200 -1
225 244 -1
458 1026 -1
1026 1450 -1
1026 1538 -1
1026 1469 -1
1390 1589 -1
1390 1916 -1
1390 1959 -1
305 2100 -1
371 2100 -1
