556 1652 1
1353 1985 1
1368 1652 1
556 1368 1
1690 1692 1
1367 2003 1
46 1355 1
796 796 1
577 1338 1
5 586 1
1990 2021 1
1343 2298 1
17 1336 1
594 2003 1
594 1367 1
43 798 1
598 765 1
795 2000 1
1373 1378 1
789 1991 1
576 577 1
576 1338 1
0 592 1
796 2021 1
796 1990 1
1681 2017 1
577 1987 1
576 1987 1
1338 1987 1
21 1988 1
7 805 1
602 2287 1
18 796 1
18 2021 1
18 1990 1
2007 2019 1
570 602 1
570 2287 1
602 769 1
570 769 1
769 2287 1
41 1342 1
800 2029 1
575 1659 1
1648 2292 1
1671 1985 1
1353 1671 1
807 1670 1
559 1355 1
46 559 1
559 801 1
801 1355 1
46 801 1
773 1659 1
575 773 1
3 1378 1
3 1373 1
805 1645 1
7 1645 1
37 1376 1
1670 2010 1
807 2010 1
1673 2300 1
600 1374 1
7 766 1
766 805 1
766 1645 1
1349 2308 1
599 2003 1
594 599 1
599 1367 1
578 805 1
578 1645 1
578 766 1
7 578 1
1644 1670 1
1644 2010 1
807 1644 1
1351 2022 1
797 1652 1
797 1368 1
556 797 1
766 2002 1
1645 2002 1
578 2002 1
805 2002 1
7 2002 1
1668 1671 1
1668 1985 1
1353 1668 1
1346 2004 1
609 2287 1
609 769 1
602 609 1
570 609 1
24 599 1
24 594 1
24 2003 1
24 1367 1
788 2013 1
1667 1990 1
18 1667 1
796 1667 1
1667 2021 1
17 1672 1
1336 1672 1
11 795 1
11 2000 1
0 32 1
32 592 1
47 570 1
47 769 1
47 602 1
47 609 1
47 2287 1
22 592 1
0 22 1
22 32 1
8 1656 1
578 597 1
597 805 1
7 597 1
597 1645 1
597 2002 1
597 766 1
583 798 1
43 583 1
1654 2020 1
1362 1988 1
21 1362 1
1374 1659 1
600 1659 1
773 1374 1
575 1374 1
10 26 1
781 1679 1
1666 1696 1
776 2293 1
608 2016 1
35 1361 1
770 1645 1
578 770 1
770 805 1
7 770 1
770 2002 1
597 770 1
766 770 1
1672 2308 1
1336 2308 1
17 2308 1
1349 1672 1
2064 2260 1
911 1711 1
1714 1726 1
103 916 1
106 2250 1
72 857 1
857 2067 1
72 2067 1
89 2054 1
51 897 1
114 835 1
842 2273 1
68 107 1
111 892 1
828 1712 1
86 2261 1
866 902 1
813 2058 1
136 2264 1
884 890 1
49 2260 1
49 2064 1
908 2040 1
74 818 1
90 888 1
63 1726 1
63 1714 1
128 873 1
818 2265 1
74 2265 1
111 2273 1
892 2273 1
111 842 1
844 935 1
61 2035 1
826 872 1
85 909 1
914 2258 1
2061 2278 1
879 2261 1
86 879 1
98 119 1
872 937 1
826 937 1
1715 2278 1
1715 2061 1
907 2034 1
69 887 1
113 837 1
1704 2059 1
826 918 1
872 918 1
918 937 1
92 939 1
828 928 1
928 1712 1
879 903 1
903 2261 1
86 903 1
856 2258 1
856 914 1
122 2063 1
858 897 1
51 858 1
55 863 1
72 925 1
857 925 1
925 2067 1
844 2042 1
935 2042 1
84 906 1
136 2251 1
2251 2264 1
131 829 1
843 848 1
67 2067 1
67 72 1
67 857 1
67 925 1
59 2050 1
888 936 1
90 936 1
111 2062 1
2062 2273 1
842 2062 1
892 2062 1
75 2257 1
830 1702 1
124 826 1
124 872 1
124 937 1
124 918 1
1719 2254 1
844 883 1
883 2042 1
883 935 1
132 942 1
880 2275 1
897 919 1
858 919 1
51 919 1
51 829 1
829 897 1
829 858 1
829 919 1
51 131 1
54 90 1
54 888 1
54 936 1
66 2036 1
840 898 1
818 1718 1
1718 2265 1
74 1718 1
53 1704 1
53 2059 1
89 872 1
872 2054 1
89 937 1
89 918 1
89 826 1
89 124 1
133 2067 1
72 133 1
133 857 1
67 133 1
133 925 1
920 2036 1
66 920 1
75 1706 1
1706 2257 1
836 2277 1
81 922 1
854 1701 1
101 902 1
101 866 1
129 824 1
107 2065 1
68 2065 1
870 2274 1
817 938 1
900 947 1
132 944 1
942 944 1
59 858 1
858 2050 1
59 897 1
51 59 1
59 919 1
59 829 1
111 1707 1
1707 2273 1
842 1707 1
892 1707 1
1707 2062 1
194 641 1
662 1389 1
974 1386 1
635 1400 1
2089 2245 1
633 2087 1
188 1406 1
644 1744 1
152 616 1
223 632 1
650 2087 1
633 650 1
210 1388 1
962 2227 1
189 1758 1
172 2221 1
993 2243 1
191 1759 1
2228 2248 1
186 1758 1
186 189 1
646 2247 1
137 2073 1
630 1002 1
189 971 1
186 971 1
971 1758 1
165 965 1
154 630 1
154 1002 1
140 956 1
188 644 1
644 1406 1
188 1744 1
1402 1737 1
958 2075 1
179 1390 1
646 2246 1
2246 2247 1
162 669 1
214 226 1
166 977 1
1010 1385 1
188 191 1
191 1744 1
191 644 1
191 1406 1
188 1759 1
192 2075 1
192 958 1
653 981 1
632 1387 1
223 1387 1
229 988 1
961 2081 1
984 1403 1
218 642 1
611 988 1
229 611 1
146 187 1
199 1758 1
186 199 1
199 971 1
189 199 1
648 661 1
628 643 1
1389 2082 1
662 2082 1
184 2086 1
209 1401 1
2223 2231 1
993 1396 1
1396 2243 1
615 2086 1
184 615 1
653 671 1
671 981 1
195 1743 1
625 964 1
651 961 1
651 2081 1
660 2236 1
628 966 1
643 966 1
167 1384 1
647 1734 1
983 2226 1
1379 1743 1
195 1379 1
615 2072 1
184 2072 1
2072 2086 1
1382 2082 1
1382 1389 1
662 1382 1
1400 2235 1
635 2235 1
223 2073 1
632 2073 1
1387 2073 1
137 223 1
668 2230 1
647 2242 1
1734 2242 1
996 1008 1
180 662 1
180 2082 1
180 1389 1
180 1382 1
217 626 1
665 1004 1
160 631 1
1758 2079 1
186 2079 1
971 2079 1
189 2079 1
199 2079 1
219 636 1
970 1392 1
973 1386 1
973 974 1
1743 1759 1
1379 1759 1
195 1759 1
188 1743 1
191 1743 1
193 203 1
227 630 1
227 1002 1
154 227 1
616 644 1
152 644 1
616 1744 1
188 616 1
616 1406 1
191 616 1
657 2079 1
199 657 1
657 971 1
186 657 1
189 657 1
657 1758 1
1011 1384 1
167 1011 1
168 1006 1
1396 2227 1
993 2227 1
2227 2243 1
962 1396 1
639 644 1
616 639 1
639 1744 1
152 639 1
188 639 1
639 1406 1
191 639 1
1019 1041 1
311 361 1
247 260 1
309 1411 1
241 1055 1
353 1051 1
259 2210 1
254 1017 1
283 309 1
283 1411 1
1030 1069 1
316 1048 1
1062 1415 1
266 274 1
285 312 1
1049 2094 1
294 1034 1
1045 1070 1
364 373 1
1056 2207 1
1770 2216 1
278 339 1
365 2093 1
354 695 1
298 695 1
298 354 1
343 1017 1
254 343 1
1061 2093 1
365 1061 1
692 1427 1
260 1763 1
247 1763 1
383 2218 1
326 2192 1
284 290 1
393 1068 1
304 1421 1
236 286 1
340 356 1
309 686 1
283 686 1
686 1411 1
317 1026 1
676 1763 1
260 676 1
247 676 1
315 332 1
333 1065 1
317 1061 1
1026 1061 1
317 2093 1
317 365 1
690 700 1
379 1428 1
685 1425 1
307 1770 1
307 2216 1
352 1069 1
352 1030 1
692 2098 1
1427 2098 1
279 301 1
280 389 1
322 359 1
250 366 1
278 1066 1
339 1066 1
1024 1030 1
352 1024 1
1024 1069 1
262 1765 1
266 329 1
274 329 1
1407 1773 1
1016 1030 1
352 1016 1
1016 1024 1
1016 1069 1
310 371 1
361 377 1
311 377 1
359 2197 1
322 2197 1
329 672 1
266 672 1
274 672 1
698 1047 1
250 337 1
337 366 1
243 1032 1
687 2216 1
687 1770 1
307 687 1
1023 1436 1
319 370 1
295 1034 1
294 295 1
358 1028 1
1763 2194 1
676 2194 1
260 2194 1
247 2194 1
331 701 1
295 675 1
675 1034 1
294 675 1
244 2193 1
1051 2206 1
353 2206 1
1019 1028 1
1028 1041 1
358 1019 1
2098 2192 1
1427 2192 1
692 2192 1
326 2098 1
328 1060 1
372 701 1
331 372 1
1421 2192 1
304 2192 1
326 1421 1
1421 2098 1
1421 1427 1
692 1421 1
237 2096 1
688 1414 1
680 689 1
374 2201 1
353 1419 1
1051 1419 1
1419 2206 1
349 385 1
241 334 1
334 1055 1
698 1026 1
1026 1047 1
317 698 1
698 1061 1
284 365 1
290 365 1
284 317 1
284 2093 1
284 1061 1
262 683 1
683 1765 1
382 1436 1
382 1023 1
261 326 1
261 2192 1
261 2098 1
261 1421 1
425 1244 1
407 1542 1
425 1562 1
1244 1562 1
1444 1504 1
1517 1569 1
424 1530 1
475 1289 1
458 470 1
1483 1505 1
492 2180 1
418 461 1
450 1488 1
1490 2166 1
410 1273 1
1503 1576 1
2161 2185 1
471 1487 1
426 443 1
463 1494 1
1451 1584 1
452 1481 1
1274 1585 1
1493 1579 1
422 1241 1
410 1555 1
1273 1555 1
447 1537 1
405 1459 1
422 450 1
450 1241 1
422 1488 1
482 1260 1
1533 1574 1
437 1445 1
442 1478 1
1255 1261 1
452 1548 1
1481 1548 1
1269 1546 1
445 491 1
412 1520 1
452 1541 1
1481 1541 1
1541 1548 1
452 2173 1
1481 2173 1
1548 2173 1
1541 2173 1
422 1558 1
1488 1558 1
1241 1558 1
450 1558 1
1501 2175 1
1525 1553 1
1517 1570 1
1569 1570 1
1452 1452 1
429 1241 1
429 450 1
429 1558 1
422 429 1
482 1256 1
1256 1260 1
1281 1446 1
473 2177 1
1289 1491 1
475 1491 1
1481 1577 1
1548 1577 1
452 1577 1
1541 1577 1
1577 2173 1
1479 1559 1
1279 1454 1
443 1475 1
426 1475 1
1538 1575 1
1466 1585 1
1274 1466 1
1563 2177 1
473 1563 1
466 1461 1
1550 2181 1
1461 1532 1
466 1532 1
479 1284 1
1290 1536 1
426 1489 1
443 1489 1
1475 1489 1
1465 1552 1
476 1569 1
476 1570 1
476 1517 1
454 1497 1
1259 1555 1
1259 1273 1
410 1259 1
404 423 1
1243 1486 1
1443 1462 1
1504 1522 1
1444 1522 1
1275 1558 1
450 1275 1
422 1275 1
429 1275 1
1275 1488 1
1241 1275 1
1506 1563 1
1506 2177 1
473 1506 1
479 484 1
484 1284 1
404 1561 1
423 1561 1
1528 1555 1
1273 1528 1
410 1528 1
1259 1528 1
479 1453 1
484 1453 1
1284 1453 1
1267 1510 1
1262 1573 1
440 1483 1
440 1505 1
443 1445 1
1445 1489 1
426 1445 1
1445 1475 1
437 443 1
1516 2189 1
1442 1486 1
1243 1442 1
400 1548 1
400 452 1
400 1541 1
400 1481 1
400 1577 1
400 2173 1
1534 2168 1
491 1516 1
445 1516 1
491 2189 1
473 1505 1
1505 2177 1
1505 1506 1
1505 1563 1
473 1483 1
440 473 1
1599 1622 1
713 2154 1
539 1638 1
516 2143 1
724 2152 1
1615 2141 1
727 1616 1
530 1324 1
504 541 1
730 1922 1
1587 1589 1
531 2137 1
541 1971 1
504 1971 1
1589 1931 1
1587 1931 1
511 2136 1
1633 1967 1
1300 2149 1
1956 2151 1
1310 1321 1
1904 1968 1
742 1928 1
757 1635 1
1306 1947 1
1291 1608 1
499 1942 1
522 719 1
546 719 1
522 546 1
551 1596 1
1934 2158 1
1617 1982 1
1626 1629 1
1295 1588 1
550 755 1
1293 1961 1
1307 1938 1
524 1922 1
524 730 1
1904 2155 1
1968 2155 1
1637 2134 1
1608 1621 1
1291 1621 1
741 752 1
713 1910 1
1910 2154 1
747 1317 1
1909 1921 1
1613 1961 1
1293 1613 1
506 531 1
506 2137 1
496 1920 1
1294 1939 1
1620 1956 1
1620 2151 1
755 1982 1
550 1982 1
755 1617 1
501 533 1
1964 2144 1
523 725 1
1305 2131 1
1953 1971 1
504 1953 1
541 1953 1
1302 1311 1
552 1593 1
711 2135 1
527 2131 1
527 1305 1
501 1334 1
533 1334 1
755 2152 1
1617 2152 1
1982 2152 1
550 2152 1
724 755 1
535 1622 1
535 1599 1
1607 1941 1
514 1588 1
514 1295 1
1317 1619 1
747 1619 1
1629 1916 1
1626 1916 1
508 1922 1
508 730 1
508 524 1
1307 1940 1
1938 1940 1
1599 1942 1
1622 1942 1
535 1942 1
499 1599 1
726 1635 1
726 757 1
1641 1920 1
496 1641 1
498 1592 1
536 1637 1
536 2134 1
1958 2152 1
550 1958 1
1617 1958 1
755 1958 1
724 1958 1
1958 1982 1
1634 1943 1
1304 1934 1
1304 2158 1
710 2136 1
511 710 1
1587 1943 1
1931 1943 1
1589 1943 1
1587 1634 1
1612 1626 1
1612 1916 1
1612 1629 1
1308 1917 1
1938 1966 1
1307 1966 1
1940 1966 1
739 2130 1
710 1959 1
1959 2136 1
511 1959 1
1298 1964 1
1298 2144 1
500 1911 1
1586 1643 1
710 734 1
734 2136 1
734 1959 1
511 734 1
1328 2134 1
536 1328 1
1328 1637 1
1291 1973 1
1608 1973 1
1621 1973 1
2137 2152 1
506 2152 1
531 2152 1
1958 2137 1
550 2137 1
1617 2137 1
755 2137 1
724 2137 1
1982 2137 1
1830 1845 1
1112 2103 1
1227 2107 1
1114 1895 1
1204 1837 1
1116 1847 1
2100 2123 1
1135 2102 1
1137 1821 1
1895 2101 1
1114 2101 1
1823 1884 1
1093 2110 1
1210 1864 1
1096 1206 1
1804 1851 1
1146 1775 1
1836 1840 1
1849 1850 1
1845 1898 1
1830 1898 1
1846 1852 1
1142 2103 1
1112 1142 1
1823 1826 1
1826 1884 1
1232 1903 1
1146 1182 1
1182 1775 1
1228 1787 1
1082 1161 1
1101 1779 1
1091 1183 1
1172 1788 1
1198 1833 1
1774 1901 1
1101 1240 1
1240 1779 1
1148 2128 1
1200 1206 1
1096 1200 1
1224 1858 1
1847 1866 1
1116 1866 1
1174 1857 1
1192 1880 1
1129 1813 1
1125 1139 1
1225 1886 1
1780 1852 1
1780 1846 1
1180 1892 1
1204 1209 1
1209 1837 1
1837 1841 1
1209 1841 1
1204 1841 1
1114 1846 1
1846 2101 1
1846 1895 1
1114 1780 1
1114 1852 1
1088 1823 1
1088 1826 1
1088 1884 1
1131 1240 1
1131 1779 1
1101 1131 1
1119 1210 1
1119 1864 1
1164 1200 1
1096 1164 1
1164 1206 1
1158 1786 1
1120 1180 1
1120 1892 1
1135 1862 1
1862 2102 1
1072 1896 1
1168 1811 1
1856 1869 1
1789 1830 1
1789 1898 1
1789 1845 1
1129 1866 1
1813 1866 1
1116 1129 1
1129 1847 1
1785 2129 1
1240 1895 1
1131 1895 1
1779 1895 1
1101 1895 1
1240 2101 1
1240 1846 1
1114 1240 1
1164 1782 1
1200 1782 1
1096 1782 1
1206 1782 1
1156 1898 1
1156 1845 1
1156 1830 1
1156 1789 1
1144 1900 1
1779 1821 1
1240 1821 1
1131 1821 1
1101 1821 1
1821 1895 1
1137 1779 1
1154 1807 1
1797 1856 1
1797 1869 1
1071 1136 1
1826 1844 1
1088 1844 1
1844 1884 1
1823 1844 1
1086 1097 1
1117 1230 1
1155 1870 1
1207 1213 1
1868 1893 1
1803 1843 1
1175 1835 1
1215 1789 1
1215 1898 1
1156 1215 1
1215 1845 1
1215 1830 1
1859 1861 1
1120 1197 1
1197 1892 1
1180 1197 1
2103 2104 1
1112 2104 1
1142 2104 1
1786 1838 1
1158 1838 1
1779 1877 1
1877 1895 1
1131 1877 1
1101 1877 1
1137 1877 1
1240 1877 1
1821 1877 1
1207 1865 1
1213 1865 1
1219 1827 1
1865 1877 1
1213 1877 1
1207 1877 1
1865 1895 1
1131 1865 1
1101 1865 1
1137 1865 1
1779 1865 1
1240 1865 1
1821 1865 1
617 1860 1
1860 1860 1
617 617 1
118 1130 1
1130 1130 1
118 118 1
626 914 1
217 914 1
914 914 1
626 856 1
626 2258 1
626 626 1
1783 2253 1
2253 2253 1
1783 1783 1
83 207 1
207 207 1
83 83 1
131 1629 1
51 1629 1
829 1629 1
1629 1629 1
131 131 1
131 1612 1
131 1626 1
131 1916 1
248 1620 1
1620 1620 1
248 248 1
248 1956 1
248 2151 1
1550 1792 1
1792 1792 1
1792 2181 1
1550 1550 1
621 1171 1
1171 1171 1
621 621 1
1460 1950 1
1950 1950 1
1460 1460 1
18 324 1
324 324 1
324 1667 1
324 796 1
324 2021 1
324 1990 1
18 18 1
2096 2305 1
2305 2305 1
237 2305 1
2096 2096 1
262 1350 1
683 1350 1
1350 1765 1
1350 1350 1
262 262 1
571 1388 1
1388 1388 1
210 571 1
571 571 1
1321 1735 1
1310 1735 1
1735 1735 1
1321 1321 1
2014 2222 1
2222 2222 1
2014 2014 1
356 1921 1
1921 1921 1
340 1921 1
356 356 1
356 1909 1
1133 1346 1
1346 1346 1
1133 2004 1
1133 1133 1
552 778 1
778 1593 1
778 778 1
552 552 1
468 521 1
521 521 1
468 468 1
480 715 1
715 715 1
480 480 1
743 1370 1
1370 1370 1
743 743 1
513 1070 1
1070 1070 1
513 513 1
513 1045 1
1037 2238 1
2238 2238 1
1037 1037 1
825 1812 1
1812 1812 1
825 825 1
1179 1745 1
1745 1745 1
1179 1179 1
74 503 1
503 2265 1
503 818 1
503 1718 1
503 503 1
74 74 1
699 1925 1
1925 1925 1
699 699 1
1488 1805 1
450 1805 1
1275 1805 1
1558 1805 1
422 1805 1
1805 1805 1
1488 1488 1
790 2037 1
2037 2037 1
790 790 1
474 2271 1
2271 2271 1
474 474 1
359 417 1
417 417 1
322 417 1
417 2197 1
359 359 1
641 1240 1
1240 1240 1
194 1240 1
641 641 1
641 1895 1
641 1865 1
641 1131 1
641 1101 1
641 1779 1
641 2101 1
641 1846 1
641 1114 1
641 1821 1
641 1877 1
924 1373 1
1373 1373 1
924 1378 1
3 924 1
924 924 1
354 1880 1
1880 1880 1
298 1880 1
695 1880 1
354 1192 1
354 354 1
826 982 1
918 982 1
872 982 1
937 982 1
982 982 1
89 982 1
124 982 1
826 826 1
493 1372 1
1372 1372 1
493 493 1
732 1241 1
1241 1241 1
450 732 1
422 732 1
429 732 1
732 1558 1
732 1275 1
732 732 1
891 1684 1
1684 1684 1
891 891 1
634 1407 1
1407 1407 1
634 634 1
634 1773 1
342 1379 -1
195 342 -1
342 1759 -1
342 1743 -1
680 2289 -1
689 2289 -1
968 1089 -1
768 1139 -1
768 1125 -1
807 2164 -1
2010 2164 -1
1644 2164 -1
1670 2164 -1
1697 1757 -1
1159 1765 -1
683 1159 -1
262 1159 -1
457 2133 -1
147 2263 -1
1423 1578 -1
221 856 -1
221 2258 -1
221 914 -1
958 1825 -1
192 1825 -1
1825 2075 -1
688 2309 -1
1414 2309 -1
254 2054 -1
1017 2054 -1
343 2054 -1
254 872 -1
89 254 -1
1673 1908 -1
1908 2300 -1
618 1266 -1
528 1052 -1
2063 2107 -1
122 2107 -1
1227 2063 -1
201 707 -1
50 1373 -1
50 1378 -1
3 50 -1
0 1627 -1
592 1627 -1
32 1627 -1
22 1627 -1
1215 1741 -1
1741 1898 -1
1156 1741 -1
1741 1789 -1
1741 1830 -1
1741 1845 -1
457 626 -1
217 457 -1
417 1430 -1
56 175 -1
195 1024 -1
1024 1379 -1
1024 1759 -1
1024 1743 -1
195 352 -1
195 1016 -1
195 1069 -1
195 1030 -1
1906 2227 -1
993 1906 -1
962 1906 -1
1906 2243 -1
1396 1906 -1
829 1415 -1
897 1415 -1
131 1415 -1
51 1415 -1
919 1415 -1
858 1415 -1
59 1415 -1
829 1062 -1
420 1958 -1
420 550 -1
420 2152 -1
420 1617 -1
420 755 -1
420 724 -1
420 2137 -1
420 1982 -1
93 1309 -1
1551 2034 -1
907 1551 -1
616 2285 -1
644 2285 -1
1744 2285 -1
152 2285 -1
639 2285 -1
188 2285 -1
1406 2285 -1
191 2285 -1
601 2069 -1
20 116 -1
833 1203 -1
1678 2075 -1
192 1678 -1
958 1678 -1
1955 2041 -1
582 826 -1
582 872 -1
582 937 -1
124 582 -1
582 918 -1
89 582 -1
1669 2206 -1
353 1669 -1
1051 1669 -1
1419 1669 -1
1068 1199 -1
393 1199 -1
613 715 -1
999 1224 -1
999 1858 -1
178 1886 -1
178 1225 -1
243 1865 -1
1032 1865 -1
243 1895 -1
243 1131 -1
243 1101 -1
243 1821 -1
243 1137 -1
243 1779 -1
243 1877 -1
243 1207 -1
243 1240 -1
243 1213 -1
841 983 -1
841 2226 -1
1068 2238 -1
393 2238 -1
1106 2152 -1
1106 1958 -1
550 1106 -1
531 1106 -1
1106 1617 -1
755 1106 -1
724 1106 -1
1106 2137 -1
506 1106 -1
1106 1982 -1
385 1314 -1
349 1314 -1
1471 1609 -1
690 1947 -1
700 1947 -1
690 1306 -1
1264 2193 -1
244 1264 -1
876 1513 -1
19 967 -1
950 2296 -1
279 639 -1
301 639 -1
279 644 -1
279 616 -1
279 1744 -1
152 279 -1
188 279 -1
279 1406 -1
191 279 -1
538 881 -1
643 1174 -1
628 1174 -1
966 1174 -1
643 1857 -1
853 1311 -1
853 1302 -1
311 1615 -1
361 1615 -1
377 1615 -1
311 2141 -1
1513 1881 -1
688 2024 -1
1414 2024 -1
1508 1715 -1
1508 2061 -1
1508 2278 -1
285 1256 -1
312 1256 -1
285 482 -1
285 1260 -1
980 1824 -1
286 2127 -1
236 2127 -1
461 1722 -1
418 1722 -1
740 1373 -1
740 1378 -1
3 740 -1
194 270 -1
270 641 -1
221 1672 -1
221 1336 -1
17 221 -1
221 2308 -1
221 1349 -1
387 428 -1
992 1321 -1
992 1310 -1
1402 1971 -1
1737 1971 -1
504 1402 -1
1402 1953 -1
541 1402 -1
597 1111 -1
578 1111 -1
805 1111 -1
7 1111 -1
1111 1645 -1
1111 2002 -1
770 1111 -1
766 1111 -1
150 1711 -1
150 911 -1
298 1985 -1
354 1985 -1
695 1985 -1
298 1353 -1
298 1668 -1
298 1671 -1
172 2283 -1
2221 2283 -1
457 1041 -1
457 1019 -1
457 1028 -1
164 770 -1
164 578 -1
164 805 -1
7 164 -1
164 1645 -1
164 2002 -1
164 597 -1
164 766 -1
245 867 -1
1608 1871 -1
1291 1871 -1
1621 1871 -1
1871 1973 -1
457 985 -1
150 1685 -1
1060 1565 -1
328 1565 -1
2067 2136 -1
72 2136 -1
857 2136 -1
67 2136 -1
925 2136 -1
133 2136 -1
1959 2067 -1
734 2067 -1
710 2067 -1
511 2067 -1
133 602 -1
72 602 -1
602 857 -1
67 602 -1
602 2067 -1
602 925 -1
133 769 -1
133 570 -1
47 133 -1
133 609 -1
133 2287 -1
1430 2018 -1
842 2284 -1
2273 2284 -1
1707 2284 -1
2062 2284 -1
111 2284 -1
177 1237 -1
5 1447 -1
586 1447 -1
724 1731 -1
1731 2152 -1
1731 2137 -1
755 1731 -1
1731 1958 -1
523 574 -1
574 725 -1
52 374 -1
52 2201 -1
872 1795 -1
1795 2054 -1
937 1795 -1
918 1795 -1
89 1795 -1
826 1795 -1
124 1795 -1
898 2246 -1
840 2246 -1
646 898 -1
898 2247 -1
1591 1738 -1
1502 1771 -1
495 2103 -1
495 1112 -1
495 2104 -1
495 1142 -1
1228 2023 -1
1787 2023 -1
1737 2012 -1
1402 2012 -1
49 729 -1
729 2064 -1
729 2260 -1
136 1956 -1
1956 2264 -1
1956 2251 -1
136 1620 -1
136 2151 -1
1306 2226 -1
1947 2226 -1
983 1306 -1
667 919 -1
667 897 -1
667 858 -1
51 667 -1
667 829 -1
59 667 -1
431 1925 -1
687 1261 -1
1261 2216 -1
1261 1770 -1
307 1261 -1
687 1255 -1
492 1204 -1
1204 2180 -1
492 1209 -1
492 1837 -1
492 1841 -1
3 538 -1
538 1378 -1
538 1373 -1
358 1328 -1
1019 1328 -1
1028 1328 -1
358 536 -1
358 1637 -1
358 2134 -1
239 1342 -1
41 239 -1
937 1179 -1
872 1179 -1
89 1179 -1
826 1179 -1
124 1179 -1
918 1179 -1
1052 1869 -1
1052 1856 -1
1052 1797 -1
508 1361 -1
1361 1922 -1
524 1361 -1
730 1361 -1
35 508 -1
1222 1330 -1
1284 2153 -1
484 2153 -1
1453 2153 -1
479 2153 -1
654 2217 -1
1744 2254 -1
616 2254 -1
188 2254 -1
639 2254 -1
644 2254 -1
191 2254 -1
1719 1744 -1
1409 2080 -1
834 1137 -1
834 1865 -1
834 1779 -1
834 1821 -1
834 1877 -1
13 97 -1
1756 2122 -1
239 971 -1
199 239 -1
239 657 -1
186 239 -1
189 239 -1
239 1758 -1
239 2079 -1
384 1962 -1
102 1116 -1
102 1129 -1
102 1866 -1
102 1847 -1
1772 2248 -1
1772 2228 -1
700 1518 -1
690 1518 -1
1645 1903 -1
578 1903 -1
805 1903 -1
7 1903 -1
770 1903 -1
1903 2002 -1
597 1903 -1
766 1903 -1
1232 1645 -1
1777 1957 -1
222 705 -1
83 1853 -1
858 1038 -1
897 1038 -1
1038 2050 -1
51 1038 -1
919 1038 -1
59 1038 -1
829 1038 -1
1172 1372 -1
1372 1788 -1
749 1845 -1
749 1898 -1
749 1156 -1
749 1789 -1
749 1830 -1
749 1215 -1
587 1939 -1
587 1294 -1
334 1643 -1
241 1643 -1
1055 1643 -1
334 1586 -1
395 1726 -1
395 1714 -1
63 395 -1
1649 2258 -1
856 1649 -1
914 1649 -1
1077 1594 -1
1545 1803 -1
1545 1843 -1
916 2015 -1
103 2015 -1
1656 1708 -1
8 1708 -1
291 1883 -1
1096 1566 -1
1200 1566 -1
1164 1566 -1
1566 1782 -1
1206 1566 -1
649 1932 -1
846 1797 -1
846 1856 -1
846 1869 -1
922 1260 -1
81 1260 -1
922 1256 -1
482 922 -1
1272 1664 -1
154 2062 -1
1002 2062 -1
227 2062 -1
630 2062 -1
154 2273 -1
154 842 -1
154 1707 -1
154 892 -1
111 154 -1
1278 1411 -1
283 1278 -1
309 1278 -1
686 1278 -1
121 719 -1
121 522 -1
121 546 -1
401 938 -1
401 817 -1
115 147 -1
1301 1651 -1
727 2020 -1
1616 2020 -1
727 1654 -1
748 1252 -1
1194 1347 -1
114 309 -1
309 835 -1
114 283 -1
114 1411 -1
114 686 -1
1233 2040 -1
908 1233 -1
476 1828 -1
1569 1828 -1
1570 1828 -1
1517 1828 -1
574 916 -1
103 574 -1
1233 2015 -1
1427 1513 -1
1513 2192 -1
1513 2098 -1
692 1513 -1
1421 1513 -1
1402 2071 -1
1737 2071 -1
99 504 -1
99 1953 -1
99 1971 -1
99 541 -1
143 1126 -1
351 1563 -1
351 2177 -1
351 1506 -1
351 1505 -1
351 473 -1
1993 2147 -1
326 1727 -1
1727 2192 -1
1727 2098 -1
1421 1727 -1
261 1727 -1
1870 2064 -1
1155 2064 -1
49 1870 -1
1870 2260 -1
781 1526 -1
1526 1679 -1
86 1072 -1
903 1072 -1
1072 2261 -1
879 1072 -1
86 1896 -1
944 1668 -1
132 1668 -1
942 1668 -1
944 1985 -1
944 1353 -1
944 1671 -1
287 2170 -1
541 978 -1
504 978 -1
978 1953 -1
978 1971 -1
870 1952 -1
1952 2274 -1
148 1582 -1
184 1664 -1
1664 2072 -1
1664 2086 -1
615 1664 -1
247 625 -1
625 676 -1
625 2194 -1
625 1763 -1
260 625 -1
247 964 -1
752 2195 -1
741 2195 -1
1935 2275 -1
880 1935 -1
1813 2058 -1
1129 2058 -1
1866 2058 -1
813 1813 -1
2137 2305 -1
1958 2305 -1
550 2305 -1
2152 2305 -1
1617 2305 -1
531 2305 -1
724 2305 -1
755 2305 -1
506 2305 -1
1982 2305 -1
393 1759 -1
1068 1759 -1
393 1379 -1
393 1743 -1
188 393 -1
195 393 -1
191 393 -1
127 1525 -1
127 1553 -1
546 1224 -1
522 1224 -1
719 1224 -1
546 1858 -1
625 1896 -1
964 1896 -1
625 1072 -1
440 2292 -1
1505 2292 -1
1483 2292 -1
473 2292 -1
440 1648 -1
464 697 -1
748 1644 -1
748 2010 -1
748 1670 -1
748 807 -1
219 1898 -1
636 1898 -1
219 1215 -1
219 1156 -1
219 1845 -1
219 1830 -1
219 1789 -1
873 1628 -1
128 1628 -1
1157 1925 -1
245 1761 -1
1188 1446 -1
1188 1281 -1
151 716 -1
455 841 -1
200 1625 -1
53 1645 -1
1645 1704 -1
1645 2059 -1
53 578 -1
53 805 -1
7 53 -1
53 770 -1
53 2002 -1
53 597 -1
53 766 -1
673 914 -1
673 856 -1
673 2258 -1
307 1932 -1
1932 2216 -1
1770 1932 -1
687 1932 -1
431 1647 -1
1334 1782 -1
501 1782 -1
533 1782 -1
1200 1334 -1
1096 1334 -1
1164 1334 -1
1206 1334 -1
342 978 -1
1445 1632 -1
1489 1632 -1
426 1632 -1
443 1632 -1
437 1632 -1
1475 1632 -1
12 1519 -1
125 768 -1
598 1058 -1
765 1058 -1
79 686 -1
79 283 -1
79 1411 -1
79 309 -1
1050 2172 -1
60 1144 -1
60 1900 -1
302 1612 -1
302 1626 -1
302 1916 -1
302 1629 -1
1117 1286 -1
1230 1286 -1
1716 1942 -1
535 1716 -1
499 1716 -1
1622 1716 -1
1599 1716 -1
137 240 -1
240 2073 -1
223 240 -1
968 1699 -1
1284 1664 -1
484 1664 -1
1453 1664 -1
479 1664 -1
106 1787 -1
1787 2250 -1
106 1228 -1
1724 2173 -1
452 1724 -1
1541 1724 -1
1481 1724 -1
1548 1724 -1
400 1724 -1
1577 1724 -1
152 2175 -1
616 2175 -1
644 2175 -1
639 2175 -1
152 1501 -1
1598 1720 -1
594 1088 -1
24 1088 -1
599 1088 -1
1088 2003 -1
1088 1367 -1
594 1844 -1
594 1826 -1
594 1884 -1
594 1823 -1
104 1606 -1
657 1291 -1
199 1291 -1
971 1291 -1
186 1291 -1
189 1291 -1
1291 1758 -1
1291 2079 -1
657 1608 -1
657 1621 -1
657 1973 -1
76 1298 -1
76 2144 -1
76 1964 -1
212 1791 -1
1478 2145 -1
442 2145 -1
276 1629 -1
276 1612 -1
276 1626 -1
276 1916 -1
1863 2236 -1
660 1863 -1
1589 2082 -1
1587 2082 -1
1931 2082 -1
1943 2082 -1
1382 1589 -1
180 1589 -1
1389 1589 -1
662 1589 -1
1820 2159 -1
1361 1499 -1
35 1499 -1
1173 1431 -1
1266 1659 -1
600 1266 -1
773 1266 -1
1266 1374 -1
575 1266 -1
119 2016 -1
98 2016 -1
119 608 -1
76 1198 -1
76 1833 -1
22 922 -1
592 922 -1
0 922 -1
32 922 -1
22 81 -1
62 1111 -1
2108 2152 -1
1958 2108 -1
550 2108 -1
531 2108 -1
1617 2108 -1
755 2108 -1
724 2108 -1
2108 2137 -1
506 2108 -1
1982 2108 -1
837 2200 -1
113 2200 -1
501 2025 -1
533 2025 -1
1334 2025 -1
1661 2154 -1
713 1661 -1
1661 1910 -1
682 2148 -1
408 1961 -1
408 1293 -1
408 1613 -1
1865 2309 -1
1895 2309 -1
1131 2309 -1
1101 2309 -1
1821 2309 -1
1137 2309 -1
1779 2309 -1
1877 2309 -1
1207 2309 -1
1240 2309 -1
1213 2309 -1
1349 2130 -1
1672 2130 -1
2130 2308 -1
739 1349 -1
1358 2073 -1
632 1358 -1
137 1358 -1
1358 1387 -1
223 1358 -1
1060 1560 -1
328 1560 -1
1244 1778 -1
425 1778 -1
1562 1778 -1
410 1396 -1
1396 1528 -1
1273 1396 -1
1396 1555 -1
1259 1396 -1
410 993 -1
410 962 -1
410 2243 -1
410 2227 -1
76 1072 -1
76 1896 -1
458 1617 -1
470 1617 -1
458 2152 -1
458 2137 -1
458 755 -1
458 1958 -1
458 1982 -1
1119 1328 -1
1328 1864 -1
1210 1328 -1
536 1119 -1
1119 1637 -1
1119 2134 -1
544 1376 -1
37 544 -1
861 1009 -1
734 1246 -1
1246 2136 -1
511 1246 -1
710 1246 -1
1246 1959 -1
585 1952 -1
910 2094 -1
910 1049 -1
215 2120 -1
409 1237 -1
194 924 -1
641 924 -1
243 594 -1
594 1032 -1
24 243 -1
243 599 -1
243 2003 -1
243 1367 -1
195 834 -1
834 1379 -1
834 1759 -1
834 1743 -1
823 1174 -1
823 1857 -1
296 427 -1
1525 2201 -1
1553 2201 -1
374 1525 -1
171 1847 -1
171 1129 -1
171 1866 -1
171 1116 -1
657 1885 -1
199 1885 -1
971 1885 -1
186 1885 -1
189 1885 -1
1758 1885 -1
1885 2079 -1
883 1448 -1
1448 2042 -1
844 1448 -1
935 1448 -1
322 867 -1
867 2197 -1
359 867 -1
1445 1848 -1
1489 1848 -1
426 1848 -1
443 1848 -1
437 1848 -1
1475 1848 -1
305 829 -1
305 897 -1
131 305 -1
51 305 -1
305 919 -1
305 858 -1
59 305 -1
145 1763 -1
145 676 -1
145 2194 -1
145 260 -1
145 247 -1
1768 2108 -1
393 530 -1
530 1068 -1
393 1324 -1
913 1046 -1
1647 1769 -1
947 1011 -1
900 1011 -1
947 1384 -1
167 947 -1
640 1191 -1
1617 2222 -1
2152 2222 -1
2137 2222 -1
755 2222 -1
1958 2222 -1
1982 2222 -1
443 1159 -1
1159 1489 -1
426 1159 -1
1159 1475 -1
1159 1445 -1
437 1159 -1
326 1631 -1
1631 2192 -1
1631 2098 -1
1421 1631 -1
261 1631 -1
480 1236 -1
624 2200 -1
661 673 -1
648 673 -1
83 1617 -1
83 2152 -1
83 2137 -1
83 755 -1
83 1958 -1
83 1982 -1
537 1496 -1
196 1601 -1
115 273 -1
769 1877 -1
609 1877 -1
602 1877 -1
47 1877 -1
570 1877 -1
1877 2287 -1
769 1895 -1
769 1865 -1
769 1131 -1
769 1101 -1
769 1213 -1
769 1137 -1
769 1779 -1
769 1207 -1
769 1240 -1
769 1821 -1
956 1895 -1
140 1895 -1
956 1865 -1
956 1131 -1
956 1101 -1
956 1779 -1
956 2101 -1
956 1846 -1
956 1240 -1
956 1114 -1
956 1821 -1
956 1877 -1
1022 1279 -1
1022 1454 -1
206 1457 -1
71 1530 -1
71 424 -1
539 632 -1
632 1638 -1
539 2073 -1
539 1387 -1
223 539 -1
94 1344 -1
557 639 -1
557 644 -1
557 616 -1
557 1744 -1
152 557 -1
188 557 -1
557 1406 -1
191 557 -1
652 1794 -1
995 1986 -1
256 1184 -1
1318 1489 -1
426 1318 -1
443 1318 -1
1318 1445 -1
1318 1475 -1
58 2282 -1
1054 1403 -1
984 1054 -1
378 1552 -1
378 1465 -1
116 1326 -1
95 1893 -1
95 1868 -1
155 1236 -1
643 1856 -1
628 1856 -1
966 1856 -1
643 1869 -1
643 1797 -1
744 1190 -1
793 2237 -1
714 1548 -1
452 714 -1
714 1541 -1
714 1481 -1
400 714 -1
714 1577 -1
714 2173 -1
488 1648 -1
488 2292 -1
1396 2096 -1
993 2096 -1
962 2096 -1
2096 2243 -1
2096 2227 -1
237 1396 -1
810 1762 -1
196 2148 -1
1851 1931 -1
1804 1931 -1
1587 1851 -1
1589 1851 -1
1851 1943 -1
272 1117 -1
272 1230 -1
234 875 -1
572 2084 -1
677 1810 -1
112 263 -1
777 1641 -1
777 1920 -1
496 777 -1
1283 2067 -1
72 1283 -1
857 1283 -1
67 1283 -1
925 1283 -1
133 1283 -1
689 1923 -1
680 1923 -1
473 1789 -1
1789 2177 -1
1506 1789 -1
1505 1789 -1
1483 1789 -1
440 1789 -1
1563 1789 -1
473 1898 -1
473 1156 -1
473 1845 -1
473 1830 -1
473 1215 -1
887 1621 -1
69 1621 -1
887 1608 -1
887 1291 -1
887 1973 -1
1566 2210 -1
259 1566 -1
558 2306 -1
1012 2088 -1
1414 1431 -1
688 1431 -1
