601 812 1
2003 2027 1
1699 1986 1
803 2019 1
767 1672 1
555 1648 1
43 770 1
765 1341 1
791 1998 1
567 776 1
780 2289 1
1 19 1
1986 2013 1
1699 2013 1
27 1367 1
582 1347 1
776 1660 1
567 1660 1
596 787 1
45 1687 1
1367 2294 1
27 2294 1
42 784 1
589 1662 1
32 47 1
1377 1666 1
586 1653 1
595 607 1
595 1651 1
607 1651 1
1337 1371 1
45 781 1
781 1687 1
555 1645 1
1645 1648 1
809 811 1
768 1353 1
42 595 1
595 784 1
42 1651 1
42 607 1
558 1997 1
9 1674 1
801 1657 1
795 2000 1
796 1658 1
1343 1673 1
1362 1989 1
1646 1666 1
1377 1646 1
1370 1987 1
774 2282 1
601 1697 1
812 1697 1
38 44 1
31 1998 1
31 791 1
1683 1991 1
2014 2309 1
585 1994 1
800 1347 1
582 800 1
34 1656 1
562 1348 1
607 792 1
792 1651 1
42 792 1
595 792 1
1349 1649 1
800 2002 1
1347 2002 1
582 2002 1
605 1650 1
1341 2016 1
765 2016 1
606 1357 1
1359 1378 1
1365 1378 1
1359 1365 1
1663 2002 1
800 1663 1
1347 1663 1
582 1663 1
1345 2028 1
571 2028 1
571 1345 1
28 1351 1
582 1658 1
800 1658 1
1658 2002 1
1347 1658 1
1658 1663 1
582 796 1
599 2302 1
608 2285 1
1343 1648 1
1648 1673 1
555 1343 1
1343 1645 1
7 2029 1
1336 1377 1
1336 1666 1
1336 1646 1
594 2025 1
606 1335 1
1335 1357 1
2 1338 1
797 1671 1
805 1985 1
810 2007 1
31 2299 1
1998 2299 1
791 2299 1
767 1693 1
1672 1693 1
10 1682 1
2010 2294 1
27 2010 1
1367 2010 1
1658 1997 1
800 1997 1
1347 1997 1
582 1997 1
1997 2002 1
796 1997 1
1663 1997 1
558 1658 1
1698 2282 1
774 1698 1
1358 1684 1
797 1345 1
1345 1671 1
571 797 1
797 2028 1
41 1366 1
10 2026 1
1682 2026 1
776 2008 1
1660 2008 1
567 2008 1
1 1356 1
19 1356 1
780 2283 1
2283 2289 1
1680 1689 1
47 2024 1
32 2024 1
1335 1662 1
1357 1662 1
606 1662 1
589 1335 1
1352 1357 1
1352 1662 1
606 1352 1
1335 1352 1
32 1374 1
1374 2024 1
47 1374 1
1664 1990 1
1357 1684 1
1352 1684 1
1662 1684 1
606 1684 1
1335 1684 1
1357 1358 1
1657 1666 1
801 1666 1
1336 1657 1
1377 1657 1
1646 1657 1
570 577 1
2280 2303 1
24 1352 1
24 1357 1
24 1684 1
24 1662 1
24 1335 1
24 606 1
588 2305 1
36 2282 1
36 1698 1
36 774 1
1687 2280 1
45 2280 1
781 2280 1
1687 2303 1
34 1343 1
1343 1656 1
34 1673 1
34 555 1
34 1645 1
34 1648 1
1348 1374 1
562 1374 1
32 1348 1
1348 2024 1
47 1348 1
770 787 1
43 787 1
596 770 1
1355 1996 1
6 1364 1
776 2005 1
2005 2008 1
1660 2005 1
567 2005 1
603 608 1
603 2285 1
29 1340 1
570 1356 1
577 1356 1
1 570 1
19 570 1
767 1362 1
1362 1672 1
1362 1693 1
767 1989 1
28 2307 1
1351 2307 1
1341 2017 1
2016 2017 1
765 2017 1
774 1362 1
1362 2282 1
36 1362 1
1362 1698 1
774 1989 1
774 1672 1
774 1693 1
767 774 1
785 2309 1
785 2014 1
810 2008 1
2007 2008 1
776 810 1
567 810 1
810 2005 1
810 1660 1
769 1692 1
12 13 1
37 609 1
1694 2309 1
785 1694 1
1694 2014 1
1660 1691 1
776 1691 1
810 1691 1
1691 2005 1
567 1691 1
1691 2008 1
12 1667 1
13 1667 1
785 1695 1
1694 1695 1
1695 2309 1
1695 2014 1
600 1690 1
46 783 1
560 2299 1
560 791 1
560 1998 1
31 560 1
19 595 1
1 595 1
570 595 1
595 1356 1
19 42 1
19 784 1
19 1651 1
19 792 1
19 607 1
1339 1346 1
1366 1698 1
41 1698 1
36 1366 1
774 1366 1
1366 2282 1
1362 1366 1
12 561 1
561 1667 1
13 561 1
5 800 1
5 1347 1
5 582 1
5 1997 1
5 2002 1
5 1658 1
5 1663 1
792 800 1
19 800 1
800 1651 1
42 800 1
595 800 1
607 800 1
792 1347 1
5 792 1
582 792 1
792 1997 1
792 2002 1
792 1658 1
792 1663 1
778 1671 1
778 1345 1
778 797 1
597 783 1
46 597 1
578 2010 1
27 578 1
578 2294 1
578 1367 1
565 1350 1
569 587 1
772 1998 1
560 772 1
31 772 1
772 2299 1
772 791 1
1339 1367 1
1346 1367 1
27 1339 1
578 1339 1
1339 2294 1
1339 2010 1
1660 2026 1
776 2026 1
810 2026 1
2005 2026 1
567 2026 1
2008 2026 1
1691 2026 1
10 1660 1
1660 1682 1
922 2069 1
914 2268 1
56 881 1
1702 2063 1
891 922 1
891 2069 1
65 928 1
76 2031 1
893 1706 1
913 2054 1
70 854 1
851 1707 1
846 901 1
52 863 1
54 2056 1
85 107 1
825 890 1
2042 2046 1
114 2047 1
108 813 1
51 61 1
89 136 1
833 866 1
118 935 1
118 833 1
833 935 1
118 866 1
53 71 1
104 2066 1
82 891 1
82 922 1
82 2069 1
863 1711 1
52 1711 1
923 945 1
55 1725 1
837 840 1
55 2064 1
1725 2064 1
916 2271 1
100 889 1
83 1702 1
83 2063 1
74 129 1
912 945 1
912 923 1
112 2278 1
2040 2270 1
838 1709 1
830 893 1
830 1706 1
2034 2052 1
54 2049 1
2049 2056 1
56 922 1
881 922 1
56 82 1
56 891 1
56 2069 1
84 2273 1
71 80 1
53 80 1
136 899 1
89 899 1
2055 2250 1
58 2052 1
58 2034 1
81 854 1
70 81 1
900 2275 1
106 2068 1
813 905 1
108 905 1
862 877 1
99 2043 1
858 916 1
858 2271 1
940 2054 1
913 940 1
94 1701 1
92 909 1
938 2040 1
938 2270 1
100 918 1
889 918 1
93 821 1
2044 2275 1
900 2044 1
127 840 1
127 837 1
84 860 1
860 2273 1
828 876 1
867 944 1
59 2053 1
63 2260 1
132 2036 1
946 2047 1
114 946 1
1717 2060 1
897 1717 1
897 2060 1
136 867 1
89 867 1
867 899 1
136 944 1
863 918 1
52 918 1
918 1711 1
863 889 1
100 863 1
73 867 1
73 944 1
73 136 1
73 899 1
73 89 1
927 1725 1
927 2064 1
55 927 1
86 898 1
51 68 1
61 68 1
110 2069 1
56 110 1
110 922 1
110 891 1
82 110 1
77 890 1
77 825 1
104 909 1
909 2066 1
92 104 1
2064 2069 1
927 2069 1
1725 2069 1
55 2069 1
110 2064 1
82 2064 1
56 2064 1
922 2064 1
891 2064 1
862 868 1
868 877 1
887 2260 1
63 887 1
831 2267 1
88 883 1
938 1705 1
1705 2040 1
1705 2270 1
114 889 1
889 946 1
889 2047 1
100 114 1
114 918 1
114 863 1
95 949 1
61 2274 1
51 2274 1
68 2274 1
85 111 1
107 111 1
136 855 1
855 867 1
73 855 1
855 944 1
855 899 1
89 855 1
111 871 1
107 871 1
85 871 1
50 2036 1
50 132 1
125 2042 1
125 2046 1
908 1728 1
838 922 1
922 1709 1
110 838 1
838 2064 1
838 881 1
82 838 1
838 2069 1
56 838 1
838 891 1
122 2032 1
826 1718 1
865 1726 1
94 839 1
839 1701 1
97 135 1
81 100 1
70 100 1
100 854 1
81 114 1
81 918 1
81 889 1
81 863 1
827 2257 1
1709 2277 1
922 2277 1
838 2277 1
128 2271 1
128 858 1
128 916 1
102 1713 1
78 1711 1
52 78 1
78 918 1
78 863 1
65 828 1
828 928 1
65 876 1
106 919 1
919 2068 1
113 1703 1
848 2043 1
99 848 1
119 2258 1
836 918 1
100 836 1
78 836 1
836 1711 1
81 836 1
114 836 1
52 836 1
836 889 1
836 863 1
838 896 1
896 2277 1
896 1709 1
110 896 1
896 2064 1
881 896 1
82 896 1
896 2069 1
56 896 1
896 922 1
891 896 1
74 2251 1
129 2251 1
943 2048 1
59 2068 1
2053 2068 1
59 106 1
59 919 1
891 1724 1
896 1724 1
838 1724 1
110 1724 1
1724 2064 1
82 1724 1
1724 2069 1
56 1724 1
922 1724 1
74 2276 1
129 2276 1
2251 2276 1
876 2057 1
65 2057 1
828 2057 1
1703 1716 1
113 1716 1
2042 2273 1
125 2273 1
2046 2273 1
860 2042 1
84 2042 1
2035 2262 1
856 2263 1
95 2250 1
949 2250 1
95 2055 1
839 1703 1
1701 1703 1
94 1703 1
113 839 1
839 1716 1
61 107 1
107 2274 1
51 107 1
68 107 1
61 871 1
61 111 1
61 85 1
858 2055 1
128 2055 1
916 2055 1
2055 2271 1
858 2250 1
95 858 1
887 2042 1
2042 2260 1
63 2042 1
887 2273 1
84 887 1
860 887 1
125 887 1
887 2046 1
2060 2271 1
897 2271 1
1717 2271 1
128 2060 1
2055 2060 1
916 2060 1
858 2060 1
87 926 1
848 936 1
99 936 1
936 2043 1
879 2269 1
865 885 1
885 1726 1
2042 2278 1
2273 2278 1
84 2278 1
887 2278 1
2260 2278 1
860 2278 1
125 2278 1
2046 2278 1
63 2278 1
112 2042 1
840 2041 1
837 2041 1
127 2041 1
950 1713 1
102 950 1
99 857 1
848 857 1
857 936 1
857 2043 1
628 667 1
1387 2234 1
166 659 1
661 2073 1
2226 2249 1
142 1732 1
204 1379 1
1758 1758 1
670 976 1
219 984 1
962 996 1
655 1011 1
2083 2239 1
986 1732 1
142 986 1
200 997 1
207 2220 1
1751 2233 1
171 1393 1
1758 2091 1
2232 2248 1
666 1395 1
994 1387 1
994 2234 1
979 2230 1
2078 2083 1
2078 2239 1
1004 1004 1
191 222 1
227 1396 1
643 1011 1
643 655 1
665 981 1
1402 2091 1
1402 1758 1
176 963 1
1011 2246 1
643 2246 1
655 2246 1
1760 2224 1
668 956 1
667 669 1
628 669 1
960 2222 1
1384 2225 1
141 656 1
612 992 1
633 1749 1
156 201 1
207 2235 1
2220 2235 1
142 1743 1
986 1743 1
1732 1743 1
211 670 1
211 976 1
639 1743 1
639 986 1
639 1732 1
142 639 1
197 2249 1
197 2226 1
1761 2089 1
667 987 1
628 987 1
669 987 1
159 628 1
159 667 1
159 669 1
159 987 1
654 2074 1
149 2228 1
160 667 1
160 987 1
160 628 1
160 669 1
159 160 1
196 970 1
622 2089 1
622 1761 1
177 629 1
1738 2247 1
613 1397 1
147 641 1
138 638 1
640 2246 1
640 1011 1
640 643 1
640 655 1
627 2224 1
627 1760 1
613 1733 1
1397 1733 1
170 660 1
209 953 1
996 1733 1
962 1733 1
613 996 1
996 1397 1
197 646 1
646 2249 1
646 2226 1
643 2233 1
640 2233 1
1011 2233 1
2233 2246 1
655 2233 1
643 1751 1
2231 2235 1
2220 2231 1
207 2231 1
650 1402 1
650 2091 1
650 1758 1
959 1401 1
972 1759 1
661 2229 1
2073 2229 1
161 2244 1
200 634 1
634 997 1
152 662 1
224 628 1
160 224 1
224 987 1
224 667 1
224 669 1
159 224 1
1744 2082 1
186 958 1
974 1749 1
633 974 1
196 1395 1
970 1395 1
196 666 1
1758 2084 1
1402 2084 1
2084 2091 1
650 2084 1
184 2089 1
184 1761 1
184 622 1
157 1406 1
1737 2249 1
1737 2226 1
197 1737 1
646 1737 1
653 2241 1
1003 1738 1
1003 2247 1
171 1380 1
1380 1393 1
169 666 1
169 1395 1
169 196 1
207 969 1
969 2235 1
969 2220 1
969 2231 1
139 633 1
139 1749 1
139 974 1
631 1379 1
204 631 1
614 628 1
160 614 1
224 614 1
614 987 1
614 667 1
614 669 1
159 614 1
149 1398 1
1398 2228 1
164 628 1
160 164 1
164 224 1
164 987 1
164 614 1
164 667 1
164 669 1
159 164 1
231 622 1
184 231 1
231 2089 1
231 1761 1
974 979 1
633 979 1
139 979 1
979 1749 1
974 2230 1
190 1405 1
219 612 1
612 984 1
219 992 1
623 650 1
623 1402 1
623 2091 1
623 2084 1
623 1758 1
230 2245 1
146 1011 1
146 640 1
146 643 1
146 2246 1
146 655 1
146 2233 1
226 959 1
226 1401 1
179 969 1
179 2235 1
179 2220 1
179 2231 1
179 207 1
210 2227 1
649 1006 1
647 2228 1
149 647 1
647 1398 1
230 984 1
984 2245 1
219 230 1
230 612 1
2091 2237 1
2084 2237 1
650 2237 1
623 2237 1
1402 2237 1
1758 2237 1
221 2226 1
221 2249 1
197 221 1
221 646 1
221 1737 1
146 2226 1
640 2226 1
643 2226 1
2226 2246 1
655 2226 1
1011 2226 1
2226 2233 1
146 197 1
146 646 1
146 2249 1
146 1737 1
146 221 1
154 981 1
154 665 1
186 991 1
958 991 1
152 668 1
662 668 1
152 956 1
631 1006 1
1006 1379 1
204 1006 1
631 649 1
210 630 1
630 2227 1
959 1744 1
1401 1744 1
226 1744 1
959 2082 1
197 1740 1
646 1740 1
1740 2249 1
146 1740 1
1740 2226 1
1737 1740 1
221 1740 1
155 177 1
155 629 1
176 659 1
659 963 1
166 176 1
197 623 1
623 646 1
623 2249 1
623 1740 1
146 623 1
623 2226 1
623 1737 1
221 623 1
197 2084 1
197 650 1
197 2091 1
197 1402 1
197 2237 1
197 1758 1
659 1403 1
176 1403 1
963 1403 1
166 1403 1
1735 1735 1
164 204 1
160 204 1
204 224 1
204 667 1
204 614 1
204 628 1
204 987 1
204 669 1
159 204 1
164 1379 1
164 1006 1
164 631 1
966 2228 1
149 966 1
966 1398 1
647 966 1
961 980 1
229 1738 1
229 1003 1
229 2247 1
191 1751 1
222 1751 1
191 2233 1
191 643 1
202 1395 1
169 202 1
202 666 1
196 202 1
202 970 1
181 201 1
156 181 1
159 1404 1
160 1404 1
224 1404 1
987 1404 1
164 1404 1
614 1404 1
204 1404 1
628 1404 1
667 1404 1
669 1404 1
256 282 1
357 1767 1
247 346 1
702 1059 1
311 342 1
241 370 1
273 1014 1
1038 1048 1
335 378 1
302 354 1
387 1048 1
387 1038 1
386 2196 1
338 1047 1
310 1419 1
1015 2217 1
680 2097 1
354 1430 1
302 1430 1
674 2211 1
330 389 1
1065 1427 1
675 1028 1
270 319 1
263 686 1
1068 2199 1
352 372 1
360 1044 1
355 1409 1
246 384 1
1016 1032 1
363 1436 1
1773 2093 1
1764 1771 1
243 373 1
351 697 1
702 1019 1
1019 1059 1
270 2098 1
319 2098 1
245 248 1
391 1030 1
336 2190 1
260 2195 1
247 379 1
346 379 1
1070 1771 1
1070 1764 1
280 319 1
280 2098 1
270 280 1
233 242 1
312 2199 1
312 1068 1
381 695 1
361 1063 1
690 1046 1
350 1027 1
388 1415 1
381 1768 1
695 1768 1
1057 1061 1
330 1430 1
389 1430 1
330 354 1
302 330 1
244 1771 1
244 1764 1
244 1070 1
317 372 1
317 352 1
338 386 1
386 1047 1
338 2196 1
237 263 1
237 686 1
250 264 1
331 1411 1
261 1421 1
1417 2201 1
1041 1422 1
307 328 1
323 1036 1
1030 1056 1
391 1056 1
287 1047 1
287 338 1
287 386 1
282 1040 1
256 1040 1
309 1767 1
309 357 1
352 393 1
372 393 1
317 393 1
1769 2209 1
339 672 1
357 2204 1
309 2204 1
1767 2204 1
345 1770 1
1030 1408 1
1056 1408 1
391 1408 1
347 358 1
296 369 1
264 1029 1
250 1029 1
2209 2215 1
1769 2215 1
276 290 1
308 1413 1
246 690 1
384 690 1
246 1046 1
297 318 1
690 1045 1
384 1045 1
246 1045 1
1045 1046 1
334 1045 1
334 384 1
334 690 1
334 1046 1
246 334 1
308 691 1
691 1413 1
310 681 1
681 1419 1
682 1416 1
2207 2215 1
2207 2209 1
1769 2207 1
342 2096 1
311 2096 1
1056 1436 1
1408 1436 1
1030 1436 1
391 1436 1
363 1056 1
286 1067 1
388 2199 1
1415 2199 1
312 388 1
388 1068 1
248 701 1
245 701 1
289 694 1
379 2207 1
346 2207 1
247 2207 1
379 2209 1
379 2215 1
379 1769 1
321 1023 1
244 348 1
348 1771 1
348 1764 1
348 1070 1
328 702 1
307 702 1
328 1059 1
328 1019 1
2199 2219 1
312 2219 1
388 2219 1
1068 2219 1
1415 2219 1
287 1422 1
338 1422 1
386 1422 1
1047 1422 1
287 1041 1
384 1418 1
690 1418 1
334 1418 1
1045 1418 1
246 1418 1
1032 2214 1
1016 2214 1
278 337 1
1052 1433 1
289 1438 1
694 1438 1
371 1064 1
2097 2203 1
680 2203 1
688 1043 1
1046 2197 1
690 2197 1
334 2197 1
1045 2197 1
246 2197 1
252 686 1
237 252 1
252 263 1
323 1049 1
1036 1049 1
357 1419 1
1419 2204 1
309 1419 1
1419 1767 1
357 681 1
310 357 1
277 2210 1
265 298 1
1063 1070 1
361 1070 1
1063 1764 1
1063 1771 1
244 1063 1
348 1063 1
241 1773 1
370 1773 1
241 2093 1
259 1043 1
259 688 1
1762 2212 1
368 1045 1
368 384 1
246 368 1
368 1418 1
334 368 1
368 690 1
368 2197 1
368 1046 1
1063 2195 1
1764 2195 1
361 2195 1
1771 2195 1
1070 2195 1
244 2195 1
348 2195 1
260 1063 1
1017 2215 1
379 1017 1
1017 2209 1
1017 2207 1
1017 1769 1
275 1035 1
2099 2205 1
257 316 1
336 1411 1
1411 2190 1
331 336 1
308 688 1
688 691 1
688 1413 1
259 308 1
308 1043 1
675 1430 1
1028 1430 1
354 675 1
389 675 1
330 675 1
302 675 1
351 1763 1
697 1763 1
294 1762 1
294 2212 1
303 1065 1
303 1427 1
673 1417 1
673 2201 1
1027 1437 1
350 1437 1
267 298 1
265 267 1
283 322 1
376 1017 1
376 2209 1
376 2215 1
376 1769 1
376 379 1
376 2207 1
238 2198 1
330 349 1
349 354 1
349 675 1
349 389 1
302 349 1
349 1430 1
348 1014 1
1014 1764 1
1014 1063 1
1014 1771 1
1014 1070 1
1014 2195 1
244 1014 1
273 348 1
295 1025 1
1064 2218 1
371 2218 1
286 1038 1
1038 1067 1
286 1048 1
286 387 1
694 1770 1
289 1770 1
1438 1770 1
345 694 1
265 684 1
298 684 1
267 684 1
274 1050 1
1430 1770 1
354 1770 1
675 1770 1
1028 1770 1
389 1770 1
330 1770 1
302 1770 1
349 1770 1
289 1430 1
694 1430 1
345 1430 1
1430 1438 1
683 1773 1
241 683 1
370 683 1
683 2093 1
264 371 1
250 371 1
371 1029 1
264 1064 1
264 2218 1
293 322 1
283 293 1
340 1762 1
340 2212 1
294 340 1
445 484 1
467 704 1
1271 1487 1
443 1533 1
1258 1519 1
431 1471 1
476 1245 1
1457 2180 1
437 444 1
476 1440 1
1245 1440 1
469 1566 1
421 2186 1
405 2180 1
405 1457 1
429 1533 1
429 443 1
1544 2183 1
1487 1497 1
1271 1497 1
472 1508 1
1244 2184 1
468 1449 1
406 1509 1
422 1476 1
490 1570 1
471 1475 1
1271 1473 1
1473 1497 1
1473 1487 1
1533 2174 1
443 2174 1
429 2174 1
1462 1584 1
1475 2166 1
471 2166 1
1263 1483 1
1466 1536 1
454 1502 1
463 1454 1
1538 2185 1
1559 2163 1
419 2163 1
419 1559 1
429 442 1
442 443 1
442 1533 1
442 2174 1
1255 1513 1
1478 1542 1
431 479 1
479 1471 1
1467 1517 1
458 1549 1
1278 1470 1
403 1506 1
433 2188 1
415 1495 1
468 1572 1
1449 1572 1
418 2185 1
418 1538 1
476 1456 1
1440 1456 1
1245 1456 1
1534 2161 1
1267 1547 1
1571 2161 1
1534 1571 1
493 1457 1
493 2180 1
405 493 1
428 1576 1
1526 1569 1
396 1287 1
468 1579 1
1449 1579 1
1572 1579 1
410 1506 1
403 410 1
1449 1535 1
1535 1572 1
1535 1579 1
468 1535 1
408 1498 1
454 467 1
467 1502 1
454 704 1
1468 2186 1
421 1468 1
468 1286 1
1286 1449 1
1286 1579 1
1286 1572 1
1286 1535 1
1481 2161 1
1481 1571 1
1481 1534 1
1247 1567 1
1450 1520 1
1275 1449 1
1275 1572 1
1275 1286 1
1275 1579 1
468 1275 1
1275 1535 1
473 481 1
455 1484 1
456 474 1
1457 2178 1
2178 2180 1
405 2178 1
493 2178 1
467 482 1
482 704 1
482 1502 1
454 482 1
489 1527 1
1253 2187 1
1471 2172 1
479 2172 1
431 2172 1
1535 2173 1
1572 2173 1
1286 2173 1
1449 2173 1
1579 2173 1
468 2173 1
1275 2173 1
413 2165 1
472 1498 1
1498 1508 1
408 472 1
464 1551 1
1549 1571 1
458 1571 1
1549 2161 1
1534 1549 1
1481 1549 1
1254 1462 1
1254 1584 1
1555 2166 1
1475 1555 1
471 1555 1
462 483 1
1510 1526 1
1510 1569 1
426 1468 1
426 2186 1
421 426 1
457 1512 1
395 430 1
414 467 1
414 704 1
414 482 1
414 1502 1
414 454 1
422 1548 1
1476 1548 1
1504 2182 1
398 1501 1
1496 1525 1
456 2179 1
474 2179 1
1259 1499 1
449 1490 1
451 1266 1
418 1265 1
1265 2185 1
1265 1538 1
1472 1503 1
1269 1569 1
1269 1510 1
1269 1526 1
1261 1286 1
1261 1572 1
1261 1449 1
1261 1579 1
468 1261 1
1261 1275 1
1261 2173 1
1261 1535 1
2164 2167 1
454 1448 1
704 1448 1
482 1448 1
467 1448 1
1448 1502 1
414 1448 1
1253 1270 1
1270 2187 1
1466 1468 1
1468 1536 1
1466 2186 1
421 1466 1
426 1466 1
400 1266 1
400 451 1
1266 2186 1
400 2186 1
451 2186 1
421 1266 1
426 1266 1
1266 1466 1
1266 1468 1
1538 2160 1
2160 2185 1
418 2160 1
1265 2160 1
413 1540 1
1540 2165 1
470 1571 1
470 1481 1
458 470 1
470 1549 1
470 2161 1
470 1534 1
452 1439 1
449 462 1
462 1490 1
449 483 1
478 1524 1
427 2176 1
1540 1555 1
413 1555 1
1555 2165 1
1475 1540 1
1540 2166 1
471 1540 1
398 1476 1
1476 1501 1
398 1548 1
398 422 1
1243 1551 1
464 1243 1
1441 1502 1
482 1441 1
454 1441 1
1441 1448 1
467 1441 1
414 1441 1
1473 1527 1
1497 1527 1
1487 1527 1
1271 1527 1
489 1473 1
470 2179 1
1571 2179 1
1481 2179 1
458 2179 1
1549 2179 1
2161 2179 1
1534 2179 1
456 470 1
470 474 1
2176 2189 1
427 2189 1
416 462 1
416 449 1
416 1490 1
416 483 1
493 1540 1
1457 1540 1
1540 2178 1
1540 2180 1
405 1540 1
493 1475 1
493 1555 1
493 2165 1
493 2166 1
471 493 1
413 493 1
487 2174 1
442 487 1
443 487 1
487 1533 1
429 487 1
427 1577 1
1577 2176 1
1577 2189 1
442 1473 1
487 1473 1
429 1473 1
443 1473 1
1473 1533 1
1473 2174 1
442 489 1
442 1271 1
442 1487 1
442 1527 1
442 1497 1
443 1269 1
1269 1473 1
487 1269 1
429 1269 1
442 1269 1
1269 1533 1
1269 2174 1
443 1569 1
443 1510 1
443 1526 1
418 2183 1
2160 2183 1
2183 2185 1
1538 2183 1
1265 2183 1
418 1544 1
490 2183 1
1570 2183 1
418 490 1
490 1544 1
490 2185 1
490 1538 1
490 2160 1
490 1265 1
403 1543 1
1506 1543 1
410 1543 1
418 1475 1
1475 1538 1
1475 2183 1
1475 1544 1
1475 2185 1
490 1475 1
1475 2160 1
1265 1475 1
418 1540 1
418 493 1
418 1555 1
418 2166 1
418 471 1
507 1324 1
1939 2136 1
715 1306 1
510 1982 1
1954 1967 1
515 756 1
711 1920 1
1310 1330 1
508 1293 1
743 1921 1
1952 1954 1
1952 1967 1
752 1914 1
546 2143 1
1325 1615 1
1324 1978 1
507 1978 1
1292 1301 1
2147 2151 1
1605 2159 1
1312 1640 1
726 1327 1
1939 2149 1
2136 2149 1
710 2149 1
710 2136 1
710 1939 1
530 741 1
1917 1941 1
1322 1920 1
711 1322 1
510 1976 1
1976 1982 1
1623 1981 1
709 1938 1
762 1932 1
1978 1978 1
524 1606 1
497 554 1
509 730 1
746 1964 1
1942 2130 1
525 1904 1
1625 1946 1
546 1639 1
1639 2143 1
536 1616 1
540 1610 1
1925 2147 1
1925 2151 1
758 1925 1
758 2147 1
758 2151 1
1332 1926 1
714 1317 1
708 1908 1
496 1595 1
752 1616 1
1616 1914 1
536 752 1
1299 1905 1
504 742 1
706 1324 1
706 1978 1
507 706 1
1327 1908 1
726 1908 1
708 1327 1
718 718 1
741 1910 1
530 1910 1
718 1946 1
718 1625 1
2131 2159 1
1605 2131 1
1607 1912 1
1310 1943 1
1330 1943 1
498 1921 1
498 743 1
1298 1332 1
1298 1926 1
526 1595 1
496 526 1
1328 1909 1
532 532 1
722 1303 1
1300 1918 1
750 1304 1
750 760 1
760 1304 1
525 1620 1
1620 1904 1
523 1642 1
1950 2157 1
737 1602 1
1618 1922 1
710 1595 1
1595 2136 1
1595 1939 1
1595 2149 1
526 710 1
496 710 1
735 742 1
504 735 1
1598 1610 1
540 1598 1
1958 2136 1
1595 1958 1
1939 1958 1
1958 2149 1
710 1958 1
495 762 1
495 1932 1
731 1945 1
1312 1982 1
1640 1982 1
1312 1976 1
510 1312 1
714 1978 1
1317 1978 1
706 714 1
714 1324 1
507 714 1
501 1596 1
1614 1958 1
1614 2149 1
710 1614 1
1614 1939 1
1614 2136 1
1595 1614 1
710 1629 1
1629 2149 1
1629 1958 1
526 1629 1
496 1629 1
1629 1939 1
1614 1629 1
1629 2136 1
1595 1629 1
1301 1942 1
1292 1942 1
1301 2130 1
526 1314 1
496 1314 1
1314 1595 1
1314 1629 1
710 1314 1
1955 1966 1
1631 1947 1
1291 1296 1
1949 2153 1
1298 1627 1
1332 1627 1
1627 1926 1
1333 2158 1
1315 1603 1
507 2142 1
714 2142 1
1978 2142 1
1324 2142 1
706 2142 1
729 2156 1
744 1326 1
542 1616 1
536 542 1
542 752 1
542 1914 1
514 522 1
546 1315 1
1315 1639 1
1315 2143 1
546 1603 1
530 1325 1
741 1325 1
1325 1910 1
530 1615 1
1298 1969 1
1627 1969 1
1332 1969 1
1926 1969 1
730 1601 1
509 1601 1
720 1611 1
1927 1951 1
544 1593 1
544 1632 1
1593 1632 1
1935 2159 1
1935 2131 1
1605 1935 1
494 1602 1
494 737 1
526 1979 1
1314 1979 1
1595 1979 1
710 1979 1
496 1979 1
1629 1979 1
2157 2158 1
1950 2158 1
1333 2157 1
1328 1933 1
1909 1933 1
547 1958 1
547 2149 1
547 710 1
547 1614 1
547 1939 1
547 2136 1
547 1595 1
547 1629 1
1296 2155 1
1291 2155 1
1297 1621 1
1625 1636 1
1636 1946 1
718 1636 1
544 1630 1
1630 1632 1
1593 1630 1
504 537 1
537 742 1
537 735 1
721 1631 1
721 1947 1
509 1972 1
1601 1972 1
730 1972 1
1979 2130 1
1314 2130 1
710 2130 1
526 2130 1
496 2130 1
1595 2130 1
1629 2130 1
1301 1979 1
1942 1979 1
513 1953 1
1951 1956 1
1927 1956 1
751 1304 1
751 760 1
750 751 1
510 1318 1
1318 1976 1
1312 1318 1
1318 1982 1
1604 1631 1
721 1604 1
1604 1947 1
724 1629 1
724 1314 1
724 1979 1
724 2149 1
710 724 1
526 724 1
496 724 1
547 724 1
724 2130 1
724 1939 1
724 1614 1
724 1958 1
724 2136 1
724 1595 1
1331 1622 1
551 720 1
551 1611 1
1328 1639 1
1639 1909 1
1639 1933 1
546 1328 1
1315 1328 1
1328 2143 1
712 1925 1
712 2147 1
712 758 1
712 2151 1
1596 1949 1
501 1949 1
1596 2153 1
711 2134 1
1920 2134 1
1322 2134 1
1634 1952 1
1634 1954 1
1634 1967 1
536 1931 1
1616 1931 1
752 1931 1
542 1931 1
1308 1593 1
544 1308 1
1308 1632 1
1308 1630 1
1305 1968 1
504 1306 1
537 1306 1
742 1306 1
735 1306 1
504 715 1
532 1966 1
532 1955 1
1296 1332 1
1332 2155 1
1291 1332 1
1296 1926 1
1296 1969 1
1296 1298 1
1296 1627 1
750 1315 1
1304 1315 1
760 1315 1
751 1315 1
546 750 1
750 1603 1
750 1639 1
750 1328 1
750 2143 1
538 549 1
725 1914 1
725 752 1
725 1616 1
542 725 1
759 1640 1
759 1312 1
759 1982 1
500 507 1
500 706 1
500 714 1
500 1324 1
500 1978 1
500 2142 1
1112 1230 1
1221 1819 1
1118 1166 1
1126 1866 1
1190 1890 1
1098 1794 1
1091 1179 1
1855 1873 1
1788 1821 1
1200 1829 1
1074 1790 1
1220 1841 1
1160 1903 1
1102 2104 1
1133 1229 1
1135 1136 1
1791 2117 1
1148 1861 1
1201 1790 1
1074 1201 1
1102 1847 1
1847 2104 1
1113 1854 1
1776 1812 1
1100 1856 1
1222 1823 1
1076 1852 1
1176 1880 1
1085 1850 1
1150 1190 1
1150 1890 1
1090 1231 1
1138 1801 1
1123 1791 1
1123 2117 1
1822 2115 1
1083 2129 1
1208 1819 1
1208 1221 1
1775 1901 1
1795 1871 1
1180 1843 1
1099 1889 1
1136 1144 1
1135 1144 1
1223 1776 1
1223 1812 1
1187 1774 1
1851 1860 1
1220 1795 1
1795 1841 1
1220 1871 1
1104 1196 1
1200 1869 1
1829 1869 1
1191 1238 1
1087 2119 1
1885 2118 1
1102 1903 1
1903 2104 1
1847 1903 1
1102 1160 1
1125 2102 1
1079 1213 1
1228 1822 1
1228 2115 1
1110 1169 1
1861 2114 1
1148 2114 1
1826 1897 1
1872 2110 1
1074 1884 1
1201 1884 1
1790 1884 1
1174 1220 1
1174 1841 1
1174 1795 1
1174 1871 1
1075 2104 1
1075 1903 1
1075 1102 1
1075 1847 1
1126 1161 1
1161 1866 1
1159 1793 1
1103 1774 1
1103 1187 1
1853 1898 1
1159 2103 1
1793 2103 1
1840 1870 1
1824 1900 1
1221 1778 1
1208 1778 1
1778 1819 1
1098 1887 1
1794 1887 1
1147 1176 1
1147 1880 1
1079 1115 1
1115 1213 1
1087 1092 1
1092 2119 1
1831 1886 1
1188 1874 1
1190 1192 1
1192 1890 1
1150 1192 1
1096 1107 1
1107 1839 1
1096 1839 1
1169 1197 1
1110 1197 1
1809 1876 1
1804 1810 1
1782 1893 1
1836 1840 1
1836 1870 1
1178 1900 1
1178 1824 1
1142 1220 1
1142 1841 1
1142 1795 1
1142 1174 1
1142 1871 1
1835 2116 1
1169 1882 1
1197 1882 1
1110 1882 1
1105 1129 1
1208 2109 1
1778 2109 1
1819 2109 1
1221 2109 1
1144 1209 1
1136 1209 1
1135 1209 1
1075 1853 1
1853 2104 1
1847 1853 1
1102 1853 1
1853 1903 1
1075 1898 1
1130 1800 1
1170 1781 1
1201 1867 1
1074 1867 1
1867 1884 1
1790 1867 1
1882 2109 1
1169 2109 1
1197 2109 1
1110 2109 1
1221 1882 1
1778 1882 1
1208 1882 1
1819 1882 1
1218 2127 1
1097 1150 1
1097 1192 1
1097 1890 1
1097 1190 1
1122 1134 1
1218 1233 1
1233 2127 1
1213 1229 1
1115 1229 1
1079 1229 1
1133 1213 1
1104 1902 1
1196 1902 1
1146 1233 1
1146 1218 1
1146 2127 1
1084 1211 1
1781 1844 1
1170 1844 1
1207 2128 1
1218 1232 1
1232 1233 1
1146 1232 1
1232 2127 1
1171 1811 1
1071 1847 1
1071 1102 1
1071 1075 1
1071 2104 1
1071 1903 1
1071 1853 1
1890 1893 1
1192 1893 1
1097 1893 1
1150 1893 1
1190 1893 1
1782 1890 1
1151 1875 1
1089 1806 1
1864 1867 1
1201 1864 1
1074 1864 1
1864 1884 1
1790 1864 1
1193 1829 1
1193 1200 1
1193 1869 1
1206 1819 1
1206 1221 1
1206 1778 1
1206 1208 1
1206 1882 1
1206 2109 1
1229 1882 1
1079 1882 1
1115 1882 1
1133 1882 1
1213 1882 1
1221 1229 1
1197 1229 1
1169 1229 1
1229 1778 1
1110 1229 1
1208 1229 1
1229 1819 1
1229 2109 1
1206 1229 1
1783 1898 1
1075 1783 1
1783 1853 1
1122 1824 1
1134 1824 1
1122 1178 1
1122 1900 1
1140 1886 1
1140 1831 1
1106 1815 1
1831 1863 1
1140 1863 1
1863 1886 1
1106 1774 1
1774 1815 1
1106 1187 1
1103 1106 1
1831 1842 1
1140 1842 1
1842 1886 1
1842 1863 1
1172 1859 1
1151 1792 1
1792 1875 1
1123 1888 1
1888 2117 1
1791 1888 1
1163 1778 1
1163 1221 1
1163 1229 1
1163 1206 1
1163 1208 1
1163 1882 1
1163 1819 1
1163 2109 1
1832 2129 1
1083 1832 1
1140 1815 1
1815 1842 1
1815 1863 1
1815 1886 1
1815 1831 1
1140 1774 1
1106 1140 1
1239 1814 1
1239 1889 1
1814 1889 1
1099 1239 1
1094 2125 1
1812 2121 1
1776 2121 1
1223 2121 1
1872 2104 1
2104 2110 1
1102 1872 1
1872 1903 1
1075 1872 1
1847 1872 1
1071 1872 1
1853 1872 1
1155 1159 1
1155 1793 1
1155 2103 1
1846 1878 1
1077 1807 1
1109 2110 1
1109 1872 1
1109 2104 1
1803 1866 1
1161 1803 1
1126 1803 1
1072 1116 1
1116 1791 1
1072 1791 1
1116 1888 1
1116 1123 1
1116 2117 1
1810 1836 1
1804 1836 1
1810 1840 1
1810 1870 1
1180 1809 1
1809 1843 1
1180 1876 1
1200 1810 1
1193 1810 1
1810 1829 1
1810 1869 1
1200 1804 1
1200 1836 1
1200 1870 1
1200 1840 1
1216 1795 1
1216 1220 1
1174 1216 1
1216 1871 1
1216 1841 1
1142 1216 1
1167 1896 1
1110 2125 1
1229 2125 1
1197 2125 1
1169 2125 1
1882 2125 1
2109 2125 1
1094 1110 1
967 1573 -1
1005 1286 -1
1005 1572 -1
1005 1449 -1
1005 1579 -1
1005 1261 -1
468 1005 -1
1005 1275 -1
1005 2173 -1
1005 1535 -1
1564 2122 -1
118 347 -1
347 833 -1
347 866 -1
347 935 -1
118 358 -1
1418 2247 -1
384 2247 -1
334 2247 -1
368 2247 -1
690 2247 -1
1045 2247 -1
246 2247 -1
1418 1738 -1
1003 1418 -1
229 1418 -1
978 1441 -1
482 978 -1
454 978 -1
978 1448 -1
467 978 -1
414 978 -1
978 1502 -1
389 866 -1
866 1770 -1
330 866 -1
675 866 -1
349 866 -1
866 1430 -1
389 833 -1
118 389 -1
70 331 -1
81 331 -1
100 331 -1
331 854 -1
70 336 -1
70 1411 -1
400 2009 -1
1266 2009 -1
451 2009 -1
2009 2186 -1
1406 1573 -1
157 1573 -1
1743 2204 -1
986 2204 -1
1732 2204 -1
142 2204 -1
639 2204 -1
1743 1767 -1
1419 1743 -1
357 1743 -1
309 1743 -1
962 1434 -1
996 1434 -1
1434 1733 -1
89 1018 -1
136 1018 -1
867 1018 -1
855 1018 -1
899 1018 -1
73 1018 -1
1462 1888 -1
1584 1888 -1
1254 1888 -1
1123 1462 -1
1116 1462 -1
1462 2117 -1
1462 1791 -1
219 1243 -1
984 1243 -1
992 1243 -1
612 1243 -1
230 1243 -1
219 464 -1
219 1551 -1
1013 1263 -1
1013 1483 -1
645 1171 -1
645 1811 -1
1013 1269 -1
1013 1569 -1
1013 1510 -1
487 1013 -1
429 1013 -1
1013 1473 -1
1013 1526 -1
442 1013 -1
443 1013 -1
1013 1533 -1
1013 2174 -1
1242 2248 -1
1242 2232 -1
970 1582 -1
202 1582 -1
1395 1582 -1
196 1582 -1
633 1279 -1
139 1279 -1
1279 1749 -1
974 1279 -1
979 1279 -1
450 999 -1
219 1283 -1
984 1283 -1
992 1283 -1
612 1283 -1
230 1283 -1
246 631 -1
384 631 -1
631 1418 -1
334 631 -1
368 631 -1
631 690 -1
631 1045 -1
631 1046 -1
631 2197 -1
164 246 -1
246 649 -1
246 1379 -1
204 246 -1
246 1006 -1
1835 2077 -1
2077 2116 -1
1279 1381 -1
2078 2098 -1
2083 2098 -1
2098 2239 -1
280 2078 -1
270 2078 -1
319 2078 -1
422 957 -1
957 1548 -1
957 1476 -1
398 957 -1
1398 1802 -1
1802 2228 -1
149 1802 -1
966 1802 -1
647 1802 -1
993 2097 -1
680 993 -1
993 2203 -1
615 1134 -1
615 1824 -1
615 1122 -1
704 2213 -1
1448 2213 -1
482 2213 -1
467 2213 -1
414 2213 -1
454 2213 -1
2075 2115 -1
1228 2075 -1
1822 2075 -1
153 1885 -1
153 2118 -1
1802 2209 -1
1802 2215 -1
1769 1802 -1
376 1802 -1
1017 1802 -1
379 1802 -1
1802 2207 -1
1011 1249 -1
640 1249 -1
643 1249 -1
1249 2246 -1
1249 2226 -1
655 1249 -1
146 1249 -1
1249 2233 -1
110 1415 -1
896 1415 -1
838 1415 -1
1415 2064 -1
82 1415 -1
1415 2069 -1
56 1415 -1
922 1415 -1
891 1415 -1
1415 1724 -1
110 2219 -1
110 388 -1
110 2199 -1
425 976 -1
211 425 -1
425 670 -1
470 1010 -1
1010 1571 -1
456 1010 -1
1010 1481 -1
458 1010 -1
1010 1549 -1
1010 2161 -1
1010 2179 -1
474 1010 -1
1010 1534 -1
434 2095 -1
952 1083 -1
952 1832 -1
952 2129 -1
392 2048 -1
392 943 -1
2168 2240 -1
451 1385 -1
400 1385 -1
1266 1385 -1
1385 2186 -1
72 331 -1
72 336 -1
72 1411 -1
292 1743 -1
292 986 -1
292 1732 -1
142 292 -1
292 639 -1
985 1419 -1
357 985 -1
985 1767 -1
681 985 -1
309 985 -1
310 985 -1
985 2204 -1
995 1460 -1
1264 1742 -1
1083 1412 -1
1412 1832 -1
1412 2129 -1
307 824 -1
328 824 -1
702 824 -1
118 1764 -1
833 1764 -1
866 1764 -1
935 1764 -1
118 1063 -1
118 1771 -1
118 1070 -1
118 2195 -1
118 244 -1
118 1014 -1
118 348 -1
1872 2084 -1
1102 2084 -1
1903 2084 -1
1075 2084 -1
1109 2084 -1
1847 2084 -1
2084 2104 -1
1071 2084 -1
1853 2084 -1
2084 2110 -1
197 1872 -1
650 1872 -1
1872 2091 -1
623 1872 -1
1402 1872 -1
1872 2237 -1
1758 1872 -1
375 2261 -1
357 964 -1
964 1767 -1
681 964 -1
964 1419 -1
309 964 -1
310 964 -1
964 2204 -1
631 682 -1
164 682 -1
649 682 -1
682 1379 -1
204 682 -1
682 1006 -1
631 1416 -1
485 1430 -1
289 485 -1
354 485 -1
485 675 -1
485 1028 -1
389 485 -1
485 1770 -1
330 485 -1
302 485 -1
485 694 -1
345 485 -1
349 485 -1
485 1438 -1
414 1385 -1
704 1385 -1
1385 1441 -1
482 1385 -1
454 1385 -1
1385 1448 -1
467 1385 -1
1385 1502 -1
381 637 -1
637 1768 -1
637 695 -1
332 1747 -1
1088 2216 -1
380 2277 -1
380 896 -1
380 922 -1
380 1709 -1
380 838 -1
261 704 -1
704 1421 -1
261 1448 -1
261 482 -1
261 467 -1
261 414 -1
261 454 -1
1388 1528 -1
954 1431 -1
2009 2081 -1
2181 2248 -1
2181 2232 -1
919 2216 -1
106 2216 -1
59 2216 -1
2068 2216 -1
628 1531 -1
160 1531 -1
224 1531 -1
987 1531 -1
164 1531 -1
614 1531 -1
204 1531 -1
667 1531 -1
1404 1531 -1
669 1531 -1
159 1531 -1
240 1086 -1
984 1509 -1
219 1509 -1
612 1509 -1
1509 2245 -1
230 1509 -1
406 984 -1
370 1115 -1
241 1115 -1
683 1115 -1
1115 1773 -1
370 1229 -1
370 1882 -1
370 1213 -1
370 1079 -1
271 402 -1
141 491 -1
491 656 -1
645 1111 -1
298 1220 -1
265 1220 -1
267 1220 -1
684 1220 -1
298 1216 -1
298 1795 -1
298 1174 -1
298 1871 -1
298 1841 -1
298 1142 -1
1418 1748 -1
384 1748 -1
334 1748 -1
368 1748 -1
690 1748 -1
1045 1748 -1
246 1748 -1
972 1484 -1
1484 1759 -1
455 972 -1
150 1798 -1
980 1414 -1
961 1414 -1
992 1414 -1
219 1414 -1
612 1414 -1
279 1743 -1
279 986 -1
279 1732 -1
142 279 -1
279 639 -1
963 1425 -1
176 1425 -1
1403 1425 -1
659 1425 -1
981 1204 -1
665 1204 -1
154 1204 -1
1286 2234 -1
1572 2234 -1
1449 2234 -1
1579 2234 -1
1261 2234 -1
468 2234 -1
1275 2234 -1
2173 2234 -1
1535 2234 -1
994 1286 -1
1286 1387 -1
627 2094 -1
2094 2224 -1
1760 2094 -1
970 2189 -1
202 2189 -1
1395 2189 -1
196 2189 -1
970 2176 -1
970 1577 -1
427 970 -1
292 1720 -1
279 1731 -1
965 1278 -1
965 1470 -1
1457 2082 -1
1540 2082 -1
2082 2178 -1
2082 2180 -1
405 2082 -1
493 2082 -1
1457 1744 -1
959 1457 -1
458 1399 -1
1399 1571 -1
1399 2179 -1
1399 1549 -1
470 1399 -1
405 974 -1
974 1457 -1
974 2178 -1
974 2180 -1
493 974 -1
974 1540 -1
405 633 -1
139 405 -1
405 1749 -1
405 979 -1
405 2230 -1
2011 2085 -1
1270 2082 -1
2082 2187 -1
1253 2082 -1
1270 1744 -1
959 1270 -1
100 326 -1
326 836 -1
326 854 -1
70 326 -1
81 326 -1
114 326 -1
326 918 -1
326 889 -1
326 863 -1
2086 2181 -1
1401 1516 -1
1516 1744 -1
226 1516 -1
959 1516 -1
1582 2228 -1
966 1582 -1
149 1582 -1
1398 1582 -1
647 1582 -1
1270 1754 -1
1754 2187 -1
1253 1754 -1
469 985 -1
985 1566 -1
455 2205 -1
1484 2205 -1
455 2099 -1
183 448 -1
447 2082 -1
447 1744 -1
447 959 -1
1403 1528 -1
176 1528 -1
659 1528 -1
166 1528 -1
963 1528 -1
332 636 -1
1462 2089 -1
1584 2089 -1
1254 2089 -1
184 1462 -1
1462 1761 -1
622 1462 -1
231 1462 -1
470 995 -1
995 1571 -1
456 995 -1
995 1481 -1
458 995 -1
995 1549 -1
995 2161 -1
995 2179 -1
474 995 -1
995 1534 -1
655 1788 -1
640 1788 -1
643 1788 -1
1788 2246 -1
1788 2226 -1
146 1788 -1
1011 1788 -1
1788 2233 -1
655 1821 -1
1070 1497 -1
1497 1764 -1
1063 1497 -1
361 1497 -1
1497 1771 -1
1497 2195 -1
244 1497 -1
1014 1497 -1
348 1497 -1
1070 1473 -1
442 1070 -1
1070 1271 -1
1070 1527 -1
1070 1487 -1
633 1252 -1
139 1252 -1
1252 1749 -1
974 1252 -1
979 1252 -1
1437 1731 -1
1027 1731 -1
350 1731 -1
480 1403 -1
176 480 -1
480 659 -1
166 480 -1
480 963 -1
287 1229 -1
1041 1229 -1
338 1229 -1
386 1229 -1
1229 1422 -1
1047 1229 -1
287 1819 -1
287 2109 -1
287 1221 -1
287 1163 -1
287 1133 -1
287 2125 -1
287 1197 -1
287 1169 -1
287 1778 -1
287 1110 -1
287 1079 -1
287 1208 -1
287 1882 -1
287 1115 -1
287 1213 -1
287 1206 -1
1042 1534 -1
1042 1571 -1
1042 1481 -1
1042 1549 -1
1042 2161 -1
1042 2179 -1
470 1042 -1
146 693 -1
640 693 -1
643 693 -1
197 693 -1
693 2246 -1
693 2249 -1
693 1740 -1
646 693 -1
655 693 -1
693 2226 -1
693 1011 -1
693 1737 -1
693 2233 -1
623 693 -1
221 693 -1
332 621 -1
130 286 -1
130 1048 -1
130 1067 -1
130 387 -1
130 1038 -1
405 975 -1
975 1457 -1
975 2178 -1
975 2180 -1
493 975 -1
975 1540 -1
126 331 -1
126 336 -1
126 1411 -1
2122 2161 -1
1571 2122 -1
1481 2122 -1
1549 2122 -1
2122 2179 -1
470 2122 -1
1534 2122 -1
1874 2205 -1
1188 2205 -1
1874 2099 -1
426 1397 -1
1266 1397 -1
1397 2186 -1
1397 1468 -1
421 1397 -1
1397 1466 -1
426 996 -1
426 613 -1
426 1733 -1
2184 2248 -1
1244 2248 -1
2184 2232 -1
1391 1831 -1
1391 1842 -1
1391 1815 -1
1140 1391 -1
1391 1886 -1
1391 1863 -1
480 1404 -1
160 480 -1
224 480 -1
480 667 -1
164 480 -1
480 614 -1
204 480 -1
480 628 -1
480 987 -1
480 669 -1
159 480 -1
980 1408 -1
961 1408 -1
980 1056 -1
980 1436 -1
980 1030 -1
391 980 -1
432 2228 -1
432 966 -1
149 432 -1
432 1398 -1
432 647 -1
645 2216 -1
332 642 -1
431 955 -1
479 955 -1
955 2172 -1
955 1471 -1
389 923 -1
923 1770 -1
330 923 -1
675 923 -1
349 923 -1
923 1430 -1
389 912 -1
389 945 -1
254 885 -1
254 865 -1
254 1726 -1
402 1027 -1
402 1437 -1
350 402 -1
1432 2183 -1
418 1432 -1
1432 1475 -1
1432 1544 -1
1432 2185 -1
490 1432 -1
1432 1538 -1
1432 2160 -1
1265 1432 -1
1432 1570 -1
989 2189 -1
989 2176 -1
989 1577 -1
427 989 -1
1424 2240 -1
2090 2098 -1
280 2090 -1
270 2090 -1
319 2090 -1
270 1746 -1
280 1746 -1
1746 2098 -1
319 1746 -1
241 982 -1
370 982 -1
683 982 -1
982 1773 -1
982 2093 -1
379 2056 -1
2056 2209 -1
2056 2215 -1
1769 2056 -1
247 2056 -1
376 2056 -1
1017 2056 -1
346 2056 -1
2056 2207 -1
379 2049 -1
54 379 -1
891 1062 -1
896 1062 -1
838 1062 -1
110 1062 -1
1062 2064 -1
82 1062 -1
1062 2069 -1
56 1062 -1
922 1062 -1
1062 1724 -1
1874 2096 -1
1188 2096 -1
342 1874 -1
311 1874 -1
1051 1727 -1
126 360 -1
126 1044 -1
962 1277 -1
996 1277 -1
1277 1733 -1
968 1574 -1
1418 1756 -1
384 1756 -1
334 1756 -1
368 1756 -1
690 1756 -1
1045 1756 -1
246 1756 -1
1393 1577 -1
171 1577 -1
1380 1577 -1
1393 2176 -1
427 1393 -1
1393 2189 -1
1773 2262 -1
241 2262 -1
370 2262 -1
683 2262 -1
2093 2262 -1
1773 2035 -1
853 1024 -1
1269 2224 -1
1569 2224 -1
1510 2224 -1
487 2224 -1
429 2224 -1
1473 2224 -1
1526 2224 -1
442 2224 -1
443 2224 -1
1533 2224 -1
2174 2224 -1
1269 1760 -1
627 1269 -1
985 1410 -1
703 1021 -1
291 621 -1
662 693 -1
152 693 -1
668 693 -1
405 977 -1
977 1457 -1
977 2178 -1
977 2180 -1
493 977 -1
977 1540 -1
1013 1279 -1
1274 2215 -1
1274 2209 -1
1274 1769 -1
376 1274 -1
1017 1274 -1
379 1274 -1
1274 2207 -1
274 2258 -1
1050 2258 -1
119 274 -1
664 1558 -1
317 964 -1
352 964 -1
393 964 -1
372 964 -1
131 329 -1
492 973 -1
1874 2079 -1
1188 2079 -1
1415 1731 -1
1731 2219 -1
388 1731 -1
1731 2199 -1
1897 2097 -1
1826 2097 -1
680 1897 -1
1897 2203 -1
287 1004 -1
1004 1041 -1
338 1004 -1
386 1004 -1
1004 1422 -1
1004 1047 -1
49 375 -1
404 1019 -1
328 404 -1
404 1059 -1
404 702 -1
1811 2075 -1
1171 2075 -1
213 483 -1
213 416 -1
213 449 -1
213 462 -1
204 464 -1
160 464 -1
224 464 -1
464 1379 -1
164 464 -1
464 614 -1
464 987 -1
464 1006 -1
464 628 -1
464 631 -1
464 667 -1
464 1404 -1
464 669 -1
159 464 -1
204 1243 -1
204 1551 -1
407 1405 -1
190 407 -1
990 1469 -1
1828 2076 -1
1395 1542 -1
202 1542 -1
169 1542 -1
666 1542 -1
196 1542 -1
970 1542 -1
1395 1478 -1
1514 2236 -1
287 1081 -1
1041 1081 -1
338 1081 -1
386 1081 -1
1081 1422 -1
1047 1081 -1
57 347 -1
57 358 -1
237 632 -1
252 632 -1
632 686 -1
263 632 -1
938 1024 -1
1024 2040 -1
1024 1705 -1
1024 2270 -1
1459 2088 -1
384 704 -1
704 1418 -1
334 704 -1
368 704 -1
690 704 -1
704 1045 -1
246 704 -1
384 1448 -1
384 482 -1
384 467 -1
384 414 -1
384 454 -1
1438 1715 -1
289 1715 -1
1715 1770 -1
1430 1715 -1
694 1715 -1
1530 2080 -1
1476 1733 -1
1548 1733 -1
398 1733 -1
422 1733 -1
1501 1733 -1
962 1476 -1
996 1476 -1
613 1476 -1
1397 1476 -1
1438 1731 -1
289 1731 -1
1731 1770 -1
1430 1731 -1
694 1731 -1
615 1154 -1
1828 2232 -1
1828 2248 -1
380 894 -1
1453 2092 -1
425 957 -1
448 1878 -1
448 1846 -1
645 1433 -1
645 1052 -1
1009 1289 -1
624 1502 -1
624 1441 -1
482 624 -1
454 624 -1
624 1448 -1
467 624 -1
414 624 -1
1413 1747 -1
688 1747 -1
691 1747 -1
308 1747 -1
1262 1387 -1
1262 2234 -1
994 1262 -1
1031 1534 -1
1031 1571 -1
1031 1481 -1
1031 1549 -1
1031 2161 -1
1031 2179 -1
470 1031 -1
287 1184 -1
1041 1184 -1
338 1184 -1
386 1184 -1
1184 1422 -1
1047 1184 -1
1007 1266 -1
451 1007 -1
421 1007 -1
1007 2186 -1
400 1007 -1
1007 1466 -1
1007 1468 -1
426 1007 -1
278 622 -1
337 622 -1
184 278 -1
278 2089 -1
231 278 -1
278 1761 -1
1409 1747 -1
355 1747 -1
206 464 -1
206 1243 -1
206 1551 -1
967 1510 -1
967 1569 -1
443 967 -1
967 1269 -1
967 1526 -1
668 1502 -1
152 1502 -1
956 1502 -1
662 1502 -1
668 1441 -1
482 668 -1
454 668 -1
668 1448 -1
467 668 -1
414 668 -1
298 1135 -1
265 1135 -1
267 1135 -1
684 1135 -1
298 1136 -1
298 1144 -1
298 1209 -1
1393 1582 -1
171 1582 -1
1380 1582 -1
480 1010 -1
970 1459 -1
202 1459 -1
1395 1459 -1
196 1459 -1
409 2096 -1
342 409 -1
311 409 -1
1200 2099 -1
1829 2099 -1
1804 2099 -1
1193 2099 -1
1836 2099 -1
1869 2099 -1
1870 2099 -1
1840 2099 -1
1810 2099 -1
1200 2205 -1
1382 1474 -1
967 1563 -1
827 1433 -1
1433 2257 -1
827 1052 -1
995 1446 -1
2208 2269 -1
879 2208 -1
472 1002 -1
408 1002 -1
1002 1498 -1
1002 1508 -1
78 374 -1
374 836 -1
374 863 -1
52 374 -1
374 918 -1
374 1711 -1
1827 2088 -1
1800 2227 -1
1130 2227 -1
210 1800 -1
630 1800 -1
983 1897 -1
983 1826 -1
432 1401 -1
432 1744 -1
226 432 -1
432 959 -1
1418 1746 -1
384 1746 -1
334 1746 -1
368 1746 -1
690 1746 -1
1045 1746 -1
246 1746 -1
984 1577 -1
219 1577 -1
612 1577 -1
1577 2245 -1
230 1577 -1
984 2176 -1
427 984 -1
984 2189 -1
632 2200 -1
894 1062 -1
189 1288 -1
686 1247 -1
252 1247 -1
237 1247 -1
263 1247 -1
686 1567 -1
1051 1705 -1
1051 2040 -1
938 1051 -1
1051 2270 -1
997 1573 -1
200 1573 -1
634 1573 -1
327 705 -1
982 1154 -1
332 2244 -1
161 332 -1
55 331 -1
331 2064 -1
331 2069 -1
331 1725 -1
331 927 -1
55 336 -1
55 1411 -1
1270 2087 -1
2087 2187 -1
1253 2087 -1
287 1177 -1
1041 1177 -1
338 1177 -1
386 1177 -1
1177 1422 -1
1047 1177 -1
1171 2216 -1
1811 2216 -1
1009 1245 -1
1009 1440 -1
1009 1456 -1
476 1009 -1
298 1123 -1
265 1123 -1
267 1123 -1
684 1123 -1
298 1888 -1
298 1116 -1
298 2117 -1
298 1791 -1
237 625 -1
252 625 -1
625 686 -1
263 625 -1
996 2180 -1
962 2180 -1
1397 2180 -1
1733 2180 -1
613 2180 -1
996 1457 -1
996 2178 -1
996 1540 -1
405 996 -1
493 996 -1
430 1012 -1
395 1012 -1
72 374 -1
1062 2172 -1
479 1062 -1
431 1062 -1
1062 1471 -1
307 884 -1
328 884 -1
702 884 -1
983 1462 -1
983 1584 -1
983 1254 -1
1418 1761 -1
384 1761 -1
334 1761 -1
368 1761 -1
690 1761 -1
1045 1761 -1
246 1761 -1
184 1418 -1
1418 2089 -1
622 1418 -1
231 1418 -1
1464 2096 -1
342 1464 -1
311 1464 -1
2076 2127 -1
1232 2076 -1
1233 2076 -1
1218 2076 -1
1146 2076 -1
1516 2011 -1
971 2183 -1
418 971 -1
971 1475 -1
971 1544 -1
971 2185 -1
490 971 -1
971 1538 -1
971 2160 -1
971 1265 -1
971 1570 -1
1026 1719 -1
1019 1274 -1
328 1274 -1
1059 1274 -1
702 1274 -1
988 1407 -1
336 908 -1
331 908 -1
908 1411 -1
908 2190 -1
336 1728 -1
1037 1702 -1
83 1037 -1
1037 2063 -1
922 1047 -1
896 1047 -1
1047 2277 -1
838 1047 -1
1047 1709 -1
110 1047 -1
1047 2064 -1
881 1047 -1
82 1047 -1
1047 2069 -1
56 1047 -1
891 1047 -1
1047 1724 -1
338 922 -1
386 922 -1
922 1422 -1
287 922 -1
148 401 -1
986 1436 -1
639 1436 -1
1436 1732 -1
142 1436 -1
1436 1743 -1
986 1056 -1
986 1408 -1
363 986 -1
986 1030 -1
391 986 -1
1042 1274 -1
968 1542 -1
968 1478 -1
1399 1464 -1
649 1254 -1
1006 1254 -1
631 1254 -1
649 1584 -1
649 1462 -1
636 682 -1
636 1416 -1
444 2087 -1
437 2087 -1
2078 2094 -1
2083 2094 -1
2094 2239 -1
307 862 -1
328 862 -1
702 862 -1
307 868 -1
307 877 -1
1825 2227 -1
210 1825 -1
630 1825 -1
438 1404 -1
160 438 -1
224 438 -1
438 667 -1
164 438 -1
438 614 -1
204 438 -1
438 628 -1
438 987 -1
438 669 -1
159 438 -1
126 1054 -1
1464 1874 -1
1188 1464 -1
1403 1494 -1
176 1494 -1
659 1494 -1
166 1494 -1
963 1494 -1
1003 1574 -1
1574 1738 -1
229 1574 -1
1574 2247 -1
172 1261 -1
172 1572 -1
172 1286 -1
172 1449 -1
172 1579 -1
172 468 -1
172 1275 -1
172 2173 -1
172 1535 -1
1730 2204 -1
1730 1767 -1
1419 1730 -1
357 1730 -1
309 1730 -1
1417 2122 -1
2122 2201 -1
673 2122 -1
972 1478 -1
1478 1759 -1
972 1542 -1
1388 1505 -1
1404 1446 -1
160 1446 -1
224 1446 -1
667 1446 -1
164 1446 -1
614 1446 -1
204 1446 -1
628 1446 -1
987 1446 -1
669 1446 -1
159 1446 -1
1395 1519 -1
202 1519 -1
169 1519 -1
666 1519 -1
196 1519 -1
970 1519 -1
1258 1395 -1
1430 2168 -1
289 2168 -1
354 2168 -1
675 2168 -1
1028 2168 -1
389 2168 -1
1770 2168 -1
330 2168 -1
302 2168 -1
694 2168 -1
345 2168 -1
349 2168 -1
1438 2168 -1
1417 1827 -1
1827 2201 -1
673 1827 -1
352 621 -1
393 621 -1
372 621 -1
317 621 -1
1012 1430 -1
289 1012 -1
354 1012 -1
675 1012 -1
1012 1028 -1
389 1012 -1
1012 1770 -1
330 1012 -1
302 1012 -1
694 1012 -1
345 1012 -1
349 1012 -1
1012 1438 -1
430 2223 -1
395 2223 -1
381 636 -1
636 1768 -1
636 695 -1
2181 2245 -1
984 2181 -1
230 2181 -1
79 1764 -1
79 1063 -1
79 1771 -1
79 1070 -1
79 2195 -1
79 244 -1
79 1014 -1
79 348 -1
911 1041 -1
911 1422 -1
287 911 -1
482 1429 -1
704 1429 -1
1429 1441 -1
454 1429 -1
1429 1448 -1
467 1429 -1
414 1429 -1
1429 1502 -1
1019 1284 -1
328 1284 -1
1059 1284 -1
702 1284 -1
2202 2231 -1
969 2202 -1
2202 2235 -1
2202 2220 -1
179 2202 -1
207 2202 -1
1031 1722 -1
241 625 -1
370 625 -1
625 683 -1
625 1773 -1
625 2093 -1
173 464 -1
173 1243 -1
173 1551 -1
476 1405 -1
1405 1440 -1
1405 1456 -1
1245 1405 -1
190 476 -1
1427 1730 -1
1065 1730 -1
303 1730 -1
422 1407 -1
1407 1548 -1
1407 1476 -1
398 1407 -1
636 690 -1
384 636 -1
636 1046 -1
636 1418 -1
334 636 -1
368 636 -1
636 1045 -1
246 636 -1
636 2197 -1
1782 2084 -1
1890 2084 -1
1893 2084 -1
197 1782 -1
650 1782 -1
1782 2091 -1
623 1782 -1
1402 1782 -1
1782 2237 -1
1758 1782 -1
469 1419 -1
1419 1566 -1
357 469 -1
469 1767 -1
469 681 -1
309 469 -1
310 469 -1
469 2204 -1
1070 1534 -1
1534 1764 -1
1063 1534 -1
361 1534 -1
1534 1771 -1
1534 2195 -1
244 1534 -1
1014 1534 -1
348 1534 -1
1070 1571 -1
1070 1481 -1
1070 1549 -1
1070 2161 -1
1070 2179 -1
470 1070 -1
484 952 -1
445 952 -1
63 286 -1
286 2042 -1
286 2260 -1
286 2278 -1
286 887 -1
63 1048 -1
63 1067 -1
63 387 -1
63 1038 -1
444 1744 -1
437 1744 -1
444 1401 -1
444 2082 -1
226 444 -1
444 959 -1
171 1288 -1
1288 1393 -1
1288 1380 -1
2088 2122 -1
988 1420 -1
153 1826 -1
153 1897 -1
989 1582 -1
126 380 -1
390 1285 -1
705 1750 -1
1007 1257 -1
1802 2097 -1
680 1802 -1
1802 2203 -1
1229 1412 -1
1412 1819 -1
1412 2109 -1
1221 1412 -1
1163 1412 -1
1133 1412 -1
1412 2125 -1
1197 1412 -1
1169 1412 -1
1412 1778 -1
1110 1412 -1
1079 1412 -1
1208 1412 -1
1412 1882 -1
1115 1412 -1
1213 1412 -1
1206 1412 -1
1278 1733 -1
1470 1733 -1
962 1278 -1
996 1278 -1
613 1278 -1
1278 1397 -1
1419 2168 -1
357 2168 -1
1767 2168 -1
681 2168 -1
309 2168 -1
310 2168 -1
2168 2204 -1
278 634 -1
337 634 -1
200 278 -1
278 997 -1
141 401 -1
401 656 -1
1401 2161 -1
1744 2161 -1
226 2161 -1
959 2161 -1
1401 1571 -1
1401 1481 -1
1401 1549 -1
1401 2179 -1
470 1401 -1
1401 1534 -1
1828 2074 -1
654 1828 -1
1393 1459 -1
171 1459 -1
1380 1459 -1
326 982 -1
426 1379 -1
1266 1379 -1
1379 2186 -1
1379 1468 -1
421 1379 -1
1379 1466 -1
164 426 -1
204 426 -1
426 1006 -1
426 631 -1
1277 2087 -1
1383 1802 -1
259 473 -1
473 688 -1
473 1043 -1
308 473 -1
259 481 -1
645 1565 -1
430 2240 -1
395 2240 -1
1556 1719 -1
342 404 -1
404 2096 -1
311 404 -1
1397 2187 -1
996 2187 -1
613 2187 -1
1733 2187 -1
1253 1397 -1
1270 1397 -1
476 1379 -1
1379 1440 -1
1379 1456 -1
1245 1379 -1
164 476 -1
204 476 -1
476 1006 -1
476 631 -1
219 1262 -1
984 1262 -1
992 1262 -1
612 1262 -1
230 1262 -1
1438 1743 -1
289 1743 -1
1743 1770 -1
1430 1743 -1
694 1743 -1
986 1438 -1
1438 1732 -1
142 1438 -1
639 1438 -1
1897 2229 -1
1826 2229 -1
1897 2073 -1
661 1897 -1
458 1408 -1
1408 1571 -1
1408 2179 -1
1408 1549 -1
470 1408 -1
458 1056 -1
458 1436 -1
458 1030 -1
391 458 -1
998 1242 -1
967 1450 -1
967 1520 -1
379 1731 -1
1731 2209 -1
1731 2215 -1
1731 1769 -1
247 1731 -1
376 1731 -1
1017 1731 -1
346 1731 -1
1731 2207 -1
1418 1735 -1
384 1735 -1
334 1735 -1
368 1735 -1
690 1735 -1
1045 1735 -1
246 1735 -1
449 1019 -1
416 1019 -1
1019 1490 -1
483 1019 -1
462 1019 -1
328 449 -1
449 1059 -1
449 702 -1
1498 1996 -1
408 1996 -1
472 1996 -1
1508 1996 -1
1355 1498 -1
1432 1517 -1
1432 1467 -1
2090 2097 -1
680 2090 -1
2090 2203 -1
1413 1750 -1
688 1750 -1
691 1750 -1
308 1750 -1
491 2089 -1
184 491 -1
491 1761 -1
491 622 -1
231 491 -1
320 1238 -1
320 1191 -1
270 2242 -1
280 2242 -1
2098 2242 -1
319 2242 -1
705 1428 -1
342 964 -1
964 2096 -1
311 964 -1
982 1144 -1
982 1136 -1
982 1209 -1
982 1135 -1
1011 1256 -1
640 1256 -1
643 1256 -1
1256 2246 -1
1256 2226 -1
655 1256 -1
146 1256 -1
1256 2233 -1
279 1730 -1
380 891 -1
110 380 -1
380 2064 -1
82 380 -1
380 2069 -1
56 380 -1
380 1724 -1
1081 1417 -1
1081 2201 -1
673 1081 -1
1290 2081 -1
72 1054 -1
2073 2098 -1
661 2098 -1
2098 2229 -1
280 2073 -1
270 2073 -1
319 2073 -1
1285 2215 -1
1285 2209 -1
1285 1769 -1
376 1285 -1
1017 1285 -1
379 1285 -1
1285 2207 -1
2077 2094 -1
952 1181 -1
1413 1746 -1
688 1746 -1
691 1746 -1
308 1746 -1
226 464 -1
464 1744 -1
464 1401 -1
464 959 -1
226 1243 -1
226 1551 -1
1389 1481 -1
1389 1571 -1
1389 1549 -1
1389 2161 -1
1389 2179 -1
470 1389 -1
1389 1534 -1
414 1379 -1
704 1379 -1
1379 1441 -1
482 1379 -1
454 1379 -1
1379 1448 -1
467 1379 -1
1379 1502 -1
164 414 -1
204 414 -1
414 1006 -1
414 631 -1
298 1207 -1
265 1207 -1
267 1207 -1
684 1207 -1
298 2128 -1
1256 2224 -1
1256 1760 -1
627 1256 -1
270 631 -1
280 631 -1
631 2098 -1
319 631 -1
164 270 -1
270 649 -1
270 1379 -1
204 270 -1
270 1006 -1
1716 2196 -1
113 2196 -1
839 2196 -1
1703 2196 -1
386 1716 -1
338 1716 -1
1397 1441 -1
996 1441 -1
613 1441 -1
1441 1733 -1
482 1397 -1
454 1397 -1
1397 1448 -1
467 1397 -1
414 1397 -1
1397 1502 -1
970 1584 -1
202 1584 -1
1395 1584 -1
196 1584 -1
970 1254 -1
970 1462 -1
469 1233 -1
1233 1566 -1
469 1232 -1
469 1218 -1
469 1146 -1
469 2127 -1
326 1134 -1
326 1824 -1
326 1122 -1
1388 1488 -1
1464 2089 -1
184 1464 -1
1464 1761 -1
622 1464 -1
231 1464 -1
1414 2168 -1
476 1384 -1
1384 1440 -1
1384 1456 -1
1245 1384 -1
476 2225 -1
332 1730 -1
213 411 -1
1038 1710 -1
1048 1710 -1
1067 1710 -1
387 1710 -1
286 1710 -1
425 966 -1
425 2228 -1
149 425 -1
425 1398 -1
425 647 -1
1758 1859 -1
1859 2084 -1
197 1859 -1
650 1859 -1
1859 2091 -1
623 1859 -1
1402 1859 -1
1859 2237 -1
1172 1758 -1
458 1400 -1
1400 1571 -1
1400 2179 -1
1400 1549 -1
470 1400 -1
332 1751 -1
332 2233 -1
332 643 -1
222 332 -1
191 332 -1
1409 1730 -1
355 1730 -1
1828 2078 -1
1828 2083 -1
1828 2239 -1
258 884 -1
2097 2127 -1
680 2127 -1
2127 2203 -1
1232 2097 -1
1233 2097 -1
1218 2097 -1
1146 2097 -1
434 2011 -1
227 401 -1
401 1396 -1
1416 2011 -1
682 2011 -1
1255 2081 -1
1513 2081 -1
438 1405 -1
190 438 -1
485 1089 -1
485 1806 -1
1152 1436 -1
1056 1152 -1
1152 1408 -1
363 1152 -1
1030 1152 -1
391 1152 -1
209 1530 -1
953 1530 -1
824 1764 -1
824 1063 -1
824 1771 -1
824 1070 -1
824 2195 -1
244 824 -1
824 1014 -1
348 824 -1
274 848 -1
848 1050 -1
99 274 -1
274 936 -1
274 2043 -1
274 857 -1
964 1429 -1
690 953 -1
384 953 -1
953 1046 -1
953 1418 -1
334 953 -1
368 953 -1
953 1045 -1
246 953 -1
953 2197 -1
209 690 -1
987 1573 -1
160 1573 -1
224 1573 -1
164 1573 -1
614 1573 -1
204 1573 -1
628 1573 -1
667 1573 -1
1404 1573 -1
669 1573 -1
159 1573 -1
1401 1462 -1
1462 1744 -1
226 1462 -1
959 1462 -1
1401 1584 -1
1254 1401 -1
446 1384 -1
446 2225 -1
446 1405 -1
190 446 -1
1521 2236 -1
237 636 -1
252 636 -1
636 686 -1
263 636 -1
89 277 -1
136 277 -1
277 867 -1
277 855 -1
277 899 -1
73 277 -1
89 2210 -1
987 1474 -1
160 1474 -1
224 1474 -1
164 1474 -1
614 1474 -1
204 1474 -1
628 1474 -1
667 1474 -1
1404 1474 -1
669 1474 -1
159 1474 -1
998 1271 -1
998 1497 -1
998 1473 -1
998 1527 -1
442 998 -1
998 1487 -1
116 344 -1
472 1395 -1
408 1395 -1
1395 1498 -1
1395 1508 -1
202 472 -1
169 472 -1
472 666 -1
196 472 -1
472 970 -1
1428 1746 -1
615 1234 -1
996 1243 -1
962 1243 -1
1243 1397 -1
1243 1733 -1
613 1243 -1
464 996 -1
996 1551 -1
1862 2074 -1
654 1862 -1
614 702 -1
160 702 -1
224 702 -1
667 702 -1
164 702 -1
204 702 -1
628 702 -1
702 987 -1
702 1404 -1
669 702 -1
159 702 -1
328 614 -1
307 614 -1
614 1059 -1
614 1019 -1
1383 1476 -1
1383 1548 -1
398 1383 -1
422 1383 -1
1383 1501 -1
484 1004 -1
445 1004 -1
1268 2224 -1
1268 1760 -1
627 1268 -1
1506 2089 -1
410 2089 -1
403 2089 -1
1543 2089 -1
184 1506 -1
1506 1761 -1
622 1506 -1
231 1506 -1
237 612 -1
252 612 -1
612 686 -1
263 612 -1
237 992 -1
237 984 -1
219 237 -1
230 237 -1
183 464 -1
183 1243 -1
183 1551 -1
132 360 -1
50 360 -1
360 2036 -1
132 1044 -1
119 331 -1
331 2258 -1
119 336 -1
119 1411 -1
279 1750 -1
621 682 -1
621 1416 -1
1392 1500 -1
1002 1535 -1
1002 1572 -1
1002 1286 -1
1002 1449 -1
1002 1579 -1
1002 1261 -1
468 1002 -1
1002 1275 -1
1002 2173 -1
444 645 -1
437 645 -1
342 1012 -1
1012 2096 -1
311 1012 -1
1011 1269 -1
640 1269 -1
643 1269 -1
1269 2246 -1
1269 2226 -1
655 1269 -1
146 1269 -1
1269 2233 -1
1011 1569 -1
1011 1510 -1
487 1011 -1
429 1011 -1
1011 1473 -1
1011 1526 -1
442 1011 -1
443 1011 -1
1011 1533 -1
1011 2174 -1
469 963 -1
963 1566 -1
176 469 -1
469 1403 -1
469 659 -1
956 1181 -1
152 1181 -1
668 1181 -1
1032 1702 -1
1016 1702 -1
1702 2214 -1
83 1032 -1
1032 2063 -1
2011 2168 -1
1787 2084 -1
197 1787 -1
650 1787 -1
1787 2091 -1
623 1787 -1
1402 1787 -1
1787 2237 -1
1758 1787 -1
965 1266 -1
451 965 -1
421 965 -1
965 2186 -1
400 965 -1
965 1466 -1
965 1468 -1
426 965 -1
1406 1554 -1
157 1554 -1
258 862 -1
258 868 -1
258 877 -1
1733 2098 -1
962 2098 -1
996 2098 -1
613 2098 -1
1397 2098 -1
280 1733 -1
270 1733 -1
319 1733 -1
1402 2095 -1
2084 2095 -1
197 2095 -1
650 2095 -1
2091 2095 -1
623 2095 -1
2095 2237 -1
1758 2095 -1
404 1713 -1
404 950 -1
102 404 -1
448 980 -1
448 961 -1
1558 2092 -1
429 1405 -1
1405 1473 -1
487 1405 -1
1269 1405 -1
442 1405 -1
443 1405 -1
1405 1533 -1
1405 2174 -1
190 429 -1
1454 2083 -1
463 2083 -1
1454 2078 -1
1454 2239 -1
480 990 -1
1283 2224 -1
1283 1760 -1
627 1283 -1
314 1721 -1
1427 1738 -1
1065 1738 -1
303 1738 -1
1003 1427 -1
229 1427 -1
1427 2247 -1
996 1250 -1
962 1250 -1
1250 1397 -1
1250 1733 -1
613 1250 -1
923 2009 -1
912 2009 -1
945 2009 -1
451 1403 -1
400 1403 -1
1266 1403 -1
1403 2186 -1
176 451 -1
451 659 -1
166 451 -1
451 963 -1
627 2098 -1
2098 2224 -1
1760 2098 -1
280 627 -1
270 627 -1
319 627 -1
1099 2099 -1
1889 2099 -1
1239 2099 -1
1099 2205 -1
1996 2091 -1
1355 2091 -1
1996 2084 -1
197 1996 -1
650 1996 -1
623 1996 -1
1402 1996 -1
1996 2237 -1
1758 1996 -1
429 1385 -1
1385 1473 -1
487 1385 -1
1269 1385 -1
442 1385 -1
443 1385 -1
1385 1533 -1
1385 2174 -1
1007 1434 -1
1434 2232 -1
1434 2248 -1
974 1423 -1
633 1423 -1
139 1423 -1
1423 1749 -1
979 1423 -1
1423 2230 -1
923 1062 -1
912 1062 -1
945 1062 -1
647 1262 -1
966 1262 -1
1262 2228 -1
149 1262 -1
1262 1398 -1
259 1088 -1
688 1088 -1
1043 1088 -1
308 1088 -1
1386 1441 -1
482 1386 -1
454 1386 -1
1386 1448 -1
467 1386 -1
414 1386 -1
1386 1502 -1
694 1711 -1
289 1711 -1
1711 1770 -1
1430 1711 -1
1438 1711 -1
345 1711 -1
694 836 -1
52 694 -1
78 694 -1
694 918 -1
694 863 -1
638 2009 -1
138 2009 -1
992 1517 -1
219 1517 -1
612 1517 -1
992 1467 -1
150 2093 -1
150 241 -1
150 683 -1
150 1773 -1
317 985 -1
352 985 -1
393 985 -1
372 985 -1
1474 2228 -1
966 1474 -1
149 1474 -1
1398 1474 -1
647 1474 -1
389 2254 -1
1770 2254 -1
330 2254 -1
675 2254 -1
349 2254 -1
1430 2254 -1
1008 1430 -1
289 1008 -1
354 1008 -1
675 1008 -1
1008 1028 -1
389 1008 -1
1008 1770 -1
330 1008 -1
302 1008 -1
694 1008 -1
345 1008 -1
349 1008 -1
1008 1438 -1
66 259 -1
66 688 -1
66 1043 -1
66 308 -1
1004 1426 -1
856 1063 -1
1063 2263 -1
856 1764 -1
361 856 -1
856 1771 -1
856 1070 -1
856 2195 -1
244 856 -1
856 1014 -1
260 856 -1
348 856 -1
422 975 -1
975 1548 -1
975 1476 -1
398 975 -1
1394 1874 -1
1188 1394 -1
270 614 -1
280 614 -1
614 2098 -1
319 614 -1
160 270 -1
224 270 -1
270 667 -1
270 628 -1
270 987 -1
270 1404 -1
270 669 -1
159 270 -1
696 1285 -1
283 2085 -1
322 2085 -1
293 2085 -1
1287 2224 -1
396 2224 -1
1287 1760 -1
627 1287 -1
405 1408 -1
1408 1457 -1
1408 2178 -1
1408 2180 -1
493 1408 -1
1408 1540 -1
405 1056 -1
405 1436 -1
405 1030 -1
391 405 -1
274 884 -1
884 1050 -1
1875 2189 -1
1792 2189 -1
1151 2189 -1
1875 2176 -1
1577 1875 -1
427 1875 -1
1400 1793 -1
1400 2103 -1
1155 1400 -1
1159 1400 -1
2098 2238 -1
280 2238 -1
270 2238 -1
319 2238 -1
150 2209 -1
150 2215 -1
150 1769 -1
150 376 -1
150 1017 -1
150 379 -1
150 2207 -1
1410 2240 -1
986 1422 -1
639 1422 -1
1422 1732 -1
142 1422 -1
1422 1743 -1
986 1041 -1
338 986 -1
986 1047 -1
386 986 -1
287 986 -1
650 1272 -1
1272 2084 -1
197 1272 -1
1272 2091 -1
623 1272 -1
1272 1402 -1
1272 2237 -1
1272 1758 -1
150 1885 -1
150 2118 -1
1005 1246 -1
415 1412 -1
1412 1495 -1
1026 1714 -1
405 954 -1
954 1457 -1
954 2178 -1
954 2180 -1
493 954 -1
954 1540 -1
1426 1874 -1
1188 1426 -1
992 2183 -1
219 2183 -1
612 2183 -1
418 992 -1
992 1475 -1
992 1544 -1
992 2185 -1
490 992 -1
992 1538 -1
992 2160 -1
992 1265 -1
992 1570 -1
