5 15 1
3 72 1
3 6 1
6 72 1
9 19 1
6 66 1
66 72 1
3 66 1
1 72 1
1 66 1
1 3 1
1 6 1
16 66 1
16 72 1
1 16 1
3 16 1
6 16 1
62 70 1
49 67 1
48 48 1
52 62 1
52 70 1
47 56 1
60 62 1
52 60 1
60 70 1
44 53 1
58 76 1
46 64 1
30 75 1
68 81 1
23 29 1
25 30 1
25 75 1
37 42 1
31 31 1
32 77 1
33 39 1
36 42 1
36 37 1
35 36 1
35 42 1
35 37 1
31 73 -1
0 79 -1
4 23 -1
4 29 -1
12 23 -1
12 29 -1
0 25 -1
0 75 -1
0 30 -1
46 68 -1
64 68 -1
46 81 -1
63 70 -1
60 63 -1
52 63 -1
62 63 -1
53 77 -1
44 77 -1
32 53 -1
25 50 -1
50 75 -1
30 50 -1
49 69 -1
67 69 -1
30 76 -1
25 76 -1
75 76 -1
30 58 -1
37 46 -1
42 46 -1
35 46 -1
36 46 -1
37 64 -1
30 73 -1
25 73 -1
73 75 -1
8 43 -1
22 23 -1
22 29 -1
68 80 -1
80 81 -1
