3 6 1
3 5 1
5 6 1
0 2 1
21 73 1
18 22 1
6 16 1
3 16 1
5 16 1
15 19 1
5 82 1
16 82 1
3 82 1
6 82 1
74 74 1
45 52 1
51 62 1
45 56 1
52 56 1
60 60 1
44 70 1
61 74 1
46 52 1
46 56 1
45 46 1
43 76 1
24 30 1
25 28 1
25 27 1
27 28 1
81 81 1
31 31 1
34 80 1
35 78 1
39 80 1
34 39 1
36 63 1
38 65 1
42 78 1
35 42 1
27 62 -1
25 62 -1
28 62 -1
27 51 -1
2 47 -1
0 47 -1
6 49 -1
16 49 -1
49 82 -1
3 49 -1
5 49 -1
22 59 -1
18 59 -1
12 74 -1
12 61 -1
29 34 -1
29 80 -1
29 39 -1
41 44 -1
41 70 -1
15 48 -1
19 48 -1
56 77 -1
52 77 -1
45 77 -1
46 77 -1
63 81 -1
36 81 -1
3 23 -1
16 23 -1
23 82 -1
5 23 -1
6 23 -1
60 79 -1
29 58 -1
44 63 -1
63 70 -1
36 44 -1
14 77 -1
0 80 -1
2 80 -1
0 34 -1
0 39 -1
