4 18 1
5 7 1
2 11 1
9 20 1
9 22 1
20 22 1
8 21 1
0 7 1
0 5 1
16 82 1
18 19 1
4 19 1
2 14 1
11 14 1
56 60 1
50 62 1
48 67 1
47 62 1
47 50 1
44 53 1
46 60 1
46 56 1
44 62 1
53 62 1
44 50 1
44 47 1
27 81 1
23 23 1
30 30 1
27 29 1
29 81 1
33 63 1
36 79 1
41 65 1
31 63 1
31 33 1
34 77 1
31 42 1
33 42 1
42 63 1
8 29 1
21 29 1
29 29 1
8 8 1
8 81 1
8 27 1
50 72 1
72 72 1
44 72 1
62 72 1
47 72 1
50 50 1
27 31 -1
31 81 -1
29 31 -1
27 33 -1
27 42 -1
27 63 -1
17 39 -1
21 34 -1
8 34 -1
21 77 -1
61 63 -1
33 61 -1
42 61 -1
31 61 -1
35 47 -1
35 50 -1
35 44 -1
35 62 -1
16 31 -1
31 82 -1
16 33 -1
16 42 -1
16 63 -1
14 30 -1
2 30 -1
11 30 -1
31 55 -1
33 55 -1
42 55 -1
55 63 -1
65 66 -1
41 66 -1
42 45 -1
33 45 -1
45 63 -1
31 45 -1
32 52 -1
81 82 -1
27 82 -1
29 82 -1
16 81 -1
