0 11 1
20 22 1
20 69 1
22 69 1
13 16 1
13 73 1
16 73 1
17 19 1
7 21 1
15 82 1
18 19 1
17 18 1
14 15 1
14 82 1
59 64 1
46 58 1
76 76 1
59 74 1
64 74 1
46 76 1
58 76 1
54 61 1
55 67 1
45 61 1
45 54 1
49 70 1
24 75 1
25 27 1
25 28 1
27 28 1
25 75 1
27 75 1
28 75 1
24 25 1
36 42 1
33 35 1
37 38 1
35 79 1
33 79 1
35 42 1
33 42 1
42 79 1
35 36 1
58 73 -1
73 76 -1
46 73 -1
16 58 -1
13 58 -1
41 48 -1
42 51 -1
33 51 -1
35 51 -1
36 51 -1
51 79 -1
33 49 -1
42 49 -1
35 49 -1
49 79 -1
33 70 -1
69 78 -1
20 78 -1
22 78 -1
39 50 -1
66 68 -1
3 52 -1
72 78 -1
31 52 -1
63 76 -1
58 63 -1
46 63 -1
25 40 -1
24 40 -1
40 75 -1
27 40 -1
28 40 -1
76 78 -1
58 78 -1
46 78 -1
0 52 -1
11 52 -1
66 75 -1
24 66 -1
25 66 -1
27 66 -1
28 66 -1
