17 20 1
20 73 1
17 73 1
12 82 1
5 19 1
7 14 1
7 20 1
14 20 1
7 17 1
7 73 1
11 19 1
5 11 1
66 71 1
10 19 1
10 11 1
5 10 1
0 73 1
0 17 1
0 20 1
0 7 1
9 12 1
9 82 1
21 21 1
1 21 1
4 14 1
4 20 1
4 7 1
19 73 1
10 73 1
11 73 1
5 73 1
0 19 1
7 19 1
17 19 1
19 20 1
45 56 1
57 64 1
43 58 1
47 59 1
48 59 1
47 48 1
51 59 1
48 51 1
47 51 1
47 70 1
48 70 1
51 70 1
59 70 1
54 61 1
51 64 1
48 64 1
59 64 1
64 70 1
47 64 1
51 57 1
45 57 1
56 57 1
45 64 1
45 51 1
23 75 1
24 25 1
24 26 1
25 26 1
25 68 1
24 68 1
26 68 1
28 75 1
23 28 1
27 28 1
27 75 1
23 27 1
32 33 1
35 40 1
37 78 1
36 79 1
38 79 1
36 38 1
37 39 1
39 78 1
34 38 1
34 36 1
34 79 1
35 79 1
40 79 1
34 35 1
35 36 1
35 38 1
33 77 1
32 77 1
57 72 -1
64 72 -1
56 72 -1
51 72 -1
45 72 -1
16 55 -1
26 42 -1
24 42 -1
25 42 -1
42 68 -1
39 52 -1
37 52 -1
52 78 -1
76 78 -1
37 76 -1
39 76 -1
12 58 -1
9 58 -1
58 82 -1
12 43 -1
61 66 -1
54 66 -1
61 71 -1
13 49 -1
15 31 -1
54 72 -1
61 72 -1
66 68 -1
68 71 -1
24 66 -1
25 66 -1
26 66 -1
15 32 -1
15 33 -1
15 77 -1
17 37 -1
0 37 -1
37 73 -1
19 37 -1
20 37 -1
7 37 -1
17 78 -1
17 39 -1
72 78 -1
37 72 -1
39 72 -1
34 48 -1
35 48 -1
36 48 -1
38 48 -1
48 79 -1
34 64 -1
34 51 -1
34 59 -1
34 70 -1
34 47 -1
12 46 -1
9 46 -1
46 82 -1
18 40 -1
18 35 -1
18 79 -1
2 52 -1
14 31 -1
4 31 -1
20 31 -1
7 31 -1
24 40 -1
25 40 -1
26 40 -1
40 68 -1
24 35 -1
24 79 -1
14 27 -1
4 27 -1
20 27 -1
7 27 -1
14 75 -1
14 28 -1
14 23 -1
9 78 -1
78 82 -1
12 78 -1
9 37 -1
9 39 -1
