12 13 1
0 71 1
19 20 1
3 13 1
3 12 1
11 82 1
3 11 1
11 12 1
11 13 1
3 82 1
57 70 1
55 60 1
56 61 1
48 52 1
47 58 1
50 74 1
52 54 1
48 54 1
49 59 1
25 75 1
23 30 1
26 29 1
26 68 1
29 68 1
33 33 1
37 42 1
33 36 1
33 79 1
36 79 1
36 40 1
33 40 1
40 79 1
22 47 1
47 47 1
22 58 1
22 22 1
2 30 1
30 30 1
2 2 1
2 23 1
27 35 1
35 35 1
27 27 1
18 60 1
60 60 1
18 18 1
18 55 1
63 71 1
71 71 1
0 63 1
63 63 1
41 68 1
68 68 1
41 41 1
26 41 1
29 41 1
65 74 -1
50 65 -1
32 52 -1
32 48 -1
32 54 -1
30 33 -1
23 33 -1
30 40 -1
30 36 -1
30 79 -1
25 34 -1
34 75 -1
27 31 -1
4 44 -1
15 32 -1
17 36 -1
17 40 -1
17 33 -1
17 79 -1
14 50 -1
14 74 -1
0 29 -1
29 71 -1
0 26 -1
0 68 -1
14 30 -1
14 23 -1
40 44 -1
33 44 -1
36 44 -1
44 79 -1
22 49 -1
22 59 -1
