13 82 1
21 22 1
9 10 1
6 18 1
13 66 1
66 82 1
7 10 1
7 9 1
9 16 1
10 16 1
7 16 1
8 12 1
5 66 1
5 82 1
5 13 1
2 21 1
2 22 1
10 12 1
12 16 1
9 12 1
7 12 1
8 10 1
57 58 1
46 54 1
44 50 1
44 49 1
49 50 1
49 54 1
50 54 1
44 54 1
46 49 1
43 55 1
52 61 1
56 58 1
56 57 1
50 70 1
49 70 1
44 70 1
54 70 1
56 64 1
57 64 1
58 64 1
29 75 1
25 75 1
25 29 1
30 68 1
68 68 1
23 75 1
23 25 1
23 29 1
63 77 1
32 40 1
32 77 1
40 77 1
32 63 1
37 39 1
41 78 1
40 79 1
32 79 1
77 79 1
36 40 1
32 36 1
36 77 1
36 79 1
2 55 -1
21 55 -1
22 55 -1
2 43 -1
4 44 -1
4 49 -1
4 50 -1
4 70 -1
4 54 -1
40 49 -1
32 49 -1
36 49 -1
49 77 -1
49 79 -1
40 50 -1
40 70 -1
40 44 -1
40 46 -1
40 54 -1
42 49 -1
42 50 -1
42 70 -1
42 44 -1
42 46 -1
42 54 -1
16 31 -1
9 31 -1
10 31 -1
12 31 -1
7 31 -1
66 75 -1
75 82 -1
13 75 -1
5 75 -1
25 66 -1
29 66 -1
23 66 -1
25 34 -1
34 75 -1
29 34 -1
23 34 -1
15 30 -1
15 68 -1
12 58 -1
8 58 -1
16 58 -1
10 58 -1
7 58 -1
9 58 -1
12 56 -1
12 57 -1
12 64 -1
21 39 -1
2 39 -1
22 39 -1
21 37 -1
61 78 -1
52 78 -1
41 61 -1
20 37 -1
20 39 -1
