3 82 1
2 4 1
7 14 1
5 8 1
14 71 1
7 71 1
4 72 1
2 72 1
15 69 1
13 17 1
10 19 1
7 10 1
10 14 1
10 71 1
7 19 1
61 74 1
43 58 1
48 64 1
45 62 1
50 64 1
48 50 1
44 64 1
44 48 1
44 50 1
60 60 1
45 74 1
62 74 1
45 61 1
26 68 1
26 75 1
68 75 1
24 30 1
30 75 1
24 75 1
26 30 1
30 68 1
35 80 1
33 65 1
42 42 1
31 41 1
63 79 1
65 79 1
33 79 1
63 65 1
20 37 -1
15 50 -1
50 69 -1
15 64 -1
15 48 -1
15 44 -1
15 32 -1
32 69 -1
19 41 -1
10 41 -1
7 41 -1
19 31 -1
0 28 -1
14 31 -1
10 31 -1
31 71 -1
7 31 -1
14 41 -1
14 27 -1
10 27 -1
27 71 -1
7 27 -1
16 31 -1
16 41 -1
14 50 -1
10 50 -1
50 71 -1
7 50 -1
14 64 -1
14 48 -1
14 44 -1
25 34 -1
19 47 -1
10 47 -1
7 47 -1
15 31 -1
31 69 -1
15 41 -1
40 46 -1
17 39 -1
13 39 -1
