11 73 1
72 73 1
11 72 1
12 21 1
2 13 1
18 73 1
18 72 1
11 18 1
1 72 1
1 73 1
1 18 1
1 11 1
8 73 1
8 72 1
1 8 1
8 18 1
8 11 1
2 15 1
13 15 1
0 17 1
5 20 1
9 69 1
18 19 1
1 19 1
19 72 1
19 73 1
11 19 1
8 19 1
45 64 1
51 55 1
51 67 1
55 67 1
51 62 1
62 67 1
55 62 1
59 60 1
47 52 1
47 76 1
52 76 1
50 55 1
50 67 1
50 51 1
50 62 1
45 60 1
60 64 1
45 59 1
56 70 1
46 64 1
46 60 1
45 46 1
57 59 1
57 60 1
45 57 1
29 81 1
25 29 1
25 81 1
28 30 1
30 30 1
30 75 1
28 75 1
68 81 1
25 68 1
29 68 1
37 79 1
65 78 1
32 77 1
34 78 1
34 65 1
36 38 1
40 40 1
79 79 1
35 77 1
32 35 1
34 40 1
40 65 1
40 78 1
36 79 1
38 79 1
36 37 1
33 34 1
33 40 1
33 65 1
33 78 1
16 63 -1
47 80 -1
76 80 -1
52 80 -1
5 50 -1
20 50 -1
5 51 -1
5 67 -1
5 62 -1
5 55 -1
3 53 -1
36 73 -1
37 73 -1
38 73 -1
73 79 -1
1 36 -1
36 72 -1
11 36 -1
8 36 -1
18 36 -1
19 36 -1
28 48 -1
48 75 -1
30 48 -1
20 40 -1
5 40 -1
20 65 -1
20 34 -1
20 78 -1
20 33 -1
8 67 -1
1 67 -1
67 72 -1
67 73 -1
11 67 -1
18 67 -1
19 67 -1
8 50 -1
8 51 -1
8 62 -1
8 55 -1
0 56 -1
17 56 -1
0 70 -1
34 52 -1
40 52 -1
52 65 -1
52 78 -1
33 52 -1
34 76 -1
34 47 -1
27 70 -1
27 56 -1
46 73 -1
64 73 -1
60 73 -1
45 73 -1
1 46 -1
46 72 -1
11 46 -1
8 46 -1
18 46 -1
19 46 -1
17 75 -1
0 75 -1
17 28 -1
17 30 -1
55 77 -1
67 77 -1
51 77 -1
50 77 -1
62 77 -1
32 55 -1
35 55 -1
7 35 -1
7 32 -1
7 77 -1
13 35 -1
2 35 -1
15 35 -1
13 32 -1
13 77 -1
