16 17 1
12 21 1
4 12 1
4 21 1
10 69 1
5 66 1
4 71 1
12 71 1
21 71 1
7 10 1
7 69 1
12 19 1
4 19 1
19 21 1
19 71 1
49 76 1
49 58 1
58 76 1
58 70 1
49 70 1
70 76 1
46 62 1
44 49 1
44 58 1
44 76 1
44 70 1
23 25 1
24 75 1
27 75 1
24 27 1
33 33 1
34 39 1
41 77 1
77 78 1
41 78 1
33 79 1
33 65 1
65 79 1
23 69 1
25 69 1
69 69 1
10 23 1
23 23 1
7 23 1
67 71 1
71 71 1
67 67 1
4 67 1
12 67 1
19 67 1
21 67 1
22 53 1
53 53 1
22 22 1
9 67 -1
19 23 -1
4 23 -1
12 23 -1
21 23 -1
23 71 -1
19 25 -1
35 66 -1
5 35 -1
33 56 -1
56 65 -1
56 79 -1
8 56 -1
9 80 -1
26 52 -1
31 52 -1
34 66 -1
39 66 -1
5 34 -1
16 77 -1
17 77 -1
16 41 -1
16 78 -1
29 45 -1
33 82 -1
65 82 -1
79 82 -1
10 57 -1
57 69 -1
7 57 -1
30 44 -1
30 49 -1
30 58 -1
30 76 -1
30 70 -1
