11 21 1
20 73 1
66 73 1
20 66 1
9 17 1
7 9 1
7 17 1
16 69 1
5 12 1
73 73 1
14 66 1
14 73 1
14 20 1
7 71 1
9 71 1
17 71 1
52 64 1
51 54 1
44 76 1
43 49 1
60 61 1
50 62 1
60 60 1
44 59 1
59 76 1
43 64 1
49 64 1
43 52 1
23 75 1
23 25 1
25 75 1
23 23 1
25 28 1
28 75 1
23 28 1
41 80 1
33 41 1
33 80 1
34 39 1
37 38 1
35 35 1
42 65 1
36 79 1
17 44 -1
9 44 -1
44 71 -1
7 44 -1
17 59 -1
17 76 -1
34 44 -1
39 44 -1
34 59 -1
34 76 -1
15 32 -1
38 49 -1
37 49 -1
38 64 -1
38 43 -1
34 43 -1
39 43 -1
34 64 -1
34 49 -1
34 52 -1
1 31 -1
34 46 -1
39 46 -1
17 37 -1
9 37 -1
37 71 -1
7 37 -1
17 38 -1
42 45 -1
45 65 -1
2 55 -1
5 44 -1
12 44 -1
5 59 -1
5 76 -1
26 42 -1
26 65 -1
19 45 -1
33 49 -1
49 80 -1
41 49 -1
33 64 -1
33 43 -1
