5 82 1
14 72 1
8 15 1
3 66 1
3 17 1
17 66 1
7 73 1
4 22 1
6 12 1
11 11 1
4 6 1
6 22 1
4 12 1
5 20 1
20 82 1
47 58 1
44 59 1
47 59 1
58 59 1
44 47 1
60 62 1
43 49 1
51 62 1
51 60 1
53 54 1
45 60 1
45 51 1
45 62 1
25 30 1
23 29 1
23 24 1
24 29 1
30 81 1
25 81 1
42 78 1
40 63 1
42 77 1
77 78 1
40 65 1
63 65 1
38 78 1
38 42 1
38 77 1
16 29 -1
16 24 -1
16 23 -1
54 73 -1
53 73 -1
7 54 -1
9 40 -1
9 65 -1
9 63 -1
22 81 -1
4 81 -1
6 81 -1
22 25 -1
22 30 -1
38 61 -1
42 61 -1
61 77 -1
61 78 -1
7 36 -1
36 73 -1
43 66 -1
49 66 -1
17 43 -1
3 43 -1
8 81 -1
15 81 -1
8 25 -1
8 30 -1
6 58 -1
4 58 -1
12 58 -1
22 58 -1
6 59 -1
6 47 -1
31 52 -1
3 46 -1
17 46 -1
46 66 -1
7 57 -1
57 73 -1
11 67 -1
