6 69 1
72 73 1
1 5 1
8 21 1
21 69 1
8 69 1
6 21 1
2 15 1
0 6 1
0 69 1
0 21 1
66 73 1
66 72 1
5 73 1
1 73 1
5 72 1
5 66 1
47 62 1
53 74 1
46 53 1
46 74 1
57 74 1
53 57 1
46 57 1
45 51 1
55 70 1
44 62 1
44 47 1
62 76 1
44 76 1
47 76 1
23 29 1
30 68 1
24 29 1
23 24 1
25 75 1
37 41 1
32 80 1
36 79 1
41 80 1
37 80 1
32 41 1
63 79 1
36 63 1
63 67 -1
36 67 -1
67 79 -1
42 71 -1
18 49 -1
6 57 -1
0 57 -1
57 69 -1
21 57 -1
6 74 -1
6 53 -1
6 46 -1
65 73 -1
65 72 -1
1 65 -1
65 66 -1
5 65 -1
15 44 -1
2 44 -1
15 76 -1
15 62 -1
15 47 -1
28 39 -1
43 73 -1
43 72 -1
1 43 -1
43 66 -1
5 43 -1
25 49 -1
49 75 -1
29 53 -1
24 53 -1
23 53 -1
29 57 -1
29 74 -1
29 46 -1
16 45 -1
16 51 -1
45 78 -1
51 78 -1
28 52 -1
