0 71 1
7 15 1
1 1 1
5 7 1
5 15 1
73 82 1
7 19 1
5 19 1
15 19 1
51 74 1
51 58 1
58 74 1
62 70 1
49 56 1
43 61 1
55 74 1
55 58 1
51 55 1
29 75 1
23 25 1
28 68 1
37 78 1
31 36 1
37 77 1
77 78 1
63 78 1
37 63 1
63 77 1
11 27 1
27 27 1
11 11 1
18 25 1
25 25 1
18 18 1
18 23 1
40 66 1
66 66 1
40 40 1
28 63 1
63 68 1
63 63 1
28 37 1
28 77 1
28 78 1
28 28 1
46 77 1
77 77 1
37 46 1
46 46 1
46 78 1
28 46 1
46 63 1
62 71 1
70 71 1
71 71 1
0 62 1
62 62 1
16 52 -1
78 82 -1
63 82 -1
37 82 -1
77 82 -1
73 78 -1
19 26 -1
15 26 -1
5 26 -1
7 26 -1
31 53 -1
36 53 -1
30 53 -1
81 82 -1
73 81 -1
3 30 -1
2 52 -1
31 50 -1
36 50 -1
0 60 -1
60 71 -1
20 31 -1
20 36 -1
27 32 -1
0 29 -1
29 71 -1
0 75 -1
22 45 -1
16 20 -1
64 76 -1
