5 8 1
5 73 1
8 73 1
3 17 1
15 21 1
0 8 1
0 73 1
0 5 1
1 9 1
2 2 1
21 82 1
15 82 1
14 16 1
6 10 1
52 56 1
47 64 1
50 50 1
61 70 1
46 76 1
59 61 1
59 70 1
47 58 1
58 64 1
51 61 1
51 59 1
51 70 1
23 26 1
28 29 1
25 26 1
23 25 1
27 27 1
41 80 1
33 36 1
33 80 1
36 80 1
33 41 1
37 39 1
31 36 1
31 80 1
31 33 1
35 70 -1
35 51 -1
35 59 -1
35 61 -1
47 69 -1
64 69 -1
58 69 -1
10 54 -1
6 54 -1
1 24 -1
9 24 -1
27 79 -1
3 27 -1
17 27 -1
17 48 -1
3 48 -1
40 76 -1
40 46 -1
27 39 -1
27 37 -1
72 75 -1
19 80 -1
19 41 -1
19 31 -1
19 36 -1
19 33 -1
8 55 -1
0 55 -1
55 73 -1
5 55 -1
25 56 -1
26 56 -1
23 56 -1
25 52 -1
11 77 -1
4 36 -1
4 80 -1
4 33 -1
4 31 -1
65 81 -1
42 61 -1
42 51 -1
42 59 -1
42 70 -1
