0 8 1
2 11 1
11 71 1
2 71 1
4 82 1
6 7 1
12 15 1
2 13 1
11 13 1
13 71 1
2 10 1
10 11 1
10 13 1
10 71 1
52 70 1
43 44 1
54 70 1
52 54 1
43 62 1
44 62 1
50 59 1
51 62 1
43 51 1
44 51 1
46 51 1
43 46 1
44 46 1
46 62 1
28 29 1
25 30 1
25 27 1
27 30 1
24 30 1
24 25 1
24 27 1
31 79 1
37 63 1
32 36 1
34 38 1
33 41 1
39 78 1
31 40 1
40 79 1
58 69 -1
30 58 -1
24 58 -1
25 58 -1
27 58 -1
17 78 -1
17 39 -1
7 51 -1
6 51 -1
7 43 -1
7 44 -1
7 46 -1
7 62 -1
26 61 -1
46 73 -1
43 73 -1
51 73 -1
44 73 -1
62 73 -1
73 76 -1
48 72 -1
10 50 -1
2 50 -1
11 50 -1
13 50 -1
50 71 -1
10 59 -1
45 63 -1
37 45 -1
12 65 -1
15 65 -1
4 47 -1
47 82 -1
15 56 -1
12 56 -1
52 68 -1
54 68 -1
68 70 -1
6 68 -1
7 68 -1
9 81 -1
