21 71 1
2 66 1
15 69 1
8 16 1
0 8 1
0 16 1
21 73 1
71 73 1
14 72 1
0 82 1
8 82 1
16 82 1
12 72 1
12 14 1
14 73 1
72 73 1
12 73 1
14 21 1
14 71 1
15 18 1
18 69 1
43 56 1
47 60 1
54 60 1
47 54 1
56 57 1
43 57 1
58 76 1
56 62 1
57 62 1
43 62 1
53 61 1
50 62 1
50 56 1
50 57 1
43 50 1
46 53 1
46 61 1
58 59 1
59 76 1
23 30 1
25 81 1
25 27 1
27 81 1
68 75 1
27 28 1
25 28 1
28 81 1
31 78 1
34 42 1
32 32 1
33 42 1
33 34 1
36 38 1
32 36 1
32 38 1
39 77 1
33 40 1
40 42 1
34 40 1
39 65 1
65 77 1
6 70 -1
23 41 -1
30 41 -1
9 35 -1
19 40 -1
19 33 -1
19 42 -1
19 34 -1
34 49 -1
40 49 -1
33 49 -1
42 49 -1
65 70 -1
70 77 -1
39 70 -1
23 58 -1
30 58 -1
23 59 -1
23 76 -1
35 62 -1
35 56 -1
35 57 -1
35 50 -1
35 43 -1
5 39 -1
5 65 -1
5 77 -1
62 73 -1
56 73 -1
57 73 -1
50 73 -1
43 73 -1
62 72 -1
12 62 -1
21 62 -1
14 62 -1
62 71 -1
34 62 -1
40 62 -1
33 62 -1
42 62 -1
34 56 -1
34 57 -1
34 50 -1
34 43 -1
67 72 -1
67 73 -1
12 67 -1
14 67 -1
79 82 -1
0 79 -1
8 79 -1
16 79 -1
8 81 -1
16 81 -1
0 81 -1
81 82 -1
8 25 -1
8 27 -1
8 28 -1
22 53 -1
22 61 -1
22 46 -1
