5 5 1
17 18 1
9 11 1
4 17 1
4 18 1
12 16 1
4 9 1
9 17 1
9 18 1
4 11 1
8 17 1
8 9 1
8 18 1
4 8 1
52 60 1
47 64 1
44 56 1
45 58 1
55 58 1
45 55 1
56 61 1
44 61 1
51 74 1
61 62 1
56 62 1
44 62 1
27 81 1
23 75 1
25 29 1
28 75 1
23 28 1
65 80 1
38 80 1
38 65 1
32 33 1
35 63 1
32 32 1
32 41 1
33 41 1
1 31 -1
37 43 -1
14 32 -1
14 33 -1
14 41 -1
61 66 -1
56 66 -1
44 66 -1
62 66 -1
14 28 -1
14 75 -1
14 23 -1
10 57 -1
42 49 -1
17 39 -1
8 39 -1
9 39 -1
18 39 -1
4 39 -1
63 76 -1
35 76 -1
15 32 -1
15 33 -1
15 41 -1
19 63 -1
19 35 -1
34 48 -1
14 27 -1
14 81 -1
34 49 -1
2 55 -1
2 58 -1
2 45 -1
6 58 -1
6 45 -1
6 55 -1
6 44 -1
6 56 -1
6 61 -1
6 62 -1
4 37 -1
8 37 -1
17 37 -1
18 37 -1
11 37 -1
9 37 -1
