6 11 1
8 66 1
19 19 1
21 73 1
2 22 1
0 72 1
1 20 1
1 18 1
18 20 1
3 18 1
1 3 1
3 20 1
72 73 1
0 73 1
21 72 1
45 46 1
55 56 1
57 57 1
43 61 1
57 76 1
46 67 1
45 67 1
70 70 1
49 58 1
44 51 1
44 74 1
51 74 1
30 81 1
26 30 1
26 81 1
26 29 1
29 81 1
29 30 1
41 41 1
35 38 1
78 78 1
34 40 1
31 33 1
65 77 1
38 77 1
35 77 1
38 65 1
34 48 -1
40 48 -1
14 27 -1
16 50 -1
31 52 -1
33 52 -1
30 53 -1
53 81 -1
26 53 -1
29 53 -1
28 31 -1
28 33 -1
22 68 -1
2 68 -1
14 50 -1
42 45 -1
42 67 -1
42 46 -1
1 29 -1
18 29 -1
3 29 -1
20 29 -1
1 81 -1
1 26 -1
1 30 -1
0 54 -1
54 72 -1
54 73 -1
40 43 -1
34 43 -1
40 61 -1
13 40 -1
13 34 -1
27 31 -1
27 33 -1
34 51 -1
40 51 -1
34 74 -1
34 44 -1
32 52 -1
63 75 -1
