11 16 1
6 71 1
7 10 1
4 7 1
4 10 1
6 72 1
71 72 1
14 66 1
15 16 1
11 15 1
4 66 1
10 66 1
7 66 1
4 14 1
45 48 1
58 61 1
58 62 1
61 62 1
59 74 1
51 55 1
52 52 1
43 48 1
43 45 1
45 50 1
48 50 1
43 50 1
29 29 1
27 68 1
23 23 1
29 75 1
27 75 1
68 75 1
27 29 1
35 37 1
32 39 1
31 79 1
34 79 1
31 34 1
33 34 1
31 33 1
33 79 1
3 44 -1
8 37 -1
8 35 -1
35 52 -1
37 52 -1
40 75 -1
27 40 -1
40 68 -1
29 40 -1
65 74 -1
59 65 -1
51 69 -1
55 69 -1
26 50 -1
26 48 -1
26 43 -1
26 45 -1
30 37 -1
30 35 -1
7 32 -1
10 32 -1
4 32 -1
32 66 -1
7 39 -1
39 57 -1
32 57 -1
43 71 -1
48 71 -1
50 71 -1
45 71 -1
43 72 -1
6 43 -1
11 75 -1
16 75 -1
15 75 -1
11 27 -1
11 68 -1
11 29 -1
10 48 -1
48 66 -1
4 48 -1
7 48 -1
10 50 -1
10 43 -1
10 45 -1
