6 22 1
8 66 1
7 82 1
2 14 1
5 8 1
5 66 1
2 9 1
9 14 1
20 66 1
8 20 1
5 20 1
48 76 1
46 58 1
53 55 1
49 50 1
51 57 1
43 50 1
43 49 1
43 58 1
49 58 1
50 58 1
43 46 1
25 75 1
28 30 1
24 68 1
38 38 1
33 79 1
37 80 1
31 39 1
33 36 1
36 79 1
10 35 1
35 35 1
10 10 1
16 58 1
58 58 1
16 43 1
16 46 1
16 16 1
16 49 1
16 50 1
17 63 1
63 63 1
17 17 1
52 77 1
77 77 1
52 52 1
24 44 -1
44 68 -1
7 26 -1
26 82 -1
1 25 -1
1 75 -1
3 28 -1
3 30 -1
23 63 -1
18 77 -1
22 53 -1
6 53 -1
22 55 -1
12 27 -1
25 46 -1
46 75 -1
25 58 -1
25 43 -1
0 55 -1
0 53 -1
59 75 -1
25 59 -1
27 74 -1
55 69 -1
53 69 -1
18 62 -1
42 67 -1
31 50 -1
39 50 -1
31 49 -1
31 58 -1
31 43 -1
46 59 -1
16 59 -1
58 59 -1
43 59 -1
5 73 -1
8 73 -1
66 73 -1
20 73 -1
15 82 -1
7 15 -1
3 71 -1
