7.019999999999999574e-01 7.139999999999999680e-01
7.109999999999999654e-01 7.049999999999999600e-01
7.149999999999999689e-01 7.049999999999999600e-01
7.099999999999999645e-01 7.049999999999999600e-01
7.209999999999999742e-01 7.069999999999999618e-01
7.169999999999999707e-01 7.069999999999999618e-01
7.099999999999999645e-01 7.179999999999999716e-01
7.159999999999999698e-01 7.069999999999999618e-01
7.099999999999999645e-01 7.139999999999999680e-01
6.939999999999999503e-01 7.069999999999999618e-01
