7.109999999999999654e-01 7.049999999999999600e-01
7.179999999999999716e-01 7.139999999999999680e-01
6.979999999999999538e-01 7.179999999999999716e-01
7.259999999999999787e-01 7.229999999999999760e-01
6.909999999999999476e-01 7.059999999999999609e-01
7.159999999999999698e-01 7.149999999999999689e-01
7.159999999999999698e-01 7.089999999999999636e-01
7.049999999999999600e-01 7.139999999999999680e-01
7.289999999999999813e-01 7.049999999999999600e-01
7.259999999999999787e-01 7.069999999999999618e-01
